400 400 -7.071067811865475 7.0710678118654755 5 2 -1 10 187
57.15728752538104 742.842712474619
800.0 400.0 0 0 24.0 1 0
799.4518139018296 420.9343824971775 0 0 24.0 1 1
797.8087581473094 441.8113853070614 0 0 24.0 1 2
795.0753362380551 462.57378601609236 0 0 24.0 1 3
791.2590402935223 483.16467632710373 0 0 24.0 1 4
786.3703305156273 503.5276180410083 0 0 24.0 1 5
780.4226065180615 523.6067977499789 0 0 24.0 1 6
773.4321705988807 543.3471798181201 0 0 24.0 1 7
765.4181830570403 562.6946572303201 0 0 24.0 1 8
756.4026096753471 581.5961998958187 0 0 24.0 1 9
746.4101615137755 600.0 0 0 24.0 1 10
735.4682271781696 617.8556140060108 0 0 24.0 1 11
723.606797749979 635.1141009169893 0 0 24.0 1 12
710.8583845827884 651.728156419935 0 0 24.0 1 13
697.2579301909577 667.6522425435433 0 0 24.0 1 14
682.842712474619 682.842712474619 0 0 24.0 1 15
667.6522425435433 697.2579301909577 0 0 24.0 1 16
651.728156419935 710.8583845827884 0 0 24.0 1 17
635.1141009169893 723.606797749979 0 0 24.0 1 18
617.8556140060108 735.4682271781696 0 0 24.0 1 19
600.0 746.4101615137754 0 0 24.0 1 20
581.5961998958187 756.4026096753471 0 0 24.0 1 21
562.6946572303201 765.4181830570403 0 0 24.0 1 22
543.3471798181201 773.4321705988807 0 0 24.0 1 23
523.606797749979 780.4226065180615 0 0 24.0 1 24
503.5276180410083 786.3703305156273 0 0 24.0 1 25
483.1646763271038 791.2590402935223 0 0 24.0 1 26
462.57378601609236 795.0753362380551 0 0 24.0 1 27
441.8113853070614 797.8087581473094 0 0 24.0 1 28
420.9343824971776 799.4518139018296 0 0 24.0 1 29
400.0 800.0 0 0 24.0 1 30
379.0656175028225 799.4518139018296 0 0 24.0 1 31
358.1886146929386 797.8087581473094 0 0 24.0 1 32
337.4262139839077 795.0753362380551 0 0 24.0 1 33
316.83532367289627 791.2590402935223 0 0 24.0 1 34
296.47238195899166 786.3703305156273 0 0 24.0 1 35
276.3932022500211 780.4226065180615 0 0 24.0 1 36
256.65282018187986 773.4321705988807 0 0 24.0 1 37
237.3053427696799 765.4181830570403 0 0 24.0 1 38
218.4038001041813 756.4026096753471 0 0 24.0 1 39
43.597390324652906 581.5961998958187 0 0 24.0 1 40
34.58181694295968 562.6946572303202 0 0 24.0 1 41
26.567829401119297 543.3471798181201 0 0 24.0 1 42
19.5773934819386 523.606797749979 0 0 24.0 1 43
13.629669484372698 503.5276180410084 0 0 24.0 1 44
8.740959706477724 483.16467632710373 0 0 24.0 1 45
4.924663761944942 462.5737860160924 0 0 24.0 1 46
2.1912418526906663 441.81138530706147 0 0 24.0 1 47
0.5481860981704472 420.9343824971775 0 0 24.0 1 48
0.0 400.00000000000006 0 0 24.0 1 49
0.5481860981704472 379.0656175028226 0 0 24.0 1 50
2.1912418526906663 358.1886146929386 0 0 24.0 1 51
4.924663761944885 337.4262139839077 0 0 24.0 1 52
8.740959706477781 316.8353236728962 0 0 24.0 1 53
13.629669484372698 296.47238195899166 0 0 24.0 1 54
19.577393481938543 276.3932022500211 0 0 24.0 1 55
26.567829401119297 256.65282018187986 0 0 24.0 1 56
34.58181694295968 237.30534276967992 0 0 24.0 1 57
43.59739032465285 218.40380010418136 0 0 24.0 1 58
53.58983848622455 199.99999999999994 0 0 24.0 1 59
64.53177282183037 182.14438599398918 0 0 24.0 1 60
76.39320225002103 164.8858990830108 0 0 24.0 1 61
89.14161541721171 148.27184358006497 0 0 24.0 1 62
102.74206980904228 132.3477574564567 0 0 24.0 1 63
117.15728752538092 117.15728752538104 0 0 24.0 1 64
132.34775745645675 102.74206980904228 0 0 24.0 1 65
148.27184358006485 89.14161541721177 0 0 24.0 1 66
164.8858990830107 76.39320225002109 0 0 24.0 1 67
182.1443859939892 64.53177282183032 0 0 24.0 1 68
199.99999999999983 53.58983848622461 0 0 24.0 1 69
218.40380010418124 43.597390324652906 0 0 24.0 1 70
237.30534276967995 34.58181694295962 0 0 24.0 1 71
256.65282018187975 26.567829401119354 0 0 24.0 1 72
276.393202250021 19.5773934819386 0 0 24.0 1 73
296.4723819589917 13.629669484372698 0 0 24.0 1 74
316.8353236728961 8.740959706477781 0 0 24.0 1 75
337.4262139839076 4.924663761944942 0 0 24.0 1 76
358.18861469293864 2.1912418526906663 0 0 24.0 1 77
379.0656175028223 0.5481860981704472 0 0 24.0 1 78
399.99999999999994 0.0 0 0 24.0 1 79
420.9343824971776 0.5481860981704472 0 0 24.0 1 80
441.8113853070612 2.1912418526906663 0 0 24.0 1 81
462.5737860160923 4.924663761944885 0 0 24.0 1 82
483.1646763271038 8.740959706477781 0 0 24.0 1 83
503.5276180410081 13.629669484372641 0 0 24.0 1 84
523.6067977499789 19.577393481938543 0 0 24.0 1 85
543.3471798181201 26.567829401119297 0 0 24.0 1 86
562.6946572303199 34.58181694295956 0 0 24.0 1 87
581.5961998958187 43.59739032465279 0 0 24.0 1 88
600.0 53.58983848622455 0 0 24.0 1 89
617.8556140060107 64.53177282183032 0 0 24.0 1 90
635.1141009169892 76.39320225002098 0 0 24.0 1 91
651.728156419935 89.14161541721171 0 0 24.0 1 92
667.6522425435431 102.74206980904216 0 0 24.0 1 93
682.842712474619 117.15728752538092 0 0 24.0 1 94
697.2579301909577 132.34775745645675 0 0 24.0 1 95
710.8583845827882 148.27184358006485 0 0 24.0 1 96
723.6067977499789 164.88589908301066 0 0 24.0 1 97
735.4682271781696 182.1443859939892 0 0 24.0 1 98
746.4101615137754 199.99999999999983 0 0 24.0 1 99
756.4026096753471 218.40380010418122 0 0 24.0 1 100
765.4181830570403 237.30534276967995 0 0 24.0 1 101
773.4321705988806 256.6528201818797 0 0 24.0 1 102
780.4226065180615 276.3932022500209 0 0 24.0 1 103
786.3703305156273 296.4723819589917 0 0 24.0 1 104
791.2590402935223 316.83532367289604 0 0 24.0 1 105
795.0753362380551 337.4262139839076 0 0 24.0 1 106
797.8087581473094 358.18861469293864 0 0 24.0 1 107
799.4518139018296 379.06561750282225 0 0 24.0 1 108
800.0 399.9999999999999 0 0 24.0 1 109
227.67680452057502 415.28778269599223 0 0 12.0 1 110
736.1859050504203 510.88298898131217 0 0 13.0 1 111
530.8450892344794 440.6024952831858 0 0 12.0 1 112
70.00000014993253 399.9900523633914 0 0 12.0 1 113
264.55444893274114 74.0191682075669 0 0 12.0 1 114
674.4114313251882 245.32819792198217 0 0 13.0 1 115
264.0123537940794 359.11772903356075 0 0 13.0 1 116
705.7727377623526 227.65142054163726 0 0 12.0 1 117
675.308322010294 419.52761715817525 0 0 12.0 1 118
224.03264873221528 497.14160430937955 0 0 10.0 1 119
111.49551149777415 278.6156512804512 0 0 11.0 1 120
586.7452909167804 343.8644825408452 0 0 10.0 1 121
457.5307641028291 246.42197038070637 0 0 12.0 1 122
59.084620520454735 372.78412165081505 0 0 13.0 1 123
244.22754309769067 426.4375049998706 0 0 10.0 1 124
664.5553994011007 482.09409630249974 0 0 12.0 1 125
607.2842988736805 254.94063477166773 0 0 13.0 1 126
688.8572514571113 540.0088864345519 0 0 12.0 1 127
590.7196825995491 327.5983241276332 0 0 10.0 1 128
411.57558710126176 246.43566239760904 0 0 13.0 1 129
540.1012454837919 301.95592310654223 0 0 12.0 1 130
436.24909072358224 167.81256833817747 0 0 12.0 1 131
541.7514515914324 528.0137725860845 0 0 11.0 1 132
594.8093185728964 391.37855017043086 0 0 10.0 1 133
356.4384730224246 193.54566275473414 0 0 10.0 1 134
305.90454061287426 587.7392993561172 0 0 12.0 1 135
529.3258270638671 445.20874311730813 0 0 11.0 1 136
136.69851633959462 464.13523760172154 0 0 10.0 1 137
228.84770572966343 470.22743172009154 0 0 11.0 1 138
162.99471311464026 448.9131269536955 0 0 10.0 1 139
230.30442403078206 206.99116212858183 0 0 12.0 1 140
175.59228145196263 323.77549045048016 0 0 12.0 1 141
271.24450852968096 333.3139938500093 0 0 10.0 1 142
381.18635768454465 623.2085277556082 0 0 12.0 1 143
247.27925529016238 513.0326242076711 0 0 10.0 1 144
431.4420548646406 522.0139220986233 0 0 10.0 1 145
251.7236396274021 242.93275021617183 0 0 13.0 1 146
610.4658999328233 643.696747958332 0 0 11.0 1 147
551.2527663016353 715.6304812373211 0 0 10.0 1 148
207.80334832867658 132.97669186692337 0 0 13.0 1 149
368.43436455005764 272.8598778565895 0 0 10.0 1 150
317.67460183346867 263.97232334292374 0 0 13.0 1 151
721.6057392855141 277.91089950934224 0 0 11.0 1 152
592.5290377382352 635.2627671935983 0 0 12.0 1 153
78.9136637392694 226.42418179175695 0 0 10.0 1 154
310.3834088318395 675.8058494437687 -15 18 10.0 1 155
555.4317244257752 167.10307206399247 -7 21 10.0 1 156
257.9383602954004 521.6038261093809 0 7 10.0 1 157
553.3971163142451 413.61340172307985 -10 10 11.0 1 158
253.08004084184208 289.2275954898279 -6 -9 10.0 1 159
504.18681060085515 121.87393416505972 19 -13 12.0 1 160
275.1050825594841 451.24704476871545 14 -11 10.0 1 161
463.0138282251751 572.8735302248674 22 -7 13.0 1 162
640.1891959543311 357.0447890610244 14 13 13.0 1 163
146.84866488836462 239.0204934434309 6 -2 10.0 1 164
521.1885605344763 292.4949638594472 12 -15 12.0 1 165
666.4032918334194 183.94841796386234 7 7 13.0 1 166
264.19153258668894 407.2152739967112 6 -3 12.0 1 167
516.0961595287183 588.0496789220401 -15 -1 13.0 1 168
167.953435392976 565.4671926820488 12 10 11.0 1 169
365.8583567080608 33.58718882478195 -13 13 13.0 1 170
161.063894839234 361.6133141492604 16 -14 11.0 1 171
207.95893667069726 579.6920421035687 -5 -1 12.0 1 172
661.9461351990442 573.1479779098909 1 15 12.0 1 173
122.17393061659601 409.83235327721695 18 7 13.0 1 174
527.4888318957275 532.6747818609963 1 18 10.0 1 175
312.3723472623145 278.2568503952538 17 -3 11.0 1 176
450.1703210524128 545.598553857852 -13 18 11.0 1 177
218.8325673086571 201.1549313359073 2 12 12.0 1 178
382.9291783540304 216.79359441239097 3 -1 11.0 1 179
610.3525911024439 320.1452104348896 9 14 11.0 1 180
528.8574429659279 459.663719229383 -15 15 11.0 1 181
250.7234324294819 530.0788467598193 0 4 13.0 1 182
589.248639189003 667.8972798762811 4 17 13.0 1 183
463.500166668846 162.3369426414177 9 3 11.0 1 184
261.51302626938354 442.96926933211176 -3 -14 11.0 1 185
274.53938748383234 650.3190658081562 3 -4 13.0 1 186
571.8704813104155 349.9846258223923 20 11 12.0 1 187
199.29583853321304 501.69975206417126 -10 7 10.0 1 188
664.1985805865734 558.3133286114594 9 -4 10.0 1 189
308.9537173825246 92.18256316196317 8 -5 13.0 1 190
576.0268256767033 530.2902783870827 22 10 12.0 1 191
637.8017558290471 507.5700930771292 9 -8 13.0 1 192
369.0084927987653 610.7333065307803 -14 -13 13.0 1 193
514.6115073354053 185.7263376280082 -9 -15 10.0 1 194
490.77430757011734 206.2062305305825 2 -5 10.0 1 195
682.1251863585519 608.8214050861462 -17 -6 12.0 1 196
452.8017084437951 279.02074729352785 -14 13 10.0 1 197
473.83119291377926 213.0509295210904 12 -6 13.0 1 198
361.1375188430513 723.6753119382537 20 19 12.0 1 199
449.25910654653035 623.6393087590766 -7 -4 10.0 1 200
69.09549082332563 260.7764179223066 3 3 13.0 1 201
367.72272271071466 214.7915299701696 8 21 10.0 1 202
453.74823618516024 575.9747911122051 -14 -15 12.0 1 203
505.9749674726134 263.2582497216796 18 4 10.0 1 204
109.78896602366501 580.9462786530481 -10 -5 13.0 1 205
606.9919462007629 398.1740186144256 15 1 10.0 1 206
431.9105719327869 112.76714080919913 -3 8 10.0 1 207
641.8463824128481 313.0556079219687 -7 -16 11.0 1 208
546.1715027171088 459.9824290390299 6 14 11.0 1 209
469.8044672804233 289.14723121321543 2 15 11.0 1 210
429.8661968868067 692.4790766593715 -12 -6 10.0 1 211
252.78786684452382 457.3810757289749 -4 -12 10.0 1 212
426.9940037303272 227.09446578374917 -1 -16 11.0 1 213
643.6865423048749 175.99582794176706 -4 9 12.0 1 214
254.82156404936416 677.2944675519639 12 17 10.0 1 215
514.8941718051572 698.6625675996358 -1 19 12.0 1 216
174.74925695672013 572.9685022148551 21 20 10.0 1 217
245.70273117981776 429.0060827178097 -14 7 12.0 1 218
524.8554292094276 547.1737809425633 -17 -3 13.0 1 219
