400 400 -7.071067811865475 -7.071067811865477 5 2 -1 10 187
57.15728752538104 57.15728752538092
800.0 400.0 0 0 24.0 1 0
799.4518139018296 420.9343824971775 0 0 24.0 1 1
797.8087581473094 441.8113853070614 0 0 24.0 1 2
795.0753362380551 462.57378601609236 0 0 24.0 1 3
791.2590402935223 483.16467632710373 0 0 24.0 1 4
786.3703305156273 503.5276180410083 0 0 24.0 1 5
780.4226065180615 523.6067977499789 0 0 24.0 1 6
773.4321705988807 543.3471798181201 0 0 24.0 1 7
765.4181830570403 562.6946572303201 0 0 24.0 1 8
756.4026096753471 581.5961998958187 0 0 24.0 1 9
746.4101615137755 600.0 0 0 24.0 1 10
735.4682271781696 617.8556140060108 0 0 24.0 1 11
723.606797749979 635.1141009169893 0 0 24.0 1 12
710.8583845827884 651.728156419935 0 0 24.0 1 13
697.2579301909577 667.6522425435433 0 0 24.0 1 14
682.842712474619 682.842712474619 0 0 24.0 1 15
667.6522425435433 697.2579301909577 0 0 24.0 1 16
651.728156419935 710.8583845827884 0 0 24.0 1 17
635.1141009169893 723.606797749979 0 0 24.0 1 18
617.8556140060108 735.4682271781696 0 0 24.0 1 19
600.0 746.4101615137754 0 0 24.0 1 20
581.5961998958187 756.4026096753471 0 0 24.0 1 21
562.6946572303201 765.4181830570403 0 0 24.0 1 22
543.3471798181201 773.4321705988807 0 0 24.0 1 23
523.606797749979 780.4226065180615 0 0 24.0 1 24
503.5276180410083 786.3703305156273 0 0 24.0 1 25
483.1646763271038 791.2590402935223 0 0 24.0 1 26
462.57378601609236 795.0753362380551 0 0 24.0 1 27
441.8113853070614 797.8087581473094 0 0 24.0 1 28
420.9343824971776 799.4518139018296 0 0 24.0 1 29
400.0 800.0 0 0 24.0 1 30
379.0656175028225 799.4518139018296 0 0 24.0 1 31
358.1886146929386 797.8087581473094 0 0 24.0 1 32
337.4262139839077 795.0753362380551 0 0 24.0 1 33
316.83532367289627 791.2590402935223 0 0 24.0 1 34
296.47238195899166 786.3703305156273 0 0 24.0 1 35
276.3932022500211 780.4226065180615 0 0 24.0 1 36
256.65282018187986 773.4321705988807 0 0 24.0 1 37
237.3053427696799 765.4181830570403 0 0 24.0 1 38
218.4038001041813 756.4026096753471 0 0 24.0 1 39
200.00000000000009 746.4101615137755 0 0 24.0 1 40
182.14438599398918 735.4682271781696 0 0 24.0 1 41
164.8858990830108 723.606797749979 0 0 24.0 1 42
148.27184358006508 710.8583845827884 0 0 24.0 1 43
132.3477574564567 697.2579301909577 0 0 24.0 1 44
117.15728752538104 682.842712474619 0 0 24.0 1 45
102.74206980904233 667.6522425435434 0 0 24.0 1 46
89.14161541721165 651.728156419935 0 0 24.0 1 47
76.39320225002109 635.1141009169893 0 0 24.0 1 48
64.53177282183043 617.8556140060109 0 0 24.0 1 49
53.589838486224494 600.0 0 0 24.0 1 50
43.597390324652906 581.5961998958187 0 0 24.0 1 51
34.58181694295968 562.6946572303202 0 0 24.0 1 52
26.567829401119297 543.3471798181201 0 0 24.0 1 53
19.5773934819386 523.606797749979 0 0 24.0 1 54
13.629669484372698 503.5276180410084 0 0 24.0 1 55
8.740959706477724 483.16467632710373 0 0 24.0 1 56
4.924663761944942 462.5737860160924 0 0 24.0 1 57
2.1912418526906663 441.81138530706147 0 0 24.0 1 58
0.5481860981704472 420.9343824971775 0 0 24.0 1 59
0.0 400.00000000000006 0 0 24.0 1 60
0.5481860981704472 379.0656175028226 0 0 24.0 1 61
2.1912418526906663 358.1886146929386 0 0 24.0 1 62
4.924663761944885 337.4262139839077 0 0 24.0 1 63
8.740959706477781 316.8353236728962 0 0 24.0 1 64
13.629669484372698 296.47238195899166 0 0 24.0 1 65
19.577393481938543 276.3932022500211 0 0 24.0 1 66
26.567829401119297 256.65282018187986 0 0 24.0 1 67
34.58181694295968 237.30534276967992 0 0 24.0 1 68
43.59739032465285 218.40380010418136 0 0 24.0 1 69
218.40380010418124 43.597390324652906 0 0 24.0 1 70
237.30534276967995 34.58181694295962 0 0 24.0 1 71
256.65282018187975 26.567829401119354 0 0 24.0 1 72
276.393202250021 19.5773934819386 0 0 24.0 1 73
296.4723819589917 13.629669484372698 0 0 24.0 1 74
316.8353236728961 8.740959706477781 0 0 24.0 1 75
337.4262139839076 4.924663761944942 0 0 24.0 1 76
358.18861469293864 2.1912418526906663 0 0 24.0 1 77
379.0656175028223 0.5481860981704472 0 0 24.0 1 78
399.99999999999994 0.0 0 0 24.0 1 79
420.9343824971776 0.5481860981704472 0 0 24.0 1 80
441.8113853070612 2.1912418526906663 0 0 24.0 1 81
462.5737860160923 4.924663761944885 0 0 24.0 1 82
483.1646763271038 8.740959706477781 0 0 24.0 1 83
503.5276180410081 13.629669484372641 0 0 24.0 1 84
523.6067977499789 19.577393481938543 0 0 24.0 1 85
543.3471798181201 26.567829401119297 0 0 24.0 1 86
562.6946572303199 34.58181694295956 0 0 24.0 1 87
581.5961998958187 43.59739032465279 0 0 24.0 1 88
600.0 53.58983848622455 0 0 24.0 1 89
617.8556140060107 64.53177282183032 0 0 24.0 1 90
635.1141009169892 76.39320225002098 0 0 24.0 1 91
651.728156419935 89.14161541721171 0 0 24.0 1 92
667.6522425435431 102.74206980904216 0 0 24.0 1 93
682.842712474619 117.15728752538092 0 0 24.0 1 94
697.2579301909577 132.34775745645675 0 0 24.0 1 95
710.8583845827882 148.27184358006485 0 0 24.0 1 96
723.6067977499789 164.88589908301066 0 0 24.0 1 97
735.4682271781696 182.1443859939892 0 0 24.0 1 98
746.4101615137754 199.99999999999983 0 0 24.0 1 99
756.4026096753471 218.40380010418122 0 0 24.0 1 100
765.4181830570403 237.30534276967995 0 0 24.0 1 101
773.4321705988806 256.6528201818797 0 0 24.0 1 102
780.4226065180615 276.3932022500209 0 0 24.0 1 103
786.3703305156273 296.4723819589917 0 0 24.0 1 104
791.2590402935223 316.83532367289604 0 0 24.0 1 105
795.0753362380551 337.4262139839076 0 0 24.0 1 106
797.8087581473094 358.18861469293864 0 0 24.0 1 107
799.4518139018296 379.06561750282225 0 0 24.0 1 108
800.0 399.9999999999999 0 0 24.0 1 109
578.8885929311242 361.4270649402649 0 0 11.0 1 110
177.18623253213983 437.81567170867567 0 0 11.0 1 111
205.94149911002285 269.24336256872175 0 0 12.0 1 112
613.0004968234081 557.6571861761503 0 0 13.0 1 113
588.0751171339775 352.4211148192751 0 0 12.0 1 114
218.04469873855692 345.2983698336376 0 0 12.0 1 115
283.01402430282417 353.19955673094773 0 0 13.0 1 116
232.4095909434077 349.6169195836136 0 0 12.0 1 117
410.7069360325894 745.8342977797229 0 0 10.0 1 118
517.7665261002861 706.1291317896267 0 0 13.0 1 119
424.9330390390452 550.9547732411183 0 0 13.0 1 120
123.85096608272852 244.33783032940323 0 0 10.0 1 121
643.7452199963072 463.97083498713897 0 0 13.0 1 122
33.25643595057346 351.0187971939828 0 0 12.0 1 123
559.1475410227729 517.7966900485953 0 0 12.0 1 124
465.7012119519561 546.984185367148 0 0 11.0 1 125
565.3294352201942 260.9957631948881 0 0 13.0 1 126
656.4069547244289 436.55781132596235 0 0 13.0 1 127
752.076428883555 492.40231720364517 0 0 12.0 1 128
226.5309898783746 692.4183689979537 0 0 13.0 1 129
230.08106450497397 459.3932265518315 0 0 12.0 1 130
280.3892180422216 144.623296208427 0 0 13.0 1 131
302.4652501901606 519.1762248920985 0 0 11.0 1 132
202.50817721090684 135.61963020783594 0 0 10.0 1 133
421.6044804768377 556.5159621997896 0 0 10.0 1 134
131.69965358019266 450.43732854752903 0 0 11.0 1 135
230.22178286992244 155.09316671817376 0 0 12.0 1 136
654.0369263790571 431.6423772160289 0 0 13.0 1 137
230.42567104875963 412.0227684306285 0 0 11.0 1 138
270.7326250835026 226.95103068149263 0 0 11.0 1 139
332.87857281191583 522.8605470125976 0 0 11.0 1 140
172.679959886885 282.2647063834646 0 0 11.0 1 141
734.6943449541106 272.94215704751315 0 0 11.0 1 142
703.9642989750157 317.3519210832624 0 0 13.0 1 143
248.293448661675 149.33264616023058 0 0 13.0 1 144
505.72507891033854 331.4565270109349 0 0 12.0 1 145
377.0182999078055 539.1144904777084 0 0 11.0 1 146
138.17986460884987 167.72814052546136 0 0 10.0 1 147
275.61855147947676 474.5268761181926 0 0 10.0 1 148
576.4022034717595 96.54775893016057 0 0 13.0 1 149
76.42545202927664 305.82722311866326 0 0 13.0 1 150
334.36327184333953 654.6778748083325 0 0 12.0 1 151
76.23517752570194 336.1537806273054 0 0 11.0 1 152
353.05753891183844 596.4698586220961 0 0 10.0 1 153
554.5090019420244 319.9814501576072 0 0 10.0 1 154
625.7173192168718 432.1821659549012 0 0 13.0 1 155
355.14039796864773 724.9178605518457 0 0 11.0 1 156
504.3613006858776 243.62634838582352 0 0 13.0 1 157
420.28989865562363 705.3265792762636 0 0 10.0 1 158
618.6882276746993 117.8219372869342 0 0 13.0 1 159
299.29235269050844 512.5120872323816 0 0 11.0 1 160
96.25851007161248 518.3938651116824 0 0 12.0 1 161
228.0533506750003 643.3892967776225 0 0 13.0 1 162
200.71279700373324 133.21617230063447 0 0 12.0 1 163
234.1043845007899 380.82593527344176 0 0 10.0 1 164
735.6292453590104 272.5872468716682 0 0 11.0 1 165
690.7045052781144 481.822311205482 0 0 13.0 1 166
552.9760262230968 402.70839454112826 0 0 13.0 1 167
138.25654691156222 388.4084183417114 0 0 13.0 1 168
386.3741894239569 679.6682629226023 0 0 13.0 1 169
621.2749036066325 472.98230630690887 0 0 10.0 1 170
460.0815356427219 548.2909608668456 0 0 13.0 1 171
358.0487320638989 590.4339547416728 0 0 13.0 1 172
379.25245246399277 39.5966991393654 0 0 13.0 1 173
746.3347874370045 378.5240830006039 0 0 13.0 1 174
346.2822177070361 270.71581741943163 0 0 10.0 1 175
653.9217871996927 208.56404207852174 0 0 12.0 1 176
346.68309479221216 257.6577799138156 0 0 10.0 1 177
743.0805025107743 452.0073917530445 0 0 12.0 1 178
315.41061467281776 754.0347947447673 0 0 12.0 1 179
606.3837122286563 438.80416635774014 0 0 11.0 1 180
636.20189051599 331.26378744306425 0 0 13.0 1 181
473.6204386315817 79.34281387174013 0 0 12.0 1 182
633.9204794432192 652.2245216013988 0 0 12.0 1 183
268.617632206414 247.88269844310642 0 0 11.0 1 184
573.7546726045584 409.2365441634141 0 0 13.0 1 185
575.4649059981379 721.1978623264243 0 0 11.0 1 186
227.98029410754873 334.6913421920603 0 0 13.0 1 187
707.9510177139042 364.416707727212 0 0 12.0 1 188
253.2697624542015 512.6731440484091 0 0 10.0 1 189
661.9461351990442 573.1479779098909 0 0 11.0 1 190
240.32270902844223 362.59461605618145 0 0 10.0 1 191
594.2785795607142 479.72348163415364 0 0 12.0 1 192
581.1021144188915 666.2442941229102 0 0 11.0 1 193
361.4951490377471 720.6967047731778 0 0 12.0 1 194
177.74998963515554 156.06367041207957 0 0 13.0 1 195
312.4997541257633 615.9460742221264 0 0 13.0 1 196
568.4629080209558 605.8549212943985 0 0 12.0 1 197
334.1137025347591 655.6462317467672 0 0 12.0 1 198
572.0851234713939 142.1498297851345 0 0 11.0 1 199
546.7908217972997 301.09876322273124 0 0 11.0 1 200
384.54578586253336 260.8555884507275 0 0 13.0 1 201
625.3109975808399 314.4666476213706 0 0 10.0 1 202
192.98673472097911 359.17711427988314 0 0 11.0 1 203
458.5617642744833 560.6596395024583 0 0 13.0 1 204
282.1217286056496 336.27627495916556 0 0 13.0 1 205
437.5797657394816 221.9220361556049 0 0 13.0 1 206
116.99387530381142 479.64630176251353 0 0 12.0 1 207
511.0327881140839 491.6936200812954 0 0 12.0 1 208
700.9492864284017 223.27839125269418 0 0 11.0 1 209
133.06175879840015 433.24117001846525 0 0 10.0 1 210
243.05207805100207 285.96776860952315 0 0 10.0 1 211
429.46942182041334 533.7929489082685 0 0 12.0 1 212
534.8087770201682 317.59494167026793 0 0 12.0 1 213
637.0667537085787 457.75252623111874 0 0 10.0 1 214
99.70102679968312 432.0082285488494 0 0 11.0 1 215
293.46060434117834 216.71509289455105 0 0 10.0 1 216
336.8687291001152 145.71975571317898 0 0 13.0 1 217
153.79656286951558 200.31808408086724 0 0 10.0 1 218
651.5169061502165 384.4036568188824 0 0 13.0 1 219
318.84963283780644 610.9279922377331 0 0 13.0 1 220
232.92232739853887 199.48553339452295 0 0 10.0 1 221
430.11233350682977 604.7980648609099 0 0 11.0 1 222
271.3310851525605 227.75218331722647 0 0 11.0 1 223
435.2502391827276 745.204896601367 0 0 12.0 1 224
126.31633263368343 587.9394855184066 0 0 10.0 1 225
720.352590401033 555.2746528682256 0 0 10.0 1 226
255.6053012892052 69.13572120245618 0 0 11.0 1 227
87.10893801628362 274.8273858597571 0 0 13.0 1 228
272.0753283141056 666.9293509040475 0 0 12.0 1 229
588.8899851621624 534.7017947372569 0 0 12.0 1 230
545.4622225755014 531.3649184653015 0 0 10.0 1 231
591.6204920118469 133.79408901916224 0 0 11.0 1 232
293.1268863853552 496.50977974439286 0 0 11.0 1 233
462.82309193458303 222.80728254304884 0 0 10.0 1 234
301.01782674348567 516.6684592227796 0 0 13.0 1 235
515.8008690030001 152.7771071721917 0 0 13.0 1 236
457.5307641028291 246.42197038070637 0 0 10.0 1 237
216.68801316139835 231.4837827350604 0 0 10.0 1 238
278.79219188238284 173.3776991306396 0 0 13.0 1 239
238.66067949449052 540.5902687202087 0 0 13.0 1 240
325.6027314121667 229.52699208769212 0 0 12.0 1 241
304.59018164939124 520.8841038445661 0 0 11.0 1 242
341.3798710644771 144.64205419924238 0 0 11.0 1 243
608.591756195206 510.3878582426515 0 0 12.0 1 244
697.4079070796286 191.87134554195802 0 0 10.0 1 245
191.85324558053682 231.18374300843035 0 0 12.0 1 246
135.7269241489658 464.3718989950858 0 0 10.0 1 247
511.7718341116585 331.67681872661456 0 0 13.0 1 248
285.6404829756302 338.17847570665316 0 0 10.0 1 249
237.73633365798128 263.5650243330325 0 0 12.0 1 250
450.6621571483881 583.1211233939766 0 0 10.0 1 251
267.2552143891395 391.7645951449444 0 0 11.0 1 252
166.03120663913833 513.3957835779727 0 0 12.0 1 253
665.3656578353311 327.8469152314196 0 0 13.0 1 254
214.02156831883875 269.842315058174 0 0 12.0 1 255
562.589202211423 524.8589256891673 0 0 13.0 1 256
364.4979917506983 641.4034121761051 0 0 12.0 1 257
592.0593695236759 372.6285079294507 0 0 12.0 1 258
548.7048372432464 185.50554463935532 0 0 13.0 1 259
688.818878987891 410.2301094900279 0 0 13.0 1 260
578.5433640760109 177.85755213282394 0 0 10.0 1 261
276.21318718931536 589.0841743091487 0 0 12.0 1 262
480.5376796326973 502.0474505285704 0 0 12.0 1 263
574.4652766427447 569.1474718876123 0 0 12.0 1 264
485.49384453317094 508.3272936380208 0 0 11.0 1 265
357.0744544410738 612.7120060985476 0 0 10.0 1 266
599.1324463892306 210.33906887542653 0 0 13.0 1 267
449.28287710543316 117.263023245613 0 0 12.0 1 268
712.1998196865148 306.1529297862335 0 0 12.0 1 269
464.47696576651595 544.2453496149651 0 0 12.0 1 270
200.4946142006561 437.5046802020088 0 0 12.0 1 271
60.91432547054802 482.5948262841358 0 0 13.0 1 272
343.8410215159685 155.36318932828183 0 0 13.0 1 273
104.32958755898215 253.44281932652223 0 0 13.0 1 274
566.9649119207139 87.84824493956751 0 0 11.0 1 275
578.7716503376167 443.5510853546141 0 0 11.0 1 276
143.92433385654152 438.81047808497084 0 0 13.0 1 277
132.87726625771444 175.3971391142846 0 0 11.0 1 278
708.2146620147676 310.3076250781448 0 0 12.0 1 279
357.91884709078863 750.4827764239373 0 0 11.0 1 280
676.2591158795425 533.9025798610822 0 0 12.0 1 281
504.49080976242664 477.3412611430171 0 0 13.0 1 282
556.100852212928 479.10451275621136 0 0 13.0 1 283
612.1619330339105 659.2533783218928 0 0 10.0 1 284
711.8044645128789 411.04427045290214 0 0 12.0 1 285
508.15939343766917 713.8877914338108 0 0 12.0 1 286
418.366999763424 676.3904001945263 0 0 12.0 1 287
698.5784316595574 415.87199255667144 0 0 11.0 1 288
501.74586364483366 317.48467275004657 0 0 12.0 1 289
578.1777474280618 358.2664365113424 0 0 10.0 1 290
272.60624559625865 387.5568758376673 0 0 13.0 1 291
517.9603800686585 67.29239754093743 0 0 12.0 1 292
739.9867715374851 397.0008035212788 0 0 13.0 1 293
471.4000331057637 753.8686695265574 0 0 13.0 1 294
295.52394706631185 633.7108349293999 0 0 11.0 1 295
458.7141058327022 592.233331595398 0 0 10.0 1 296
260.25124520796373 464.70151106485326 0 0 10.0 1 297
154.43770930567538 157.669313975807 0 0 11.0 1 298
613.4706327910876 233.0530355598741 0 0 13.0 1 299
625.2039493755768 278.26594073291307 0 0 10.0 1 300
529.416919834469 549.8507953284153 0 0 11.0 1 301
258.6466070733496 285.35612398333706 0 0 10.0 1 302
213.18310791016083 391.7266191980917 0 0 12.0 1 303
439.3273743111756 614.4233141003764 0 0 10.0 1 304
218.18000833000045 478.39317973600316 0 0 10.0 1 305
78.0000001462978 399.99029351821827 0 0 11.0 1 306
149.61859471350036 538.2213872262814 0 0 13.0 1 307
285.47421480360515 585.4935161269774 0 0 10.0 1 308
356.62737113748375 225.30364896325275 0 0 12.0 1 309
650.5188231893029 384.4655470696011 0 0 13.0 1 310
364.2659539795176 529.1475046410345 0 0 13.0 1 311
401.06659321512024 159.00236022128047 0 0 12.0 1 312
248.7774565167382 434.01091504874574 0 0 12.0 1 313
250.29643250352643 482.6428573975319 0 0 10.0 1 314
368.80546743212994 541.6047355771412 0 0 13.0 1 315
215.6384302328705 178.74265753878396 0 0 12.0 1 316
287.4300725114337 206.34047551122376 0 0 13.0 1 317
526.0343219430775 301.43352652981497 0 0 11.0 1 318
642.1789774869915 263.4959968962255 0 0 10.0 1 319
530.178177718472 691.2295349821133 0 0 13.0 1 320
273.5904864197263 365.625083616122 0 0 12.0 1 321
519.603869884051 125.96366243003649 0 0 10.0 1 322
547.9006048905572 543.3925070322967 0 0 13.0 1 323
185.31172047949488 533.857919588366 0 0 11.0 1 324
538.4186465461337 420.9828093528133 0 0 12.0 1 325
669.1431048005597 634.5442157426077 0 0 10.0 1 326
606.0120025893658 293.3086002101429 0 0 12.0 1 327
316.4338427245781 509.8212063229113 0 0 10.0 1 328
122.46432990854208 362.9331438224735 0 0 12.0 1 329
123.22120694461199 223.9957394981511 0 0 12.0 1 330
475.64232282153955 517.8059378731054 0 0 12.0 1 331
102.16790161942737 310.4620685171647 0 0 13.0 1 332
401.305580906475 105.00288906754247 0 0 12.0 1 333
71.08197545963162 548.7747731722741 0 0 13.0 1 334
435.14146507941325 654.5860904135817 0 0 13.0 1 335
471.99766852326775 608.9433792375668 0 0 10.0 1 336
413.08567686431866 259.60852924410744 0 0 10.0 1 337
519.1659164051227 340.936607214559 0 0 12.0 1 338
401.394094866236 85.00308493652841 0 0 12.0 1 339
312.62474793155195 213.44822347140413 0 0 13.0 1 340
589.7203888507504 604.5658183918322 0 0 11.0 1 341
552.2083894990201 547.5689878196451 0 0 10.0 1 342
395.7779943830671 717.9719715141109 0 0 12.0 1 343
760.3079488897943 377.65761949054183 0 0 12.0 1 344
272.7214230276269 431.00264253072146 0 0 11.0 1 345
269.4903940890482 419.77985755681914 0 0 11.0 1 346
537.2972672859553 353.36889025758694 0 0 13.0 1 347
383.7486114173196 274.0440856127243 0 0 10.0 1 348
219.6327840343076 234.19087056260963 0 0 10.0 1 349
663.0072560477436 245.55847946152358 0 0 10.0 1 350
243.49791058979937 387.5061611087075 0 0 13.0 1 351
176.30794083593952 355.8880666152292 0 0 10.0 1 352
234.6975993482592 601.9804850444007 0 0 13.0 1 353
470.6752111888628 262.0506813231408 0 0 10.0 1 354
105.36467756466942 444.6545269085765 0 0 12.0 1 355
501.5768335032103 558.1965451438846 0 0 10.0 1 356
481.2443430420212 569.5386584931896 0 0 11.0 1 357
293.67643925311313 332.388607246241 0 0 13.0 1 358
699.8658236670635 190.1512740175114 0 0 13.0 1 359
263.62403258315504 720.1649504725956 0 0 10.0 1 360
60.63503674478363 271.1573761723798 0 0 13.0 1 361
283.33366757223087 578.2076510081799 0 0 12.0 1 362
484.87579583090644 562.1268000118126 0 0 13.0 1 363
97.79637047802913 345.94478467578375 0 0 10.0 1 364
250.27977694942896 213.70760936182268 0 0 12.0 1 365
487.69378150126107 242.80648650148098 0 0 12.0 1 366
620.5313895204685 457.87837451217337 0 0 11.0 1 367
325.98205921671877 284.71624380597814 0 0 11.0 1 368
156.08287224972867 262.50660092187036 0 0 13.0 1 369
180.69386131764475 427.3096601266945 0 0 12.0 1 370
205.37418651039243 387.9255342350688 0 0 10.0 1 371
160.49631645623077 624.1026228515991 0 0 10.0 1 372
340.0374253636636 138.7941623106754 0 0 12.0 1 373
525.4407614113716 144.09061100355197 0 0 12.0 1 374
434.32387900925994 685.9473226483467 0 0 13.0 1 375
179.13826858369683 407.8163671736149 0 0 13.0 1 376
378.8859912114782 236.3564891818859 0 0 11.0 1 377
588.373380032114 362.85878710547047 0 0 11.0 1 378
696.1454596147228 584.6587846531668 0 0 10.0 1 379
161.00670747548364 608.2575475902156 0 0 11.0 1 380
153.5045339589907 129.45243445703375 0 0 13.0 1 381
359.6964906350141 674.0522343146768 0 0 10.0 1 382
210.53952282738356 446.1489717060358 0 0 13.0 1 383
424.6802319820134 241.9149401451421 0 0 11.0 1 384
196.39383690505537 344.6327682671889 0 0 12.0 1 385
406.43888607222914 109.07124455264164 0 0 12.0 1 386
558.6561651757622 195.282581953266 0 0 11.0 1 387
271.2426563657685 253.5536055061224 0 0 10.0 1 388
451.82032449184766 527.9009537476543 0 0 10.0 1 389
234.4593749055112 90.48860854028987 0 0 13.0 1 390
571.4694944994491 490.74256143675586 0 0 10.0 1 391
446.9917693393075 195.3252003436639 0 0 12.0 1 392
231.03632440456494 493.2752717995535 0 0 11.0 1 393
461.6364091394145 639.1860218917458 0 0 13.0 1 394
667.6021604878007 475.319875877894 0 0 10.0 1 395
251.51980421329932 471.96270880909805 0 0 11.0 1 396
547.1306778521158 136.26421624137362 0 0 11.0 1 397
353.2256588575534 738.7863058193027 0 0 12.0 1 398
226.3447424450603 538.3034761802014 0 0 12.0 1 399
281.03686100282266 262.26194585395706 0 0 12.0 1 400
275.9624376072634 168.0869061142343 0 0 11.0 1 401
130.78206685044353 510.4658520570088 0 0 13.0 1 402
548.6525135959531 436.2136742350867 0 0 13.0 1 403
622.4929778658383 454.2021660119926 0 0 12.0 1 404
577.7594586306179 676.843954001798 0 0 13.0 1 405
244.98532742139668 369.431204057922 0 0 13.0 1 406
301.60596403270574 106.02957004816489 0 0 12.0 1 407
526.0008896809607 377.46611885168494 0 0 10.0 1 408
407.92435519823465 201.1578399969156 0 0 10.0 1 409
486.4718633046858 257.13077008461295 0 0 12.0 1 410
298.33569456062503 732.818823084767 0 0 10.0 1 411
180.79838665077182 515.9941925490042 0 0 11.0 1 412
467.1310990561535 107.60742906237698 0 0 13.0 1 413
489.3699444710781 225.56086154410067 0 0 13.0 1 414
699.6747059551262 231.08857169892656 0 0 11.0 1 415
153.9107552653539 500.9756585813208 0 0 10.0 1 416
558.668828588341 624.6089998962723 0 0 11.0 1 417
404.3632311577893 540.9324739506962 0 0 12.0 1 418
671.0 400.0 0 0 10.0 1 419
252.46936794452427 388.22236843368603 0 0 12.0 1 420
412.8805656782038 176.3706391642424 0 0 11.0 1 421
407.64339075158836 646.8817096866808 0 0 10.0 1 422
595.1805832460625 235.89777599396513 0 0 13.0 1 423
207.1974166647848 712.2757817367005 0 0 11.0 1 424
432.11134232747366 575.0795867425092 0 0 13.0 1 425
311.4051686744347 512.2495249985257 0 0 13.0 1 426
289.01048811386306 503.8524349800093 0 0 12.0 1 427
542.1052024242542 358.64650626655896 0 0 10.0 1 428
169.57841183684397 416.336820632207 0 0 10.0 1 429
191.18283320507769 422.2573774677429 0 0 12.0 1 430
284.0196079938561 701.4590331539282 0 0 13.0 1 431
567.2705653909867 611.9447049439539 0 0 12.0 1 432
669.2645985749732 504.96464144776826 0 0 10.0 1 433
278.254990011007 613.7619062012219 0 0 11.0 1 434
510.8755440031389 256.93493178973415 0 0 11.0 1 435
378.0120395103544 164.02218410726448 0 0 13.0 1 436
420.7009091256847 40.59567008538954 0 0 11.0 1 437
365.06596993520003 526.2561425968323 0 0 13.0 1 438
164.17112835648678 305.6562492830217 0 0 11.0 1 439
457.4331067594917 660.7497617409321 0 0 13.0 1 440
433.2436389233876 242.46949352226588 0 0 13.0 1 441
261.04603087359226 362.2138323719204 0 0 11.0 1 442
164.27424247888942 491.88235543943455 0 0 12.0 1 443
255.64755479141482 447.60642354034184 0 0 13.0 1 444
544.953593288194 476.71020657540186 0 0 10.0 1 445
513.4816776150368 338.65744669744447 0 0 11.0 1 446
575.2199872125859 368.66382152812434 0 0 13.0 1 447
305.4374250671969 553.1597839580547 0 0 11.0 1 448
421.0855809558442 717.3001706204309 0 0 10.0 1 449
711.2360151175925 433.1834732016066 0 0 13.0 1 450
575.4058943748244 189.5035101989395 0 0 12.0 1 451
645.0168460536961 480.813025867736 0 0 11.0 1 452
652.51498911113 384.3417665681637 0 0 10.0 1 453
644.4093343219558 523.8550656868681 0 0 13.0 1 454
301.37319973832723 615.5034901576865 0 0 12.0 1 455
315.16855561824553 532.1083874858266 0 0 11.0 1 456
344.6078520676372 701.9614378483438 0 0 11.0 1 457
528.1373143504628 700.8485144903506 0 0 13.0 1 458
328.6266369067488 89.0870812578562 0 0 11.0 1 459
274.43393976749337 419.03062052815176 0 0 13.0 1 460
121.92202590764595 277.1641732852663 0 0 13.0 1 461
279.3507778566427 521.1807129711772 0 0 12.0 1 462
391.32561433500763 182.17264856466034 0 0 12.0 1 463
604.7196392426007 284.6099254338597 0 0 10.0 1 464
149.8626750893888 532.3643406910007 0 0 12.0 1 465
372.70172678741096 535.273073002763 0 0 10.0 1 466
593.7959740608803 475.545485886283 0 0 12.0 1 467
580.581909508589 483.61324032850155 0 0 13.0 1 468
590.2169322615467 179.77620773175724 0 0 12.0 1 469
488.8986350088328 297.07754038322673 0 0 12.0 1 470
176.71326568080707 237.7685780217958 0 0 12.0 1 471
55.44215857953054 520.436264952325 0 0 12.0 1 472
257.5665035642298 209.32567269534835 0 0 12.0 1 473
336.6794157876815 291.06651747506334 0 0 11.0 1 474
266.02483708571873 679.5543877711309 0 0 13.0 1 475
295.931440557389 558.9645713218506 0 0 11.0 1 476
493.6392054717279 195.41090156456644 0 0 10.0 1 477
260.2021540568336 169.00960567666297 0 0 11.0 1 478
623.9212093170165 394.05929145599066 0 0 13.0 1 479
245.0252954074868 200.02039869910914 0 0 11.0 1 480
302.5405949827656 165.44155446096883 0 0 13.0 1 481
622.0846157565453 320.1600135003292 0 0 13.0 1 482
427.5334744015541 525.0036310967764 0 0 10.0 1 483
401.80153835079994 535.9880673425819 0 0 11.0 1 484
502.8832588430047 476.1513955869707 0 0 13.0 1 485
666.6578509594675 230.44295791186255 0 0 10.0 1 486
179.07891146902793 352.3568195615532 0 0 10.0 1 487
272.4825184536076 580.5001160666261 0 0 12.0 1 488
557.3331106776079 558.0357310373435 0 0 10.0 1 489
124.99297554510667 635.4041981368763 0 0 13.0 1 490
277.2076485977518 149.4744754778332 0 0 13.0 1 491
486.60044792493056 603.3257544414907 0 0 12.0 1 492
592.0058626474101 123.0473890554128 0 0 12.0 1 493
699.480257810627 216.93559826749393 0 0 11.0 1 494
419.60836114405134 59.564231941994024 0 0 13.0 1 495
461.90639989502506 706.8168796726106 0 0 13.0 1 496
665.6423535794108 364.52973097379686 0 0 11.0 1 497
724.0 400.0 0 0 11.0 1 498
581.0012724658268 681.8927799106453 0 0 13.0 1 499
339.86231882638367 174.89455958804444 0 0 13.0 1 500
480.4914287204907 279.39266231885324 0 0 10.0 1 501
116.71112104616316 420.08509549587353 0 0 11.0 1 502
260.94770485938716 355.49764931907634 0 0 11.0 1 503
438.5356041679676 53.13402125401558 0 0 12.0 1 504
414.8489950233403 240.69052963870348 0 0 10.0 1 505
377.9192633057567 163.0264971203753 0 0 12.0 1 506
359.74171677427864 209.20096794868795 0 0 12.0 1 507
475.93215987303586 744.7365763840787 0 0 13.0 1 508
443.02105375242826 595.3181735887131 0 0 12.0 1 509
302.33230146851037 653.8602384454132 0 0 11.0 1 510
238.23238060567047 97.5429992288303 0 0 11.0 1 511
277.6275737576199 283.44104798191927 0 0 10.0 1 512
213.00000008496175 399.9943630059218 0 0 10.0 1 513
412.26483116108676 92.24429507060307 0 0 13.0 1 514
288.6213437040723 524.4338978000512 0 0 11.0 1 515
300.61908464011833 221.8443555139719 0 0 11.0 1 516
692.0908928426318 255.22807482666337 0 0 11.0 1 517
358.76333245868653 649.6167807862428 0 0 10.0 1 518
718.9945971117966 498.9871052889347 0 0 12.0 1 519
598.0247509749198 271.61698709984637 0 0 13.0 1 520
551.8878201042749 703.0694476584063 0 0 11.0 1 521
636.7707393363008 287.8232778418737 0 0 11.0 1 522
521.8726099981536 431.98541749356946 0 0 11.0 1 523
92.00000013993701 399.99071553916525 0 0 12.0 1 524
387.4015788066147 549.4699962649162 0 0 11.0 1 525
152.5749499219793 226.83867465889227 0 0 13.0 1 526
190.37686781194566 497.05226659727987 0 0 11.0 1 527
128.77505104292402 461.00022182936334 0 0 13.0 1 528
590.8351830377055 355.3017571378312 0 0 12.0 1 529
345.8681951486739 53.19926801758629 0 0 12.0 1 530
469.817760903974 746.0267045508996 0 0 13.0 1 531
82.51087769692583 368.9894015016864 0 0 12.0 1 532
287.33873921772096 678.0421556508065 0 0 10.0 1 533
254.96456034770634 577.2165941577308 0 0 11.0 1 534
540.5320553921566 668.4394557572634 0 0 12.0 1 535
468.1831580947417 560.0845306462415 0 0 12.0 1 536
260.55880390951904 213.3314358740175 0 0 12.0 1 537
575.2790911645096 534.6040125722243 0 0 13.0 1 538
141.61195838728372 436.83232210362536 0 0 12.0 1 539
439.75213685773286 251.21906165357044 0 0 11.0 1 540
415.1271569369959 263.8377103489975 0 0 10.0 1 541
375.65590654893356 76.9158544371981 0 0 11.0 1 542
147.3361930049484 274.76022742448265 0 0 11.0 1 543
213.0336727376951 620.3737563096947 0 0 10.0 1 544
292.0973357358191 564.821160791603 0 0 13.0 1 545
546.212211004015 126.64676816741786 0 0 12.0 1 546
585.7691756078822 274.836852892044 0 0 12.0 1 547
144.64101052048508 418.10487481318177 0 0 11.0 1 548
338.70751067938903 48.30093723058803 0 0 10.0 1 549
609.6018604344795 647.0689379553912 0 0 11.0 1 550
448.4242903962793 122.18875454795426 0 0 13.0 1 551
409.20040405585985 240.26474226017314 0 0 10.0 1 552
480.95644348371195 649.1787596454974 0 0 10.0 1 553
499.1345338104912 644.6800854302952 0 0 10.0 1 554
657.4253610099729 548.1255666955745 0 0 11.0 1 555
282.75541998803 483.60447630250883 0 0 13.0 1 556
167.16816779352104 633.8575162601664 0 0 13.0 1 557
294.0785801961158 101.21972483657942 0 0 13.0 1 558
427.2922510177796 627.367836411359 0 0 11.0 1 559
683.8220125694154 410.05311797635966 0 0 10.0 1 560
171.36334622498683 679.3676440652439 0 0 10.0 1 561
235.41362169978345 490.85881398091226 0 0 12.0 1 562
321.3317643578932 684.3172676798895 0 0 13.0 1 563
651.4184248830296 593.0745338705661 0 0 12.0 1 564
527.686498468699 264.7514949849614 0 0 11.0 1 565
601.4698143184503 437.8802576349368 0 0 11.0 1 566
559.2538311215783 609.3017373867208 0 0 10.0 1 567
158.76047026665327 334.399014534584 0 0 12.0 1 568
760.9542283951632 438.4843475149623 0 0 11.0 1 569
491.6390421045536 79.85739745832035 0 0 11.0 1 570
333.2024523969453 246.94090149808915 0 0 11.0 1 571
660.4730729086707 253.18454342435766 0 0 13.0 1 572
645.1353704617884 221.9055021945883 0 0 10.0 1 573
263.3099341739405 187.10372031322967 0 0 13.0 1 574
552.6700836568654 526.0787276117812 0 0 11.0 1 575
183.2124835107214 390.3993388555396 0 0 12.0 1 576
265.7665033339848 499.34972759305833 0 0 10.0 1 577
297.8780701391618 559.0349378014091 0 0 13.0 1 578
487.59780548314285 286.97069196647504 0 0 12.0 1 579
631.6864638393137 145.72184035266736 0 0 13.0 1 580
418.63222719683085 680.3815973092487 0 0 13.0 1 581
528.1234264917401 346.09835267808916 0 0 12.0 1 582
615.1827594767855 263.1739059098891 0 0 12.0 1 583
155.83018503875235 241.6898567311934 0 0 10.0 1 584
507.6123585379985 497.18323049728934 0 0 12.0 1 585
102.9578410291553 550.5156330549735 0 0 10.0 1 586
707.5822332120179 283.2345521470163 0 0 13.0 1 587
459.50507794304315 530.0313258372472 0 0 12.0 1 588
437.1803675529634 764.1066056371767 0 0 11.0 1 589
237.13870215079146 344.6809466560447 0 0 13.0 1 590
211.20810069829713 206.97767290270363 0 0 10.0 1 591
142.03463646548 560.8411365804873 0 0 13.0 1 592
487.5923830114072 553.8069388499197 0 0 10.0 1 593
507.6946152115708 504.41201968371126 0 0 10.0 1 594
639.949309973015 521.5949367509763 0 0 12.0 1 595
543.4840356640309 306.97671522912594 0 0 12.0 1 596
42.96549599464686 302.91054151118436 0 0 13.0 1 597
203.5501674445403 206.1354511806456 0 0 11.0 1 598
103.41827336946028 415.75688512517075 0 0 12.0 1 599
104.5748529238337 287.83947898201654 0 0 11.0 1 600
168.87870281246188 527.5889728242597 0 0 11.0 1 601
548.6265941287456 410.5420831759714 0 0 13.0 1 602
193.39721337257043 387.1824901879961 0 0 10.0 1 603
45.58268621704053 450.5209628854325 0 0 11.0 1 604
658.7693254164542 374.73270446776564 0 0 12.0 1 605
76.93830351652326 484.77700316252015 0 0 13.0 1 606
528.6736670413857 245.58469178827315 0 0 13.0 1 607
614.5176675146605 335.5161235340991 0 0 10.0 1 608
591.1224846904936 153.39060065412738 0 0 11.0 1 609
511.7222717605401 339.6084940354686 0 0 11.0 1 610
227.66536279289193 359.6295551338056 0 0 12.0 1 611
342.78479527913976 534.3220769224108 0 0 10.0 1 612
194.81544184207576 591.990356772254 0 0 11.0 1 613
270.4284813009291 534.8340518638238 0 0 13.0 1 614
241.50425339986052 387.34700392537894 0 0 11.0 1 615
626.4061827721064 247.4574144621787 0 0 10.0 1 616
629.6792460283134 367.26708164759054 0 0 11.0 1 617
359.25230480107365 646.6568980101213 0 0 13.0 1 618
295.71675945427637 562.4007565908569 0 0 13.0 1 619
239.1427874937118 323.7834848296851 0 0 10.0 1 620
186.57251321851257 279.69327580663656 0 0 13.0 1 621
269.3596776319846 155.7417224092886 0 0 12.0 1 622
383.6713879908117 224.7590903075044 0 0 10.0 1 623
573.5531908176948 474.835085067078 0 0 12.0 1 624
136.52808796389655 637.9234153420797 0 0 12.0 1 625
657.3256368222981 325.1166464826879 0 0 13.0 1 626
412.9816070081633 74.25857205524869 0 0 12.0 1 627
153.1014283208831 611.343548051063 0 0 12.0 1 628
749.4688527930803 350.1951716448252 0 0 10.0 1 629
260.6718539562444 150.2327729264508 0 0 13.0 1 630
599.0270303755667 444.768752270789 0 0 12.0 1 631
360.4239908040571 669.1054430815598 0 0 12.0 1 632
576.5551329019357 649.9285598845794 0 0 12.0 1 633
307.1232635695625 618.0433714425436 0 0 10.0 1 634
191.917511871399 581.3220288167178 0 0 11.0 1 635
309.40634098529375 751.5135686518049 0 0 10.0 1 636
61.968120161817126 285.1808020709765 0 0 11.0 1 637
646.0663372654889 333.09441230549817 0 0 13.0 1 638
303.2607441121854 287.99323069442664 0 0 10.0 1 639
339.7376365503237 54.211845848561325 0 0 10.0 1 640
269.1048414640734 315.1327067012583 0 0 11.0 1 641
671.7979891220912 246.80126270367757 0 0 13.0 1 642
469.4790018101716 715.4388503457717 0 0 11.0 1 643
281.15106515668595 647.9917956034226 0 0 10.0 1 644
420.8590130522731 526.2889606200206 0 0 10.0 1 645
733.673396940243 385.2330038816611 0 0 10.0 1 646
415.127413680028 237.70347706942917 0 0 11.0 1 647
420.78405716759073 550.5723180656203 0 0 11.0 1 648
608.0776673231908 632.4815785419128 0 0 13.0 1 649
172.23218569409158 299.3877603553662 0 0 10.0 1 650
578.7969364141678 335.72204476721424 0 0 13.0 1 651
239.3576764809298 72.25155394053445 0 0 11.0 1 652
492.03435285448825 502.82839050892295 0 0 11.0 1 653
252.43119022277543 580.3120805185646 0 0 11.0 1 654
346.6051423565546 93.61790330171675 0 0 11.0 1 655
584.6860018710319 642.7263494408738 0 0 11.0 1 656
550.3060109659522 511.25242949034 0 0 12.0 1 657
394.056009414034 131.0656790665908 0 0 10.0 1 658
192.52082104789412 414.71021078571016 0 0 12.0 1 659
546.8245613865417 238.85860813046943 0 0 12.0 1 660
51.70753945946723 331.3169458263437 0 0 13.0 1 661
591.3167140951157 362.27845565399343 0 0 10.0 1 662
123.3901068125943 414.6958154197721 0 0 12.0 1 663
447.6636980152635 94.69822815530569 0 0 11.0 1 664
207.6433490451937 699.5578722608552 0 0 10.0 1 665
359.40549056739684 676.0309508079235 0 0 10.0 1 666
282.24390250631916 212.98529067728728 0 0 12.0 1 667
298.0215309661512 695.9212595497531 0 0 10.0 1 668
684.6462579580996 372.2059749145422 0 0 12.0 1 669
336.8406600766256 72.02607149280351 0 0 11.0 1 670
225.02335034179762 575.747466765216 0 0 11.0 1 671
297.57382706230754 613.7238383927678 0 0 13.0 1 672
85.68680326115333 267.7569874972328 0 0 12.0 1 673
321.41466045059803 657.2651247408113 0 0 10.0 1 674
684.2646422738699 185.68804710677276 0 0 11.0 1 675
273.13268333214387 162.796113097829 0 0 11.0 1 676
682.2517579344792 240.90900357689594 0 0 13.0 1 677
220.83688789764304 177.07270408987986 0 0 12.0 1 678
312.1775712386827 575.2233460657094 0 0 12.0 1 679
649.8515072908442 642.23588566621 0 0 12.0 1 680
340.56471898085505 192.33814175401574 0 0 11.0 1 681
449.36213577302794 757.6092554058482 0 0 12.0 1 682
89.54353424171262 198.71218897093317 0 0 12.0 1 683
195.14248658377304 513.090225912412 0 0 11.0 1 684
502.5020574165802 74.77034540902008 0 0 10.0 1 685
418.6540499980713 199.86747785862124 0 0 13.0 1 686
447.6082711233867 233.67966894981808 0 0 11.0 1 687
317.48868841115785 516.7941927489933 0 0 11.0 1 688
88.01222216487321 397.238391501394 0 0 12.0 1 689
424.6840744021035 692.9619368978015 0 0 13.0 1 690
488.70180631773775 520.9627610298746 0 0 11.0 1 691
395.72544562109215 537.9337818841409 0 0 11.0 1 692
257.4438453192861 300.2315542736664 0 0 10.0 1 693
451.40526430250765 599.4830789866382 0 0 10.0 1 694
631.4524226424461 212.29337770621274 0 0 10.0 1 695
523.4377295089328 468.14783146718275 0 0 12.0 1 696
221.00000008132704 399.9946041607487 0 0 13.0 1 697
261.2133871809821 525.3286723069547 0 0 11.0 1 698
87.99125196662277 565.1046369749939 0 0 12.0 1 699
465.9499003129992 223.94713677788292 0 0 13.0 1 700
157.3089014116029 551.3176482303268 0 0 11.0 1 701
275.23389956561454 360.0698086356096 0 0 12.0 1 702
580.2003693385263 594.3008669313101 0 0 10.0 1 703
409.59683217474645 159.19115296108876 0 0 11.0 1 704
512.0652837188811 501.20460555234956 0 0 12.0 1 705
128.48169868094772 356.37876607870504 0 0 11.0 1 706
320.2634508324162 268.2499232378004 0 0 10.0 1 707
302.5921783297347 59.665287874636874 0 0 10.0 1 708
508.4717809985749 553.5508799290881 0 0 10.0 1 709
177.72381706064016 558.500152990173 0 0 12.0 1 710
670.9050653831473 441.06635544764896 0 0 13.0 1 711
611.2374630630806 338.5285903962363 0 0 13.0 1 712
403.5103504629558 664.9767488660603 0 0 10.0 1 713
632.1070393412135 447.9095218955099 0 0 10.0 1 714
683.806878689103 435.3504682960323 0 0 12.0 1 715
670.0624207104208 318.8194055206069 0 0 13.0 1 716
249.71944649199358 687.0396405330232 0 0 11.0 1 717
238.7330184699423 496.6279497256566 0 0 13.0 1 718
137.93809281524454 223.42266056288926 0 0 12.0 1 719
516.7345323462955 284.8086419999673 0 0 13.0 1 720
723.7994284677759 318.08583685380347 0 0 11.0 1 721
743.8790000225611 390.87676902169994 0 0 12.0 1 722
264.14211513811756 560.1331793253837 0 0 10.0 1 723
279.43099101854926 489.23628226921403 0 0 11.0 1 724
420.73734356809456 572.7598407667094 0 0 12.0 1 725
353.0586551308368 684.1487465076598 0 0 13.0 1 726
316.74564531846727 586.2383215843655 0 0 13.0 1 727
524.8787470400745 525.4364322583399 0 0 11.0 1 728
532.3177979658088 642.2147814264839 0 0 13.0 1 729
434.07326016377107 272.4734814173461 0 0 13.0 1 730
408.20310136098664 194.16339215761113 0 0 11.0 1 731
625.7694861741459 626.7777306365467 0 0 10.0 1 732
566.239229870301 294.2951351539143 0 0 10.0 1 733
192.6213045519047 553.4864055030482 0 0 11.0 1 734
227.33197059639946 389.2877816547021 0 0 12.0 1 735
113.68945430622756 273.5275863101591 0 0 12.0 1 736
426.50305937997877 531.3529133422678 0 0 11.0 1 737
547.4479125361736 99.19422696908742 0 0 12.0 1 738
666.7314585061912 373.95524922062 0 0 11.0 1 739
593.9088869605682 140.4323911623148 0 0 11.0 1 740
382.98816046909104 104.48926023615553 0 0 13.0 1 741
662.5370198172527 179.26642025854918 0 0 12.0 1 742
340.260300650711 696.0323771509741 0 0 12.0 1 743
189.00000009586594 399.99363954144115 0 0 13.0 1 744
500.4618188757722 270.37198239511827 0 0 12.0 1 745
491.82167483336656 309.3921635243645 0 0 11.0 1 746
602.4426296210682 241.67760198851528 0 0 12.0 1 747
178.55587631073317 415.70032112705604 0 0 10.0 1 748
377.3019947258563 554.3398864732476 0 0 11.0 1 749
570.4003974587265 526.1257489409202 0 0 13.0 1 750
509.31346252069244 480.91085781115635 0 0 13.0 1 751
760.3557201532515 451.37854564729844 0 0 12.0 1 752
444.64650887600214 143.86197227825568 0 0 11.0 1 753
409.22158074483133 697.8572853709752 0 0 10.0 1 754
85.11747112099647 559.5556110162331 0 0 12.0 1 755
539.9122597173175 404.9557623827125 0 0 11.0 1 756
668.3164162062283 298.14077953250353 0 0 10.0 1 757
550.9372490281856 458.8383111229704 0 0 12.0 1 758
152.6735494461288 486.4501408698881 0 0 11.0 1 759
220.457689355162 364.59436925696025 0 0 13.0 1 760
404.2256671610675 718.9720108991444 0 0 10.0 1 761
547.1432736218385 593.3852554561716 0 0 10.0 1 762
557.2446894828868 325.5009555133054 0 0 10.0 1 763
350.80298201635287 253.01478502408244 0 0 10.0 1 764
659.7237295979733 585.2149677637283 0 0 12.0 1 765
226.0271715256678 403.0748906713225 0 0 10.0 1 766
498.24462249344367 122.90075035987422 0 0 10.0 1 767
733.9741296257992 537.0484612853784 0 0 10.0 1 768
421.1298263688972 606.9239726025485 0 0 11.0 1 769
724.5461842333268 519.9407116019725 0 0 10.0 1 770
434.32104177016623 648.6424462794125 0 0 10.0 1 771
292.819869668575 623.6435102169047 0 0 11.0 1 772
145.57192837368552 436.26784207138587 0 0 11.0 1 773
379.0258533909392 265.62706681023286 0 0 12.0 1 774
583.2018506780921 225.51194336539243 0 0 13.0 1 775
532.7518278838177 208.51644406501836 0 0 10.0 1 776
306.8252240614742 104.33386881686039 0 0 12.0 1 777
457.454594975066 228.36093243013954 0 0 12.0 1 778
444.4747915341714 144.84711853872392 0 0 13.0 1 779
175.5922464561782 641.9528056241865 0 0 10.0 1 780
328.64765265682786 607.0503381514247 0 0 12.0 1 781
297.45298252070313 190.77975909080692 0 0 10.0 1 782
388.7100426655643 631.7251321358705 0 0 10.0 1 783
341.24936852073233 691.1311788537726 0 0 11.0 1 784
301.20445093455135 588.701985905969 0 0 13.0 1 785
564.9685563901267 526.6861294797405 0 0 12.0 1 786
580.1854421644813 691.8599089152026 0 0 13.0 1 787
533.6043228805119 93.88583027301735 0 0 10.0 1 788
214.5351736245078 561.6131126409875 0 0 11.0 1 789
592.811274279841 391.466975296888 0 0 10.0 1 790
375.6329767335911 243.8902687942411 0 0 11.0 1 791
210.36664433622738 453.3684402966502 0 0 12.0 1 792
628.41800115556 575.4115638950254 0 0 13.0 1 793
537.2326581310855 601.7503346769879 0 0 12.0 1 794
521.6696403272373 275.61150124452536 0 0 13.0 1 795
314.28285213171665 232.6782424150199 0 0 12.0 1 796
538.8097278481947 370.0690886421728 0 0 13.0 1 797
553.8649035561759 518.1591784570658 0 0 11.0 1 798
193.56519936585897 339.9194450163579 0 0 11.0 1 799
572.9728923960506 403.0624330432365 0 0 12.0 1 800
118.04803201144989 266.4070071172009 0 0 10.0 1 801
273.43966035823786 566.3234211702063 0 0 10.0 1 802
136.70988899926112 186.4600331337981 0 0 11.0 1 803
550.3344433402023 468.00408183036905 0 0 11.0 1 804
402.47711523234995 586.9835925960501 0 0 12.0 1 805
500.1140751477964 708.1447256684777 0 0 10.0 1 806
511.09142518748547 722.3967978281008 0 0 12.0 1 807
292.6671799939063 640.1013655720006 0 0 13.0 1 808
425.85715560281847 56.973167953100756 0 0 13.0 1 809
572.0646009481243 151.8110133374916 0 0 10.0 1 810
157.99465808602682 489.4282644643232 0 0 12.0 1 811
639.2955176522757 604.8478831512041 0 0 13.0 1 812
271.8332500657168 511.6838583291377 0 0 13.0 1 813
137.0000001194917 399.9920720350664 0 0 12.0 1 814
133.9025030470421 553.104938246193 0 0 12.0 1 815
646.0918565456968 674.9541746216853 0 0 13.0 1 816
432.96972963150927 210.8519179900965 0 0 13.0 1 817
258.2585684890054 381.0694270236204 0 0 12.0 1 818
303.82039143827257 541.3877041928076 0 0 10.0 1 819
679.469867542462 288.2073654671349 0 0 13.0 1 820
500.3364998641864 562.5225731860166 0 0 12.0 1 821
336.6897565832926 247.62935624433013 0 0 11.0 1 822
681.0033682579199 221.32121830585515 0 0 11.0 1 823
278.20966254916465 181.6720043063381 0 0 10.0 1 824
367.15722357242805 47.52680664123045 0 0 13.0 1 825
725.7383472011159 317.59533288286815 0 0 11.0 1 826
595.9287079588386 576.940502422651 0 0 11.0 1 827
319.14833958882764 143.43809907011433 0 0 13.0 1 828
500.4230692068945 709.0957896365903 0 0 13.0 1 829
289.28748560602793 301.7821851364808 0 0 13.0 1 830
186.8767693986402 670.0268293670827 0 0 11.0 1 831
70.93480829140134 467.91244072909785 0 0 12.0 1 832
471.9118467205483 531.6384681665673 0 0 10.0 1 833
384.1352690138 229.73752524195032 0 0 12.0 1 834
541.8702202760591 579.7605090080201 0 0 12.0 1 835
533.8216603721247 575.8771253325676 0 0 11.0 1 836
292.4566393576052 695.0091957579286 0 0 10.0 1 837
189.99150919261405 486.1709567592474 0 0 13.0 1 838
116.26093219698589 610.0027176068837 0 0 13.0 1 839
507.8474331953908 524.8756627736794 0 0 13.0 1 840
280.1263927085233 504.45725573136997 0 0 13.0 1 841
550.2389030013056 71.74815762137104 0 0 13.0 1 842
294.24701790177323 601.9908581528682 0 0 13.0 1 843
266.3268216121593 625.3341549337173 0 0 13.0 1 844
193.10324474079766 292.84248666932524 0 0 12.0 1 845
662.7748611162327 654.7653280282555 0 0 12.0 1 846
544.2424726962399 675.5269661402936 0 0 10.0 1 847
313.0197486888039 74.41831150717155 0 0 13.0 1 848
529.8934148082435 342.62665436412476 0 0 12.0 1 849
627.7156014596815 668.4205745688201 0 0 10.0 1 850
594.4682265822031 299.28699761216075 0 0 13.0 1 851
485.1336998897776 577.6548708678636 0 0 11.0 1 852
535.7262756430932 438.2018075495793 0 0 10.0 1 853
155.22986403330484 321.6636703767303 0 0 10.0 1 854
196.06154570030824 429.07072166033265 0 0 13.0 1 855
417.7994005892719 611.2514647018161 0 0 10.0 1 856
523.8602701424031 135.57111829406585 0 0 10.0 1 857
191.449996598733 194.19451882583027 0 0 10.0 1 858
48.515231458949074 317.6625390017165 0 0 12.0 1 859
652.6270507337701 132.41155997024623 0 0 13.0 1 860
276.3274166880583 147.67859358161695 0 0 13.0 1 861
669.7172584148426 373.66370350294034 0 0 12.0 1 862
241.69885657298252 153.44422945366125 0 0 12.0 1 863
539.9555807440933 338.18224026557107 0 0 13.0 1 864
158.59165906649474 660.2825636260187 0 0 11.0 1 865
367.113331765757 145.11283466511924 0 0 10.0 1 866
443.23615902119036 596.2947644566567 0 0 12.0 1 867
623.6751827148669 201.58021107391798 0 0 13.0 1 868
111.99059498441846 230.86519393522005 0 0 11.0 1 869
653.4391680312424 363.88091768009986 0 0 13.0 1 870
458.6805687622828 271.7908316471283 0 0 11.0 1 871
420.219694352204 131.76099470751188 0 0 12.0 1 872
492.3298436501351 758.2948506070686 0 0 13.0 1 873
555.1208254260205 416.53872785766976 0 0 13.0 1 874
562.3307570536463 710.078579257565 0 0 12.0 1 875
179.7583384528772 259.9478292957849 0 0 10.0 1 876
739.3482067106095 378.95731475563497 0 0 13.0 1 877
452.2020719165564 100.51553681765279 0 0 12.0 1 878
211.81619007304624 185.96296189356352 0 0 11.0 1 879
114.47088910006778 619.2558478779853 0 0 13.0 1 880
285.70073691681944 514.8027807095363 0 0 10.0 1 881
321.0798613318587 258.5234587905071 0 0 11.0 1 882
81.56382075198235 313.40669918565095 0 0 11.0 1 883
441.41467907763104 259.99705589918176 0 0 11.0 1 884
148.62784730987445 607.576590327359 0 0 10.0 1 885
438.073632570899 572.8565836260111 0 0 13.0 1 886
185.8249473933129 298.5207073294122 0 0 11.0 1 887
317.3247171283244 670.6543877384744 0 0 10.0 1 888
472.3619154428583 216.7713090331085 0 0 11.0 1 889
261.33824531698144 242.2884982373626 0 0 13.0 1 890
411.1498465100789 120.22208642782095 0 0 13.0 1 891
568.6215849863153 569.3746175691708 0 0 13.0 1 892
471.11893362240136 675.9838714135528 0 0 13.0 1 893
485.0986556389679 112.32271760105846 0 0 11.0 1 894
515.9036935885107 558.0580077457028 0 0 13.0 1 895
480.8002482390516 580.7631596440702 0 0 12.0 1 896
557.4992969511513 387.4313302257939 0 0 12.0 1 897
385.5705717273668 541.2649694712916 0 0 13.0 1 898
240.00913186504292 135.6443264966254 0 0 13.0 1 899
469.9172734188902 247.2401398348763 0 0 11.0 1 900
273.46966320540264 613.2933985632133 0 0 11.0 1 901
117.78463839084066 633.0461106129244 0 0 11.0 1 902
727.8092265009333 473.7367684460054 0 0 11.0 1 903
461.3252221133299 109.40024581436626 0 0 11.0 1 904
226.74971076264865 369.01069088904865 0 0 10.0 1 905
177.42593316594738 552.8423526806318 0 0 12.0 1 906
673.729751027599 471.8402631006362 0 0 10.0 1 907
60.33292347301966 384.95748945107584 0 0 11.0 1 908
299.07699981688734 518.956076070285 0 0 11.0 1 909
495.77970382733355 677.9608755468083 0 0 10.0 1 910
687.0718443488136 628.6454814383407 0 0 12.0 1 911
661.3568959353252 437.2635605793593 0 0 10.0 1 912
566.4753629893008 480.69047972084763 0 0 11.0 1 913
494.6688585491298 306.5826182072906 0 0 10.0 1 914
577.4914515747905 526.5732381582845 0 0 10.0 1 915
489.31324255049077 65.72594371516476 0 0 12.0 1 916
506.62014243251895 749.0804280214938 0 0 13.0 1 917
140.8640001230633 543.054302863564 0 0 11.0 1 918
150.20316278647192 359.86846479240864 0 0 11.0 1 919
429.53523913289206 613.9711888300919 0 0 10.0 1 920
212.91812808155544 594.6801818354675 0 0 10.0 1 921
647.6604546743877 446.5649996292882 0 0 12.0 1 922
722.6701947290878 519.2474126909784 0 0 10.0 1 923
571.5871984663179 494.73031891892066 0 0 12.0 1 924
192.6676620453913 164.18375450729454 0 0 11.0 1 925
539.0114180031395 423.59715374269575 0 0 10.0 1 926
720.6968757412222 306.67522360155874 0 0 11.0 1 927
353.9094942543728 733.8332896523538 0 0 11.0 1 928
413.5497079587981 254.63010829531692 0 0 13.0 1 929
103.63996321789642 287.48454062436474 0 0 10.0 1 930
283.42370554319564 344.7644356349965 0 0 12.0 1 931
501.14646463949725 278.61881245048335 0 0 13.0 1 932
644.1364052085047 333.61916201290603 0 0 12.0 1 933
80.99665160269814 248.8515176678587 0 0 12.0 1 934
410.7468079029566 527.5480541595871 0 0 10.0 1 935
307.68413644010775 702.214793375823 0 0 10.0 1 936
560.6378529122343 229.8486549810805 0 0 12.0 1 937
382.64332588400504 98.4991776733749 0 0 10.0 1 938
371.82412680065033 253.6882774024782 0 0 12.0 1 939
655.7485466876838 278.8320138521002 0 0 12.0 1 940
89.86771811708115 309.73944530364463 0 0 10.0 1 941
180.0343548025685 403.8877928028216 0 0 12.0 1 942
517.4659950067122 722.2588090604864 0 0 13.0 1 943
175.7393668008892 211.43656664895528 0 0 11.0 1 944
254.10205007655378 310.81038060325864 0 0 12.0 1 945
322.2369715742352 167.66853116709805 0 0 12.0 1 946
354.61178340863523 264.39428553834705 0 0 10.0 1 947
596.0 400.0 0 0 10.0 1 948
636.406059117535 416.7682799510418 0 0 11.0 1 949
661.8265742902222 473.694267045997 0 0 10.0 1 950
637.8687260558944 376.77352449152306 0 0 11.0 1 951
272.26170090529536 685.7480130191491 0 0 13.0 1 952
289.41437359464146 201.75817991015498 0 0 11.0 1 953
688.216633367171 572.7054493943193 0 0 11.0 1 954
656.6522517996543 278.40385842401577 0 0 11.0 1 955
269.2424736869204 297.7333421271415 0 0 12.0 1 956
329.2550377869858 554.5805625603659 0 0 10.0 1 957
328.9170804753206 113.692091356442 0 0 10.0 1 958
486.7319349623263 75.38704360779002 0 0 11.0 1 959
212.6765930033002 686.1362283793312 0 0 12.0 1 960
556.9098806487954 268.07468266181513 0 0 12.0 1 961
543.5612020304187 713.7119399569951 0 0 12.0 1 962
559.4199743889188 310.1430483165801 0 0 13.0 1 963
160.49631645623077 624.1026228515991 0 0 10.0 1 964
683.458050495296 537.3918979030649 0 0 10.0 1 965
254.57420321894048 205.3199095166792 0 0 12.0 1 966
648.4891842806321 364.58636850666045 0 0 12.0 1 967
536.6991434311071 164.84612657835805 0 0 13.0 1 968
739.0511436367897 505.2108454418318 0 0 13.0 1 969
220.0708854832851 680.2044142215302 0 0 13.0 1 970
446.31671300895397 520.3983475636032 0 0 10.0 1 971
644.260046336015 505.323453057369 0 0 12.0 1 972
272.3460031825076 515.275570250247 0 0 10.0 1 973
358.7960025806095 234.0384665150901 0 0 13.0 1 974
538.567071572221 534.343465326375 0 0 12.0 1 975
233.47859794512527 377.7598862934841 0 0 10.0 1 976
534.9356799997547 511.4332188487965 0 0 13.0 1 977
494.2308757490159 498.0639692016059 0 0 11.0 1 978
167.3728327938128 625.5229502237513 0 0 10.0 1 979
150.0626766694478 613.9446994116914 0 0 13.0 1 980
390.37063609665984 158.19165574609082 0 0 11.0 1 981
419.47858932410884 631.1808481642515 0 0 13.0 1 982
552.3887659986593 342.1496413372755 0 0 11.0 1 983
313.78530795486813 602.4031296091122 0 0 11.0 1 984
701.9888565033567 599.6164586094919 0 0 12.0 1 985
144.65147887532837 443.33742908206636 0 0 12.0 1 986
476.01637969630866 528.1503414660556 0 0 11.0 1 987
550.1685234467207 620.7677842571958 0 0 13.0 1 988
745.6616626985751 384.70245312291837 0 0 10.0 1 989
266.7661158071128 273.09557886788843 0 0 10.0 1 990
37.749395230992604 335.20417185891995 0 0 11.0 1 991
711.2938184507859 534.2280097234891 0 0 11.0 1 992
210.74331132317485 416.79005035976024 0 0 11.0 1 993
277.5864753821248 566.9249202205257 0 0 10.0 1 994
224.7446945246291 156.51370079050764 0 0 12.0 1 995
205.21785408757256 214.47125388838035 0 0 11.0 1 996
562.6790112317925 445.78798209843194 0 0 12.0 1 997
650.6905423023842 614.6025442536423 0 0 10.0 1 998
149.08848855244617 393.3356603399843 0 0 13.0 1 999
227.1987106418409 246.7005727468045 0 0 13.0 1 1000
475.93601926337556 258.03267637082024 0 0 12.0 1 1001
576.8234875905644 379.56830314659265 0 0 10.0 1 1002
511.5636200765913 622.6085323508648 0 0 12.0 1 1003
515.0452923643719 266.8062287312346 0 0 12.0 1 1004
724.5094087650218 479.0546875458756 0 0 11.0 1 1005
294.6007712447505 247.96052296262465 0 0 10.0 1 1006
196.31823083313793 688.31014014262 0 0 11.0 1 1007
561.4866209245982 387.113136054295 0 0 10.0 1 1008
622.9655965083397 347.7760325743028 0 0 12.0 1 1009
236.22707136767497 307.68300347611296 0 0 10.0 1 1010
567.0523924440381 670.5873208018497 0 0 12.0 1 1011
406.6822803911106 98.07393764569679 0 0 12.0 1 1012
326.7581567677029 560.03634712132 0 0 12.0 1 1013
339.2425618641172 532.7574243165495 0 0 11.0 1 1014
183.83362050226307 529.5225709088588 0 0 10.0 1 1015
98.80060454663783 340.6036686441902 0 0 10.0 1 1016
217.26228926824834 583.5427173072216 0 0 13.0 1 1017
547.49760549093 573.8633267093494 0 0 13.0 1 1018
290.0925308645818 235.30528779512352 0 0 11.0 1 1019
330.9861132117422 505.41861045554305 0 0 11.0 1 1020
632.2415727935636 274.4617513808166 0 0 12.0 1 1021
145.00389547686893 518.0592507092452 0 0 12.0 1 1022
567.8071040421444 437.7462028949789 0 0 11.0 1 1023
417.40712770980105 265.11860059706277 0 0 10.0 1 1024
339.6042273235292 634.3423791012033 0 0 10.0 1 1025
354.7184846462554 548.238268902698 0 0 10.0 1 1026
394.19054905005095 254.11562702036883 0 0 13.0 1 1027
518.7993017260225 316.86320965174633 0 0 10.0 1 1028
194.1857099645406 309.08532562231886 0 0 12.0 1 1029
228.4015820416146 299.22806465002634 0 0 10.0 1 1030
641.6305165289936 425.76224916290863 0 0 11.0 1 1031
67.04440944800456 561.370922784038 0 0 13.0 1 1032
317.3449568287271 137.71552878915037 0 0 12.0 1 1033
731.4071968971333 287.44214889762367 0 0 10.0 1 1034
487.70551217768957 290.8773940301591 0 0 12.0 1 1035
415.74578407297633 554.198152660553 0 0 12.0 1 1036
661.7438023902505 388.41630843411735 0 0 12.0 1 1037
477.7973452132962 276.4541660849577 0 0 12.0 1 1038
458.3838962224644 65.05027144079588 0 0 10.0 1 1039
217.22192685464353 309.4010155836683 0 0 12.0 1 1040
102.06554245550808 330.2070275194605 0 0 11.0 1 1041
231.34928334534166 544.3639005148799 0 0 12.0 1 1042
280.9129460484138 203.23040483567587 0 0 12.0 1 1043
494.59665956307947 282.3034749896716 0 0 13.0 1 1044
308.7956050478001 637.060663842408 0 0 10.0 1 1045
279.37247065008637 505.11421960389436 0 0 12.0 1 1046
696.9686858999489 521.8630362122063 0 0 12.0 1 1047
744.0692071289609 452.1572689627074 0 0 13.0 1 1048
388.26172582030847 105.23362993841653 0 0 13.0 1 1049
691.2904168455129 534.8736188213518 0 0 11.0 1 1050
321.72551723025265 211.6144768111718 0 0 13.0 1 1051
453.678507555653 765.0748112737958 0 0 10.0 1 1052
398.1412553887717 539.9876604150174 0 0 12.0 1 1053
474.8243138243269 247.35229428282048 0 0 10.0 1 1054
177.18623253213983 437.81567170867567 0 0 13.0 1 1055
454.45216678153713 549.3852788356191 0 0 10.0 1 1056
334.1415776974097 87.87235269554594 0 0 10.0 1 1057
196.5688286543523 677.4017997867672 0 0 13.0 1 1058
203.4147621172557 464.8324320582287 0 0 10.0 1 1059
248.29442558049172 355.84777819806766 0 0 11.0 1 1060
161.603124986005 309.4907187987792 0 0 11.0 1 1061
256.4029832060573 539.2116976689823 0 0 13.0 1 1062
311.9791340357841 254.5616035741952 0 0 11.0 1 1063
659.4538096588822 448.7823805640162 0 0 13.0 1 1064
313.4587768845656 532.1915908886969 0 0 11.0 1 1065
559.4946098687883 215.344998922848 0 0 11.0 1 1066
229.1332612974556 261.4194905293085 0 0 10.0 1 1067
571.6530396378578 463.43685035595655 0 0 13.0 1 1068
275.10057392829907 660.6168324705059 0 0 10.0 1 1069
635.1235835962134 457.27914486856855 0 0 11.0 1 1070
508.24234269391803 329.8245395588143 0 0 10.0 1 1071
310.6968339653595 65.72325157709605 0 0 13.0 1 1072
72.3107554351044 335.37988705915154 0 0 12.0 1 1073
129.79603067763946 271.97338182065084 0 0 10.0 1 1074
460.8431458694127 286.2497841728932 0 0 11.0 1 1075
658.785039546822 306.9661174262311 0 0 11.0 1 1076
597.3051158238866 218.63106310692922 0 0 11.0 1 1077
578.4219364170524 626.0743519402174 0 0 11.0 1 1078
522.3065979111632 504.70002916617096 0 0 10.0 1 1079
567.90106062938 462.05025253396843 0 0 11.0 1 1080
196.01517032041133 309.8934560612316 0 0 12.0 1 1081
290.89544945725817 280.2494382022936 0 0 11.0 1 1082
292.2771875695855 255.79252556791053 0 0 12.0 1 1083
116.90067902868168 377.3996799673435 0 0 12.0 1 1084
581.0769885669965 491.76123479720513 0 0 11.0 1 1085
99.56076371932681 614.2364705251789 0 0 11.0 1 1086
453.26328655041624 516.3916762738996 0 0 13.0 1 1087
238.2872647730297 191.32563342515738 0 0 10.0 1 1088
557.7603869308539 285.38472913513107 0 0 11.0 1 1089
561.5940150929987 411.46186224501594 0 0 10.0 1 1090
199.26398172074295 331.8160505295434 0 0 13.0 1 1091
579.8661262258298 361.21628387436476 0 0 11.0 1 1092
572.3664089622514 435.57837912915505 0 0 13.0 1 1093
323.34381412633456 113.06302230750731 0 0 10.0 1 1094
242.33815411135717 441.37320813021194 0 0 12.0 1 1095
79.803767097952 422.7018156837162 0 0 13.0 1 1096
585.2734774704858 349.62402808884565 0 0 12.0 1 1097
718.9182157206101 517.8608148689902 0 0 13.0 1 1098
518.9628762165509 64.46485417726268 0 0 11.0 1 1099
231.68964725989096 325.65199962002964 0 0 12.0 1 1100
273.9686493367907 301.4297273514617 0 0 12.0 1 1101
635.6438798086263 283.2054714092407 0 0 10.0 1 1102
661.989806302415 397.6888544781619 0 0 12.0 1 1103
318.1314879956631 612.794611638067 0 0 13.0 1 1104
75.65851726167136 239.23121392788198 0 0 10.0 1 1105
516.5494668176177 564.9855199238073 0 0 11.0 1 1106
487.9607314291194 45.757272867241056 0 0 12.0 1 1107
670.8347447834335 259.7375994141965 0 0 13.0 1 1108
392.90698521154246 79.07837539173102 0 0 13.0 1 1109
612.6996854297181 411.3068040621104 6 18 11.0 1 1110
393.0366170120474 225.13859403126403 8 4 10.0 1 1111
548.4995125183061 378.8364752031835 -14 -12 10.0 1 1112
518.0312318597985 287.5827935516165 -11 -1 10.0 1 1113
480.60145810538825 712.7817209353599 -9 6 12.0 1 1114
295.4143064732866 742.3825823688121 -9 9 11.0 1 1115
521.4922964598622 237.36967717885773 21 4 11.0 1 1116
529.0575135827316 348.37482990010545 0 5 13.0 1 1117
264.9002575471896 452.65984797912256 0 11 10.0 1 1118
614.2004390250409 630.961407861746 6 6 12.0 1 1119
454.1794774234762 216.84546353934056 -16 -17 13.0 1 1120
602.6048043990305 483.1402022756174 7 17 12.0 1 1121
169.63072653699774 511.6512330613885 7 19 13.0 1 1122
237.6901439456742 221.85255930094297 14 13 13.0 1 1123
378.174994928708 548.4037369935072 5 -14 11.0 1 1124
284.7858206305965 670.4841822958135 -5 16 11.0 1 1125
356.96516657159975 758.4257288641397 -6 -1 10.0 1 1126
504.64374175074335 494.50231379391585 -6 19 10.0 1 1127
486.13672121825124 588.2271639741971 16 -6 11.0 1 1128
691.1401238844782 476.40960845686044 -13 -11 10.0 1 1129
485.53540961509543 306.1240515255487 -11 12 11.0 1 1130
235.52328183004394 386.8695323753932 10 18 13.0 1 1131
155.50553170437922 485.46025376069093 16 20 12.0 1 1132
272.2435137755148 303.67616999115467 -16 6 13.0 1 1133
133.0432055909697 576.4484908375664 11 -1 13.0 1 1134
285.2310899533786 345.6208009739888 -4 -7 10.0 1 1135
151.20572071580315 616.7980779330321 15 18 12.0 1 1136
176.4538816646447 141.17354660468857 2 -4 12.0 1 1137
459.11194376896646 178.7608124588807 3 -2 13.0 1 1138
463.5507737731587 123.20169951238358 18 0 10.0 1 1139
442.2518004262206 706.0976729097149 1 -17 10.0 1 1140
552.3652502548155 637.2948177158269 -7 3 10.0 1 1141
557.7682733134968 645.7095275639058 -17 3 11.0 1 1142
552.9325273590327 679.9511423008998 6 -16 11.0 1 1143
442.3318311617752 687.9045259638879 1 0 13.0 1 1144
721.12465491577 484.2790365703577 2 19 12.0 1 1145
346.0784310173243 165.1096758092268 8 -9 10.0 1 1146
329.62145498031083 673.0766566385922 -10 20 11.0 1 1147
663.9602438157392 432.87840757603004 16 -3 11.0 1 1148
360.95874523360817 563.4006744975849 -12 -9 13.0 1 1149
368.00907759314885 152.05528663922107 -5 13 12.0 1 1150
450.2429164339541 564.4981743005396 -11 11 12.0 1 1151
287.9887237284321 469.8389145678432 -1 5 11.0 1 1152
388.07349460359524 541.4982631307873 21 2 12.0 1 1153
167.90485288427058 591.6581401488805 -2 -5 12.0 1 1154
427.11889806761707 721.8595429183329 17 -12 11.0 1 1155
603.4926186473492 352.33707776432 18 -16 11.0 1 1156
204.62342272243572 630.2867626488851 6 14 10.0 1 1157
439.6782157741601 274.1046498357497 0 5 11.0 1 1158
585.0669415246148 217.37955439019206 0 -4 12.0 1 1159
243.80192197589903 190.89916207347025 3 18 13.0 1 1160
720.8870901373317 391.4867524882723 8 17 13.0 1 1161
256.2043557869373 435.0258862179143 -6 -10 10.0 1 1162
374.83170840469717 173.39338690547044 20 16 13.0 1 1163
586.6874473496534 167.72473872133872 10 -1 12.0 1 1164
167.91493367903593 472.01056860484937 7 4 10.0 1 1165
525.9565649711876 571.7671206624219 10 7 12.0 1 1166
299.4820882442401 497.4481883682876 -8 5 10.0 1 1167
705.26088078984 220.7465630471454 10 -10 12.0 1 1168
567.59256020241 99.58572975838587 7 -5 12.0 1 1169
716.6900204492725 385.9846174565466 13 17 13.0 1 1170
480.55731886738425 49.1289148748524 2 13 12.0 1 1171
42.01402415071993 396.8312312740354 -16 11 10.0 1 1172
601.0686216394429 470.28804586851555 11 11 10.0 1 1173
488.7862640499898 99.85670203043765 15 3 10.0 1 1174
