400 400 7.071067811865475 -7.0710678118654755 5 2 -1 10 187
742.842712474619 57.15728752538092
800.0 400.0 0 0 24.0 1 0
799.4518139018296 420.9343824971775 0 0 24.0 1 1
797.8087581473094 441.8113853070614 0 0 24.0 1 2
795.0753362380551 462.57378601609236 0 0 24.0 1 3
791.2590402935223 483.16467632710373 0 0 24.0 1 4
786.3703305156273 503.5276180410083 0 0 24.0 1 5
780.4226065180615 523.6067977499789 0 0 24.0 1 6
773.4321705988807 543.3471798181201 0 0 24.0 1 7
765.4181830570403 562.6946572303201 0 0 24.0 1 8
756.4026096753471 581.5961998958187 0 0 24.0 1 9
746.4101615137755 600.0 0 0 24.0 1 10
735.4682271781696 617.8556140060108 0 0 24.0 1 11
723.606797749979 635.1141009169893 0 0 24.0 1 12
710.8583845827884 651.728156419935 0 0 24.0 1 13
697.2579301909577 667.6522425435433 0 0 24.0 1 14
682.842712474619 682.842712474619 0 0 24.0 1 15
667.6522425435433 697.2579301909577 0 0 24.0 1 16
651.728156419935 710.8583845827884 0 0 24.0 1 17
635.1141009169893 723.606797749979 0 0 24.0 1 18
617.8556140060108 735.4682271781696 0 0 24.0 1 19
600.0 746.4101615137754 0 0 24.0 1 20
581.5961998958187 756.4026096753471 0 0 24.0 1 21
562.6946572303201 765.4181830570403 0 0 24.0 1 22
543.3471798181201 773.4321705988807 0 0 24.0 1 23
523.606797749979 780.4226065180615 0 0 24.0 1 24
503.5276180410083 786.3703305156273 0 0 24.0 1 25
483.1646763271038 791.2590402935223 0 0 24.0 1 26
462.57378601609236 795.0753362380551 0 0 24.0 1 27
441.8113853070614 797.8087581473094 0 0 24.0 1 28
420.9343824971776 799.4518139018296 0 0 24.0 1 29
400.0 800.0 0 0 24.0 1 30
379.0656175028225 799.4518139018296 0 0 24.0 1 31
358.1886146929386 797.8087581473094 0 0 24.0 1 32
337.4262139839077 795.0753362380551 0 0 24.0 1 33
316.83532367289627 791.2590402935223 0 0 24.0 1 34
296.47238195899166 786.3703305156273 0 0 24.0 1 35
276.3932022500211 780.4226065180615 0 0 24.0 1 36
256.65282018187986 773.4321705988807 0 0 24.0 1 37
237.3053427696799 765.4181830570403 0 0 24.0 1 38
218.4038001041813 756.4026096753471 0 0 24.0 1 39
200.00000000000009 746.4101615137755 0 0 24.0 1 40
182.14438599398918 735.4682271781696 0 0 24.0 1 41
164.8858990830108 723.606797749979 0 0 24.0 1 42
148.27184358006508 710.8583845827884 0 0 24.0 1 43
132.3477574564567 697.2579301909577 0 0 24.0 1 44
117.15728752538104 682.842712474619 0 0 24.0 1 45
102.74206980904233 667.6522425435434 0 0 24.0 1 46
89.14161541721165 651.728156419935 0 0 24.0 1 47
76.39320225002109 635.1141009169893 0 0 24.0 1 48
64.53177282183043 617.8556140060109 0 0 24.0 1 49
53.589838486224494 600.0 0 0 24.0 1 50
43.597390324652906 581.5961998958187 0 0 24.0 1 51
34.58181694295968 562.6946572303202 0 0 24.0 1 52
26.567829401119297 543.3471798181201 0 0 24.0 1 53
19.5773934819386 523.606797749979 0 0 24.0 1 54
13.629669484372698 503.5276180410084 0 0 24.0 1 55
8.740959706477724 483.16467632710373 0 0 24.0 1 56
4.924663761944942 462.5737860160924 0 0 24.0 1 57
2.1912418526906663 441.81138530706147 0 0 24.0 1 58
0.5481860981704472 420.9343824971775 0 0 24.0 1 59
0.0 400.00000000000006 0 0 24.0 1 60
0.5481860981704472 379.0656175028226 0 0 24.0 1 61
2.1912418526906663 358.1886146929386 0 0 24.0 1 62
4.924663761944885 337.4262139839077 0 0 24.0 1 63
8.740959706477781 316.8353236728962 0 0 24.0 1 64
13.629669484372698 296.47238195899166 0 0 24.0 1 65
19.577393481938543 276.3932022500211 0 0 24.0 1 66
26.567829401119297 256.65282018187986 0 0 24.0 1 67
34.58181694295968 237.30534276967992 0 0 24.0 1 68
43.59739032465285 218.40380010418136 0 0 24.0 1 69
53.58983848622455 199.99999999999994 0 0 24.0 1 70
64.53177282183037 182.14438599398918 0 0 24.0 1 71
76.39320225002103 164.8858990830108 0 0 24.0 1 72
89.14161541721171 148.27184358006497 0 0 24.0 1 73
102.74206980904228 132.3477574564567 0 0 24.0 1 74
117.15728752538092 117.15728752538104 0 0 24.0 1 75
132.34775745645675 102.74206980904228 0 0 24.0 1 76
148.27184358006485 89.14161541721177 0 0 24.0 1 77
164.8858990830107 76.39320225002109 0 0 24.0 1 78
182.1443859939892 64.53177282183032 0 0 24.0 1 79
199.99999999999983 53.58983848622461 0 0 24.0 1 80
218.40380010418124 43.597390324652906 0 0 24.0 1 81
237.30534276967995 34.58181694295962 0 0 24.0 1 82
256.65282018187975 26.567829401119354 0 0 24.0 1 83
276.393202250021 19.5773934819386 0 0 24.0 1 84
296.4723819589917 13.629669484372698 0 0 24.0 1 85
316.8353236728961 8.740959706477781 0 0 24.0 1 86
337.4262139839076 4.924663761944942 0 0 24.0 1 87
358.18861469293864 2.1912418526906663 0 0 24.0 1 88
379.0656175028223 0.5481860981704472 0 0 24.0 1 89
399.99999999999994 0.0 0 0 24.0 1 90
420.9343824971776 0.5481860981704472 0 0 24.0 1 91
441.8113853070612 2.1912418526906663 0 0 24.0 1 92
462.5737860160923 4.924663761944885 0 0 24.0 1 93
483.1646763271038 8.740959706477781 0 0 24.0 1 94
503.5276180410081 13.629669484372641 0 0 24.0 1 95
523.6067977499789 19.577393481938543 0 0 24.0 1 96
543.3471798181201 26.567829401119297 0 0 24.0 1 97
562.6946572303199 34.58181694295956 0 0 24.0 1 98
581.5961998958187 43.59739032465279 0 0 24.0 1 99
756.4026096753471 218.40380010418122 0 0 24.0 1 100
765.4181830570403 237.30534276967995 0 0 24.0 1 101
773.4321705988806 256.6528201818797 0 0 24.0 1 102
780.4226065180615 276.3932022500209 0 0 24.0 1 103
786.3703305156273 296.4723819589917 0 0 24.0 1 104
791.2590402935223 316.83532367289604 0 0 24.0 1 105
795.0753362380551 337.4262139839076 0 0 24.0 1 106
797.8087581473094 358.18861469293864 0 0 24.0 1 107
799.4518139018296 379.06561750282225 0 0 24.0 1 108
800.0 399.9999999999999 0 0 24.0 1 109
461.6214714674456 204.48070618430827 0 0 12.0 1 110
744.7815855010734 506.9890569140881 0 0 10.0 1 111
471.10188522107535 697.6248005761768 0 0 12.0 1 112
202.15638503639767 535.8598690494506 0 0 10.0 1 113
711.0378924475906 275.57962601823976 0 0 12.0 1 114
326.5389806918189 151.6363983144812 0 0 12.0 1 115
265.3144436992771 232.414795032602 0 0 13.0 1 116
294.30576136416454 84.21886072915777 0 0 11.0 1 117
410.4903217197913 738.8376501367804 0 0 12.0 1 118
398.7164982530539 108.0028208641981 0 0 13.0 1 119
525.9361497007056 500.3049659715881 0 0 11.0 1 120
456.323288120495 76.87202656641483 0 0 11.0 1 121
391.62985921757354 571.7962186524557 0 0 13.0 1 122
514.4223112854286 668.6476031534629 0 0 10.0 1 123
433.33036654499216 520.474423285511 0 0 13.0 1 124
264.371027965739 419.3334411042018 0 0 13.0 1 125
535.4868960888083 294.0410410195511 0 0 12.0 1 126
177.74998963515554 156.06367041207957 0 0 12.0 1 127
107.04575435069347 405.1778331419397 0 0 12.0 1 128
498.620304003505 615.5064631008922 0 0 10.0 1 129
295.84507933787995 536.8786049821792 0 0 12.0 1 130
208.21602348729246 497.17976308354145 0 0 12.0 1 131
233.26316207510413 475.41768279924145 0 0 13.0 1 132
248.50157532745826 358.8025811277188 0 0 11.0 1 133
343.17138945343913 73.91487457513904 0 0 13.0 1 134
88.00844379749458 338.475461331767 0 0 10.0 1 135
605.4040108270887 690.7665598657198 0 0 12.0 1 136
336.2025766792705 209.3933663860682 0 0 12.0 1 137
242.50108199482995 387.4265825170432 0 0 10.0 1 138
98.53054234627166 467.80240483911246 0 0 13.0 1 139
630.2456474997969 552.1937640227065 0 0 13.0 1 140
270.94464930533144 263.293319632594 0 0 11.0 1 141
63.21084394889516 411.9190757353313 0 0 11.0 1 142
486.7319349623263 75.38704360779002 0 0 13.0 1 143
341.32329604685293 528.2109371824212 0 0 12.0 1 144
656.3131842035384 648.5006068472328 0 0 12.0 1 145
384.45279911469805 552.2080304866734 0 0 10.0 1 146
468.8380688219367 205.84202236100032 0 0 10.0 1 147
655.7485466876838 278.8320138521002 0 0 12.0 1 148
325.6720088381678 593.1951079345608 0 0 10.0 1 149
750.8765378137178 390.69112187969966 0 0 12.0 1 150
550.9374551814043 298.3049429747858 0 0 12.0 1 151
624.083641732667 650.3647768912906 0 0 10.0 1 152
171.55343116779835 479.8508934752401 0 0 10.0 1 153
528.9380957671083 367.381485932802 0 0 11.0 1 154
360.4239908040571 669.1054430815598 18 10 12.0 1 155
303.3510930993833 522.4540272711189 -10 15 10.0 1 156
534.3666748897422 291.0293769905195 21 -16 11.0 1 157
386.70091191099146 223.50032788698786 4 15 10.0 1 158
287.5956171991123 726.1751902385458 22 -13 10.0 1 159
169.6558654457942 358.79830493203065 -7 -12 11.0 1 160
267.7039022667128 454.2839066809356 19 1 12.0 1 161
410.9742579011962 254.41303058474625 -2 21 13.0 1 162
555.2606373588737 583.0140281151047 -13 -16 10.0 1 163
114.98111985949896 327.8873245299088 -17 13 10.0 1 164
256.3129393904504 331.918955550112 4 15 13.0 1 165
213.96808490289797 202.93877457677112 12 20 10.0 1 166
449.51887743707346 252.06798596188824 -2 -1 13.0 1 167
423.5270049525645 87.88546967825738 -9 -1 13.0 1 168
442.3796170693731 251.94606368943346 1 -12 13.0 1 169
611.4501578206771 262.91305402186987 3 -15 12.0 1 170
98.75619209838476 421.35809450617535 0 7 12.0 1 171
601.9384874583461 323.33940201749397 22 18 11.0 1 172
627.3367627054869 234.8364558306248 22 1 12.0 1 173
215.51897237478303 471.90793034390526 18 9 13.0 1 174
443.98071484895377 191.59007528101014 5 5 13.0 1 175
564.0702749060076 210.04751938374937 -1 -5 13.0 1 176
586.1368287849784 461.3928413568847 -15 19 13.0 1 177
510.81160112261915 545.6358096645243 -11 3 13.0 1 178
664.9584767916382 404.6910101529346 10 9 10.0 1 179
555.7960837559062 419.40567665201775 11 -7 11.0 1 180
599.2864798463369 196.2602175556881 20 -11 13.0 1 181
510.85196010057314 104.08135756282451 7 21 11.0 1 182
754.6285455066854 486.392098665403 -11 18 10.0 1 183
309.06485303742903 728.651485690991 0 0 13.0 1 184
610.5276532964456 497.4787525437807 3 3 13.0 1 185
441.60847251637085 183.97052281030162 1 12 13.0 1 186
443.8926470447146 717.9849611780534 -8 -7 11.0 1 187
670.8771207531299 227.76009332186038 9 -2 12.0 1 188
381.0276362080116 685.3700219226687 11 -11 13.0 1 189
219.99394670153546 342.39079261168104 19 -13 12.0 1 190
159.81209901185377 357.03754873254474 -11 7 11.0 1 191
620.4149791330149 613.6966002859956 -5 3 12.0 1 192
167.70641959806932 533.6551252442337 20 -5 12.0 1 193
610.8284489299245 469.53678970014494 19 13 10.0 1 194
513.9667057044459 125.73627656783293 9 9 13.0 1 195
295.5503178798681 721.4564727999787 1 -6 10.0 1 196
539.9280976665038 314.4656356577465 15 5 11.0 1 197
453.1023528022291 554.1075602521421 22 -4 10.0 1 198
504.99710809613975 299.99696358886126 -10 -17 12.0 1 199
646.6776750923464 446.38021788472753 6 -5 10.0 1 200
466.49891114352135 212.43962354290807 10 -8 13.0 1 201
630.4078805223377 195.6077090661095 14 -6 13.0 1 202
157.25439525067915 579.6623816353509 -1 21 13.0 1 203
534.628341507166 346.1464052914769 22 -14 13.0 1 204
214.7598483358139 579.5830899929872 -14 -2 11.0 1 205
597.0627939709921 380.7579826331446 9 0 13.0 1 206
307.7017381191675 305.6335289746551 13 -13 13.0 1 207
142.9865748665556 494.9742033458316 -3 7 13.0 1 208
712.6819687418324 251.85822188277976 15 20 13.0 1 209
352.25212704088943 279.086226475721 15 -10 12.0 1 210
547.9072459868785 405.23894880458175 12 10 12.0 1 211
604.5621025968749 649.9666901431982 -12 12 11.0 1 212
553.905260545467 670.2483501826273 -9 14 10.0 1 213
537.3954611140116 249.20713788355854 18 -15 10.0 1 214
226.6742449316016 283.2130887900122 -9 1 12.0 1 215
570.2370234358897 315.6237245922271 -14 11 10.0 1 216
635.4352544863652 250.29615587787865 -6 -1 11.0 1 217
648.0829359170481 430.90075900002824 -15 10 10.0 1 218
479.7671290494206 78.7552255316624 -10 10 11.0 1 219
