400 400 -7.071067811865475 -7.071067811865477 5 2 -1 10 187
57.15728752538104 57.15728752538092
800.0 400.0 0 0 24.0 1 0
799.4518139018296 420.9343824971775 0 0 24.0 1 1
797.8087581473094 441.8113853070614 0 0 24.0 1 2
795.0753362380551 462.57378601609236 0 0 24.0 1 3
791.2590402935223 483.16467632710373 0 0 24.0 1 4
786.3703305156273 503.5276180410083 0 0 24.0 1 5
780.4226065180615 523.6067977499789 0 0 24.0 1 6
773.4321705988807 543.3471798181201 0 0 24.0 1 7
765.4181830570403 562.6946572303201 0 0 24.0 1 8
756.4026096753471 581.5961998958187 0 0 24.0 1 9
746.4101615137755 600.0 0 0 24.0 1 10
735.4682271781696 617.8556140060108 0 0 24.0 1 11
723.606797749979 635.1141009169893 0 0 24.0 1 12
710.8583845827884 651.728156419935 0 0 24.0 1 13
697.2579301909577 667.6522425435433 0 0 24.0 1 14
682.842712474619 682.842712474619 0 0 24.0 1 15
667.6522425435433 697.2579301909577 0 0 24.0 1 16
651.728156419935 710.8583845827884 0 0 24.0 1 17
635.1141009169893 723.606797749979 0 0 24.0 1 18
617.8556140060108 735.4682271781696 0 0 24.0 1 19
600.0 746.4101615137754 0 0 24.0 1 20
581.5961998958187 756.4026096753471 0 0 24.0 1 21
562.6946572303201 765.4181830570403 0 0 24.0 1 22
543.3471798181201 773.4321705988807 0 0 24.0 1 23
523.606797749979 780.4226065180615 0 0 24.0 1 24
503.5276180410083 786.3703305156273 0 0 24.0 1 25
483.1646763271038 791.2590402935223 0 0 24.0 1 26
462.57378601609236 795.0753362380551 0 0 24.0 1 27
441.8113853070614 797.8087581473094 0 0 24.0 1 28
420.9343824971776 799.4518139018296 0 0 24.0 1 29
400.0 800.0 0 0 24.0 1 30
379.0656175028225 799.4518139018296 0 0 24.0 1 31
358.1886146929386 797.8087581473094 0 0 24.0 1 32
337.4262139839077 795.0753362380551 0 0 24.0 1 33
316.83532367289627 791.2590402935223 0 0 24.0 1 34
296.47238195899166 786.3703305156273 0 0 24.0 1 35
276.3932022500211 780.4226065180615 0 0 24.0 1 36
256.65282018187986 773.4321705988807 0 0 24.0 1 37
237.3053427696799 765.4181830570403 0 0 24.0 1 38
218.4038001041813 756.4026096753471 0 0 24.0 1 39
200.00000000000009 746.4101615137755 0 0 24.0 1 40
182.14438599398918 735.4682271781696 0 0 24.0 1 41
164.8858990830108 723.606797749979 0 0 24.0 1 42
148.27184358006508 710.8583845827884 0 0 24.0 1 43
132.3477574564567 697.2579301909577 0 0 24.0 1 44
117.15728752538104 682.842712474619 0 0 24.0 1 45
102.74206980904233 667.6522425435434 0 0 24.0 1 46
89.14161541721165 651.728156419935 0 0 24.0 1 47
76.39320225002109 635.1141009169893 0 0 24.0 1 48
64.53177282183043 617.8556140060109 0 0 24.0 1 49
53.589838486224494 600.0 0 0 24.0 1 50
43.597390324652906 581.5961998958187 0 0 24.0 1 51
34.58181694295968 562.6946572303202 0 0 24.0 1 52
26.567829401119297 543.3471798181201 0 0 24.0 1 53
19.5773934819386 523.606797749979 0 0 24.0 1 54
13.629669484372698 503.5276180410084 0 0 24.0 1 55
8.740959706477724 483.16467632710373 0 0 24.0 1 56
4.924663761944942 462.5737860160924 0 0 24.0 1 57
2.1912418526906663 441.81138530706147 0 0 24.0 1 58
0.5481860981704472 420.9343824971775 0 0 24.0 1 59
0.0 400.00000000000006 0 0 24.0 1 60
0.5481860981704472 379.0656175028226 0 0 24.0 1 61
2.1912418526906663 358.1886146929386 0 0 24.0 1 62
4.924663761944885 337.4262139839077 0 0 24.0 1 63
8.740959706477781 316.8353236728962 0 0 24.0 1 64
13.629669484372698 296.47238195899166 0 0 24.0 1 65
19.577393481938543 276.3932022500211 0 0 24.0 1 66
26.567829401119297 256.65282018187986 0 0 24.0 1 67
34.58181694295968 237.30534276967992 0 0 24.0 1 68
43.59739032465285 218.40380010418136 0 0 24.0 1 69
218.40380010418124 43.597390324652906 0 0 24.0 1 70
237.30534276967995 34.58181694295962 0 0 24.0 1 71
256.65282018187975 26.567829401119354 0 0 24.0 1 72
276.393202250021 19.5773934819386 0 0 24.0 1 73
296.4723819589917 13.629669484372698 0 0 24.0 1 74
316.8353236728961 8.740959706477781 0 0 24.0 1 75
337.4262139839076 4.924663761944942 0 0 24.0 1 76
358.18861469293864 2.1912418526906663 0 0 24.0 1 77
379.0656175028223 0.5481860981704472 0 0 24.0 1 78
399.99999999999994 0.0 0 0 24.0 1 79
420.9343824971776 0.5481860981704472 0 0 24.0 1 80
441.8113853070612 2.1912418526906663 0 0 24.0 1 81
462.5737860160923 4.924663761944885 0 0 24.0 1 82
483.1646763271038 8.740959706477781 0 0 24.0 1 83
503.5276180410081 13.629669484372641 0 0 24.0 1 84
523.6067977499789 19.577393481938543 0 0 24.0 1 85
543.3471798181201 26.567829401119297 0 0 24.0 1 86
562.6946572303199 34.58181694295956 0 0 24.0 1 87
581.5961998958187 43.59739032465279 0 0 24.0 1 88
600.0 53.58983848622455 0 0 24.0 1 89
617.8556140060107 64.53177282183032 0 0 24.0 1 90
635.1141009169892 76.39320225002098 0 0 24.0 1 91
651.728156419935 89.14161541721171 0 0 24.0 1 92
667.6522425435431 102.74206980904216 0 0 24.0 1 93
682.842712474619 117.15728752538092 0 0 24.0 1 94
697.2579301909577 132.34775745645675 0 0 24.0 1 95
710.8583845827882 148.27184358006485 0 0 24.0 1 96
723.6067977499789 164.88589908301066 0 0 24.0 1 97
735.4682271781696 182.1443859939892 0 0 24.0 1 98
746.4101615137754 199.99999999999983 0 0 24.0 1 99
756.4026096753471 218.40380010418122 0 0 24.0 1 100
765.4181830570403 237.30534276967995 0 0 24.0 1 101
773.4321705988806 256.6528201818797 0 0 24.0 1 102
780.4226065180615 276.3932022500209 0 0 24.0 1 103
786.3703305156273 296.4723819589917 0 0 24.0 1 104
791.2590402935223 316.83532367289604 0 0 24.0 1 105
795.0753362380551 337.4262139839076 0 0 24.0 1 106
797.8087581473094 358.18861469293864 0 0 24.0 1 107
799.4518139018296 379.06561750282225 0 0 24.0 1 108
800.0 399.9999999999999 0 0 24.0 1 109
215.85118725487573 584.9600355875862 0 0 13.0 1 110
500.3074696802257 100.34284335869665 0 0 12.0 1 111
207.10247541048773 532.4633723232143 0 0 12.0 1 112
334.68417735662763 756.0587638472329 0 0 11.0 1 113
207.85827441199697 671.9752880098936 0 0 12.0 1 114
76.19728616691702 564.075599996863 0 0 12.0 1 115
557.4800994946883 631.5167774981828 0 0 10.0 1 116
676.8109092566398 628.597288952674 0 0 10.0 1 117
383.79277450095833 118.46611954931035 0 0 13.0 1 118
568.7286780300232 648.0536901766244 0 0 10.0 1 119
240.0647060157316 381.51482382649175 0 0 10.0 1 120
338.7352116966521 192.87050979122756 0 0 13.0 1 121
270.96644386686586 372.17300965542046 0 0 10.0 1 122
183.3911987283608 308.8647861051311 0 0 13.0 1 123
298.2790506025756 679.037360318805 0 0 10.0 1 124
491.1814408791299 488.4021766655422 0 0 10.0 1 125
449.5611056927579 214.5068820615943 0 0 11.0 1 126
371.74721461902806 635.3099660410004 0 0 13.0 1 127
371.1374174325097 274.2703243958102 0 0 13.0 1 128
745.6613031941317 299.41042064838666 0 0 12.0 1 129
406.5168890722219 533.8414366211763 0 0 12.0 1 130
681.7066158021903 600.8914697374607 0 0 12.0 1 131
379.3028758632854 711.3127511883658 0 0 10.0 1 132
583.0376337264914 545.7848573748548 0 0 11.0 1 133
490.39195407001876 726.7266359503058 0 0 12.0 1 134
92.42128674664963 283.2252803325426 0 0 12.0 1 135
275.2563159511818 563.9360036414473 0 0 10.0 1 136
304.10146184754603 663.0655248796816 0 0 13.0 1 137
312.8726709796142 523.3281336020839 0 0 10.0 1 138
404.74228477637047 757.9685890341495 0 0 11.0 1 139
409.6808013193498 545.6786946873676 0 0 12.0 1 140
127.3802349266087 336.1371493642122 0 0 12.0 1 141
129.67856973066978 419.1657073217666 0 0 13.0 1 142
518.1876948046106 115.57836088516007 0 0 13.0 1 143
561.6417189576607 222.59663280418653 0 0 12.0 1 144
536.4563080361381 518.9145743681008 0 0 10.0 1 145
716.193696984448 357.77979171881043 0 0 12.0 1 146
299.01056543437204 79.53606426601641 0 0 11.0 1 147
150.14119077853965 642.2283539440292 0 0 10.0 1 148
530.289850894842 458.9368709196532 0 0 11.0 1 149
245.86267605156547 707.5348522785919 0 0 12.0 1 150
659.8055140634015 143.6289898170004 0 0 13.0 1 151
307.9460977395422 592.0809180491964 0 0 13.0 1 152
676.7712683423099 528.1509462321255 0 0 11.0 1 153
165.7892363176522 203.07027097126388 0 0 12.0 1 154
651.664589938874 483.00562734476756 3 -6 13.0 1 155
466.12813126293463 656.6165821915491 8 -12 12.0 1 156
536.3663161894834 720.1690612924831 11 15 13.0 1 157
366.2294615264514 37.56993677233868 16 18 11.0 1 158
434.43653628032064 533.6342956318256 -14 16 12.0 1 159
696.4110196938266 503.61711926156755 -16 19 11.0 1 160
128.68107367801542 419.2364294890056 -17 13 12.0 1 161
522.1179642953061 450.11190274146804 0 3 11.0 1 162
632.9326607879163 368.89733872702334 9 20 12.0 1 163
570.7117535761837 494.2470009652527 15 -5 10.0 1 164
443.8051608097188 269.1370645047473 -8 2 10.0 1 165
369.7725534163535 206.34489040298266 4 0 12.0 1 166
232.6534255297261 682.0977206803789 -8 21 10.0 1 167
659.1316874797454 543.0621142857169 5 19 10.0 1 168
424.6840744021035 692.9619368978015 -17 22 12.0 1 169
490.3553820766495 546.3554062198684 -3 -15 10.0 1 170
344.32597848624295 43.318905283044614 2 -12 11.0 1 171
83.70905763444046 483.00023962318585 -12 -8 13.0 1 172
601.371858709353 356.5791004245605 7 2 13.0 1 173
37.41377450771449 358.0926130227919 11 -4 12.0 1 174
319.4587802630415 235.67680649621317 -15 22 13.0 1 175
529.1407493638953 385.07797420818565 -11 20 12.0 1 176
273.6867209589777 142.29094789296818 -11 -14 10.0 1 177
421.80810241250873 274.8864249205326 17 -2 10.0 1 178
266.3477609174992 343.76763397976174 20 13 11.0 1 179
510.9332069850055 273.8341425423584 -7 -11 11.0 1 180
326.53138874022363 143.30686966815836 -12 -15 13.0 1 181
598.8548874493216 473.48968456537045 -15 -2 13.0 1 182
431.4053692392726 542.5822667197606 12 -5 12.0 1 183
315.5718842759213 676.3926433089014 -13 -10 12.0 1 184
198.66632641960487 466.398432832582 -8 22 11.0 1 185
54.663941192798916 378.5755633094042 13 3 10.0 1 186
460.79506946268884 731.4709029900314 5 11 11.0 1 187
344.7103802072924 650.9821865056917 20 -7 13.0 1 188
317.2904167313235 223.40972610157186 21 17 10.0 1 189
169.81456240377713 597.0372155676064 14 1 12.0 1 190
582.5044604908559 213.41725186678804 -10 22 11.0 1 191
68.86358198813309 493.19159117790696 2 17 10.0 1 192
707.2420383444853 240.88265376167863 6 -10 11.0 1 193
274.73980219931013 673.6985254745302 12 2 12.0 1 194
304.14516496089396 113.61590372434125 14 11 11.0 1 195
488.5821274522141 555.5448703623482 -9 -6 10.0 1 196
375.5998581908152 138.13432244814578 -12 -5 11.0 1 197
302.0766166354232 505.5794060905541 -14 -2 11.0 1 198
682.5176198315289 349.47481336276235 21 15 12.0 1 199
466.11748619144413 232.58292195918543 20 19 11.0 1 200
184.99249484965821 268.56266615217066 4 -15 10.0 1 201
600.658869070683 554.0941863383382 9 6 11.0 1 202
279.0676448960426 298.3173294557506 16 19 10.0 1 203
516.2157406509581 267.82624456818496 3 -2 13.0 1 204
485.2823603110858 662.4936551990736 22 -10 10.0 1 205
357.10928923595617 227.24471953032773 16 -6 10.0 1 206
476.5760613635464 232.69158172391212 -11 -1 12.0 1 207
423.09130234784624 525.8999275451752 -3 -15 10.0 1 208
240.21107726450398 113.5536696499156 7 -11 12.0 1 209
745.9297813403523 353.8092392158772 5 0 11.0 1 210
464.83157905372354 288.47481738458896 17 9 13.0 1 211
410.79977073807424 748.8328610552696 -8 -6 12.0 1 212
450.4848984982486 110.36699942233525 15 -9 13.0 1 213
335.9799120164323 196.84875502577827 5 -10 12.0 1 214
320.047080196316 566.8308443150297 -9 9 13.0 1 215
620.5313895204685 457.87837451217337 -4 5 11.0 1 216
633.379558642433 185.47032464513643 11 4 11.0 1 217
328.40289595661324 88.1124326097617 -5 -17 12.0 1 218
334.1320196488123 638.0554749726532 -5 -1 11.0 1 219
