400 400 -7.071067811865475 7.0710678118654755 5 2 -1 10 187
57.15728752538104 742.842712474619
800.0 400.0 0 0 24.0 1 0
799.4518139018296 420.9343824971775 0 0 24.0 1 1
797.8087581473094 441.8113853070614 0 0 24.0 1 2
795.0753362380551 462.57378601609236 0 0 24.0 1 3
791.2590402935223 483.16467632710373 0 0 24.0 1 4
786.3703305156273 503.5276180410083 0 0 24.0 1 5
780.4226065180615 523.6067977499789 0 0 24.0 1 6
773.4321705988807 543.3471798181201 0 0 24.0 1 7
765.4181830570403 562.6946572303201 0 0 24.0 1 8
756.4026096753471 581.5961998958187 0 0 24.0 1 9
746.4101615137755 600.0 0 0 24.0 1 10
735.4682271781696 617.8556140060108 0 0 24.0 1 11
723.606797749979 635.1141009169893 0 0 24.0 1 12
710.8583845827884 651.728156419935 0 0 24.0 1 13
697.2579301909577 667.6522425435433 0 0 24.0 1 14
682.842712474619 682.842712474619 0 0 24.0 1 15
667.6522425435433 697.2579301909577 0 0 24.0 1 16
651.728156419935 710.8583845827884 0 0 24.0 1 17
635.1141009169893 723.606797749979 0 0 24.0 1 18
617.8556140060108 735.4682271781696 0 0 24.0 1 19
600.0 746.4101615137754 0 0 24.0 1 20
581.5961998958187 756.4026096753471 0 0 24.0 1 21
562.6946572303201 765.4181830570403 0 0 24.0 1 22
543.3471798181201 773.4321705988807 0 0 24.0 1 23
523.606797749979 780.4226065180615 0 0 24.0 1 24
503.5276180410083 786.3703305156273 0 0 24.0 1 25
483.1646763271038 791.2590402935223 0 0 24.0 1 26
462.57378601609236 795.0753362380551 0 0 24.0 1 27
441.8113853070614 797.8087581473094 0 0 24.0 1 28
420.9343824971776 799.4518139018296 0 0 24.0 1 29
400.0 800.0 0 0 24.0 1 30
379.0656175028225 799.4518139018296 0 0 24.0 1 31
358.1886146929386 797.8087581473094 0 0 24.0 1 32
337.4262139839077 795.0753362380551 0 0 24.0 1 33
316.83532367289627 791.2590402935223 0 0 24.0 1 34
296.47238195899166 786.3703305156273 0 0 24.0 1 35
276.3932022500211 780.4226065180615 0 0 24.0 1 36
256.65282018187986 773.4321705988807 0 0 24.0 1 37
237.3053427696799 765.4181830570403 0 0 24.0 1 38
218.4038001041813 756.4026096753471 0 0 24.0 1 39
43.597390324652906 581.5961998958187 0 0 24.0 1 40
34.58181694295968 562.6946572303202 0 0 24.0 1 41
26.567829401119297 543.3471798181201 0 0 24.0 1 42
19.5773934819386 523.606797749979 0 0 24.0 1 43
13.629669484372698 503.5276180410084 0 0 24.0 1 44
8.740959706477724 483.16467632710373 0 0 24.0 1 45
4.924663761944942 462.5737860160924 0 0 24.0 1 46
2.1912418526906663 441.81138530706147 0 0 24.0 1 47
0.5481860981704472 420.9343824971775 0 0 24.0 1 48
0.0 400.00000000000006 0 0 24.0 1 49
0.5481860981704472 379.0656175028226 0 0 24.0 1 50
2.1912418526906663 358.1886146929386 0 0 24.0 1 51
4.924663761944885 337.4262139839077 0 0 24.0 1 52
8.740959706477781 316.8353236728962 0 0 24.0 1 53
13.629669484372698 296.47238195899166 0 0 24.0 1 54
19.577393481938543 276.3932022500211 0 0 24.0 1 55
26.567829401119297 256.65282018187986 0 0 24.0 1 56
34.58181694295968 237.30534276967992 0 0 24.0 1 57
43.59739032465285 218.40380010418136 0 0 24.0 1 58
53.58983848622455 199.99999999999994 0 0 24.0 1 59
64.53177282183037 182.14438599398918 0 0 24.0 1 60
76.39320225002103 164.8858990830108 0 0 24.0 1 61
89.14161541721171 148.27184358006497 0 0 24.0 1 62
102.74206980904228 132.3477574564567 0 0 24.0 1 63
117.15728752538092 117.15728752538104 0 0 24.0 1 64
132.34775745645675 102.74206980904228 0 0 24.0 1 65
148.27184358006485 89.14161541721177 0 0 24.0 1 66
164.8858990830107 76.39320225002109 0 0 24.0 1 67
182.1443859939892 64.53177282183032 0 0 24.0 1 68
199.99999999999983 53.58983848622461 0 0 24.0 1 69
218.40380010418124 43.597390324652906 0 0 24.0 1 70
237.30534276967995 34.58181694295962 0 0 24.0 1 71
256.65282018187975 26.567829401119354 0 0 24.0 1 72
276.393202250021 19.5773934819386 0 0 24.0 1 73
296.4723819589917 13.629669484372698 0 0 24.0 1 74
316.8353236728961 8.740959706477781 0 0 24.0 1 75
337.4262139839076 4.924663761944942 0 0 24.0 1 76
358.18861469293864 2.1912418526906663 0 0 24.0 1 77
379.0656175028223 0.5481860981704472 0 0 24.0 1 78
399.99999999999994 0.0 0 0 24.0 1 79
420.9343824971776 0.5481860981704472 0 0 24.0 1 80
441.8113853070612 2.1912418526906663 0 0 24.0 1 81
462.5737860160923 4.924663761944885 0 0 24.0 1 82
483.1646763271038 8.740959706477781 0 0 24.0 1 83
503.5276180410081 13.629669484372641 0 0 24.0 1 84
523.6067977499789 19.577393481938543 0 0 24.0 1 85
543.3471798181201 26.567829401119297 0 0 24.0 1 86
562.6946572303199 34.58181694295956 0 0 24.0 1 87
581.5961998958187 43.59739032465279 0 0 24.0 1 88
600.0 53.58983848622455 0 0 24.0 1 89
617.8556140060107 64.53177282183032 0 0 24.0 1 90
635.1141009169892 76.39320225002098 0 0 24.0 1 91
651.728156419935 89.14161541721171 0 0 24.0 1 92
667.6522425435431 102.74206980904216 0 0 24.0 1 93
682.842712474619 117.15728752538092 0 0 24.0 1 94
697.2579301909577 132.34775745645675 0 0 24.0 1 95
710.8583845827882 148.27184358006485 0 0 24.0 1 96
723.6067977499789 164.88589908301066 0 0 24.0 1 97
735.4682271781696 182.1443859939892 0 0 24.0 1 98
746.4101615137754 199.99999999999983 0 0 24.0 1 99
756.4026096753471 218.40380010418122 0 0 24.0 1 100
765.4181830570403 237.30534276967995 0 0 24.0 1 101
773.4321705988806 256.6528201818797 0 0 24.0 1 102
780.4226065180615 276.3932022500209 0 0 24.0 1 103
786.3703305156273 296.4723819589917 0 0 24.0 1 104
791.2590402935223 316.83532367289604 0 0 24.0 1 105
795.0753362380551 337.4262139839076 0 0 24.0 1 106
797.8087581473094 358.18861469293864 0 0 24.0 1 107
799.4518139018296 379.06561750282225 0 0 24.0 1 108
800.0 399.9999999999999 0 0 24.0 1 109
78.61788746844292 380.06165140354955 0 0 13.0 1 110
554.2547618886879 296.0698867764294 0 0 12.0 1 111
191.2387693977056 296.52174819115055 0 0 10.0 1 112
306.33949364187947 619.8833998935355 0 0 10.0 1 113
137.87681479442847 150.32934538138917 0 0 13.0 1 114
302.8451032208983 218.34943977008467 0 0 10.0 1 115
417.6759124432121 573.0998616963627 0 0 11.0 1 116
615.483840867235 624.2492236889665 0 0 10.0 1 117
190.39536005788426 375.77408588440846 0 0 10.0 1 118
185.19768855642818 260.73059561232134 0 0 13.0 1 119
96.42813166436343 416.1282595220603 0 0 11.0 1 120
308.0984923392078 154.64696274618214 0 0 12.0 1 121
570.786701094761 601.3154309266151 0 0 13.0 1 122
101.55809448106135 528.6756738090961 0 0 11.0 1 123
289.9273794682038 495.9167253885536 0 0 10.0 1 124
248.17122212692365 103.62688683085969 0 0 10.0 1 125
450.5122238859136 675.4060915050707 0 0 13.0 1 126
627.5001775357077 479.5277889873815 0 0 13.0 1 127
303.02539763696143 265.27091443741426 0 0 13.0 1 128
217.2879411388176 509.477411125345 0 0 12.0 1 129
419.81442707107624 635.1667248567386 0 0 11.0 1 130
516.6492270176742 150.96595044817846 0 0 13.0 1 131
655.1133927594138 529.2793751330082 0 0 13.0 1 132
167.1831726985271 517.9717123944387 0 0 12.0 1 133
654.0850988060549 517.6467703114595 0 0 11.0 1 134
589.146761973619 500.09746467765854 0 0 13.0 1 135
431.0393485331782 624.8678697427356 0 0 10.0 1 136
542.9785335184775 351.4393270958319 0 0 11.0 1 137
634.216699895275 203.07733119275815 0 0 13.0 1 138
343.9311714062773 739.399891661927 0 0 13.0 1 139
527.8103522967514 476.58664273736184 0 0 12.0 1 140
364.63773916284265 746.1986575775314 0 0 10.0 1 141
251.40006746041203 154.4657660340825 0 0 12.0 1 142
106.47091666712413 300.2970550196154 0 0 13.0 1 143
491.99985145291794 627.0705338273573 0 0 10.0 1 144
402.0532238556911 554.9864002801485 0 0 12.0 1 145
191.81751115869503 554.0813140515096 0 0 10.0 1 146
469.07073072996724 233.7795615562624 0 0 10.0 1 147
167.44509333705375 336.760650011339 0 0 11.0 1 148
641.5052337833531 504.1355945642408 0 0 13.0 1 149
411.74715971597595 105.23398391502565 0 0 13.0 1 150
252.6840198623116 721.8912890962913 0 0 12.0 1 151
530.4250900013917 513.6586815783505 0 0 11.0 1 152
184.4762948386877 283.49020421638477 0 0 10.0 1 153
269.86832246682303 338.34169559255423 0 0 13.0 1 154
183.12360773898834 625.6848033870419 9 22 10.0 1 155
375.87818680460816 141.12138340881336 -7 16 11.0 1 156
543.376591469131 466.38639181860924 -12 14 11.0 1 157
407.8600050643864 653.8783573296232 2 -5 12.0 1 158
542.4816698421483 501.60695723715503 22 21 10.0 1 159
649.7055003497223 204.7151744371959 19 -13 12.0 1 160
692.5587766975136 554.8236486369392 15 -8 12.0 1 161
754.2624324895446 444.12628385204033 -1 8 11.0 1 162
357.33248236360305 554.2059756907876 -1 -2 13.0 1 163
630.3681760374939 434.9213898514679 -14 3 12.0 1 164
302.88429523433854 210.42800869361298 -17 8 11.0 1 165
200.8542830455135 273.36278817549896 9 22 10.0 1 166
636.9520930807975 266.44212645961636 3 20 12.0 1 167
315.8421378619767 132.94672022168038 8 -15 10.0 1 168
165.84628205845868 457.0353958007929 5 -6 10.0 1 169
111.80196263670064 332.48784361359577 19 11 10.0 1 170
203.4147621172557 464.8324320582287 13 -15 13.0 1 171
97.90898217668052 588.3534362587285 -16 20 12.0 1 172
471.3031696443586 254.53571572833482 -15 -9 11.0 1 173
537.2973101813968 254.57149998382948 -4 -7 13.0 1 174
239.3237707932309 207.16808000775964 -15 21 10.0 1 175
110.56994404747962 361.34456427200803 -6 22 11.0 1 176
532.6257550681194 632.8828226654151 18 -13 10.0 1 177
469.0266248030791 742.1057220630707 -9 -11 10.0 1 178
204.7569847511709 226.79155622041546 8 -1 11.0 1 179
468.66875067926713 249.96799448068205 21 4 10.0 1 180
287.111838930192 513.3854624291716 1 4 13.0 1 181
213.54854984207546 532.9543407866286 12 -9 10.0 1 182
179.0245907642544 339.90949731367897 -13 11 13.0 1 183
151.79142411062136 667.6144668267516 9 -5 12.0 1 184
190.362468607708 481.7135572089833 17 -9 10.0 1 185
334.168779546426 698.8348212869325 -2 -11 11.0 1 186
347.7772164628732 658.7832700922422 -9 9 11.0 1 187
328.4946882081034 198.29975115150788 22 3 13.0 1 188
433.33036654499216 520.474423285511 19 20 13.0 1 189
319.51372690776185 620.7871369525899 0 -5 11.0 1 190
629.3719894715146 286.3140710295271 5 -16 10.0 1 191
361.1514909731002 664.158651848443 -2 -2 10.0 1 192
166.9639369654548 242.98027727269582 6 4 12.0 1 193
175.27295383022647 423.95317765576146 4 19 10.0 1 194
373.0718416038888 663.6282880978329 -8 4 11.0 1 195
583.8990589827205 427.87716099730915 11 19 12.0 1 196
554.4502605634843 366.6965915877697 -17 17 10.0 1 197
235.26629877189131 584.0429506383991 7 -17 12.0 1 198
183.13368958769902 262.0942227165391 -4 2 13.0 1 199
300.9538192131309 687.4123415435301 5 3 12.0 1 200
647.9903510038125 397.8123508037563 -4 21 13.0 1 201
428.99927257886577 214.25005467054197 0 7 12.0 1 202
276.7018795182735 738.2271034167334 18 18 11.0 1 203
607.5362739769284 705.106038917248 -9 5 13.0 1 204
586.2949336582159 184.31690447955606 -6 -5 10.0 1 205
672.642309721527 201.92130112071374 15 -17 13.0 1 206
574.2472226679236 646.6615198860882 15 -9 10.0 1 207
535.4381736519476 157.2233513745095 1 2 13.0 1 208
614.870290433886 172.40439747469316 -2 19 11.0 1 209
560.9922549147927 184.49479389710703 7 18 13.0 1 210
244.09844006796285 562.2334848628896 15 12 11.0 1 211
204.89491814687435 472.0972054596094 -8 -13 10.0 1 212
661.2379031985843 223.98932437943694 -4 -7 11.0 1 213
102.68526452489431 259.1279017357663 13 6 13.0 1 214
703.9774561950151 364.8758469823447 -17 16 12.0 1 215
582.4200717851943 385.4426166539259 -14 -9 11.0 1 216
568.4774470828929 638.4939198898601 -10 2 12.0 1 217
95.3632713523267 589.9406843170885 -8 19 11.0 1 218
642.4176222502801 626.8428892923921 -10 -3 11.0 1 219
