400 400 -7.071067811865475 -7.071067811865477 5 2 -1 10 187
57.15728752538104 57.15728752538092
800.0 400.0 0 0 24.0 1 0
799.4518139018296 420.9343824971775 0 0 24.0 1 1
797.8087581473094 441.8113853070614 0 0 24.0 1 2
795.0753362380551 462.57378601609236 0 0 24.0 1 3
791.2590402935223 483.16467632710373 0 0 24.0 1 4
786.3703305156273 503.5276180410083 0 0 24.0 1 5
780.4226065180615 523.6067977499789 0 0 24.0 1 6
773.4321705988807 543.3471798181201 0 0 24.0 1 7
765.4181830570403 562.6946572303201 0 0 24.0 1 8
756.4026096753471 581.5961998958187 0 0 24.0 1 9
746.4101615137755 600.0 0 0 24.0 1 10
735.4682271781696 617.8556140060108 0 0 24.0 1 11
723.606797749979 635.1141009169893 0 0 24.0 1 12
710.8583845827884 651.728156419935 0 0 24.0 1 13
697.2579301909577 667.6522425435433 0 0 24.0 1 14
682.842712474619 682.842712474619 0 0 24.0 1 15
667.6522425435433 697.2579301909577 0 0 24.0 1 16
651.728156419935 710.8583845827884 0 0 24.0 1 17
635.1141009169893 723.606797749979 0 0 24.0 1 18
617.8556140060108 735.4682271781696 0 0 24.0 1 19
600.0 746.4101615137754 0 0 24.0 1 20
581.5961998958187 756.4026096753471 0 0 24.0 1 21
562.6946572303201 765.4181830570403 0 0 24.0 1 22
543.3471798181201 773.4321705988807 0 0 24.0 1 23
523.606797749979 780.4226065180615 0 0 24.0 1 24
503.5276180410083 786.3703305156273 0 0 24.0 1 25
483.1646763271038 791.2590402935223 0 0 24.0 1 26
462.57378601609236 795.0753362380551 0 0 24.0 1 27
441.8113853070614 797.8087581473094 0 0 24.0 1 28
420.9343824971776 799.4518139018296 0 0 24.0 1 29
400.0 800.0 0 0 24.0 1 30
379.0656175028225 799.4518139018296 0 0 24.0 1 31
358.1886146929386 797.8087581473094 0 0 24.0 1 32
337.4262139839077 795.0753362380551 0 0 24.0 1 33
316.83532367289627 791.2590402935223 0 0 24.0 1 34
296.47238195899166 786.3703305156273 0 0 24.0 1 35
276.3932022500211 780.4226065180615 0 0 24.0 1 36
256.65282018187986 773.4321705988807 0 0 24.0 1 37
237.3053427696799 765.4181830570403 0 0 24.0 1 38
218.4038001041813 756.4026096753471 0 0 24.0 1 39
200.00000000000009 746.4101615137755 0 0 24.0 1 40
182.14438599398918 735.4682271781696 0 0 24.0 1 41
164.8858990830108 723.606797749979 0 0 24.0 1 42
148.27184358006508 710.8583845827884 0 0 24.0 1 43
132.3477574564567 697.2579301909577 0 0 24.0 1 44
117.15728752538104 682.842712474619 0 0 24.0 1 45
102.74206980904233 667.6522425435434 0 0 24.0 1 46
89.14161541721165 651.728156419935 0 0 24.0 1 47
76.39320225002109 635.1141009169893 0 0 24.0 1 48
64.53177282183043 617.8556140060109 0 0 24.0 1 49
53.589838486224494 600.0 0 0 24.0 1 50
43.597390324652906 581.5961998958187 0 0 24.0 1 51
34.58181694295968 562.6946572303202 0 0 24.0 1 52
26.567829401119297 543.3471798181201 0 0 24.0 1 53
19.5773934819386 523.606797749979 0 0 24.0 1 54
13.629669484372698 503.5276180410084 0 0 24.0 1 55
8.740959706477724 483.16467632710373 0 0 24.0 1 56
4.924663761944942 462.5737860160924 0 0 24.0 1 57
2.1912418526906663 441.81138530706147 0 0 24.0 1 58
0.5481860981704472 420.9343824971775 0 0 24.0 1 59
0.0 400.00000000000006 0 0 24.0 1 60
0.5481860981704472 379.0656175028226 0 0 24.0 1 61
2.1912418526906663 358.1886146929386 0 0 24.0 1 62
4.924663761944885 337.4262139839077 0 0 24.0 1 63
8.740959706477781 316.8353236728962 0 0 24.0 1 64
13.629669484372698 296.47238195899166 0 0 24.0 1 65
19.577393481938543 276.3932022500211 0 0 24.0 1 66
26.567829401119297 256.65282018187986 0 0 24.0 1 67
34.58181694295968 237.30534276967992 0 0 24.0 1 68
43.59739032465285 218.40380010418136 0 0 24.0 1 69
218.40380010418124 43.597390324652906 0 0 24.0 1 70
237.30534276967995 34.58181694295962 0 0 24.0 1 71
256.65282018187975 26.567829401119354 0 0 24.0 1 72
276.393202250021 19.5773934819386 0 0 24.0 1 73
296.4723819589917 13.629669484372698 0 0 24.0 1 74
316.8353236728961 8.740959706477781 0 0 24.0 1 75
337.4262139839076 4.924663761944942 0 0 24.0 1 76
358.18861469293864 2.1912418526906663 0 0 24.0 1 77
379.0656175028223 0.5481860981704472 0 0 24.0 1 78
399.99999999999994 0.0 0 0 24.0 1 79
420.9343824971776 0.5481860981704472 0 0 24.0 1 80
441.8113853070612 2.1912418526906663 0 0 24.0 1 81
462.5737860160923 4.924663761944885 0 0 24.0 1 82
483.1646763271038 8.740959706477781 0 0 24.0 1 83
503.5276180410081 13.629669484372641 0 0 24.0 1 84
523.6067977499789 19.577393481938543 0 0 24.0 1 85
543.3471798181201 26.567829401119297 0 0 24.0 1 86
562.6946572303199 34.58181694295956 0 0 24.0 1 87
581.5961998958187 43.59739032465279 0 0 24.0 1 88
600.0 53.58983848622455 0 0 24.0 1 89
617.8556140060107 64.53177282183032 0 0 24.0 1 90
635.1141009169892 76.39320225002098 0 0 24.0 1 91
651.728156419935 89.14161541721171 0 0 24.0 1 92
667.6522425435431 102.74206980904216 0 0 24.0 1 93
682.842712474619 117.15728752538092 0 0 24.0 1 94
697.2579301909577 132.34775745645675 0 0 24.0 1 95
710.8583845827882 148.27184358006485 0 0 24.0 1 96
723.6067977499789 164.88589908301066 0 0 24.0 1 97
735.4682271781696 182.1443859939892 0 0 24.0 1 98
746.4101615137754 199.99999999999983 0 0 24.0 1 99
756.4026096753471 218.40380010418122 0 0 24.0 1 100
765.4181830570403 237.30534276967995 0 0 24.0 1 101
773.4321705988806 256.6528201818797 0 0 24.0 1 102
780.4226065180615 276.3932022500209 0 0 24.0 1 103
786.3703305156273 296.4723819589917 0 0 24.0 1 104
791.2590402935223 316.83532367289604 0 0 24.0 1 105
795.0753362380551 337.4262139839076 0 0 24.0 1 106
797.8087581473094 358.18861469293864 0 0 24.0 1 107
799.4518139018296 379.06561750282225 0 0 24.0 1 108
800.0 399.9999999999999 0 0 24.0 1 109
259.46662151432344 237.28746350879544 0 0 13.0 1 110
623.5539203898591 141.1802853754673 0 0 12.0 1 111
99.03749818881062 303.6798437316995 0 0 12.0 1 112
193.67551677172744 586.3174914509807 0 0 13.0 1 113
482.43257648630515 584.4149406469808 0 0 13.0 1 114
639.3345036543361 309.14299498369655 0 0 12.0 1 115
608.9290935341595 468.91033213527874 0 0 11.0 1 116
582.4414445109361 441.0380229148899 0 0 10.0 1 117
187.8574313038487 532.270671530006 0 0 10.0 1 118
350.3822705499816 115.29123490095219 0 0 12.0 1 119
494.80211100582903 222.761291618229 0 0 11.0 1 120
203.32378397304953 577.6048030018342 0 0 11.0 1 121
637.832150379804 502.5517832400698 0 0 13.0 1 122
287.82474967571636 745.232839131338 0 0 10.0 1 123
530.6691233480126 355.6200472796345 0 0 11.0 1 124
229.70284069283076 369.53891774889445 0 0 11.0 1 125
314.4179393193285 570.7533627477065 0 0 11.0 1 126
234.62816392150617 208.52896868709416 0 0 12.0 1 127
455.89816385699714 285.96318455246 0 0 10.0 1 128
115.1824698172914 280.1668889637681 0 0 11.0 1 129
212.9357135460581 311.36618741429675 0 0 11.0 1 130
604.5559263673674 348.25183106632494 0 0 13.0 1 131
742.5649188201116 338.73601062801845 0 0 10.0 1 132
732.3927328245893 267.03733168516374 0 0 10.0 1 133
547.0172959157643 210.30046204163645 0 0 11.0 1 134
49.85528704485455 491.8840573198571 0 0 11.0 1 135
462.504598445978 661.6374880882078 0 0 12.0 1 136
661.7716057653074 179.90995839190617 0 0 12.0 1 137
666.3091257828289 362.04674553104246 0 0 11.0 1 138
584.4788599233381 471.9134913725194 0 0 11.0 1 139
525.6007072033879 370.5812585243889 0 0 13.0 1 140
233.23374907130045 627.4049637786871 0 0 11.0 1 141
214.73673130762617 265.3949433586639 0 0 11.0 1 142
45.12515313194575 390.5743403214918 0 0 13.0 1 143
138.0662536462106 239.8759464631603 0 0 12.0 1 144
586.3252284737118 333.0156045468864 0 0 11.0 1 145
142.67967562340039 443.67208104409 0 0 13.0 1 146
529.2292092491615 609.3222670353931 0 0 12.0 1 147
307.4872498321467 509.04306973109465 0 0 11.0 1 148
560.3904171863161 145.29249309296068 0 0 11.0 1 149
236.946940079473 272.47470976095354 0 0 10.0 1 150
296.24234324561957 206.00425606513897 0 0 10.0 1 151
345.08357262542626 139.7305511505179 0 0 12.0 1 152
223.75240421675346 550.866778916451 0 0 13.0 1 153
535.7067410283248 512.069980099361 0 0 11.0 1 154
456.8291694186483 248.29487318094166 8 6 12.0 1 155
566.0104487407955 509.7339095670964 18 17 13.0 1 156
315.62658935058806 273.5676956811049 18 6 10.0 1 157
260.9878707390784 423.59296332266933 -6 -14 10.0 1 158
183.81798443966946 684.102685922314 12 -6 12.0 1 159
478.663887775796 210.69338955018773 0 -14 11.0 1 160
609.6733554847235 362.502213401632 17 -5 10.0 1 161
427.0994159175961 109.26021659063383 1 6 10.0 1 162
272.91088993458715 642.7433997100259 13 -12 12.0 1 163
240.74020552572816 231.29813912107343 8 13 13.0 1 164
605.1309659213521 227.53178026032413 -15 -2 13.0 1 165
422.3988775677587 226.4393757682793 -6 10 12.0 1 166
306.12265334594395 558.2499408694808 5 11 12.0 1 167
342.79023594070736 746.3062848062103 -3 -14 10.0 1 168
551.849342761134 90.2149501621945 9 -1 10.0 1 169
384.50637383219066 233.72027318950703 11 -16 11.0 1 170
308.86724115280714 273.38712441106395 -17 -2 11.0 1 171
246.23192257656513 237.11544466862262 -14 -15 12.0 1 172
720.3287138519192 548.3189639998043 -3 12 12.0 1 173
391.50887214904014 527.718051769586 -17 16 11.0 1 174
449.90715587786514 529.7315528010918 -10 -16 12.0 1 175
578.2899697850578 662.1100659532998 -16 -15 10.0 1 176
681.9710701191069 210.0202231397097 6 17 13.0 1 177
709.6968654235789 386.29410539914653 -10 12 10.0 1 178
755.8686646301331 371.6011701937242 -17 -16 11.0 1 179
231.72481506841083 121.95600683302024 -11 13 13.0 1 180
132.37195250334105 314.3482154702771 13 10 11.0 1 181
270.6140160394612 544.5519531329937 -5 18 11.0 1 182
728.2981632418046 521.3273094239606 -16 4 10.0 1 183
223.04540789320086 481.92723803666485 -13 -17 13.0 1 184
211.3202874856547 667.0748323700757 -14 11 13.0 1 185
662.9616946233109 580.5883361705196 22 -4 13.0 1 186
677.4436804814977 355.435393405971 0 -5 13.0 1 187
468.69346217598786 276.86508109282676 -3 3 10.0 1 188
478.0557957943478 287.4109563815773 -13 16 11.0 1 189
44.01644898770388 437.94352920691415 9 -1 10.0 1 190
241.7997712420132 464.91292337370623 7 14 10.0 1 191
276.5250089251216 259.56166271612767 -17 -5 10.0 1 192
45.15082181163598 352.60737674444823 -2 3 11.0 1 193
298.72203245558137 474.9584771061398 -13 -9 10.0 1 194
535.988878513758 359.12182831179496 -2 14 12.0 1 195
648.3759861614609 417.61730678400596 3 -17 10.0 1 196
501.5962687783657 502.049978786446 6 22 13.0 1 197
392.93769276528263 627.8905961564067 22 -11 13.0 1 198
99.45925330770137 230.58849042159025 -4 -10 11.0 1 199
723.534695673387 263.8886459712899 18 -15 11.0 1 200
548.1602755671606 415.79660545379994 5 -14 11.0 1 201
416.6868853018189 178.6280328069429 20 -17 11.0 1 202
481.45240018813297 45.23034726235079 19 17 11.0 1 203
737.6781107629989 524.7938039789309 -1 -5 11.0 1 204
674.0830471505886 570.9019697506386 22 -2 12.0 1 205
462.1547611693215 224.69231145216534 -13 -12 10.0 1 206
534.036952066978 502.9324802022892 -16 2 12.0 1 207
265.75714562383166 645.7210940251953 -12 -10 11.0 1 208
122.7298831054166 175.1216278134688 -16 -9 13.0 1 209
546.4047370487046 64.55752658659986 -16 2 10.0 1 210
451.3433330254296 533.4648348960873 11 11 13.0 1 211
226.20126619227872 323.22760830329145 2 15 12.0 1 212
280.37896438551877 62.57621921607392 9 22 12.0 1 213
233.68022614221738 503.7002064795247 -7 -13 10.0 1 214
535.8989945610456 323.4006313518388 16 -3 11.0 1 215
566.0929179874186 518.4446815793121 -3 13 13.0 1 216
518.8563779774573 177.79027605867518 10 -11 13.0 1 217
318.6404054027707 715.6843619297201 -1 14 10.0 1 218
189.37559687436882 521.1872963968237 -5 -11 10.0 1 219
