400 400 7.071067811865475 -7.0710678118654755 5 2 -1 10 187
742.842712474619 57.15728752538092
800.0 400.0 0 0 24.0 1 0
799.4518139018296 420.9343824971775 0 0 24.0 1 1
797.8087581473094 441.8113853070614 0 0 24.0 1 2
795.0753362380551 462.57378601609236 0 0 24.0 1 3
791.2590402935223 483.16467632710373 0 0 24.0 1 4
786.3703305156273 503.5276180410083 0 0 24.0 1 5
780.4226065180615 523.6067977499789 0 0 24.0 1 6
773.4321705988807 543.3471798181201 0 0 24.0 1 7
765.4181830570403 562.6946572303201 0 0 24.0 1 8
756.4026096753471 581.5961998958187 0 0 24.0 1 9
746.4101615137755 600.0 0 0 24.0 1 10
735.4682271781696 617.8556140060108 0 0 24.0 1 11
723.606797749979 635.1141009169893 0 0 24.0 1 12
710.8583845827884 651.728156419935 0 0 24.0 1 13
697.2579301909577 667.6522425435433 0 0 24.0 1 14
682.842712474619 682.842712474619 0 0 24.0 1 15
667.6522425435433 697.2579301909577 0 0 24.0 1 16
651.728156419935 710.8583845827884 0 0 24.0 1 17
635.1141009169893 723.606797749979 0 0 24.0 1 18
617.8556140060108 735.4682271781696 0 0 24.0 1 19
600.0 746.4101615137754 0 0 24.0 1 20
581.5961998958187 756.4026096753471 0 0 24.0 1 21
562.6946572303201 765.4181830570403 0 0 24.0 1 22
543.3471798181201 773.4321705988807 0 0 24.0 1 23
523.606797749979 780.4226065180615 0 0 24.0 1 24
503.5276180410083 786.3703305156273 0 0 24.0 1 25
483.1646763271038 791.2590402935223 0 0 24.0 1 26
462.57378601609236 795.0753362380551 0 0 24.0 1 27
441.8113853070614 797.8087581473094 0 0 24.0 1 28
420.9343824971776 799.4518139018296 0 0 24.0 1 29
400.0 800.0 0 0 24.0 1 30
379.0656175028225 799.4518139018296 0 0 24.0 1 31
358.1886146929386 797.8087581473094 0 0 24.0 1 32
337.4262139839077 795.0753362380551 0 0 24.0 1 33
316.83532367289627 791.2590402935223 0 0 24.0 1 34
296.47238195899166 786.3703305156273 0 0 24.0 1 35
276.3932022500211 780.4226065180615 0 0 24.0 1 36
256.65282018187986 773.4321705988807 0 0 24.0 1 37
237.3053427696799 765.4181830570403 0 0 24.0 1 38
218.4038001041813 756.4026096753471 0 0 24.0 1 39
200.00000000000009 746.4101615137755 0 0 24.0 1 40
182.14438599398918 735.4682271781696 0 0 24.0 1 41
164.8858990830108 723.606797749979 0 0 24.0 1 42
148.27184358006508 710.8583845827884 0 0 24.0 1 43
132.3477574564567 697.2579301909577 0 0 24.0 1 44
117.15728752538104 682.842712474619 0 0 24.0 1 45
102.74206980904233 667.6522425435434 0 0 24.0 1 46
89.14161541721165 651.728156419935 0 0 24.0 1 47
76.39320225002109 635.1141009169893 0 0 24.0 1 48
64.53177282183043 617.8556140060109 0 0 24.0 1 49
53.589838486224494 600.0 0 0 24.0 1 50
43.597390324652906 581.5961998958187 0 0 24.0 1 51
34.58181694295968 562.6946572303202 0 0 24.0 1 52
26.567829401119297 543.3471798181201 0 0 24.0 1 53
19.5773934819386 523.606797749979 0 0 24.0 1 54
13.629669484372698 503.5276180410084 0 0 24.0 1 55
8.740959706477724 483.16467632710373 0 0 24.0 1 56
4.924663761944942 462.5737860160924 0 0 24.0 1 57
2.1912418526906663 441.81138530706147 0 0 24.0 1 58
0.5481860981704472 420.9343824971775 0 0 24.0 1 59
0.0 400.00000000000006 0 0 24.0 1 60
0.5481860981704472 379.0656175028226 0 0 24.0 1 61
2.1912418526906663 358.1886146929386 0 0 24.0 1 62
4.924663761944885 337.4262139839077 0 0 24.0 1 63
8.740959706477781 316.8353236728962 0 0 24.0 1 64
13.629669484372698 296.47238195899166 0 0 24.0 1 65
19.577393481938543 276.3932022500211 0 0 24.0 1 66
26.567829401119297 256.65282018187986 0 0 24.0 1 67
34.58181694295968 237.30534276967992 0 0 24.0 1 68
43.59739032465285 218.40380010418136 0 0 24.0 1 69
53.58983848622455 199.99999999999994 0 0 24.0 1 70
64.53177282183037 182.14438599398918 0 0 24.0 1 71
76.39320225002103 164.8858990830108 0 0 24.0 1 72
89.14161541721171 148.27184358006497 0 0 24.0 1 73
102.74206980904228 132.3477574564567 0 0 24.0 1 74
117.15728752538092 117.15728752538104 0 0 24.0 1 75
132.34775745645675 102.74206980904228 0 0 24.0 1 76
148.27184358006485 89.14161541721177 0 0 24.0 1 77
164.8858990830107 76.39320225002109 0 0 24.0 1 78
182.1443859939892 64.53177282183032 0 0 24.0 1 79
199.99999999999983 53.58983848622461 0 0 24.0 1 80
218.40380010418124 43.597390324652906 0 0 24.0 1 81
237.30534276967995 34.58181694295962 0 0 24.0 1 82
256.65282018187975 26.567829401119354 0 0 24.0 1 83
276.393202250021 19.5773934819386 0 0 24.0 1 84
296.4723819589917 13.629669484372698 0 0 24.0 1 85
316.8353236728961 8.740959706477781 0 0 24.0 1 86
337.4262139839076 4.924663761944942 0 0 24.0 1 87
358.18861469293864 2.1912418526906663 0 0 24.0 1 88
379.0656175028223 0.5481860981704472 0 0 24.0 1 89
399.99999999999994 0.0 0 0 24.0 1 90
420.9343824971776 0.5481860981704472 0 0 24.0 1 91
441.8113853070612 2.1912418526906663 0 0 24.0 1 92
462.5737860160923 4.924663761944885 0 0 24.0 1 93
483.1646763271038 8.740959706477781 0 0 24.0 1 94
503.5276180410081 13.629669484372641 0 0 24.0 1 95
523.6067977499789 19.577393481938543 0 0 24.0 1 96
543.3471798181201 26.567829401119297 0 0 24.0 1 97
562.6946572303199 34.58181694295956 0 0 24.0 1 98
581.5961998958187 43.59739032465279 0 0 24.0 1 99
756.4026096753471 218.40380010418122 0 0 24.0 1 100
765.4181830570403 237.30534276967995 0 0 24.0 1 101
773.4321705988806 256.6528201818797 0 0 24.0 1 102
780.4226065180615 276.3932022500209 0 0 24.0 1 103
786.3703305156273 296.4723819589917 0 0 24.0 1 104
791.2590402935223 316.83532367289604 0 0 24.0 1 105
795.0753362380551 337.4262139839076 0 0 24.0 1 106
797.8087581473094 358.18861469293864 0 0 24.0 1 107
799.4518139018296 379.06561750282225 0 0 24.0 1 108
800.0 399.9999999999999 0 0 24.0 1 109
156.1186476835929 490.12150682451175 0 0 10.0 1 110
663.2824351245375 232.5892495838643 0 0 10.0 1 111
590.5574033200323 369.39156913648543 0 0 10.0 1 112
283.6988725714904 604.203446980842 0 0 10.0 1 113
642.8799399013543 450.1331705910821 0 0 13.0 1 114
431.158792877292 200.41761193324191 0 0 13.0 1 115
197.8559693994545 200.51618889602662 0 0 11.0 1 116
610.0198312951131 697.3006398627024 0 0 11.0 1 117
587.4042267520028 385.04487393955225 0 0 12.0 1 118
540.9236111083262 310.3923226939274 0 0 13.0 1 119
596.6912951850097 377.27260687092894 0 0 10.0 1 120
562.0220131347858 515.5416256582505 0 0 12.0 1 121
582.9331492037562 679.4484977994985 0 0 12.0 1 122
533.1969317002302 568.7707835664818 0 0 13.0 1 123
205.1121892771597 268.6845735198702 0 0 12.0 1 124
519.7225999319431 111.88457336418816 0 0 12.0 1 125
408.97039395446336 244.25812370366882 0 0 10.0 1 126
328.68344391683854 288.9236801634242 0 0 11.0 1 127
478.65143847685033 564.127850243407 0 0 13.0 1 128
550.0283022615755 503.0315899154688 0 0 10.0 1 129
512.7683644934593 646.4230021111468 0 0 10.0 1 130
439.50777511076814 615.4069072843231 0 0 13.0 1 131
271.47944265139466 221.4433805797056 0 0 12.0 1 132
292.6896176052556 170.88543950614198 0 0 10.0 1 133
351.4308199632388 603.2782200594954 0 0 12.0 1 134
218.11386824539738 406.43700826062405 0 0 12.0 1 135
661.0 400.0 0 0 13.0 1 136
697.6527888616134 313.381195558333 0 0 10.0 1 137
556.7575564716254 426.60955634814627 0 0 12.0 1 138
249.01600199578914 173.7527185872404 0 0 12.0 1 139
515.230833936013 546.0063522947237 0 0 11.0 1 140
247.42662149076423 608.0513498400754 0 0 13.0 1 141
145.77496078668733 602.4713052187634 0 0 11.0 1 142
441.6478914696477 133.23146149492732 0 0 12.0 1 143
364.85086060348317 654.5850309811718 0 0 12.0 1 144
215.36073790351355 337.28363138330644 0 0 10.0 1 145
379.8846492033171 50.578517171129874 0 0 13.0 1 146
548.0654264016512 587.6103128948332 0 0 11.0 1 147
499.54992003771366 546.3516772042084 0 0 12.0 1 148
533.9122997220286 557.8495992492777 0 0 11.0 1 149
271.7746193420121 207.85616909431076 0 0 11.0 1 150
520.4807526155204 94.9288800145157 0 0 10.0 1 151
316.2155903318999 287.83863099726375 0 0 10.0 1 152
489.2748664813524 505.23306616618515 0 0 12.0 1 153
314.9414556196209 57.40104491126789 0 0 11.0 1 154
667.010691490954 547.4119758687286 14 3 12.0 1 155
540.995857555167 669.3253945551422 5 13 12.0 1 156
73.28319007369134 428.98492904211247 -6 3 10.0 1 157
684.5981706453974 415.1288223366266 7 10 10.0 1 158
182.37595623488852 696.755413725379 10 -7 10.0 1 159
309.22356681727047 128.78857107669404 8 15 11.0 1 160
535.1914322903228 167.43973547639087 -2 19 12.0 1 161
266.2098330509373 239.43477578335364 4 11 13.0 1 162
294.671027845817 258.9971361108459 1 7 10.0 1 163
144.47125386462503 462.24194645480725 14 13 12.0 1 164
230.10586544279673 319.5016581347236 3 11 13.0 1 165
115.81005467319858 297.8233149140685 20 -8 11.0 1 166
624.0183419435152 539.6845820872093 0 15 12.0 1 167
231.44090155133478 476.241919769725 -17 -12 12.0 1 168
300.29559544221047 286.5979201611512 3 -2 11.0 1 169
373.0021244620807 110.25508681524877 4 -16 13.0 1 170
253.06154436756438 647.6955596217961 -17 -15 13.0 1 171
196.28729888003335 410.8229109950668 -14 5 11.0 1 172
65.31194124602575 340.1342892174804 -8 -11 10.0 1 173
754.9443745699305 406.28418341242184 -6 -8 11.0 1 174
572.8413410146229 457.0076384028215 6 -8 11.0 1 175
601.9384874583461 323.33940201749397 2 17 12.0 1 176
551.293381300254 622.4214755250399 -9 9 10.0 1 177
262.69773598118553 523.9882586993937 0 -1 12.0 1 178
199.00787389467794 398.2208868326288 -8 -10 11.0 1 179
623.4331183299483 458.6399320715441 6 10 10.0 1 180
138.9371414325945 264.78837373726014 -13 11 12.0 1 181
503.9231662847204 582.4828088049895 6 8 13.0 1 182
256.4510879929354 420.46240116868074 -10 -7 11.0 1 183
531.897317225303 494.0590118423949 19 14 11.0 1 184
590.8890421346663 496.733518456167 16 5 13.0 1 185
494.01260122105634 546.4159513565739 20 -17 12.0 1 186
384.22804521839765 230.7332122288395 18 13 11.0 1 187
558.6666725009338 306.8287220358044 13 -6 11.0 1 188
480.7271686779746 576.4061343526291 -1 7 11.0 1 189
365.31909567853387 200.9994098615652 4 13 10.0 1 190
236.7943610590387 575.9656768175901 -10 -4 10.0 1 191
717.8661376659152 279.330540212722 -11 8 11.0 1 192
452.561732858768 216.3746634070246 -7 16 10.0 1 193
617.3845071203293 685.7008506533564 -16 -3 12.0 1 194
259.92368160673476 667.5492945709044 16 13 10.0 1 195
665.0245645991595 469.5555904225241 20 0 13.0 1 196
446.92915609534896 569.6279879859994 -16 -15 13.0 1 197
201.79519311172436 448.2789242463144 13 19 11.0 1 198
359.84199066882263 673.0628760680534 5 16 13.0 1 199
462.9311102206368 248.55471164015017 -3 19 10.0 1 200
533.3386446779377 554.3917285201856 -2 11 13.0 1 201
156.79356650602205 653.0842363861078 10 15 12.0 1 202
542.523199476188 650.2621377896999 -16 2 12.0 1 203
416.6600554062459 563.1515937827786 -9 9 10.0 1 204
386.9884215025114 73.2589728469905 0 -9 12.0 1 205
158.18305372531182 572.4342323739245 17 -6 11.0 1 206
666.8594331049947 488.01728786369694 -6 16 13.0 1 207
631.1710618218946 460.6707522298659 -6 5 11.0 1 208
235.05816976555226 395.61905958604547 -15 -7 10.0 1 209
290.73721048621405 91.79447956328539 18 -16 11.0 1 210
603.2113761943681 290.15403245821454 6 -6 11.0 1 211
639.4969280063009 624.1098424334477 13 18 12.0 1 212
384.4353986186943 259.8616997968041 3 -1 11.0 1 213
256.1410028826907 393.62905435574976 21 -16 10.0 1 214
474.8196308535498 713.1868816520554 9 -1 12.0 1 215
486.98648026736123 638.6406341147625 -14 18 10.0 1 216
648.3666170506909 583.8342284091714 -7 10 13.0 1 217
696.0090282864901 357.81404057167913 -6 -14 11.0 1 218
485.58822392528236 680.2207271515006 10 11 13.0 1 219
