400 400 7.071067811865475 -7.0710678118654755 5 2 -1 10 187
742.842712474619 57.15728752538092
800.0 400.0 0 0 24.0 1 0
799.4518139018296 420.9343824971775 0 0 24.0 1 1
797.8087581473094 441.8113853070614 0 0 24.0 1 2
795.0753362380551 462.57378601609236 0 0 24.0 1 3
791.2590402935223 483.16467632710373 0 0 24.0 1 4
786.3703305156273 503.5276180410083 0 0 24.0 1 5
780.4226065180615 523.6067977499789 0 0 24.0 1 6
773.4321705988807 543.3471798181201 0 0 24.0 1 7
765.4181830570403 562.6946572303201 0 0 24.0 1 8
756.4026096753471 581.5961998958187 0 0 24.0 1 9
746.4101615137755 600.0 0 0 24.0 1 10
735.4682271781696 617.8556140060108 0 0 24.0 1 11
723.606797749979 635.1141009169893 0 0 24.0 1 12
710.8583845827884 651.728156419935 0 0 24.0 1 13
697.2579301909577 667.6522425435433 0 0 24.0 1 14
682.842712474619 682.842712474619 0 0 24.0 1 15
667.6522425435433 697.2579301909577 0 0 24.0 1 16
651.728156419935 710.8583845827884 0 0 24.0 1 17
635.1141009169893 723.606797749979 0 0 24.0 1 18
617.8556140060108 735.4682271781696 0 0 24.0 1 19
600.0 746.4101615137754 0 0 24.0 1 20
581.5961998958187 756.4026096753471 0 0 24.0 1 21
562.6946572303201 765.4181830570403 0 0 24.0 1 22
543.3471798181201 773.4321705988807 0 0 24.0 1 23
523.606797749979 780.4226065180615 0 0 24.0 1 24
503.5276180410083 786.3703305156273 0 0 24.0 1 25
483.1646763271038 791.2590402935223 0 0 24.0 1 26
462.57378601609236 795.0753362380551 0 0 24.0 1 27
441.8113853070614 797.8087581473094 0 0 24.0 1 28
420.9343824971776 799.4518139018296 0 0 24.0 1 29
400.0 800.0 0 0 24.0 1 30
379.0656175028225 799.4518139018296 0 0 24.0 1 31
358.1886146929386 797.8087581473094 0 0 24.0 1 32
337.4262139839077 795.0753362380551 0 0 24.0 1 33
316.83532367289627 791.2590402935223 0 0 24.0 1 34
296.47238195899166 786.3703305156273 0 0 24.0 1 35
276.3932022500211 780.4226065180615 0 0 24.0 1 36
256.65282018187986 773.4321705988807 0 0 24.0 1 37
237.3053427696799 765.4181830570403 0 0 24.0 1 38
218.4038001041813 756.4026096753471 0 0 24.0 1 39
200.00000000000009 746.4101615137755 0 0 24.0 1 40
182.14438599398918 735.4682271781696 0 0 24.0 1 41
164.8858990830108 723.606797749979 0 0 24.0 1 42
148.27184358006508 710.8583845827884 0 0 24.0 1 43
132.3477574564567 697.2579301909577 0 0 24.0 1 44
117.15728752538104 682.842712474619 0 0 24.0 1 45
102.74206980904233 667.6522425435434 0 0 24.0 1 46
89.14161541721165 651.728156419935 0 0 24.0 1 47
76.39320225002109 635.1141009169893 0 0 24.0 1 48
64.53177282183043 617.8556140060109 0 0 24.0 1 49
53.589838486224494 600.0 0 0 24.0 1 50
43.597390324652906 581.5961998958187 0 0 24.0 1 51
34.58181694295968 562.6946572303202 0 0 24.0 1 52
26.567829401119297 543.3471798181201 0 0 24.0 1 53
19.5773934819386 523.606797749979 0 0 24.0 1 54
13.629669484372698 503.5276180410084 0 0 24.0 1 55
8.740959706477724 483.16467632710373 0 0 24.0 1 56
4.924663761944942 462.5737860160924 0 0 24.0 1 57
2.1912418526906663 441.81138530706147 0 0 24.0 1 58
0.5481860981704472 420.9343824971775 0 0 24.0 1 59
0.0 400.00000000000006 0 0 24.0 1 60
0.5481860981704472 379.0656175028226 0 0 24.0 1 61
2.1912418526906663 358.1886146929386 0 0 24.0 1 62
4.924663761944885 337.4262139839077 0 0 24.0 1 63
8.740959706477781 316.8353236728962 0 0 24.0 1 64
13.629669484372698 296.47238195899166 0 0 24.0 1 65
19.577393481938543 276.3932022500211 0 0 24.0 1 66
26.567829401119297 256.65282018187986 0 0 24.0 1 67
34.58181694295968 237.30534276967992 0 0 24.0 1 68
43.59739032465285 218.40380010418136 0 0 24.0 1 69
53.58983848622455 199.99999999999994 0 0 24.0 1 70
64.53177282183037 182.14438599398918 0 0 24.0 1 71
76.39320225002103 164.8858990830108 0 0 24.0 1 72
89.14161541721171 148.27184358006497 0 0 24.0 1 73
102.74206980904228 132.3477574564567 0 0 24.0 1 74
117.15728752538092 117.15728752538104 0 0 24.0 1 75
132.34775745645675 102.74206980904228 0 0 24.0 1 76
148.27184358006485 89.14161541721177 0 0 24.0 1 77
164.8858990830107 76.39320225002109 0 0 24.0 1 78
182.1443859939892 64.53177282183032 0 0 24.0 1 79
199.99999999999983 53.58983848622461 0 0 24.0 1 80
218.40380010418124 43.597390324652906 0 0 24.0 1 81
237.30534276967995 34.58181694295962 0 0 24.0 1 82
256.65282018187975 26.567829401119354 0 0 24.0 1 83
276.393202250021 19.5773934819386 0 0 24.0 1 84
296.4723819589917 13.629669484372698 0 0 24.0 1 85
316.8353236728961 8.740959706477781 0 0 24.0 1 86
337.4262139839076 4.924663761944942 0 0 24.0 1 87
358.18861469293864 2.1912418526906663 0 0 24.0 1 88
379.0656175028223 0.5481860981704472 0 0 24.0 1 89
399.99999999999994 0.0 0 0 24.0 1 90
420.9343824971776 0.5481860981704472 0 0 24.0 1 91
441.8113853070612 2.1912418526906663 0 0 24.0 1 92
462.5737860160923 4.924663761944885 0 0 24.0 1 93
483.1646763271038 8.740959706477781 0 0 24.0 1 94
503.5276180410081 13.629669484372641 0 0 24.0 1 95
523.6067977499789 19.577393481938543 0 0 24.0 1 96
543.3471798181201 26.567829401119297 0 0 24.0 1 97
562.6946572303199 34.58181694295956 0 0 24.0 1 98
581.5961998958187 43.59739032465279 0 0 24.0 1 99
756.4026096753471 218.40380010418122 0 0 24.0 1 100
765.4181830570403 237.30534276967995 0 0 24.0 1 101
773.4321705988806 256.6528201818797 0 0 24.0 1 102
780.4226065180615 276.3932022500209 0 0 24.0 1 103
786.3703305156273 296.4723819589917 0 0 24.0 1 104
791.2590402935223 316.83532367289604 0 0 24.0 1 105
795.0753362380551 337.4262139839076 0 0 24.0 1 106
797.8087581473094 358.18861469293864 0 0 24.0 1 107
799.4518139018296 379.06561750282225 0 0 24.0 1 108
800.0 399.9999999999999 0 0 24.0 1 109
685.8529870626455 494.28186351235865 0 0 12.0 1 110
99.60612272624974 587.2952708864884 0 0 12.0 1 111
395.78739568455455 535.9347415669795 0 0 11.0 1 112
214.8110077916177 461.0740301997806 0 0 13.0 1 113
147.58322691669576 195.27879282738755 0 0 10.0 1 114
77.32621078136907 519.237685952431 0 0 12.0 1 115
335.8457015698872 219.03529075275472 0 0 13.0 1 116
597.2493595608312 373.6620017305432 0 0 10.0 1 117
222.28894978194518 299.82623781450553 0 0 10.0 1 118
583.1493987725775 373.8983194172597 0 0 13.0 1 119
230.30508346681313 478.5661205787504 0 0 13.0 1 120
363.9121300991159 168.7995120117242 0 0 13.0 1 121
693.0683168079049 331.3562698902408 0 0 10.0 1 122
277.19922574731584 703.0659496593792 0 0 11.0 1 123
487.34088380088536 685.9590355573333 0 0 11.0 1 124
62.90469295972923 463.3699768930493 0 0 11.0 1 125
285.047200516526 325.4691078081563 0 0 12.0 1 126
381.1648097460187 556.8733106940002 0 0 12.0 1 127
539.7789690413293 519.6571761899097 0 0 10.0 1 128
556.0999098432574 353.07646489311674 0 0 13.0 1 129
468.1996903957282 125.3405704696691 0 0 10.0 1 130
544.3028417668371 302.7750553714985 0 0 11.0 1 131
259.2068328778265 628.0379005597704 0 0 10.0 1 132
657.0139216100617 432.0131863240292 0 0 11.0 1 133
200.38774131242187 461.9350157959404 0 0 10.0 1 134
168.9076222472451 420.50153517612836 0 0 10.0 1 135
373.4738734061878 230.05776096588275 0 0 12.0 1 136
542.6512434133762 264.1338057034874 0 0 10.0 1 137
651.2689414438655 160.6823887264473 0 0 10.0 1 138
642.6400298479962 151.93787891867987 0 0 11.0 1 139
493.877399441753 631.7046263544462 0 0 13.0 1 140
508.8002229968461 517.3137309773948 0 0 11.0 1 141
551.4213524245545 324.9495234530862 0 0 12.0 1 142
262.30285655416446 163.11290308069334 0 0 11.0 1 143
456.9279555792165 104.43239711773083 0 0 12.0 1 144
419.1021762781043 228.0578386158874 0 0 12.0 1 145
444.0297936189085 58.829401510217565 0 0 10.0 1 146
144.7533212487381 318.3107535446059 0 0 10.0 1 147
97.37754691084234 462.45519102765246 0 0 11.0 1 148
264.44862185160054 599.2657117571149 0 0 10.0 1 149
443.00584493009666 66.76360147509627 0 0 13.0 1 150
361.4424910407174 662.1799353551962 0 0 11.0 1 151
268.09352978519837 376.4058669268893 0 0 11.0 1 152
563.695058802354 106.57210813609782 0 0 10.0 1 153
412.5288395509434 265.58263438265607 0 0 12.0 1 154
333.68449041741917 617.0973357478222 10 -16 11.0 1 155
418.45952445805756 533.7319930188075 -15 -8 12.0 1 156
147.90461249480686 176.35538102022994 9 -11 13.0 1 157
161.4579953623301 604.1903818093347 -3 -1 10.0 1 158
558.1483945948575 325.072800085221 -6 6 11.0 1 159
123.92753064894288 524.8719010282523 11 -16 10.0 1 160
548.6525135959531 436.2136742350867 22 0 12.0 1 161
338.13209942722443 623.5986647516419 -12 -2 13.0 1 162
261.4272936073522 426.05004881026224 5 3 10.0 1 163
641.1366137113707 430.0355377480274 -2 -2 12.0 1 164
364.6383336357155 216.37387835076123 5 16 13.0 1 165
618.7545762817102 246.91363432425013 -1 16 11.0 1 166
568.9608637959151 493.2803650579168 8 3 13.0 1 167
530.6723365288283 460.5040533030363 7 -12 12.0 1 168
263.77165785283637 414.5202891099085 3 17 10.0 1 169
608.0 400.0 -15 5 10.0 1 170
276.54067186107847 440.7160201331871 8 11 13.0 1 171
555.7716598900429 426.4422006478435 11 -15 12.0 1 172
185.63464003261342 681.7152683935551 21 -7 12.0 1 173
573.2730950600253 503.828871362061 3 17 10.0 1 174
438.562862471896 152.99209397678453 -13 15 13.0 1 175
519.4262753122614 660.9719616453843 19 12 13.0 1 176
332.26531575221986 644.8019864091252 -9 4 13.0 1 177
230.9169294466981 277.15084350201204 6 11 10.0 1 178
202.5786982154016 690.2168665010263 4 21 10.0 1 179
151.96619459624338 325.43304098374807 -16 22 11.0 1 180
265.75714562383166 645.7210940251953 12 -6 11.0 1 181
300.50834855136293 311.73669339967535 0 -1 10.0 1 182
253.3156710551071 487.8903159738685 11 -16 12.0 1 183
119.44976810447349 339.49737705383086 9 -5 12.0 1 184
413.6856010330916 162.39380411200753 20 -2 12.0 1 185
701.8649780754954 266.6675770433885 11 -2 12.0 1 186
201.984540369109 660.2285106347247 -2 13 10.0 1 187
577.1513288281735 162.86415982729994 -13 20 13.0 1 188
282.5062628522554 448.21018285649524 12 -5 12.0 1 189
569.910251695251 332.0330494368295 22 14 11.0 1 190
475.58315745544417 515.4607565758406 5 -11 11.0 1 191
565.9152285504549 330.19930562630253 -17 -2 10.0 1 192
222.28894978194518 299.82623781450553 -10 17 13.0 1 193
505.1742093053811 554.6201335434292 -9 4 12.0 1 194
611.6914611285094 315.31986487211543 -3 1 11.0 1 195
712.0 400.0 14 9 10.0 1 196
705.0302839686856 375.65814588033504 -14 18 12.0 1 197
183.1963719357191 548.8797731666896 -5 -1 11.0 1 198
338.6536472410315 734.4198334476773 21 21 11.0 1 199
171.33393822949478 595.7366398872922 4 -12 12.0 1 200
271.4932874332778 447.4871016729158 6 -14 10.0 1 201
462.16167774274146 43.377053710494465 17 4 11.0 1 202
621.7197076447434 630.7387510626022 0 0 11.0 1 203
288.1409827461424 489.0873742962559 14 0 11.0 1 204
371.3870839205054 529.8857229776537 4 1 10.0 1 205
236.44031139895642 607.2298923049705 4 -17 10.0 1 206
436.9897633130921 67.04841581689175 -3 0 12.0 1 207
742.7850363074278 412.14161783764564 -15 13 11.0 1 208
581.2449547172444 463.35823852936613 -9 17 13.0 1 209
78.70637853096025 577.3680038882701 13 21 11.0 1 210
221.83657074781516 712.8223017578857 -7 -13 13.0 1 211
250.55287819985486 262.61529275187655 13 -17 10.0 1 212
461.2710320600569 192.8723566727621 -12 13 13.0 1 213
578.8658839315021 433.6302775100415 17 0 10.0 1 214
585.4105713370923 472.27669082389576 -3 2 10.0 1 215
498.70363151716 285.7257985137297 11 -13 11.0 1 216
95.2500483286733 328.61045625356576 -12 14 11.0 1 217
652.6142676367565 483.31885612720066 7 13 12.0 1 218
410.8104747656354 212.31107215570344 20 19 12.0 1 219
