400 400 -7.071067811865475 7.0710678118654755 5 2 -1 10 187
57.15728752538104 742.842712474619
800.0 400.0 0 0 24.0 1 0
799.4518139018296 420.9343824971775 0 0 24.0 1 1
797.8087581473094 441.8113853070614 0 0 24.0 1 2
795.0753362380551 462.57378601609236 0 0 24.0 1 3
791.2590402935223 483.16467632710373 0 0 24.0 1 4
786.3703305156273 503.5276180410083 0 0 24.0 1 5
780.4226065180615 523.6067977499789 0 0 24.0 1 6
773.4321705988807 543.3471798181201 0 0 24.0 1 7
765.4181830570403 562.6946572303201 0 0 24.0 1 8
756.4026096753471 581.5961998958187 0 0 24.0 1 9
746.4101615137755 600.0 0 0 24.0 1 10
735.4682271781696 617.8556140060108 0 0 24.0 1 11
723.606797749979 635.1141009169893 0 0 24.0 1 12
710.8583845827884 651.728156419935 0 0 24.0 1 13
697.2579301909577 667.6522425435433 0 0 24.0 1 14
682.842712474619 682.842712474619 0 0 24.0 1 15
667.6522425435433 697.2579301909577 0 0 24.0 1 16
651.728156419935 710.8583845827884 0 0 24.0 1 17
635.1141009169893 723.606797749979 0 0 24.0 1 18
617.8556140060108 735.4682271781696 0 0 24.0 1 19
600.0 746.4101615137754 0 0 24.0 1 20
581.5961998958187 756.4026096753471 0 0 24.0 1 21
562.6946572303201 765.4181830570403 0 0 24.0 1 22
543.3471798181201 773.4321705988807 0 0 24.0 1 23
523.606797749979 780.4226065180615 0 0 24.0 1 24
503.5276180410083 786.3703305156273 0 0 24.0 1 25
483.1646763271038 791.2590402935223 0 0 24.0 1 26
462.57378601609236 795.0753362380551 0 0 24.0 1 27
441.8113853070614 797.8087581473094 0 0 24.0 1 28
420.9343824971776 799.4518139018296 0 0 24.0 1 29
400.0 800.0 0 0 24.0 1 30
379.0656175028225 799.4518139018296 0 0 24.0 1 31
358.1886146929386 797.8087581473094 0 0 24.0 1 32
337.4262139839077 795.0753362380551 0 0 24.0 1 33
316.83532367289627 791.2590402935223 0 0 24.0 1 34
296.47238195899166 786.3703305156273 0 0 24.0 1 35
276.3932022500211 780.4226065180615 0 0 24.0 1 36
256.65282018187986 773.4321705988807 0 0 24.0 1 37
237.3053427696799 765.4181830570403 0 0 24.0 1 38
218.4038001041813 756.4026096753471 0 0 24.0 1 39
43.597390324652906 581.5961998958187 0 0 24.0 1 40
34.58181694295968 562.6946572303202 0 0 24.0 1 41
26.567829401119297 543.3471798181201 0 0 24.0 1 42
19.5773934819386 523.606797749979 0 0 24.0 1 43
13.629669484372698 503.5276180410084 0 0 24.0 1 44
8.740959706477724 483.16467632710373 0 0 24.0 1 45
4.924663761944942 462.5737860160924 0 0 24.0 1 46
2.1912418526906663 441.81138530706147 0 0 24.0 1 47
0.5481860981704472 420.9343824971775 0 0 24.0 1 48
0.0 400.00000000000006 0 0 24.0 1 49
0.5481860981704472 379.0656175028226 0 0 24.0 1 50
2.1912418526906663 358.1886146929386 0 0 24.0 1 51
4.924663761944885 337.4262139839077 0 0 24.0 1 52
8.740959706477781 316.8353236728962 0 0 24.0 1 53
13.629669484372698 296.47238195899166 0 0 24.0 1 54
19.577393481938543 276.3932022500211 0 0 24.0 1 55
26.567829401119297 256.65282018187986 0 0 24.0 1 56
34.58181694295968 237.30534276967992 0 0 24.0 1 57
43.59739032465285 218.40380010418136 0 0 24.0 1 58
53.58983848622455 199.99999999999994 0 0 24.0 1 59
64.53177282183037 182.14438599398918 0 0 24.0 1 60
76.39320225002103 164.8858990830108 0 0 24.0 1 61
89.14161541721171 148.27184358006497 0 0 24.0 1 62
102.74206980904228 132.3477574564567 0 0 24.0 1 63
117.15728752538092 117.15728752538104 0 0 24.0 1 64
132.34775745645675 102.74206980904228 0 0 24.0 1 65
148.27184358006485 89.14161541721177 0 0 24.0 1 66
164.8858990830107 76.39320225002109 0 0 24.0 1 67
182.1443859939892 64.53177282183032 0 0 24.0 1 68
199.99999999999983 53.58983848622461 0 0 24.0 1 69
218.40380010418124 43.597390324652906 0 0 24.0 1 70
237.30534276967995 34.58181694295962 0 0 24.0 1 71
256.65282018187975 26.567829401119354 0 0 24.0 1 72
276.393202250021 19.5773934819386 0 0 24.0 1 73
296.4723819589917 13.629669484372698 0 0 24.0 1 74
316.8353236728961 8.740959706477781 0 0 24.0 1 75
337.4262139839076 4.924663761944942 0 0 24.0 1 76
358.18861469293864 2.1912418526906663 0 0 24.0 1 77
379.0656175028223 0.5481860981704472 0 0 24.0 1 78
399.99999999999994 0.0 0 0 24.0 1 79
420.9343824971776 0.5481860981704472 0 0 24.0 1 80
441.8113853070612 2.1912418526906663 0 0 24.0 1 81
462.5737860160923 4.924663761944885 0 0 24.0 1 82
483.1646763271038 8.740959706477781 0 0 24.0 1 83
503.5276180410081 13.629669484372641 0 0 24.0 1 84
523.6067977499789 19.577393481938543 0 0 24.0 1 85
543.3471798181201 26.567829401119297 0 0 24.0 1 86
562.6946572303199 34.58181694295956 0 0 24.0 1 87
581.5961998958187 43.59739032465279 0 0 24.0 1 88
600.0 53.58983848622455 0 0 24.0 1 89
617.8556140060107 64.53177282183032 0 0 24.0 1 90
635.1141009169892 76.39320225002098 0 0 24.0 1 91
651.728156419935 89.14161541721171 0 0 24.0 1 92
667.6522425435431 102.74206980904216 0 0 24.0 1 93
682.842712474619 117.15728752538092 0 0 24.0 1 94
697.2579301909577 132.34775745645675 0 0 24.0 1 95
710.8583845827882 148.27184358006485 0 0 24.0 1 96
723.6067977499789 164.88589908301066 0 0 24.0 1 97
735.4682271781696 182.1443859939892 0 0 24.0 1 98
746.4101615137754 199.99999999999983 0 0 24.0 1 99
756.4026096753471 218.40380010418122 0 0 24.0 1 100
765.4181830570403 237.30534276967995 0 0 24.0 1 101
773.4321705988806 256.6528201818797 0 0 24.0 1 102
780.4226065180615 276.3932022500209 0 0 24.0 1 103
786.3703305156273 296.4723819589917 0 0 24.0 1 104
791.2590402935223 316.83532367289604 0 0 24.0 1 105
795.0753362380551 337.4262139839076 0 0 24.0 1 106
797.8087581473094 358.18861469293864 0 0 24.0 1 107
799.4518139018296 379.06561750282225 0 0 24.0 1 108
800.0 399.9999999999999 0 0 24.0 1 109
207.0144942969608 249.0642700069257 0 0 13.0 1 110
173.3024144451015 587.2009740989065 0 0 11.0 1 111
293.4841236949529 692.1906365627891 0 0 13.0 1 112
286.76999169166163 467.84515619035466 0 0 12.0 1 113
300.9570529017801 616.4127875845122 0 0 11.0 1 114
147.01520264773126 354.74856567321314 0 0 10.0 1 115
115.86058462406578 246.3972896403767 0 0 11.0 1 116
597.6176665630276 328.95594421639464 0 0 12.0 1 117
634.1482681931549 192.28965239510478 0 0 10.0 1 118
440.7223827703222 139.1596512394845 0 0 12.0 1 119
503.12481050202143 251.25097156982113 0 0 10.0 1 120
309.64633270814466 171.1939362540566 0 0 12.0 1 121
676.4939062699709 559.0978308952467 0 0 13.0 1 122
720.9047443998911 499.5798424463535 0 0 13.0 1 123
686.7243392741341 443.46439080225616 0 0 11.0 1 124
280.9990659913726 167.70755994851166 0 0 12.0 1 125
417.43870374650004 662.4212102929978 0 0 10.0 1 126
547.4802031559599 337.95493833449115 0 0 10.0 1 127
170.72942315703094 381.6969239172148 0 0 10.0 1 128
383.16951563876887 176.63318331460613 0 0 10.0 1 129
398.83078265517923 134.00256969135853 0 0 13.0 1 130
131.70721438703998 510.0862443179813 0 0 12.0 1 131
648.5189057919189 282.2572572767758 0 0 11.0 1 132
706.5330551251425 519.4926195028227 0 0 13.0 1 133
650.4177317219676 442.508347876913 0 0 10.0 1 134
363.91599161546384 645.3608451625987 0 0 13.0 1 135
722.5543601943173 240.12916238527245 0 0 13.0 1 136
263.8535295966019 279.2186330732399 0 0 11.0 1 137
515.48722349319 658.3635059559186 0 0 11.0 1 138
562.852918323535 67.76675814496224 0 0 11.0 1 139
222.92685528182622 134.65851922547677 0 0 10.0 1 140
82.92666886413241 543.4172328641313 0 0 11.0 1 141
211.44022117898794 165.3807130456428 0 0 11.0 1 142
475.4599498578622 672.7540943183968 0 0 10.0 1 143
176.11892202921524 273.800701560431 0 0 10.0 1 144
500.63657220155926 648.3873594519664 0 0 11.0 1 145
255.84846548152134 376.8410903545125 0 0 12.0 1 146
429.38498245594013 599.8512517000183 0 0 13.0 1 147
451.955430282654 683.2748369766441 0 0 13.0 1 148
343.13981801744296 574.994056198805 0 0 11.0 1 149
350.3990107476886 579.2644467405405 0 0 11.0 1 150
256.76034078037196 529.3499131296377 0 0 13.0 1 151
284.8409309747333 251.3985571360969 0 0 13.0 1 152
564.38840712055 565.1225351197356 0 0 12.0 1 153
276.9190730706188 470.81726785328794 0 0 12.0 1 154
581.151179969981 504.23650989688576 4 2 13.0 1 155
363.5722095331143 72.01674420528616 0 3 13.0 1 156
601.359860659067 383.93119433930616 -15 18 10.0 1 157
578.5852172116304 299.3405732508138 -6 11 11.0 1 158
410.14992779968014 727.8429181264426 14 -10 12.0 1 159
543.1263872782791 366.4763178533734 8 -12 13.0 1 160
442.0707487485405 158.63916618527938 9 -5 12.0 1 161
250.09721677753558 515.1093201359423 -10 -13 12.0 1 162
479.79459327774833 244.25076923580417 -1 -3 10.0 1 163
529.8009627538191 326.8377825091281 6 11 12.0 1 164
530.6873279748003 578.2184679173486 19 -6 13.0 1 165
598.5040570603471 244.75780428445856 22 13 13.0 1 166
459.0192119155331 647.0480370795716 -10 6 11.0 1 167
415.44102696188645 551.2136722864777 0 -12 12.0 1 168
522.977645335779 491.0247150375509 -6 2 11.0 1 169
494.1758455737911 81.63714081183804 -12 -3 13.0 1 170
615.7364467310796 141.1046822519803 -17 16 13.0 1 171
649.6973594389539 460.8295050876947 15 6 11.0 1 172
230.82079409591736 286.0070340342703 -15 5 10.0 1 173
709.3281893664052 520.5822178569517 -10 -12 13.0 1 174
655.6115496542478 452.7611190494856 14 -11 11.0 1 175
578.8102683500089 379.3387335190263 8 -3 12.0 1 176
271.36486970581905 234.00902658819336 -6 8 11.0 1 177
354.8217114534296 605.0827204910322 7 1 10.0 1 178
120.79198097813128 492.08084553197693 -9 -12 10.0 1 179
372.54178631271316 269.8652755752589 11 2 11.0 1 180
195.38608928606365 679.0146009483183 -16 -15 10.0 1 181
569.8363086860494 493.76368301158476 22 -7 11.0 1 182
751.9650796249703 459.7459850081021 0 2 13.0 1 183
377.71078939123043 735.2598858951633 4 21 11.0 1 184
463.88626482235594 690.047487779239 1 1 10.0 1 185
265.3333565791937 441.7839101781225 -6 5 10.0 1 186
568.9578157475306 534.5706375767891 6 -15 11.0 1 187
193.20269164386787 390.84176563639033 14 18 13.0 1 188
128.03776569580037 579.7569000407708 17 0 11.0 1 189
643.38983037815 635.9711644851874 1 -16 11.0 1 190
130.38741417655552 235.18175596859496 -11 -16 13.0 1 191
467.11284385378804 704.6963507983926 -9 12 13.0 1 192
368.38455842016566 197.45256394189514 18 3 12.0 1 193
681.7242453208039 387.5320571695462 -10 8 11.0 1 194
441.213934724676 80.6484514136339 -1 20 12.0 1 195
131.69115947470152 248.7572610140574 -5 -9 13.0 1 196
688.2000723426573 332.49653118774506 19 -1 10.0 1 197
681.074769160035 458.0170159662926 -17 18 11.0 1 198
722.2777835993904 324.51470210521495 -14 -11 13.0 1 199
544.188412342595 519.0743538555712 -1 19 11.0 1 200
509.78541932670373 600.9680614009595 -4 -2 12.0 1 201
336.475571292364 35.493968558312474 18 -14 12.0 1 202
444.5206395069172 522.1389072240911 5 0 13.0 1 203
521.2088111251401 513.421444646196 -13 14 10.0 1 204
304.4191700355375 308.95987179652866 2 0 11.0 1 205
640.6494248991014 467.73370132904137 -3 -4 13.0 1 206
189.00409426880336 379.39107560613644 -9 0 12.0 1 207
629.4806985094375 333.21969593045674 0 16 11.0 1 208
256.7161868275475 237.031448178608 6 4 12.0 1 209
521.1928282021598 449.7322671146387 22 -8 11.0 1 210
515.1829538520568 455.8290886717216 16 6 12.0 1 211
618.0248049720735 586.6391824266526 10 -15 11.0 1 212
226.2964353713124 124.13214823889439 -3 1 12.0 1 213
375.98432284350736 275.2913505376828 12 8 12.0 1 214
660.6824752731746 151.71659925510383 6 12 11.0 1 215
403.9164358583662 223.04333431552428 -9 -11 12.0 1 216
413.3640955210063 256.62147667483316 2 3 12.0 1 217
568.374768952619 469.0936840829332 14 -14 10.0 1 218
233.00000007587494 399.99496589298894 9 19 13.0 1 219
