400 400 -7.071067811865475 -7.071067811865477 5 2 -1 10 187
57.15728752538104 57.15728752538092
800.0 400.0 0 0 24.0 1 0
799.4518139018296 420.9343824971775 0 0 24.0 1 1
797.8087581473094 441.8113853070614 0 0 24.0 1 2
795.0753362380551 462.57378601609236 0 0 24.0 1 3
791.2590402935223 483.16467632710373 0 0 24.0 1 4
786.3703305156273 503.5276180410083 0 0 24.0 1 5
780.4226065180615 523.6067977499789 0 0 24.0 1 6
773.4321705988807 543.3471798181201 0 0 24.0 1 7
765.4181830570403 562.6946572303201 0 0 24.0 1 8
756.4026096753471 581.5961998958187 0 0 24.0 1 9
746.4101615137755 600.0 0 0 24.0 1 10
735.4682271781696 617.8556140060108 0 0 24.0 1 11
723.606797749979 635.1141009169893 0 0 24.0 1 12
710.8583845827884 651.728156419935 0 0 24.0 1 13
697.2579301909577 667.6522425435433 0 0 24.0 1 14
682.842712474619 682.842712474619 0 0 24.0 1 15
667.6522425435433 697.2579301909577 0 0 24.0 1 16
651.728156419935 710.8583845827884 0 0 24.0 1 17
635.1141009169893 723.606797749979 0 0 24.0 1 18
617.8556140060108 735.4682271781696 0 0 24.0 1 19
600.0 746.4101615137754 0 0 24.0 1 20
581.5961998958187 756.4026096753471 0 0 24.0 1 21
562.6946572303201 765.4181830570403 0 0 24.0 1 22
543.3471798181201 773.4321705988807 0 0 24.0 1 23
523.606797749979 780.4226065180615 0 0 24.0 1 24
503.5276180410083 786.3703305156273 0 0 24.0 1 25
483.1646763271038 791.2590402935223 0 0 24.0 1 26
462.57378601609236 795.0753362380551 0 0 24.0 1 27
441.8113853070614 797.8087581473094 0 0 24.0 1 28
420.9343824971776 799.4518139018296 0 0 24.0 1 29
400.0 800.0 0 0 24.0 1 30
379.0656175028225 799.4518139018296 0 0 24.0 1 31
358.1886146929386 797.8087581473094 0 0 24.0 1 32
337.4262139839077 795.0753362380551 0 0 24.0 1 33
316.83532367289627 791.2590402935223 0 0 24.0 1 34
296.47238195899166 786.3703305156273 0 0 24.0 1 35
276.3932022500211 780.4226065180615 0 0 24.0 1 36
256.65282018187986 773.4321705988807 0 0 24.0 1 37
237.3053427696799 765.4181830570403 0 0 24.0 1 38
218.4038001041813 756.4026096753471 0 0 24.0 1 39
200.00000000000009 746.4101615137755 0 0 24.0 1 40
182.14438599398918 735.4682271781696 0 0 24.0 1 41
164.8858990830108 723.606797749979 0 0 24.0 1 42
148.27184358006508 710.8583845827884 0 0 24.0 1 43
132.3477574564567 697.2579301909577 0 0 24.0 1 44
117.15728752538104 682.842712474619 0 0 24.0 1 45
102.74206980904233 667.6522425435434 0 0 24.0 1 46
89.14161541721165 651.728156419935 0 0 24.0 1 47
76.39320225002109 635.1141009169893 0 0 24.0 1 48
64.53177282183043 617.8556140060109 0 0 24.0 1 49
53.589838486224494 600.0 0 0 24.0 1 50
43.597390324652906 581.5961998958187 0 0 24.0 1 51
34.58181694295968 562.6946572303202 0 0 24.0 1 52
26.567829401119297 543.3471798181201 0 0 24.0 1 53
19.5773934819386 523.606797749979 0 0 24.0 1 54
13.629669484372698 503.5276180410084 0 0 24.0 1 55
8.740959706477724 483.16467632710373 0 0 24.0 1 56
4.924663761944942 462.5737860160924 0 0 24.0 1 57
2.1912418526906663 441.81138530706147 0 0 24.0 1 58
0.5481860981704472 420.9343824971775 0 0 24.0 1 59
0.0 400.00000000000006 0 0 24.0 1 60
0.5481860981704472 379.0656175028226 0 0 24.0 1 61
2.1912418526906663 358.1886146929386 0 0 24.0 1 62
4.924663761944885 337.4262139839077 0 0 24.0 1 63
8.740959706477781 316.8353236728962 0 0 24.0 1 64
13.629669484372698 296.47238195899166 0 0 24.0 1 65
19.577393481938543 276.3932022500211 0 0 24.0 1 66
26.567829401119297 256.65282018187986 0 0 24.0 1 67
34.58181694295968 237.30534276967992 0 0 24.0 1 68
43.59739032465285 218.40380010418136 0 0 24.0 1 69
218.40380010418124 43.597390324652906 0 0 24.0 1 70
237.30534276967995 34.58181694295962 0 0 24.0 1 71
256.65282018187975 26.567829401119354 0 0 24.0 1 72
276.393202250021 19.5773934819386 0 0 24.0 1 73
296.4723819589917 13.629669484372698 0 0 24.0 1 74
316.8353236728961 8.740959706477781 0 0 24.0 1 75
337.4262139839076 4.924663761944942 0 0 24.0 1 76
358.18861469293864 2.1912418526906663 0 0 24.0 1 77
379.0656175028223 0.5481860981704472 0 0 24.0 1 78
399.99999999999994 0.0 0 0 24.0 1 79
420.9343824971776 0.5481860981704472 0 0 24.0 1 80
441.8113853070612 2.1912418526906663 0 0 24.0 1 81
462.5737860160923 4.924663761944885 0 0 24.0 1 82
483.1646763271038 8.740959706477781 0 0 24.0 1 83
503.5276180410081 13.629669484372641 0 0 24.0 1 84
523.6067977499789 19.577393481938543 0 0 24.0 1 85
543.3471798181201 26.567829401119297 0 0 24.0 1 86
562.6946572303199 34.58181694295956 0 0 24.0 1 87
581.5961998958187 43.59739032465279 0 0 24.0 1 88
600.0 53.58983848622455 0 0 24.0 1 89
617.8556140060107 64.53177282183032 0 0 24.0 1 90
635.1141009169892 76.39320225002098 0 0 24.0 1 91
651.728156419935 89.14161541721171 0 0 24.0 1 92
667.6522425435431 102.74206980904216 0 0 24.0 1 93
682.842712474619 117.15728752538092 0 0 24.0 1 94
697.2579301909577 132.34775745645675 0 0 24.0 1 95
710.8583845827882 148.27184358006485 0 0 24.0 1 96
723.6067977499789 164.88589908301066 0 0 24.0 1 97
735.4682271781696 182.1443859939892 0 0 24.0 1 98
746.4101615137754 199.99999999999983 0 0 24.0 1 99
756.4026096753471 218.40380010418122 0 0 24.0 1 100
765.4181830570403 237.30534276967995 0 0 24.0 1 101
773.4321705988806 256.6528201818797 0 0 24.0 1 102
780.4226065180615 276.3932022500209 0 0 24.0 1 103
786.3703305156273 296.4723819589917 0 0 24.0 1 104
791.2590402935223 316.83532367289604 0 0 24.0 1 105
795.0753362380551 337.4262139839076 0 0 24.0 1 106
797.8087581473094 358.18861469293864 0 0 24.0 1 107
799.4518139018296 379.06561750282225 0 0 24.0 1 108
800.0 399.9999999999999 0 0 24.0 1 109
523.4930711414394 299.84780891036183 0 0 12.0 1 110
313.84298728344606 539.545580939561 0 0 13.0 1 111
567.0851926299596 458.4083761442594 0 0 12.0 1 112
272.20533262629084 240.98892179837586 0 0 11.0 1 113
493.31620584763743 687.2213183700007 0 0 12.0 1 114
594.296599073682 307.9465829618429 0 0 12.0 1 115
266.05470276631314 473.94360925042326 0 0 13.0 1 116
588.8478330310028 289.10592459696284 0 0 11.0 1 117
204.7091324660762 294.42785851443847 0 0 13.0 1 118
100.63981169484924 529.0715989592779 0 0 13.0 1 119
203.1956440977383 658.6368989488853 0 0 13.0 1 120
246.28811767881646 288.31894863819275 0 0 13.0 1 121
413.97311365983717 157.40207730763794 0 0 10.0 1 122
253.70960243583974 508.2733558199797 0 0 13.0 1 123
653.1631949938546 471.2558537981515 0 0 13.0 1 124
528.5105467350883 520.2540617935573 0 0 13.0 1 125
443.56816233283735 534.1000195038746 0 0 13.0 1 126
268.3497938351686 536.9971649953291 0 0 12.0 1 127
462.65695937416723 147.66271491913062 0 0 12.0 1 128
500.3280398378605 132.17489956635382 0 0 11.0 1 129
665.0530026411195 648.0240024492119 0 0 13.0 1 130
586.1639747597922 673.685904828209 0 0 10.0 1 131
525.1477742209886 509.05977538731895 0 0 13.0 1 132
303.8216745225968 549.7789361304276 0 0 11.0 1 133
494.48323148914756 237.46717572327688 0 0 12.0 1 134
181.60256621720984 445.07284012675245 0 0 11.0 1 135
119.84229383860111 492.3940456868476 0 0 13.0 1 136
686.9728360142395 589.6907783471415 0 0 10.0 1 137
400.8541597116938 207.00189013571423 0 0 13.0 1 138
552.0889595045836 336.016030157444 0 0 11.0 1 139
436.9494333851921 651.2981085732904 0 0 12.0 1 140
676.4433149021172 231.01747532384056 0 0 10.0 1 141
306.15643052224146 657.4284064894026 0 0 13.0 1 142
604.7728258534202 274.82775949914117 0 0 12.0 1 143
525.9811651790881 131.04322648403274 0 0 11.0 1 144
639.5216539895109 583.9385149177002 0 0 13.0 1 145
584.3526950368703 346.35222434580623 0 0 11.0 1 146
529.9949420584501 398.85324840519485 0 0 12.0 1 147
143.23028574904356 612.0337563773329 0 0 13.0 1 148
166.31572227777667 262.76786693546296 0 0 13.0 1 149
490.73785178441096 222.89087473100017 0 0 13.0 1 150
624.4361320736093 415.9192531180777 0 0 12.0 1 151
686.0281788999699 564.5839629950829 0 0 13.0 1 152
205.48203836030822 702.923691050303 0 0 13.0 1 153
451.06004377245046 747.2662838945864 0 0 11.0 1 154
205.27159637614906 354.38367811729444 -8 -5 13.0 1 155
236.52011042501337 386.9491109670575 2 -6 11.0 1 156
518.0101810560765 236.0561157983865 1 8 10.0 1 157
196.00799141549402 398.19433290475763 9 18 13.0 1 158
267.02704713377557 416.55879844786 16 -8 12.0 1 159
487.75431278387094 670.1021669439742 -4 17 12.0 1 160
510.24341027994046 484.6604422965574 11 -16 13.0 1 161
545.3983447427706 605.8235199049477 5 -7 10.0 1 162
152.8227160777428 437.46185143336953 2 -12 13.0 1 163
674.4673133014842 251.6366152682378 22 -3 13.0 1 164
122.46573869145749 497.00893670132484 2 7 13.0 1 165
48.77344739371455 478.9930930164417 22 -3 11.0 1 166
381.4383261084123 620.2191278303098 19 4 11.0 1 167
738.522034557157 417.99533604251377 3 20 12.0 1 168
741.1202172275622 457.9050723047712 -6 -3 10.0 1 169
361.0606179670036 576.761773375604 -1 10 12.0 1 170
435.9345899005021 213.42908788162413 -13 -1 10.0 1 171
507.25725537723156 128.41229562267858 -10 11 13.0 1 172
210.288158108659 146.03461447237575 5 2 10.0 1 173
465.8157345879032 602.5766252079807 -11 19 12.0 1 174
464.5958303642449 670.3911586933893 13 6 13.0 1 175
388.07349460359524 541.4982631307873 -9 -8 12.0 1 176
444.15778720501 57.837626514607734 11 5 13.0 1 177
530.6721101548515 326.3467609152296 22 -5 10.0 1 178
735.6742451656842 339.96833225331693 -4 15 13.0 1 179
466.9442757693214 173.69387117949933 -12 -8 12.0 1 180
528.0890179876789 581.3207199162634 20 9 11.0 1 181
355.81911481895196 190.6102930308678 -7 -3 11.0 1 182
463.6663939561263 666.5006384244198 16 5 10.0 1 183
681.759666292983 468.64029756977226 14 -7 12.0 1 184
237.20244853795813 341.46832278190016 1 -7 10.0 1 185
222.11136564659745 406.29553555159936 -1 8 10.0 1 186
198.87606830334744 434.1345001264152 -9 -12 13.0 1 187
60.26167364832423 360.73335247615023 0 -9 13.0 1 188
672.6691365231235 246.3102411097791 17 -6 13.0 1 189
404.3941760596176 541.9319950425452 10 1 12.0 1 190
396.0036990858591 700.9734698922874 -12 -7 11.0 1 191
362.2176073651848 587.2257749530995 4 2 13.0 1 192
496.0924504070115 305.17784554875357 6 2 11.0 1 193
245.65251243833126 610.4705515824019 19 -3 12.0 1 194
671.2231100216055 461.00839770234967 -15 -9 12.0 1 195
619.8016028937782 575.0664312920264 19 -15 10.0 1 196
467.2412145686694 508.9156511403672 22 15 12.0 1 197
372.61754882632147 565.7534354628016 -2 -6 12.0 1 198
674.0142506120281 551.2785194980723 -12 -11 12.0 1 199
564.2326079331453 280.6825641765723 2 -9 11.0 1 200
514.599144559473 286.91580098777274 2 -6 13.0 1 201
515.0686282026727 458.3113265460072 12 -7 10.0 1 202
384.25255394773967 126.45289629968454 7 -5 13.0 1 203
563.2158037805968 649.3283004318878 -2 9 13.0 1 204
195.82505705149168 191.24992773181282 7 -4 10.0 1 205
458.38672733400296 537.0838796913218 6 9 13.0 1 206
585.5896259388926 542.5218956647082 -8 -4 11.0 1 207
215.19857437467672 566.881494141346 -5 18 13.0 1 208
445.0776657937536 588.6902330450272 10 -15 10.0 1 209
189.66916646145012 383.2089171588362 20 3 13.0 1 210
478.05758955960926 506.4472297062896 11 4 12.0 1 211
272.5499083322203 77.25323528519368 -16 13 10.0 1 212
284.30507910714067 266.0459583304967 7 10 12.0 1 213
309.598197007884 726.723910994856 -10 5 11.0 1 214
548.680421779521 380.147237485334 -8 17 11.0 1 215
225.89489411070116 445.6882052971665 -8 -7 10.0 1 216
530.9012654481968 599.9646436349705 -3 -4 10.0 1 217
546.8403873754702 304.80073195963183 0 -8 11.0 1 218
257.20139088159203 407.58664839360074 -12 1 11.0 1 219
