400 400 7.0710678118654755 7.0710678118654755 5 2 -1 10 187
742.842712474619 742.842712474619
800.0 400.0 0 0 24.0 1 0
799.4518139018296 420.9343824971775 0 0 24.0 1 1
797.8087581473094 441.8113853070614 0 0 24.0 1 2
795.0753362380551 462.57378601609236 0 0 24.0 1 3
791.2590402935223 483.16467632710373 0 0 24.0 1 4
786.3703305156273 503.5276180410083 0 0 24.0 1 5
780.4226065180615 523.6067977499789 0 0 24.0 1 6
773.4321705988807 543.3471798181201 0 0 24.0 1 7
765.4181830570403 562.6946572303201 0 0 24.0 1 8
756.4026096753471 581.5961998958187 0 0 24.0 1 9
581.5961998958187 756.4026096753471 0 0 24.0 1 10
562.6946572303201 765.4181830570403 0 0 24.0 1 11
543.3471798181201 773.4321705988807 0 0 24.0 1 12
523.606797749979 780.4226065180615 0 0 24.0 1 13
503.5276180410083 786.3703305156273 0 0 24.0 1 14
483.1646763271038 791.2590402935223 0 0 24.0 1 15
462.57378601609236 795.0753362380551 0 0 24.0 1 16
441.8113853070614 797.8087581473094 0 0 24.0 1 17
420.9343824971776 799.4518139018296 0 0 24.0 1 18
400.0 800.0 0 0 24.0 1 19
379.0656175028225 799.4518139018296 0 0 24.0 1 20
358.1886146929386 797.8087581473094 0 0 24.0 1 21
337.4262139839077 795.0753362380551 0 0 24.0 1 22
316.83532367289627 791.2590402935223 0 0 24.0 1 23
296.47238195899166 786.3703305156273 0 0 24.0 1 24
276.3932022500211 780.4226065180615 0 0 24.0 1 25
256.65282018187986 773.4321705988807 0 0 24.0 1 26
237.3053427696799 765.4181830570403 0 0 24.0 1 27
218.4038001041813 756.4026096753471 0 0 24.0 1 28
200.00000000000009 746.4101615137755 0 0 24.0 1 29
182.14438599398918 735.4682271781696 0 0 24.0 1 30
164.8858990830108 723.606797749979 0 0 24.0 1 31
148.27184358006508 710.8583845827884 0 0 24.0 1 32
132.3477574564567 697.2579301909577 0 0 24.0 1 33
117.15728752538104 682.842712474619 0 0 24.0 1 34
102.74206980904233 667.6522425435434 0 0 24.0 1 35
89.14161541721165 651.728156419935 0 0 24.0 1 36
76.39320225002109 635.1141009169893 0 0 24.0 1 37
64.53177282183043 617.8556140060109 0 0 24.0 1 38
53.589838486224494 600.0 0 0 24.0 1 39
43.597390324652906 581.5961998958187 0 0 24.0 1 40
34.58181694295968 562.6946572303202 0 0 24.0 1 41
26.567829401119297 543.3471798181201 0 0 24.0 1 42
19.5773934819386 523.606797749979 0 0 24.0 1 43
13.629669484372698 503.5276180410084 0 0 24.0 1 44
8.740959706477724 483.16467632710373 0 0 24.0 1 45
4.924663761944942 462.5737860160924 0 0 24.0 1 46
2.1912418526906663 441.81138530706147 0 0 24.0 1 47
0.5481860981704472 420.9343824971775 0 0 24.0 1 48
0.0 400.00000000000006 0 0 24.0 1 49
0.5481860981704472 379.0656175028226 0 0 24.0 1 50
2.1912418526906663 358.1886146929386 0 0 24.0 1 51
4.924663761944885 337.4262139839077 0 0 24.0 1 52
8.740959706477781 316.8353236728962 0 0 24.0 1 53
13.629669484372698 296.47238195899166 0 0 24.0 1 54
19.577393481938543 276.3932022500211 0 0 24.0 1 55
26.567829401119297 256.65282018187986 0 0 24.0 1 56
34.58181694295968 237.30534276967992 0 0 24.0 1 57
43.59739032465285 218.40380010418136 0 0 24.0 1 58
53.58983848622455 199.99999999999994 0 0 24.0 1 59
64.53177282183037 182.14438599398918 0 0 24.0 1 60
76.39320225002103 164.8858990830108 0 0 24.0 1 61
89.14161541721171 148.27184358006497 0 0 24.0 1 62
102.74206980904228 132.3477574564567 0 0 24.0 1 63
117.15728752538092 117.15728752538104 0 0 24.0 1 64
132.34775745645675 102.74206980904228 0 0 24.0 1 65
148.27184358006485 89.14161541721177 0 0 24.0 1 66
164.8858990830107 76.39320225002109 0 0 24.0 1 67
182.1443859939892 64.53177282183032 0 0 24.0 1 68
199.99999999999983 53.58983848622461 0 0 24.0 1 69
218.40380010418124 43.597390324652906 0 0 24.0 1 70
237.30534276967995 34.58181694295962 0 0 24.0 1 71
256.65282018187975 26.567829401119354 0 0 24.0 1 72
276.393202250021 19.5773934819386 0 0 24.0 1 73
296.4723819589917 13.629669484372698 0 0 24.0 1 74
316.8353236728961 8.740959706477781 0 0 24.0 1 75
337.4262139839076 4.924663761944942 0 0 24.0 1 76
358.18861469293864 2.1912418526906663 0 0 24.0 1 77
379.0656175028223 0.5481860981704472 0 0 24.0 1 78
399.99999999999994 0.0 0 0 24.0 1 79
420.9343824971776 0.5481860981704472 0 0 24.0 1 80
441.8113853070612 2.1912418526906663 0 0 24.0 1 81
462.5737860160923 4.924663761944885 0 0 24.0 1 82
483.1646763271038 8.740959706477781 0 0 24.0 1 83
503.5276180410081 13.629669484372641 0 0 24.0 1 84
523.6067977499789 19.577393481938543 0 0 24.0 1 85
543.3471798181201 26.567829401119297 0 0 24.0 1 86
562.6946572303199 34.58181694295956 0 0 24.0 1 87
581.5961998958187 43.59739032465279 0 0 24.0 1 88
600.0 53.58983848622455 0 0 24.0 1 89
617.8556140060107 64.53177282183032 0 0 24.0 1 90
635.1141009169892 76.39320225002098 0 0 24.0 1 91
651.728156419935 89.14161541721171 0 0 24.0 1 92
667.6522425435431 102.74206980904216 0 0 24.0 1 93
682.842712474619 117.15728752538092 0 0 24.0 1 94
697.2579301909577 132.34775745645675 0 0 24.0 1 95
710.8583845827882 148.27184358006485 0 0 24.0 1 96
723.6067977499789 164.88589908301066 0 0 24.0 1 97
735.4682271781696 182.1443859939892 0 0 24.0 1 98
746.4101615137754 199.99999999999983 0 0 24.0 1 99
756.4026096753471 218.40380010418122 0 0 24.0 1 100
765.4181830570403 237.30534276967995 0 0 24.0 1 101
773.4321705988806 256.6528201818797 0 0 24.0 1 102
780.4226065180615 276.3932022500209 0 0 24.0 1 103
786.3703305156273 296.4723819589917 0 0 24.0 1 104
791.2590402935223 316.83532367289604 0 0 24.0 1 105
795.0753362380551 337.4262139839076 0 0 24.0 1 106
797.8087581473094 358.18861469293864 0 0 24.0 1 107
799.4518139018296 379.06561750282225 0 0 24.0 1 108
800.0 399.9999999999999 0 0 24.0 1 109
557.9750493844828 374.62513503542834 0 0 11.0 1 110
506.43955425602354 565.7697840071556 0 0 10.0 1 111
390.3667651315917 710.8507693186075 0 0 13.0 1 112
50.60570403280258 281.32133323302605 0 0 10.0 1 113
709.050076615187 339.06519759491255 0 0 13.0 1 114
618.9229680376188 394.19189655741945 0 0 13.0 1 115
591.8073185831896 698.7221996068033 0 0 11.0 1 116
560.1059327591992 313.45469223980535 0 0 10.0 1 117
265.33803289166207 409.5474925772638 0 0 13.0 1 118
531.3191020799516 143.681265942352 0 0 10.0 1 119
489.92835484634134 265.2524916941671 0 0 12.0 1 120
374.01425492086304 588.214614344057 0 0 12.0 1 121
87.8339503346723 544.5280506903216 0 0 10.0 1 122
429.3018434229051 747.7677414194991 0 0 13.0 1 123
34.684467316184225 341.3096125422577 0 0 10.0 1 124
324.0439097292026 648.6577413851708 0 0 13.0 1 125
290.06893654423374 89.9094305086266 0 0 13.0 1 126
321.14071299065716 274.7593801820748 0 0 11.0 1 127
551.1776269308245 473.2756788816346 0 0 11.0 1 128
267.6965368118073 378.744562380169 0 0 10.0 1 129
511.3125191225003 612.6253114909018 0 0 11.0 1 130
457.3018213659183 254.90519903129405 0 0 13.0 1 131
455.2929840695104 82.78290412922433 0 0 10.0 1 132
281.1503204449824 177.78669331097737 0 0 10.0 1 133
212.45089304994053 703.7669048501418 0 0 13.0 1 134
509.108160296421 280.2527271428259 0 0 12.0 1 135
379.2624389120545 124.78017229835399 0 0 10.0 1 136
235.60910055319502 370.59537146858594 0 0 11.0 1 137
300.95860037081866 214.82224442581446 0 0 11.0 1 138
570.3973120678673 212.98728374774663 0 0 10.0 1 139
273.28449099312974 79.11344718556717 0 0 12.0 1 140
384.38348149828136 530.0658462083167 0 0 10.0 1 141
663.3912853651331 539.3880582894498 0 0 11.0 1 142
315.60309853745787 206.61395338980128 0 0 13.0 1 143
222.4079571182908 153.26721680104774 0 0 10.0 1 144
617.7086811574784 303.8390404131105 0 0 11.0 1 145
173.58560792721238 434.3150559129665 0 0 10.0 1 146
429.65890918370076 579.5671158815917 0 0 12.0 1 147
353.9877110982528 135.97941506385877 0 0 12.0 1 148
252.25197017125674 145.82187410848115 0 0 13.0 1 149
460.2995940819576 276.9839077455671 0 0 11.0 1 150
412.22501028069365 93.24350190478941 0 0 13.0 1 151
426.38331865287586 49.992970789355695 0 0 12.0 1 152
208.0870800408571 420.45558976797327 0 0 12.0 1 153
213.26571263377974 714.7797736860325 0 0 13.0 1 154
427.6686187312667 268.88765299368714 2 16 13.0 1 155
250.38727557064624 619.9364287443675 6 -12 12.0 1 156
418.5901837764817 582.0533028185883 10 7 11.0 1 157
137.23504745626303 527.3521877106463 14 19 13.0 1 158
325.2254667531996 254.03846678757054 -12 6 11.0 1 159
739.0622919153362 291.4976396518522 -13 -16 11.0 1 160
610.5968088536163 698.1173998623251 18 18 10.0 1 161
560.1552292547848 560.8704526703003 -4 13 12.0 1 162
258.2352523374842 309.85147632832127 18 9 11.0 1 163
748.2945307885441 331.3274449085522 2 -11 11.0 1 164
585.1975860324453 522.4167232356554 0 0 13.0 1 165
645.261667988914 562.119444285057 -8 -14 10.0 1 166
213.26532138892688 674.5071215907144 4 -12 10.0 1 167
385.1721128413023 142.42644980043286 0 -8 10.0 1 168
217.53889974140452 535.044240500744 21 -16 11.0 1 169
338.41184410568746 551.9963784224409 -10 18 13.0 1 170
680.0954145636586 457.81486608487694 -6 20 10.0 1 171
200.6166441757555 531.7849665943074 19 16 10.0 1 172
586.7363435462784 409.9266307963129 3 -4 10.0 1 173
647.3784922411337 417.5465545479256 -7 12 11.0 1 174
385.0630310597766 239.6943951108421 -12 -2 11.0 1 175
522.1249263345377 217.00955662170838 0 -14 12.0 1 176
484.9733662519877 661.542591230961 14 5 11.0 1 177
560.5965211726715 411.3911100089356 -17 5 12.0 1 178
746.3323080798762 331.71433254287024 -14 3 13.0 1 179
125.07975750103299 424.3897573647044 -10 6 13.0 1 180
284.03759559696755 458.7598567481879 -5 17 11.0 1 181
374.9201675485393 536.7186966153739 4 -6 13.0 1 182
527.3971255686062 93.41563575932844 10 17 10.0 1 183
478.769735588054 729.7215927951763 -5 -10 12.0 1 184
267.8929567818974 519.29681107293 11 4 11.0 1 185
277.6759027967365 644.0610891629523 18 18 11.0 1 186
404.6892983542881 753.9689399946617 22 5 13.0 1 187
171.40727775891153 157.8546565832649 -10 15 11.0 1 188
170.5306065114626 511.21509543224244 -14 11 12.0 1 189
350.4069740972363 242.62931727349022 -13 3 10.0 1 190
249.01600199578914 173.7527185872404 -12 13 12.0 1 191
95.08231104706283 443.4649624824391 0 2 11.0 1 192
706.8302282745133 576.5537057583615 8 -17 10.0 1 193
499.92039427371265 250.28054632685232 -1 13 13.0 1 194
334.4227227278316 266.2067987318894 21 15 12.0 1 195
618.3204697267734 321.51323361049316 -5 7 11.0 1 196
363.6151835653336 253.4491721858398 11 21 10.0 1 197
652.6142676367565 483.31885612720066 2 -14 12.0 1 198
152.27823923903077 327.9033340196294 -3 18 13.0 1 199
741.6572136090006 430.3207583832233 12 12 13.0 1 200
550.1874762241525 261.94304803661777 21 11 11.0 1 201
258.27248453577295 391.2073121096399 4 10 10.0 1 202
184.93211113173643 499.5731046907157 14 -1 13.0 1 203
229.13744990500518 380.25186147923347 22 -17 12.0 1 204
42.22513981267355 322.84334495366585 2 -10 10.0 1 205
544.4649692335769 161.314280560521 5 -1 11.0 1 206
505.7197254765203 210.49448650456316 -16 -8 10.0 1 207
635.4971761022397 601.5963294503913 9 -1 10.0 1 208
456.50696552801026 555.0224591690387 17 20 11.0 1 209
697.9324111530615 232.0706148867235 8 14 11.0 1 210
704.4102411343761 322.9908765631565 16 -2 12.0 1 211
469.17822446459434 589.7850712251261 -2 -5 13.0 1 212
308.89599734671907 214.1262237416182 -8 1 11.0 1 213
547.055876669147 517.1262956686868 -13 5 12.0 1 214
48.888036456580664 492.1378806826192 21 21 11.0 1 215
262.6204993554577 153.72602085754937 11 8 12.0 1 216
431.08522533116616 704.4169981556723 -6 -14 10.0 1 217
213.11871149371896 264.2193533443291 13 10 11.0 1 218
262.41007875907314 425.8652966910405 17 19 11.0 1 219
