400 400 7.071067811865475 -7.0710678118654755 5 2 -1 10 187
742.842712474619 57.15728752538092
800.0 400.0 0 0 24.0 1 0
799.4518139018296 420.9343824971775 0 0 24.0 1 1
797.8087581473094 441.8113853070614 0 0 24.0 1 2
795.0753362380551 462.57378601609236 0 0 24.0 1 3
791.2590402935223 483.16467632710373 0 0 24.0 1 4
786.3703305156273 503.5276180410083 0 0 24.0 1 5
780.4226065180615 523.6067977499789 0 0 24.0 1 6
773.4321705988807 543.3471798181201 0 0 24.0 1 7
765.4181830570403 562.6946572303201 0 0 24.0 1 8
756.4026096753471 581.5961998958187 0 0 24.0 1 9
746.4101615137755 600.0 0 0 24.0 1 10
735.4682271781696 617.8556140060108 0 0 24.0 1 11
723.606797749979 635.1141009169893 0 0 24.0 1 12
710.8583845827884 651.728156419935 0 0 24.0 1 13
697.2579301909577 667.6522425435433 0 0 24.0 1 14
682.842712474619 682.842712474619 0 0 24.0 1 15
667.6522425435433 697.2579301909577 0 0 24.0 1 16
651.728156419935 710.8583845827884 0 0 24.0 1 17
635.1141009169893 723.606797749979 0 0 24.0 1 18
617.8556140060108 735.4682271781696 0 0 24.0 1 19
600.0 746.4101615137754 0 0 24.0 1 20
581.5961998958187 756.4026096753471 0 0 24.0 1 21
562.6946572303201 765.4181830570403 0 0 24.0 1 22
543.3471798181201 773.4321705988807 0 0 24.0 1 23
523.606797749979 780.4226065180615 0 0 24.0 1 24
503.5276180410083 786.3703305156273 0 0 24.0 1 25
483.1646763271038 791.2590402935223 0 0 24.0 1 26
462.57378601609236 795.0753362380551 0 0 24.0 1 27
441.8113853070614 797.8087581473094 0 0 24.0 1 28
420.9343824971776 799.4518139018296 0 0 24.0 1 29
400.0 800.0 0 0 24.0 1 30
379.0656175028225 799.4518139018296 0 0 24.0 1 31
358.1886146929386 797.8087581473094 0 0 24.0 1 32
337.4262139839077 795.0753362380551 0 0 24.0 1 33
316.83532367289627 791.2590402935223 0 0 24.0 1 34
296.47238195899166 786.3703305156273 0 0 24.0 1 35
276.3932022500211 780.4226065180615 0 0 24.0 1 36
256.65282018187986 773.4321705988807 0 0 24.0 1 37
237.3053427696799 765.4181830570403 0 0 24.0 1 38
218.4038001041813 756.4026096753471 0 0 24.0 1 39
200.00000000000009 746.4101615137755 0 0 24.0 1 40
182.14438599398918 735.4682271781696 0 0 24.0 1 41
164.8858990830108 723.606797749979 0 0 24.0 1 42
148.27184358006508 710.8583845827884 0 0 24.0 1 43
132.3477574564567 697.2579301909577 0 0 24.0 1 44
117.15728752538104 682.842712474619 0 0 24.0 1 45
102.74206980904233 667.6522425435434 0 0 24.0 1 46
89.14161541721165 651.728156419935 0 0 24.0 1 47
76.39320225002109 635.1141009169893 0 0 24.0 1 48
64.53177282183043 617.8556140060109 0 0 24.0 1 49
53.589838486224494 600.0 0 0 24.0 1 50
43.597390324652906 581.5961998958187 0 0 24.0 1 51
34.58181694295968 562.6946572303202 0 0 24.0 1 52
26.567829401119297 543.3471798181201 0 0 24.0 1 53
19.5773934819386 523.606797749979 0 0 24.0 1 54
13.629669484372698 503.5276180410084 0 0 24.0 1 55
8.740959706477724 483.16467632710373 0 0 24.0 1 56
4.924663761944942 462.5737860160924 0 0 24.0 1 57
2.1912418526906663 441.81138530706147 0 0 24.0 1 58
0.5481860981704472 420.9343824971775 0 0 24.0 1 59
0.0 400.00000000000006 0 0 24.0 1 60
0.5481860981704472 379.0656175028226 0 0 24.0 1 61
2.1912418526906663 358.1886146929386 0 0 24.0 1 62
4.924663761944885 337.4262139839077 0 0 24.0 1 63
8.740959706477781 316.8353236728962 0 0 24.0 1 64
13.629669484372698 296.47238195899166 0 0 24.0 1 65
19.577393481938543 276.3932022500211 0 0 24.0 1 66
26.567829401119297 256.65282018187986 0 0 24.0 1 67
34.58181694295968 237.30534276967992 0 0 24.0 1 68
43.59739032465285 218.40380010418136 0 0 24.0 1 69
53.58983848622455 199.99999999999994 0 0 24.0 1 70
64.53177282183037 182.14438599398918 0 0 24.0 1 71
76.39320225002103 164.8858990830108 0 0 24.0 1 72
89.14161541721171 148.27184358006497 0 0 24.0 1 73
102.74206980904228 132.3477574564567 0 0 24.0 1 74
117.15728752538092 117.15728752538104 0 0 24.0 1 75
132.34775745645675 102.74206980904228 0 0 24.0 1 76
148.27184358006485 89.14161541721177 0 0 24.0 1 77
164.8858990830107 76.39320225002109 0 0 24.0 1 78
182.1443859939892 64.53177282183032 0 0 24.0 1 79
199.99999999999983 53.58983848622461 0 0 24.0 1 80
218.40380010418124 43.597390324652906 0 0 24.0 1 81
237.30534276967995 34.58181694295962 0 0 24.0 1 82
256.65282018187975 26.567829401119354 0 0 24.0 1 83
276.393202250021 19.5773934819386 0 0 24.0 1 84
296.4723819589917 13.629669484372698 0 0 24.0 1 85
316.8353236728961 8.740959706477781 0 0 24.0 1 86
337.4262139839076 4.924663761944942 0 0 24.0 1 87
358.18861469293864 2.1912418526906663 0 0 24.0 1 88
379.0656175028223 0.5481860981704472 0 0 24.0 1 89
399.99999999999994 0.0 0 0 24.0 1 90
420.9343824971776 0.5481860981704472 0 0 24.0 1 91
441.8113853070612 2.1912418526906663 0 0 24.0 1 92
462.5737860160923 4.924663761944885 0 0 24.0 1 93
483.1646763271038 8.740959706477781 0 0 24.0 1 94
503.5276180410081 13.629669484372641 0 0 24.0 1 95
523.6067977499789 19.577393481938543 0 0 24.0 1 96
543.3471798181201 26.567829401119297 0 0 24.0 1 97
562.6946572303199 34.58181694295956 0 0 24.0 1 98
581.5961998958187 43.59739032465279 0 0 24.0 1 99
756.4026096753471 218.40380010418122 0 0 24.0 1 100
765.4181830570403 237.30534276967995 0 0 24.0 1 101
773.4321705988806 256.6528201818797 0 0 24.0 1 102
780.4226065180615 276.3932022500209 0 0 24.0 1 103
786.3703305156273 296.4723819589917 0 0 24.0 1 104
791.2590402935223 316.83532367289604 0 0 24.0 1 105
795.0753362380551 337.4262139839076 0 0 24.0 1 106
797.8087581473094 358.18861469293864 0 0 24.0 1 107
799.4518139018296 379.06561750282225 0 0 24.0 1 108
800.0 399.9999999999999 0 0 24.0 1 109
480.4229710614156 509.67290333375297 0 0 13.0 1 110
258.75748087964473 98.4381476503766 0 0 13.0 1 111
509.4394090840583 639.1485223440282 0 0 12.0 1 112
270.71345167994684 72.60270553425983 0 0 11.0 1 113
54.814085952162316 527.5565942746936 0 0 11.0 1 114
350.1064103038862 241.6755555599962 0 0 10.0 1 115
241.29635104656148 362.82269766559494 0 0 13.0 1 116
582.0571304450627 262.7440301695061 0 0 12.0 1 117
210.5172755171169 172.59662024819463 0 0 13.0 1 118
238.26565821013162 672.6371263892686 0 0 10.0 1 119
251.68377945305383 312.9006387929876 0 0 11.0 1 120
621.1309079335222 419.624514172232 0 0 13.0 1 121
194.32426469380826 321.9135613165938 0 0 12.0 1 122
367.11699235925335 623.5949637368843 0 0 10.0 1 123
604.1589667665874 551.1129256178949 0 0 13.0 1 124
737.0933966401387 463.3801383843089 0 0 11.0 1 125
765.4839665130368 419.4285928954573 0 0 11.0 1 126
545.0287484849154 540.6081865073978 0 0 10.0 1 127
538.7681562241339 633.9388783809873 0 0 12.0 1 128
383.300283172421 220.7763423599477 0 0 10.0 1 129
477.18538214672185 541.2919558321156 0 0 13.0 1 130
407.3460830789693 68.08128244493821 0 0 10.0 1 131
730.2753548301541 456.06415960144034 0 0 13.0 1 132
294.5963581839625 513.6444996113603 0 0 11.0 1 133
321.0769495279456 189.29605579347702 0 0 12.0 1 134
205.7235837538374 119.75426124462166 0 0 12.0 1 135
528.662818411149 362.55832324134394 0 0 12.0 1 136
464.7959607759318 283.8514594705387 0 0 13.0 1 137
154.57322986361805 200.94799548755222 0 0 11.0 1 138
437.4098154267749 556.5934408260277 0 0 10.0 1 139
549.2550422794278 489.4367505792011 0 0 10.0 1 140
263.82748576946335 592.7512551661708 0 0 13.0 1 141
385.75490794464554 42.28352378967156 0 0 13.0 1 142
158.96532565632828 269.6992487970997 0 0 11.0 1 143
698.3622106466678 245.48142099400005 0 0 12.0 1 144
152.24497309063148 536.7715125350966 0 0 10.0 1 145
275.78707669770745 546.4074782403509 0 0 12.0 1 146
245.680800294426 478.19580936489615 0 0 13.0 1 147
616.676787739591 480.07602421981403 0 0 12.0 1 148
508.38387500414814 289.19415340747946 0 0 12.0 1 149
501.3350364014572 218.35416217948912 0 0 13.0 1 150
522.6857048552138 587.414561398466 0 0 12.0 1 151
488.62794715902373 504.4705077157056 0 0 13.0 1 152
743.5343886734582 262.5804824679066 0 0 12.0 1 153
571.2486514981357 598.2874160406304 0 0 11.0 1 154
216.02747879696184 205.12026415710207 -10 11 11.0 1 155
585.982355115911 269.84792131687186 5 15 13.0 1 156
555.6736956926779 67.65274114356907 -16 -3 13.0 1 157
486.1724438838167 682.1334966201115 12 21 12.0 1 158
667.8229341290397 190.5462438758568 -2 0 12.0 1 159
403.36326695181725 248.0372136494898 7 -2 10.0 1 160
154.7049132322896 541.1358225526795 -4 -5 13.0 1 161
274.26817022788777 320.046845076904 16 9 11.0 1 162
470.89263797193735 220.4916885451266 -12 20 10.0 1 163
339.7376365503237 54.211845848561325 15 10 12.0 1 164
86.98723252683732 308.90111197829145 16 1 13.0 1 165
390.4596902267853 707.8522088428653 21 -8 13.0 1 166
572.0079483781484 527.3156144969666 8 -8 13.0 1 167
423.44622038291277 249.819193137885 10 -5 11.0 1 168
545.2026556495699 703.0052619878282 0 0 13.0 1 169
479.5305800847327 122.15852211848227 -5 22 11.0 1 170
727.1412505333623 245.00773503342853 21 16 13.0 1 171
197.44406491116274 549.9169542122796 -8 -16 12.0 1 172
449.8660780780903 701.9095464822367 -7 19 12.0 1 173
613.9916738500641 398.11227045162843 22 22 13.0 1 174
265.5434674542778 158.96589275419726 -12 -1 10.0 1 175
471.3776276516697 619.6957766340072 -1 -6 10.0 1 176
418.18384096169524 578.0739956531547 20 17 13.0 1 177
340.9973373519546 757.1591883186557 16 -13 11.0 1 178
171.8048094089578 322.4890008378301 -14 17 10.0 1 179
137.6013023913926 321.1144912337721 -14 19 12.0 1 180
65.13214316554877 523.7437612936566 -5 -16 12.0 1 181
540.7524683597355 323.9162129580707 -15 15 10.0 1 182
524.4360997157629 128.12382030135717 3 8 11.0 1 183
472.1170940942947 679.8573292579536 -8 1 10.0 1 184
229.5912707223382 540.7190995777495 -5 9 10.0 1 185
735.9473517056242 405.94784683541894 -13 -2 13.0 1 186
613.5839049138975 576.3828664063808 21 19 12.0 1 187
680.2123859963237 282.11438283553315 8 3 10.0 1 188
543.1519546010059 437.57017292895466 0 -1 10.0 1 189
518.5289802414267 519.058308584187 19 2 11.0 1 190
103.5889567299858 259.5560844052625 7 10 10.0 1 191
269.0461832684082 396.5217988228604 12 13 11.0 1 192
529.9075551337784 367.1362339473343 19 13 10.0 1 193
390.08203600141735 268.37312588182147 15 12 13.0 1 194
396.37544800810474 672.975937809284 7 5 11.0 1 195
226.1749709036401 453.9338415065127 -3 16 10.0 1 196
521.569813033017 217.84133136433698 -6 20 10.0 1 197
348.9870633690869 177.7801082344552 14 -7 10.0 1 198
727.6911923475316 335.3897650688914 -10 -1 12.0 1 199
601.5362098178601 139.9535500487433 -14 0 12.0 1 200
564.674224580034 467.57514157561593 11 10 13.0 1 201
537.6095482669637 380.38846702161675 -7 13 13.0 1 202
462.01179820442155 278.9605978061107 -4 20 11.0 1 203
365.83890207940715 542.9755901853867 7 7 13.0 1 204
346.73320492196575 516.3900706336873 8 -9 13.0 1 205
136.55197449519932 454.37037665514083 21 5 11.0 1 206
683.2744151400714 504.68813556010315 -1 3 11.0 1 207
546.8803010457423 558.373536819483 -11 1 11.0 1 208
621.430222711181 250.8099987597132 16 12 11.0 1 209
517.6038051702709 130.5462098810392 2 -3 12.0 1 210
356.26579442269315 558.0611250830573 16 -8 12.0 1 211
136.53153986999394 229.17737118073788 -12 20 10.0 1 212
237.6715160574869 255.99144712578604 12 9 10.0 1 213
564.9934772807301 330.58708726171193 -17 6 12.0 1 214
463.66080164288917 542.4194591135099 17 22 13.0 1 215
537.204439365316 85.63724486121242 -2 -4 11.0 1 216
449.40894335872093 591.7361632978367 -8 19 11.0 1 217
317.93039033887766 239.79831720587012 0 3 12.0 1 218
58.087791925485305 372.70454305915075 3 15 12.0 1 219
