400 400 -7.071067811865475 7.0710678118654755 5 2 -1 10 187
57.15728752538104 742.842712474619
800.0 400.0 0 0 24.0 1 0
799.4518139018296 420.9343824971775 0 0 24.0 1 1
797.8087581473094 441.8113853070614 0 0 24.0 1 2
795.0753362380551 462.57378601609236 0 0 24.0 1 3
791.2590402935223 483.16467632710373 0 0 24.0 1 4
786.3703305156273 503.5276180410083 0 0 24.0 1 5
780.4226065180615 523.6067977499789 0 0 24.0 1 6
773.4321705988807 543.3471798181201 0 0 24.0 1 7
765.4181830570403 562.6946572303201 0 0 24.0 1 8
756.4026096753471 581.5961998958187 0 0 24.0 1 9
746.4101615137755 600.0 0 0 24.0 1 10
735.4682271781696 617.8556140060108 0 0 24.0 1 11
723.606797749979 635.1141009169893 0 0 24.0 1 12
710.8583845827884 651.728156419935 0 0 24.0 1 13
697.2579301909577 667.6522425435433 0 0 24.0 1 14
682.842712474619 682.842712474619 0 0 24.0 1 15
667.6522425435433 697.2579301909577 0 0 24.0 1 16
651.728156419935 710.8583845827884 0 0 24.0 1 17
635.1141009169893 723.606797749979 0 0 24.0 1 18
617.8556140060108 735.4682271781696 0 0 24.0 1 19
600.0 746.4101615137754 0 0 24.0 1 20
581.5961998958187 756.4026096753471 0 0 24.0 1 21
562.6946572303201 765.4181830570403 0 0 24.0 1 22
543.3471798181201 773.4321705988807 0 0 24.0 1 23
523.606797749979 780.4226065180615 0 0 24.0 1 24
503.5276180410083 786.3703305156273 0 0 24.0 1 25
483.1646763271038 791.2590402935223 0 0 24.0 1 26
462.57378601609236 795.0753362380551 0 0 24.0 1 27
441.8113853070614 797.8087581473094 0 0 24.0 1 28
420.9343824971776 799.4518139018296 0 0 24.0 1 29
400.0 800.0 0 0 24.0 1 30
379.0656175028225 799.4518139018296 0 0 24.0 1 31
358.1886146929386 797.8087581473094 0 0 24.0 1 32
337.4262139839077 795.0753362380551 0 0 24.0 1 33
316.83532367289627 791.2590402935223 0 0 24.0 1 34
296.47238195899166 786.3703305156273 0 0 24.0 1 35
276.3932022500211 780.4226065180615 0 0 24.0 1 36
256.65282018187986 773.4321705988807 0 0 24.0 1 37
237.3053427696799 765.4181830570403 0 0 24.0 1 38
218.4038001041813 756.4026096753471 0 0 24.0 1 39
43.597390324652906 581.5961998958187 0 0 24.0 1 40
34.58181694295968 562.6946572303202 0 0 24.0 1 41
26.567829401119297 543.3471798181201 0 0 24.0 1 42
19.5773934819386 523.606797749979 0 0 24.0 1 43
13.629669484372698 503.5276180410084 0 0 24.0 1 44
8.740959706477724 483.16467632710373 0 0 24.0 1 45
4.924663761944942 462.5737860160924 0 0 24.0 1 46
2.1912418526906663 441.81138530706147 0 0 24.0 1 47
0.5481860981704472 420.9343824971775 0 0 24.0 1 48
0.0 400.00000000000006 0 0 24.0 1 49
0.5481860981704472 379.0656175028226 0 0 24.0 1 50
2.1912418526906663 358.1886146929386 0 0 24.0 1 51
4.924663761944885 337.4262139839077 0 0 24.0 1 52
8.740959706477781 316.8353236728962 0 0 24.0 1 53
13.629669484372698 296.47238195899166 0 0 24.0 1 54
19.577393481938543 276.3932022500211 0 0 24.0 1 55
26.567829401119297 256.65282018187986 0 0 24.0 1 56
34.58181694295968 237.30534276967992 0 0 24.0 1 57
43.59739032465285 218.40380010418136 0 0 24.0 1 58
53.58983848622455 199.99999999999994 0 0 24.0 1 59
64.53177282183037 182.14438599398918 0 0 24.0 1 60
76.39320225002103 164.8858990830108 0 0 24.0 1 61
89.14161541721171 148.27184358006497 0 0 24.0 1 62
102.74206980904228 132.3477574564567 0 0 24.0 1 63
117.15728752538092 117.15728752538104 0 0 24.0 1 64
132.34775745645675 102.74206980904228 0 0 24.0 1 65
148.27184358006485 89.14161541721177 0 0 24.0 1 66
164.8858990830107 76.39320225002109 0 0 24.0 1 67
182.1443859939892 64.53177282183032 0 0 24.0 1 68
199.99999999999983 53.58983848622461 0 0 24.0 1 69
218.40380010418124 43.597390324652906 0 0 24.0 1 70
237.30534276967995 34.58181694295962 0 0 24.0 1 71
256.65282018187975 26.567829401119354 0 0 24.0 1 72
276.393202250021 19.5773934819386 0 0 24.0 1 73
296.4723819589917 13.629669484372698 0 0 24.0 1 74
316.8353236728961 8.740959706477781 0 0 24.0 1 75
337.4262139839076 4.924663761944942 0 0 24.0 1 76
358.18861469293864 2.1912418526906663 0 0 24.0 1 77
379.0656175028223 0.5481860981704472 0 0 24.0 1 78
399.99999999999994 0.0 0 0 24.0 1 79
420.9343824971776 0.5481860981704472 0 0 24.0 1 80
441.8113853070612 2.1912418526906663 0 0 24.0 1 81
462.5737860160923 4.924663761944885 0 0 24.0 1 82
483.1646763271038 8.740959706477781 0 0 24.0 1 83
503.5276180410081 13.629669484372641 0 0 24.0 1 84
523.6067977499789 19.577393481938543 0 0 24.0 1 85
543.3471798181201 26.567829401119297 0 0 24.0 1 86
562.6946572303199 34.58181694295956 0 0 24.0 1 87
581.5961998958187 43.59739032465279 0 0 24.0 1 88
600.0 53.58983848622455 0 0 24.0 1 89
617.8556140060107 64.53177282183032 0 0 24.0 1 90
635.1141009169892 76.39320225002098 0 0 24.0 1 91
651.728156419935 89.14161541721171 0 0 24.0 1 92
667.6522425435431 102.74206980904216 0 0 24.0 1 93
682.842712474619 117.15728752538092 0 0 24.0 1 94
697.2579301909577 132.34775745645675 0 0 24.0 1 95
710.8583845827882 148.27184358006485 0 0 24.0 1 96
723.6067977499789 164.88589908301066 0 0 24.0 1 97
735.4682271781696 182.1443859939892 0 0 24.0 1 98
746.4101615137754 199.99999999999983 0 0 24.0 1 99
756.4026096753471 218.40380010418122 0 0 24.0 1 100
765.4181830570403 237.30534276967995 0 0 24.0 1 101
773.4321705988806 256.6528201818797 0 0 24.0 1 102
780.4226065180615 276.3932022500209 0 0 24.0 1 103
786.3703305156273 296.4723819589917 0 0 24.0 1 104
791.2590402935223 316.83532367289604 0 0 24.0 1 105
795.0753362380551 337.4262139839076 0 0 24.0 1 106
797.8087581473094 358.18861469293864 0 0 24.0 1 107
799.4518139018296 379.06561750282225 0 0 24.0 1 108
800.0 399.9999999999999 0 0 24.0 1 109
697.7085996652468 386.8246561578892 0 0 10.0 1 110
116.59557763575242 474.3702452892766 0 0 13.0 1 111
426.4579900696379 620.4177278747673 0 0 12.0 1 112
243.07537550455 630.6852015777389 0 0 13.0 1 113
175.939000164243 496.60573664436754 0 0 10.0 1 114
448.7325204096037 731.4364817797334 0 0 10.0 1 115
473.86699491997274 255.820712092573 0 0 10.0 1 116
436.8802370031469 208.5193270364037 0 0 13.0 1 117
57.131327050543746 290.268176403202 0 0 10.0 1 118
180.50678291523363 481.1093561420606 0 0 11.0 1 119
552.5961085350461 297.1874148756076 0 0 12.0 1 120
426.7281910420126 113.24295334966627 0 0 10.0 1 121
513.4038985256377 679.8991886361711 0 0 11.0 1 122
192.98514909392028 379.77992323620936 0 0 12.0 1 123
653.354443047524 263.04918332452723 0 0 10.0 1 124
575.4428976998348 376.57374023269415 0 0 11.0 1 125
46.388818524879355 431.3708835669205 0 0 12.0 1 126
403.6509147832227 235.0403963958277 0 0 13.0 1 127
494.997880462945 516.0836022336833 0 0 13.0 1 128
79.67177603876524 324.96115050294935 0 0 10.0 1 129
662.6687451438205 364.92678622409016 0 0 11.0 1 130
539.9280976665038 314.4656356577465 0 0 13.0 1 131
169.51102066075816 499.37721269564037 0 0 12.0 1 132
309.52043832591835 523.3792888586494 0 0 12.0 1 133
273.80443726608155 493.40064210844406 0 0 10.0 1 134
225.763602350979 123.28592783471919 0 0 10.0 1 135
245.74837108745407 296.0652369135994 0 0 10.0 1 136
354.8732125595381 242.33081133175267 0 0 11.0 1 137
190.18039770278057 157.06639900615505 0 0 12.0 1 138
603.0659339468939 252.46957442522 0 0 12.0 1 139
555.1422416847098 353.3643393416253 0 0 10.0 1 140
335.0293183758845 694.92848375377 0 0 10.0 1 141
358.0900948983516 201.37331535171103 0 0 10.0 1 142
654.8757175711248 489.09752293192116 0 0 13.0 1 143
438.42537031321285 609.5053481806431 0 0 10.0 1 144
361.92917519958127 607.5370142866468 0 0 12.0 1 145
113.71863288820009 420.2972619975905 0 0 10.0 1 146
94.43946484201552 463.06155210559086 0 0 12.0 1 147
215.40347623833495 211.26705794931024 0 0 12.0 1 148
360.2691220121983 530.0671262630124 0 0 13.0 1 149
195.61232842515923 463.416714738427 0 0 12.0 1 150
557.057578001805 352.7885904446083 0 0 11.0 1 151
261.29798566003353 569.4778782556466 0 0 13.0 1 152
515.2764080781055 322.3317971071166 0 0 11.0 1 153
569.4283451731221 434.97192948490806 0 0 11.0 1 154
323.4016976496191 250.47842939214544 4 12 13.0 1 155
499.6577392039453 673.40324617085 -11 6 12.0 1 156
547.8800906736951 625.9014802570796 -8 -2 12.0 1 157
210.00006047810834 496.2757652874155 -16 2 10.0 1 158
303.0504463106537 651.9936190450793 -15 -16 11.0 1 159
561.8393319382631 506.976776160888 -13 4 13.0 1 160
163.05748439304705 482.82055480283174 7 0 11.0 1 161
335.1683076887883 513.8325598063418 4 18 11.0 1 162
670.6888298484141 568.7855366887112 -10 -14 13.0 1 163
230.9556891636305 455.74962756697926 20 -4 13.0 1 164
669.897007054903 635.2012023413265 -14 -14 13.0 1 165
201.61172153851481 189.84983709478544 1 14 13.0 1 166
591.5188327028133 413.5844293274263 6 13 11.0 1 167
117.15920858164105 549.6699258696829 -16 -2 10.0 1 168
525.7810408568214 449.0319259358087 3 0 11.0 1 169
421.42093756041754 207.18624677157314 18 6 10.0 1 170
617.0734157981008 371.0149667285877 13 -14 11.0 1 171
114.89795420195628 367.04816421244186 -4 10 10.0 1 172
219.5988517783728 215.55644299591683 0 15 12.0 1 173
239.01639207491638 627.8711872515324 -17 10 12.0 1 174
386.51093238333755 61.268476437705715 -6 15 10.0 1 175
518.1850601681272 465.24792374517494 -15 22 13.0 1 176
103.40868891024786 466.7052785472174 1 4 11.0 1 177
523.2817552947795 459.754571468952 -2 13 11.0 1 178
542.7320617963036 548.5380709965501 -14 -7 11.0 1 179
670.1397391987074 510.85360303415655 5 5 13.0 1 180
607.0038135472263 558.9667297798667 6 20 10.0 1 181
187.8766539326507 354.25411435777454 -4 -16 11.0 1 182
240.575729478562 237.00336822894974 -17 5 13.0 1 183
305.1640066138142 214.87805543789435 -7 17 13.0 1 184
746.3527894035617 366.18069674916325 6 16 10.0 1 185
423.67733725258086 85.89112763147307 8 -13 11.0 1 186
446.70417950796127 595.498643515724 -14 20 12.0 1 187
506.6941008265343 208.74789191013517 -11 -10 10.0 1 188
242.05536077151555 468.0991258312755 10 11 11.0 1 189
396.7339201831274 645.9783175863877 -13 11 10.0 1 190
433.52328221988506 728.2928411482741 -11 22 12.0 1 191
202.6699989082432 154.46818807102153 8 14 10.0 1 192
220.51778987839003 351.1928668137305 19 6 11.0 1 193
621.3974709071732 462.31500522271807 -2 2 13.0 1 194
383.76416419540936 225.7547772943936 21 3 13.0 1 195
69.60206987078271 515.4868294063391 10 -5 10.0 1 196
479.49063855057614 630.6886178007525 -1 5 10.0 1 197
605.4837475873934 414.5749606325511 19 17 11.0 1 198
366.55465701247766 241.49003491121766 4 19 10.0 1 199
202.29818616986944 190.5770002882291 -5 -15 10.0 1 200
150.0508756355966 324.85723435041797 -16 4 11.0 1 201
53.30502438473269 507.57134322452805 -11 -8 13.0 1 202
738.9468816315673 406.0009526107352 10 12 13.0 1 203
724.8460437087266 341.90483766450023 13 -14 11.0 1 204
331.44473673223695 536.7814895308853 -4 -13 12.0 1 205
463.92574413878793 68.10016686309973 21 20 12.0 1 206
497.6431177918242 494.66689784656484 -11 13 13.0 1 207
527.15030620614 181.2723162658992 -12 8 13.0 1 208
392.31037649101796 52.084967714399966 0 13 13.0 1 209
533.489558172261 303.0178477297263 22 2 10.0 1 210
574.4131876525081 87.35956759738991 21 18 12.0 1 211
465.87859114496126 655.648217730449 -8 22 10.0 1 212
762.3552695256573 341.79640348751377 -5 8 12.0 1 213
43.69559315203588 365.1981371084757 -6 21 11.0 1 214
379.77478739770993 182.94023685815887 22 2 12.0 1 215
210.4194518487904 640.1982842625794 18 -5 13.0 1 216
607.6120994863285 209.15656640355985 -7 -16 13.0 1 217
602.0195350991265 247.69403347756602 2 0 10.0 1 218
552.4507951806601 314.07122106776785 7 -16 10.0 1 219
