400 400 -7.071067811865475 7.0710678118654755 5 2 -1 10 187
57.15728752538104 742.842712474619
800.0 400.0 0 0 24.0 1 0
799.4518139018296 420.9343824971775 0 0 24.0 1 1
797.8087581473094 441.8113853070614 0 0 24.0 1 2
795.0753362380551 462.57378601609236 0 0 24.0 1 3
791.2590402935223 483.16467632710373 0 0 24.0 1 4
786.3703305156273 503.5276180410083 0 0 24.0 1 5
780.4226065180615 523.6067977499789 0 0 24.0 1 6
773.4321705988807 543.3471798181201 0 0 24.0 1 7
765.4181830570403 562.6946572303201 0 0 24.0 1 8
756.4026096753471 581.5961998958187 0 0 24.0 1 9
746.4101615137755 600.0 0 0 24.0 1 10
735.4682271781696 617.8556140060108 0 0 24.0 1 11
723.606797749979 635.1141009169893 0 0 24.0 1 12
710.8583845827884 651.728156419935 0 0 24.0 1 13
697.2579301909577 667.6522425435433 0 0 24.0 1 14
682.842712474619 682.842712474619 0 0 24.0 1 15
667.6522425435433 697.2579301909577 0 0 24.0 1 16
651.728156419935 710.8583845827884 0 0 24.0 1 17
635.1141009169893 723.606797749979 0 0 24.0 1 18
617.8556140060108 735.4682271781696 0 0 24.0 1 19
600.0 746.4101615137754 0 0 24.0 1 20
581.5961998958187 756.4026096753471 0 0 24.0 1 21
562.6946572303201 765.4181830570403 0 0 24.0 1 22
543.3471798181201 773.4321705988807 0 0 24.0 1 23
523.606797749979 780.4226065180615 0 0 24.0 1 24
503.5276180410083 786.3703305156273 0 0 24.0 1 25
483.1646763271038 791.2590402935223 0 0 24.0 1 26
462.57378601609236 795.0753362380551 0 0 24.0 1 27
441.8113853070614 797.8087581473094 0 0 24.0 1 28
420.9343824971776 799.4518139018296 0 0 24.0 1 29
400.0 800.0 0 0 24.0 1 30
379.0656175028225 799.4518139018296 0 0 24.0 1 31
358.1886146929386 797.8087581473094 0 0 24.0 1 32
337.4262139839077 795.0753362380551 0 0 24.0 1 33
316.83532367289627 791.2590402935223 0 0 24.0 1 34
296.47238195899166 786.3703305156273 0 0 24.0 1 35
276.3932022500211 780.4226065180615 0 0 24.0 1 36
256.65282018187986 773.4321705988807 0 0 24.0 1 37
237.3053427696799 765.4181830570403 0 0 24.0 1 38
218.4038001041813 756.4026096753471 0 0 24.0 1 39
43.597390324652906 581.5961998958187 0 0 24.0 1 40
34.58181694295968 562.6946572303202 0 0 24.0 1 41
26.567829401119297 543.3471798181201 0 0 24.0 1 42
19.5773934819386 523.606797749979 0 0 24.0 1 43
13.629669484372698 503.5276180410084 0 0 24.0 1 44
8.740959706477724 483.16467632710373 0 0 24.0 1 45
4.924663761944942 462.5737860160924 0 0 24.0 1 46
2.1912418526906663 441.81138530706147 0 0 24.0 1 47
0.5481860981704472 420.9343824971775 0 0 24.0 1 48
0.0 400.00000000000006 0 0 24.0 1 49
0.5481860981704472 379.0656175028226 0 0 24.0 1 50
2.1912418526906663 358.1886146929386 0 0 24.0 1 51
4.924663761944885 337.4262139839077 0 0 24.0 1 52
8.740959706477781 316.8353236728962 0 0 24.0 1 53
13.629669484372698 296.47238195899166 0 0 24.0 1 54
19.577393481938543 276.3932022500211 0 0 24.0 1 55
26.567829401119297 256.65282018187986 0 0 24.0 1 56
34.58181694295968 237.30534276967992 0 0 24.0 1 57
43.59739032465285 218.40380010418136 0 0 24.0 1 58
53.58983848622455 199.99999999999994 0 0 24.0 1 59
64.53177282183037 182.14438599398918 0 0 24.0 1 60
76.39320225002103 164.8858990830108 0 0 24.0 1 61
89.14161541721171 148.27184358006497 0 0 24.0 1 62
102.74206980904228 132.3477574564567 0 0 24.0 1 63
117.15728752538092 117.15728752538104 0 0 24.0 1 64
132.34775745645675 102.74206980904228 0 0 24.0 1 65
148.27184358006485 89.14161541721177 0 0 24.0 1 66
164.8858990830107 76.39320225002109 0 0 24.0 1 67
182.1443859939892 64.53177282183032 0 0 24.0 1 68
199.99999999999983 53.58983848622461 0 0 24.0 1 69
218.40380010418124 43.597390324652906 0 0 24.0 1 70
237.30534276967995 34.58181694295962 0 0 24.0 1 71
256.65282018187975 26.567829401119354 0 0 24.0 1 72
276.393202250021 19.5773934819386 0 0 24.0 1 73
296.4723819589917 13.629669484372698 0 0 24.0 1 74
316.8353236728961 8.740959706477781 0 0 24.0 1 75
337.4262139839076 4.924663761944942 0 0 24.0 1 76
358.18861469293864 2.1912418526906663 0 0 24.0 1 77
379.0656175028223 0.5481860981704472 0 0 24.0 1 78
399.99999999999994 0.0 0 0 24.0 1 79
420.9343824971776 0.5481860981704472 0 0 24.0 1 80
441.8113853070612 2.1912418526906663 0 0 24.0 1 81
462.5737860160923 4.924663761944885 0 0 24.0 1 82
483.1646763271038 8.740959706477781 0 0 24.0 1 83
503.5276180410081 13.629669484372641 0 0 24.0 1 84
523.6067977499789 19.577393481938543 0 0 24.0 1 85
543.3471798181201 26.567829401119297 0 0 24.0 1 86
562.6946572303199 34.58181694295956 0 0 24.0 1 87
581.5961998958187 43.59739032465279 0 0 24.0 1 88
600.0 53.58983848622455 0 0 24.0 1 89
617.8556140060107 64.53177282183032 0 0 24.0 1 90
635.1141009169892 76.39320225002098 0 0 24.0 1 91
651.728156419935 89.14161541721171 0 0 24.0 1 92
667.6522425435431 102.74206980904216 0 0 24.0 1 93
682.842712474619 117.15728752538092 0 0 24.0 1 94
697.2579301909577 132.34775745645675 0 0 24.0 1 95
710.8583845827882 148.27184358006485 0 0 24.0 1 96
723.6067977499789 164.88589908301066 0 0 24.0 1 97
735.4682271781696 182.1443859939892 0 0 24.0 1 98
746.4101615137754 199.99999999999983 0 0 24.0 1 99
756.4026096753471 218.40380010418122 0 0 24.0 1 100
765.4181830570403 237.30534276967995 0 0 24.0 1 101
773.4321705988806 256.6528201818797 0 0 24.0 1 102
780.4226065180615 276.3932022500209 0 0 24.0 1 103
786.3703305156273 296.4723819589917 0 0 24.0 1 104
791.2590402935223 316.83532367289604 0 0 24.0 1 105
795.0753362380551 337.4262139839076 0 0 24.0 1 106
797.8087581473094 358.18861469293864 0 0 24.0 1 107
799.4518139018296 379.06561750282225 0 0 24.0 1 108
800.0 399.9999999999999 0 0 24.0 1 109
683.7029089826481 233.40570407488937 0 0 12.0 1 110
272.9556774617852 458.81955551350296 0 0 11.0 1 111
121.01092943589623 397.53048470797734 0 0 13.0 1 112
265.0124304268185 458.2009970767296 0 0 10.0 1 113
192.1917867053487 496.2119872328013 0 0 13.0 1 114
605.8504849761132 288.7274614511783 0 0 13.0 1 115
90.04840903998286 405.478253494885 0 0 12.0 1 116
609.9465236487947 281.6637958704689 0 0 12.0 1 117
201.14289734200653 473.4836901799865 0 0 10.0 1 118
97.06041190189592 588.8825189448485 0 0 12.0 1 119
518.7976055761065 474.07515716745945 0 0 11.0 1 120
135.17568987113395 250.72145242945925 0 0 12.0 1 121
251.12885447943856 425.26622313278773 0 0 11.0 1 122
404.66280514324694 751.9691154749179 0 0 10.0 1 123
647.7778630587364 554.4996135207011 0 0 10.0 1 124
329.59859589994505 654.4398598897994 0 0 13.0 1 125
241.9013482971996 280.7992603640539 0 0 13.0 1 126
294.8666260837707 146.97238552088763 0 0 10.0 1 127
663.296547905333 186.46796994096013 0 0 10.0 1 128
508.95791050417563 643.7563819442767 0 0 10.0 1 129
271.1441531718231 382.79038820329123 0 0 12.0 1 130
679.3289230990124 305.1298112137114 0 0 13.0 1 131
265.7646337717358 126.12801082702197 0 0 13.0 1 132
523.4327931369667 290.5041298568444 0 0 12.0 1 133
637.5952111522131 548.1503143349189 0 0 10.0 1 134
146.64968536139614 263.0415461808932 0 0 11.0 1 135
545.6143456218028 483.78819934295126 0 0 10.0 1 136
335.729462078556 610.4027042489906 0 0 12.0 1 137
96.9895284926157 291.056647027583 0 0 11.0 1 138
120.13732794143084 535.6388026644212 0 0 11.0 1 139
191.06634056481334 602.5530201083692 0 0 10.0 1 140
495.291348594104 608.2319833337735 0 0 11.0 1 141
410.59235418457496 134.21098210642992 0 0 12.0 1 142
418.0822552579986 577.0791688617963 0 0 11.0 1 143
648.7560674796129 451.346069879576 0 0 12.0 1 144
741.2386477884088 270.45778581659863 0 0 10.0 1 145
446.4792459275747 630.3577211599472 0 0 12.0 1 146
400.7346658660164 234.00162571258323 0 0 13.0 1 147
560.5811801751239 539.938145527102 0 0 13.0 1 148
556.7651310975212 699.44731368302 0 0 13.0 1 149
570.2250411389115 469.8529553365918 0 0 12.0 1 150
277.8490513683567 369.0945676556752 0 0 11.0 1 151
526.9470249905639 487.18057608231976 0 0 13.0 1 152
556.4094851639047 251.0299595530623 0 0 10.0 1 153
247.53847252992307 679.0689567857576 0 0 12.0 1 154
552.3274108833639 484.0973239382255 -1 -1 13.0 1 155
712.6489932314447 314.9905473999271 -7 14 10.0 1 156
124.7008057656875 581.9625061762404 7 -10 13.0 1 157
488.6125151055603 657.1610821385437 7 3 13.0 1 158
384.7196267111517 713.6279805632039 -2 11 13.0 1 159
648.0642515593912 355.6364214892547 19 -15 10.0 1 160
528.9172854927051 512.344708380913 22 6 10.0 1 161
233.62514482414028 298.2925392844178 0 0 11.0 1 162
693.7041613904496 260.84948587255326 -2 -5 13.0 1 163
602.8861502457798 128.41537223464417 -2 1 10.0 1 164
244.75668419232952 350.3158687603387 -14 -15 10.0 1 165
108.28184420096545 295.1166477594743 19 -10 13.0 1 166
316.8934202427075 722.4628604987631 8 18 13.0 1 167
438.73354402086625 722.6836106274745 21 1 10.0 1 168
483.84056475961074 176.18811537188307 -15 10 11.0 1 169
531.2776734234589 661.9449798345518 15 12 11.0 1 170
552.4594995187942 378.2721145419351 4 17 11.0 1 171
186.20954595066533 390.5320668897948 18 -9 12.0 1 172
544.8046852776805 68.22356454740202 -15 -17 11.0 1 173
518.5705999378166 357.3735665298368 5 9 12.0 1 174
404.3941760596176 541.9319950425452 11 -17 13.0 1 175
743.3669894949103 366.4722424668429 12 20 10.0 1 176
629.2744981523733 614.544178427142 -3 5 11.0 1 177
223.97997502364484 696.7186391302766 -14 12 13.0 1 178
271.33410489349194 285.85497191536956 4 -5 13.0 1 179
428.51216119487265 593.9150759069485 -13 11 12.0 1 180
545.10666310582 613.326173551897 0 3 12.0 1 181
538.706535399198 103.87587562383402 19 21 10.0 1 182
679.6391022958967 315.94066103552206 -10 -17 12.0 1 183
372.10484481372396 632.3313588759244 7 7 11.0 1 184
350.47059915071253 226.94845146167978 18 19 11.0 1 185
265.02579916410536 657.804121589845 9 7 11.0 1 186
486.09134070080165 734.085739079564 -9 -5 12.0 1 187
201.17896831314496 250.09603954873447 -5 -17 11.0 1 188
574.0446228772229 309.86416224650003 20 -9 13.0 1 189
158.15186028046358 119.98307673606655 2 -3 12.0 1 190
707.9229878322631 333.60396424143966 22 -9 10.0 1 191
580.6026739093509 704.4645696576084 21 22 11.0 1 192
322.48936136772465 501.8631478937148 -11 -16 13.0 1 193
236.02194107814688 180.48417780893047 -14 21 13.0 1 194
362.632055057151 222.89935999339752 -14 13 10.0 1 195
546.5148992588277 285.4164745909099 -8 10 13.0 1 196
461.58567507391876 534.5778756916965 6 -2 11.0 1 197
340.12870699764517 116.2475933595872 -10 -17 10.0 1 198
660.4912603444916 458.594396354415 0 7 13.0 1 199
453.678507555653 765.0748112737958 -16 -3 12.0 1 200
541.0270618782057 429.10958292385413 11 -9 10.0 1 201
585.2915297460189 643.5221735374013 12 0 11.0 1 202
148.19828231135494 375.4053873978892 -4 1 13.0 1 203
494.6688585491298 306.5826182072906 4 -6 13.0 1 204
188.20758757729462 390.620552245965 8 11 10.0 1 205
116.09186997658594 463.8527501882904 20 0 12.0 1 206
681.2140808354917 180.07355606964964 -5 8 13.0 1 207
644.2640864770585 297.2378666165009 -1 17 11.0 1 208
459.24230733703416 553.9978864185622 0 -8 12.0 1 209
360.39785182600167 227.48718928727445 -5 -9 11.0 1 210
234.63856773597743 643.0876317700904 17 -2 13.0 1 211
138.37226793801796 538.4446814294566 12 6 11.0 1 212
384.3208214229953 231.72889921572866 -3 -1 11.0 1 213
490.48823716276917 94.10315638245885 -12 16 11.0 1 214
351.9446314903491 271.70470952758376 7 9 11.0 1 215
550.3432797943497 225.93995800104523 13 4 11.0 1 216
273.8941392323842 682.0962812233772 11 -15 11.0 1 217
580.3275120136951 298.3585300630168 19 1 13.0 1 218
476.9911590597294 547.0658404478737 5 7 12.0 1 219
