400 400 7.0710678118654755 7.0710678118654755 5 2 -1 10 187
742.842712474619 742.842712474619
800.0 400.0 0 0 24.0 1 0
799.4518139018296 420.9343824971775 0 0 24.0 1 1
797.8087581473094 441.8113853070614 0 0 24.0 1 2
795.0753362380551 462.57378601609236 0 0 24.0 1 3
791.2590402935223 483.16467632710373 0 0 24.0 1 4
786.3703305156273 503.5276180410083 0 0 24.0 1 5
780.4226065180615 523.6067977499789 0 0 24.0 1 6
773.4321705988807 543.3471798181201 0 0 24.0 1 7
765.4181830570403 562.6946572303201 0 0 24.0 1 8
756.4026096753471 581.5961998958187 0 0 24.0 1 9
581.5961998958187 756.4026096753471 0 0 24.0 1 10
562.6946572303201 765.4181830570403 0 0 24.0 1 11
543.3471798181201 773.4321705988807 0 0 24.0 1 12
523.606797749979 780.4226065180615 0 0 24.0 1 13
503.5276180410083 786.3703305156273 0 0 24.0 1 14
483.1646763271038 791.2590402935223 0 0 24.0 1 15
462.57378601609236 795.0753362380551 0 0 24.0 1 16
441.8113853070614 797.8087581473094 0 0 24.0 1 17
420.9343824971776 799.4518139018296 0 0 24.0 1 18
400.0 800.0 0 0 24.0 1 19
379.0656175028225 799.4518139018296 0 0 24.0 1 20
358.1886146929386 797.8087581473094 0 0 24.0 1 21
337.4262139839077 795.0753362380551 0 0 24.0 1 22
316.83532367289627 791.2590402935223 0 0 24.0 1 23
296.47238195899166 786.3703305156273 0 0 24.0 1 24
276.3932022500211 780.4226065180615 0 0 24.0 1 25
256.65282018187986 773.4321705988807 0 0 24.0 1 26
237.3053427696799 765.4181830570403 0 0 24.0 1 27
218.4038001041813 756.4026096753471 0 0 24.0 1 28
200.00000000000009 746.4101615137755 0 0 24.0 1 29
182.14438599398918 735.4682271781696 0 0 24.0 1 30
164.8858990830108 723.606797749979 0 0 24.0 1 31
148.27184358006508 710.8583845827884 0 0 24.0 1 32
132.3477574564567 697.2579301909577 0 0 24.0 1 33
117.15728752538104 682.842712474619 0 0 24.0 1 34
102.74206980904233 667.6522425435434 0 0 24.0 1 35
89.14161541721165 651.728156419935 0 0 24.0 1 36
76.39320225002109 635.1141009169893 0 0 24.0 1 37
64.53177282183043 617.8556140060109 0 0 24.0 1 38
53.589838486224494 600.0 0 0 24.0 1 39
43.597390324652906 581.5961998958187 0 0 24.0 1 40
34.58181694295968 562.6946572303202 0 0 24.0 1 41
26.567829401119297 543.3471798181201 0 0 24.0 1 42
19.5773934819386 523.606797749979 0 0 24.0 1 43
13.629669484372698 503.5276180410084 0 0 24.0 1 44
8.740959706477724 483.16467632710373 0 0 24.0 1 45
4.924663761944942 462.5737860160924 0 0 24.0 1 46
2.1912418526906663 441.81138530706147 0 0 24.0 1 47
0.5481860981704472 420.9343824971775 0 0 24.0 1 48
0.0 400.00000000000006 0 0 24.0 1 49
0.5481860981704472 379.0656175028226 0 0 24.0 1 50
2.1912418526906663 358.1886146929386 0 0 24.0 1 51
4.924663761944885 337.4262139839077 0 0 24.0 1 52
8.740959706477781 316.8353236728962 0 0 24.0 1 53
13.629669484372698 296.47238195899166 0 0 24.0 1 54
19.577393481938543 276.3932022500211 0 0 24.0 1 55
26.567829401119297 256.65282018187986 0 0 24.0 1 56
34.58181694295968 237.30534276967992 0 0 24.0 1 57
43.59739032465285 218.40380010418136 0 0 24.0 1 58
53.58983848622455 199.99999999999994 0 0 24.0 1 59
64.53177282183037 182.14438599398918 0 0 24.0 1 60
76.39320225002103 164.8858990830108 0 0 24.0 1 61
89.14161541721171 148.27184358006497 0 0 24.0 1 62
102.74206980904228 132.3477574564567 0 0 24.0 1 63
117.15728752538092 117.15728752538104 0 0 24.0 1 64
132.34775745645675 102.74206980904228 0 0 24.0 1 65
148.27184358006485 89.14161541721177 0 0 24.0 1 66
164.8858990830107 76.39320225002109 0 0 24.0 1 67
182.1443859939892 64.53177282183032 0 0 24.0 1 68
199.99999999999983 53.58983848622461 0 0 24.0 1 69
218.40380010418124 43.597390324652906 0 0 24.0 1 70
237.30534276967995 34.58181694295962 0 0 24.0 1 71
256.65282018187975 26.567829401119354 0 0 24.0 1 72
276.393202250021 19.5773934819386 0 0 24.0 1 73
296.4723819589917 13.629669484372698 0 0 24.0 1 74
316.8353236728961 8.740959706477781 0 0 24.0 1 75
337.4262139839076 4.924663761944942 0 0 24.0 1 76
358.18861469293864 2.1912418526906663 0 0 24.0 1 77
379.0656175028223 0.5481860981704472 0 0 24.0 1 78
399.99999999999994 0.0 0 0 24.0 1 79
420.9343824971776 0.5481860981704472 0 0 24.0 1 80
441.8113853070612 2.1912418526906663 0 0 24.0 1 81
462.5737860160923 4.924663761944885 0 0 24.0 1 82
483.1646763271038 8.740959706477781 0 0 24.0 1 83
503.5276180410081 13.629669484372641 0 0 24.0 1 84
523.6067977499789 19.577393481938543 0 0 24.0 1 85
543.3471798181201 26.567829401119297 0 0 24.0 1 86
562.6946572303199 34.58181694295956 0 0 24.0 1 87
581.5961998958187 43.59739032465279 0 0 24.0 1 88
600.0 53.58983848622455 0 0 24.0 1 89
617.8556140060107 64.53177282183032 0 0 24.0 1 90
635.1141009169892 76.39320225002098 0 0 24.0 1 91
651.728156419935 89.14161541721171 0 0 24.0 1 92
667.6522425435431 102.74206980904216 0 0 24.0 1 93
682.842712474619 117.15728752538092 0 0 24.0 1 94
697.2579301909577 132.34775745645675 0 0 24.0 1 95
710.8583845827882 148.27184358006485 0 0 24.0 1 96
723.6067977499789 164.88589908301066 0 0 24.0 1 97
735.4682271781696 182.1443859939892 0 0 24.0 1 98
746.4101615137754 199.99999999999983 0 0 24.0 1 99
756.4026096753471 218.40380010418122 0 0 24.0 1 100
765.4181830570403 237.30534276967995 0 0 24.0 1 101
773.4321705988806 256.6528201818797 0 0 24.0 1 102
780.4226065180615 276.3932022500209 0 0 24.0 1 103
786.3703305156273 296.4723819589917 0 0 24.0 1 104
791.2590402935223 316.83532367289604 0 0 24.0 1 105
795.0753362380551 337.4262139839076 0 0 24.0 1 106
797.8087581473094 358.18861469293864 0 0 24.0 1 107
799.4518139018296 379.06561750282225 0 0 24.0 1 108
800.0 399.9999999999999 0 0 24.0 1 109
363.0871562915088 188.1924411892897 0 0 12.0 1 110
553.9861571724198 639.8192306702505 0 0 10.0 1 111
398.5230938802264 64.00324592592659 0 0 11.0 1 112
263.3884832395051 241.828278480643 0 0 13.0 1 113
389.33607633844974 132.21224685930719 0 0 10.0 1 114
211.9073299549701 207.6925704104714 0 0 12.0 1 115
328.3781905613342 218.62933971358146 0 0 10.0 1 116
437.28195325666 765.1014324285352 0 0 13.0 1 117
591.596525762297 358.68691108356245 0 0 10.0 1 118
466.8077497544631 517.3103770889218 0 0 12.0 1 119
52.00000015811065 399.9895097650309 0 0 13.0 1 120
196.5712288240596 425.3324901627709 0 0 10.0 1 121
212.895769159467 352.660726647185 0 0 12.0 1 122
720.523153204826 439.92378062803647 0 0 10.0 1 123
544.2995778259944 199.53396337723495 0 0 13.0 1 124
444.3984905164289 233.8290818468449 0 0 13.0 1 125
695.8958837403433 392.14977799541623 0 0 10.0 1 126
506.25868700874986 503.01985942126174 0 0 10.0 1 127
320.2650764169832 688.1724170721592 0 0 13.0 1 128
284.99521922086063 488.3113831730774 0 0 13.0 1 129
208.27039894591374 410.1862691718276 0 0 10.0 1 130
600.7977292735754 587.8969715524332 0 0 12.0 1 131
456.8262518716528 709.8318529432045 0 0 12.0 1 132
494.2763243513514 118.36020404282567 0 0 10.0 1 133
550.5409915771648 130.15113516087564 0 0 10.0 1 134
661.1663179688995 323.99898448989217 0 0 12.0 1 135
209.95614024526182 212.45712125084194 0 0 10.0 1 136
236.92373640777495 417.38195192718973 0 0 10.0 1 137
669.189412835665 228.83323915786124 0 0 13.0 1 138
416.1949556794767 732.6059581705351 0 0 13.0 1 139
238.5757446946446 637.2998310136597 0 0 12.0 1 140
450.6750256920945 555.974490770464 0 0 12.0 1 141
113.19448386188998 494.5864467709423 0 0 12.0 1 142
531.3167335201413 472.4976930501944 0 0 13.0 1 143
511.1000455318956 68.10125055551845 0 0 12.0 1 144
679.0087325878616 447.36166318569434 0 0 12.0 1 145
266.82586151720375 258.9303404719321 0 0 12.0 1 146
285.43426939358767 618.8234296656073 0 0 13.0 1 147
335.92679566176156 543.330472984046 0 0 10.0 1 148
667.199537155004 145.50951423648144 0 0 11.0 1 149
445.95327404504263 244.65426750457158 0 0 12.0 1 150
676.7084518752353 502.2615893716239 0 0 12.0 1 151
44.1801936934786 323.2649660194928 0 0 12.0 1 152
223.00693372814922 398.4333182555985 0 0 11.0 1 153
528.5637982265189 557.0998083562515 0 0 11.0 1 154
398.8439693169629 137.00254070987705 20 12 11.0 1 155
197.2102946623076 539.2563657756868 11 -3 11.0 1 156
575.1847660228144 707.6138776998393 -17 -5 13.0 1 157
469.3739505082766 555.2006926236967 -5 5 11.0 1 158
582.2197578088515 220.18909970726602 -13 -3 11.0 1 159
430.55936994199607 255.1893480825798 11 3 11.0 1 160
167.8798996567447 641.5476330180801 4 9 13.0 1 161
200.13187927391783 519.7569802450957 -17 -5 12.0 1 162
623.5128354375111 374.1734168987829 16 3 13.0 1 163
42.50418136790165 418.99314772663683 -3 7 10.0 1 164
483.59593952106826 724.4020944685622 18 -10 11.0 1 165
298.01912460978565 252.8915330287017 20 16 12.0 1 166
659.9583572863047 152.4062753682841 7 -13 11.0 1 167
397.84916694986435 561.9857213373773 22 -1 13.0 1 168
621.0004529623436 638.2935160478332 3 -7 12.0 1 169
612.5012333074326 551.539519079414 17 19 12.0 1 170
207.92183824414857 614.5925902180525 12 -16 11.0 1 171
230.64928354677141 511.9345113750812 6 21 11.0 1 172
234.13497941264723 141.66340765281228 -2 20 10.0 1 173
318.74557029797637 157.2373223623555 -1 -4 13.0 1 174
188.2402003279366 699.7445366355283 -5 -9 13.0 1 175
542.9775931366198 402.53137529007415 20 -1 11.0 1 176
161.14953027829657 408.4529943642261 17 -14 11.0 1 177
227.1300534810926 453.63750171801536 4 -3 12.0 1 178
630.3681760374939 434.9213898514679 2 22 10.0 1 179
399.270338047969 234.00160364197563 22 -5 13.0 1 180
249.2082552456485 160.51962561842672 -12 12 10.0 1 181
602.4299450814176 304.09318410908287 14 18 12.0 1 182
255.17266328799835 206.12106215241303 -14 11 11.0 1 183
489.77263285211495 279.8298107232939 0 0 10.0 1 184
664.5889226398299 508.5757892731807 4 -17 13.0 1 185
689.6516978541756 495.53477864209094 7 5 12.0 1 186
136.51263347183976 305.2666495892026 15 6 13.0 1 187
187.97649715053302 205.0896764164554 -12 22 12.0 1 188
268.41862546403513 389.49562590031456 -16 19 12.0 1 189
359.7640098080883 619.3400672318589 16 3 11.0 1 190
517.6840199223726 223.66375456273715 19 1 12.0 1 191
148.2774675977295 142.63689720360486 20 -10 10.0 1 192
654.7968207283787 588.5936906333571 19 -3 13.0 1 193
557.2964498282855 529.8992951151686 -1 -7 12.0 1 194
210.98033644997892 279.80196843776173 -10 18 10.0 1 195
659.5289680397536 453.5697185751482 10 -4 11.0 1 196
291.6984271592043 532.3320419256418 22 -7 12.0 1 197
389.2555390015355 257.40421970530656 20 -16 10.0 1 198
481.7767208578157 503.617411305933 -8 -8 11.0 1 199
655.993551829269 261.622612317491 3 10 12.0 1 200
260.48324231357464 115.35271944972447 21 -6 12.0 1 201
734.6943449541106 272.94215704751315 -15 -6 11.0 1 202
106.65576026857553 347.52946525532104 14 5 13.0 1 203
270.5056115901391 369.6651459480008 2 11 12.0 1 204
404.84825762053515 765.9678871131249 16 13 13.0 1 205
603.0343937882948 380.17489119778537 -11 -17 12.0 1 206
340.8577561347397 233.17315866269576 8 13 10.0 1 207
347.430250003898 127.01571220059691 -13 -14 10.0 1 208
326.94838486277274 563.4149978607913 -5 -6 13.0 1 209
404.62306532668515 748.9693786953021 16 6 10.0 1 210
46.57267871364098 450.3798428773726 15 21 11.0 1 211
537.8135771063492 479.2995458067217 10 15 10.0 1 212
563.6633458657845 94.02073727127095 18 -11 13.0 1 213
471.0545025946401 293.5328329435394 -13 21 11.0 1 214
482.42267030039244 639.1976241950425 10 8 12.0 1 215
547.607078636007 309.77167663896427 -4 15 12.0 1 216
527.001725574638 560.9209796796687 6 -7 10.0 1 217
600.2246979289608 694.357045676261 14 -13 11.0 1 218
627.31371381637 536.2111431234958 -5 17 13.0 1 219
