400 400 -7.071067811865475 -7.071067811865477 5 2 -1 10 187
57.15728752538104 57.15728752538092
800.0 400.0 0 0 24.0 1 0
799.4518139018296 420.9343824971775 0 0 24.0 1 1
797.8087581473094 441.8113853070614 0 0 24.0 1 2
795.0753362380551 462.57378601609236 0 0 24.0 1 3
791.2590402935223 483.16467632710373 0 0 24.0 1 4
786.3703305156273 503.5276180410083 0 0 24.0 1 5
780.4226065180615 523.6067977499789 0 0 24.0 1 6
773.4321705988807 543.3471798181201 0 0 24.0 1 7
765.4181830570403 562.6946572303201 0 0 24.0 1 8
756.4026096753471 581.5961998958187 0 0 24.0 1 9
746.4101615137755 600.0 0 0 24.0 1 10
735.4682271781696 617.8556140060108 0 0 24.0 1 11
723.606797749979 635.1141009169893 0 0 24.0 1 12
710.8583845827884 651.728156419935 0 0 24.0 1 13
697.2579301909577 667.6522425435433 0 0 24.0 1 14
682.842712474619 682.842712474619 0 0 24.0 1 15
667.6522425435433 697.2579301909577 0 0 24.0 1 16
651.728156419935 710.8583845827884 0 0 24.0 1 17
635.1141009169893 723.606797749979 0 0 24.0 1 18
617.8556140060108 735.4682271781696 0 0 24.0 1 19
600.0 746.4101615137754 0 0 24.0 1 20
581.5961998958187 756.4026096753471 0 0 24.0 1 21
562.6946572303201 765.4181830570403 0 0 24.0 1 22
543.3471798181201 773.4321705988807 0 0 24.0 1 23
523.606797749979 780.4226065180615 0 0 24.0 1 24
503.5276180410083 786.3703305156273 0 0 24.0 1 25
483.1646763271038 791.2590402935223 0 0 24.0 1 26
462.57378601609236 795.0753362380551 0 0 24.0 1 27
441.8113853070614 797.8087581473094 0 0 24.0 1 28
420.9343824971776 799.4518139018296 0 0 24.0 1 29
400.0 800.0 0 0 24.0 1 30
379.0656175028225 799.4518139018296 0 0 24.0 1 31
358.1886146929386 797.8087581473094 0 0 24.0 1 32
337.4262139839077 795.0753362380551 0 0 24.0 1 33
316.83532367289627 791.2590402935223 0 0 24.0 1 34
296.47238195899166 786.3703305156273 0 0 24.0 1 35
276.3932022500211 780.4226065180615 0 0 24.0 1 36
256.65282018187986 773.4321705988807 0 0 24.0 1 37
237.3053427696799 765.4181830570403 0 0 24.0 1 38
218.4038001041813 756.4026096753471 0 0 24.0 1 39
200.00000000000009 746.4101615137755 0 0 24.0 1 40
182.14438599398918 735.4682271781696 0 0 24.0 1 41
164.8858990830108 723.606797749979 0 0 24.0 1 42
148.27184358006508 710.8583845827884 0 0 24.0 1 43
132.3477574564567 697.2579301909577 0 0 24.0 1 44
117.15728752538104 682.842712474619 0 0 24.0 1 45
102.74206980904233 667.6522425435434 0 0 24.0 1 46
89.14161541721165 651.728156419935 0 0 24.0 1 47
76.39320225002109 635.1141009169893 0 0 24.0 1 48
64.53177282183043 617.8556140060109 0 0 24.0 1 49
53.589838486224494 600.0 0 0 24.0 1 50
43.597390324652906 581.5961998958187 0 0 24.0 1 51
34.58181694295968 562.6946572303202 0 0 24.0 1 52
26.567829401119297 543.3471798181201 0 0 24.0 1 53
19.5773934819386 523.606797749979 0 0 24.0 1 54
13.629669484372698 503.5276180410084 0 0 24.0 1 55
8.740959706477724 483.16467632710373 0 0 24.0 1 56
4.924663761944942 462.5737860160924 0 0 24.0 1 57
2.1912418526906663 441.81138530706147 0 0 24.0 1 58
0.5481860981704472 420.9343824971775 0 0 24.0 1 59
0.0 400.00000000000006 0 0 24.0 1 60
0.5481860981704472 379.0656175028226 0 0 24.0 1 61
2.1912418526906663 358.1886146929386 0 0 24.0 1 62
4.924663761944885 337.4262139839077 0 0 24.0 1 63
8.740959706477781 316.8353236728962 0 0 24.0 1 64
13.629669484372698 296.47238195899166 0 0 24.0 1 65
19.577393481938543 276.3932022500211 0 0 24.0 1 66
26.567829401119297 256.65282018187986 0 0 24.0 1 67
34.58181694295968 237.30534276967992 0 0 24.0 1 68
43.59739032465285 218.40380010418136 0 0 24.0 1 69
218.40380010418124 43.597390324652906 0 0 24.0 1 70
237.30534276967995 34.58181694295962 0 0 24.0 1 71
256.65282018187975 26.567829401119354 0 0 24.0 1 72
276.393202250021 19.5773934819386 0 0 24.0 1 73
296.4723819589917 13.629669484372698 0 0 24.0 1 74
316.8353236728961 8.740959706477781 0 0 24.0 1 75
337.4262139839076 4.924663761944942 0 0 24.0 1 76
358.18861469293864 2.1912418526906663 0 0 24.0 1 77
379.0656175028223 0.5481860981704472 0 0 24.0 1 78
399.99999999999994 0.0 0 0 24.0 1 79
420.9343824971776 0.5481860981704472 0 0 24.0 1 80
441.8113853070612 2.1912418526906663 0 0 24.0 1 81
462.5737860160923 4.924663761944885 0 0 24.0 1 82
483.1646763271038 8.740959706477781 0 0 24.0 1 83
503.5276180410081 13.629669484372641 0 0 24.0 1 84
523.6067977499789 19.577393481938543 0 0 24.0 1 85
543.3471798181201 26.567829401119297 0 0 24.0 1 86
562.6946572303199 34.58181694295956 0 0 24.0 1 87
581.5961998958187 43.59739032465279 0 0 24.0 1 88
600.0 53.58983848622455 0 0 24.0 1 89
617.8556140060107 64.53177282183032 0 0 24.0 1 90
635.1141009169892 76.39320225002098 0 0 24.0 1 91
651.728156419935 89.14161541721171 0 0 24.0 1 92
667.6522425435431 102.74206980904216 0 0 24.0 1 93
682.842712474619 117.15728752538092 0 0 24.0 1 94
697.2579301909577 132.34775745645675 0 0 24.0 1 95
710.8583845827882 148.27184358006485 0 0 24.0 1 96
723.6067977499789 164.88589908301066 0 0 24.0 1 97
735.4682271781696 182.1443859939892 0 0 24.0 1 98
746.4101615137754 199.99999999999983 0 0 24.0 1 99
756.4026096753471 218.40380010418122 0 0 24.0 1 100
765.4181830570403 237.30534276967995 0 0 24.0 1 101
773.4321705988806 256.6528201818797 0 0 24.0 1 102
780.4226065180615 276.3932022500209 0 0 24.0 1 103
786.3703305156273 296.4723819589917 0 0 24.0 1 104
791.2590402935223 316.83532367289604 0 0 24.0 1 105
795.0753362380551 337.4262139839076 0 0 24.0 1 106
797.8087581473094 358.18861469293864 0 0 24.0 1 107
799.4518139018296 379.06561750282225 0 0 24.0 1 108
800.0 399.9999999999999 0 0 24.0 1 109
206.3134959015863 201.9733903483293 0 0 12.0 1 110
613.1572923171431 319.08047990735474 0 0 13.0 1 111
270.2581846739768 262.56615643915035 0 0 13.0 1 112
506.5094181332953 638.2787104399108 0 0 10.0 1 113
392.9511784500998 81.07788707153333 0 0 10.0 1 114
223.38669219793354 292.0336186249973 0 0 11.0 1 115
666.2317480762305 319.97090331464085 0 0 10.0 1 116
562.6481973455433 156.2900004098207 0 0 11.0 1 117
416.1949556794767 732.6059581705351 0 0 12.0 1 118
143.06874133866677 163.80658704632964 0 0 10.0 1 119
292.89159456223297 245.49501792958614 0 0 12.0 1 120
198.0492373699668 685.8599123227109 0 0 10.0 1 121
495.303902457892 191.77376203682542 0 0 13.0 1 122
304.56031976448674 590.4212893469188 0 0 12.0 1 123
571.2257882595869 700.6621516501256 0 0 13.0 1 124
245.9373077583275 572.1211400707296 0 0 12.0 1 125
520.2987354392601 594.8569071183131 0 0 11.0 1 126
59.34847613144996 277.52331125461194 0 0 13.0 1 127
187.85226283355757 167.15168539334869 0 0 12.0 1 128
250.73190306013313 184.67922711463598 0 0 12.0 1 129
149.93195372898612 253.14642587189763 0 0 12.0 1 130
586.9981321614448 228.1055598102986 0 0 11.0 1 131
593.8535205332557 330.3091643265586 0 0 13.0 1 132
285.4610515380163 682.67619157832 0 0 11.0 1 133
504.64374175074335 494.50231379391585 0 0 10.0 1 134
323.81894097286573 38.94952396444029 0 0 10.0 1 135
229.80990622625177 383.37676381438365 0 0 13.0 1 136
518.2843200812052 636.0186849021217 0 0 12.0 1 137
567.6024188690335 428.45046905147717 0 0 10.0 1 138
285.89357378025693 608.862929921416 0 0 12.0 1 139
485.94534881215327 170.56940697117722 0 0 13.0 1 140
573.8893515704524 100.87044042688194 0 0 13.0 1 141
548.1580317686006 76.29458203104736 0 0 11.0 1 142
703.5808062595866 308.74379982280993 0 0 13.0 1 143
600.9292994317872 394.66927492256303 0 0 10.0 1 144
233.50745979839763 168.68801575098226 0 0 11.0 1 145
155.07371118185853 194.0604140875962 0 0 13.0 1 146
425.9108052758705 556.8745682701817 0 0 11.0 1 147
194.42747537626914 266.71482783210445 0 0 12.0 1 148
631.4199448542009 640.833571421591 0 0 10.0 1 149
180.05643840943046 352.5676300944667 0 0 13.0 1 150
107.65337843553323 519.9560455326969 0 0 13.0 1 151
543.774345093842 184.57034165919305 0 0 13.0 1 152
148.8003593252323 341.15494477130983 0 0 13.0 1 153
130.65803916645876 225.3692234045123 0 0 11.0 1 154
433.7740928973349 644.680016856633 -15 10 12.0 1 155
175.8920657066477 591.8349128463494 15 21 11.0 1 156
596.0036850220188 333.43007091945174 -4 6 11.0 1 157
393.1384311027783 540.8329466860247 2 9 13.0 1 158
453.3344965891663 123.08948832956844 -1 18 11.0 1 159
232.02115766996923 234.23176260374044 21 11 11.0 1 160
517.8801922512785 336.2798283523842 0 -8 11.0 1 161
531.4591516179345 265.60323122971704 10 16 13.0 1 162
545.9753223012738 606.6402799045705 -16 -12 13.0 1 163
74.51396611849538 440.5319842604335 -12 12 11.0 1 164
280.00440550349464 125.04353562530986 -1 0 13.0 1 165
520.1281639129375 479.40544209880346 11 -17 10.0 1 166
655.5516162467134 427.24649397064826 15 -7 11.0 1 167
521.7969187517515 181.67567569650134 -9 10 13.0 1 168
758.866355696048 460.9174749102217 -1 16 10.0 1 169
549.2026434374428 441.99489482400566 -8 13 11.0 1 170
358.27647728548453 747.5041692588613 13 -1 11.0 1 171
261.27520690018287 549.5708252949516 0 2 12.0 1 172
74.71469435830949 449.29979648631434 -12 7 12.0 1 173
730.9481351623858 405.8593372098919 12 7 12.0 1 174
213.12717981039341 654.8225835250537 -16 12 11.0 1 175
416.6868853018189 178.6280328069429 18 22 12.0 1 176
396.99945512758853 625.9800803842423 -16 13 12.0 1 177
352.70738271249405 258.7045352812147 1 20 13.0 1 178
151.08808244016168 205.32371151913682 -5 20 12.0 1 179
194.5296416669869 330.20793851373077 -14 1 10.0 1 180
455.77509511308966 676.4292653919367 13 17 13.0 1 181
89.46131802038258 288.34997987298874 -15 10 13.0 1 182
462.7794782582069 742.2904280134449 1 18 12.0 1 183
598.9042600264455 481.62165976830016 -3 17 13.0 1 184
152.10812177951334 290.49832552732624 -14 11 10.0 1 185
239.82136454525624 477.63249798799666 -8 13 13.0 1 186
696.4063416697436 509.5412279370616 22 -14 11.0 1 187
767.5544404972404 357.5296189002207 -1 13 10.0 1 188
557.8070994020868 128.53560200589862 12 3 10.0 1 189
342.95251127520925 519.0360618896428 -5 0 10.0 1 190
414.6386836622297 700.6438240520453 -10 -14 12.0 1 191
238.74437113724366 301.42199961412797 14 -5 13.0 1 192
288.10095299618297 581.239077683698 -7 -2 13.0 1 193
577.0844039009319 256.3855373054245 19 21 10.0 1 194
390.29105457679753 156.1932396778767 -12 13 11.0 1 195
303.52755502180776 279.9622252791661 8 17 13.0 1 196
38.1741032712182 461.408635031345 -12 -12 12.0 1 197
347.0768619883032 640.2397582894948 9 -15 11.0 1 198
667.280786074388 605.2558924743873 -13 5 12.0 1 199
135.33961129810615 333.0382299206296 21 15 13.0 1 200
331.05524113881467 625.7047191034627 3 4 11.0 1 201
71.56297692785427 367.920070518986 -2 8 10.0 1 202
339.18890229059707 187.53115429461795 1 0 12.0 1 203
564.974145926869 402.9208176423932 -12 0 10.0 1 204
200.983562889415 255.402428236818 18 -11 13.0 1 205
241.56244126441143 138.21088643355137 9 0 12.0 1 206
44.00000016174539 399.989268610204 16 7 11.0 1 207
513.3558067444883 626.1845730312 14 22 10.0 1 208
235.14772290963577 541.1124613140944 -3 8 11.0 1 209
503.38683060310797 500.23553889636275 10 -16 11.0 1 210
132.127703005905 521.1628346610764 20 18 11.0 1 211
155.1303413565552 250.30748089552768 17 -8 13.0 1 212
466.1274472252644 639.0212557984538 6 -3 10.0 1 213
535.8530576890145 560.1372746007165 -16 21 10.0 1 214
470.4979287775835 534.6626972775712 -17 22 10.0 1 215
371.25682734026077 250.74240379313213 10 21 11.0 1 216
192.39349217114406 287.7701558982319 9 20 13.0 1 217
246.7953783283932 601.3388782586708 18 2 10.0 1 218
490.8733226596169 624.290078311104 9 -12 12.0 1 219
