400 400 -7.071067811865475 7.0710678118654755 5 2 -1 10 187
57.15728752538104 742.842712474619
800.0 400.0 0 0 24.0 1 0
799.4518139018296 420.9343824971775 0 0 24.0 1 1
797.8087581473094 441.8113853070614 0 0 24.0 1 2
795.0753362380551 462.57378601609236 0 0 24.0 1 3
791.2590402935223 483.16467632710373 0 0 24.0 1 4
786.3703305156273 503.5276180410083 0 0 24.0 1 5
780.4226065180615 523.6067977499789 0 0 24.0 1 6
773.4321705988807 543.3471798181201 0 0 24.0 1 7
765.4181830570403 562.6946572303201 0 0 24.0 1 8
756.4026096753471 581.5961998958187 0 0 24.0 1 9
746.4101615137755 600.0 0 0 24.0 1 10
735.4682271781696 617.8556140060108 0 0 24.0 1 11
723.606797749979 635.1141009169893 0 0 24.0 1 12
710.8583845827884 651.728156419935 0 0 24.0 1 13
697.2579301909577 667.6522425435433 0 0 24.0 1 14
682.842712474619 682.842712474619 0 0 24.0 1 15
667.6522425435433 697.2579301909577 0 0 24.0 1 16
651.728156419935 710.8583845827884 0 0 24.0 1 17
635.1141009169893 723.606797749979 0 0 24.0 1 18
617.8556140060108 735.4682271781696 0 0 24.0 1 19
600.0 746.4101615137754 0 0 24.0 1 20
581.5961998958187 756.4026096753471 0 0 24.0 1 21
562.6946572303201 765.4181830570403 0 0 24.0 1 22
543.3471798181201 773.4321705988807 0 0 24.0 1 23
523.606797749979 780.4226065180615 0 0 24.0 1 24
503.5276180410083 786.3703305156273 0 0 24.0 1 25
483.1646763271038 791.2590402935223 0 0 24.0 1 26
462.57378601609236 795.0753362380551 0 0 24.0 1 27
441.8113853070614 797.8087581473094 0 0 24.0 1 28
420.9343824971776 799.4518139018296 0 0 24.0 1 29
400.0 800.0 0 0 24.0 1 30
379.0656175028225 799.4518139018296 0 0 24.0 1 31
358.1886146929386 797.8087581473094 0 0 24.0 1 32
337.4262139839077 795.0753362380551 0 0 24.0 1 33
316.83532367289627 791.2590402935223 0 0 24.0 1 34
296.47238195899166 786.3703305156273 0 0 24.0 1 35
276.3932022500211 780.4226065180615 0 0 24.0 1 36
256.65282018187986 773.4321705988807 0 0 24.0 1 37
237.3053427696799 765.4181830570403 0 0 24.0 1 38
218.4038001041813 756.4026096753471 0 0 24.0 1 39
43.597390324652906 581.5961998958187 0 0 24.0 1 40
34.58181694295968 562.6946572303202 0 0 24.0 1 41
26.567829401119297 543.3471798181201 0 0 24.0 1 42
19.5773934819386 523.606797749979 0 0 24.0 1 43
13.629669484372698 503.5276180410084 0 0 24.0 1 44
8.740959706477724 483.16467632710373 0 0 24.0 1 45
4.924663761944942 462.5737860160924 0 0 24.0 1 46
2.1912418526906663 441.81138530706147 0 0 24.0 1 47
0.5481860981704472 420.9343824971775 0 0 24.0 1 48
0.0 400.00000000000006 0 0 24.0 1 49
0.5481860981704472 379.0656175028226 0 0 24.0 1 50
2.1912418526906663 358.1886146929386 0 0 24.0 1 51
4.924663761944885 337.4262139839077 0 0 24.0 1 52
8.740959706477781 316.8353236728962 0 0 24.0 1 53
13.629669484372698 296.47238195899166 0 0 24.0 1 54
19.577393481938543 276.3932022500211 0 0 24.0 1 55
26.567829401119297 256.65282018187986 0 0 24.0 1 56
34.58181694295968 237.30534276967992 0 0 24.0 1 57
43.59739032465285 218.40380010418136 0 0 24.0 1 58
53.58983848622455 199.99999999999994 0 0 24.0 1 59
64.53177282183037 182.14438599398918 0 0 24.0 1 60
76.39320225002103 164.8858990830108 0 0 24.0 1 61
89.14161541721171 148.27184358006497 0 0 24.0 1 62
102.74206980904228 132.3477574564567 0 0 24.0 1 63
117.15728752538092 117.15728752538104 0 0 24.0 1 64
132.34775745645675 102.74206980904228 0 0 24.0 1 65
148.27184358006485 89.14161541721177 0 0 24.0 1 66
164.8858990830107 76.39320225002109 0 0 24.0 1 67
182.1443859939892 64.53177282183032 0 0 24.0 1 68
199.99999999999983 53.58983848622461 0 0 24.0 1 69
218.40380010418124 43.597390324652906 0 0 24.0 1 70
237.30534276967995 34.58181694295962 0 0 24.0 1 71
256.65282018187975 26.567829401119354 0 0 24.0 1 72
276.393202250021 19.5773934819386 0 0 24.0 1 73
296.4723819589917 13.629669484372698 0 0 24.0 1 74
316.8353236728961 8.740959706477781 0 0 24.0 1 75
337.4262139839076 4.924663761944942 0 0 24.0 1 76
358.18861469293864 2.1912418526906663 0 0 24.0 1 77
379.0656175028223 0.5481860981704472 0 0 24.0 1 78
399.99999999999994 0.0 0 0 24.0 1 79
420.9343824971776 0.5481860981704472 0 0 24.0 1 80
441.8113853070612 2.1912418526906663 0 0 24.0 1 81
462.5737860160923 4.924663761944885 0 0 24.0 1 82
483.1646763271038 8.740959706477781 0 0 24.0 1 83
503.5276180410081 13.629669484372641 0 0 24.0 1 84
523.6067977499789 19.577393481938543 0 0 24.0 1 85
543.3471798181201 26.567829401119297 0 0 24.0 1 86
562.6946572303199 34.58181694295956 0 0 24.0 1 87
581.5961998958187 43.59739032465279 0 0 24.0 1 88
600.0 53.58983848622455 0 0 24.0 1 89
617.8556140060107 64.53177282183032 0 0 24.0 1 90
635.1141009169892 76.39320225002098 0 0 24.0 1 91
651.728156419935 89.14161541721171 0 0 24.0 1 92
667.6522425435431 102.74206980904216 0 0 24.0 1 93
682.842712474619 117.15728752538092 0 0 24.0 1 94
697.2579301909577 132.34775745645675 0 0 24.0 1 95
710.8583845827882 148.27184358006485 0 0 24.0 1 96
723.6067977499789 164.88589908301066 0 0 24.0 1 97
735.4682271781696 182.1443859939892 0 0 24.0 1 98
746.4101615137754 199.99999999999983 0 0 24.0 1 99
756.4026096753471 218.40380010418122 0 0 24.0 1 100
765.4181830570403 237.30534276967995 0 0 24.0 1 101
773.4321705988806 256.6528201818797 0 0 24.0 1 102
780.4226065180615 276.3932022500209 0 0 24.0 1 103
786.3703305156273 296.4723819589917 0 0 24.0 1 104
791.2590402935223 316.83532367289604 0 0 24.0 1 105
795.0753362380551 337.4262139839076 0 0 24.0 1 106
797.8087581473094 358.18861469293864 0 0 24.0 1 107
799.4518139018296 379.06561750282225 0 0 24.0 1 108
800.0 399.9999999999999 0 0 24.0 1 109
148.77557631654946 345.8216930412353 0 0 10.0 1 110
459.4814381082754 232.23242708863134 0 0 11.0 1 111
686.0281788999699 564.5839629950829 0 0 12.0 1 112
93.32302030631968 301.8509800050862 0 0 10.0 1 113
213.57762379086404 294.9157592760009 0 0 10.0 1 114
345.15633259006864 629.5390427466074 0 0 10.0 1 115
659.9013788910295 473.15239743536466 0 0 10.0 1 116
234.61854461091136 310.596564868083 0 0 12.0 1 117
256.3729542997119 272.58229423111027 0 0 11.0 1 118
521.0146997314964 218.67310610696558 0 0 13.0 1 119
184.60447480908593 608.8175465034734 0 0 12.0 1 120
213.82904820686642 548.2712942832791 0 0 12.0 1 121
348.3474879979422 751.2221775513005 0 0 10.0 1 122
237.75545523918566 673.4971804157332 0 0 10.0 1 123
654.445125962347 325.95489297728466 0 0 12.0 1 124
251.42384149341362 168.59100034046705 0 0 12.0 1 125
125.27756965218197 269.8324684731701 0 0 11.0 1 126
351.6719547707139 189.47589201158914 0 0 10.0 1 127
659.4753636094714 181.84057279197717 0 0 11.0 1 128
458.014360942522 215.92573801742193 0 0 10.0 1 129
153.3250380724745 321.0540491345259 0 0 13.0 1 130
592.8642626471261 475.18228643490664 0 0 11.0 1 131
595.7741184259382 275.5150830238991 0 0 10.0 1 132
510.8367846642409 319.47542508468183 0 0 11.0 1 133
563.1712963721782 654.1242374119847 0 0 11.0 1 134
648.8514005904514 507.3032172125827 0 0 11.0 1 135
467.75815966007445 707.6261234022231 0 0 13.0 1 136
185.66941712276414 547.1815248035715 0 0 10.0 1 137
542.499282587688 235.0213514966429 0 0 10.0 1 138
84.1114039146334 391.60983532842647 0 0 12.0 1 139
536.404413479804 87.47026384161353 0 0 12.0 1 140
536.872750993076 537.4839991984064 0 0 12.0 1 141
291.7793478015886 547.571306281914 0 0 11.0 1 142
63.11880733934004 391.05226109392316 0 0 13.0 1 143
660.5662303324781 623.0565838757555 0 0 12.0 1 144
329.2206812770397 721.296262102617 0 0 13.0 1 145
191.84180426580687 485.41174128119235 0 0 11.0 1 146
431.99650906063306 631.8021212325997 0 0 11.0 1 147
636.2280572025659 588.1496877231032 0 0 10.0 1 148
372.61754882632147 565.7534354628016 0 0 10.0 1 149
173.93527282262352 580.0437144868388 0 0 12.0 1 150
364.1701669043267 122.30192103592759 0 0 12.0 1 151
565.3776077737846 208.53395380114978 0 0 12.0 1 152
640.9572751282905 625.4763658629199 0 0 12.0 1 153
201.80338234130613 324.7530681778086 0 0 11.0 1 154
318.4879275209662 591.3629589031607 0 0 13.0 1 155
222.40495867219974 106.55664721146445 0 0 13.0 1 156
488.85454400947094 525.7810399419125 0 0 11.0 1 157
367.30642057596003 526.8547589349489 0 0 12.0 1 158
513.2279631085314 467.84856940491113 0 0 11.0 1 159
411.0303838688995 123.21970693038003 0 0 10.0 1 160
406.5495198535389 104.07246868584855 0 0 10.0 1 161
524.2293232643261 722.9289012171063 0 0 10.0 1 162
411.5878761944034 109.23081125177106 0 0 11.0 1 163
561.3657976812189 414.3205914229801 0 0 11.0 1 164
257.27626019740876 215.82906283356692 0 0 10.0 1 165
386.8652866055465 597.5638613310783 0 0 11.0 1 166
540.8811480409518 693.9872482381904 0 0 11.0 1 167
365.44879267837814 88.91285132198357 0 0 12.0 1 168
194.20928923380183 471.93179660166265 0 0 12.0 1 169
169.74188910397132 307.88484181964316 0 0 12.0 1 170
319.59360625493116 736.527579620026 0 0 13.0 1 171
142.6766206048847 325.1088896017856 0 0 12.0 1 172
165.0995884810675 306.0276813724586 0 0 10.0 1 173
184.13152411127803 509.38373333124196 0 0 10.0 1 174
707.9924628099159 475.0309459641993 0 0 10.0 1 175
306.6648051703817 737.3255718235978 0 0 11.0 1 176
527.215380139953 151.6912263816535 0 0 13.0 1 177
442.2656656340207 257.12028307519233 0 0 13.0 1 178
596.0160492005758 522.2240093263081 0 0 13.0 1 179
364.460657452755 196.07365267992077 0 0 11.0 1 180
273.05837843866277 470.0772767405972 0 0 10.0 1 181
232.77194043862306 297.7709625627994 0 0 13.0 1 182
433.56997413100197 603.2462959978456 0 0 12.0 1 183
633.4467392347339 373.025568760951 0 0 13.0 1 184
498.71444054120275 66.2943524172278 0 0 11.0 1 185
224.66897017388132 622.1441648572221 0 0 10.0 1 186
138.04864548613904 573.140081634362 0 0 12.0 1 187
646.0448999958552 301.5779131189061 0 0 13.0 1 188
482.1237111786945 42.30642155297454 0 0 10.0 1 189
387.39612521716015 658.6931432034071 0 0 13.0 1 190
224.29037899512647 348.8616671534581 0 0 10.0 1 191
268.9690464076223 311.71133028144465 0 0 11.0 1 192
455.53052195953023 44.308615326569736 0 0 12.0 1 193
159.40991001242486 503.73238934764055 0 0 10.0 1 194
346.73320492196575 516.3900706336873 0 0 10.0 1 195
119.92375020530375 520.7571708054594 0 0 11.0 1 196
209.95614024526182 212.45712125084194 0 0 10.0 1 197
341.1150456569583 194.26093673777484 0 0 13.0 1 198
541.4365040879532 244.7720537036632 0 0 13.0 1 199
636.3244111174165 182.76332558703092 0 0 10.0 1 200
237.5647590404254 475.20500312083595 0 0 12.0 1 201
584.7625614237495 434.7389679774055 0 0 12.0 1 202
724.3463288620635 239.24099106519063 0 0 13.0 1 203
430.2332841779665 206.34580167779907 0 0 12.0 1 204
323.77659783704456 719.0203644952849 0 0 12.0 1 205
527.9799435069044 402.26584641349297 0 0 10.0 1 206
245.54034861675632 635.9368900671678 0 0 11.0 1 207
271.2809541011135 543.8068399725144 0 0 13.0 1 208
257.49615300046867 426.7890572871491 0 0 11.0 1 209
195.82162449215485 494.53142850384404 0 0 10.0 1 210
466.6383112943747 521.9849805010191 0 0 10.0 1 211
479.9363154189701 280.22443706148186 0 0 11.0 1 212
287.1926571847759 128.50321658080645 0 0 12.0 1 213
390.4577164559091 273.3589923256919 0 0 12.0 1 214
66.73450084746213 299.8096458005573 0 0 13.0 1 215
361.7060220890975 573.8320202257321 0 0 13.0 1 216
551.87317917462 307.1639216285297 0 0 11.0 1 217
342.8928792634842 218.78527443614024 0 0 10.0 1 218
258.6693871141633 293.44176305271486 0 0 13.0 1 219
729.0793335386732 356.0592189675393 0 0 10.0 1 220
733.0588040603564 493.74344263939327 0 0 10.0 1 221
586.3344539191019 431.6302273572305 0 0 12.0 1 222
579.7379729216109 335.3837397396733 0 0 10.0 1 223
410.2977625511225 263.38756979527557 0 0 12.0 1 224
569.6280072272435 547.8219847117275 0 0 12.0 1 225
555.5056349644279 387.59042731154335 0 0 12.0 1 226
361.06718786144853 551.063682395817 0 0 11.0 1 227
549.3455612956768 493.1230547248062 0 0 10.0 1 228
400.5532122485063 275.00122418116206 0 0 13.0 1 229
210.70012464731795 550.7632488090484 0 0 10.0 1 230
290.5688590599049 166.35748376515664 0 0 10.0 1 231
237.59675025948962 174.3693627325371 0 0 12.0 1 232
272.8464743479108 385.30371086826676 0 0 12.0 1 233
163.65050048470246 221.80091448363615 0 0 10.0 1 234
370.31132823961144 245.832614444222 0 0 10.0 1 235
613.8374603107206 430.4883677467485 0 0 10.0 1 236
338.70751067938903 48.30093723058803 0 0 11.0 1 237
543.4735150900161 303.3338194210876 0 0 13.0 1 238
278.30225024348596 297.67376824977435 0 0 13.0 1 239
601.8659415333489 582.3023358293979 0 0 11.0 1 240
471.93496333677535 521.269786219556 0 0 12.0 1 241
223.29418756832075 308.4792053527714 0 0 12.0 1 242
315.1285168773498 609.4584239236076 0 0 10.0 1 243
544.2376991350284 151.87808208819396 0 0 13.0 1 244
437.8632963951111 536.8589448523405 0 0 11.0 1 245
360.1684663238607 171.44486677169866 0 0 12.0 1 246
226.87187991193014 274.211868466175 0 0 13.0 1 247
281.6759117678031 527.5751156927529 0 0 10.0 1 248
167.00912745004956 397.9376449353359 0 0 10.0 1 249
338.6508501658944 600.8389449649457 0 0 13.0 1 250
555.0002431876138 636.7782181953834 0 0 10.0 1 251
112.91160283903179 316.44611190646975 0 0 13.0 1 252
186.40702978199803 527.9806355408963 0 0 12.0 1 253
659.8768349669813 353.5238701316002 0 0 11.0 1 254
213.51184980109528 281.4117635033274 0 0 13.0 1 255
450.7958649524895 178.75628799053194 0 0 13.0 1 256
540.8798331464915 434.3201487848861 0 0 11.0 1 257
325.95476313437393 261.5575827373946 0 0 10.0 1 258
420.68773980573394 711.3133749483472 0 0 12.0 1 259
286.7693784401881 636.268547083988 0 0 10.0 1 260
164.77631776766844 604.972728227594 0 0 13.0 1 261
641.393862272512 372.1072902506855 0 0 10.0 1 262
561.0249876224681 645.9816118354867 0 0 11.0 1 263
268.95359690290115 165.0790766336198 0 0 11.0 1 264
231.1323291866573 354.07931017420884 0 0 11.0 1 265
138.75461116420166 635.9127949307382 0 0 11.0 1 266
139.57094060006636 592.7503697015023 0 0 11.0 1 267
324.0682602842943 258.03038739312444 0 0 13.0 1 268
619.0558214218277 370.75026322839216 0 0 10.0 1 269
711.9271440113451 262.2231629448348 0 0 13.0 1 270
350.03843825320735 163.21350894144862 0 0 13.0 1 271
246.57682956590372 720.1348634153273 0 0 12.0 1 272
99.33626829006016 462.0509503090269 0 0 11.0 1 273
337.1623218729871 39.43457430362804 0 0 13.0 1 274
319.96674383291395 288.8079233609985 0 0 10.0 1 275
550.9236893428983 261.2662982720914 0 0 11.0 1 276
626.9633552300735 277.31489339488894 0 0 11.0 1 277
370.1249865341257 692.4781762292937 0 0 10.0 1 278
441.29463989876575 699.1634214198509 0 0 13.0 1 279
548.2403038332028 559.8399584567004 0 0 10.0 1 280
724.4569234067849 368.31869867881386 0 0 13.0 1 281
283.86081293520624 351.1360129755171 0 0 12.0 1 282
246.59848955345277 648.459205087511 0 0 13.0 1 283
541.7420020964767 381.07369973601845 0 0 10.0 1 284
527.7808518504394 92.4921888790854 0 0 11.0 1 285
514.4962175950096 274.33928156963213 0 0 13.0 1 286
534.0604650591583 220.54585068011886 0 0 13.0 1 287
513.0482142801155 566.1959724183383 0 0 13.0 1 288
310.7219613764772 505.2303749852522 0 0 11.0 1 289
287.95288954523147 199.13824396183105 0 0 13.0 1 290
673.3934656716142 178.27942601539223 0 0 11.0 1 291
340.416001061256 533.2882105456733 0 0 12.0 1 292
295.8215733768882 121.87079364738969 0 0 13.0 1 293
462.51153556317547 604.666333141369 0 0 11.0 1 294
713.9502613463826 588.1255788045264 0 0 13.0 1 295
649.5066040637714 492.2087551622101 0 0 12.0 1 296
112.44248055785073 321.8036253252242 0 0 13.0 1 297
650.5675910810492 134.59298747048882 0 0 12.0 1 298
452.57797890705046 127.01729700574475 0 0 10.0 1 299
180.4307502618889 246.33365830656666 0 0 11.0 1 300
202.53955803868868 357.4162723514768 0 0 10.0 1 301
307.71838778458516 639.8605929429089 0 0 11.0 1 302
405.5351023746463 261.1102500480969 0 0 10.0 1 303
156.40192510175987 561.0092478892793 0 0 11.0 1 304
241.30576857674384 690.4774361512129 0 0 10.0 1 305
451.4142278838763 680.3240574248041 0 0 12.0 1 306
236.24707066005428 213.75022648983773 0 0 11.0 1 307
293.5379210233959 172.6966218025361 0 0 11.0 1 308
197.04127149205226 470.9419094924654 0 0 13.0 1 309
159.417293415128 258.71673385606704 0 0 10.0 1 310
348.08958381526475 601.4182431944226 0 0 11.0 1 311
558.9750860749829 402.81460609176077 0 0 12.0 1 312
373.1777353978115 623.3955373806965 0 0 10.0 1 313
531.4102090021485 741.5953116920834 0 0 12.0 1 314
254.55441398945538 116.0870177148476 0 0 13.0 1 315
515.0008008539073 733.7421396871542 0 0 13.0 1 316
560.4359919375029 589.1144957189415 0 0 12.0 1 317
323.656774847549 289.87410852427945 0 0 11.0 1 318
603.8980672010256 604.8086379811313 0 0 11.0 1 319
279.9405450587645 245.0750914823138 0 0 10.0 1 320
528.7632990272242 549.093973129787 0 0 10.0 1 321
478.70492947492363 269.96333564587525 0 0 10.0 1 322
718.8000774987447 411.2920585720378 0 0 12.0 1 323
173.5055242318909 272.3275579988796 0 0 12.0 1 324
549.642925120085 152.7592368530128 0 0 13.0 1 325
108.43831619690337 531.8779152773621 0 0 11.0 1 326
288.80619111270556 103.14155416236542 0 0 11.0 1 327
252.25197017125674 145.82187410848115 0 0 11.0 1 328
251.34639483379325 436.2091931847358 0 0 11.0 1 329
480.35615704062957 119.27435452801666 0 0 10.0 1 330
185.63464003261342 681.7152683935551 0 0 11.0 1 331
142.51029024912265 448.4050552360901 0 0 12.0 1 332
691.8476697201756 460.2406646618648 0 0 12.0 1 333
628.962279929958 189.53082323229475 0 0 11.0 1 334
414.4319008015731 208.54316350870738 0 0 11.0 1 335
652.2702052431546 516.8064362378062 0 0 12.0 1 336
260.218516638046 374.99726196730063 0 0 10.0 1 337
704.6092051489089 265.45546410741935 0 0 13.0 1 338
265.9258965840324 483.5950644069638 0 0 12.0 1 339
269.9433582588269 267.0290635551959 0 0 12.0 1 340
133.81351822080586 282.41702113819906 0 0 13.0 1 341
244.8244346140377 471.8438856629215 0 0 11.0 1 342
367.17590095266905 637.7447760135457 0 0 10.0 1 343
317.3519647635698 545.1147899821303 0 0 13.0 1 344
433.5006184609192 642.6988021452432 0 0 13.0 1 345
733.9599173643621 468.93310956273785 0 0 11.0 1 346
698.2226869503027 258.70870873213096 0 0 13.0 1 347
389.25649481858744 130.21383079109307 0 0 13.0 1 348
458.5544937114738 645.1027769450868 0 0 10.0 1 349
533.3657292530957 386.97762461031 0 0 12.0 1 350
417.1146666075501 245.94777448244244 0 0 13.0 1 351
632.8604306281483 592.3018976704946 0 0 11.0 1 352
591.1487097967392 691.9985800360027 0 0 10.0 1 353
445.2055724224082 524.0179673352309 0 0 10.0 1 354
190.50850209233394 129.67184330077203 0 0 13.0 1 355
307.1099220647325 137.97818140242612 0 0 12.0 1 356
655.2792965466623 510.0748870298819 0 0 13.0 1 357
480.3921661772382 579.8502143933426 0 0 12.0 1 358
395.6944705893609 538.9333020427216 0 0 10.0 1 359
198.7480618033044 566.188619863315 0 0 10.0 1 360
139.1027049928062 295.62758286822475 0 0 13.0 1 361
52.761291968245985 275.15497749434195 0 0 11.0 1 362
537.6633322949622 494.5399753619961 0 0 10.0 1 363
623.2384469842402 523.2460781853305 0 0 12.0 1 364
242.46081167098842 276.7871591893271 0 0 10.0 1 365
259.7955493908273 367.156248244452 0 0 13.0 1 366
208.58988618025091 250.29639841503243 0 0 12.0 1 367
435.8889244426325 194.10443156213628 0 0 10.0 1 368
479.928779328729 273.06934871742226 0 0 12.0 1 369
177.224627146054 232.03532142207598 0 0 11.0 1 370
427.4209215380674 549.5061639598955 0 0 12.0 1 371
613.7907393569221 390.53851146908823 0 0 11.0 1 372
175.907681604328 332.6306239003747 0 0 11.0 1 373
329.65095069176897 719.3430933360357 0 0 10.0 1 374
490.0839825883751 749.5795704571669 0 0 12.0 1 375
362.2507115599156 107.42523823428087 0 0 10.0 1 376
238.90857474859797 694.8653128302343 0 0 10.0 1 377
178.4059918135779 196.2916409769204 0 0 13.0 1 378
206.22679835531574 248.44820580287234 0 0 10.0 1 379
531.3823732777839 546.7912531178104 0 0 13.0 1 380
254.21351899992828 211.87689679995248 0 0 11.0 1 381
332.60735784372844 682.0606881208311 0 0 10.0 1 382
425.3964259241553 648.7066978396016 0 0 13.0 1 383
354.42694334870293 163.34815338253185 0 0 13.0 1 384
505.2909667389516 610.0923899696917 0 0 10.0 1 385
409.14290153051076 241.26308762104705 0 0 13.0 1 386
371.1506317991601 574.633083791166 0 0 12.0 1 387
613.257492296757 342.01515733143174 0 0 13.0 1 388
208.71294570031029 96.20687490111374 0 0 11.0 1 389
360.33125621550454 92.54855543263409 0 0 13.0 1 390
615.8444979534639 357.44236022501826 0 0 11.0 1 391
709.3281893664052 520.5822178569517 0 0 13.0 1 392
102.53764566540025 252.55459398910722 0 0 10.0 1 393
237.9230775161404 501.0547930489246 0 0 11.0 1 394
251.16450516031 581.8598236989815 0 0 12.0 1 395
250.89454388932728 672.9259294351276 0 0 13.0 1 396
645.0168460536961 480.813025867736 0 0 11.0 1 397
529.5382527997646 506.97589009484466 0 0 12.0 1 398
412.938068203553 175.37229380336848 0 0 13.0 1 399
153.0131311144185 639.4441199906496 0 0 12.0 1 400
578.8631457004125 265.1520296402166 0 0 13.0 1 401
652.7233636964861 645.0202061911091 0 0 12.0 1 402
563.9590105228501 700.1357074197736 0 0 11.0 1 403
453.68444056884834 526.0435672329603 0 0 13.0 1 404
144.65927989938976 504.771735971596 0 0 12.0 1 405
552.2083894990201 547.5689878196451 0 0 10.0 1 406
568.5889203899623 485.4328737767083 0 0 12.0 1 407
519.3736655561102 618.5198571565018 0 0 11.0 1 408
119.92375020530375 520.7571708054594 0 0 11.0 1 409
347.49473925629457 686.2240339213944 0 0 13.0 1 410
194.94287528593694 453.8105529055517 0 0 13.0 1 411
375.10415544510477 643.7318135244115 0 0 13.0 1 412
279.04976385245675 472.47096229424244 0 0 12.0 1 413
288.6213437040723 524.4338978000512 0 0 11.0 1 414
618.9422426807183 252.48629090848047 0 0 11.0 1 415
307.9460977395422 592.0809180491964 0 0 12.0 1 416
226.1088630477975 406.1540628425746 0 0 13.0 1 417
404.42436624387636 733.9706947972232 0 0 10.0 1 418
711.4942849054742 502.73904063805196 0 0 13.0 1 419
193.5068142687039 671.3697924355997 0 0 10.0 1 420
301.52278124873555 306.2010800327871 0 0 12.0 1 421
97.9491045703632 297.4024533911526 0 0 11.0 1 422
101.3563761191017 274.34974765132966 0 0 13.0 1 423
681.074769160035 458.0170159662926 0 0 11.0 1 424
423.9367758649678 760.2055396036967 0 0 10.0 1 425
504.6030003872948 321.1380173342338 0 0 13.0 1 426
385.06249326706285 546.2390881146468 0 0 11.0 1 427
540.9837479256003 493.1911091298457 0 0 11.0 1 428
459.35916718418423 222.67123958251986 0 0 11.0 1 429
327.0557643851156 513.5963841438636 0 0 11.0 1 430
702.696111268696 456.9127773246856 0 0 12.0 1 431
118.33756799250114 536.5110779227133 0 0 12.0 1 432
452.2876862888244 571.1928674406778 0 0 10.0 1 433
477.1432218738464 722.9131823244795 0 0 10.0 1 434
306.5289622165035 291.77724317096624 0 0 10.0 1 435
132.10468690950205 267.210312056455 0 0 10.0 1 436
386.6257758200931 222.5031545982138 0 0 11.0 1 437
742.2191564345056 313.426049129918 0 0 12.0 1 438
661.3446730576566 521.0081066060726 0 0 13.0 1 439
612.519947413685 443.86652426719684 0 0 10.0 1 440
568.8179043783235 489.3393259506205 0 0 13.0 1 441
243.20617242663982 130.25994803349022 0 0 13.0 1 442
688.0 400.0 0 0 10.0 1 443
534.8995946693724 370.9122129057736 0 0 10.0 1 444
502.92449359831414 551.3127510077409 0 0 11.0 1 445
638.7477553869827 294.54617457068 0 0 11.0 1 446
568.9341466879663 529.7314691306958 0 0 13.0 1 447
140.33749591591078 561.8993019527272 0 0 11.0 1 448
330.43838395151795 506.2552660940791 0 0 11.0 1 449
203.4535696114334 267.56699542216694 0 0 10.0 1 450
363.2151194739915 760.1261897789263 0 0 12.0 1 451
278.01300749195775 632.9982267289664 0 0 10.0 1 452
695.215873537252 352.5807210974567 0 0 13.0 1 453
334.8002545469972 272.7286631135524 0 0 11.0 1 454
485.84180058282834 733.1173746184638 0 0 11.0 1 455
214.94074648579715 552.8171217133931 0 0 13.0 1 456
528.1096782199794 548.3371509311586 0 0 11.0 1 457
406.1324155805434 246.12214753530154 0 0 11.0 1 458
248.16885249563717 490.97418670979374 0 0 10.0 1 459
388.6779311230099 203.32562252203596 0 0 12.0 1 460
259.94374867119916 645.9130872152268 0 0 11.0 1 461
579.6120456039428 422.37214951602044 0 0 13.0 1 462
276.02067806013247 608.9931284308905 0 0 12.0 1 463
85.94728711545531 535.4064013621874 0 0 13.0 1 464
319.14833958882764 143.43809907011433 0 0 13.0 1 465
291.5797518743083 537.3682998233705 0 0 10.0 1 466
274.00708777411757 279.9925582772423 0 0 12.0 1 467
398.96704482694406 165.00227021604985 0 0 10.0 1 468
494.75659272309883 243.4427001525998 0 0 11.0 1 469
62.903862926168586 298.658032533897 0 0 10.0 1 470
689.5363391636579 307.3462990285479 0 0 12.0 1 471
728.9486607573035 244.15142417725963 0 0 13.0 1 472
594.9481814874295 241.89811343711207 0 0 13.0 1 473
468.12445220672134 664.3634978803507 0 0 10.0 1 474
361.8283982445394 278.87226238626215 0 0 13.0 1 475
504.07678607947895 541.9296396083862 0 0 10.0 1 476
318.1089770359913 652.0294831124093 0 0 10.0 1 477
222.14325835053333 255.75028786914385 0 0 11.0 1 478
596.3757056922584 384.32893705367974 0 0 13.0 1 479
110.7912494121149 197.5961991873807 0 0 10.0 1 480
281.3615401107437 460.1158534423768 0 0 11.0 1 481
167.6428906792176 224.81103417141256 0 0 11.0 1 482
160.24839519319903 275.8260575138104 0 0 12.0 1 483
114.99272876388505 303.1916566480782 0 0 11.0 1 484
526.2083095446831 308.3077833081049 0 0 13.0 1 485
644.1077944795604 636.6672446164121 0 0 10.0 1 486
587.0865064828611 461.7060701393178 0 0 13.0 1 487
188.22670941101535 459.5992734277312 0 0 10.0 1 488
266.05470276631314 473.94360925042326 0 0 11.0 1 489
133.20624285035757 620.3113504701416 0 0 13.0 1 490
211.1283291358751 310.50982207530444 0 0 10.0 1 491
309.6046060342631 310.7942112316739 0 0 11.0 1 492
260.4712127808804 525.9988791107352 0 0 10.0 1 493
214.57105621926564 363.4335289047294 0 0 13.0 1 494
541.3076421993087 615.861414467876 0 0 13.0 1 495
300.1486415789678 205.08795260047532 0 0 11.0 1 496
524.5654050413586 306.0880206422937 0 0 13.0 1 497
517.9328326037236 742.2511460814443 0 0 10.0 1 498
174.27858636929827 424.0591651675126 0 0 13.0 1 499
536.080072991804 478.3020672431152 0 0 13.0 1 500
503.86434930615314 526.9180717754938 0 0 12.0 1 501
397.59690875262623 580.9840466794153 0 0 10.0 1 502
173.0403431362507 277.3080517870501 0 0 13.0 1 503
517.8793803483808 480.9533920764398 0 0 10.0 1 504
260.6851211297967 495.6679911223215 0 0 10.0 1 505
130.9612743567023 242.00580990355883 0 0 11.0 1 506
333.1023748632913 263.51297588756506 0 0 11.0 1 507
237.23096947319007 598.8849986835669 0 0 13.0 1 508
203.7781681744113 539.9213804785044 0 0 12.0 1 509
48.01954769470575 453.34567644111826 0 0 11.0 1 510
495.7979508231568 530.6397819122645 0 0 11.0 1 511
721.12465491577 484.2790365703577 0 0 13.0 1 512
139.61329291148098 463.42525342162867 0 0 11.0 1 513
149.36393124570722 289.2861298689572 0 0 13.0 1 514
118.00000012812416 399.9914992923526 0 0 10.0 1 515
579.9087852867224 543.2928085308401 0 0 11.0 1 516
505.7438124947174 746.2112738185774 0 0 11.0 1 517
363.7704915816552 646.3502034092221 0 0 11.0 1 518
137.86029758471602 645.2830536698905 0 0 10.0 1 519
284.4148065965614 201.15316681956008 0 0 12.0 1 520
318.9317164908458 692.9913538124963 0 0 11.0 1 521
219.12412513256464 487.6636634583558 0 0 10.0 1 522
445.9351640804559 533.3077668438775 0 0 12.0 1 523
496.4902065417075 93.84539846420955 0 0 13.0 1 524
291.6194652156891 289.1908862959965 0 0 11.0 1 525
478.8630303008595 177.5665887242528 0 0 10.0 1 526
160.43147374975536 198.56534252943004 0 0 12.0 1 527
310.30560657725323 539.6814797620841 0 0 12.0 1 528
401.12412728896487 146.00248753612132 0 0 12.0 1 529
300.530651236116 482.1392029209488 0 0 10.0 1 530
276.4763545727218 474.0128976622051 0 0 13.0 1 531
33.12938366034956 390.25572647320416 0 0 13.0 1 532
693.6807747509404 209.6014639192637 0 0 11.0 1 533
580.4118229942034 129.67320864570553 0 0 11.0 1 534
258.21682242001685 337.3698909842641 0 0 12.0 1 535
75.27536574397374 428.8081916699045 0 0 13.0 1 536
670.807023750229 308.0241559563439 0 0 13.0 1 537
508.247093796522 237.80392518742335 0 0 10.0 1 538
409.2525256466596 698.8568064628241 0 0 10.0 1 539
396.80030391924265 640.9787582858514 0 0 10.0 1 540
327.0693342033935 731.0621059355233 0 0 12.0 1 541
318.8733585002289 635.4133981721678 0 0 10.0 1 542
191.81812993379606 272.7352799251176 0 0 12.0 1 543
317.00620455705445 604.8243879960942 0 0 13.0 1 544
270.69280270812595 485.4672377494462 0 0 12.0 1 545
238.23238060567047 97.5429992288303 0 0 11.0 1 546
271.66057018185955 365.1002757323987 0 0 12.0 1 547
192.83944625316178 372.33223949606054 0 0 10.0 1 548
522.2787068875202 333.9022100073239 0 0 13.0 1 549
256.5169222982536 699.3937314194047 0 0 10.0 1 550
341.81229125593313 752.2260503584532 0 0 10.0 1 551
496.31152421227284 294.29716037916114 0 0 11.0 1 552
398.9758359347998 167.0022508950622 0 0 13.0 1 553
283.6610691686128 318.5797741773599 0 0 13.0 1 554
590.0893745034837 331.6623844367225 0 0 12.0 1 555
607.6120994863285 209.15656640355985 0 0 12.0 1 556
405.6644496030607 144.06267562019332 0 0 10.0 1 557
660.4654219781428 531.9915298560784 0 0 11.0 1 558
320.03150465923784 524.535295209569 0 0 11.0 1 559
456.85490687405724 574.9957701327157 0 0 12.0 1 560
441.2657311975612 276.7233216349068 0 0 10.0 1 561
288.73238866027305 86.13933239930896 0 0 11.0 1 562
629.2940732591171 455.8590007809181 0 0 10.0 1 563
200.93424826468154 681.7761992895294 0 0 10.0 1 564
537.5744772721537 641.5724802275575 0 0 11.0 1 565
505.8014522159785 648.4070303131335 0 0 10.0 1 566
253.0442267091151 276.4362484525577 0 0 12.0 1 567
179.84115887279705 526.6731410896841 0 0 10.0 1 568
452.017198633839 657.8045985747495 0 0 12.0 1 569
398.99341815051145 171.00221225308687 0 0 13.0 1 570
199.07086135076366 394.6632180411827 0 0 12.0 1 571
533.4406990187649 516.2866279732257 0 0 10.0 1 572
455.1817430374185 673.488528526065 0 0 13.0 1 573
556.082958033868 360.51443033970764 0 0 12.0 1 574
536.0537282583919 423.09508664178736 0 0 11.0 1 575
167.16816779352104 633.8575162601664 0 0 11.0 1 576
353.01440047152744 195.32378390015612 0 0 12.0 1 577
594.8315306232961 157.59192530985348 0 0 13.0 1 578
242.3519348379925 451.9912257085312 0 0 11.0 1 579
530.1654909444376 284.5316278490359 0 0 11.0 1 580
310.83335039029515 577.905336056511 0 0 10.0 1 581
568.8358340296659 372.880613069114 0 0 10.0 1 582
672.9039738551139 392.7597614619886 0 0 12.0 1 583
457.1446870158944 621.7554615919424 0 0 11.0 1 584
281.63423682539724 503.1433279863213 0 0 13.0 1 585
293.14162891583703 693.1301562945023 0 0 11.0 1 586
470.0022649823041 239.6108392149043 0 0 13.0 1 587
413.45690173990215 255.62579248507504 0 0 12.0 1 588
621.6159501779348 269.864030234792 0 0 10.0 1 589
622.2671062613908 507.73269454621277 0 0 10.0 1 590
197.31462718374908 430.71871817536305 0 0 11.0 1 591
277.57991379888443 425.2650449140989 0 0 13.0 1 592
251.3628180581895 109.85695227285368 0 0 11.0 1 593
696.0435498068026 521.483400585377 0 0 11.0 1 594
278.09145456911693 317.85800981881243 0 0 12.0 1 595
382.44842822959146 241.97170402618335 0 0 10.0 1 596
469.8604482783036 652.514391206431 0 0 13.0 1 597
304.97950439883476 566.8385609375391 0 0 11.0 1 598
570.0208676931312 431.9672418089955 0 0 11.0 1 599
683.4171447315684 576.722160670939 0 0 12.0 1 600
384.50269156317995 529.0729771532913 0 0 10.0 1 601
731.9447207894519 373.5103352227175 0 0 11.0 1 602
706.2306335404357 421.720936476666 0 0 12.0 1 603
661.0790594230385 168.39964436387083 0 0 10.0 1 604
631.4197133370103 658.5612428014222 0 0 13.0 1 605
419.20584346660746 66.55264946811144 0 0 13.0 1 606
189.0969370995031 657.6992395394077 0 0 12.0 1 607
184.55943144956788 208.87344134666535 0 0 10.0 1 608
594.226167224622 581.7476161198082 0 0 10.0 1 609
230.75811573290204 709.784093538907 0 0 11.0 1 610
242.79524742544442 423.82573751162306 0 0 13.0 1 611
652.5598479045814 293.74783189781607 0 0 11.0 1 612
600.724678469184 654.3336459327446 0 0 11.0 1 613
329.44607550212316 593.5410647329086 0 0 11.0 1 614
181.55964895380356 286.86374129036057 0 0 10.0 1 615
521.7266777053762 75.05136415917752 0 0 12.0 1 616
616.4383967118874 322.1898436655751 0 0 12.0 1 617
276.1200147302797 721.9918465576013 0 0 11.0 1 618
353.95561350325545 541.7071433349018 0 0 10.0 1 619
535.8670119277635 393.98709140091586 0 0 11.0 1 620
646.3383902658104 346.8831713931517 0 0 11.0 1 621
416.1582096231039 119.46495359442906 0 0 10.0 1 622
501.7866321372156 277.8505770862459 0 0 10.0 1 623
514.9528916249817 75.77502763196168 0 0 11.0 1 624
497.9643539794193 488.4702512113255 0 0 11.0 1 625
733.5526861240153 530.0254035927371 0 0 10.0 1 626
280.38614143482675 468.8224152377024 0 0 11.0 1 627
372.2915672647301 567.7266906468825 0 0 12.0 1 628
461.9339944583115 150.57429897775603 0 0 12.0 1 629
220.5523223487419 654.0069506638946 0 0 10.0 1 630
573.2041016166548 150.16737766422995 0 0 13.0 1 631
585.0669415246148 217.37955439019206 0 0 10.0 1 632
240.05374089437353 230.57097592762977 0 0 13.0 1 633
501.83472458129825 55.74618539593331 0 0 11.0 1 634
653.6687882543396 534.2428615069533 0 0 10.0 1 635
642.0026236442008 610.8926981887313 0 0 11.0 1 636
185.02303944368643 379.0022279760635 0 0 10.0 1 637
454.94533360503897 178.7196115444684 0 0 13.0 1 638
228.3889643819877 236.5415879983128 0 0 13.0 1 639
544.5278096954225 291.0380239503536 0 0 13.0 1 640
217.07840522147777 305.2598809179442 0 0 11.0 1 641
607.2122595426471 160.09985515796237 0 0 12.0 1 642
360.48271592526294 240.83221349985251 0 0 10.0 1 643
238.2640808728583 338.5956641262306 0 0 12.0 1 644
475.05198995557953 714.1595117192978 0 0 10.0 1 645
689.0 400.0 0 0 11.0 1 646
548.645928048834 109.86143297641235 0 0 12.0 1 647
368.5542671188623 522.0129742427753 0 0 10.0 1 648
670.8040673671632 159.77269701925857 0 0 10.0 1 649
331.3969543471323 611.1341330224711 0 0 10.0 1 650
407.5815009479318 644.8826675029829 0 0 11.0 1 651
315.18241466885706 58.37158019480535 0 0 10.0 1 652
379.00263134435784 649.116660441527 0 0 13.0 1 653
269.7583106760197 360.8451489335511 0 0 13.0 1 654
322.54057890173743 547.9494443488113 0 0 13.0 1 655
554.0256731498706 375.25950665954264 0 0 12.0 1 656
495.2231275072058 281.52402780417276 0 0 10.0 1 657
501.350051384189 711.948981540928 0 0 13.0 1 658
697.6512626456536 564.3281042471073 0 0 12.0 1 659
648.371480962934 219.55441971530894 0 0 13.0 1 660
333.4953024108084 132.13226174365423 0 0 11.0 1 661
58.97114108929043 483.0681490708644 0 0 13.0 1 662
365.36331211429604 557.2300857097913 0 0 13.0 1 663
616.4846853878361 259.6490791176287 0 0 13.0 1 664
718.3628870561074 448.2604615114707 0 0 11.0 1 665
273.1951666354448 653.0010557989579 0 0 12.0 1 666
695.4258440911588 299.6627155887388 0 0 12.0 1 667
455.56344627450494 702.9467006555776 0 0 11.0 1 668
558.1548839319173 666.6215158018605 0 0 11.0 1 669
475.6564846301984 647.7036461851148 0 0 11.0 1 670
429.7419650597962 524.4966486070282 0 0 12.0 1 671
446.31671300895397 520.3983475636032 0 0 12.0 1 672
508.4717809985749 553.5508799290881 0 0 10.0 1 673
633.782480588511 210.4037137233894 0 0 12.0 1 674
751.5883000991378 472.57180742821964 0 0 12.0 1 675
67.60786983511042 293.6210932353264 0 0 13.0 1 676
589.0877542562391 426.95962147976377 0 0 12.0 1 677
193.99266596301769 244.6778241107369 0 0 12.0 1 678
530.4637558357778 559.4214804009251 0 0 13.0 1 679
245.46863292935234 326.7807635161582 0 0 13.0 1 680
352.91687565576035 240.8171510432582 0 0 13.0 1 681
288.04317256347474 324.5634784050318 0 0 13.0 1 682
366.37967675900546 184.6080923869909 0 0 13.0 1 683
303.61497212801936 479.59225089239226 0 0 13.0 1 684
461.3030910335876 48.30278501283567 0 0 11.0 1 685
139.96987268440597 549.6139461689182 0 0 11.0 1 686
450.00010283084544 537.17138811321 0 0 11.0 1 687
168.73576596709208 381.5377667338862 0 0 13.0 1 688
336.16808137468263 275.3986911601212 0 0 11.0 1 689
304.13696275132423 157.24234700125518 0 0 13.0 1 690
726.3317685038239 455.3947368002291 0 0 13.0 1 691
489.06128875977674 205.41303526585432 0 0 11.0 1 692
409.415573885943 541.6874975726453 0 0 11.0 1 693
390.84550278568395 537.696024564085 0 0 11.0 1 694
256.77314564268113 543.8578054570115 0 0 11.0 1 695
166.65634707985384 523.4776888424883 0 0 12.0 1 696
656.5909042506242 452.9632689309012 0 0 10.0 1 697
492.30675344842734 702.2175760405262 0 0 11.0 1 698
481.34997174862804 204.2292613884868 0 0 13.0 1 699
287.46892495064594 483.2871967845998 0 0 11.0 1 700
245.03464745174128 176.46087700450758 0 0 13.0 1 701
497.1214192466308 210.4309362698645 0 0 10.0 1 702
212.5283658884762 253.37671943529926 0 0 10.0 1 703
213.49035540656305 120.5180641371793 0 0 13.0 1 704
290.2020956408721 718.6117075663476 0 0 12.0 1 705
234.77071410071284 451.2667834100368 0 0 13.0 1 706
295.19534596369067 523.531309765296 0 0 13.0 1 707
293.367579072295 579.751291531095 0 0 12.0 1 708
98.41588331617191 536.4112186150214 0 0 10.0 1 709
657.1878338946598 505.53870425854626 0 0 13.0 1 710
584.4431554588258 333.6922146019683 0 0 13.0 1 711
402.410882204747 581.9840312966905 0 0 13.0 1 712
382.3380409857524 240.97781537225995 0 0 12.0 1 713
564.3394605202587 376.57903255818974 0 0 11.0 1 714
681.4050218748248 293.1720370706745 0 0 12.0 1 715
633.013197842112 362.5720741772568 0 0 11.0 1 716
489.37324154482076 266.0842664367957 0 0 12.0 1 717
683.2882733729112 420.093635046818 0 0 12.0 1 718
312.6584908109265 166.8209684114479 0 0 13.0 1 719
351.11173180093914 86.79250131502806 0 0 10.0 1 720
426.6991008839078 716.8771970527241 0 0 13.0 1 721
593.9605045043822 91.98161955427804 0 0 11.0 1 722
530.8040745345754 352.9756011718041 0 0 12.0 1 723
576.6606840816996 389.0454256227864 0 0 12.0 1 724
418.8150571569173 254.2090756453546 0 0 11.0 1 725
471.40304286699785 286.6086181875639 0 0 12.0 1 726
547.5717427654818 156.18125433601608 0 0 12.0 1 727
379.75847225414594 546.6092785416865 0 0 13.0 1 728
394.9398741851814 171.05591266263679 0 0 10.0 1 729
345.9210225709376 566.4345643195156 0 0 11.0 1 730
436.14824579278877 254.4207970687292 0 0 11.0 1 731
357.62484594005406 251.94478625054825 0 0 11.0 1 732
148.08301578475493 635.7176978164684 0 0 12.0 1 733
144.59053557955943 656.5346087460008 0 0 12.0 1 734
347.46358058233346 98.54366048336112 0 0 11.0 1 735
326.3770539687649 685.6652968382436 0 0 10.0 1 736
479.28019931243523 188.36198357341243 0 0 12.0 1 737
636.0881225397741 663.7771756533241 0 0 11.0 1 738
527.8284902317514 356.584828860512 0 0 12.0 1 739
338.37545315239487 537.8528752903882 0 0 12.0 1 740
280.8219186297316 524.0184862062979 0 0 11.0 1 741
536.926009883051 609.1680372750736 0 0 12.0 1 742
68.55918830397218 509.3068540498638 0 0 11.0 1 743
397.23843657760364 607.9816669023116 0 0 11.0 1 744
583.0015555058778 525.675895391396 0 0 12.0 1 745
738.7461194852947 360.85837849993317 0 0 10.0 1 746
307.7325714545949 298.72946317107545 0 0 13.0 1 747
380.8616805277274 67.55041776567498 0 0 12.0 1 748
112.03840817124717 539.5640413267356 0 0 10.0 1 749
561.3350824294672 540.5951321258209 0 0 11.0 1 750
705.5239475067135 265.0514264620963 0 0 13.0 1 751
74.17803841713726 347.654519294446 0 0 10.0 1 752
721.7489437896631 354.1456962735643 0 0 13.0 1 753
542.7353828417132 374.4733377616743 0 0 10.0 1 754
657.2707848410848 213.0889428972907 0 0 11.0 1 755
539.9721472019935 713.1402209995763 0 0 12.0 1 756
711.658380887802 572.0611915057947 0 0 12.0 1 757
561.909397331402 328.4853367778175 0 0 13.0 1 758
611.6421193859885 362.15012150868955 0 0 13.0 1 759
220.2236160201253 645.1457765557478 0 0 11.0 1 760
251.76332604194388 208.71516397306092 0 0 13.0 1 761
41.18602652461516 352.0778502276264 0 0 12.0 1 762
76.49863705679724 440.28483801494303 0 0 10.0 1 763
109.59276529578113 342.73187595661335 0 0 13.0 1 764
507.47188810950615 476.6406763160255 0 0 10.0 1 765
615.8646292781469 407.64603339047073 0 0 10.0 1 766
715.2134721797981 433.6075431466751 0 0 12.0 1 767
481.1775802683842 194.4490319609999 0 0 10.0 1 768
433.967076115891 35.57958654853422 0 0 11.0 1 769
388.78703851329965 761.8262974062247 0 0 12.0 1 770
269.89570224916986 564.8419597880447 0 0 11.0 1 771
202.52524163896518 424.5910514262996 0 0 10.0 1 772
407.63545958461816 556.8142205188409 0 0 11.0 1 773
480.2595226403411 690.1024112715104 0 0 11.0 1 774
361.8283982445394 278.87226238626215 0 0 11.0 1 775
429.9764087033683 78.39400670813268 0 0 10.0 1 776
514.5497773018457 340.67590270305357 0 0 11.0 1 777
38.509814679274825 419.2053616677166 0 0 11.0 1 778
278.08788050744533 151.27035737404944 0 0 13.0 1 779
599.5980230751512 353.24928680232347 0 0 11.0 1 780
611.1877901820085 580.7863857651896 0 0 10.0 1 781
217.08240666133338 281.4033978261174 0 0 10.0 1 782
333.5298561384554 564.0448718339758 0 0 11.0 1 783
219.65162077528691 562.860253318663 0 0 11.0 1 784
370.1726871143859 580.5528493434088 0 0 11.0 1 785
179.8989783529924 551.1441043175138 0 0 10.0 1 786
273.2319957061484 223.87824357180054 0 0 11.0 1 787
688.8572514571113 540.0088864345519 0 0 10.0 1 788
335.9799120164323 196.84875502577827 0 0 12.0 1 789
308.41044238715153 262.7544064959362 0 0 12.0 1 790
157.99600470659914 643.0700850825367 0 0 10.0 1 791
560.2064148945724 488.44718552123715 0 0 13.0 1 792
191.92658329002717 565.7149759636648 0 0 13.0 1 793
491.56131484082846 141.75103945103928 0 0 12.0 1 794
657.5150032367073 266.6357502626786 0 0 12.0 1 795
541.0240357748403 136.34639897438046 0 0 11.0 1 796
644.3833236763992 347.3047335249521 0 0 10.0 1 797
518.4309870778923 257.8764576160723 0 0 10.0 1 798
204.59322418072009 468.3022105346063 0 0 10.0 1 799
52.217726095595026 412.30812568514926 0 0 10.0 1 800
109.26246478701927 465.38872699694343 0 0 11.0 1 801
333.5754016696316 189.21866131782627 0 0 13.0 1 802
641.8554076145565 169.64817819779077 0 0 11.0 1 803
549.9462827822395 663.2966241329134 0 0 10.0 1 804
179.02649034977892 311.59916271401244 0 0 13.0 1 805
101.3896604780565 313.09277860505716 0 0 10.0 1 806
573.39751849896 551.1069177053215 0 0 13.0 1 807
641.55713109174 434.44056356577147 0 0 12.0 1 808
632.3455852738673 435.2211442707938 0 0 10.0 1 809
111.5611428692348 361.47694590121347 0 0 12.0 1 810
263.30996698347354 438.4686219397174 0 0 13.0 1 811
256.082082765107 106.37330996864318 0 0 11.0 1 812
304.3620021938182 548.9374814330656 0 0 13.0 1 813
506.76021881565526 515.1140985215686 0 0 13.0 1 814
681.7200360804811 575.6639441399752 0 0 11.0 1 815
65.00000015220422 399.98990164162456 0 0 12.0 1 816
701.6688500751304 437.5753229440343 0 0 12.0 1 817
227.01091289863575 216.75487525220046 0 0 10.0 1 818
295.54714402666724 628.2336541332461 0 0 12.0 1 819
122.39723883640261 300.19164867433847 0 0 11.0 1 820
72.62921218528527 565.883595589115 0 0 12.0 1 821
582.2197578088515 220.18909970726602 0 0 10.0 1 822
250.15781448983455 430.92441497485703 0 0 13.0 1 823
73.28319007369134 428.98492904211247 0 0 10.0 1 824
165.51083997605997 567.2089526050177 0 0 11.0 1 825
169.28482081357993 631.7315388396195 0 0 12.0 1 826
712.1594317681415 216.69563791826732 0 0 11.0 1 827
373.98695545414927 276.71447159761374 0 0 12.0 1 828
271.7746193420121 207.85616909431076 0 0 10.0 1 829
637.153367290279 221.20603929975144 0 0 12.0 1 830
732.692447071155 429.5251699708355 0 0 13.0 1 831
196.15497180870182 285.09480219899166 0 0 13.0 1 832
628.8826898928744 331.1980068064718 0 0 12.0 1 833
468.7980796580733 159.6527007945348 0 0 13.0 1 834
432.53342121350994 268.9787173618563 0 0 10.0 1 835
96.10717338622959 391.9284491767141 0 0 11.0 1 836
128.5658812091708 616.1770551104951 0 0 13.0 1 837
247.24006028479235 332.52110835078776 0 0 12.0 1 838
531.0336149377026 311.7152801649239 0 0 12.0 1 839
403.31901343929337 250.03672399620703 0 0 12.0 1 840
233.6578303628775 113.83347050988868 0 0 10.0 1 841
331.4454157375858 686.9238034332592 0 0 11.0 1 842
344.8771198909354 138.7520945758958 0 0 13.0 1 843
261.14882641384474 183.73777122727284 0 0 10.0 1 844
496.99608339045466 233.14449422655554 0 0 13.0 1 845
260.86129947784593 276.56409753638803 0 0 12.0 1 846
340.91043947773977 257.78739916137476 0 0 10.0 1 847
154.90063779091972 333.34939876713736 0 0 11.0 1 848
454.0910142712821 119.16167965339213 0 0 12.0 1 849
662.0 400.0 0 0 11.0 1 850
167.953435392976 565.4671926820488 0 0 13.0 1 851
319.454287374299 547.4326564151172 0 0 13.0 1 852
499.6821351948612 552.2743311362536 0 0 10.0 1 853
477.264486684438 277.30037042684154 0 0 10.0 1 854
365.6714630796664 648.6414115808332 0 0 12.0 1 855
720.8234128671941 336.7438717890044 0 0 12.0 1 856
369.95906364554884 650.2030018663802 0 0 12.0 1 857
716.9922558890262 374.70356336583836 0 0 10.0 1 858
516.4647175740199 89.09813516094215 0 0 11.0 1 859
435.93114191394665 644.3725701480422 0 0 12.0 1 860
196.46754194878895 483.51370258605476 0 0 13.0 1 861
699.7477725225723 456.3584320910036 0 0 13.0 1 862
56.02519689768292 464.6632417276013 0 0 12.0 1 863
682.7686995133708 556.111699034752 0 0 11.0 1 864
598.054925415516 239.37856146001425 0 0 12.0 1 865
409.2834705484879 699.856327554673 0 0 13.0 1 866
605.1303827426293 467.6574170055464 0 0 11.0 1 867
453.42813410776427 555.0530054070632 0 0 12.0 1 868
623.819209550854 328.3762508937788 0 0 12.0 1 869
315.4772828037144 114.23801813789726 0 0 11.0 1 870
96.7137115612997 553.6796253414144 0 0 11.0 1 871
530.647134259795 121.0818645019599 0 0 11.0 1 872
255.18722665530603 294.7846937170342 0 0 10.0 1 873
642.5144366269147 230.2862762545994 0 0 13.0 1 874
682.49280138109 362.2797512221347 0 0 10.0 1 875
304.44395662666193 662.1260051479684 0 0 12.0 1 876
735.9500331571469 279.22510516787094 0 0 11.0 1 877
254.21351899992828 211.87689679995248 0 0 11.0 1 878
693.8157454063667 410.40710100369625 0 0 10.0 1 879
355.81911481895196 190.6102930308678 0 0 12.0 1 880
184.4762948386877 283.49020421638477 0 0 11.0 1 881
262.16870140324306 370.2757148591991 0 0 10.0 1 882
222.0277961584418 403.145577813192 0 0 12.0 1 883
227.5826566700948 115.11184700121765 0 0 11.0 1 884
685.5867517261098 192.51697120359628 0 0 10.0 1 885
527.9549767525809 396.60530940342323 0 0 13.0 1 886
527.2928536791578 260.2948483332969 0 0 12.0 1 887
345.542410397024 215.88489759220226 0 0 11.0 1 888
112.57748791560681 523.9245720069141 0 0 11.0 1 889
521.2943527940065 437.63880949609194 0 0 13.0 1 890
270.8468869987182 421.91970351255094 0 0 13.0 1 891
323.6526923673755 236.9935933245279 0 0 11.0 1 892
342.3438984262816 661.7246147218887 0 0 10.0 1 893
369.3268236205157 567.2099167238387 0 0 11.0 1 894
615.5567097030781 488.45510105122764 0 0 11.0 1 895
508.59548131810755 318.12801799584577 0 0 13.0 1 896
260.20438596080777 635.6548032512922 0 0 10.0 1 897
310.117154803644 146.46090214839072 0 0 11.0 1 898
165.08587924401598 368.62555387830787 0 0 13.0 1 899
281.69050462368625 263.018748349265 0 0 10.0 1 900
525.1328071644141 132.854383208046 0 0 10.0 1 901
216.91532659089174 615.7985226146837 0 0 13.0 1 902
110.97206626936446 552.9439554980822 0 0 10.0 1 903
358.05170678187835 131.25413362046572 0 0 13.0 1 904
116.3584059404053 587.4765215149143 0 0 11.0 1 905
212.53061075511386 629.0659907016958 0 0 12.0 1 906
133.2232380008088 559.8472998121234 0 0 13.0 1 907
157.56313748830559 343.20767925603155 0 0 11.0 1 908
191.18283320507769 422.2573774677429 0 0 12.0 1 909
175.2203170042042 390.04539743085905 0 0 11.0 1 910
81.01249638011075 397.1764323363612 0 0 12.0 1 911
173.08002749563855 393.97288803655954 0 0 10.0 1 912
334.7712643585439 243.01206400930985 0 0 11.0 1 913
496.74263221549455 287.9961468876291 0 0 10.0 1 914
218.8313731221185 425.82496147495567 0 0 12.0 1 915
306.69541757248527 209.63651900107754 0 0 12.0 1 916
698.6270377029044 217.45714926958084 0 0 13.0 1 917
528.4731991538857 645.4050470124158 0 0 10.0 1 918
261.65085177921765 709.4842696916662 0 0 12.0 1 919
267.172759465603 528.7708203438086 0 0 12.0 1 920
308.0315491230815 600.9547313284756 0 0 11.0 1 921
555.7471424527371 451.369520319026 0 0 13.0 1 922
246.08807787698058 635.1002344286318 0 0 12.0 1 923
504.8033910020782 159.87451356745672 0 0 12.0 1 924
634.0594315660034 496.0478135878137 0 0 10.0 1 925
227.26640353274945 603.5978994279878 0 0 12.0 1 926
208.44882309886256 278.19217337219607 0 0 13.0 1 927
80.45729744904764 576.4014207608136 0 0 10.0 1 928
243.21099587415327 419.5245533937454 0 0 13.0 1 929
601.654915108924 242.29364244770395 0 0 11.0 1 930
291.9416806128556 189.0677843210623 0 0 11.0 1 931
137.16120361921077 263.86856675588103 0 0 12.0 1 932
110.82832061858136 332.2597620041822 0 0 13.0 1 933
496.714112750397 550.6233062806134 0 0 12.0 1 934
459.9696625252851 763.0807617825591 0 0 12.0 1 935
358.2059284481214 132.24216989391988 0 0 11.0 1 936
312.6311139235537 497.60982402279467 0 0 13.0 1 937
210.83944061579493 596.8432949669727 0 0 13.0 1 938
483.3966825261885 118.07626324903731 0 0 10.0 1 939
183.12360773898834 625.6848033870419 0 0 11.0 1 940
583.4423231603556 287.866534551314 0 0 10.0 1 941
590.7633533312331 97.05884560558115 0 0 10.0 1 942
616.929750086607 170.2229699744506 0 0 13.0 1 943
536.0027588725533 196.21518805599342 0 0 10.0 1 944
257.89469034247827 244.0285892634812 0 0 11.0 1 945
393.15451798740116 620.8939550463416 0 0 13.0 1 946
619.1192316944221 312.3486320606107 0 0 10.0 1 947
118.17643321539595 409.97382598624165 0 0 11.0 1 948
228.84036067038534 713.2943948821239 0 0 12.0 1 949
309.86551206171555 564.9841631312025 0 0 11.0 1 950
442.90484876157495 757.4341533104334 0 0 10.0 1 951
638.5715946443494 676.2401024993515 0 0 13.0 1 952
220.4661928746399 240.72786778888778 0 0 11.0 1 953
173.1435688062233 222.57350923263104 0 0 13.0 1 954
130.81529069648337 254.48164281719897 0 0 13.0 1 955
503.0490176044064 198.86099341309566 0 0 10.0 1 956
488.02860449920814 220.41446386214173 0 0 13.0 1 957
587.9597986802453 89.45191341745209 0 0 10.0 1 958
409.5807996061769 596.7668881669532 0 0 10.0 1 959
245.4662860306893 640.6560434455184 0 0 13.0 1 960
308.81154482097514 221.99813022874457 0 0 13.0 1 961
489.921785803681 505.99562461666477 0 0 12.0 1 962
666.0464088202366 520.3466175422288 0 0 10.0 1 963
666.5930080313311 273.6941487150868 0 0 10.0 1 964
695.7692960213385 193.01805989158913 0 0 10.0 1 965
595.2075231533448 433.13642865995575 0 0 12.0 1 966
261.4231034298016 702.796043132952 0 0 11.0 1 967
291.20105641528914 682.792839150589 0 0 12.0 1 968
513.0482142801155 566.1959724183383 0 0 13.0 1 969
194.17927804670987 579.3511371991447 0 0 13.0 1 970
292.15695447219184 712.939095562199 0 0 13.0 1 971
612.8108307811651 174.5858249749357 0 0 13.0 1 972
575.6238171855646 352.24777662588497 0 0 12.0 1 973
395.14071051636023 765.9677407992598 0 0 10.0 1 974
558.4555251143038 487.48054961390125 0 0 13.0 1 975
496.79460367788477 297.4729074885998 0 0 12.0 1 976
256.81184934445577 475.77039997152696 0 0 12.0 1 977
516.1649957616501 580.9162617336978 0 0 12.0 1 978
595.790225813945 199.8345997038339 0 0 11.0 1 979
384.21180915212153 637.475752509074 0 0 11.0 1 980
418.3292464824181 524.6596916544669 0 0 10.0 1 981
228.58880449350974 506.8747025962448 0 0 11.0 1 982
263.2832901063065 705.8325378958943 0 0 12.0 1 983
61.650508856528404 379.0090056701966 0 0 10.0 1 984
166.6020253394292 152.76451422915935 0 0 13.0 1 985
625.724053887457 327.7666870715982 0 0 10.0 1 986
640.5492476709594 121.50393280167236 0 0 13.0 1 987
751.2378648515459 330.74711345707516 0 0 10.0 1 988
259.27606899137277 557.2188768611426 0 0 11.0 1 989
671.0608813810297 562.4253631208479 0 0 13.0 1 990
45.368850420487206 486.3814085779644 0 0 13.0 1 991
721.7489437896631 354.1456962735643 0 0 13.0 1 992
662.9074912963185 393.0249716648462 0 0 12.0 1 993
371.44357862832663 738.7986582004767 0 0 13.0 1 994
272.3297075699688 208.68796057009297 0 0 12.0 1 995
247.56291917756369 558.628296310381 0 0 11.0 1 996
477.18538214672185 541.2919558321156 0 0 13.0 1 997
329.0652519294901 656.3674345859342 0 0 11.0 1 998
230.59773234032548 589.2587427617545 0 0 10.0 1 999
538.010358974272 180.83307545208245 0 0 13.0 1 1000
183.84041207550334 484.2557567665961 0 0 11.0 1 1001
421.25262412715585 171.98832054539434 0 0 11.0 1 1002
641.8992943699892 361.14473802299966 0 0 11.0 1 1003
391.63674143257157 669.8704428167974 0 0 11.0 1 1004
225.00000007950968 399.99472473816206 0 0 13.0 1 1005
561.4386399037307 371.1284647787213 0 0 12.0 1 1006
283.6600128113828 302.1786966916082 0 0 10.0 1 1007
546.358777248725 335.3539767483096 0 0 11.0 1 1008
406.483139584753 107.07173420592437 0 0 10.0 1 1009
470.85056175386603 114.66476225470922 0 0 13.0 1 1010
562.9426657083648 395.6770736934218 0 0 13.0 1 1011
464.9279894486256 193.9894270039541 0 0 11.0 1 1012
171.86240968368472 464.20467182896493 0 0 11.0 1 1013
252.81694825768955 474.5798181803923 0 0 13.0 1 1014
279.02012364512404 641.3790991721506 0 0 10.0 1 1015
476.402428487891 206.5402653750587 0 0 11.0 1 1016
195.0088703769116 197.70655775371714 0 0 10.0 1 1017
562.6729359611206 427.61369054996317 0 0 13.0 1 1018
357.9705351266246 521.9611580891954 0 0 12.0 1 1019
425.5987172202956 201.64500087803347 0 0 11.0 1 1020
605.1804124569408 298.30438385063167 0 0 11.0 1 1021
436.10642568173466 74.99949842424957 0 0 11.0 1 1022
233.2216972479099 465.00767440181335 0 0 11.0 1 1023
219.4523137525468 665.4120061163233 0 0 13.0 1 1024
80.16294340181935 584.0251537877695 0 0 11.0 1 1025
213.0702957707167 574.9093641768578 0 0 10.0 1 1026
191.11452700995605 458.78655606280756 0 0 12.0 1 1027
591.3054729806428 579.0145692608637 0 0 12.0 1 1028
248.97998156096415 129.27328533985923 0 0 13.0 1 1029
285.5584887503238 176.60765343707445 0 0 13.0 1 1030
495.0932058327926 548.0988933261898 0 0 10.0 1 1031
148.40287836552375 627.2001064815915 0 0 11.0 1 1032
363.3146348948065 209.50017326228706 0 0 13.0 1 1033
328.88914310407205 697.622657120601 0 0 12.0 1 1034
698.1476524013544 516.2238244404355 0 0 11.0 1 1035
294.9682372986145 219.30874724038287 0 0 12.0 1 1036
470.93799564516144 282.79590120713755 0 0 11.0 1 1037
658.989923024143 397.71531797650357 0 0 12.0 1 1038
537.9337451112016 723.8491654452703 0 0 11.0 1 1039
751.9448446439874 406.23107763710556 0 0 12.0 1 1040
174.86407651459479 665.3635543106359 0 0 11.0 1 1041
284.1393643186211 334.69063543788843 0 0 11.0 1 1042
130.3802485176912 414.3244410228825 0 0 11.0 1 1043
283.80938792045333 162.94358969945506 0 0 12.0 1 1044
475.2306022601693 175.2571325190225 0 0 11.0 1 1045
201.17324950976652 238.7426798886499 0 0 10.0 1 1046
252.15911029315998 216.0460075706701 0 0 11.0 1 1047
268.2563167359199 352.63332479460126 0 0 13.0 1 1048
345.5432548726185 180.65902592052845 0 0 12.0 1 1049
432.7745372484253 673.0399782232478 0 0 11.0 1 1050
372.2928017963991 150.53394786523282 0 0 12.0 1 1051
562.9936581194413 398.5621499234366 0 0 11.0 1 1052
326.6805731985646 180.94461510040674 0 0 12.0 1 1053
673.4943042468857 356.0697650300853 0 0 10.0 1 1054
320.21010171835326 244.24836395015151 0 0 10.0 1 1055
550.093478125218 452.46854128213135 0 0 12.0 1 1056
682.0 400.0 0 0 10.0 1 1057
454.280307959869 237.84375384283902 0 0 11.0 1 1058
685.2577841492343 538.2642274135605 0 0 12.0 1 1059
517.1179209528382 517.6409477677086 0 0 12.0 1 1060
491.13657546904915 273.3898716066747 0 0 10.0 1 1061
668.3133995179618 248.76534907927146 0 0 12.0 1 1062
189.63913007252165 342.7959406741573 0 0 13.0 1 1063
292.60757672822626 526.5814655619699 0 0 10.0 1 1064
282.3221289725117 590.5988422589126 0 0 13.0 1 1065
259.232276190074 297.7236687528713 0 0 13.0 1 1066
453.67950456087925 56.16499481568411 0 0 10.0 1 1067
201.25148495434007 173.94684747355305 0 0 11.0 1 1068
360.06462825896375 732.6111334334815 0 0 10.0 1 1069
166.7027355156121 358.27007807218484 0 0 11.0 1 1070
694.9604063119198 275.9098766689823 0 0 13.0 1 1071
693.3460278368639 306.1271713841867 0 0 10.0 1 1072
248.50157532745826 358.8025811277188 0 0 11.0 1 1073
186.8451470463104 319.07405445537904 0 0 13.0 1 1074
518.3437979258837 664.7541227110121 0 0 11.0 1 1075
261.3456776285958 445.7272226111178 0 0 11.0 1 1076
135.09342416891724 392.9639441836488 0 0 11.0 1 1077
462.43655545744895 539.680623361327 0 0 11.0 1 1078
165.37342732077076 329.463687417059 0 0 11.0 1 1079
281.8113446466643 443.67426869187875 0 0 11.0 1 1080
335.51277487460857 719.5581289775416 0 0 12.0 1 1081
501.3037384039519 156.2100236158515 0 0 12.0 1 1082
430.16202114116004 76.40263832861643 0 0 12.0 1 1083
614.9775934229003 379.00870832706687 0 0 13.0 1 1084
563.3861917908492 181.29025551639486 0 0 10.0 1 1085
545.4541443177241 116.09140220698015 0 0 13.0 1 1086
553.0 400.0 0 0 11.0 1 1087
375.41702338311774 272.34547692833667 0 0 11.0 1 1088
382.81574317654804 101.49421895476524 0 0 11.0 1 1089
268.2563167359199 352.63332479460126 0 0 13.0 1 1090
384.0424928092023 228.74183825506114 0 0 13.0 1 1091
301.6603638377114 553.1447549198754 0 0 10.0 1 1092
494.7020152560676 505.8089235671526 0 0 13.0 1 1093
321.71929688766767 291.24278635309344 0 0 11.0 1 1094
556.3796216474841 674.5931789636984 0 0 13.0 1 1095
264.15602321162226 375.701564447095 0 0 13.0 1 1096
472.72535731083303 83.24138148424174 0 0 10.0 1 1097
166.5546309702089 203.71383217724014 0 0 10.0 1 1098
364.6383336357155 216.37387835076123 0 0 12.0 1 1099
110.7912494121149 197.5961991873807 0 0 11.0 1 1100
156.46821286428593 384.891437709522 0 0 12.0 1 1101
554.9205344478376 214.0870418545378 0 0 10.0 1 1102
549.8373529775631 315.5442858494633 0 0 13.0 1 1103
176.43008647484862 673.1766713435763 0 0 11.0 1 1104
305.43904518118234 691.0227238958387 0 0 12.0 1 1105
191.25171240298712 530.1543407855258 0 0 13.0 1 1106
160.6983074494713 604.8406696494918 0 0 11.0 1 1107
459.9448474650386 584.5064098138416 0 0 11.0 1 1108
435.0583206528791 638.4363943549724 0 0 11.0 1 1109
211.57795983521237 676.9876076291846 -16 10 11.0 1 1110
464.12059770697977 208.44700746347064 -14 -3 11.0 1 1111
322.7958473240532 535.5563307617505 8 -11 11.0 1 1112
475.7154497217249 532.9517607007781 -5 18 10.0 1 1113
413.1540762514338 225.4950709063739 20 -10 13.0 1 1114
443.20896095367544 713.0319243995791 21 -1 11.0 1 1115
375.22875337242453 134.1515745005891 19 14 11.0 1 1116
246.4754618969527 513.6275327561326 10 -8 11.0 1 1117
454.92844406614705 598.5418495745221 -1 7 12.0 1 1118
182.53995947361253 675.5215613600176 21 1 10.0 1 1119
549.853321979151 393.36811551571606 1 11 10.0 1 1120
646.0965880377895 506.1153587194545 11 7 12.0 1 1121
349.93831803709656 554.0708538272087 0 -15 10.0 1 1122
252.43327112052984 280.3168327298573 -4 13 11.0 1 1123
321.25646082665594 515.7560151286145 4 5 10.0 1 1124
379.13823864274224 573.7520846294307 4 -8 11.0 1 1125
506.00973521764297 510.3219653518067 -4 6 10.0 1 1126
144.30370813966587 547.1203803994363 -10 3 12.0 1 1127
633.2407961253678 500.57201908485615 -3 5 13.0 1 1128
78.03397514677425 225.94863160488507 -2 14 13.0 1 1129
763.0 400.0 9 -7 11.0 1 1130
542.6063392887172 109.07143145666964 2 21 12.0 1 1131
576.4270435830949 213.1243774792209 -16 -12 13.0 1 1132
400.5797664364346 269.0012829418579 -12 -5 13.0 1 1133
669.3472248430053 225.37734262309613 16 15 10.0 1 1134
502.0057309642102 231.46563896208832 -12 18 13.0 1 1135
51.000000158565 399.9894796206775 8 -17 11.0 1 1136
211.44022117898794 165.3807130456428 20 0 12.0 1 1137
205.39612080136328 166.4505829576053 0 0 10.0 1 1138
580.1826387880498 557.0197970937905 11 -4 13.0 1 1139
224.2064805230849 244.04603720995263 -16 15 12.0 1 1140
153.80695312183892 165.50270008196773 10 3 11.0 1 1141
395.1672640108064 763.9679170790453 3 -15 13.0 1 1142
586.959684152977 620.3793921886052 -1 11 11.0 1 1143
196.16394027421507 556.5243136240061 2 15 11.0 1 1144
71.41752175677107 294.84033571973526 13 -14 11.0 1 1145
267.8795397521261 384.7296370740584 -3 -13 13.0 1 1146
639.3604905930615 658.0902081502686 -8 4 11.0 1 1147
249.6906354697914 511.2478985622869 -2 -8 10.0 1 1148
149.48209763706444 465.7402509553674 10 15 13.0 1 1149
166.29660597512506 685.5586167869112 -6 -8 10.0 1 1150
369.4166781790503 162.96485402709533 0 -17 13.0 1 1151
669.4540014609795 152.30958618334364 4 17 13.0 1 1152
190.59837377432575 347.01925883830035 -8 -3 13.0 1 1153
334.9673886353732 91.78617899403434 10 -9 13.0 1 1154
486.9804175270717 209.9594596755306 -6 -7 12.0 1 1155
130.50030566693005 592.1741781675723 7 13 11.0 1 1156
513.356397513766 710.9844483936472 -15 -15 10.0 1 1157
647.7486072984339 305.94880340109216 12 -9 11.0 1 1158
403.11295229733815 634.9793810699026 8 8 12.0 1 1159
175.7135661318781 382.0948168755362 6 8 13.0 1 1160
428.2212207745168 591.9363506425918 -10 22 12.0 1 1161
545.7413426869779 666.7872954842433 21 18 10.0 1 1162
335.6793482230822 195.89499331228427 -2 -16 10.0 1 1163
614.2380175550411 203.0658185228224 6 22 10.0 1 1164
192.27921558053728 694.0273383890741 7 12 13.0 1 1165
249.25458744390633 356.127222639852 6 4 13.0 1 1166
268.68862454220425 143.67730752939218 14 0 10.0 1 1167
165.12314580379433 273.02810010520307 -6 6 10.0 1 1168
350.32950906990044 183.6280001230222 12 -11 13.0 1 1169
688.4322405022831 489.50331077023435 7 0 10.0 1 1170
222.0900968467393 361.6324830097464 -16 16 13.0 1 1171
47.720908451420314 443.86845857455455 21 -5 10.0 1 1172
721.1217531237377 562.7292833842062 22 -7 12.0 1 1173
302.7314827310824 666.823603806534 -5 -12 11.0 1 1174
