400 400 -7.071067811865475 7.0710678118654755 5 2 -1 10 187
57.15728752538104 742.842712474619
800.0 400.0 0 0 24.0 1 0
799.4518139018296 420.9343824971775 0 0 24.0 1 1
797.8087581473094 441.8113853070614 0 0 24.0 1 2
795.0753362380551 462.57378601609236 0 0 24.0 1 3
791.2590402935223 483.16467632710373 0 0 24.0 1 4
786.3703305156273 503.5276180410083 0 0 24.0 1 5
780.4226065180615 523.6067977499789 0 0 24.0 1 6
773.4321705988807 543.3471798181201 0 0 24.0 1 7
765.4181830570403 562.6946572303201 0 0 24.0 1 8
756.4026096753471 581.5961998958187 0 0 24.0 1 9
746.4101615137755 600.0 0 0 24.0 1 10
735.4682271781696 617.8556140060108 0 0 24.0 1 11
723.606797749979 635.1141009169893 0 0 24.0 1 12
710.8583845827884 651.728156419935 0 0 24.0 1 13
697.2579301909577 667.6522425435433 0 0 24.0 1 14
682.842712474619 682.842712474619 0 0 24.0 1 15
667.6522425435433 697.2579301909577 0 0 24.0 1 16
651.728156419935 710.8583845827884 0 0 24.0 1 17
635.1141009169893 723.606797749979 0 0 24.0 1 18
617.8556140060108 735.4682271781696 0 0 24.0 1 19
600.0 746.4101615137754 0 0 24.0 1 20
581.5961998958187 756.4026096753471 0 0 24.0 1 21
562.6946572303201 765.4181830570403 0 0 24.0 1 22
543.3471798181201 773.4321705988807 0 0 24.0 1 23
523.606797749979 780.4226065180615 0 0 24.0 1 24
503.5276180410083 786.3703305156273 0 0 24.0 1 25
483.1646763271038 791.2590402935223 0 0 24.0 1 26
462.57378601609236 795.0753362380551 0 0 24.0 1 27
441.8113853070614 797.8087581473094 0 0 24.0 1 28
420.9343824971776 799.4518139018296 0 0 24.0 1 29
400.0 800.0 0 0 24.0 1 30
379.0656175028225 799.4518139018296 0 0 24.0 1 31
358.1886146929386 797.8087581473094 0 0 24.0 1 32
337.4262139839077 795.0753362380551 0 0 24.0 1 33
316.83532367289627 791.2590402935223 0 0 24.0 1 34
296.47238195899166 786.3703305156273 0 0 24.0 1 35
276.3932022500211 780.4226065180615 0 0 24.0 1 36
256.65282018187986 773.4321705988807 0 0 24.0 1 37
237.3053427696799 765.4181830570403 0 0 24.0 1 38
218.4038001041813 756.4026096753471 0 0 24.0 1 39
43.597390324652906 581.5961998958187 0 0 24.0 1 40
34.58181694295968 562.6946572303202 0 0 24.0 1 41
26.567829401119297 543.3471798181201 0 0 24.0 1 42
19.5773934819386 523.606797749979 0 0 24.0 1 43
13.629669484372698 503.5276180410084 0 0 24.0 1 44
8.740959706477724 483.16467632710373 0 0 24.0 1 45
4.924663761944942 462.5737860160924 0 0 24.0 1 46
2.1912418526906663 441.81138530706147 0 0 24.0 1 47
0.5481860981704472 420.9343824971775 0 0 24.0 1 48
0.0 400.00000000000006 0 0 24.0 1 49
0.5481860981704472 379.0656175028226 0 0 24.0 1 50
2.1912418526906663 358.1886146929386 0 0 24.0 1 51
4.924663761944885 337.4262139839077 0 0 24.0 1 52
8.740959706477781 316.8353236728962 0 0 24.0 1 53
13.629669484372698 296.47238195899166 0 0 24.0 1 54
19.577393481938543 276.3932022500211 0 0 24.0 1 55
26.567829401119297 256.65282018187986 0 0 24.0 1 56
34.58181694295968 237.30534276967992 0 0 24.0 1 57
43.59739032465285 218.40380010418136 0 0 24.0 1 58
53.58983848622455 199.99999999999994 0 0 24.0 1 59
64.53177282183037 182.14438599398918 0 0 24.0 1 60
76.39320225002103 164.8858990830108 0 0 24.0 1 61
89.14161541721171 148.27184358006497 0 0 24.0 1 62
102.74206980904228 132.3477574564567 0 0 24.0 1 63
117.15728752538092 117.15728752538104 0 0 24.0 1 64
132.34775745645675 102.74206980904228 0 0 24.0 1 65
148.27184358006485 89.14161541721177 0 0 24.0 1 66
164.8858990830107 76.39320225002109 0 0 24.0 1 67
182.1443859939892 64.53177282183032 0 0 24.0 1 68
199.99999999999983 53.58983848622461 0 0 24.0 1 69
218.40380010418124 43.597390324652906 0 0 24.0 1 70
237.30534276967995 34.58181694295962 0 0 24.0 1 71
256.65282018187975 26.567829401119354 0 0 24.0 1 72
276.393202250021 19.5773934819386 0 0 24.0 1 73
296.4723819589917 13.629669484372698 0 0 24.0 1 74
316.8353236728961 8.740959706477781 0 0 24.0 1 75
337.4262139839076 4.924663761944942 0 0 24.0 1 76
358.18861469293864 2.1912418526906663 0 0 24.0 1 77
379.0656175028223 0.5481860981704472 0 0 24.0 1 78
399.99999999999994 0.0 0 0 24.0 1 79
420.9343824971776 0.5481860981704472 0 0 24.0 1 80
441.8113853070612 2.1912418526906663 0 0 24.0 1 81
462.5737860160923 4.924663761944885 0 0 24.0 1 82
483.1646763271038 8.740959706477781 0 0 24.0 1 83
503.5276180410081 13.629669484372641 0 0 24.0 1 84
523.6067977499789 19.577393481938543 0 0 24.0 1 85
543.3471798181201 26.567829401119297 0 0 24.0 1 86
562.6946572303199 34.58181694295956 0 0 24.0 1 87
581.5961998958187 43.59739032465279 0 0 24.0 1 88
600.0 53.58983848622455 0 0 24.0 1 89
617.8556140060107 64.53177282183032 0 0 24.0 1 90
635.1141009169892 76.39320225002098 0 0 24.0 1 91
651.728156419935 89.14161541721171 0 0 24.0 1 92
667.6522425435431 102.74206980904216 0 0 24.0 1 93
682.842712474619 117.15728752538092 0 0 24.0 1 94
697.2579301909577 132.34775745645675 0 0 24.0 1 95
710.8583845827882 148.27184358006485 0 0 24.0 1 96
723.6067977499789 164.88589908301066 0 0 24.0 1 97
735.4682271781696 182.1443859939892 0 0 24.0 1 98
746.4101615137754 199.99999999999983 0 0 24.0 1 99
756.4026096753471 218.40380010418122 0 0 24.0 1 100
765.4181830570403 237.30534276967995 0 0 24.0 1 101
773.4321705988806 256.6528201818797 0 0 24.0 1 102
780.4226065180615 276.3932022500209 0 0 24.0 1 103
786.3703305156273 296.4723819589917 0 0 24.0 1 104
791.2590402935223 316.83532367289604 0 0 24.0 1 105
795.0753362380551 337.4262139839076 0 0 24.0 1 106
797.8087581473094 358.18861469293864 0 0 24.0 1 107
799.4518139018296 379.06561750282225 0 0 24.0 1 108
800.0 399.9999999999999 0 0 24.0 1 109
422.9842932081116 556.3192958841728 0 0 10.0 1 110
271.04665971538054 376.9340937867351 0 0 13.0 1 111
82.31138136594194 385.93082836894746 0 0 10.0 1 112
550.583547604634 78.51968148764854 0 0 11.0 1 113
726.4578974611245 304.9987306123652 0 0 13.0 1 114
257.1400236960053 393.67329703383484 0 0 13.0 1 115
144.47586055256446 448.0355509976467 0 0 10.0 1 116
249.02665558888214 490.4602082538062 0 0 11.0 1 117
313.5054564493179 308.37743762610023 0 0 11.0 1 118
149.39775364878693 327.06500069427625 0 0 12.0 1 119
390.60798863770583 275.35333890324 0 0 10.0 1 120
698.910210166202 329.9879563332356 0 0 11.0 1 121
715.9877053113096 397.2125115080121 0 0 12.0 1 122
94.21183219136441 531.8430750105508 0 0 10.0 1 123
205.83325147438137 242.52214832875967 0 0 12.0 1 124
629.8087142692632 484.9291165967724 0 0 13.0 1 125
526.9395090694699 470.08110328185455 0 0 12.0 1 126
524.7627818498024 638.3175366293857 0 0 11.0 1 127
577.7090880189419 651.562079883825 0 0 11.0 1 128
508.64179466353823 326.80190950382934 0 0 11.0 1 129
734.9839994595491 494.2853122500256 0 0 11.0 1 130
262.17772430967864 740.1382370794867 0 0 13.0 1 131
552.7839134382234 704.8574679985738 0 0 12.0 1 132
155.23990073791126 389.1605438691576 0 0 12.0 1 133
582.9018860454694 658.9129198804303 0 0 12.0 1 134
335.60236428687546 252.44003078558296 0 0 11.0 1 135
347.43331304188536 273.4861927604438 0 0 10.0 1 136
563.7986071163035 262.28283946160207 0 0 13.0 1 137
417.5351212959025 264.12682560145294 0 0 11.0 1 138
296.7217938416916 214.8578596517747 0 0 10.0 1 139
267.384635069047 476.3031125461483 0 0 11.0 1 140
312.8032013325394 200.19830255439183 0 0 10.0 1 141
255.31307910840758 140.62634111592968 0 0 13.0 1 142
533.9220613746668 371.12299397167374 0 0 11.0 1 143
114.03181739758804 578.300865222448 0 0 12.0 1 144
157.23454555857668 671.221190414483 0 0 13.0 1 145
683.250234561858 317.57242803131686 0 0 12.0 1 146
64.8267830325766 544.5126798163694 0 0 10.0 1 147
329.4970991210739 201.12732473349607 0 0 12.0 1 148
76.20271050279536 411.459289431001 0 0 12.0 1 149
54.28567656804967 471.3484868374153 0 0 11.0 1 150
83.08367582617876 574.9515460696289 0 0 13.0 1 151
541.6201348906434 455.20631660920685 0 0 13.0 1 152
527.797610051064 523.902263358004 0 0 10.0 1 153
300.9538192131309 687.4123415435301 0 0 10.0 1 154
667.6221394139177 414.2264013551436 -12 -1 13.0 1 155
490.3335227063484 750.5479349182672 -17 5 10.0 1 156
395.91076185529766 707.9728529130383 12 -1 12.0 1 157
498.223255785318 137.79360796705964 -5 -3 11.0 1 158
327.0557643851156 513.5963841438636 -4 19 13.0 1 159
426.07854750974144 120.21274267797298 22 -6 10.0 1 160
531.3589733428682 640.4596018509297 -11 22 10.0 1 161
169.74976482221138 552.1868233474011 -14 2 13.0 1 162
163.72881145428343 261.2486920306895 5 8 10.0 1 163
498.97865631628196 516.6714429233792 -8 -8 11.0 1 164
724.6495057476336 302.4105619556232 10 14 12.0 1 165
571.0867740966544 335.0514378203768 14 12 12.0 1 166
527.677032864085 624.1931651032728 -13 -8 13.0 1 167
408.62537880236863 250.24819586891232 -11 2 11.0 1 168
213.22432226352447 685.2995727407952 0 -6 11.0 1 169
601.5453208612503 352.79318228332176 17 6 11.0 1 170
553.9458314054489 395.9157628759936 -12 3 13.0 1 171
600.3704189795545 601.2652359399352 12 -9 11.0 1 172
595.4462637326545 173.72194540135882 0 -14 13.0 1 173
255.52920805263435 723.1782639258107 -3 -12 12.0 1 174
239.7105985853546 224.0701622971968 18 6 13.0 1 175
480.37426428911266 530.1882392537201 5 16 11.0 1 176
299.99252600786735 284.209218217887 -17 18 12.0 1 177
475.7378035186814 143.96721866494204 5 -17 13.0 1 178
563.4393123615778 249.76155227514286 -8 17 13.0 1 179
231.42316710141398 411.95204626338955 18 -14 13.0 1 180
474.23083306051456 530.3448634321353 9 15 11.0 1 181
217.36924712717828 684.41168770834 -17 -15 11.0 1 182
502.020515453348 628.236312681907 15 9 10.0 1 183
364.35619059531393 696.86784745257 5 21 12.0 1 184
649.0752676607162 431.0243620360283 19 -10 11.0 1 185
45.18057778427419 310.2270774760089 16 9 10.0 1 186
253.79827033970125 480.70969114261885 16 8 13.0 1 187
233.48162407230137 514.3487231166209 7 -13 13.0 1 188
619.2721340746103 550.584631414916 16 -3 11.0 1 189
110.65371311573159 598.6950584848215 15 -6 12.0 1 190
400.72581447004035 236.00160612568462 13 17 10.0 1 191
268.51297018825784 119.26674405890913 11 17 11.0 1 192
76.09106815198118 472.8491857818296 -1 14 12.0 1 193
103.10707983499225 199.95352051112138 15 3 12.0 1 194
546.0454464213159 327.6140374133317 2 14 11.0 1 195
325.66539347981814 555.1075957955952 10 -16 13.0 1 196
338.6949796628501 132.94627042210846 10 -9 10.0 1 197
281.67126005857295 446.1227634024039 -7 -14 13.0 1 198
223.88255000027448 340.17823301176924 0 -7 13.0 1 199
322.48022273028033 181.33430965957862 -10 1 11.0 1 200
526.3210474563637 142.2947556421734 3 8 11.0 1 201
379.7754953006027 537.5207962806501 9 17 13.0 1 202
353.754704175524 593.5519894346393 -15 6 13.0 1 203
220.48420644567634 440.37424754173685 -1 7 13.0 1 204
639.9418761122249 449.52672094683516 -11 12 12.0 1 205
161.51481457631544 339.66082256584207 20 14 11.0 1 206
177.22682510176088 258.3380342302192 -4 15 11.0 1 207
287.2138627306116 324.00468935618017 14 -9 11.0 1 208
499.45526746883917 658.5297850784348 3 22 10.0 1 209
579.6386160064453 715.4345695057675 -10 3 11.0 1 210
539.9200741313564 361.95564621293033 -8 20 11.0 1 211
520.170006155419 298.9645130629511 4 -7 12.0 1 212
323.85763992551426 251.3684387410017 -13 10 10.0 1 213
624.1191634461373 419.8897103096946 -12 2 11.0 1 214
314.9404464819265 130.08543508119834 18 -17 12.0 1 215
637.6744444482715 287.39512241378924 -5 14 13.0 1 216
226.01448986672014 670.9484125505487 20 19 12.0 1 217
314.17711063628354 293.21314846263476 14 17 12.0 1 218
644.3171820503096 122.13471869447983 -9 4 12.0 1 219
