400 400 7.0710678118654755 7.0710678118654755 5 2 -1 10 187
742.842712474619 742.842712474619
800.0 400.0 0 0 24.0 1 0
799.4518139018296 420.9343824971775 0 0 24.0 1 1
797.8087581473094 441.8113853070614 0 0 24.0 1 2
795.0753362380551 462.57378601609236 0 0 24.0 1 3
791.2590402935223 483.16467632710373 0 0 24.0 1 4
786.3703305156273 503.5276180410083 0 0 24.0 1 5
780.4226065180615 523.6067977499789 0 0 24.0 1 6
773.4321705988807 543.3471798181201 0 0 24.0 1 7
765.4181830570403 562.6946572303201 0 0 24.0 1 8
756.4026096753471 581.5961998958187 0 0 24.0 1 9
581.5961998958187 756.4026096753471 0 0 24.0 1 10
562.6946572303201 765.4181830570403 0 0 24.0 1 11
543.3471798181201 773.4321705988807 0 0 24.0 1 12
523.606797749979 780.4226065180615 0 0 24.0 1 13
503.5276180410083 786.3703305156273 0 0 24.0 1 14
483.1646763271038 791.2590402935223 0 0 24.0 1 15
462.57378601609236 795.0753362380551 0 0 24.0 1 16
441.8113853070614 797.8087581473094 0 0 24.0 1 17
420.9343824971776 799.4518139018296 0 0 24.0 1 18
400.0 800.0 0 0 24.0 1 19
379.0656175028225 799.4518139018296 0 0 24.0 1 20
358.1886146929386 797.8087581473094 0 0 24.0 1 21
337.4262139839077 795.0753362380551 0 0 24.0 1 22
316.83532367289627 791.2590402935223 0 0 24.0 1 23
296.47238195899166 786.3703305156273 0 0 24.0 1 24
276.3932022500211 780.4226065180615 0 0 24.0 1 25
256.65282018187986 773.4321705988807 0 0 24.0 1 26
237.3053427696799 765.4181830570403 0 0 24.0 1 27
218.4038001041813 756.4026096753471 0 0 24.0 1 28
200.00000000000009 746.4101615137755 0 0 24.0 1 29
182.14438599398918 735.4682271781696 0 0 24.0 1 30
164.8858990830108 723.606797749979 0 0 24.0 1 31
148.27184358006508 710.8583845827884 0 0 24.0 1 32
132.3477574564567 697.2579301909577 0 0 24.0 1 33
117.15728752538104 682.842712474619 0 0 24.0 1 34
102.74206980904233 667.6522425435434 0 0 24.0 1 35
89.14161541721165 651.728156419935 0 0 24.0 1 36
76.39320225002109 635.1141009169893 0 0 24.0 1 37
64.53177282183043 617.8556140060109 0 0 24.0 1 38
53.589838486224494 600.0 0 0 24.0 1 39
43.597390324652906 581.5961998958187 0 0 24.0 1 40
34.58181694295968 562.6946572303202 0 0 24.0 1 41
26.567829401119297 543.3471798181201 0 0 24.0 1 42
19.5773934819386 523.606797749979 0 0 24.0 1 43
13.629669484372698 503.5276180410084 0 0 24.0 1 44
8.740959706477724 483.16467632710373 0 0 24.0 1 45
4.924663761944942 462.5737860160924 0 0 24.0 1 46
2.1912418526906663 441.81138530706147 0 0 24.0 1 47
0.5481860981704472 420.9343824971775 0 0 24.0 1 48
0.0 400.00000000000006 0 0 24.0 1 49
0.5481860981704472 379.0656175028226 0 0 24.0 1 50
2.1912418526906663 358.1886146929386 0 0 24.0 1 51
4.924663761944885 337.4262139839077 0 0 24.0 1 52
8.740959706477781 316.8353236728962 0 0 24.0 1 53
13.629669484372698 296.47238195899166 0 0 24.0 1 54
19.577393481938543 276.3932022500211 0 0 24.0 1 55
26.567829401119297 256.65282018187986 0 0 24.0 1 56
34.58181694295968 237.30534276967992 0 0 24.0 1 57
43.59739032465285 218.40380010418136 0 0 24.0 1 58
53.58983848622455 199.99999999999994 0 0 24.0 1 59
64.53177282183037 182.14438599398918 0 0 24.0 1 60
76.39320225002103 164.8858990830108 0 0 24.0 1 61
89.14161541721171 148.27184358006497 0 0 24.0 1 62
102.74206980904228 132.3477574564567 0 0 24.0 1 63
117.15728752538092 117.15728752538104 0 0 24.0 1 64
132.34775745645675 102.74206980904228 0 0 24.0 1 65
148.27184358006485 89.14161541721177 0 0 24.0 1 66
164.8858990830107 76.39320225002109 0 0 24.0 1 67
182.1443859939892 64.53177282183032 0 0 24.0 1 68
199.99999999999983 53.58983848622461 0 0 24.0 1 69
218.40380010418124 43.597390324652906 0 0 24.0 1 70
237.30534276967995 34.58181694295962 0 0 24.0 1 71
256.65282018187975 26.567829401119354 0 0 24.0 1 72
276.393202250021 19.5773934819386 0 0 24.0 1 73
296.4723819589917 13.629669484372698 0 0 24.0 1 74
316.8353236728961 8.740959706477781 0 0 24.0 1 75
337.4262139839076 4.924663761944942 0 0 24.0 1 76
358.18861469293864 2.1912418526906663 0 0 24.0 1 77
379.0656175028223 0.5481860981704472 0 0 24.0 1 78
399.99999999999994 0.0 0 0 24.0 1 79
420.9343824971776 0.5481860981704472 0 0 24.0 1 80
441.8113853070612 2.1912418526906663 0 0 24.0 1 81
462.5737860160923 4.924663761944885 0 0 24.0 1 82
483.1646763271038 8.740959706477781 0 0 24.0 1 83
503.5276180410081 13.629669484372641 0 0 24.0 1 84
523.6067977499789 19.577393481938543 0 0 24.0 1 85
543.3471798181201 26.567829401119297 0 0 24.0 1 86
562.6946572303199 34.58181694295956 0 0 24.0 1 87
581.5961998958187 43.59739032465279 0 0 24.0 1 88
600.0 53.58983848622455 0 0 24.0 1 89
617.8556140060107 64.53177282183032 0 0 24.0 1 90
635.1141009169892 76.39320225002098 0 0 24.0 1 91
651.728156419935 89.14161541721171 0 0 24.0 1 92
667.6522425435431 102.74206980904216 0 0 24.0 1 93
682.842712474619 117.15728752538092 0 0 24.0 1 94
697.2579301909577 132.34775745645675 0 0 24.0 1 95
710.8583845827882 148.27184358006485 0 0 24.0 1 96
723.6067977499789 164.88589908301066 0 0 24.0 1 97
735.4682271781696 182.1443859939892 0 0 24.0 1 98
746.4101615137754 199.99999999999983 0 0 24.0 1 99
756.4026096753471 218.40380010418122 0 0 24.0 1 100
765.4181830570403 237.30534276967995 0 0 24.0 1 101
773.4321705988806 256.6528201818797 0 0 24.0 1 102
780.4226065180615 276.3932022500209 0 0 24.0 1 103
786.3703305156273 296.4723819589917 0 0 24.0 1 104
791.2590402935223 316.83532367289604 0 0 24.0 1 105
795.0753362380551 337.4262139839076 0 0 24.0 1 106
797.8087581473094 358.18861469293864 0 0 24.0 1 107
799.4518139018296 379.06561750282225 0 0 24.0 1 108
800.0 399.9999999999999 0 0 24.0 1 109
292.71876078404694 79.47740218154752 0 0 11.0 1 110
253.00826906980382 259.99131799011604 0 0 13.0 1 111
574.4516948879714 376.7060919827919 0 0 11.0 1 112
570.3547486661175 118.53906202297998 0 0 10.0 1 113
657.1686042532051 291.8089237207689 0 0 13.0 1 114
91.7142725010907 322.0005755119422 0 0 10.0 1 115
567.7268484799149 551.4717937406027 0 0 13.0 1 116
238.11758876285097 368.0768903136527 0 0 12.0 1 117
410.0123356111084 550.6676910807706 0 0 11.0 1 118
168.78844726470635 252.97205067833355 0 0 12.0 1 119
389.4058111833322 259.39856628285474 0 0 10.0 1 120
261.2783412475993 520.8813525444784 0 0 13.0 1 121
251.61728877729826 501.894901787088 0 0 13.0 1 122
631.86346474803 237.73991952720144 0 0 12.0 1 123
103.88266488748002 533.9385077035708 0 0 12.0 1 124
523.0482940188948 453.0576793597272 0 0 12.0 1 125
302.4510087435691 269.4121203753856 0 0 12.0 1 126
91.44706234063148 480.9696527210896 0 0 11.0 1 127
531.6412175622688 316.29462479193216 0 0 12.0 1 128
722.1905362656702 422.85297225395146 0 0 13.0 1 129
202.6015827033222 256.5780182511528 0 0 10.0 1 130
263.30727176935153 365.41534951944607 0 0 12.0 1 131
313.0146736353631 256.2726435321458 0 0 12.0 1 132
504.1309979160722 720.5085572539413 0 0 11.0 1 133
199.29583853321304 501.69975206417126 0 0 10.0 1 134
343.98470231282215 545.5963132260458 0 0 10.0 1 135
566.9846942831011 550.8015645647592 0 0 10.0 1 136
450.23714240682546 648.9823879771345 0 0 11.0 1 137
89.10964119446515 391.7425910985463 0 0 11.0 1 138
666.4032918334194 183.94841796386234 0 0 12.0 1 139
207.80219023860585 249.68033421097905 0 0 11.0 1 140
292.83436808546514 485.3494425076018 0 0 12.0 1 141
376.9332200942056 93.86780034635751 0 0 12.0 1 142
575.8888113679916 493.08128724698156 0 0 11.0 1 143
188.9123853129042 604.6411955734039 0 0 12.0 1 144
275.7763951285381 421.08307360749177 0 0 10.0 1 145
567.0910804735471 425.32924843303897 0 0 10.0 1 146
538.9661632311224 589.5083256134701 0 0 12.0 1 147
564.7239413398961 209.29073659244958 0 0 12.0 1 148
522.3173494541717 90.27840562449302 0 0 11.0 1 149
186.47262238557562 630.2217605030137 0 0 12.0 1 150
459.33520756711664 694.0736865871668 0 0 13.0 1 151
668.7320139410638 584.5510896288067 0 0 13.0 1 152
417.5888791019172 166.66198052623713 0 0 10.0 1 153
756.1053295567933 425.2585482806832 0 0 10.0 1 154
277.49035900060863 440.4028199783164 13 5 12.0 1 155
642.0026236442008 610.8926981887313 -8 12 12.0 1 156
525.2088658609838 421.25417393845646 17 -8 11.0 1 157
262.13523558175575 687.6704828999701 -14 4 10.0 1 158
616.4846853878361 259.6490791176287 9 13 10.0 1 159
129.46903795847157 356.53738874750974 12 8 13.0 1 160
476.40767155693686 257.15089175200546 -6 -13 10.0 1 161
205.92357727555026 381.04367803394626 5 -13 11.0 1 162
468.90567517888456 612.0872648891066 -7 17 11.0 1 163
590.0596551654116 458.9773471631677 -17 19 11.0 1 164
301.2728445822077 262.8360514453193 20 14 12.0 1 165
448.7090403979159 229.83411216253066 -17 18 10.0 1 166
414.7299270360101 544.249884746969 6 7 13.0 1 167
305.8673644289384 310.33926767839944 -13 4 12.0 1 168
565.9129057805978 484.0767964151732 -16 -13 10.0 1 169
291.14492590199677 330.7788121806753 8 22 12.0 1 170
290.62745037574206 592.0381352458132 -14 4 13.0 1 171
559.9937748411694 398.58861342177823 16 -9 13.0 1 172
241.39069422728636 730.956323587113 5 -13 10.0 1 173
445.94727506932765 228.03242191126972 10 17 10.0 1 174
549.4818741679089 652.0003359030488 6 -4 13.0 1 175
345.542410397024 215.88489759220226 -17 0 12.0 1 176
527.0817926648544 642.7472306187796 -11 10 10.0 1 177
660.2670722475368 276.69123671167796 0 -6 13.0 1 178
498.50377739691436 524.8118818003284 -4 -14 13.0 1 179
440.6769991795488 207.2452808937042 2 -6 10.0 1 180
517.0004893240301 336.7553520213962 16 13 13.0 1 181
419.39286670211385 142.72987596482557 -13 -10 10.0 1 182
647.4991875305101 364.72745867197256 1 16 12.0 1 183
106.32940377584407 186.63041239823144 20 15 12.0 1 184
454.9495493858488 84.75319665016082 -2 -17 10.0 1 185
247.68493904553628 324.50084631972356 -4 19 13.0 1 186
389.88485217081086 224.29091149176816 -16 -15 12.0 1 187
120.09787905976816 631.135896591507 -1 15 12.0 1 188
424.7759540892936 271.3642658552251 -8 -3 11.0 1 189
642.0486965218283 421.48088713447015 -1 -16 13.0 1 190
328.52441364609405 158.34892808976548 -9 13 10.0 1 191
250.47116207482046 352.14473248695197 -5 -13 12.0 1 192
523.5276864973459 562.3481156916009 13 3 10.0 1 193
92.94910174486387 538.883929526472 21 20 11.0 1 194
70.86437043276533 435.0818663896329 8 6 10.0 1 195
335.78308135410094 558.4840287209597 19 8 13.0 1 196
366.69259683978004 208.88062135219627 -2 -8 12.0 1 197
336.96553074216604 686.1392243041544 -3 21 10.0 1 198
656.5887695528138 457.71657768243875 -14 21 13.0 1 199
596.7762405347098 604.7806415680594 -17 11 12.0 1 200
345.8698106995923 247.3110265726368 -5 10 13.0 1 201
571.0708192301909 212.24810305109742 -10 -11 11.0 1 202
534.8087770201682 317.59494167026793 5 18 13.0 1 203
507.69478402175935 112.50942016388325 -2 12 12.0 1 204
636.2360665836376 228.37097901260654 17 11 11.0 1 205
394.98406742373874 173.05542434243907 -17 -5 13.0 1 206
37.64648514875569 341.7854805486718 -7 17 12.0 1 207
200.65923848400143 547.5373200184339 12 19 11.0 1 208
342.04843938834483 529.6364787499015 -3 -7 10.0 1 209
525.589852491109 517.5210149346128 10 -13 11.0 1 210
155.6468084642598 580.8521987322738 -11 -4 12.0 1 211
713.4027341985683 509.5569541236956 11 6 10.0 1 212
358.9698761908364 697.1809700169322 2 7 13.0 1 213
240.07802575291066 150.91976763919362 17 -17 12.0 1 214
523.4930711414394 299.84780891036183 13 20 10.0 1 215
543.1519546010059 437.57017292895466 6 -16 12.0 1 216
194.83574605617332 503.9597465544862 9 -13 13.0 1 217
71.88263989381119 323.1364976276411 5 -5 10.0 1 218
160.15015592799656 408.4883625414823 -1 13 10.0 1 219
