400 400 -7.071067811865475 -7.071067811865477 5 2 -1 10 187
57.15728752538104 57.15728752538092
800.0 400.0 0 0 24.0 1 0
799.4518139018296 420.9343824971775 0 0 24.0 1 1
797.8087581473094 441.8113853070614 0 0 24.0 1 2
795.0753362380551 462.57378601609236 0 0 24.0 1 3
791.2590402935223 483.16467632710373 0 0 24.0 1 4
786.3703305156273 503.5276180410083 0 0 24.0 1 5
780.4226065180615 523.6067977499789 0 0 24.0 1 6
773.4321705988807 543.3471798181201 0 0 24.0 1 7
765.4181830570403 562.6946572303201 0 0 24.0 1 8
756.4026096753471 581.5961998958187 0 0 24.0 1 9
746.4101615137755 600.0 0 0 24.0 1 10
735.4682271781696 617.8556140060108 0 0 24.0 1 11
723.606797749979 635.1141009169893 0 0 24.0 1 12
710.8583845827884 651.728156419935 0 0 24.0 1 13
697.2579301909577 667.6522425435433 0 0 24.0 1 14
682.842712474619 682.842712474619 0 0 24.0 1 15
667.6522425435433 697.2579301909577 0 0 24.0 1 16
651.728156419935 710.8583845827884 0 0 24.0 1 17
635.1141009169893 723.606797749979 0 0 24.0 1 18
617.8556140060108 735.4682271781696 0 0 24.0 1 19
600.0 746.4101615137754 0 0 24.0 1 20
581.5961998958187 756.4026096753471 0 0 24.0 1 21
562.6946572303201 765.4181830570403 0 0 24.0 1 22
543.3471798181201 773.4321705988807 0 0 24.0 1 23
523.606797749979 780.4226065180615 0 0 24.0 1 24
503.5276180410083 786.3703305156273 0 0 24.0 1 25
483.1646763271038 791.2590402935223 0 0 24.0 1 26
462.57378601609236 795.0753362380551 0 0 24.0 1 27
441.8113853070614 797.8087581473094 0 0 24.0 1 28
420.9343824971776 799.4518139018296 0 0 24.0 1 29
400.0 800.0 0 0 24.0 1 30
379.0656175028225 799.4518139018296 0 0 24.0 1 31
358.1886146929386 797.8087581473094 0 0 24.0 1 32
337.4262139839077 795.0753362380551 0 0 24.0 1 33
316.83532367289627 791.2590402935223 0 0 24.0 1 34
296.47238195899166 786.3703305156273 0 0 24.0 1 35
276.3932022500211 780.4226065180615 0 0 24.0 1 36
256.65282018187986 773.4321705988807 0 0 24.0 1 37
237.3053427696799 765.4181830570403 0 0 24.0 1 38
218.4038001041813 756.4026096753471 0 0 24.0 1 39
200.00000000000009 746.4101615137755 0 0 24.0 1 40
182.14438599398918 735.4682271781696 0 0 24.0 1 41
164.8858990830108 723.606797749979 0 0 24.0 1 42
148.27184358006508 710.8583845827884 0 0 24.0 1 43
132.3477574564567 697.2579301909577 0 0 24.0 1 44
117.15728752538104 682.842712474619 0 0 24.0 1 45
102.74206980904233 667.6522425435434 0 0 24.0 1 46
89.14161541721165 651.728156419935 0 0 24.0 1 47
76.39320225002109 635.1141009169893 0 0 24.0 1 48
64.53177282183043 617.8556140060109 0 0 24.0 1 49
53.589838486224494 600.0 0 0 24.0 1 50
43.597390324652906 581.5961998958187 0 0 24.0 1 51
34.58181694295968 562.6946572303202 0 0 24.0 1 52
26.567829401119297 543.3471798181201 0 0 24.0 1 53
19.5773934819386 523.606797749979 0 0 24.0 1 54
13.629669484372698 503.5276180410084 0 0 24.0 1 55
8.740959706477724 483.16467632710373 0 0 24.0 1 56
4.924663761944942 462.5737860160924 0 0 24.0 1 57
2.1912418526906663 441.81138530706147 0 0 24.0 1 58
0.5481860981704472 420.9343824971775 0 0 24.0 1 59
0.0 400.00000000000006 0 0 24.0 1 60
0.5481860981704472 379.0656175028226 0 0 24.0 1 61
2.1912418526906663 358.1886146929386 0 0 24.0 1 62
4.924663761944885 337.4262139839077 0 0 24.0 1 63
8.740959706477781 316.8353236728962 0 0 24.0 1 64
13.629669484372698 296.47238195899166 0 0 24.0 1 65
19.577393481938543 276.3932022500211 0 0 24.0 1 66
26.567829401119297 256.65282018187986 0 0 24.0 1 67
34.58181694295968 237.30534276967992 0 0 24.0 1 68
43.59739032465285 218.40380010418136 0 0 24.0 1 69
218.40380010418124 43.597390324652906 0 0 24.0 1 70
237.30534276967995 34.58181694295962 0 0 24.0 1 71
256.65282018187975 26.567829401119354 0 0 24.0 1 72
276.393202250021 19.5773934819386 0 0 24.0 1 73
296.4723819589917 13.629669484372698 0 0 24.0 1 74
316.8353236728961 8.740959706477781 0 0 24.0 1 75
337.4262139839076 4.924663761944942 0 0 24.0 1 76
358.18861469293864 2.1912418526906663 0 0 24.0 1 77
379.0656175028223 0.5481860981704472 0 0 24.0 1 78
399.99999999999994 0.0 0 0 24.0 1 79
420.9343824971776 0.5481860981704472 0 0 24.0 1 80
441.8113853070612 2.1912418526906663 0 0 24.0 1 81
462.5737860160923 4.924663761944885 0 0 24.0 1 82
483.1646763271038 8.740959706477781 0 0 24.0 1 83
503.5276180410081 13.629669484372641 0 0 24.0 1 84
523.6067977499789 19.577393481938543 0 0 24.0 1 85
543.3471798181201 26.567829401119297 0 0 24.0 1 86
562.6946572303199 34.58181694295956 0 0 24.0 1 87
581.5961998958187 43.59739032465279 0 0 24.0 1 88
600.0 53.58983848622455 0 0 24.0 1 89
617.8556140060107 64.53177282183032 0 0 24.0 1 90
635.1141009169892 76.39320225002098 0 0 24.0 1 91
651.728156419935 89.14161541721171 0 0 24.0 1 92
667.6522425435431 102.74206980904216 0 0 24.0 1 93
682.842712474619 117.15728752538092 0 0 24.0 1 94
697.2579301909577 132.34775745645675 0 0 24.0 1 95
710.8583845827882 148.27184358006485 0 0 24.0 1 96
723.6067977499789 164.88589908301066 0 0 24.0 1 97
735.4682271781696 182.1443859939892 0 0 24.0 1 98
746.4101615137754 199.99999999999983 0 0 24.0 1 99
756.4026096753471 218.40380010418122 0 0 24.0 1 100
765.4181830570403 237.30534276967995 0 0 24.0 1 101
773.4321705988806 256.6528201818797 0 0 24.0 1 102
780.4226065180615 276.3932022500209 0 0 24.0 1 103
786.3703305156273 296.4723819589917 0 0 24.0 1 104
791.2590402935223 316.83532367289604 0 0 24.0 1 105
795.0753362380551 337.4262139839076 0 0 24.0 1 106
797.8087581473094 358.18861469293864 0 0 24.0 1 107
799.4518139018296 379.06561750282225 0 0 24.0 1 108
800.0 399.9999999999999 0 0 24.0 1 109
414.3222814039696 615.5246441950096 0 0 13.0 1 110
329.16296215008373 200.18480020616667 0 0 13.0 1 111
321.01944460213895 55.949027222643394 0 0 12.0 1 112
174.0290481673725 128.80610455274564 0 0 11.0 1 113
270.1745097378358 583.7670864931713 0 0 12.0 1 114
194.77696429805798 535.6447773313791 0 0 10.0 1 115
691.8169988389764 410.3363043982289 0 0 11.0 1 116
536.990282614435 70.32946375325372 0 0 12.0 1 117
138.32351105662542 365.0512498897607 0 0 13.0 1 118
691.7704918750835 615.9605984224247 0 0 13.0 1 119
505.27821482230706 630.0554226351297 0 0 12.0 1 120
527.686498468699 264.7514949849614 0 0 11.0 1 121
260.4712127808804 525.9988791107352 0 0 10.0 1 122
204.90892966976128 220.65543142486348 0 0 13.0 1 123
708.6626433874087 604.0278720594255 0 0 10.0 1 124
555.7320035514811 533.3137017333232 0 0 12.0 1 125
360.34015396901646 172.43001820802755 0 0 10.0 1 126
417.63910114881054 527.7883488846383 0 0 10.0 1 127
442.2180173021203 273.878475211097 0 0 10.0 1 128
329.23379524996983 617.7915155952518 0 0 10.0 1 129
188.22670941101535 459.5992734277312 0 0 10.0 1 130
275.5720958724044 671.8799306208789 0 0 13.0 1 131
321.91957145821164 166.720239457576 0 0 10.0 1 132
403.311651380147 649.9780649679815 0 0 12.0 1 133
496.3094980081854 500.22714499281784 0 0 10.0 1 134
523.0903201662426 204.5267970248303 0 0 13.0 1 135
525.4545287697345 362.28844724538834 0 0 10.0 1 136
123.28846564099968 502.2532481278114 0 0 12.0 1 137
481.97950526142506 550.0678537098868 0 0 10.0 1 138
289.30494147846014 641.8731155356313 0 0 11.0 1 139
267.6314109723608 561.7391623535623 0 0 10.0 1 140
405.53913742726445 578.914275440955 0 0 11.0 1 141
501.27570792358273 474.9615300309243 0 0 11.0 1 142
423.07600805251536 93.86849581861026 0 0 13.0 1 143
487.34088380088536 685.9590355573333 0 0 10.0 1 144
281.36490026313305 99.57577808967596 0 0 13.0 1 145
547.341757290751 254.60602984142213 0 0 13.0 1 146
327.2153386654086 127.55478885763318 0 0 12.0 1 147
482.06176444201293 139.6255257966642 0 0 12.0 1 148
467.54305439131235 706.6495325342796 0 0 13.0 1 149
389.49523937817435 136.20907899573547 0 0 11.0 1 150
209.67952983900628 335.3538969643313 0 0 10.0 1 151
411.4047796364943 571.6214759330633 0 0 12.0 1 152
489.98788819275984 85.62573263925151 0 0 11.0 1 153
411.76930713043055 641.7136392710796 0 0 13.0 1 154
507.1812885015413 207.8745946129212 14 13 12.0 1 155
688.818878987891 410.2301094900279 -6 14 12.0 1 156
492.7456600636723 585.0601052073454 2 3 11.0 1 157
491.6364193798388 57.030953811801965 -11 21 10.0 1 158
494.1758455737911 81.63714081183804 21 -11 10.0 1 159
542.523199476188 650.2621377896999 16 -9 11.0 1 160
601.2433187169969 311.1117180289257 21 21 12.0 1 161
226.3443224910583 365.75520960919107 14 -4 12.0 1 162
520.5390830480048 749.8147073208132 11 11 11.0 1 163
361.6956263878505 55.12063708858881 9 -12 11.0 1 164
498.15189401661706 199.76212720628803 17 2 11.0 1 165
568.4690026767287 552.1420229164461 -6 18 12.0 1 166
571.5689542962702 412.16938460581935 -17 3 10.0 1 167
309.553370573885 572.75533920969 8 14 12.0 1 168
123.0323258006311 583.0653092439752 -5 10 12.0 1 169
251.87242034731548 164.75072763930257 4 -11 13.0 1 170
587.3355788386133 280.8808122039035 10 10 12.0 1 171
226.44455340590952 474.82985338436663 -1 17 13.0 1 172
250.84636890367648 220.99666391158564 21 -15 12.0 1 173
385.4235983657195 206.5483819778285 22 -1 12.0 1 174
234.3651410668639 103.07392585661984 -11 -14 10.0 1 175
340.85428267094954 518.0075595952736 -3 -7 13.0 1 176
172.31553835203803 598.4030895023506 19 1 10.0 1 177
56.02519689768292 464.6632417276013 -2 14 11.0 1 178
296.71396895813945 206.8860549012065 11 -13 13.0 1 179
227.06099011782146 395.40665035385376 12 -6 13.0 1 180
533.3946768731788 461.76455441351624 14 6 10.0 1 181
173.92096473485248 549.4298156780641 -17 22 12.0 1 182
547.4980685488654 238.1194274338202 4 8 11.0 1 183
612.0084054668516 285.3987957680939 -4 -16 13.0 1 184
738.8298147812322 320.6378136937003 3 21 13.0 1 185
288.82249938086693 551.6033091857914 7 -11 12.0 1 186
470.7114243391484 92.01315861237043 -13 -5 10.0 1 187
746.0969939011856 312.4450411880474 -17 -12 12.0 1 188
102.06040436371063 534.7627446740544 7 11 12.0 1 189
388.7890577592796 568.6277402270315 0 -6 13.0 1 190
342.99970180828336 72.92972313881012 8 0 13.0 1 191
462.5232490986765 201.61944822602985 -9 1 10.0 1 192
255.65929655682396 523.5546896298522 2 -17 10.0 1 193
250.71044405811557 385.41821387226634 15 16 10.0 1 194
103.01716901072308 557.1534221631671 -15 19 10.0 1 195
621.6159501779348 269.864030234792 -2 19 11.0 1 196
319.2787185058725 74.8706800149426 -14 1 11.0 1 197
338.23954357567567 560.5292684287172 11 11 12.0 1 198
595.7210957297331 268.131684296975 12 12 12.0 1 199
358.0380571556873 749.4899073689119 -6 3 11.0 1 200
604.8368082611108 93.07511997004724 -8 -10 12.0 1 201
649.1308100827173 212.17604128458737 14 7 10.0 1 202
279.39922793409664 354.21295186291184 22 -4 10.0 1 203
721.989309947195 257.77874884628113 0 8 11.0 1 204
483.86531970447476 133.90300988010733 11 -11 12.0 1 205
494.11577297224426 71.20489468692364 8 1 10.0 1 206
261.8392502663487 701.8867457061262 7 -17 13.0 1 207
573.9776599728455 258.90508928252234 -9 -13 12.0 1 208
181.6719470134543 604.2886714409394 12 14 12.0 1 209
288.1337724038824 744.2817844780836 15 6 13.0 1 210
222.24562501817383 143.58747656399402 3 22 10.0 1 211
410.52126662161965 739.8371712286294 -15 15 10.0 1 212
704.9068769461975 506.5870366926316 -16 10 10.0 1 213
530.8795610313979 639.5820120631527 6 -14 12.0 1 214
507.7524863897329 265.93508409419553 0 -14 10.0 1 215
163.5739132406467 372.6740873956835 2 8 12.0 1 216
415.74578407297633 554.198152660553 19 13 11.0 1 217
106.61541147846981 617.1416201884208 1 -7 12.0 1 218
290.481807362412 253.38906766070903 -12 5 10.0 1 219
