400 400 7.0710678118654755 7.0710678118654755 5 2 -1 10 187
742.842712474619 742.842712474619
800.0 400.0 0 0 24.0 1 0
799.4518139018296 420.9343824971775 0 0 24.0 1 1
797.8087581473094 441.8113853070614 0 0 24.0 1 2
795.0753362380551 462.57378601609236 0 0 24.0 1 3
791.2590402935223 483.16467632710373 0 0 24.0 1 4
786.3703305156273 503.5276180410083 0 0 24.0 1 5
780.4226065180615 523.6067977499789 0 0 24.0 1 6
773.4321705988807 543.3471798181201 0 0 24.0 1 7
765.4181830570403 562.6946572303201 0 0 24.0 1 8
756.4026096753471 581.5961998958187 0 0 24.0 1 9
581.5961998958187 756.4026096753471 0 0 24.0 1 10
562.6946572303201 765.4181830570403 0 0 24.0 1 11
543.3471798181201 773.4321705988807 0 0 24.0 1 12
523.606797749979 780.4226065180615 0 0 24.0 1 13
503.5276180410083 786.3703305156273 0 0 24.0 1 14
483.1646763271038 791.2590402935223 0 0 24.0 1 15
462.57378601609236 795.0753362380551 0 0 24.0 1 16
441.8113853070614 797.8087581473094 0 0 24.0 1 17
420.9343824971776 799.4518139018296 0 0 24.0 1 18
400.0 800.0 0 0 24.0 1 19
379.0656175028225 799.4518139018296 0 0 24.0 1 20
358.1886146929386 797.8087581473094 0 0 24.0 1 21
337.4262139839077 795.0753362380551 0 0 24.0 1 22
316.83532367289627 791.2590402935223 0 0 24.0 1 23
296.47238195899166 786.3703305156273 0 0 24.0 1 24
276.3932022500211 780.4226065180615 0 0 24.0 1 25
256.65282018187986 773.4321705988807 0 0 24.0 1 26
237.3053427696799 765.4181830570403 0 0 24.0 1 27
218.4038001041813 756.4026096753471 0 0 24.0 1 28
200.00000000000009 746.4101615137755 0 0 24.0 1 29
182.14438599398918 735.4682271781696 0 0 24.0 1 30
164.8858990830108 723.606797749979 0 0 24.0 1 31
148.27184358006508 710.8583845827884 0 0 24.0 1 32
132.3477574564567 697.2579301909577 0 0 24.0 1 33
117.15728752538104 682.842712474619 0 0 24.0 1 34
102.74206980904233 667.6522425435434 0 0 24.0 1 35
89.14161541721165 651.728156419935 0 0 24.0 1 36
76.39320225002109 635.1141009169893 0 0 24.0 1 37
64.53177282183043 617.8556140060109 0 0 24.0 1 38
53.589838486224494 600.0 0 0 24.0 1 39
43.597390324652906 581.5961998958187 0 0 24.0 1 40
34.58181694295968 562.6946572303202 0 0 24.0 1 41
26.567829401119297 543.3471798181201 0 0 24.0 1 42
19.5773934819386 523.606797749979 0 0 24.0 1 43
13.629669484372698 503.5276180410084 0 0 24.0 1 44
8.740959706477724 483.16467632710373 0 0 24.0 1 45
4.924663761944942 462.5737860160924 0 0 24.0 1 46
2.1912418526906663 441.81138530706147 0 0 24.0 1 47
0.5481860981704472 420.9343824971775 0 0 24.0 1 48
0.0 400.00000000000006 0 0 24.0 1 49
0.5481860981704472 379.0656175028226 0 0 24.0 1 50
2.1912418526906663 358.1886146929386 0 0 24.0 1 51
4.924663761944885 337.4262139839077 0 0 24.0 1 52
8.740959706477781 316.8353236728962 0 0 24.0 1 53
13.629669484372698 296.47238195899166 0 0 24.0 1 54
19.577393481938543 276.3932022500211 0 0 24.0 1 55
26.567829401119297 256.65282018187986 0 0 24.0 1 56
34.58181694295968 237.30534276967992 0 0 24.0 1 57
43.59739032465285 218.40380010418136 0 0 24.0 1 58
53.58983848622455 199.99999999999994 0 0 24.0 1 59
64.53177282183037 182.14438599398918 0 0 24.0 1 60
76.39320225002103 164.8858990830108 0 0 24.0 1 61
89.14161541721171 148.27184358006497 0 0 24.0 1 62
102.74206980904228 132.3477574564567 0 0 24.0 1 63
117.15728752538092 117.15728752538104 0 0 24.0 1 64
132.34775745645675 102.74206980904228 0 0 24.0 1 65
148.27184358006485 89.14161541721177 0 0 24.0 1 66
164.8858990830107 76.39320225002109 0 0 24.0 1 67
182.1443859939892 64.53177282183032 0 0 24.0 1 68
199.99999999999983 53.58983848622461 0 0 24.0 1 69
218.40380010418124 43.597390324652906 0 0 24.0 1 70
237.30534276967995 34.58181694295962 0 0 24.0 1 71
256.65282018187975 26.567829401119354 0 0 24.0 1 72
276.393202250021 19.5773934819386 0 0 24.0 1 73
296.4723819589917 13.629669484372698 0 0 24.0 1 74
316.8353236728961 8.740959706477781 0 0 24.0 1 75
337.4262139839076 4.924663761944942 0 0 24.0 1 76
358.18861469293864 2.1912418526906663 0 0 24.0 1 77
379.0656175028223 0.5481860981704472 0 0 24.0 1 78
399.99999999999994 0.0 0 0 24.0 1 79
420.9343824971776 0.5481860981704472 0 0 24.0 1 80
441.8113853070612 2.1912418526906663 0 0 24.0 1 81
462.5737860160923 4.924663761944885 0 0 24.0 1 82
483.1646763271038 8.740959706477781 0 0 24.0 1 83
503.5276180410081 13.629669484372641 0 0 24.0 1 84
523.6067977499789 19.577393481938543 0 0 24.0 1 85
543.3471798181201 26.567829401119297 0 0 24.0 1 86
562.6946572303199 34.58181694295956 0 0 24.0 1 87
581.5961998958187 43.59739032465279 0 0 24.0 1 88
600.0 53.58983848622455 0 0 24.0 1 89
617.8556140060107 64.53177282183032 0 0 24.0 1 90
635.1141009169892 76.39320225002098 0 0 24.0 1 91
651.728156419935 89.14161541721171 0 0 24.0 1 92
667.6522425435431 102.74206980904216 0 0 24.0 1 93
682.842712474619 117.15728752538092 0 0 24.0 1 94
697.2579301909577 132.34775745645675 0 0 24.0 1 95
710.8583845827882 148.27184358006485 0 0 24.0 1 96
723.6067977499789 164.88589908301066 0 0 24.0 1 97
735.4682271781696 182.1443859939892 0 0 24.0 1 98
746.4101615137754 199.99999999999983 0 0 24.0 1 99
756.4026096753471 218.40380010418122 0 0 24.0 1 100
765.4181830570403 237.30534276967995 0 0 24.0 1 101
773.4321705988806 256.6528201818797 0 0 24.0 1 102
780.4226065180615 276.3932022500209 0 0 24.0 1 103
786.3703305156273 296.4723819589917 0 0 24.0 1 104
791.2590402935223 316.83532367289604 0 0 24.0 1 105
795.0753362380551 337.4262139839076 0 0 24.0 1 106
797.8087581473094 358.18861469293864 0 0 24.0 1 107
799.4518139018296 379.06561750282225 0 0 24.0 1 108
800.0 399.9999999999999 0 0 24.0 1 109
261.27272280010595 725.6850358255715 0 0 13.0 1 110
619.7773897637962 431.3352668508249 0 0 10.0 1 111
151.71216820177784 605.0296382988024 0 0 10.0 1 112
264.14075727614613 329.6347659244925 0 0 12.0 1 113
476.47643310780774 598.7972715585076 0 0 10.0 1 114
667.923655141874 144.81983812330117 0 0 12.0 1 115
568.9841570634901 501.2588497936932 0 0 13.0 1 116
466.7447114759598 280.35827028168274 0 0 11.0 1 117
761.3488137945448 348.5020896610799 0 0 11.0 1 118
44.23177507703201 466.8802671582619 0 0 12.0 1 119
607.0038135472263 558.9667297798667 0 0 13.0 1 120
137.27026236399826 637.2532085382992 0 0 13.0 1 121
115.0305346931284 603.2053243463756 0 0 13.0 1 122
128.71708897832792 455.9873395296432 0 0 13.0 1 123
404.38109773986724 202.04847567499326 0 0 12.0 1 124
398.883529302314 146.0024537654326 0 0 13.0 1 125
448.0051693587141 726.4896686188418 0 0 10.0 1 126
603.0343937882948 380.17489119778537 0 0 11.0 1 127
134.9706214381663 156.36209552056926 0 0 11.0 1 128
590.4236282309228 486.13850365180076 0 0 11.0 1 129
573.7813075167671 562.6162881071969 0 0 12.0 1 130
243.59500551269767 251.02524475795596 0 0 10.0 1 131
546.9095422528211 728.660290261946 0 0 13.0 1 132
387.7583722294473 187.3520690212876 0 0 10.0 1 133
504.07691331881347 228.04362147908503 0 0 11.0 1 134
250.7043961168804 362.2266938013808 0 0 13.0 1 135
602.7256558593995 177.50661030858393 0 0 11.0 1 136
527.6902325209134 59.13169035717755 0 0 13.0 1 137
222.83299614017383 346.7378864169629 0 0 13.0 1 138
203.03076316411816 403.48134173707206 0 0 10.0 1 139
471.40304286699785 286.6086181875639 0 0 11.0 1 140
306.4641996426029 564.23170842289 0 0 12.0 1 141
429.675922876296 601.829976964375 0 0 11.0 1 142
420.60696736233797 240.32422570681695 0 0 10.0 1 143
293.08014537713973 466.66441845112297 0 0 10.0 1 144
204.0005184824241 567.7742627605362 0 0 12.0 1 145
515.0013320199556 515.514906542991 0 0 10.0 1 146
282.7018264646598 242.97408339616922 0 0 13.0 1 147
541.2301822882448 572.5776219874092 0 0 12.0 1 148
343.5548701550275 38.37872391577372 0 0 10.0 1 149
585.2720052146747 322.05589128270447 0 0 13.0 1 150
412.1576146753599 269.5653711416885 0 0 11.0 1 151
633.1979597620252 429.0467134600265 0 0 10.0 1 152
131.90567955229227 493.7093130040008 0 0 11.0 1 153
561.087011019329 417.1748327752724 0 0 12.0 1 154
690.2707308152013 420.5889006993805 11 3 11.0 1 155
193.03232474605306 403.65805959174577 -17 11 13.0 1 156
341.323318913546 755.1859331345747 6 -14 13.0 1 157
449.34925281173685 166.15036616038228 7 6 10.0 1 158
339.30289605968164 112.33376706109874 -7 9 10.0 1 159
346.24645919297416 575.9731708264285 -12 -11 12.0 1 160
685.3043892932264 588.5879249846582 -12 14 12.0 1 161
536.0252418982805 245.29662716503472 -11 -4 12.0 1 162
197.91776731936466 625.7692876252427 -15 -6 13.0 1 163
683.5349301341173 219.71149955185385 -12 22 12.0 1 164
273.28176828607025 541.5715004910762 17 22 10.0 1 165
502.58877246764354 110.64806245061698 -9 -13 13.0 1 166
154.57053090778626 149.07097477351473 7 -3 13.0 1 167
265.8976218545182 178.42032544539154 21 -8 12.0 1 168
171.56161629360108 599.0600533748749 3 -14 11.0 1 169
623.8829345413944 491.87182169269136 20 -7 11.0 1 170
401.3675406783077 91.00302617583264 -15 20 12.0 1 171
235.43431406786402 577.4320574577367 -3 2 11.0 1 172
256.2214993615838 258.113627313371 17 -11 11.0 1 173
648.7565144853908 388.9910717560887 -6 13 13.0 1 174
175.49512181167756 518.8005036590607 6 -8 11.0 1 175
564.185965705688 713.6223344490802 15 19 10.0 1 176
329.78488951215087 262.93856027613333 -15 -10 13.0 1 177
577.419667371188 633.1764602825444 7 8 11.0 1 178
282.20457740042923 116.49825676975365 22 -1 13.0 1 179
506.5094181332953 638.2787104399108 -2 3 13.0 1 180
604.285431606017 198.41512349994278 17 21 13.0 1 181
262.3345677447171 307.2410178906317 -13 12 11.0 1 182
571.6814348563273 79.03039875141968 -7 11 13.0 1 183
429.1339245494214 745.7748030732555 -11 -1 12.0 1 184
241.23129790045726 513.2143949929807 -13 18 13.0 1 185
128.17622491899795 253.0549922565833 4 6 11.0 1 186
84.10295970809096 363.4889066883502 7 -17 10.0 1 187
342.16982818331167 167.07153195100366 11 17 10.0 1 188
214.26988132351906 359.94599874643853 17 -13 11.0 1 189
215.46702792414837 291.63219012615895 12 -13 13.0 1 190
459.36905417835095 669.5390795524241 -3 6 12.0 1 191
292.6341161708373 634.5987361210259 -1 19 10.0 1 192
193.91613894945107 630.2399665881188 10 18 13.0 1 193
365.8986450839851 585.8980838870912 21 -7 11.0 1 194
294.2996183209952 636.4496337762288 19 2 13.0 1 195
454.8988259541344 613.0401814420408 -17 17 10.0 1 196
393.59198040918164 110.07080642866663 7 -2 12.0 1 197
624.7852271866163 513.9104983689443 14 -7 12.0 1 198
518.7942465254139 222.00020507747996 -6 12 10.0 1 199
400.8541597116938 207.00189013571423 5 20 13.0 1 200
285.94923855440294 712.8600706604784 -15 20 10.0 1 201
400.7036859801001 241.00155715843815 4 -13 13.0 1 202
674.4114313251882 245.32819792198217 20 -2 10.0 1 203
209.43090266933078 288.08744868168753 -9 -14 10.0 1 204
299.53010582157606 504.5504680227511 18 10 10.0 1 205
477.52621260198316 193.04424057400067 21 -2 13.0 1 206
269.0000000595187 399.9960510897099 -8 21 12.0 1 207
149.71594861396167 189.55548564576236 15 20 11.0 1 208
321.02812197919167 124.0789198305672 -9 2 12.0 1 209
635.7229876798208 491.88946119821924 4 6 12.0 1 210
725.9861520649824 540.563255020173 17 15 12.0 1 211
558.0435931094465 196.07299669475918 18 1 13.0 1 212
162.25983739760576 139.06204744080026 -16 -11 13.0 1 213
242.74408487363135 687.8447101438002 -4 -7 10.0 1 214
223.06762378714183 361.84329354265986 18 6 10.0 1 215
713.135375434406 320.78360869394766 2 -14 12.0 1 216
689.0809880748981 376.9309225663306 9 -14 11.0 1 217
578.1029454723816 343.00578262611333 6 -3 10.0 1 218
159.66607909719866 197.92178132345379 7 18 13.0 1 219
