400 400 -7.071067811865475 7.0710678118654755 5 2 -1 10 187
57.15728752538104 742.842712474619
800.0 400.0 0 0 24.0 1 0
799.4518139018296 420.9343824971775 0 0 24.0 1 1
797.8087581473094 441.8113853070614 0 0 24.0 1 2
795.0753362380551 462.57378601609236 0 0 24.0 1 3
791.2590402935223 483.16467632710373 0 0 24.0 1 4
786.3703305156273 503.5276180410083 0 0 24.0 1 5
780.4226065180615 523.6067977499789 0 0 24.0 1 6
773.4321705988807 543.3471798181201 0 0 24.0 1 7
765.4181830570403 562.6946572303201 0 0 24.0 1 8
756.4026096753471 581.5961998958187 0 0 24.0 1 9
746.4101615137755 600.0 0 0 24.0 1 10
735.4682271781696 617.8556140060108 0 0 24.0 1 11
723.606797749979 635.1141009169893 0 0 24.0 1 12
710.8583845827884 651.728156419935 0 0 24.0 1 13
697.2579301909577 667.6522425435433 0 0 24.0 1 14
682.842712474619 682.842712474619 0 0 24.0 1 15
667.6522425435433 697.2579301909577 0 0 24.0 1 16
651.728156419935 710.8583845827884 0 0 24.0 1 17
635.1141009169893 723.606797749979 0 0 24.0 1 18
617.8556140060108 735.4682271781696 0 0 24.0 1 19
600.0 746.4101615137754 0 0 24.0 1 20
581.5961998958187 756.4026096753471 0 0 24.0 1 21
562.6946572303201 765.4181830570403 0 0 24.0 1 22
543.3471798181201 773.4321705988807 0 0 24.0 1 23
523.606797749979 780.4226065180615 0 0 24.0 1 24
503.5276180410083 786.3703305156273 0 0 24.0 1 25
483.1646763271038 791.2590402935223 0 0 24.0 1 26
462.57378601609236 795.0753362380551 0 0 24.0 1 27
441.8113853070614 797.8087581473094 0 0 24.0 1 28
420.9343824971776 799.4518139018296 0 0 24.0 1 29
400.0 800.0 0 0 24.0 1 30
379.0656175028225 799.4518139018296 0 0 24.0 1 31
358.1886146929386 797.8087581473094 0 0 24.0 1 32
337.4262139839077 795.0753362380551 0 0 24.0 1 33
316.83532367289627 791.2590402935223 0 0 24.0 1 34
296.47238195899166 786.3703305156273 0 0 24.0 1 35
276.3932022500211 780.4226065180615 0 0 24.0 1 36
256.65282018187986 773.4321705988807 0 0 24.0 1 37
237.3053427696799 765.4181830570403 0 0 24.0 1 38
218.4038001041813 756.4026096753471 0 0 24.0 1 39
43.597390324652906 581.5961998958187 0 0 24.0 1 40
34.58181694295968 562.6946572303202 0 0 24.0 1 41
26.567829401119297 543.3471798181201 0 0 24.0 1 42
19.5773934819386 523.606797749979 0 0 24.0 1 43
13.629669484372698 503.5276180410084 0 0 24.0 1 44
8.740959706477724 483.16467632710373 0 0 24.0 1 45
4.924663761944942 462.5737860160924 0 0 24.0 1 46
2.1912418526906663 441.81138530706147 0 0 24.0 1 47
0.5481860981704472 420.9343824971775 0 0 24.0 1 48
0.0 400.00000000000006 0 0 24.0 1 49
0.5481860981704472 379.0656175028226 0 0 24.0 1 50
2.1912418526906663 358.1886146929386 0 0 24.0 1 51
4.924663761944885 337.4262139839077 0 0 24.0 1 52
8.740959706477781 316.8353236728962 0 0 24.0 1 53
13.629669484372698 296.47238195899166 0 0 24.0 1 54
19.577393481938543 276.3932022500211 0 0 24.0 1 55
26.567829401119297 256.65282018187986 0 0 24.0 1 56
34.58181694295968 237.30534276967992 0 0 24.0 1 57
43.59739032465285 218.40380010418136 0 0 24.0 1 58
53.58983848622455 199.99999999999994 0 0 24.0 1 59
64.53177282183037 182.14438599398918 0 0 24.0 1 60
76.39320225002103 164.8858990830108 0 0 24.0 1 61
89.14161541721171 148.27184358006497 0 0 24.0 1 62
102.74206980904228 132.3477574564567 0 0 24.0 1 63
117.15728752538092 117.15728752538104 0 0 24.0 1 64
132.34775745645675 102.74206980904228 0 0 24.0 1 65
148.27184358006485 89.14161541721177 0 0 24.0 1 66
164.8858990830107 76.39320225002109 0 0 24.0 1 67
182.1443859939892 64.53177282183032 0 0 24.0 1 68
199.99999999999983 53.58983848622461 0 0 24.0 1 69
218.40380010418124 43.597390324652906 0 0 24.0 1 70
237.30534276967995 34.58181694295962 0 0 24.0 1 71
256.65282018187975 26.567829401119354 0 0 24.0 1 72
276.393202250021 19.5773934819386 0 0 24.0 1 73
296.4723819589917 13.629669484372698 0 0 24.0 1 74
316.8353236728961 8.740959706477781 0 0 24.0 1 75
337.4262139839076 4.924663761944942 0 0 24.0 1 76
358.18861469293864 2.1912418526906663 0 0 24.0 1 77
379.0656175028223 0.5481860981704472 0 0 24.0 1 78
399.99999999999994 0.0 0 0 24.0 1 79
420.9343824971776 0.5481860981704472 0 0 24.0 1 80
441.8113853070612 2.1912418526906663 0 0 24.0 1 81
462.5737860160923 4.924663761944885 0 0 24.0 1 82
483.1646763271038 8.740959706477781 0 0 24.0 1 83
503.5276180410081 13.629669484372641 0 0 24.0 1 84
523.6067977499789 19.577393481938543 0 0 24.0 1 85
543.3471798181201 26.567829401119297 0 0 24.0 1 86
562.6946572303199 34.58181694295956 0 0 24.0 1 87
581.5961998958187 43.59739032465279 0 0 24.0 1 88
600.0 53.58983848622455 0 0 24.0 1 89
617.8556140060107 64.53177282183032 0 0 24.0 1 90
635.1141009169892 76.39320225002098 0 0 24.0 1 91
651.728156419935 89.14161541721171 0 0 24.0 1 92
667.6522425435431 102.74206980904216 0 0 24.0 1 93
682.842712474619 117.15728752538092 0 0 24.0 1 94
697.2579301909577 132.34775745645675 0 0 24.0 1 95
710.8583845827882 148.27184358006485 0 0 24.0 1 96
723.6067977499789 164.88589908301066 0 0 24.0 1 97
735.4682271781696 182.1443859939892 0 0 24.0 1 98
746.4101615137754 199.99999999999983 0 0 24.0 1 99
756.4026096753471 218.40380010418122 0 0 24.0 1 100
765.4181830570403 237.30534276967995 0 0 24.0 1 101
773.4321705988806 256.6528201818797 0 0 24.0 1 102
780.4226065180615 276.3932022500209 0 0 24.0 1 103
786.3703305156273 296.4723819589917 0 0 24.0 1 104
791.2590402935223 316.83532367289604 0 0 24.0 1 105
795.0753362380551 337.4262139839076 0 0 24.0 1 106
797.8087581473094 358.18861469293864 0 0 24.0 1 107
799.4518139018296 379.06561750282225 0 0 24.0 1 108
800.0 399.9999999999999 0 0 24.0 1 109
486.09134070080165 734.085739079564 0 0 10.0 1 110
260.2663431919693 294.64581092782544 0 0 10.0 1 111
643.440110187442 573.6027440794819 0 0 13.0 1 112
607.8031751078591 587.664169236145 0 0 10.0 1 113
507.69478402175935 112.50942016388325 0 0 11.0 1 114
68.00000015084123 399.98999207468466 0 0 12.0 1 115
249.46653344639165 359.0649850695804 0 0 11.0 1 116
48.881389465666985 424.8942028681249 0 0 12.0 1 117
207.27180727375705 410.2393226570975 0 0 10.0 1 118
360.07532883624975 90.5649977257479 0 0 12.0 1 119
596.8073628659517 391.2901250439738 0 0 13.0 1 120
111.10188522572486 392.3267164870736 0 0 11.0 1 121
117.88947577929997 328.6231681571546 0 0 10.0 1 122
454.63673826558386 648.0540804576657 0 0 13.0 1 123
64.30464564189901 346.0682926063989 0 0 10.0 1 124
258.41527381354524 59.243833055501966 0 0 11.0 1 125
144.3937009593244 589.1809184107337 0 0 11.0 1 126
274.7563452784358 302.04579155551505 0 0 11.0 1 127
717.1848997963116 357.64743996871266 0 0 10.0 1 128
432.7605952702446 48.523481015389564 0 0 10.0 1 129
523.3115987371388 327.5897133213045 0 0 12.0 1 130
368.59033272476535 542.5813199604319 0 0 10.0 1 131
522.8624597108943 360.68313346935093 0 0 12.0 1 132
303.7961797861288 212.20802739132552 0 0 12.0 1 133
206.32260448758893 281.60208419262995 0 0 12.0 1 134
113.92374998320605 291.38886255853504 0 0 11.0 1 135
552.4594995187942 378.2721145419351 0 0 10.0 1 136
224.4901779945908 695.858585103812 0 0 12.0 1 137
150.244796671338 388.93933047873224 0 0 12.0 1 138
693.068312048345 376.6127283948317 0 0 11.0 1 139
121.4048219852786 339.91899811965783 0 0 12.0 1 140
561.9160876268851 345.00744988998184 0 0 13.0 1 141
190.60576438541688 538.4017850007161 0 0 10.0 1 142
603.8749615721804 251.88180380540018 0 0 13.0 1 143
190.79875380740555 242.26972836051578 0 0 11.0 1 144
303.81958612797337 94.79625168192041 0 0 12.0 1 145
272.7209650011902 413.5664015041481 0 0 12.0 1 146
49.33441753759786 359.4703901288919 0 0 12.0 1 147
233.16513604184385 329.80649482990947 0 0 12.0 1 148
330.48137898376996 527.248423691619 0 0 11.0 1 149
66.57528236528793 441.52056924239525 0 0 10.0 1 150
226.965594763299 567.7500956911236 0 0 11.0 1 151
53.30502438473269 507.57134322452805 0 0 13.0 1 152
161.7606295339206 607.6005837176913 0 0 13.0 1 153
425.60574068133894 235.98675040058492 0 0 12.0 1 154
322.7986621232228 581.242802422705 -16 -4 10.0 1 155
167.67445508833393 500.1690629960041 -9 19 11.0 1 156
570.9581822844658 453.04997558898 -8 21 13.0 1 157
257.1407083936235 672.864843469664 19 11 12.0 1 158
175.3126498514559 310.11343435626475 17 2 10.0 1 159
302.0209552047986 190.80844476647744 -1 11 13.0 1 160
264.0981414264016 659.5759712227648 1 13 11.0 1 161
189.87350308281597 676.1446274931175 14 14 13.0 1 162
543.909752852098 405.09735559364714 8 14 12.0 1 163
323.4289820753258 567.3107265359254 10 20 10.0 1 164
396.18957354698193 686.9747038507857 0 -16 11.0 1 165
617.7868279430329 390.361661216174 13 -16 13.0 1 166
427.5297257017844 669.5980604581282 2 0 11.0 1 167
755.381845963074 316.76092528218567 22 -17 12.0 1 168
526.6687955018215 172.9427027243614 9 -7 13.0 1 169
71.01288811616439 397.0879192434571 7 7 13.0 1 170
270.31293340138114 320.7203383140077 10 -16 13.0 1 171
489.5898590221657 659.9974176033071 18 13 13.0 1 172
274.4276109032996 237.9611926218078 22 -9 12.0 1 173
207.1090412227189 209.64749010853245 -6 -1 12.0 1 174
268.56700870270845 357.9361342878941 -3 -13 11.0 1 175
207.82877546609808 177.5000663794691 -12 -4 11.0 1 176
299.1834363709367 601.1492493101255 1 -9 13.0 1 177
501.317986021431 694.0334431804673 18 1 10.0 1 178
84.2254526255885 560.0076099142962 12 21 11.0 1 179
283.5503858486477 325.94942698397824 21 -8 11.0 1 180
268.9631210069871 210.97794746704687 19 -4 11.0 1 181
698.9883667344353 397.36247133194814 21 -9 10.0 1 182
499.4158056987688 319.3743367328699 15 -1 11.0 1 183
707.6244589116166 542.4366254842313 -13 10 11.0 1 184
384.9422231179116 138.4330614252458 22 -3 10.0 1 185
149.54340409904623 634.3512184088368 22 -1 10.0 1 186
252.27883205655843 275.79268724658147 -6 1 13.0 1 187
255.06941846931588 169.8280500643536 6 20 10.0 1 188
209.57896170552746 659.6609870097066 -14 -8 12.0 1 189
568.8347427631768 392.52807681437343 3 5 11.0 1 190
512.4331495890788 221.45088386250734 12 8 13.0 1 191
724.2250813854896 324.05859758621324 13 8 12.0 1 192
695.2582004168371 420.9426618797822 8 -1 12.0 1 193
549.4025129989739 518.9953323016978 -17 9 10.0 1 194
491.5581062856 155.58618456929491 -5 8 10.0 1 195
715.7432541899077 331.91771571423817 -14 -17 11.0 1 196
194.90283671163112 613.4271623085126 8 -16 12.0 1 197
93.14331817918298 316.5555464879909 20 7 13.0 1 198
220.4444754389249 455.7118802374966 20 12 11.0 1 199
497.3010017474925 652.9298619359416 -1 13 11.0 1 200
643.6568653420655 122.8857059412515 11 -10 13.0 1 201
572.8462509040196 619.0095284420856 6 -1 10.0 1 202
413.09767213172836 555.4491910069967 18 -10 10.0 1 203
412.70307935138464 231.47809704672682 -12 7 13.0 1 204
416.70932830463124 651.4454182275113 17 -14 12.0 1 205
525.3442701223069 564.7355879811832 16 8 10.0 1 206
734.160463309596 423.70199908691563 19 20 13.0 1 207
351.21224640649524 146.65486959623743 12 -11 10.0 1 208
327.2635620092799 169.18966533445231 6 0 12.0 1 209
665.006999115501 322.88132249709645 5 -9 10.0 1 210
71.17866252771654 237.01065058434443 2 -3 10.0 1 211
435.9405878238071 169.78863158636318 0 2 12.0 1 212
760.8381488592131 461.2521863108273 16 14 13.0 1 213
638.7684110118237 474.0921446773463 -15 5 11.0 1 214
686.8541144797289 480.7385719842173 -15 2 13.0 1 215
495.864824599928 649.1965798409461 9 -5 13.0 1 216
670.5983676387283 363.86797222330796 -2 -1 13.0 1 217
279.25211503580965 349.19696587137094 2 8 11.0 1 218
533.7823056664708 199.5422870265078 -12 -9 10.0 1 219
