400 400 -7.071067811865475 -7.071067811865477 5 2 -1 10 187
57.15728752538104 57.15728752538092
800.0 400.0 0 0 24.0 1 0
799.4518139018296 420.9343824971775 0 0 24.0 1 1
797.8087581473094 441.8113853070614 0 0 24.0 1 2
795.0753362380551 462.57378601609236 0 0 24.0 1 3
791.2590402935223 483.16467632710373 0 0 24.0 1 4
786.3703305156273 503.5276180410083 0 0 24.0 1 5
780.4226065180615 523.6067977499789 0 0 24.0 1 6
773.4321705988807 543.3471798181201 0 0 24.0 1 7
765.4181830570403 562.6946572303201 0 0 24.0 1 8
756.4026096753471 581.5961998958187 0 0 24.0 1 9
746.4101615137755 600.0 0 0 24.0 1 10
735.4682271781696 617.8556140060108 0 0 24.0 1 11
723.606797749979 635.1141009169893 0 0 24.0 1 12
710.8583845827884 651.728156419935 0 0 24.0 1 13
697.2579301909577 667.6522425435433 0 0 24.0 1 14
682.842712474619 682.842712474619 0 0 24.0 1 15
667.6522425435433 697.2579301909577 0 0 24.0 1 16
651.728156419935 710.8583845827884 0 0 24.0 1 17
635.1141009169893 723.606797749979 0 0 24.0 1 18
617.8556140060108 735.4682271781696 0 0 24.0 1 19
600.0 746.4101615137754 0 0 24.0 1 20
581.5961998958187 756.4026096753471 0 0 24.0 1 21
562.6946572303201 765.4181830570403 0 0 24.0 1 22
543.3471798181201 773.4321705988807 0 0 24.0 1 23
523.606797749979 780.4226065180615 0 0 24.0 1 24
503.5276180410083 786.3703305156273 0 0 24.0 1 25
483.1646763271038 791.2590402935223 0 0 24.0 1 26
462.57378601609236 795.0753362380551 0 0 24.0 1 27
441.8113853070614 797.8087581473094 0 0 24.0 1 28
420.9343824971776 799.4518139018296 0 0 24.0 1 29
400.0 800.0 0 0 24.0 1 30
379.0656175028225 799.4518139018296 0 0 24.0 1 31
358.1886146929386 797.8087581473094 0 0 24.0 1 32
337.4262139839077 795.0753362380551 0 0 24.0 1 33
316.83532367289627 791.2590402935223 0 0 24.0 1 34
296.47238195899166 786.3703305156273 0 0 24.0 1 35
276.3932022500211 780.4226065180615 0 0 24.0 1 36
256.65282018187986 773.4321705988807 0 0 24.0 1 37
237.3053427696799 765.4181830570403 0 0 24.0 1 38
218.4038001041813 756.4026096753471 0 0 24.0 1 39
200.00000000000009 746.4101615137755 0 0 24.0 1 40
182.14438599398918 735.4682271781696 0 0 24.0 1 41
164.8858990830108 723.606797749979 0 0 24.0 1 42
148.27184358006508 710.8583845827884 0 0 24.0 1 43
132.3477574564567 697.2579301909577 0 0 24.0 1 44
117.15728752538104 682.842712474619 0 0 24.0 1 45
102.74206980904233 667.6522425435434 0 0 24.0 1 46
89.14161541721165 651.728156419935 0 0 24.0 1 47
76.39320225002109 635.1141009169893 0 0 24.0 1 48
64.53177282183043 617.8556140060109 0 0 24.0 1 49
53.589838486224494 600.0 0 0 24.0 1 50
43.597390324652906 581.5961998958187 0 0 24.0 1 51
34.58181694295968 562.6946572303202 0 0 24.0 1 52
26.567829401119297 543.3471798181201 0 0 24.0 1 53
19.5773934819386 523.606797749979 0 0 24.0 1 54
13.629669484372698 503.5276180410084 0 0 24.0 1 55
8.740959706477724 483.16467632710373 0 0 24.0 1 56
4.924663761944942 462.5737860160924 0 0 24.0 1 57
2.1912418526906663 441.81138530706147 0 0 24.0 1 58
0.5481860981704472 420.9343824971775 0 0 24.0 1 59
0.0 400.00000000000006 0 0 24.0 1 60
0.5481860981704472 379.0656175028226 0 0 24.0 1 61
2.1912418526906663 358.1886146929386 0 0 24.0 1 62
4.924663761944885 337.4262139839077 0 0 24.0 1 63
8.740959706477781 316.8353236728962 0 0 24.0 1 64
13.629669484372698 296.47238195899166 0 0 24.0 1 65
19.577393481938543 276.3932022500211 0 0 24.0 1 66
26.567829401119297 256.65282018187986 0 0 24.0 1 67
34.58181694295968 237.30534276967992 0 0 24.0 1 68
43.59739032465285 218.40380010418136 0 0 24.0 1 69
218.40380010418124 43.597390324652906 0 0 24.0 1 70
237.30534276967995 34.58181694295962 0 0 24.0 1 71
256.65282018187975 26.567829401119354 0 0 24.0 1 72
276.393202250021 19.5773934819386 0 0 24.0 1 73
296.4723819589917 13.629669484372698 0 0 24.0 1 74
316.8353236728961 8.740959706477781 0 0 24.0 1 75
337.4262139839076 4.924663761944942 0 0 24.0 1 76
358.18861469293864 2.1912418526906663 0 0 24.0 1 77
379.0656175028223 0.5481860981704472 0 0 24.0 1 78
399.99999999999994 0.0 0 0 24.0 1 79
420.9343824971776 0.5481860981704472 0 0 24.0 1 80
441.8113853070612 2.1912418526906663 0 0 24.0 1 81
462.5737860160923 4.924663761944885 0 0 24.0 1 82
483.1646763271038 8.740959706477781 0 0 24.0 1 83
503.5276180410081 13.629669484372641 0 0 24.0 1 84
523.6067977499789 19.577393481938543 0 0 24.0 1 85
543.3471798181201 26.567829401119297 0 0 24.0 1 86
562.6946572303199 34.58181694295956 0 0 24.0 1 87
581.5961998958187 43.59739032465279 0 0 24.0 1 88
600.0 53.58983848622455 0 0 24.0 1 89
617.8556140060107 64.53177282183032 0 0 24.0 1 90
635.1141009169892 76.39320225002098 0 0 24.0 1 91
651.728156419935 89.14161541721171 0 0 24.0 1 92
667.6522425435431 102.74206980904216 0 0 24.0 1 93
682.842712474619 117.15728752538092 0 0 24.0 1 94
697.2579301909577 132.34775745645675 0 0 24.0 1 95
710.8583845827882 148.27184358006485 0 0 24.0 1 96
723.6067977499789 164.88589908301066 0 0 24.0 1 97
735.4682271781696 182.1443859939892 0 0 24.0 1 98
746.4101615137754 199.99999999999983 0 0 24.0 1 99
756.4026096753471 218.40380010418122 0 0 24.0 1 100
765.4181830570403 237.30534276967995 0 0 24.0 1 101
773.4321705988806 256.6528201818797 0 0 24.0 1 102
780.4226065180615 276.3932022500209 0 0 24.0 1 103
786.3703305156273 296.4723819589917 0 0 24.0 1 104
791.2590402935223 316.83532367289604 0 0 24.0 1 105
795.0753362380551 337.4262139839076 0 0 24.0 1 106
797.8087581473094 358.18861469293864 0 0 24.0 1 107
799.4518139018296 379.06561750282225 0 0 24.0 1 108
800.0 399.9999999999999 0 0 24.0 1 109
460.32412769323525 698.9749146969529 0 0 13.0 1 110
570.5889745959125 163.01181095608345 0 0 11.0 1 111
295.3835836697 553.7901343851593 0 0 13.0 1 112
441.7130474070867 747.505426829588 0 0 10.0 1 113
105.66880143027021 555.7502666081388 0 0 13.0 1 114
485.3933505473805 500.65771546330757 0 0 10.0 1 115
420.35620551397534 706.3243785549444 0 0 13.0 1 116
728.5361338327571 417.46450017105315 0 0 12.0 1 117
428.866372594146 274.2711944968221 0 0 13.0 1 118
401.6109540676505 36.00356481554394 0 0 13.0 1 119
594.0379797345266 685.2617437031181 0 0 10.0 1 120
517.4259722389671 236.86771918552319 0 0 13.0 1 121
178.2701518812383 356.27501339930615 0 0 12.0 1 122
271.5104108113817 635.1901899955441 0 0 11.0 1 123
278.7013758910796 699.3587209173684 0 0 11.0 1 124
177.4246239693888 615.7781313869225 0 0 10.0 1 125
638.0643558383415 421.12729228452 0 0 12.0 1 126
584.9973810660828 592.5226454178587 0 0 11.0 1 127
269.20514352565505 316.8272549457726 0 0 13.0 1 128
546.0976813482816 679.0707213318085 0 0 13.0 1 129
77.8087749926433 422.8432600181942 0 0 10.0 1 130
379.9662452266416 701.334778393867 0 0 12.0 1 131
251.4235750552356 352.4495431080542 0 0 13.0 1 132
679.6069535277873 173.24032206119662 0 0 10.0 1 133
690.1734520399202 312.7740421019287 0 0 13.0 1 134
253.8266892177666 459.97802276634843 0 0 11.0 1 135
508.5010540026356 525.6324849723078 0 0 12.0 1 136
684.4863837327939 349.1227214698199 0 0 10.0 1 137
131.85534550945232 319.3870713337817 0 0 11.0 1 138
230.2404995736287 438.1799949579468 0 0 11.0 1 139
556.0797158840708 308.34781895913363 0 0 10.0 1 140
539.2212319431409 561.2031283078408 0 0 13.0 1 141
719.0286222196582 471.7616764340588 0 0 12.0 1 142
264.89273281709313 637.2235788330634 0 0 11.0 1 143
615.892071154027 616.8562049211978 0 0 12.0 1 144
222.7170169699964 465.5114030378182 0 0 12.0 1 145
159.5283726609773 348.1406089032836 0 0 12.0 1 146
537.3206589237278 594.3888799102284 0 0 13.0 1 147
615.4241343354372 653.9319640097077 0 0 11.0 1 148
321.0650923726657 685.2810550279569 0 0 11.0 1 149
665.006999115501 322.88132249709645 0 0 10.0 1 150
122.17273287138289 442.1071210111074 0 0 12.0 1 151
285.55961994953583 650.0567923770625 0 0 10.0 1 152
231.41186752594464 245.01922187280655 0 0 13.0 1 153
204.00767802665112 398.2651433790808 0 0 12.0 1 154
385.5738705475162 208.54272855537667 19 7 13.0 1 155
180.4614908663148 374.62593829599183 19 -10 13.0 1 156
405.3989285279172 156.05973770049675 -1 -3 12.0 1 157
640.4983782387603 247.07671836987603 0 11 11.0 1 158
528.8745800685072 534.1168990551375 3 15 10.0 1 159
215.63296386126348 521.8597389846943 -16 20 13.0 1 160
372.349918549406 33.040229731138595 18 -16 13.0 1 161
564.38840712055 565.1225351197356 -5 6 10.0 1 162
570.7117535761837 494.2470009652527 5 17 12.0 1 163
598.2117681951754 255.99619814413907 -4 13 12.0 1 164
585.5542964493761 586.3829473669118 -11 -11 13.0 1 165
60.691809356546344 314.15157682132 -3 15 10.0 1 166
687.8086958862361 464.73912705824876 14 18 11.0 1 167
621.4875572039716 522.2794422779946 20 5 11.0 1 168
652.8414407748666 408.95577059161616 -11 11 10.0 1 169
432.7626333861818 537.1408394811795 11 -3 11.0 1 170
227.55139582026652 690.6982609450246 -11 -5 10.0 1 171
363.46182228927523 71.0228555513628 4 8 11.0 1 172
102.50525529827655 225.29488595105065 -15 10 10.0 1 173
529.8167094171988 406.90086632898755 21 -11 13.0 1 174
336.9906342278313 38.44942286729918 8 0 13.0 1 175
477.9554891625671 108.23478324271605 5 8 13.0 1 176
530.3812705446023 448.1842743140872 -17 6 12.0 1 177
595.8771636042444 406.9380673357975 21 -6 11.0 1 178
125.15172914718858 317.37174811712623 -4 11 11.0 1 179
623.487232707067 469.3502474179962 -14 14 11.0 1 180
334.64881936495914 569.8623654303867 6 -11 12.0 1 181
649.7613635406849 526.5672204099382 0 14 12.0 1 182
122.24900649480145 262.3250727006724 3 -9 10.0 1 183
682.1031711213661 377.48776236645364 20 20 13.0 1 184
623.9392454013891 347.5479803148019 -10 -16 10.0 1 185
560.7057691566257 670.9218628309227 -17 3 11.0 1 186
487.6351711889548 654.3247466737804 -17 8 13.0 1 187
260.70143381535195 347.1141847098749 -12 3 13.0 1 188
99.95459291420138 376.04684390905066 -16 -4 11.0 1 189
252.87727235939087 136.25978120205644 14 22 11.0 1 190
499.09622318194806 657.5964645546859 19 11 13.0 1 191
133.37602353416128 414.1652805670727 -16 8 11.0 1 192
648.0762254840338 265.90232533859955 12 -14 13.0 1 193
290.1878716949132 272.85718078826807 2 -7 11.0 1 194
274.0913138677032 651.2130624717568 6 14 10.0 1 195
363.04487988142915 707.7894070578486 -6 -8 10.0 1 196
370.3166938402447 647.2243947013042 -16 14 11.0 1 197
219.16489643004294 538.8620369893906 -5 21 12.0 1 198
234.49510877732092 549.4561172430529 -16 18 10.0 1 199
537.7478021342506 632.2187395693624 14 -3 10.0 1 200
523.0477438290632 377.9942566910986 21 -9 12.0 1 201
708.9444080936264 364.30192291342877 -2 3 12.0 1 202
653.4063719936074 245.09935238018718 18 18 12.0 1 203
527.6231930985772 325.0578851157557 -5 13 12.0 1 204
542.646290285455 517.800831354442 -17 -12 13.0 1 205
163.80027081996644 277.6656714765687 -14 5 12.0 1 206
713.7668288245923 427.84559443357244 22 3 12.0 1 207
214.53401401427064 308.06867757754577 21 -10 13.0 1 208
685.5967607178375 415.18190592377266 -9 22 11.0 1 209
411.32583406915523 765.824719616701 -2 9 13.0 1 210
363.07288857175274 667.462873015239 11 12 11.0 1 211
349.8387246282869 517.7618208634834 17 14 13.0 1 212
726.1805119469788 423.1359811982729 10 20 10.0 1 213
597.5037962247761 414.00894274390834 9 19 12.0 1 214
70.9188235100932 275.0616981065501 -7 21 10.0 1 215
407.41782577003704 271.21344844726457 -15 -6 12.0 1 216
500.610519456482 324.1480166726218 7 -8 11.0 1 217
220.89253190666423 673.5863938012903 -16 -4 11.0 1 218
504.84093177220586 672.5295929346677 8 16 12.0 1 219
