400 400 -7.071067811865475 -7.071067811865477 5 2 -1 10 187
57.15728752538104 57.15728752538092
800.0 400.0 0 0 24.0 1 0
799.4518139018296 420.9343824971775 0 0 24.0 1 1
797.8087581473094 441.8113853070614 0 0 24.0 1 2
795.0753362380551 462.57378601609236 0 0 24.0 1 3
791.2590402935223 483.16467632710373 0 0 24.0 1 4
786.3703305156273 503.5276180410083 0 0 24.0 1 5
780.4226065180615 523.6067977499789 0 0 24.0 1 6
773.4321705988807 543.3471798181201 0 0 24.0 1 7
765.4181830570403 562.6946572303201 0 0 24.0 1 8
756.4026096753471 581.5961998958187 0 0 24.0 1 9
746.4101615137755 600.0 0 0 24.0 1 10
735.4682271781696 617.8556140060108 0 0 24.0 1 11
723.606797749979 635.1141009169893 0 0 24.0 1 12
710.8583845827884 651.728156419935 0 0 24.0 1 13
697.2579301909577 667.6522425435433 0 0 24.0 1 14
682.842712474619 682.842712474619 0 0 24.0 1 15
667.6522425435433 697.2579301909577 0 0 24.0 1 16
651.728156419935 710.8583845827884 0 0 24.0 1 17
635.1141009169893 723.606797749979 0 0 24.0 1 18
617.8556140060108 735.4682271781696 0 0 24.0 1 19
600.0 746.4101615137754 0 0 24.0 1 20
581.5961998958187 756.4026096753471 0 0 24.0 1 21
562.6946572303201 765.4181830570403 0 0 24.0 1 22
543.3471798181201 773.4321705988807 0 0 24.0 1 23
523.606797749979 780.4226065180615 0 0 24.0 1 24
503.5276180410083 786.3703305156273 0 0 24.0 1 25
483.1646763271038 791.2590402935223 0 0 24.0 1 26
462.57378601609236 795.0753362380551 0 0 24.0 1 27
441.8113853070614 797.8087581473094 0 0 24.0 1 28
420.9343824971776 799.4518139018296 0 0 24.0 1 29
400.0 800.0 0 0 24.0 1 30
379.0656175028225 799.4518139018296 0 0 24.0 1 31
358.1886146929386 797.8087581473094 0 0 24.0 1 32
337.4262139839077 795.0753362380551 0 0 24.0 1 33
316.83532367289627 791.2590402935223 0 0 24.0 1 34
296.47238195899166 786.3703305156273 0 0 24.0 1 35
276.3932022500211 780.4226065180615 0 0 24.0 1 36
256.65282018187986 773.4321705988807 0 0 24.0 1 37
237.3053427696799 765.4181830570403 0 0 24.0 1 38
218.4038001041813 756.4026096753471 0 0 24.0 1 39
200.00000000000009 746.4101615137755 0 0 24.0 1 40
182.14438599398918 735.4682271781696 0 0 24.0 1 41
164.8858990830108 723.606797749979 0 0 24.0 1 42
148.27184358006508 710.8583845827884 0 0 24.0 1 43
132.3477574564567 697.2579301909577 0 0 24.0 1 44
117.15728752538104 682.842712474619 0 0 24.0 1 45
102.74206980904233 667.6522425435434 0 0 24.0 1 46
89.14161541721165 651.728156419935 0 0 24.0 1 47
76.39320225002109 635.1141009169893 0 0 24.0 1 48
64.53177282183043 617.8556140060109 0 0 24.0 1 49
53.589838486224494 600.0 0 0 24.0 1 50
43.597390324652906 581.5961998958187 0 0 24.0 1 51
34.58181694295968 562.6946572303202 0 0 24.0 1 52
26.567829401119297 543.3471798181201 0 0 24.0 1 53
19.5773934819386 523.606797749979 0 0 24.0 1 54
13.629669484372698 503.5276180410084 0 0 24.0 1 55
8.740959706477724 483.16467632710373 0 0 24.0 1 56
4.924663761944942 462.5737860160924 0 0 24.0 1 57
2.1912418526906663 441.81138530706147 0 0 24.0 1 58
0.5481860981704472 420.9343824971775 0 0 24.0 1 59
0.0 400.00000000000006 0 0 24.0 1 60
0.5481860981704472 379.0656175028226 0 0 24.0 1 61
2.1912418526906663 358.1886146929386 0 0 24.0 1 62
4.924663761944885 337.4262139839077 0 0 24.0 1 63
8.740959706477781 316.8353236728962 0 0 24.0 1 64
13.629669484372698 296.47238195899166 0 0 24.0 1 65
19.577393481938543 276.3932022500211 0 0 24.0 1 66
26.567829401119297 256.65282018187986 0 0 24.0 1 67
34.58181694295968 237.30534276967992 0 0 24.0 1 68
43.59739032465285 218.40380010418136 0 0 24.0 1 69
218.40380010418124 43.597390324652906 0 0 24.0 1 70
237.30534276967995 34.58181694295962 0 0 24.0 1 71
256.65282018187975 26.567829401119354 0 0 24.0 1 72
276.393202250021 19.5773934819386 0 0 24.0 1 73
296.4723819589917 13.629669484372698 0 0 24.0 1 74
316.8353236728961 8.740959706477781 0 0 24.0 1 75
337.4262139839076 4.924663761944942 0 0 24.0 1 76
358.18861469293864 2.1912418526906663 0 0 24.0 1 77
379.0656175028223 0.5481860981704472 0 0 24.0 1 78
399.99999999999994 0.0 0 0 24.0 1 79
420.9343824971776 0.5481860981704472 0 0 24.0 1 80
441.8113853070612 2.1912418526906663 0 0 24.0 1 81
462.5737860160923 4.924663761944885 0 0 24.0 1 82
483.1646763271038 8.740959706477781 0 0 24.0 1 83
503.5276180410081 13.629669484372641 0 0 24.0 1 84
523.6067977499789 19.577393481938543 0 0 24.0 1 85
543.3471798181201 26.567829401119297 0 0 24.0 1 86
562.6946572303199 34.58181694295956 0 0 24.0 1 87
581.5961998958187 43.59739032465279 0 0 24.0 1 88
600.0 53.58983848622455 0 0 24.0 1 89
617.8556140060107 64.53177282183032 0 0 24.0 1 90
635.1141009169892 76.39320225002098 0 0 24.0 1 91
651.728156419935 89.14161541721171 0 0 24.0 1 92
667.6522425435431 102.74206980904216 0 0 24.0 1 93
682.842712474619 117.15728752538092 0 0 24.0 1 94
697.2579301909577 132.34775745645675 0 0 24.0 1 95
710.8583845827882 148.27184358006485 0 0 24.0 1 96
723.6067977499789 164.88589908301066 0 0 24.0 1 97
735.4682271781696 182.1443859939892 0 0 24.0 1 98
746.4101615137754 199.99999999999983 0 0 24.0 1 99
756.4026096753471 218.40380010418122 0 0 24.0 1 100
765.4181830570403 237.30534276967995 0 0 24.0 1 101
773.4321705988806 256.6528201818797 0 0 24.0 1 102
780.4226065180615 276.3932022500209 0 0 24.0 1 103
786.3703305156273 296.4723819589917 0 0 24.0 1 104
791.2590402935223 316.83532367289604 0 0 24.0 1 105
795.0753362380551 337.4262139839076 0 0 24.0 1 106
797.8087581473094 358.18861469293864 0 0 24.0 1 107
799.4518139018296 379.06561750282225 0 0 24.0 1 108
800.0 399.9999999999999 0 0 24.0 1 109
499.16394102065425 621.8456959268135 0 0 13.0 1 110
520.9678685123354 58.80976744991318 0 0 11.0 1 111
675.8638215608596 527.7307791952989 0 0 13.0 1 112
402.55659486547347 592.9830661552817 0 0 13.0 1 113
680.7584500143885 536.0834036373215 0 0 11.0 1 114
272.5075062589904 666.0275625563987 0 0 13.0 1 115
275.5440412200808 302.6618557595684 0 0 10.0 1 116
719.8476905944881 265.4397725129277 0 0 10.0 1 117
245.5973021830726 193.30261998067175 0 0 13.0 1 118
529.8965125558263 205.364710224908 0 0 11.0 1 119
222.02589175760562 446.70349874821466 0 0 13.0 1 120
602.7264014499207 441.8450254530403 0 0 12.0 1 121
562.8287041018448 552.367362386155 0 0 11.0 1 122
409.7753336083328 600.7621549317645 0 0 12.0 1 123
129.897371005193 465.7918673552715 0 0 11.0 1 124
238.66067949449052 540.5902687202087 0 0 11.0 1 125
584.280377700908 598.7001318429625 0 0 10.0 1 126
192.64688774167777 141.99673095716867 0 0 12.0 1 127
235.20122284894853 608.7998157315233 0 0 10.0 1 128
695.4683469176241 509.1945784815646 0 0 13.0 1 129
603.3352192418577 318.6625017850582 0 0 12.0 1 130
720.5617798912115 233.98450291319648 0 0 13.0 1 131
349.6451091365578 224.0642589860411 0 0 11.0 1 132
576.9762437871518 325.5459260013894 0 0 11.0 1 133
215.3459593673045 526.8025444461539 0 0 11.0 1 134
394.70326957396196 570.9179471173051 0 0 10.0 1 135
682.2350651700276 260.11301708711335 0 0 12.0 1 136
255.84846548152134 376.8410903545125 0 0 11.0 1 137
175.83039375628917 609.7545890714662 0 0 12.0 1 138
271.8511986179268 179.53938060429488 0 0 10.0 1 139
586.0983226255719 222.75323891267135 0 0 11.0 1 140
543.3640412102507 287.8806364276645 0 0 13.0 1 141
622.883675215219 284.5709424687322 0 0 13.0 1 142
618.9229680376188 394.19189655741945 0 0 12.0 1 143
448.81624770971155 520.486405704312 0 0 12.0 1 144
230.805169932531 383.47397572190187 0 0 13.0 1 145
643.8739824872952 360.8275522109425 0 0 11.0 1 146
544.3136622514841 385.9086236454847 0 0 13.0 1 147
742.6847810563204 496.4527906925549 0 0 13.0 1 148
754.8221282012155 310.2377733188385 0 0 12.0 1 149
162.0839054800087 393.6808253422959 0 0 10.0 1 150
218.58150078851594 87.8969270515704 0 0 12.0 1 151
414.5070669515813 207.54599248531522 0 0 13.0 1 152
156.99152050046453 142.58422952094827 0 0 10.0 1 153
631.4524226424461 212.29337770621274 0 0 12.0 1 154
67.81861871833377 462.4462162969407 -9 -6 12.0 1 155
729.6689177906394 353.0169749510674 14 -5 12.0 1 156
482.821904751191 251.53945947362092 3 9 10.0 1 157
274.241782052869 392.1980375057368 1 -3 13.0 1 158
223.09867269023692 433.25538145990924 -7 -11 13.0 1 159
741.2386477884088 270.45778581659863 -7 -11 11.0 1 160
127.26998362769376 341.18386131713874 10 -10 10.0 1 161
545.6047111631925 66.39054556700097 -3 17 12.0 1 162
357.59915434883055 553.24218834272 0 -11 13.0 1 163
462.16167774274146 43.377053710494465 -4 17 10.0 1 164
401.47818312800894 66.00327101206506 -10 -16 11.0 1 165
606.9484706412707 301.9524069686606 21 -11 12.0 1 166
651.4210559878052 572.662829253945 -12 -14 11.0 1 167
287.32027816324256 464.8327100065312 -2 12 11.0 1 168
163.89770630355255 453.1009125277192 -16 13 13.0 1 169
440.31117713887016 531.9810933341539 -5 -11 11.0 1 170
414.3235842212236 540.2705775815352 10 -7 10.0 1 171
567.9004695243899 637.6771598902372 -3 9 12.0 1 172
267.2753042627836 307.1121367375515 0 -7 11.0 1 173
751.348160352688 498.8912039404004 -1 1 13.0 1 174
587.1944342332698 458.0882414270395 -6 7 10.0 1 175
671.9312516479799 424.1328485090961 -1 -13 11.0 1 176
164.06054385760115 509.2363173822198 1 -12 10.0 1 177
248.29442558049172 355.84777819806766 -14 -12 12.0 1 178
588.1678386229862 293.9393357179306 -14 -3 13.0 1 179
693.0683168079049 331.3562698902408 -6 -9 10.0 1 180
244.29113659798625 457.53911589564984 8 -5 10.0 1 181
589.7268613103489 126.3346604019361 7 -2 10.0 1 182
350.3038825987726 625.5909925401354 16 -6 12.0 1 183
609.5974217918471 387.00304734906865 -13 -9 10.0 1 184
263.34304078635336 409.6889369117418 6 10 12.0 1 185
216.68801316139835 231.4837827350604 13 11 13.0 1 186
178.09878805892532 661.5508595647934 -13 21 11.0 1 187
211.42222987779905 339.64749702176107 22 15 11.0 1 188
153.08707837631155 393.4418649560802 5 16 12.0 1 189
607.3692913225289 594.0463269850584 12 -9 10.0 1 190
235.87155464749117 195.7798897606592 14 2 13.0 1 191
376.5979043061219 189.29560536824445 -6 -16 13.0 1 192
518.4453189953108 453.57897356332103 0 17 10.0 1 193
586.9653557379646 587.8003081833903 1 2 10.0 1 194
676.7712683423099 528.1509462321255 20 -4 10.0 1 195
310.00330412762094 193.7826517189824 19 16 13.0 1 196
374.8466763063921 609.4953706103421 21 15 12.0 1 197
680.665191413231 372.59470253811503 12 17 10.0 1 198
541.5202598139358 426.6085712167361 -16 -8 13.0 1 199
559.8363180402762 602.5249402797781 5 13 10.0 1 200
367.0008441855498 538.1124748729587 -2 -5 11.0 1 201
684.4752070048169 362.01504772193914 -13 -11 12.0 1 202
146.04089268612933 268.46760166277693 -12 10 11.0 1 203
547.1432736218385 593.3852554561716 -8 9 11.0 1 204
238.1434748469873 341.80665617622446 14 -12 11.0 1 205
692.8416868230805 210.14545973663724 17 -15 10.0 1 206
688.5944001790685 250.54006494955362 14 6 13.0 1 207
299.8187945210088 660.393406346582 22 -7 12.0 1 208
531.1626207038202 132.4175511545912 7 -10 11.0 1 209
429.41957138999305 84.36811184668124 -8 6 11.0 1 210
565.719002474898 136.83044967412218 -2 20 10.0 1 211
641.1860778733286 679.2673912938649 1 13 10.0 1 212
384.8603217578758 526.0943699882154 18 -15 10.0 1 213
344.1242440011132 211.0902334669992 10 -7 11.0 1 214
383.84310496233326 558.1769728586996 -12 0 13.0 1 215
132.26242203167436 388.14296227320096 12 18 11.0 1 216
622.5828148321168 590.5410468676279 -17 1 11.0 1 217
107.04575435069347 405.1778331419397 10 -10 13.0 1 218
516.6893932396127 703.3291702183801 10 -8 10.0 1 219
