400 400 -7.071067811865475 -7.071067811865477 5 2 -1 10 187
57.15728752538104 57.15728752538092
800.0 400.0 0 0 24.0 1 0
799.4518139018296 420.9343824971775 0 0 24.0 1 1
797.8087581473094 441.8113853070614 0 0 24.0 1 2
795.0753362380551 462.57378601609236 0 0 24.0 1 3
791.2590402935223 483.16467632710373 0 0 24.0 1 4
786.3703305156273 503.5276180410083 0 0 24.0 1 5
780.4226065180615 523.6067977499789 0 0 24.0 1 6
773.4321705988807 543.3471798181201 0 0 24.0 1 7
765.4181830570403 562.6946572303201 0 0 24.0 1 8
756.4026096753471 581.5961998958187 0 0 24.0 1 9
746.4101615137755 600.0 0 0 24.0 1 10
735.4682271781696 617.8556140060108 0 0 24.0 1 11
723.606797749979 635.1141009169893 0 0 24.0 1 12
710.8583845827884 651.728156419935 0 0 24.0 1 13
697.2579301909577 667.6522425435433 0 0 24.0 1 14
682.842712474619 682.842712474619 0 0 24.0 1 15
667.6522425435433 697.2579301909577 0 0 24.0 1 16
651.728156419935 710.8583845827884 0 0 24.0 1 17
635.1141009169893 723.606797749979 0 0 24.0 1 18
617.8556140060108 735.4682271781696 0 0 24.0 1 19
600.0 746.4101615137754 0 0 24.0 1 20
581.5961998958187 756.4026096753471 0 0 24.0 1 21
562.6946572303201 765.4181830570403 0 0 24.0 1 22
543.3471798181201 773.4321705988807 0 0 24.0 1 23
523.606797749979 780.4226065180615 0 0 24.0 1 24
503.5276180410083 786.3703305156273 0 0 24.0 1 25
483.1646763271038 791.2590402935223 0 0 24.0 1 26
462.57378601609236 795.0753362380551 0 0 24.0 1 27
441.8113853070614 797.8087581473094 0 0 24.0 1 28
420.9343824971776 799.4518139018296 0 0 24.0 1 29
400.0 800.0 0 0 24.0 1 30
379.0656175028225 799.4518139018296 0 0 24.0 1 31
358.1886146929386 797.8087581473094 0 0 24.0 1 32
337.4262139839077 795.0753362380551 0 0 24.0 1 33
316.83532367289627 791.2590402935223 0 0 24.0 1 34
296.47238195899166 786.3703305156273 0 0 24.0 1 35
276.3932022500211 780.4226065180615 0 0 24.0 1 36
256.65282018187986 773.4321705988807 0 0 24.0 1 37
237.3053427696799 765.4181830570403 0 0 24.0 1 38
218.4038001041813 756.4026096753471 0 0 24.0 1 39
200.00000000000009 746.4101615137755 0 0 24.0 1 40
182.14438599398918 735.4682271781696 0 0 24.0 1 41
164.8858990830108 723.606797749979 0 0 24.0 1 42
148.27184358006508 710.8583845827884 0 0 24.0 1 43
132.3477574564567 697.2579301909577 0 0 24.0 1 44
117.15728752538104 682.842712474619 0 0 24.0 1 45
102.74206980904233 667.6522425435434 0 0 24.0 1 46
89.14161541721165 651.728156419935 0 0 24.0 1 47
76.39320225002109 635.1141009169893 0 0 24.0 1 48
64.53177282183043 617.8556140060109 0 0 24.0 1 49
53.589838486224494 600.0 0 0 24.0 1 50
43.597390324652906 581.5961998958187 0 0 24.0 1 51
34.58181694295968 562.6946572303202 0 0 24.0 1 52
26.567829401119297 543.3471798181201 0 0 24.0 1 53
19.5773934819386 523.606797749979 0 0 24.0 1 54
13.629669484372698 503.5276180410084 0 0 24.0 1 55
8.740959706477724 483.16467632710373 0 0 24.0 1 56
4.924663761944942 462.5737860160924 0 0 24.0 1 57
2.1912418526906663 441.81138530706147 0 0 24.0 1 58
0.5481860981704472 420.9343824971775 0 0 24.0 1 59
0.0 400.00000000000006 0 0 24.0 1 60
0.5481860981704472 379.0656175028226 0 0 24.0 1 61
2.1912418526906663 358.1886146929386 0 0 24.0 1 62
4.924663761944885 337.4262139839077 0 0 24.0 1 63
8.740959706477781 316.8353236728962 0 0 24.0 1 64
13.629669484372698 296.47238195899166 0 0 24.0 1 65
19.577393481938543 276.3932022500211 0 0 24.0 1 66
26.567829401119297 256.65282018187986 0 0 24.0 1 67
34.58181694295968 237.30534276967992 0 0 24.0 1 68
43.59739032465285 218.40380010418136 0 0 24.0 1 69
218.40380010418124 43.597390324652906 0 0 24.0 1 70
237.30534276967995 34.58181694295962 0 0 24.0 1 71
256.65282018187975 26.567829401119354 0 0 24.0 1 72
276.393202250021 19.5773934819386 0 0 24.0 1 73
296.4723819589917 13.629669484372698 0 0 24.0 1 74
316.8353236728961 8.740959706477781 0 0 24.0 1 75
337.4262139839076 4.924663761944942 0 0 24.0 1 76
358.18861469293864 2.1912418526906663 0 0 24.0 1 77
379.0656175028223 0.5481860981704472 0 0 24.0 1 78
399.99999999999994 0.0 0 0 24.0 1 79
420.9343824971776 0.5481860981704472 0 0 24.0 1 80
441.8113853070612 2.1912418526906663 0 0 24.0 1 81
462.5737860160923 4.924663761944885 0 0 24.0 1 82
483.1646763271038 8.740959706477781 0 0 24.0 1 83
503.5276180410081 13.629669484372641 0 0 24.0 1 84
523.6067977499789 19.577393481938543 0 0 24.0 1 85
543.3471798181201 26.567829401119297 0 0 24.0 1 86
562.6946572303199 34.58181694295956 0 0 24.0 1 87
581.5961998958187 43.59739032465279 0 0 24.0 1 88
600.0 53.58983848622455 0 0 24.0 1 89
617.8556140060107 64.53177282183032 0 0 24.0 1 90
635.1141009169892 76.39320225002098 0 0 24.0 1 91
651.728156419935 89.14161541721171 0 0 24.0 1 92
667.6522425435431 102.74206980904216 0 0 24.0 1 93
682.842712474619 117.15728752538092 0 0 24.0 1 94
697.2579301909577 132.34775745645675 0 0 24.0 1 95
710.8583845827882 148.27184358006485 0 0 24.0 1 96
723.6067977499789 164.88589908301066 0 0 24.0 1 97
735.4682271781696 182.1443859939892 0 0 24.0 1 98
746.4101615137754 199.99999999999983 0 0 24.0 1 99
756.4026096753471 218.40380010418122 0 0 24.0 1 100
765.4181830570403 237.30534276967995 0 0 24.0 1 101
773.4321705988806 256.6528201818797 0 0 24.0 1 102
780.4226065180615 276.3932022500209 0 0 24.0 1 103
786.3703305156273 296.4723819589917 0 0 24.0 1 104
791.2590402935223 316.83532367289604 0 0 24.0 1 105
795.0753362380551 337.4262139839076 0 0 24.0 1 106
797.8087581473094 358.18861469293864 0 0 24.0 1 107
799.4518139018296 379.06561750282225 0 0 24.0 1 108
800.0 399.9999999999999 0 0 24.0 1 109
388.898377979207 121.22095848412948 0 0 10.0 1 110
562.8254103016085 569.4487703115985 0 0 10.0 1 111
567.5065982740017 158.38555603053817 0 0 10.0 1 112
497.2221997826055 487.8000220354821 0 0 11.0 1 113
534.4205134972518 597.6161065073775 0 0 13.0 1 114
118.04803201144989 266.4070071172009 0 0 10.0 1 115
172.26956431694032 292.09796728696995 0 0 10.0 1 116
294.1118133035116 707.2664835580504 0 0 10.0 1 117
545.1671200996609 689.6592951071493 0 0 12.0 1 118
158.76590644782408 153.36035982012132 0 0 12.0 1 119
322.206379031324 276.45182099042506 0 0 12.0 1 120
527.9950198729355 398.8708907374226 0 0 10.0 1 121
702.1797782229153 539.9156232632714 0 0 10.0 1 122
350.0207655463697 672.4538054853135 0 0 10.0 1 123
208.27039894591374 410.1862691718276 0 0 13.0 1 124
164.6882964890997 127.55110168914587 0 0 11.0 1 125
162.02433300658274 276.74586449518955 0 0 13.0 1 126
107.37952204164537 288.9042940549721 0 0 12.0 1 127
769.2906955380163 377.1006072340733 0 0 11.0 1 128
231.3612339916008 156.73683674019944 0 0 13.0 1 129
256.529398914675 303.32949454867037 0 0 12.0 1 130
386.7813409050369 170.3801684267425 0 0 13.0 1 131
394.98406742373874 173.05542434243907 0 0 13.0 1 132
358.38418327478144 218.715351454424 0 0 12.0 1 133
281.79080884852294 84.41231467734116 0 0 12.0 1 134
161.45861833837844 385.2010393958023 0 0 11.0 1 135
545.3238517622897 480.2307803088818 0 0 12.0 1 136
728.7409646176443 541.7511135133011 0 0 11.0 1 137
431.6144416573514 591.4067059397187 0 0 13.0 1 138
596.1737527763814 293.958221810311 0 0 12.0 1 139
228.32824064275235 79.02522367141177 0 0 13.0 1 140
330.6025114881476 601.377726147276 0 0 10.0 1 141
320.047080196316 566.8308443150297 0 0 13.0 1 142
665.7513011812641 146.88886646284197 0 0 10.0 1 143
310.9445769789115 594.5896493406959 0 0 11.0 1 144
613.1578036363812 337.96975939983844 0 0 13.0 1 145
660.4654219781428 531.9915298560784 0 0 11.0 1 146
291.81023714337005 293.2340165922396 0 0 13.0 1 147
378.90761787890676 33.60661657658477 0 0 13.0 1 148
610.7453297247702 635.4621116001424 0 0 11.0 1 149
502.22429853927474 495.65664006305695 0 0 12.0 1 150
610.3471825744718 247.17963884684144 0 0 11.0 1 151
472.58673725710605 759.7501432583007 0 0 13.0 1 152
661.7716057653074 179.90995839190617 0 0 12.0 1 153
523.5911834693812 568.5414470349585 0 0 10.0 1 154
224.7446945246291 156.51370079050764 22 16 11.0 1 155
627.8996291877279 126.50821033146883 15 -5 10.0 1 156
270.67281020656355 445.20484465333845 21 5 12.0 1 157
260.213647522438 369.85409379337216 9 5 11.0 1 158
636.8734594196773 376.87070639741626 -2 4 12.0 1 159
569.153680399309 673.9909348999861 -16 -11 12.0 1 160
509.4306112667844 460.41474420849534 16 10 13.0 1 161
247.11893226418275 232.2013732834608 -9 -15 11.0 1 162
583.0800627117412 556.7248883791751 17 -1 12.0 1 163
471.11893362240136 675.9838714135528 -3 22 13.0 1 164
516.4385956334756 719.4402188937767 -9 -9 11.0 1 165
135.601475412252 328.1013199299041 -1 22 12.0 1 166
590.6767458118134 563.2279957808007 -14 -5 11.0 1 167
748.8908476766012 372.15800999384726 11 22 13.0 1 168
524.3938719666453 508.4027887886002 -1 1 12.0 1 169
271.8802204734701 149.90737297138614 21 4 12.0 1 170
287.715501654025 571.5144058998915 -17 -2 12.0 1 171
260.1541486654053 257.02049844644716 -8 -15 12.0 1 172
314.5674657452845 253.0262537361966 11 -14 10.0 1 173
643.4872442873504 586.9838545686555 3 15 12.0 1 174
318.55829415064755 45.22789209360394 1 -15 11.0 1 175
588.9099519996566 556.0065063883151 8 1 13.0 1 176
475.8601958638948 694.3827961744564 2 -7 12.0 1 177
749.5019843407332 298.292758655591 -10 -15 11.0 1 178
330.1005158838494 539.4634795216871 -9 9 10.0 1 179
561.3350973645439 459.6237063454892 19 14 13.0 1 180
324.70615152195865 715.1298722453423 10 13 13.0 1 181
50.72643393681784 331.1234724343052 -11 22 12.0 1 182
344.5784801129573 252.0390080683083 -4 -17 10.0 1 183
355.57666307267846 572.367535041381 -2 20 11.0 1 184
363.5303484561897 117.34302676871198 15 2 10.0 1 185
499.35729795104845 284.9690157224299 3 -11 13.0 1 186
316.62550857036615 108.69655996049431 -5 -8 12.0 1 187
607.6465152216285 308.2834545116642 19 17 10.0 1 188
293.7444432251256 100.27720030925002 18 -9 12.0 1 189
667.189416234778 319.68302886613236 17 14 10.0 1 190
600.3110656852288 141.53437953172966 -1 -14 11.0 1 191
325.15557204996566 138.49988220876054 10 -2 10.0 1 192
293.55771208503035 298.6144026824978 2 6 10.0 1 193
36.80521829076008 445.22776292475197 20 13 10.0 1 194
505.4707085234708 593.0697533109654 17 7 13.0 1 195
277.31856513100394 291.1640429890733 7 -2 12.0 1 196
240.98237286289975 253.81725731234155 19 -11 13.0 1 197
476.35222132065945 236.99589483880771 4 -17 13.0 1 198
749.0073898802226 459.24391790719363 15 22 11.0 1 199
440.52529267206353 167.5054825294936 -7 -11 11.0 1 200
287.8721779527552 231.9781218919947 19 11 10.0 1 201
540.0802871084394 551.0414286333958 6 15 12.0 1 202
619.4907719959493 481.1159725863051 -9 10 10.0 1 203
597.0075547938287 649.6237636006567 -1 -11 13.0 1 204
454.2065277280596 646.1008987217785 17 0 10.0 1 205
155.9928748782238 567.5605051609891 11 -6 13.0 1 206
427.64649203475517 241.39145206461217 1 4 11.0 1 207
703.8059771158751 426.9616073086971 6 8 12.0 1 208
388.6544502743487 249.42683339511393 8 21 12.0 1 209
218.4191307722376 193.47303340607007 -15 21 11.0 1 210
360.51044970144505 252.18398118871588 6 -15 12.0 1 211
168.21555427317455 111.59755424215228 -3 14 10.0 1 212
694.6339762196274 444.6634084795598 -15 12 12.0 1 213
385.19819009302444 203.55686211150626 14 -9 11.0 1 214
415.6113536730091 720.6201578761015 4 6 12.0 1 215
265.4529322544945 257.47601408504477 -10 4 11.0 1 216
296.3338310226957 282.0918772536473 7 -13 12.0 1 217
496.43126643840384 679.8517658566506 7 4 11.0 1 218
245.73189406073922 471.42374598068216 18 15 13.0 1 219
