400 400 7.0710678118654755 7.0710678118654755 5 2 -1 10 187
742.842712474619 742.842712474619
800.0 400.0 0 0 24.0 1 0
799.4518139018296 420.9343824971775 0 0 24.0 1 1
797.8087581473094 441.8113853070614 0 0 24.0 1 2
795.0753362380551 462.57378601609236 0 0 24.0 1 3
791.2590402935223 483.16467632710373 0 0 24.0 1 4
786.3703305156273 503.5276180410083 0 0 24.0 1 5
780.4226065180615 523.6067977499789 0 0 24.0 1 6
773.4321705988807 543.3471798181201 0 0 24.0 1 7
765.4181830570403 562.6946572303201 0 0 24.0 1 8
756.4026096753471 581.5961998958187 0 0 24.0 1 9
581.5961998958187 756.4026096753471 0 0 24.0 1 10
562.6946572303201 765.4181830570403 0 0 24.0 1 11
543.3471798181201 773.4321705988807 0 0 24.0 1 12
523.606797749979 780.4226065180615 0 0 24.0 1 13
503.5276180410083 786.3703305156273 0 0 24.0 1 14
483.1646763271038 791.2590402935223 0 0 24.0 1 15
462.57378601609236 795.0753362380551 0 0 24.0 1 16
441.8113853070614 797.8087581473094 0 0 24.0 1 17
420.9343824971776 799.4518139018296 0 0 24.0 1 18
400.0 800.0 0 0 24.0 1 19
379.0656175028225 799.4518139018296 0 0 24.0 1 20
358.1886146929386 797.8087581473094 0 0 24.0 1 21
337.4262139839077 795.0753362380551 0 0 24.0 1 22
316.83532367289627 791.2590402935223 0 0 24.0 1 23
296.47238195899166 786.3703305156273 0 0 24.0 1 24
276.3932022500211 780.4226065180615 0 0 24.0 1 25
256.65282018187986 773.4321705988807 0 0 24.0 1 26
237.3053427696799 765.4181830570403 0 0 24.0 1 27
218.4038001041813 756.4026096753471 0 0 24.0 1 28
200.00000000000009 746.4101615137755 0 0 24.0 1 29
182.14438599398918 735.4682271781696 0 0 24.0 1 30
164.8858990830108 723.606797749979 0 0 24.0 1 31
148.27184358006508 710.8583845827884 0 0 24.0 1 32
132.3477574564567 697.2579301909577 0 0 24.0 1 33
117.15728752538104 682.842712474619 0 0 24.0 1 34
102.74206980904233 667.6522425435434 0 0 24.0 1 35
89.14161541721165 651.728156419935 0 0 24.0 1 36
76.39320225002109 635.1141009169893 0 0 24.0 1 37
64.53177282183043 617.8556140060109 0 0 24.0 1 38
53.589838486224494 600.0 0 0 24.0 1 39
43.597390324652906 581.5961998958187 0 0 24.0 1 40
34.58181694295968 562.6946572303202 0 0 24.0 1 41
26.567829401119297 543.3471798181201 0 0 24.0 1 42
19.5773934819386 523.606797749979 0 0 24.0 1 43
13.629669484372698 503.5276180410084 0 0 24.0 1 44
8.740959706477724 483.16467632710373 0 0 24.0 1 45
4.924663761944942 462.5737860160924 0 0 24.0 1 46
2.1912418526906663 441.81138530706147 0 0 24.0 1 47
0.5481860981704472 420.9343824971775 0 0 24.0 1 48
0.0 400.00000000000006 0 0 24.0 1 49
0.5481860981704472 379.0656175028226 0 0 24.0 1 50
2.1912418526906663 358.1886146929386 0 0 24.0 1 51
4.924663761944885 337.4262139839077 0 0 24.0 1 52
8.740959706477781 316.8353236728962 0 0 24.0 1 53
13.629669484372698 296.47238195899166 0 0 24.0 1 54
19.577393481938543 276.3932022500211 0 0 24.0 1 55
26.567829401119297 256.65282018187986 0 0 24.0 1 56
34.58181694295968 237.30534276967992 0 0 24.0 1 57
43.59739032465285 218.40380010418136 0 0 24.0 1 58
53.58983848622455 199.99999999999994 0 0 24.0 1 59
64.53177282183037 182.14438599398918 0 0 24.0 1 60
76.39320225002103 164.8858990830108 0 0 24.0 1 61
89.14161541721171 148.27184358006497 0 0 24.0 1 62
102.74206980904228 132.3477574564567 0 0 24.0 1 63
117.15728752538092 117.15728752538104 0 0 24.0 1 64
132.34775745645675 102.74206980904228 0 0 24.0 1 65
148.27184358006485 89.14161541721177 0 0 24.0 1 66
164.8858990830107 76.39320225002109 0 0 24.0 1 67
182.1443859939892 64.53177282183032 0 0 24.0 1 68
199.99999999999983 53.58983848622461 0 0 24.0 1 69
218.40380010418124 43.597390324652906 0 0 24.0 1 70
237.30534276967995 34.58181694295962 0 0 24.0 1 71
256.65282018187975 26.567829401119354 0 0 24.0 1 72
276.393202250021 19.5773934819386 0 0 24.0 1 73
296.4723819589917 13.629669484372698 0 0 24.0 1 74
316.8353236728961 8.740959706477781 0 0 24.0 1 75
337.4262139839076 4.924663761944942 0 0 24.0 1 76
358.18861469293864 2.1912418526906663 0 0 24.0 1 77
379.0656175028223 0.5481860981704472 0 0 24.0 1 78
399.99999999999994 0.0 0 0 24.0 1 79
420.9343824971776 0.5481860981704472 0 0 24.0 1 80
441.8113853070612 2.1912418526906663 0 0 24.0 1 81
462.5737860160923 4.924663761944885 0 0 24.0 1 82
483.1646763271038 8.740959706477781 0 0 24.0 1 83
503.5276180410081 13.629669484372641 0 0 24.0 1 84
523.6067977499789 19.577393481938543 0 0 24.0 1 85
543.3471798181201 26.567829401119297 0 0 24.0 1 86
562.6946572303199 34.58181694295956 0 0 24.0 1 87
581.5961998958187 43.59739032465279 0 0 24.0 1 88
600.0 53.58983848622455 0 0 24.0 1 89
617.8556140060107 64.53177282183032 0 0 24.0 1 90
635.1141009169892 76.39320225002098 0 0 24.0 1 91
651.728156419935 89.14161541721171 0 0 24.0 1 92
667.6522425435431 102.74206980904216 0 0 24.0 1 93
682.842712474619 117.15728752538092 0 0 24.0 1 94
697.2579301909577 132.34775745645675 0 0 24.0 1 95
710.8583845827882 148.27184358006485 0 0 24.0 1 96
723.6067977499789 164.88589908301066 0 0 24.0 1 97
735.4682271781696 182.1443859939892 0 0 24.0 1 98
746.4101615137754 199.99999999999983 0 0 24.0 1 99
756.4026096753471 218.40380010418122 0 0 24.0 1 100
765.4181830570403 237.30534276967995 0 0 24.0 1 101
773.4321705988806 256.6528201818797 0 0 24.0 1 102
780.4226065180615 276.3932022500209 0 0 24.0 1 103
786.3703305156273 296.4723819589917 0 0 24.0 1 104
791.2590402935223 316.83532367289604 0 0 24.0 1 105
795.0753362380551 337.4262139839076 0 0 24.0 1 106
797.8087581473094 358.18861469293864 0 0 24.0 1 107
799.4518139018296 379.06561750282225 0 0 24.0 1 108
800.0 399.9999999999999 0 0 24.0 1 109
229.05631488457018 456.37602787672057 0 0 13.0 1 110
649.548677615267 465.49395010588034 0 0 12.0 1 111
250.96925444309647 227.44903106979237 0 0 12.0 1 112
520.6455691743092 521.1843498089047 0 0 10.0 1 113
371.6115575775718 736.8057249169444 0 0 10.0 1 114
209.2453299293049 230.77335952569328 0 0 13.0 1 115
79.0368256000923 297.27882068855297 0 0 10.0 1 116
605.0450992537106 233.70956951154417 0 0 11.0 1 117
123.0875818307506 424.5664947369124 0 0 11.0 1 118
618.0 400.0 0 0 12.0 1 119
378.1005233934806 259.69884916950787 0 0 12.0 1 120
524.29928071547 482.1625755050119 0 0 10.0 1 121
83.44643992632632 416.8179548305695 0 0 12.0 1 122
207.37034870002944 388.04937490958093 0 0 12.0 1 123
639.949309973015 521.5949367509763 0 0 10.0 1 124
266.1144932027912 206.86877241198266 0 0 10.0 1 125
444.6676811172275 573.3372385369332 0 0 12.0 1 126
628.7672825356775 664.8877695199261 0 0 12.0 1 127
248.35467995964203 224.42182108856065 0 0 10.0 1 128
249.6906354697914 511.2478985622869 0 0 10.0 1 129
482.10864456374486 571.3422612431172 0 0 12.0 1 130
370.8682717563345 87.35428611679765 0 0 10.0 1 131
291.2615749051695 109.69678798212391 0 0 12.0 1 132
423.387167161761 149.08758418095798 0 0 13.0 1 133
112.98697574611117 296.80831473109566 0 0 12.0 1 134
346.2163231588448 644.1460958226573 0 0 11.0 1 135
311.7627677454587 136.37490475287046 0 0 10.0 1 136
519.5680441113238 667.4929584631949 0 0 10.0 1 137
429.5614397757168 689.4945962852962 0 0 10.0 1 138
167.30287097255416 130.57831167037756 0 0 13.0 1 139
136.49947418311513 655.4534652225825 0 0 11.0 1 140
548.9707545706954 725.5329695785631 0 0 13.0 1 141
389.2940059759661 619.7393494391874 0 0 10.0 1 142
440.9979665943938 741.5481909410807 0 0 13.0 1 143
383.79501813634874 732.6054698329519 0 0 11.0 1 144
73.71532962865922 461.33770358161036 0 0 12.0 1 145
548.371923244568 571.7986390886379 0 0 12.0 1 146
151.23710295895353 549.0537522363852 0 0 11.0 1 147
126.98259443330659 466.5018515353644 0 0 13.0 1 148
322.44914841621454 530.7282120226146 0 0 11.0 1 149
516.0324657100067 686.3869181740956 0 0 10.0 1 150
229.53661250243752 348.7532096336184 0 0 12.0 1 151
242.6026174500662 575.8467058731263 0 0 11.0 1 152
269.0461832684082 396.5217988228604 0 0 12.0 1 153
144.98187025310204 308.3116501381211 0 0 10.0 1 154
488.88105214538865 271.7964174855917 -4 16 12.0 1 155
126.61321807592896 178.2711848468936 -9 -15 11.0 1 156
576.5452750562745 322.02073445264847 22 18 11.0 1 157
69.24944781960193 340.83859169727475 12 -1 10.0 1 158
617.6569492242345 138.799976159268 9 -1 13.0 1 159
571.6733916545973 421.38332522801954 -6 -2 13.0 1 160
342.6000599565549 640.2378964339492 9 0 11.0 1 161
656.4043716478006 589.7835561894035 -17 -13 13.0 1 162
267.45264554209666 300.064026365823 11 -17 10.0 1 163
714.6553610402261 566.5172776880675 17 -11 12.0 1 164
509.9317329363108 701.589147837948 7 12 13.0 1 165
308.5046117711372 228.93102580289528 0 2 11.0 1 166
346.0251729710909 182.60009648760342 12 7 11.0 1 167
98.28848718050642 607.1863003004121 -5 -14 12.0 1 168
706.5786397391817 495.1343137657127 8 20 13.0 1 169
111.99059498441846 230.86519393522005 13 -9 13.0 1 170
577.6273821166064 422.12494344402023 7 8 10.0 1 171
566.5270704552204 669.7364172773155 -2 15 11.0 1 172
247.0872690443534 638.1316793534327 5 -5 12.0 1 173
607.8659259765356 159.34307236666254 9 4 12.0 1 174
277.17030352575625 330.76225260708475 12 -15 12.0 1 175
654.9103052492821 393.23713982713224 16 -7 11.0 1 176
466.2575238009528 281.2315675788967 15 17 10.0 1 177
206.56269370275095 701.240781655579 16 1 10.0 1 178
361.03072592115916 593.1072129097414 15 12 10.0 1 179
122.14606863773997 434.60047436866273 4 -10 10.0 1 180
275.91014742182267 368.60400523751133 9 4 10.0 1 181
241.3252964426933 553.8289259242255 -17 14 12.0 1 182
390.1699509415689 601.7606753941631 5 -4 13.0 1 183
255.53993909693975 282.8364783565972 -16 7 10.0 1 184
509.4156859226839 52.83403439555224 7 0 13.0 1 185
196.28862835547147 611.985086887509 4 -3 10.0 1 186
76.5281617457166 277.1913282524612 -17 5 13.0 1 187
450.79313815987564 256.73780290714586 17 13 13.0 1 188
276.8795993950897 368.8492864465933 17 8 12.0 1 189
97.4550044791572 445.85330615444434 15 18 11.0 1 190
112.30240990709495 597.5628929094094 -1 1 10.0 1 191
486.34088081877496 735.0541035406641 4 10 11.0 1 192
274.7907011088812 619.8445620687364 -15 20 11.0 1 193
354.6160431688328 164.33011125231388 22 6 13.0 1 194
505.90845378594975 145.12866105293566 22 -10 12.0 1 195
192.60503750244436 339.6400005745735 -10 -10 10.0 1 196
405.3534680162947 572.9171488898614 14 -14 11.0 1 197
685.3996156350138 273.94025465920373 20 13 11.0 1 198
572.5267724526443 663.5517269665928 7 5 10.0 1 199
129.81687498413902 297.42281463861644 11 7 12.0 1 200
284.7526502689052 453.357739644392 -2 19 11.0 1 201
107.18176613259493 593.5419383874556 -15 -6 13.0 1 202
225.5296245953596 569.1422126678135 8 -16 13.0 1 203
425.47072363419414 202.6367758736433 11 9 11.0 1 204
170.83114600049396 557.3710149822803 -7 16 12.0 1 205
667.316046315212 450.2606345205015 -2 19 10.0 1 206
203.11524273621612 420.9855273267291 -2 -14 11.0 1 207
481.5744316019082 651.0808875817225 4 9 10.0 1 208
443.1904059685235 123.35114525399871 4 6 10.0 1 209
117.34837501796909 275.14384718798453 5 -4 13.0 1 210
588.2918567785545 241.68961919417814 -3 -15 11.0 1 211
238.55607622859935 620.1473585517077 11 0 13.0 1 212
562.073876178831 501.059678707034 -3 17 10.0 1 213
514.7898351118755 593.515616307802 -16 -11 12.0 1 214
471.45579123381225 281.94039683638675 -10 8 13.0 1 215
628.7427909611097 350.6772305793552 2 16 11.0 1 216
536.7074907074863 705.8366589937552 2 8 10.0 1 217
601.654915108924 242.29364244770395 11 -13 10.0 1 218
641.3422321974928 246.54014545187562 5 -13 13.0 1 219
