400 400 -7.071067811865475 -7.071067811865477 5 2 -1 10 187
57.15728752538104 57.15728752538092
800.0 400.0 0 0 24.0 1 0
799.4518139018296 420.9343824971775 0 0 24.0 1 1
797.8087581473094 441.8113853070614 0 0 24.0 1 2
795.0753362380551 462.57378601609236 0 0 24.0 1 3
791.2590402935223 483.16467632710373 0 0 24.0 1 4
786.3703305156273 503.5276180410083 0 0 24.0 1 5
780.4226065180615 523.6067977499789 0 0 24.0 1 6
773.4321705988807 543.3471798181201 0 0 24.0 1 7
765.4181830570403 562.6946572303201 0 0 24.0 1 8
756.4026096753471 581.5961998958187 0 0 24.0 1 9
746.4101615137755 600.0 0 0 24.0 1 10
735.4682271781696 617.8556140060108 0 0 24.0 1 11
723.606797749979 635.1141009169893 0 0 24.0 1 12
710.8583845827884 651.728156419935 0 0 24.0 1 13
697.2579301909577 667.6522425435433 0 0 24.0 1 14
682.842712474619 682.842712474619 0 0 24.0 1 15
667.6522425435433 697.2579301909577 0 0 24.0 1 16
651.728156419935 710.8583845827884 0 0 24.0 1 17
635.1141009169893 723.606797749979 0 0 24.0 1 18
617.8556140060108 735.4682271781696 0 0 24.0 1 19
600.0 746.4101615137754 0 0 24.0 1 20
581.5961998958187 756.4026096753471 0 0 24.0 1 21
562.6946572303201 765.4181830570403 0 0 24.0 1 22
543.3471798181201 773.4321705988807 0 0 24.0 1 23
523.606797749979 780.4226065180615 0 0 24.0 1 24
503.5276180410083 786.3703305156273 0 0 24.0 1 25
483.1646763271038 791.2590402935223 0 0 24.0 1 26
462.57378601609236 795.0753362380551 0 0 24.0 1 27
441.8113853070614 797.8087581473094 0 0 24.0 1 28
420.9343824971776 799.4518139018296 0 0 24.0 1 29
400.0 800.0 0 0 24.0 1 30
379.0656175028225 799.4518139018296 0 0 24.0 1 31
358.1886146929386 797.8087581473094 0 0 24.0 1 32
337.4262139839077 795.0753362380551 0 0 24.0 1 33
316.83532367289627 791.2590402935223 0 0 24.0 1 34
296.47238195899166 786.3703305156273 0 0 24.0 1 35
276.3932022500211 780.4226065180615 0 0 24.0 1 36
256.65282018187986 773.4321705988807 0 0 24.0 1 37
237.3053427696799 765.4181830570403 0 0 24.0 1 38
218.4038001041813 756.4026096753471 0 0 24.0 1 39
200.00000000000009 746.4101615137755 0 0 24.0 1 40
182.14438599398918 735.4682271781696 0 0 24.0 1 41
164.8858990830108 723.606797749979 0 0 24.0 1 42
148.27184358006508 710.8583845827884 0 0 24.0 1 43
132.3477574564567 697.2579301909577 0 0 24.0 1 44
117.15728752538104 682.842712474619 0 0 24.0 1 45
102.74206980904233 667.6522425435434 0 0 24.0 1 46
89.14161541721165 651.728156419935 0 0 24.0 1 47
76.39320225002109 635.1141009169893 0 0 24.0 1 48
64.53177282183043 617.8556140060109 0 0 24.0 1 49
53.589838486224494 600.0 0 0 24.0 1 50
43.597390324652906 581.5961998958187 0 0 24.0 1 51
34.58181694295968 562.6946572303202 0 0 24.0 1 52
26.567829401119297 543.3471798181201 0 0 24.0 1 53
19.5773934819386 523.606797749979 0 0 24.0 1 54
13.629669484372698 503.5276180410084 0 0 24.0 1 55
8.740959706477724 483.16467632710373 0 0 24.0 1 56
4.924663761944942 462.5737860160924 0 0 24.0 1 57
2.1912418526906663 441.81138530706147 0 0 24.0 1 58
0.5481860981704472 420.9343824971775 0 0 24.0 1 59
0.0 400.00000000000006 0 0 24.0 1 60
0.5481860981704472 379.0656175028226 0 0 24.0 1 61
2.1912418526906663 358.1886146929386 0 0 24.0 1 62
4.924663761944885 337.4262139839077 0 0 24.0 1 63
8.740959706477781 316.8353236728962 0 0 24.0 1 64
13.629669484372698 296.47238195899166 0 0 24.0 1 65
19.577393481938543 276.3932022500211 0 0 24.0 1 66
26.567829401119297 256.65282018187986 0 0 24.0 1 67
34.58181694295968 237.30534276967992 0 0 24.0 1 68
43.59739032465285 218.40380010418136 0 0 24.0 1 69
218.40380010418124 43.597390324652906 0 0 24.0 1 70
237.30534276967995 34.58181694295962 0 0 24.0 1 71
256.65282018187975 26.567829401119354 0 0 24.0 1 72
276.393202250021 19.5773934819386 0 0 24.0 1 73
296.4723819589917 13.629669484372698 0 0 24.0 1 74
316.8353236728961 8.740959706477781 0 0 24.0 1 75
337.4262139839076 4.924663761944942 0 0 24.0 1 76
358.18861469293864 2.1912418526906663 0 0 24.0 1 77
379.0656175028223 0.5481860981704472 0 0 24.0 1 78
399.99999999999994 0.0 0 0 24.0 1 79
420.9343824971776 0.5481860981704472 0 0 24.0 1 80
441.8113853070612 2.1912418526906663 0 0 24.0 1 81
462.5737860160923 4.924663761944885 0 0 24.0 1 82
483.1646763271038 8.740959706477781 0 0 24.0 1 83
503.5276180410081 13.629669484372641 0 0 24.0 1 84
523.6067977499789 19.577393481938543 0 0 24.0 1 85
543.3471798181201 26.567829401119297 0 0 24.0 1 86
562.6946572303199 34.58181694295956 0 0 24.0 1 87
581.5961998958187 43.59739032465279 0 0 24.0 1 88
600.0 53.58983848622455 0 0 24.0 1 89
617.8556140060107 64.53177282183032 0 0 24.0 1 90
635.1141009169892 76.39320225002098 0 0 24.0 1 91
651.728156419935 89.14161541721171 0 0 24.0 1 92
667.6522425435431 102.74206980904216 0 0 24.0 1 93
682.842712474619 117.15728752538092 0 0 24.0 1 94
697.2579301909577 132.34775745645675 0 0 24.0 1 95
710.8583845827882 148.27184358006485 0 0 24.0 1 96
723.6067977499789 164.88589908301066 0 0 24.0 1 97
735.4682271781696 182.1443859939892 0 0 24.0 1 98
746.4101615137754 199.99999999999983 0 0 24.0 1 99
756.4026096753471 218.40380010418122 0 0 24.0 1 100
765.4181830570403 237.30534276967995 0 0 24.0 1 101
773.4321705988806 256.6528201818797 0 0 24.0 1 102
780.4226065180615 276.3932022500209 0 0 24.0 1 103
786.3703305156273 296.4723819589917 0 0 24.0 1 104
791.2590402935223 316.83532367289604 0 0 24.0 1 105
795.0753362380551 337.4262139839076 0 0 24.0 1 106
797.8087581473094 358.18861469293864 0 0 24.0 1 107
799.4518139018296 379.06561750282225 0 0 24.0 1 108
800.0 399.9999999999999 0 0 24.0 1 109
264.44482181120895 345.7709149422093 0 0 11.0 1 110
510.7107209149562 163.6440475162712 0 0 11.0 1 111
337.6887241886555 708.7754927236981 0 0 12.0 1 112
474.7264099556354 584.4368825781391 0 0 10.0 1 113
336.4372689100811 177.91717937582237 0 0 13.0 1 114
180.52586248050682 461.76651973419416 0 0 13.0 1 115
423.0388454982661 221.48050079023014 0 0 12.0 1 116
511.9002910602205 222.29708820439117 0 0 12.0 1 117
390.0260397825483 721.8454910629955 0 0 12.0 1 118
274.323655362763 674.6078229013558 0 0 12.0 1 119
629.1223646963812 214.18304168903612 0 0 13.0 1 120
285.4409006283195 218.0626131023383 0 0 12.0 1 121
616.8892268729473 297.24269725973164 0 0 13.0 1 122
587.6022665259928 182.80333889695646 0 0 10.0 1 123
457.68820797269274 749.2679067147443 0 0 12.0 1 124
127.38988507003143 178.90109625357857 0 0 10.0 1 125
598.14893543993 518.7349964585945 0 0 13.0 1 126
266.56964891968323 373.6876186827683 0 0 12.0 1 127
608.9672515073675 403.69970234703146 0 0 10.0 1 128
341.43811785041225 645.1010117463774 0 0 13.0 1 129
605.1101203355123 104.14557881290386 0 0 12.0 1 130
201.33557275749524 541.6631404014734 0 0 12.0 1 131
620.1550225472496 526.6797775780334 0 0 13.0 1 132
44.83980080092152 329.9626320820744 0 0 10.0 1 133
645.955290671558 582.0494300751018 0 0 10.0 1 134
607.1326153217803 195.6055781828688 0 0 12.0 1 135
302.3889879519665 667.7631235382473 0 0 13.0 1 136
615.1543969082918 419.0941218973068 0 0 13.0 1 137
172.27630727913035 668.4137101073098 0 0 12.0 1 138
83.63001176602722 582.0303011721838 0 0 11.0 1 139
330.66528384085495 650.5847104975297 0 0 11.0 1 140
211.92554541142496 704.6177925387977 0 0 10.0 1 141
520.5385808832109 697.508740239109 0 0 10.0 1 142
414.60564143867754 146.42027833802484 0 0 10.0 1 143
360.77988864835544 726.6539191033296 0 0 12.0 1 144
407.2133225413976 74.07981348508991 0 0 10.0 1 145
636.1124814527029 568.3772434215712 0 0 13.0 1 146
201.25245762762597 622.043721822846 0 0 11.0 1 147
263.26560378648355 630.4944790925047 0 0 12.0 1 148
404.11567194316297 532.936305215905 0 0 11.0 1 149
649.7696714413387 507.6991700436255 0 0 11.0 1 150
528.1186210421414 251.67057290523854 0 0 12.0 1 151
531.2776734234589 661.9449798345518 0 0 10.0 1 152
216.88758660192113 721.5118101400492 0 0 10.0 1 153
582.783829868898 378.8795942638935 0 0 13.0 1 154
123.82028553028329 456.9979413262071 22 21 11.0 1 155
230.7915084307616 155.9150017291866 11 -6 12.0 1 156
399.27912915582476 236.00158432098797 16 5 12.0 1 157
215.2297901668169 236.08243059939701 -10 0 12.0 1 158
310.17240132322 537.2115247199132 14 18 12.0 1 159
202.2847331710251 489.42971129746115 -13 -12 12.0 1 160
455.7930060400305 582.6694842523434 -2 19 10.0 1 161
522.9998380939297 567.7350286280928 14 -5 10.0 1 162
135.04063585244484 423.5060705036644 17 9 12.0 1 163
634.3229945102406 435.5208986901197 2 -10 11.0 1 164
223.3202840050844 231.71370241176507 -5 17 11.0 1 165
284.5640421300588 340.21254621035314 -13 -10 11.0 1 166
172.38351874534197 355.1141730470753 -13 10 13.0 1 167
434.6814194156064 688.9259405926002 13 9 13.0 1 168
246.85796415065158 734.6214530718509 -10 21 10.0 1 169
532.6460316848339 623.6180455112378 11 -13 13.0 1 170
442.98473375534013 263.61337065539556 13 19 13.0 1 171
193.3648877024006 576.8782925227358 4 6 10.0 1 172
668.2664991061603 499.1417442721507 -5 -4 11.0 1 173
494.5785554880418 263.57823911928347 3 2 13.0 1 174
241.75307070160252 384.54330670460234 -6 -7 10.0 1 175
531.0776192451649 686.4326408302999 -4 6 12.0 1 176
278.3982340033171 548.5833453200189 7 3 13.0 1 177
281.9998070463366 347.87558669012947 17 20 10.0 1 178
215.67429873017971 153.24498819398022 13 18 11.0 1 179
409.1287460393464 694.8587220954284 -4 15 12.0 1 180
378.39080146050713 556.5153108755842 -14 10 13.0 1 181
498.7312900914699 262.8390275738976 14 -15 10.0 1 182
564.5230469136126 202.5635113909761 6 3 10.0 1 183
544.2034607980744 738.569582056419 12 -12 12.0 1 184
373.8375848527928 542.62022308798 17 -12 12.0 1 185
434.3383009914745 31.59684978950179 17 -1 10.0 1 186
149.11761280614073 237.33768784407843 21 7 10.0 1 187
358.1031846848941 274.82549434308953 1 6 12.0 1 188
553.5883329233949 495.76859605221546 21 22 11.0 1 189
618.9229680376188 394.19189655741945 4 -8 11.0 1 190
59.2682867291673 360.6185377173085 -3 -4 12.0 1 191
442.07058781343324 750.4840447738416 -6 -6 10.0 1 192
289.72111904929636 539.7231849631999 5 -6 12.0 1 193
195.98978111566507 262.5378939825024 22 1 11.0 1 194
625.3090205148701 242.3267769257258 -9 3 11.0 1 195
328.1727136080894 560.6761990139623 1 20 13.0 1 196
153.66321101856212 346.87574570580273 3 -8 13.0 1 197
304.9890034069447 634.4822179321802 20 -1 12.0 1 198
564.6042066309853 446.3298517090643 -5 17 11.0 1 199
591.2670162773215 697.8807286219953 -3 12 12.0 1 200
201.1262877237311 651.9727099617255 6 0 13.0 1 201
498.75585895884086 620.9327506760859 16 17 11.0 1 202
351.3086654772865 245.4906024139722 11 14 10.0 1 203
130.4923514317711 331.8118238752199 -10 18 11.0 1 204
549.042124765383 121.3560604545292 -5 16 12.0 1 205
124.99297554510667 635.4041981368763 14 2 10.0 1 206
252.9787359647719 383.00741569143344 -14 16 11.0 1 207
261.8494904037774 130.32716729654805 -10 -7 10.0 1 208
270.78298452222634 316.22074892303704 -2 -13 13.0 1 209
104.49264893507728 259.9842670747586 -2 6 13.0 1 210
242.1658525858708 521.1997603547752 15 -16 10.0 1 211
190.07403424706652 394.424257654967 0 17 12.0 1 212
226.94841189085923 487.68778622421877 -1 -4 10.0 1 213
538.6768467401149 664.8957005657485 -8 9 11.0 1 214
248.5946490585399 413.4320402878082 -14 -14 10.0 1 215
706.8989925378326 356.26204875324595 -6 11 12.0 1 216
41.283419621869314 467.4345235159271 17 12 13.0 1 217
186.39132697336024 196.53910742406023 4 13 10.0 1 218
281.20016153015524 474.07157605680334 -1 0 12.0 1 219
