400 400 -7.071067811865475 7.0710678118654755 5 2 -1 10 187
57.15728752538104 742.842712474619
800.0 400.0 0 0 24.0 1 0
799.4518139018296 420.9343824971775 0 0 24.0 1 1
797.8087581473094 441.8113853070614 0 0 24.0 1 2
795.0753362380551 462.57378601609236 0 0 24.0 1 3
791.2590402935223 483.16467632710373 0 0 24.0 1 4
786.3703305156273 503.5276180410083 0 0 24.0 1 5
780.4226065180615 523.6067977499789 0 0 24.0 1 6
773.4321705988807 543.3471798181201 0 0 24.0 1 7
765.4181830570403 562.6946572303201 0 0 24.0 1 8
756.4026096753471 581.5961998958187 0 0 24.0 1 9
746.4101615137755 600.0 0 0 24.0 1 10
735.4682271781696 617.8556140060108 0 0 24.0 1 11
723.606797749979 635.1141009169893 0 0 24.0 1 12
710.8583845827884 651.728156419935 0 0 24.0 1 13
697.2579301909577 667.6522425435433 0 0 24.0 1 14
682.842712474619 682.842712474619 0 0 24.0 1 15
667.6522425435433 697.2579301909577 0 0 24.0 1 16
651.728156419935 710.8583845827884 0 0 24.0 1 17
635.1141009169893 723.606797749979 0 0 24.0 1 18
617.8556140060108 735.4682271781696 0 0 24.0 1 19
600.0 746.4101615137754 0 0 24.0 1 20
581.5961998958187 756.4026096753471 0 0 24.0 1 21
562.6946572303201 765.4181830570403 0 0 24.0 1 22
543.3471798181201 773.4321705988807 0 0 24.0 1 23
523.606797749979 780.4226065180615 0 0 24.0 1 24
503.5276180410083 786.3703305156273 0 0 24.0 1 25
483.1646763271038 791.2590402935223 0 0 24.0 1 26
462.57378601609236 795.0753362380551 0 0 24.0 1 27
441.8113853070614 797.8087581473094 0 0 24.0 1 28
420.9343824971776 799.4518139018296 0 0 24.0 1 29
400.0 800.0 0 0 24.0 1 30
379.0656175028225 799.4518139018296 0 0 24.0 1 31
358.1886146929386 797.8087581473094 0 0 24.0 1 32
337.4262139839077 795.0753362380551 0 0 24.0 1 33
316.83532367289627 791.2590402935223 0 0 24.0 1 34
296.47238195899166 786.3703305156273 0 0 24.0 1 35
276.3932022500211 780.4226065180615 0 0 24.0 1 36
256.65282018187986 773.4321705988807 0 0 24.0 1 37
237.3053427696799 765.4181830570403 0 0 24.0 1 38
218.4038001041813 756.4026096753471 0 0 24.0 1 39
43.597390324652906 581.5961998958187 0 0 24.0 1 40
34.58181694295968 562.6946572303202 0 0 24.0 1 41
26.567829401119297 543.3471798181201 0 0 24.0 1 42
19.5773934819386 523.606797749979 0 0 24.0 1 43
13.629669484372698 503.5276180410084 0 0 24.0 1 44
8.740959706477724 483.16467632710373 0 0 24.0 1 45
4.924663761944942 462.5737860160924 0 0 24.0 1 46
2.1912418526906663 441.81138530706147 0 0 24.0 1 47
0.5481860981704472 420.9343824971775 0 0 24.0 1 48
0.0 400.00000000000006 0 0 24.0 1 49
0.5481860981704472 379.0656175028226 0 0 24.0 1 50
2.1912418526906663 358.1886146929386 0 0 24.0 1 51
4.924663761944885 337.4262139839077 0 0 24.0 1 52
8.740959706477781 316.8353236728962 0 0 24.0 1 53
13.629669484372698 296.47238195899166 0 0 24.0 1 54
19.577393481938543 276.3932022500211 0 0 24.0 1 55
26.567829401119297 256.65282018187986 0 0 24.0 1 56
34.58181694295968 237.30534276967992 0 0 24.0 1 57
43.59739032465285 218.40380010418136 0 0 24.0 1 58
53.58983848622455 199.99999999999994 0 0 24.0 1 59
64.53177282183037 182.14438599398918 0 0 24.0 1 60
76.39320225002103 164.8858990830108 0 0 24.0 1 61
89.14161541721171 148.27184358006497 0 0 24.0 1 62
102.74206980904228 132.3477574564567 0 0 24.0 1 63
117.15728752538092 117.15728752538104 0 0 24.0 1 64
132.34775745645675 102.74206980904228 0 0 24.0 1 65
148.27184358006485 89.14161541721177 0 0 24.0 1 66
164.8858990830107 76.39320225002109 0 0 24.0 1 67
182.1443859939892 64.53177282183032 0 0 24.0 1 68
199.99999999999983 53.58983848622461 0 0 24.0 1 69
218.40380010418124 43.597390324652906 0 0 24.0 1 70
237.30534276967995 34.58181694295962 0 0 24.0 1 71
256.65282018187975 26.567829401119354 0 0 24.0 1 72
276.393202250021 19.5773934819386 0 0 24.0 1 73
296.4723819589917 13.629669484372698 0 0 24.0 1 74
316.8353236728961 8.740959706477781 0 0 24.0 1 75
337.4262139839076 4.924663761944942 0 0 24.0 1 76
358.18861469293864 2.1912418526906663 0 0 24.0 1 77
379.0656175028223 0.5481860981704472 0 0 24.0 1 78
399.99999999999994 0.0 0 0 24.0 1 79
420.9343824971776 0.5481860981704472 0 0 24.0 1 80
441.8113853070612 2.1912418526906663 0 0 24.0 1 81
462.5737860160923 4.924663761944885 0 0 24.0 1 82
483.1646763271038 8.740959706477781 0 0 24.0 1 83
503.5276180410081 13.629669484372641 0 0 24.0 1 84
523.6067977499789 19.577393481938543 0 0 24.0 1 85
543.3471798181201 26.567829401119297 0 0 24.0 1 86
562.6946572303199 34.58181694295956 0 0 24.0 1 87
581.5961998958187 43.59739032465279 0 0 24.0 1 88
600.0 53.58983848622455 0 0 24.0 1 89
617.8556140060107 64.53177282183032 0 0 24.0 1 90
635.1141009169892 76.39320225002098 0 0 24.0 1 91
651.728156419935 89.14161541721171 0 0 24.0 1 92
667.6522425435431 102.74206980904216 0 0 24.0 1 93
682.842712474619 117.15728752538092 0 0 24.0 1 94
697.2579301909577 132.34775745645675 0 0 24.0 1 95
710.8583845827882 148.27184358006485 0 0 24.0 1 96
723.6067977499789 164.88589908301066 0 0 24.0 1 97
735.4682271781696 182.1443859939892 0 0 24.0 1 98
746.4101615137754 199.99999999999983 0 0 24.0 1 99
756.4026096753471 218.40380010418122 0 0 24.0 1 100
765.4181830570403 237.30534276967995 0 0 24.0 1 101
773.4321705988806 256.6528201818797 0 0 24.0 1 102
780.4226065180615 276.3932022500209 0 0 24.0 1 103
786.3703305156273 296.4723819589917 0 0 24.0 1 104
791.2590402935223 316.83532367289604 0 0 24.0 1 105
795.0753362380551 337.4262139839076 0 0 24.0 1 106
797.8087581473094 358.18861469293864 0 0 24.0 1 107
799.4518139018296 379.06561750282225 0 0 24.0 1 108
800.0 399.9999999999999 0 0 24.0 1 109
336.61901051130025 99.61383159101126 0 0 11.0 1 110
173.4414193399653 479.19096873577536 0 0 13.0 1 111
283.6887691949175 660.1858904487459 0 0 11.0 1 112
336.7650991951245 163.30114634794373 0 0 10.0 1 113
97.5549130334764 468.0218300974915 0 0 12.0 1 114
668.8670221935238 606.4740283347694 0 0 11.0 1 115
640.5351093443236 508.80653092859046 0 0 10.0 1 116
369.3123462127448 123.69895420930169 0 0 13.0 1 117
537.1022800941242 673.567112045641 0 0 10.0 1 118
121.17654911721166 173.86180500009885 0 0 13.0 1 119
167.75110329148276 289.9570539394892 0 0 13.0 1 120
491.5812232962151 755.389757223768 0 0 11.0 1 121
457.8284780561199 542.7300498343388 0 0 10.0 1 122
544.2977712741857 267.35704615282884 0 0 12.0 1 123
524.5236431244011 557.7810581249435 0 0 11.0 1 124
712.2537889583102 551.3491700709952 0 0 13.0 1 125
194.58722429630907 690.7603679625288 0 0 12.0 1 126
538.6969054758997 569.4820592611777 0 0 12.0 1 127
415.1179637041902 627.4982355391769 0 0 13.0 1 128
386.8915757241572 528.3322609985677 0 0 13.0 1 129
352.7124890122006 721.5414301525991 0 0 13.0 1 130
150.30080700839784 460.8219780946215 0 0 11.0 1 131
132.9470273331072 236.74648613345005 0 0 11.0 1 132
170.32174078869667 432.7398418698892 0 0 12.0 1 133
527.0340841904756 614.1572820473009 0 0 12.0 1 134
397.1274394937711 270.03174081285056 0 0 13.0 1 135
151.79142411062136 667.6144668267516 0 0 12.0 1 136
179.93440206838864 344.321165538399 0 0 11.0 1 137
500.9194142832679 518.959118274818 0 0 10.0 1 138
237.48592879831375 141.90277672657294 0 0 13.0 1 139
367.32537582364193 105.80895843868092 0 0 11.0 1 140
344.74742392723715 267.0219836314154 0 0 13.0 1 141
478.75524646083295 150.11680497701838 0 0 12.0 1 142
301.42380445158255 596.6792659921227 0 0 12.0 1 143
274.6514943782945 507.2974936259243 0 0 11.0 1 144
248.72245679329387 164.383563983021 0 0 11.0 1 145
545.6852960673809 725.9214545097631 0 0 13.0 1 146
689.4880917422896 622.309794519737 0 0 10.0 1 147
219.59962124856273 283.0354611587855 0 0 10.0 1 148
83.72225578279 243.22822794624955 0 0 10.0 1 149
534.4610788866137 206.05099055512588 0 0 12.0 1 150
448.2593021545882 639.1799317575623 0 0 12.0 1 151
455.1817430374185 673.488528526065 0 0 11.0 1 152
202.3052303888023 114.82325117854464 0 0 13.0 1 153
48.713243920571244 443.7448854518093 0 0 12.0 1 154
212.73548699345724 416.61331298755226 -2 5 10.0 1 155
522.0750575429795 717.3289780746131 21 15 12.0 1 156
590.9741462934036 439.41922687605245 -8 1 11.0 1 157
664.2711352816943 464.3798653068209 0 10 12.0 1 158
227.3731550657265 150.98399166310955 19 9 11.0 1 159
462.02847339563556 538.7676781105994 0 13 11.0 1 160
450.14146381458704 112.33729194327174 -10 3 10.0 1 161
541.3116149919692 628.8930480996778 -10 16 11.0 1 162
497.6848176716247 515.14632602242 -2 -12 11.0 1 163
339.86467350270243 697.9928564698547 -6 13 13.0 1 164
234.6843410421002 617.2549951170637 5 -8 11.0 1 165
691.6256725050748 513.6814282808009 -7 10 11.0 1 166
752.1997939489195 479.223135145857 18 -2 13.0 1 167
269.592655748865 638.7004913387611 -14 10 10.0 1 168
155.00000011131354 399.9926146334269 -8 12 12.0 1 169
347.6199878288991 756.1689687844174 1 -2 10.0 1 170
133.69151943071586 163.74633722018356 9 -10 10.0 1 171
512.5158656359655 305.39989439652106 -2 4 10.0 1 172
193.97562469766305 454.0643762683137 1 -13 13.0 1 173
259.11913235882366 434.3159020378215 19 -13 11.0 1 174
519.4517658412202 562.8965181868978 17 15 10.0 1 175
110.76371330965924 223.18549137137242 15 1 10.0 1 176
570.5889745959125 163.01181095608345 -13 18 11.0 1 177
631.1615091264995 682.4700987686294 3 11 13.0 1 178
658.0840616099224 500.6062480312519 -15 19 11.0 1 179
612.3901435312359 332.03363382686246 -6 14 11.0 1 180
265.7313833786626 564.0607771241876 -3 -3 12.0 1 181
58.203119326485364 470.54000540016415 -17 20 11.0 1 182
581.3266742566666 474.4085828585434 14 9 10.0 1 183
493.566307136613 136.09595272368978 14 21 11.0 1 184
720.756190466081 445.7325516201228 22 -6 10.0 1 185
643.5173152112154 223.08104343422798 17 -17 10.0 1 186
328.8503778568844 90.0617299059507 -11 8 13.0 1 187
248.55908415120538 507.9891152240739 -12 12 12.0 1 188
675.6905557575849 513.1314167951323 19 5 10.0 1 189
650.2045793337911 380.03331573844474 19 21 11.0 1 190
495.91453519447475 247.68321846090672 -4 -13 11.0 1 191
287.52901537748704 664.0440827173418 -2 6 10.0 1 192
549.3580346237014 734.1379617663117 -2 -6 12.0 1 193
529.864605642917 648.0628634060521 1 -13 13.0 1 194
510.61805609765844 49.01902378451433 -1 11 10.0 1 195
562.1218562690336 497.1468152843046 8 -12 11.0 1 196
525.3197030192208 344.6468425907401 -2 18 11.0 1 197
632.9486433023301 465.56622288651204 -10 13 13.0 1 198
607.8031751078591 587.664169236145 7 -8 12.0 1 199
626.2222869481581 530.1709525506565 0 -13 10.0 1 200
345.4033288404642 86.72184324741454 12 -4 10.0 1 201
158.66981095850707 327.44836420040355 -12 7 12.0 1 202
169.0360725426969 404.0821824429627 -3 -9 12.0 1 203
407.47884361654104 62.08275140478651 8 1 11.0 1 204
327.6327735466352 183.78949022897288 9 -2 11.0 1 205
700.9590120371003 357.1085897451186 2 20 13.0 1 206
254.96456034770634 577.2165941577308 -10 -3 12.0 1 207
127.03760106655079 625.4052545272548 3 -14 11.0 1 208
611.4051541397939 507.1301115612691 10 -16 11.0 1 209
709.3268152108722 307.016553131759 2 9 11.0 1 210
559.7966433950673 218.26108628125436 0 12 10.0 1 211
353.7460379166065 609.9656424074853 9 -13 10.0 1 212
506.5575453601841 535.0166268531855 -1 -4 12.0 1 213
192.13125342395048 616.3113131505195 18 -17 10.0 1 214
496.7863864778781 275.11447084407735 19 -5 12.0 1 215
458.9042307322288 561.5991695580282 2 17 13.0 1 216
657.5054039156978 384.03231531457004 -8 11 10.0 1 217
261.6363235212892 347.46912306752677 4 6 13.0 1 218
631.9212661449217 517.5267046663712 22 1 10.0 1 219
