400 400 -7.071067811865475 7.0710678118654755 5 2 -1 10 187
57.15728752538104 742.842712474619
800.0 400.0 0 0 24.0 1 0
799.4518139018296 420.9343824971775 0 0 24.0 1 1
797.8087581473094 441.8113853070614 0 0 24.0 1 2
795.0753362380551 462.57378601609236 0 0 24.0 1 3
791.2590402935223 483.16467632710373 0 0 24.0 1 4
786.3703305156273 503.5276180410083 0 0 24.0 1 5
780.4226065180615 523.6067977499789 0 0 24.0 1 6
773.4321705988807 543.3471798181201 0 0 24.0 1 7
765.4181830570403 562.6946572303201 0 0 24.0 1 8
756.4026096753471 581.5961998958187 0 0 24.0 1 9
746.4101615137755 600.0 0 0 24.0 1 10
735.4682271781696 617.8556140060108 0 0 24.0 1 11
723.606797749979 635.1141009169893 0 0 24.0 1 12
710.8583845827884 651.728156419935 0 0 24.0 1 13
697.2579301909577 667.6522425435433 0 0 24.0 1 14
682.842712474619 682.842712474619 0 0 24.0 1 15
667.6522425435433 697.2579301909577 0 0 24.0 1 16
651.728156419935 710.8583845827884 0 0 24.0 1 17
635.1141009169893 723.606797749979 0 0 24.0 1 18
617.8556140060108 735.4682271781696 0 0 24.0 1 19
600.0 746.4101615137754 0 0 24.0 1 20
581.5961998958187 756.4026096753471 0 0 24.0 1 21
562.6946572303201 765.4181830570403 0 0 24.0 1 22
543.3471798181201 773.4321705988807 0 0 24.0 1 23
523.606797749979 780.4226065180615 0 0 24.0 1 24
503.5276180410083 786.3703305156273 0 0 24.0 1 25
483.1646763271038 791.2590402935223 0 0 24.0 1 26
462.57378601609236 795.0753362380551 0 0 24.0 1 27
441.8113853070614 797.8087581473094 0 0 24.0 1 28
420.9343824971776 799.4518139018296 0 0 24.0 1 29
400.0 800.0 0 0 24.0 1 30
379.0656175028225 799.4518139018296 0 0 24.0 1 31
358.1886146929386 797.8087581473094 0 0 24.0 1 32
337.4262139839077 795.0753362380551 0 0 24.0 1 33
316.83532367289627 791.2590402935223 0 0 24.0 1 34
296.47238195899166 786.3703305156273 0 0 24.0 1 35
276.3932022500211 780.4226065180615 0 0 24.0 1 36
256.65282018187986 773.4321705988807 0 0 24.0 1 37
237.3053427696799 765.4181830570403 0 0 24.0 1 38
218.4038001041813 756.4026096753471 0 0 24.0 1 39
43.597390324652906 581.5961998958187 0 0 24.0 1 40
34.58181694295968 562.6946572303202 0 0 24.0 1 41
26.567829401119297 543.3471798181201 0 0 24.0 1 42
19.5773934819386 523.606797749979 0 0 24.0 1 43
13.629669484372698 503.5276180410084 0 0 24.0 1 44
8.740959706477724 483.16467632710373 0 0 24.0 1 45
4.924663761944942 462.5737860160924 0 0 24.0 1 46
2.1912418526906663 441.81138530706147 0 0 24.0 1 47
0.5481860981704472 420.9343824971775 0 0 24.0 1 48
0.0 400.00000000000006 0 0 24.0 1 49
0.5481860981704472 379.0656175028226 0 0 24.0 1 50
2.1912418526906663 358.1886146929386 0 0 24.0 1 51
4.924663761944885 337.4262139839077 0 0 24.0 1 52
8.740959706477781 316.8353236728962 0 0 24.0 1 53
13.629669484372698 296.47238195899166 0 0 24.0 1 54
19.577393481938543 276.3932022500211 0 0 24.0 1 55
26.567829401119297 256.65282018187986 0 0 24.0 1 56
34.58181694295968 237.30534276967992 0 0 24.0 1 57
43.59739032465285 218.40380010418136 0 0 24.0 1 58
53.58983848622455 199.99999999999994 0 0 24.0 1 59
64.53177282183037 182.14438599398918 0 0 24.0 1 60
76.39320225002103 164.8858990830108 0 0 24.0 1 61
89.14161541721171 148.27184358006497 0 0 24.0 1 62
102.74206980904228 132.3477574564567 0 0 24.0 1 63
117.15728752538092 117.15728752538104 0 0 24.0 1 64
132.34775745645675 102.74206980904228 0 0 24.0 1 65
148.27184358006485 89.14161541721177 0 0 24.0 1 66
164.8858990830107 76.39320225002109 0 0 24.0 1 67
182.1443859939892 64.53177282183032 0 0 24.0 1 68
199.99999999999983 53.58983848622461 0 0 24.0 1 69
218.40380010418124 43.597390324652906 0 0 24.0 1 70
237.30534276967995 34.58181694295962 0 0 24.0 1 71
256.65282018187975 26.567829401119354 0 0 24.0 1 72
276.393202250021 19.5773934819386 0 0 24.0 1 73
296.4723819589917 13.629669484372698 0 0 24.0 1 74
316.8353236728961 8.740959706477781 0 0 24.0 1 75
337.4262139839076 4.924663761944942 0 0 24.0 1 76
358.18861469293864 2.1912418526906663 0 0 24.0 1 77
379.0656175028223 0.5481860981704472 0 0 24.0 1 78
399.99999999999994 0.0 0 0 24.0 1 79
420.9343824971776 0.5481860981704472 0 0 24.0 1 80
441.8113853070612 2.1912418526906663 0 0 24.0 1 81
462.5737860160923 4.924663761944885 0 0 24.0 1 82
483.1646763271038 8.740959706477781 0 0 24.0 1 83
503.5276180410081 13.629669484372641 0 0 24.0 1 84
523.6067977499789 19.577393481938543 0 0 24.0 1 85
543.3471798181201 26.567829401119297 0 0 24.0 1 86
562.6946572303199 34.58181694295956 0 0 24.0 1 87
581.5961998958187 43.59739032465279 0 0 24.0 1 88
600.0 53.58983848622455 0 0 24.0 1 89
617.8556140060107 64.53177282183032 0 0 24.0 1 90
635.1141009169892 76.39320225002098 0 0 24.0 1 91
651.728156419935 89.14161541721171 0 0 24.0 1 92
667.6522425435431 102.74206980904216 0 0 24.0 1 93
682.842712474619 117.15728752538092 0 0 24.0 1 94
697.2579301909577 132.34775745645675 0 0 24.0 1 95
710.8583845827882 148.27184358006485 0 0 24.0 1 96
723.6067977499789 164.88589908301066 0 0 24.0 1 97
735.4682271781696 182.1443859939892 0 0 24.0 1 98
746.4101615137754 199.99999999999983 0 0 24.0 1 99
756.4026096753471 218.40380010418122 0 0 24.0 1 100
765.4181830570403 237.30534276967995 0 0 24.0 1 101
773.4321705988806 256.6528201818797 0 0 24.0 1 102
780.4226065180615 276.3932022500209 0 0 24.0 1 103
786.3703305156273 296.4723819589917 0 0 24.0 1 104
791.2590402935223 316.83532367289604 0 0 24.0 1 105
795.0753362380551 337.4262139839076 0 0 24.0 1 106
797.8087581473094 358.18861469293864 0 0 24.0 1 107
799.4518139018296 379.06561750282225 0 0 24.0 1 108
800.0 399.9999999999999 0 0 24.0 1 109
301.95646241985594 549.7613592979541 0 0 11.0 1 110
498.63911971674713 320.00422472714433 0 0 12.0 1 111
576.4480507203085 262.006937141741 0 0 11.0 1 112
399.2527558322574 230.00164228395096 0 0 10.0 1 113
155.88507145029737 636.6598860372699 0 0 13.0 1 114
347.7189657701966 217.3344765428842 0 0 12.0 1 115
268.22150343731045 278.85781971717194 0 0 10.0 1 116
253.5750882342458 412.9901968572882 0 0 10.0 1 117
532.6257550681194 632.8828226654151 0 0 10.0 1 118
122.18120599084466 212.80566863470855 0 0 13.0 1 119
411.9514178513027 241.44980728064832 0 0 12.0 1 120
433.2867780130967 227.1764182482413 0 0 13.0 1 121
481.89816115977595 592.2854419831292 0 0 13.0 1 122
326.70927925573807 52.64791600914987 0 0 12.0 1 123
517.2086644598917 579.0478399074631 0 0 11.0 1 124
689.0 400.0 0 0 10.0 1 125
448.2525730544485 123.1739008084225 0 0 10.0 1 126
118.04403661056506 404.9834435017986 0 0 10.0 1 127
413.68023930149116 218.51487374262888 0 0 11.0 1 128
400.787774241873 222.0017432339748 0 0 13.0 1 129
330.50347829662724 551.8526702798888 0 0 11.0 1 130
467.83992065173675 736.2242483313273 0 0 10.0 1 131
75.27078683294184 256.5568470929919 0 0 13.0 1 132
122.34713709022316 345.2470300531134 0 0 12.0 1 133
583.3767641743542 431.1281602563221 0 0 10.0 1 134
673.8416236659098 301.5532369855755 0 0 10.0 1 135
355.79453992368445 640.9789976314145 0 0 13.0 1 136
78.37101755470906 545.4778252903401 0 0 13.0 1 137
571.384864681089 341.79151128705684 0 0 13.0 1 138
552.4020706895656 593.1051756156023 0 0 11.0 1 139
439.56789716839467 669.1066359525 0 0 11.0 1 140
687.8818018221045 448.8678644884196 0 0 12.0 1 141
274.0950162410277 509.7129667115647 0 0 10.0 1 142
359.43551038811273 85.60610345853229 0 0 10.0 1 143
643.3354990793506 242.24121296167564 0 0 12.0 1 144
684.3649388840686 177.60939423289503 0 0 13.0 1 145
71.00000014947818 399.9900825077447 0 0 10.0 1 146
541.5827467638669 682.507213746479 0 0 11.0 1 147
428.53651822920307 217.21414954282056 0 0 13.0 1 148
699.6556533807416 545.2428634975257 0 0 11.0 1 149
372.7255990038978 38.026096175009 0 0 11.0 1 150
244.60544132892528 319.5168891293215 0 0 12.0 1 151
357.9000092781057 252.9061837424278 0 0 12.0 1 152
524.6374543048329 185.59499776262058 0 0 12.0 1 153
290.74416546202565 699.7067944164943 0 0 13.0 1 154
163.45371852284947 340.151384984006 18 2 10.0 1 155
390.41326898756967 596.7665992705452 -8 -16 13.0 1 156
268.46643555309777 164.20576465084514 -9 12 11.0 1 157
352.55255011939573 266.16151711922487 21 -15 11.0 1 158
283.30302536851593 296.4731140627771 14 -4 13.0 1 159
606.9271889670644 394.5101488008485 2 4 12.0 1 160
421.87795491325335 558.4971769111793 19 -14 10.0 1 161
720.7942052248491 518.5541137799844 21 -17 11.0 1 162
235.0276248133725 526.6811565517248 -12 15 12.0 1 163
426.7591494029168 45.007115672394946 -14 -5 13.0 1 164
268.2922708217284 334.7154376999963 -8 -13 10.0 1 165
175.5827410932999 200.90983473610973 -15 10 13.0 1 166
361.4465521222078 244.71435463400243 -16 -17 13.0 1 167
485.3933505473805 500.65771546330757 16 7 13.0 1 168
112.04594943708202 296.4699813367714 -13 8 10.0 1 169
270.78298452222634 316.22074892303704 3 17 10.0 1 170
475.4026953052483 136.57936007081014 1 -8 13.0 1 171
324.6300688087017 692.4437954072866 21 2 12.0 1 172
638.5330504736539 180.73307629345175 -8 -16 13.0 1 173
552.3598644569641 217.1599833114876 -14 -3 11.0 1 174
86.7062627935386 515.7714741514882 14 5 13.0 1 175
378.80564918290287 209.17337844671195 -10 10 10.0 1 176
73.32019404611009 385.5326442661818 -10 -12 12.0 1 177
618.2005001011186 555.6037973689002 -13 -17 13.0 1 178
373.3266877310846 46.00348248520163 20 -4 13.0 1 179
223.29301397075565 565.3440083234359 2 1 11.0 1 180
240.40063157530318 411.3155467582386 19 6 13.0 1 181
294.677473249328 533.4434912569885 -2 4 12.0 1 182
420.4989832971969 570.7740954705404 11 -8 12.0 1 183
377.4908208011516 667.053059993317 11 0 11.0 1 184
496.0924504070115 305.17784554875357 -5 -3 12.0 1 185
410.7480036191122 620.7384887558206 10 -10 10.0 1 186
551.4538655937596 342.5045515131205 7 -8 11.0 1 187
285.26424899617115 714.7391101239047 7 8 12.0 1 188
604.6684217456026 668.9885446262799 2 -11 13.0 1 189
305.9508149403458 605.5012184626041 -13 6 12.0 1 190
558.4952339705169 586.8268203675027 -2 14 13.0 1 191
89.54353424171262 198.71218897093317 22 -15 12.0 1 192
507.6123585379985 497.18323049728934 -7 22 11.0 1 193
516.2575546047485 238.49092595979658 21 -3 10.0 1 194
236.1849673685931 347.5725731704187 -4 16 10.0 1 195
58.57527811801293 332.67125957061296 -2 -13 11.0 1 196
348.1525355251264 635.3568363730417 4 -4 10.0 1 197
561.72983058216 590.6396126199006 14 16 12.0 1 198
672.2467665992971 438.8162089368326 10 -8 10.0 1 199
634.6142277458572 176.54493932959346 7 21 12.0 1 200
666.2475051047513 191.77832479423412 -8 -1 10.0 1 201
392.75230887659166 72.08008451242296 8 2 12.0 1 202
468.9379551070533 625.7067972960892 -5 14 12.0 1 203
327.99770433730555 621.5957342082693 -1 -5 13.0 1 204
589.1574091917989 561.9273743004755 -6 1 10.0 1 205
496.00521075826555 568.5793567055617 21 -12 12.0 1 206
193.20269164386787 390.84176563639033 -5 -7 13.0 1 207
466.190570591034 507.21384409129894 5 -2 11.0 1 208
564.9685563901267 526.6861294797405 15 -16 12.0 1 209
166.08677448580332 465.8301065588122 17 1 13.0 1 210
266.54816676048426 698.5290743043506 -9 -13 13.0 1 211
764.9428076564072 406.46120266347594 19 18 12.0 1 212
506.5851666768376 650.2470823895271 6 -6 11.0 1 213
370.7935340998392 643.2529184812029 -13 11 10.0 1 214
332.85277213379516 238.39477177428955 -5 -12 13.0 1 215
201.44344879485067 328.6116537975777 5 -8 12.0 1 216
449.95720693637645 609.1154644571177 7 5 12.0 1 217
457.0363638148092 745.3213766953686 -3 -9 10.0 1 218
471.6023167533282 235.94480125410212 18 9 12.0 1 219
