400 400 7.0710678118654755 7.0710678118654755 5 2 -1 10 187
742.842712474619 742.842712474619
800.0 400.0 0 0 24.0 1 0
799.4518139018296 420.9343824971775 0 0 24.0 1 1
797.8087581473094 441.8113853070614 0 0 24.0 1 2
795.0753362380551 462.57378601609236 0 0 24.0 1 3
791.2590402935223 483.16467632710373 0 0 24.0 1 4
786.3703305156273 503.5276180410083 0 0 24.0 1 5
780.4226065180615 523.6067977499789 0 0 24.0 1 6
773.4321705988807 543.3471798181201 0 0 24.0 1 7
765.4181830570403 562.6946572303201 0 0 24.0 1 8
756.4026096753471 581.5961998958187 0 0 24.0 1 9
581.5961998958187 756.4026096753471 0 0 24.0 1 10
562.6946572303201 765.4181830570403 0 0 24.0 1 11
543.3471798181201 773.4321705988807 0 0 24.0 1 12
523.606797749979 780.4226065180615 0 0 24.0 1 13
503.5276180410083 786.3703305156273 0 0 24.0 1 14
483.1646763271038 791.2590402935223 0 0 24.0 1 15
462.57378601609236 795.0753362380551 0 0 24.0 1 16
441.8113853070614 797.8087581473094 0 0 24.0 1 17
420.9343824971776 799.4518139018296 0 0 24.0 1 18
400.0 800.0 0 0 24.0 1 19
379.0656175028225 799.4518139018296 0 0 24.0 1 20
358.1886146929386 797.8087581473094 0 0 24.0 1 21
337.4262139839077 795.0753362380551 0 0 24.0 1 22
316.83532367289627 791.2590402935223 0 0 24.0 1 23
296.47238195899166 786.3703305156273 0 0 24.0 1 24
276.3932022500211 780.4226065180615 0 0 24.0 1 25
256.65282018187986 773.4321705988807 0 0 24.0 1 26
237.3053427696799 765.4181830570403 0 0 24.0 1 27
218.4038001041813 756.4026096753471 0 0 24.0 1 28
200.00000000000009 746.4101615137755 0 0 24.0 1 29
182.14438599398918 735.4682271781696 0 0 24.0 1 30
164.8858990830108 723.606797749979 0 0 24.0 1 31
148.27184358006508 710.8583845827884 0 0 24.0 1 32
132.3477574564567 697.2579301909577 0 0 24.0 1 33
117.15728752538104 682.842712474619 0 0 24.0 1 34
102.74206980904233 667.6522425435434 0 0 24.0 1 35
89.14161541721165 651.728156419935 0 0 24.0 1 36
76.39320225002109 635.1141009169893 0 0 24.0 1 37
64.53177282183043 617.8556140060109 0 0 24.0 1 38
53.589838486224494 600.0 0 0 24.0 1 39
43.597390324652906 581.5961998958187 0 0 24.0 1 40
34.58181694295968 562.6946572303202 0 0 24.0 1 41
26.567829401119297 543.3471798181201 0 0 24.0 1 42
19.5773934819386 523.606797749979 0 0 24.0 1 43
13.629669484372698 503.5276180410084 0 0 24.0 1 44
8.740959706477724 483.16467632710373 0 0 24.0 1 45
4.924663761944942 462.5737860160924 0 0 24.0 1 46
2.1912418526906663 441.81138530706147 0 0 24.0 1 47
0.5481860981704472 420.9343824971775 0 0 24.0 1 48
0.0 400.00000000000006 0 0 24.0 1 49
0.5481860981704472 379.0656175028226 0 0 24.0 1 50
2.1912418526906663 358.1886146929386 0 0 24.0 1 51
4.924663761944885 337.4262139839077 0 0 24.0 1 52
8.740959706477781 316.8353236728962 0 0 24.0 1 53
13.629669484372698 296.47238195899166 0 0 24.0 1 54
19.577393481938543 276.3932022500211 0 0 24.0 1 55
26.567829401119297 256.65282018187986 0 0 24.0 1 56
34.58181694295968 237.30534276967992 0 0 24.0 1 57
43.59739032465285 218.40380010418136 0 0 24.0 1 58
53.58983848622455 199.99999999999994 0 0 24.0 1 59
64.53177282183037 182.14438599398918 0 0 24.0 1 60
76.39320225002103 164.8858990830108 0 0 24.0 1 61
89.14161541721171 148.27184358006497 0 0 24.0 1 62
102.74206980904228 132.3477574564567 0 0 24.0 1 63
117.15728752538092 117.15728752538104 0 0 24.0 1 64
132.34775745645675 102.74206980904228 0 0 24.0 1 65
148.27184358006485 89.14161541721177 0 0 24.0 1 66
164.8858990830107 76.39320225002109 0 0 24.0 1 67
182.1443859939892 64.53177282183032 0 0 24.0 1 68
199.99999999999983 53.58983848622461 0 0 24.0 1 69
218.40380010418124 43.597390324652906 0 0 24.0 1 70
237.30534276967995 34.58181694295962 0 0 24.0 1 71
256.65282018187975 26.567829401119354 0 0 24.0 1 72
276.393202250021 19.5773934819386 0 0 24.0 1 73
296.4723819589917 13.629669484372698 0 0 24.0 1 74
316.8353236728961 8.740959706477781 0 0 24.0 1 75
337.4262139839076 4.924663761944942 0 0 24.0 1 76
358.18861469293864 2.1912418526906663 0 0 24.0 1 77
379.0656175028223 0.5481860981704472 0 0 24.0 1 78
399.99999999999994 0.0 0 0 24.0 1 79
420.9343824971776 0.5481860981704472 0 0 24.0 1 80
441.8113853070612 2.1912418526906663 0 0 24.0 1 81
462.5737860160923 4.924663761944885 0 0 24.0 1 82
483.1646763271038 8.740959706477781 0 0 24.0 1 83
503.5276180410081 13.629669484372641 0 0 24.0 1 84
523.6067977499789 19.577393481938543 0 0 24.0 1 85
543.3471798181201 26.567829401119297 0 0 24.0 1 86
562.6946572303199 34.58181694295956 0 0 24.0 1 87
581.5961998958187 43.59739032465279 0 0 24.0 1 88
600.0 53.58983848622455 0 0 24.0 1 89
617.8556140060107 64.53177282183032 0 0 24.0 1 90
635.1141009169892 76.39320225002098 0 0 24.0 1 91
651.728156419935 89.14161541721171 0 0 24.0 1 92
667.6522425435431 102.74206980904216 0 0 24.0 1 93
682.842712474619 117.15728752538092 0 0 24.0 1 94
697.2579301909577 132.34775745645675 0 0 24.0 1 95
710.8583845827882 148.27184358006485 0 0 24.0 1 96
723.6067977499789 164.88589908301066 0 0 24.0 1 97
735.4682271781696 182.1443859939892 0 0 24.0 1 98
746.4101615137754 199.99999999999983 0 0 24.0 1 99
756.4026096753471 218.40380010418122 0 0 24.0 1 100
765.4181830570403 237.30534276967995 0 0 24.0 1 101
773.4321705988806 256.6528201818797 0 0 24.0 1 102
780.4226065180615 276.3932022500209 0 0 24.0 1 103
786.3703305156273 296.4723819589917 0 0 24.0 1 104
791.2590402935223 316.83532367289604 0 0 24.0 1 105
795.0753362380551 337.4262139839076 0 0 24.0 1 106
797.8087581473094 358.18861469293864 0 0 24.0 1 107
799.4518139018296 379.06561750282225 0 0 24.0 1 108
800.0 399.9999999999999 0 0 24.0 1 109
249.00591521440978 398.66345229714904 0 0 11.0 1 110
208.98759202138314 660.4673875904821 0 0 13.0 1 111
263.83135578496444 566.3823918948128 0 0 12.0 1 112
238.31765222798808 612.4801600595458 0 0 10.0 1 113
300.01021629576474 297.7696563892097 0 0 10.0 1 114
188.55397467273397 262.90668005587884 0 0 11.0 1 115
403.4573640408734 660.9770998265726 0 0 13.0 1 116
569.6824623694446 181.05511660638874 0 0 13.0 1 117
250.2691912942469 469.32304756948565 0 0 10.0 1 118
722.3177055288542 448.85997035012247 0 0 13.0 1 119
544.6632558176699 278.3712927955271 0 0 13.0 1 120
48.344673713243935 384.426577314055 0 0 10.0 1 121
480.30946148448453 160.08461825870336 0 0 12.0 1 122
464.4660153479694 244.86092411917824 0 0 13.0 1 123
679.5332086465587 473.36337821937764 0 0 11.0 1 124
339.9581354386912 519.7955529224747 0 0 10.0 1 125
233.34395916755892 278.9142285235142 0 0 10.0 1 126
48.77344739371455 478.9930930164417 0 0 13.0 1 127
588.5369451760077 469.6765405549031 0 0 13.0 1 128
350.26887785709613 608.1413353719236 0 0 12.0 1 129
160.4572878581637 304.170520925274 0 0 10.0 1 130
271.3309877666909 245.58081307394298 0 0 10.0 1 131
683.5411814025049 344.0947368410467 0 0 10.0 1 132
260.01841345212875 713.1360014874381 0 0 13.0 1 133
268.251402160099 475.80439939225187 0 0 10.0 1 134
629.4114241392904 551.6423373414649 0 0 12.0 1 135
481.55940753032485 578.2247542944089 0 0 12.0 1 136
229.81276389245562 134.93150948089863 0 0 13.0 1 137
403.53684367399694 666.9765733858042 0 0 11.0 1 138
255.32601282042538 368.80004112880476 0 0 10.0 1 139
401.1152758929888 148.00246794922273 0 0 11.0 1 140
709.1145951862209 246.7904472858861 0 0 12.0 1 141
64.97479824674008 355.25500932855726 0 0 12.0 1 142
491.2073089435096 156.52263596941253 0 0 11.0 1 143
445.13154025569605 242.33217172121485 0 0 13.0 1 144
485.6303028393904 300.86145433972575 0 0 11.0 1 145
619.1867175098862 205.56187907912363 0 0 11.0 1 146
369.0962238719609 222.67274146080067 0 0 11.0 1 147
248.8561459389134 416.11010178617585 0 0 12.0 1 148
512.9141571097377 271.5811808020434 0 0 11.0 1 149
539.4254686495295 290.9608387236078 0 0 13.0 1 150
615.6626631848741 514.1298195390125 0 0 10.0 1 151
320.8926036711865 544.7999304077043 0 0 12.0 1 152
674.2267430836556 439.0985086381914 0 0 13.0 1 153
422.08133186310613 662.0713925310265 0 0 10.0 1 154
271.8153256713109 75.39302338482014 -2 4 13.0 1 155
589.5473614422916 623.4296259905236 -1 -1 12.0 1 156
739.4645285995387 333.06843926298325 11 13 12.0 1 157
537.6104201690121 310.7846859507407 -4 6 12.0 1 158
610.5987605011215 375.6656194779643 10 6 12.0 1 159
233.52962464010508 386.71037519206465 12 -17 11.0 1 160
248.2484269380036 614.8033055453513 0 17 13.0 1 161
602.4067479211186 319.0339058864963 20 -8 13.0 1 162
542.1473373927123 481.79324221573813 -4 2 10.0 1 163
357.9376957576374 576.044774309898 20 -1 13.0 1 164
533.7042498538092 61.445464406352755 5 13 11.0 1 165
240.51767201741248 178.42746771936197 7 -7 10.0 1 166
486.2942160646579 557.9661617998809 3 -17 13.0 1 167
499.1116863676239 242.60599240960363 -1 15 10.0 1 168
301.2362103447582 486.0622673006885 18 -14 12.0 1 169
578.0686402021845 585.3120594471524 17 11 11.0 1 170
493.6664387712125 162.82580610884602 -5 22 10.0 1 171
289.16564274735714 319.4720840180653 -16 11 12.0 1 172
249.904940312727 452.46401678745116 -10 -7 10.0 1 173
367.1740152159503 244.42540463508402 -3 -7 12.0 1 174
724.3579504794666 546.7239583734023 -9 -11 12.0 1 175
221.1538206605299 592.8290541792759 -14 8 11.0 1 176
495.7979508231568 530.6397819122645 -4 5 10.0 1 177
153.14101520262986 181.0008182097207 -1 20 13.0 1 178
125.13886027844995 441.65757879390696 13 -14 10.0 1 179
654.7882588715856 375.1214320913385 -2 1 12.0 1 180
277.6902460297298 504.6963422652958 -8 20 11.0 1 181
214.27497015904385 468.6309936586666 17 -4 12.0 1 182
591.4712708859914 488.65524477042123 -14 12 10.0 1 183
465.5291745361129 192.08192169843514 2 -14 13.0 1 184
291.9416806128556 189.0677843210623 20 -1 12.0 1 185
735.9869271664558 397.03608818573434 -3 8 13.0 1 186
119.85541642163292 267.2633724561932 -7 -8 13.0 1 187
611.5985867152008 270.6553514824459 -5 21 10.0 1 188
459.81791620498376 210.2032221008651 -8 5 12.0 1 189
624.7844206008214 438.15709966904 15 2 12.0 1 190
569.2111568735424 552.8122520922894 -2 -9 13.0 1 191
720.9875107750961 397.16840567744265 8 -9 10.0 1 192
167.0363848590839 404.1175260138974 -5 18 12.0 1 193
227.69354992987158 448.49213610710854 13 -11 13.0 1 194
128.20258469503904 471.32436493613216 -5 16 11.0 1 195
648.1876604828498 276.98827216866795 -13 17 11.0 1 196
166.33108680109413 329.7515907337241 16 -16 10.0 1 197
619.5171749910486 360.74175393691985 6 -1 12.0 1 198
532.130882847716 632.013856909201 -5 -15 13.0 1 199
649.7945940954071 294.9111768040443 7 -12 13.0 1 200
535.7581400932014 670.8850815353896 16 15 12.0 1 201
651.6405295513193 461.30288645024484 8 -8 11.0 1 202
225.89191508842956 221.9905205658267 22 12 10.0 1 203
468.77829420077876 687.8984999037527 -8 4 12.0 1 204
187.61190536742015 332.0272314942057 -2 -2 10.0 1 205
236.7943610590387 575.9656768175901 9 -8 10.0 1 206
596.2287786617292 417.4145463600437 5 -16 10.0 1 207
233.14396574264111 259.7036570971749 -3 -14 10.0 1 208
317.8650285499359 696.846503204766 -3 -12 12.0 1 209
164.14765332919663 408.3468898324575 -17 11 13.0 1 210
617.0237527907317 695.9555553197597 -12 -15 13.0 1 211
499.6264451536797 134.0478023665891 13 -4 10.0 1 212
307.20340692270247 187.36700088357296 -12 14 12.0 1 213
556.2849674815878 319.0616967111429 -15 1 13.0 1 214
378.36080582127425 112.81409283306499 5 15 10.0 1 215
330.5819385440624 224.20997541470203 11 -14 13.0 1 216
259.7529581515697 679.8209557069746 -9 -3 13.0 1 217
476.8752693859975 90.4015617661641 -7 9 10.0 1 218
192.41165143471295 524.3827863489835 22 16 13.0 1 219
