400 400 7.0710678118654755 7.0710678118654755 5 2 -1 10 187
742.842712474619 742.842712474619
800.0 400.0 0 0 24.0 1 0
799.4518139018296 420.9343824971775 0 0 24.0 1 1
797.8087581473094 441.8113853070614 0 0 24.0 1 2
795.0753362380551 462.57378601609236 0 0 24.0 1 3
791.2590402935223 483.16467632710373 0 0 24.0 1 4
786.3703305156273 503.5276180410083 0 0 24.0 1 5
780.4226065180615 523.6067977499789 0 0 24.0 1 6
773.4321705988807 543.3471798181201 0 0 24.0 1 7
765.4181830570403 562.6946572303201 0 0 24.0 1 8
756.4026096753471 581.5961998958187 0 0 24.0 1 9
581.5961998958187 756.4026096753471 0 0 24.0 1 10
562.6946572303201 765.4181830570403 0 0 24.0 1 11
543.3471798181201 773.4321705988807 0 0 24.0 1 12
523.606797749979 780.4226065180615 0 0 24.0 1 13
503.5276180410083 786.3703305156273 0 0 24.0 1 14
483.1646763271038 791.2590402935223 0 0 24.0 1 15
462.57378601609236 795.0753362380551 0 0 24.0 1 16
441.8113853070614 797.8087581473094 0 0 24.0 1 17
420.9343824971776 799.4518139018296 0 0 24.0 1 18
400.0 800.0 0 0 24.0 1 19
379.0656175028225 799.4518139018296 0 0 24.0 1 20
358.1886146929386 797.8087581473094 0 0 24.0 1 21
337.4262139839077 795.0753362380551 0 0 24.0 1 22
316.83532367289627 791.2590402935223 0 0 24.0 1 23
296.47238195899166 786.3703305156273 0 0 24.0 1 24
276.3932022500211 780.4226065180615 0 0 24.0 1 25
256.65282018187986 773.4321705988807 0 0 24.0 1 26
237.3053427696799 765.4181830570403 0 0 24.0 1 27
218.4038001041813 756.4026096753471 0 0 24.0 1 28
200.00000000000009 746.4101615137755 0 0 24.0 1 29
182.14438599398918 735.4682271781696 0 0 24.0 1 30
164.8858990830108 723.606797749979 0 0 24.0 1 31
148.27184358006508 710.8583845827884 0 0 24.0 1 32
132.3477574564567 697.2579301909577 0 0 24.0 1 33
117.15728752538104 682.842712474619 0 0 24.0 1 34
102.74206980904233 667.6522425435434 0 0 24.0 1 35
89.14161541721165 651.728156419935 0 0 24.0 1 36
76.39320225002109 635.1141009169893 0 0 24.0 1 37
64.53177282183043 617.8556140060109 0 0 24.0 1 38
53.589838486224494 600.0 0 0 24.0 1 39
43.597390324652906 581.5961998958187 0 0 24.0 1 40
34.58181694295968 562.6946572303202 0 0 24.0 1 41
26.567829401119297 543.3471798181201 0 0 24.0 1 42
19.5773934819386 523.606797749979 0 0 24.0 1 43
13.629669484372698 503.5276180410084 0 0 24.0 1 44
8.740959706477724 483.16467632710373 0 0 24.0 1 45
4.924663761944942 462.5737860160924 0 0 24.0 1 46
2.1912418526906663 441.81138530706147 0 0 24.0 1 47
0.5481860981704472 420.9343824971775 0 0 24.0 1 48
0.0 400.00000000000006 0 0 24.0 1 49
0.5481860981704472 379.0656175028226 0 0 24.0 1 50
2.1912418526906663 358.1886146929386 0 0 24.0 1 51
4.924663761944885 337.4262139839077 0 0 24.0 1 52
8.740959706477781 316.8353236728962 0 0 24.0 1 53
13.629669484372698 296.47238195899166 0 0 24.0 1 54
19.577393481938543 276.3932022500211 0 0 24.0 1 55
26.567829401119297 256.65282018187986 0 0 24.0 1 56
34.58181694295968 237.30534276967992 0 0 24.0 1 57
43.59739032465285 218.40380010418136 0 0 24.0 1 58
53.58983848622455 199.99999999999994 0 0 24.0 1 59
64.53177282183037 182.14438599398918 0 0 24.0 1 60
76.39320225002103 164.8858990830108 0 0 24.0 1 61
89.14161541721171 148.27184358006497 0 0 24.0 1 62
102.74206980904228 132.3477574564567 0 0 24.0 1 63
117.15728752538092 117.15728752538104 0 0 24.0 1 64
132.34775745645675 102.74206980904228 0 0 24.0 1 65
148.27184358006485 89.14161541721177 0 0 24.0 1 66
164.8858990830107 76.39320225002109 0 0 24.0 1 67
182.1443859939892 64.53177282183032 0 0 24.0 1 68
199.99999999999983 53.58983848622461 0 0 24.0 1 69
218.40380010418124 43.597390324652906 0 0 24.0 1 70
237.30534276967995 34.58181694295962 0 0 24.0 1 71
256.65282018187975 26.567829401119354 0 0 24.0 1 72
276.393202250021 19.5773934819386 0 0 24.0 1 73
296.4723819589917 13.629669484372698 0 0 24.0 1 74
316.8353236728961 8.740959706477781 0 0 24.0 1 75
337.4262139839076 4.924663761944942 0 0 24.0 1 76
358.18861469293864 2.1912418526906663 0 0 24.0 1 77
379.0656175028223 0.5481860981704472 0 0 24.0 1 78
399.99999999999994 0.0 0 0 24.0 1 79
420.9343824971776 0.5481860981704472 0 0 24.0 1 80
441.8113853070612 2.1912418526906663 0 0 24.0 1 81
462.5737860160923 4.924663761944885 0 0 24.0 1 82
483.1646763271038 8.740959706477781 0 0 24.0 1 83
503.5276180410081 13.629669484372641 0 0 24.0 1 84
523.6067977499789 19.577393481938543 0 0 24.0 1 85
543.3471798181201 26.567829401119297 0 0 24.0 1 86
562.6946572303199 34.58181694295956 0 0 24.0 1 87
581.5961998958187 43.59739032465279 0 0 24.0 1 88
600.0 53.58983848622455 0 0 24.0 1 89
617.8556140060107 64.53177282183032 0 0 24.0 1 90
635.1141009169892 76.39320225002098 0 0 24.0 1 91
651.728156419935 89.14161541721171 0 0 24.0 1 92
667.6522425435431 102.74206980904216 0 0 24.0 1 93
682.842712474619 117.15728752538092 0 0 24.0 1 94
697.2579301909577 132.34775745645675 0 0 24.0 1 95
710.8583845827882 148.27184358006485 0 0 24.0 1 96
723.6067977499789 164.88589908301066 0 0 24.0 1 97
735.4682271781696 182.1443859939892 0 0 24.0 1 98
746.4101615137754 199.99999999999983 0 0 24.0 1 99
756.4026096753471 218.40380010418122 0 0 24.0 1 100
765.4181830570403 237.30534276967995 0 0 24.0 1 101
773.4321705988806 256.6528201818797 0 0 24.0 1 102
780.4226065180615 276.3932022500209 0 0 24.0 1 103
786.3703305156273 296.4723819589917 0 0 24.0 1 104
791.2590402935223 316.83532367289604 0 0 24.0 1 105
795.0753362380551 337.4262139839076 0 0 24.0 1 106
797.8087581473094 358.18861469293864 0 0 24.0 1 107
799.4518139018296 379.06561750282225 0 0 24.0 1 108
800.0 399.9999999999999 0 0 24.0 1 109
360.09993795259885 192.80688947599262 0 0 10.0 1 110
176.88754534170684 632.1741427815575 0 0 13.0 1 111
496.1753464771132 541.3906034006759 0 0 12.0 1 112
432.51037086977544 148.0891511151025 0 0 11.0 1 113
221.9623079340179 242.05513555731372 0 0 11.0 1 114
190.58144864118978 633.9655323905156 0 0 10.0 1 115
469.17822446459434 589.7850712251261 0 0 11.0 1 116
458.9042307322288 561.5991695580282 0 0 10.0 1 117
80.23242359805613 445.5817626033371 0 0 10.0 1 118
215.68971136923608 591.7960309934606 0 0 10.0 1 119
381.57322869365373 257.18384510419133 0 0 10.0 1 120
471.8088573782232 586.6641047497724 0 0 11.0 1 121
71.2160205845658 347.1786512880319 0 0 11.0 1 122
385.8754188035492 538.2804982852783 0 0 10.0 1 123
555.6452568752418 109.01107579112227 0 0 11.0 1 124
451.027502204082 539.9899782799198 0 0 10.0 1 125
525.1539375907633 499.68195376058446 0 0 12.0 1 126
309.530298201625 112.91772423830639 0 0 11.0 1 127
631.381900831919 231.89760273152558 0 0 10.0 1 128
356.7368180567501 533.1476514556125 0 0 10.0 1 129
392.29869426641284 266.2214894312326 0 0 12.0 1 130
512.4548399148138 318.29988384504213 0 0 12.0 1 131
251.6738480901474 362.47197501046276 0 0 12.0 1 132
578.1777474280618 358.2664365113424 0 0 13.0 1 133
542.8875809584225 631.4457586732802 0 0 11.0 1 134
367.8444925282964 618.6481725037673 0 0 12.0 1 135
102.7050735119592 287.1296022667129 0 0 13.0 1 136
155.61585345206709 342.7515160372045 0 0 10.0 1 137
311.36072381545864 593.6803519138703 0 0 12.0 1 138
369.78950524029204 526.4409981231312 0 0 12.0 1 139
578.5220528516978 552.8230239381999 0 0 13.0 1 140
42.26620477359023 467.24977139670534 0 0 10.0 1 141
355.43367902510226 642.9461731222832 0 0 12.0 1 142
719.3321625911499 227.38490814862283 0 0 10.0 1 143
518.6610328943758 692.8746477120201 0 0 12.0 1 144
617.4536746313192 415.42398746551527 0 0 11.0 1 145
119.03817077752888 310.0808667748461 0 0 10.0 1 146
419.87509670554203 221.1006413344493 0 0 13.0 1 147
59.61981245250354 366.7535276287673 0 0 11.0 1 148
598.8451540277661 364.4387188128153 0 0 13.0 1 149
402.7420473427617 606.9818377934887 0 0 11.0 1 150
256.0695162607707 514.6299081853922 0 0 13.0 1 151
580.7422341422581 158.0573522562317 0 0 12.0 1 152
520.7246421202758 329.1088102446338 0 0 11.0 1 153
298.33569456062503 732.818823084767 0 0 11.0 1 154
320.8304276898195 759.3830530509516 20 -2 12.0 1 155
545.5035581418629 551.4223053848327 -16 18 13.0 1 156
499.60840311609024 276.0678975056807 -2 -6 10.0 1 157
634.3013041649112 118.82585668909434 -10 -2 11.0 1 158
201.8981000736475 336.59939081073895 -17 -11 10.0 1 159
243.4055442460427 562.9545225733914 11 3 11.0 1 160
504.64374175074335 494.50231379391585 5 14 12.0 1 161
330.2834736314432 691.7869187456873 3 -6 10.0 1 162
585.1941950236447 142.72172627766594 -8 7 11.0 1 163
546.2369785550985 623.3914638097787 -3 -13 10.0 1 164
318.5475486950089 636.3588335061926 18 -4 13.0 1 165
508.3894896226712 542.4525132784145 -4 10 10.0 1 166
394.91777756590267 170.05615682273563 4 3 10.0 1 167
49.9826537532731 437.30760413640724 -8 16 10.0 1 168
688.7843185841555 464.95858172624287 7 16 11.0 1 169
200.13187927391783 519.7569802450957 12 -17 12.0 1 170
656.4617572157983 213.67671351711053 6 18 10.0 1 171
379.79696172215466 270.56724817750376 -4 -14 11.0 1 172
408.04381783941403 198.16021949435654 16 -15 10.0 1 173
126.32775515516045 215.59961387896664 13 -16 10.0 1 174
251.56511997966 534.0413607561012 5 8 11.0 1 175
160.54735303191535 493.33504090092754 8 1 10.0 1 176
369.5152923817609 698.4471186013202 -4 3 12.0 1 177
170.00679760481228 557.9370977699863 -9 -4 10.0 1 178
394.56423165744377 154.06006338431723 4 21 10.0 1 179
538.3256023416311 724.7691914834671 11 -10 11.0 1 180
179.48735445152724 502.0939427841515 18 -1 11.0 1 181
243.21099587415327 419.5245533937454 21 3 12.0 1 182
350.0889334710402 529.7300483232075 11 5 10.0 1 183
57.55411120887169 477.01826569103065 -15 9 11.0 1 184
618.0248049720735 586.6391824266526 15 14 11.0 1 185
736.4392134495336 258.45970307555785 7 11 10.0 1 186
232.65274172458672 112.10436761266743 14 1 11.0 1 187
511.923356426582 564.5422811504942 10 11 10.0 1 188
371.85125282104286 146.5583932495393 2 -5 12.0 1 189
537.1022800941242 673.567112045641 6 -9 10.0 1 190
513.992276111069 177.50109890829165 17 22 10.0 1 191
661.5947272070725 233.66239541986516 -6 -12 10.0 1 192
606.3837122286563 438.80416635774014 17 6 11.0 1 193
236.34610706662517 516.6979148389186 -1 8 11.0 1 194
627.327973427767 208.86917439297116 -4 17 10.0 1 195
407.03630849130195 82.07785487195889 -17 8 10.0 1 196
527.3777148081001 189.5459247952981 -6 -13 12.0 1 197
495.00584683875616 315.7213605564802 18 -17 11.0 1 198
103.74367236165654 421.0044836699804 17 -16 13.0 1 199
162.03716565005138 404.2058849412343 14 5 10.0 1 200
629.8087142692632 484.9291165967724 21 -1 10.0 1 201
214.57105621926564 363.4335289047294 6 12 11.0 1 202
262.6968535317109 360.03944482483337 0 2 13.0 1 203
90.42688944730929 452.5403580377175 -6 21 10.0 1 204
383.0301794258469 566.1355626880683 -13 1 10.0 1 205
227.1506760666913 380.0222319615501 -6 -17 10.0 1 206
524.6671208811445 244.89001008572617 -8 -17 12.0 1 207
661.0853529631107 240.40539336140498 -1 4 12.0 1 208
239.8506799819622 241.9582482450915 14 12 10.0 1 209
652.612114607502 461.53957713151993 20 -2 12.0 1 210
519.0711545756106 257.10822225183483 10 4 13.0 1 211
733.6885322420267 429.613568683323 20 12 12.0 1 212
328.9734624620478 606.1049028174 3 -10 12.0 1 213
424.88849740567224 643.7325638828096 11 -13 12.0 1 214
379.0866208189804 648.1201937997608 12 -14 11.0 1 215
162.2330464311138 389.47024261575314 18 -7 11.0 1 216
581.6532538946801 534.4548078332451 -13 2 12.0 1 217
687.9544175380777 454.1410511562756 -2 17 10.0 1 218
558.8286204334069 444.7042428771673 7 -14 13.0 1 219
