400 400 -7.071067811865475 -7.071067811865477 5 2 -1 10 187
57.15728752538104 57.15728752538092
800.0 400.0 0 0 24.0 1 0
799.4518139018296 420.9343824971775 0 0 24.0 1 1
797.8087581473094 441.8113853070614 0 0 24.0 1 2
795.0753362380551 462.57378601609236 0 0 24.0 1 3
791.2590402935223 483.16467632710373 0 0 24.0 1 4
786.3703305156273 503.5276180410083 0 0 24.0 1 5
780.4226065180615 523.6067977499789 0 0 24.0 1 6
773.4321705988807 543.3471798181201 0 0 24.0 1 7
765.4181830570403 562.6946572303201 0 0 24.0 1 8
756.4026096753471 581.5961998958187 0 0 24.0 1 9
746.4101615137755 600.0 0 0 24.0 1 10
735.4682271781696 617.8556140060108 0 0 24.0 1 11
723.606797749979 635.1141009169893 0 0 24.0 1 12
710.8583845827884 651.728156419935 0 0 24.0 1 13
697.2579301909577 667.6522425435433 0 0 24.0 1 14
682.842712474619 682.842712474619 0 0 24.0 1 15
667.6522425435433 697.2579301909577 0 0 24.0 1 16
651.728156419935 710.8583845827884 0 0 24.0 1 17
635.1141009169893 723.606797749979 0 0 24.0 1 18
617.8556140060108 735.4682271781696 0 0 24.0 1 19
600.0 746.4101615137754 0 0 24.0 1 20
581.5961998958187 756.4026096753471 0 0 24.0 1 21
562.6946572303201 765.4181830570403 0 0 24.0 1 22
543.3471798181201 773.4321705988807 0 0 24.0 1 23
523.606797749979 780.4226065180615 0 0 24.0 1 24
503.5276180410083 786.3703305156273 0 0 24.0 1 25
483.1646763271038 791.2590402935223 0 0 24.0 1 26
462.57378601609236 795.0753362380551 0 0 24.0 1 27
441.8113853070614 797.8087581473094 0 0 24.0 1 28
420.9343824971776 799.4518139018296 0 0 24.0 1 29
400.0 800.0 0 0 24.0 1 30
379.0656175028225 799.4518139018296 0 0 24.0 1 31
358.1886146929386 797.8087581473094 0 0 24.0 1 32
337.4262139839077 795.0753362380551 0 0 24.0 1 33
316.83532367289627 791.2590402935223 0 0 24.0 1 34
296.47238195899166 786.3703305156273 0 0 24.0 1 35
276.3932022500211 780.4226065180615 0 0 24.0 1 36
256.65282018187986 773.4321705988807 0 0 24.0 1 37
237.3053427696799 765.4181830570403 0 0 24.0 1 38
218.4038001041813 756.4026096753471 0 0 24.0 1 39
200.00000000000009 746.4101615137755 0 0 24.0 1 40
182.14438599398918 735.4682271781696 0 0 24.0 1 41
164.8858990830108 723.606797749979 0 0 24.0 1 42
148.27184358006508 710.8583845827884 0 0 24.0 1 43
132.3477574564567 697.2579301909577 0 0 24.0 1 44
117.15728752538104 682.842712474619 0 0 24.0 1 45
102.74206980904233 667.6522425435434 0 0 24.0 1 46
89.14161541721165 651.728156419935 0 0 24.0 1 47
76.39320225002109 635.1141009169893 0 0 24.0 1 48
64.53177282183043 617.8556140060109 0 0 24.0 1 49
53.589838486224494 600.0 0 0 24.0 1 50
43.597390324652906 581.5961998958187 0 0 24.0 1 51
34.58181694295968 562.6946572303202 0 0 24.0 1 52
26.567829401119297 543.3471798181201 0 0 24.0 1 53
19.5773934819386 523.606797749979 0 0 24.0 1 54
13.629669484372698 503.5276180410084 0 0 24.0 1 55
8.740959706477724 483.16467632710373 0 0 24.0 1 56
4.924663761944942 462.5737860160924 0 0 24.0 1 57
2.1912418526906663 441.81138530706147 0 0 24.0 1 58
0.5481860981704472 420.9343824971775 0 0 24.0 1 59
0.0 400.00000000000006 0 0 24.0 1 60
0.5481860981704472 379.0656175028226 0 0 24.0 1 61
2.1912418526906663 358.1886146929386 0 0 24.0 1 62
4.924663761944885 337.4262139839077 0 0 24.0 1 63
8.740959706477781 316.8353236728962 0 0 24.0 1 64
13.629669484372698 296.47238195899166 0 0 24.0 1 65
19.577393481938543 276.3932022500211 0 0 24.0 1 66
26.567829401119297 256.65282018187986 0 0 24.0 1 67
34.58181694295968 237.30534276967992 0 0 24.0 1 68
43.59739032465285 218.40380010418136 0 0 24.0 1 69
218.40380010418124 43.597390324652906 0 0 24.0 1 70
237.30534276967995 34.58181694295962 0 0 24.0 1 71
256.65282018187975 26.567829401119354 0 0 24.0 1 72
276.393202250021 19.5773934819386 0 0 24.0 1 73
296.4723819589917 13.629669484372698 0 0 24.0 1 74
316.8353236728961 8.740959706477781 0 0 24.0 1 75
337.4262139839076 4.924663761944942 0 0 24.0 1 76
358.18861469293864 2.1912418526906663 0 0 24.0 1 77
379.0656175028223 0.5481860981704472 0 0 24.0 1 78
399.99999999999994 0.0 0 0 24.0 1 79
420.9343824971776 0.5481860981704472 0 0 24.0 1 80
441.8113853070612 2.1912418526906663 0 0 24.0 1 81
462.5737860160923 4.924663761944885 0 0 24.0 1 82
483.1646763271038 8.740959706477781 0 0 24.0 1 83
503.5276180410081 13.629669484372641 0 0 24.0 1 84
523.6067977499789 19.577393481938543 0 0 24.0 1 85
543.3471798181201 26.567829401119297 0 0 24.0 1 86
562.6946572303199 34.58181694295956 0 0 24.0 1 87
581.5961998958187 43.59739032465279 0 0 24.0 1 88
600.0 53.58983848622455 0 0 24.0 1 89
617.8556140060107 64.53177282183032 0 0 24.0 1 90
635.1141009169892 76.39320225002098 0 0 24.0 1 91
651.728156419935 89.14161541721171 0 0 24.0 1 92
667.6522425435431 102.74206980904216 0 0 24.0 1 93
682.842712474619 117.15728752538092 0 0 24.0 1 94
697.2579301909577 132.34775745645675 0 0 24.0 1 95
710.8583845827882 148.27184358006485 0 0 24.0 1 96
723.6067977499789 164.88589908301066 0 0 24.0 1 97
735.4682271781696 182.1443859939892 0 0 24.0 1 98
746.4101615137754 199.99999999999983 0 0 24.0 1 99
756.4026096753471 218.40380010418122 0 0 24.0 1 100
765.4181830570403 237.30534276967995 0 0 24.0 1 101
773.4321705988806 256.6528201818797 0 0 24.0 1 102
780.4226065180615 276.3932022500209 0 0 24.0 1 103
786.3703305156273 296.4723819589917 0 0 24.0 1 104
791.2590402935223 316.83532367289604 0 0 24.0 1 105
795.0753362380551 337.4262139839076 0 0 24.0 1 106
797.8087581473094 358.18861469293864 0 0 24.0 1 107
799.4518139018296 379.06561750282225 0 0 24.0 1 108
800.0 399.9999999999999 0 0 24.0 1 109
59.99060242690041 505.49696470504676 0 0 13.0 1 110
734.8821657196453 391.11545820427176 0 0 10.0 1 111
345.27359176225025 261.41421342217245 0 0 13.0 1 112
598.9042600264455 481.62165976830016 0 0 10.0 1 113
283.0080614197415 500.144327384196 0 0 10.0 1 114
578.6748342793632 555.705823896353 0 0 10.0 1 115
80.45066490985624 416.9771152863793 0 0 11.0 1 116
362.60649131118635 654.265069382209 0 0 10.0 1 117
564.4257824999494 666.3328031791791 0 0 13.0 1 118
511.4174742334153 67.1529684142485 0 0 12.0 1 119
127.97849164708441 500.52014222734005 0 0 10.0 1 120
202.72658349797146 240.00250270201983 0 0 13.0 1 121
212.8038148193047 458.0825985454752 0 0 10.0 1 122
321.67471578792964 519.641756310656 0 0 10.0 1 123
99.23181940496289 573.0534644020488 0 0 13.0 1 124
577.1923539565121 144.4146528078142 0 0 13.0 1 125
211.98362487166526 107.16242952175463 0 0 10.0 1 126
459.89306546472613 726.552937070298 0 0 13.0 1 127
322.0812846274513 602.5282049362304 0 0 10.0 1 128
526.3578624992043 80.04736196644325 0 0 11.0 1 129
351.0007319203072 186.55194606730566 0 0 10.0 1 130
478.0832125606572 754.5024850635143 0 0 12.0 1 131
531.5406722518916 164.20972975222145 0 0 10.0 1 132
618.3218947374511 604.2952527061002 0 0 11.0 1 133
206.49854835640596 581.0585215112004 0 0 13.0 1 134
387.386329101823 83.25105318806112 0 0 10.0 1 135
698.9531492856597 405.29287560651863 0 0 10.0 1 136
607.86836545856 296.9721268705089 0 0 10.0 1 137
537.3631770195334 334.92037493116334 0 0 12.0 1 138
534.3509216449862 309.48022396656756 0 0 13.0 1 139
570.0273848319725 441.4208692231384 0 0 11.0 1 140
493.7014654503704 49.302073897701746 0 0 12.0 1 141
348.2711847729209 521.4418777654673 0 0 13.0 1 142
652.6327462993796 257.6037377694439 0 0 13.0 1 143
214.40607791504405 542.5163011206904 0 0 13.0 1 144
537.3602815335182 548.1085853589609 0 0 12.0 1 145
597.391623313927 563.0108801445252 0 0 13.0 1 146
77.08930466232493 563.6236010988 0 0 12.0 1 147
599.2511512772212 634.8680027477176 0 0 13.0 1 148
696.1925882957958 336.13333703224197 0 0 10.0 1 149
443.90180003280705 59.821176505827395 0 0 11.0 1 150
640.780997600099 445.27152741736353 0 0 13.0 1 151
592.7278839809183 410.2451323191892 0 0 13.0 1 152
490.46347677771945 487.70609653431745 0 0 11.0 1 153
542.1335347099584 284.730497047775 0 0 10.0 1 154
459.67336427862745 117.2278486207133 5 9 12.0 1 155
138.18601635007087 502.05115366988576 9 -3 13.0 1 156
329.29785975715555 92.0110272021397 2 13 11.0 1 157
327.4809939044988 225.46635351623272 18 17 11.0 1 158
729.231159983809 461.9018844278236 6 12 13.0 1 159
404.1466168449913 533.9358263077539 10 3 10.0 1 160
560.7446095659737 510.39098919514515 -13 -1 13.0 1 161
105.63389651537909 549.1596363607846 -12 10 10.0 1 162
364.6323450979108 197.05880411624966 9 16 10.0 1 163
534.2354472116901 645.7251405775924 -11 -5 11.0 1 164
424.3717290822383 243.89100339332782 9 -14 11.0 1 165
572.1133048211964 126.67599757151595 14 1 13.0 1 166
448.1586557606513 231.75689055617437 10 2 10.0 1 167
570.3628656302146 608.1765933390722 13 -6 10.0 1 168
422.04832505803154 583.6814398956394 8 8 12.0 1 169
363.3270743209663 621.9912082091092 6 4 11.0 1 170
573.9255855114966 471.37149784390897 21 18 10.0 1 171
385.7738031114884 539.2753220139494 -11 -11 10.0 1 172
535.1104468460155 540.6064264287731 9 -14 13.0 1 173
133.43342467291774 249.73935672175833 22 -1 12.0 1 174
390.11579648599206 548.6717946380337 9 2 11.0 1 175
305.32240509472376 99.5650602493904 21 16 10.0 1 176
727.1460280646381 323.37444080771064 -14 -15 13.0 1 177
203.9802665247562 522.2181004937255 -15 -7 11.0 1 178
613.1750790778582 124.93566996037282 -11 1 13.0 1 179
459.4415408245753 192.3399334864781 -14 -16 13.0 1 180
41.24761287227102 322.63253442075234 -4 5 11.0 1 181
548.4166921633337 683.5004153212024 10 13 11.0 1 182
362.41038831915256 248.59649576815238 -8 -11 12.0 1 183
280.81447606102756 515.5457090652553 14 1 13.0 1 184
580.4067080714208 215.5618811556755 5 -4 13.0 1 185
628.6607996061191 115.50177729291488 17 -15 12.0 1 186
529.2581533296002 597.4546271876695 12 -9 11.0 1 187
539.1442794429648 272.0942945045135 16 -8 13.0 1 188
439.579369452234 579.6927197016162 9 -2 12.0 1 189
543.4193763255197 610.8456366501307 -8 5 11.0 1 190
306.8672671174084 493.5430065040666 11 1 10.0 1 191
205.53721826680356 467.97224816487386 21 21 10.0 1 192
722.2777835993904 324.51470210521495 11 21 13.0 1 193
524.1850133232548 319.4886190287172 7 20 12.0 1 194
730.908705831185 260.78639288801446 1 9 11.0 1 195
597.8804055755138 613.3643482151368 1 -9 11.0 1 196
454.2660261438042 728.5486241130222 -15 -1 10.0 1 197
174.07349466807736 586.5642360917674 -2 -5 12.0 1 198
729.3384083210756 304.1604841177684 -4 -13 11.0 1 199
281.4400397353138 83.47585270308991 -6 4 10.0 1 200
219.79707338621571 675.2597050783625 22 7 12.0 1 201
393.96762293691927 127.06665570698618 13 -14 12.0 1 202
160.77228286965348 537.6448304754048 22 -1 11.0 1 203
431.5959908968631 218.73308807384248 10 14 13.0 1 204
532.4864188370136 420.08354609483564 21 -17 13.0 1 205
105.5660770285424 381.7335005094631 -3 -12 10.0 1 206
701.4674136571083 467.81149241016567 4 -12 10.0 1 207
157.23794236454054 389.2490292253278 -14 1 13.0 1 208
257.66616813712153 461.3683982781843 1 -16 11.0 1 209
479.70923761186623 250.978399420302 19 9 12.0 1 210
697.6527888616134 313.381195558333 -2 -3 13.0 1 211
226.57055947001044 89.10093413222546 -7 22 13.0 1 212
482.5344163166695 626.4267433923535 9 -4 11.0 1 213
413.79182653715594 607.5422499655649 6 20 11.0 1 214
584.3526950368703 346.35222434580623 -1 6 13.0 1 215
196.28862835547147 611.985086887509 -9 18 13.0 1 216
218.52243354618912 544.533362494625 1 -11 10.0 1 217
163.6147229689493 131.13943985226575 -3 5 13.0 1 218
391.93473396328034 35.08911843608047 -11 -9 10.0 1 219
