400 400 -7.071067811865475 7.0710678118654755 5 2 -1 10 187
57.15728752538104 742.842712474619
800.0 400.0 0 0 24.0 1 0
799.4518139018296 420.9343824971775 0 0 24.0 1 1
797.8087581473094 441.8113853070614 0 0 24.0 1 2
795.0753362380551 462.57378601609236 0 0 24.0 1 3
791.2590402935223 483.16467632710373 0 0 24.0 1 4
786.3703305156273 503.5276180410083 0 0 24.0 1 5
780.4226065180615 523.6067977499789 0 0 24.0 1 6
773.4321705988807 543.3471798181201 0 0 24.0 1 7
765.4181830570403 562.6946572303201 0 0 24.0 1 8
756.4026096753471 581.5961998958187 0 0 24.0 1 9
746.4101615137755 600.0 0 0 24.0 1 10
735.4682271781696 617.8556140060108 0 0 24.0 1 11
723.606797749979 635.1141009169893 0 0 24.0 1 12
710.8583845827884 651.728156419935 0 0 24.0 1 13
697.2579301909577 667.6522425435433 0 0 24.0 1 14
682.842712474619 682.842712474619 0 0 24.0 1 15
667.6522425435433 697.2579301909577 0 0 24.0 1 16
651.728156419935 710.8583845827884 0 0 24.0 1 17
635.1141009169893 723.606797749979 0 0 24.0 1 18
617.8556140060108 735.4682271781696 0 0 24.0 1 19
600.0 746.4101615137754 0 0 24.0 1 20
581.5961998958187 756.4026096753471 0 0 24.0 1 21
562.6946572303201 765.4181830570403 0 0 24.0 1 22
543.3471798181201 773.4321705988807 0 0 24.0 1 23
523.606797749979 780.4226065180615 0 0 24.0 1 24
503.5276180410083 786.3703305156273 0 0 24.0 1 25
483.1646763271038 791.2590402935223 0 0 24.0 1 26
462.57378601609236 795.0753362380551 0 0 24.0 1 27
441.8113853070614 797.8087581473094 0 0 24.0 1 28
420.9343824971776 799.4518139018296 0 0 24.0 1 29
400.0 800.0 0 0 24.0 1 30
379.0656175028225 799.4518139018296 0 0 24.0 1 31
358.1886146929386 797.8087581473094 0 0 24.0 1 32
337.4262139839077 795.0753362380551 0 0 24.0 1 33
316.83532367289627 791.2590402935223 0 0 24.0 1 34
296.47238195899166 786.3703305156273 0 0 24.0 1 35
276.3932022500211 780.4226065180615 0 0 24.0 1 36
256.65282018187986 773.4321705988807 0 0 24.0 1 37
237.3053427696799 765.4181830570403 0 0 24.0 1 38
218.4038001041813 756.4026096753471 0 0 24.0 1 39
43.597390324652906 581.5961998958187 0 0 24.0 1 40
34.58181694295968 562.6946572303202 0 0 24.0 1 41
26.567829401119297 543.3471798181201 0 0 24.0 1 42
19.5773934819386 523.606797749979 0 0 24.0 1 43
13.629669484372698 503.5276180410084 0 0 24.0 1 44
8.740959706477724 483.16467632710373 0 0 24.0 1 45
4.924663761944942 462.5737860160924 0 0 24.0 1 46
2.1912418526906663 441.81138530706147 0 0 24.0 1 47
0.5481860981704472 420.9343824971775 0 0 24.0 1 48
0.0 400.00000000000006 0 0 24.0 1 49
0.5481860981704472 379.0656175028226 0 0 24.0 1 50
2.1912418526906663 358.1886146929386 0 0 24.0 1 51
4.924663761944885 337.4262139839077 0 0 24.0 1 52
8.740959706477781 316.8353236728962 0 0 24.0 1 53
13.629669484372698 296.47238195899166 0 0 24.0 1 54
19.577393481938543 276.3932022500211 0 0 24.0 1 55
26.567829401119297 256.65282018187986 0 0 24.0 1 56
34.58181694295968 237.30534276967992 0 0 24.0 1 57
43.59739032465285 218.40380010418136 0 0 24.0 1 58
53.58983848622455 199.99999999999994 0 0 24.0 1 59
64.53177282183037 182.14438599398918 0 0 24.0 1 60
76.39320225002103 164.8858990830108 0 0 24.0 1 61
89.14161541721171 148.27184358006497 0 0 24.0 1 62
102.74206980904228 132.3477574564567 0 0 24.0 1 63
117.15728752538092 117.15728752538104 0 0 24.0 1 64
132.34775745645675 102.74206980904228 0 0 24.0 1 65
148.27184358006485 89.14161541721177 0 0 24.0 1 66
164.8858990830107 76.39320225002109 0 0 24.0 1 67
182.1443859939892 64.53177282183032 0 0 24.0 1 68
199.99999999999983 53.58983848622461 0 0 24.0 1 69
218.40380010418124 43.597390324652906 0 0 24.0 1 70
237.30534276967995 34.58181694295962 0 0 24.0 1 71
256.65282018187975 26.567829401119354 0 0 24.0 1 72
276.393202250021 19.5773934819386 0 0 24.0 1 73
296.4723819589917 13.629669484372698 0 0 24.0 1 74
316.8353236728961 8.740959706477781 0 0 24.0 1 75
337.4262139839076 4.924663761944942 0 0 24.0 1 76
358.18861469293864 2.1912418526906663 0 0 24.0 1 77
379.0656175028223 0.5481860981704472 0 0 24.0 1 78
399.99999999999994 0.0 0 0 24.0 1 79
420.9343824971776 0.5481860981704472 0 0 24.0 1 80
441.8113853070612 2.1912418526906663 0 0 24.0 1 81
462.5737860160923 4.924663761944885 0 0 24.0 1 82
483.1646763271038 8.740959706477781 0 0 24.0 1 83
503.5276180410081 13.629669484372641 0 0 24.0 1 84
523.6067977499789 19.577393481938543 0 0 24.0 1 85
543.3471798181201 26.567829401119297 0 0 24.0 1 86
562.6946572303199 34.58181694295956 0 0 24.0 1 87
581.5961998958187 43.59739032465279 0 0 24.0 1 88
600.0 53.58983848622455 0 0 24.0 1 89
617.8556140060107 64.53177282183032 0 0 24.0 1 90
635.1141009169892 76.39320225002098 0 0 24.0 1 91
651.728156419935 89.14161541721171 0 0 24.0 1 92
667.6522425435431 102.74206980904216 0 0 24.0 1 93
682.842712474619 117.15728752538092 0 0 24.0 1 94
697.2579301909577 132.34775745645675 0 0 24.0 1 95
710.8583845827882 148.27184358006485 0 0 24.0 1 96
723.6067977499789 164.88589908301066 0 0 24.0 1 97
735.4682271781696 182.1443859939892 0 0 24.0 1 98
746.4101615137754 199.99999999999983 0 0 24.0 1 99
756.4026096753471 218.40380010418122 0 0 24.0 1 100
765.4181830570403 237.30534276967995 0 0 24.0 1 101
773.4321705988806 256.6528201818797 0 0 24.0 1 102
780.4226065180615 276.3932022500209 0 0 24.0 1 103
786.3703305156273 296.4723819589917 0 0 24.0 1 104
791.2590402935223 316.83532367289604 0 0 24.0 1 105
795.0753362380551 337.4262139839076 0 0 24.0 1 106
797.8087581473094 358.18861469293864 0 0 24.0 1 107
799.4518139018296 379.06561750282225 0 0 24.0 1 108
800.0 399.9999999999999 0 0 24.0 1 109
186.0401108125763 492.25055999236736 0 0 12.0 1 110
578.4515634027813 537.0402842929885 0 0 11.0 1 111
641.8961030045898 544.9492164559465 0 0 12.0 1 112
676.0599282658839 221.02537608410788 0 0 13.0 1 113
626.168586125413 138.15315421026804 0 0 11.0 1 114
198.34983893886516 242.2875637623387 0 0 11.0 1 115
501.7800557712436 484.0524850745208 0 0 13.0 1 116
307.84485568461804 495.8980154967303 0 0 12.0 1 117
536.4544019352147 217.3413122994067 0 0 10.0 1 118
558.6085201088888 716.4796002096632 0 0 13.0 1 119
438.5356041679676 53.13402125401558 0 0 13.0 1 120
208.77210470199037 557.9110257705062 0 0 10.0 1 121
281.71551226947946 66.34631732539151 0 0 11.0 1 122
410.52326100114703 260.39605672509913 0 0 12.0 1 123
531.1330142796975 67.95612855238443 0 0 12.0 1 124
508.35921348042234 125.62201098866501 0 0 13.0 1 125
385.7946987045767 43.28273182377859 0 0 10.0 1 126
147.31996174931814 150.64523612003327 0 0 13.0 1 127
272.18291897961905 470.56056830432544 0 0 11.0 1 128
279.3785058930881 516.9378260419451 0 0 12.0 1 129
149.46236994163607 161.3645124363554 0 0 10.0 1 130
263.6901174633043 368.0685746821061 0 0 11.0 1 131
560.2232065894076 659.5255749829062 0 0 13.0 1 132
275.5204026575931 366.14989149984535 0 0 11.0 1 133
519.1943010616961 145.53248027613873 0 0 11.0 1 134
202.94357470496385 480.8564484128621 0 0 10.0 1 135
100.25219814276187 522.992907444917 0 0 12.0 1 136
115.20937304266403 570.6408473878616 0 0 13.0 1 137
176.82060436733204 146.15958287727884 0 0 10.0 1 138
168.65479549657428 290.38523660898534 0 0 10.0 1 139
666.9514753620833 576.456537997341 0 0 10.0 1 140
626.7402265447772 525.1793500000024 0 0 11.0 1 141
148.53634045577553 240.093690153808 0 0 13.0 1 142
237.73537102284473 557.30921836595 0 0 11.0 1 143
299.6926993030727 204.19794325161902 0 0 12.0 1 144
506.97508738537107 305.10357920926515 0 0 10.0 1 145
437.7916052224581 157.93225209724886 0 0 13.0 1 146
273.37186214876 664.223985861101 0 0 12.0 1 147
128.5658812091708 616.1770551104951 0 0 10.0 1 148
520.6905314968938 136.30738423877455 0 0 11.0 1 149
59.853846044864895 424.116259028496 0 0 13.0 1 150
270.47183466353874 358.5457555300985 0 0 12.0 1 151
333.1887140304307 517.3083631592071 0 0 13.0 1 152
223.36249277579543 559.5092192997604 0 0 12.0 1 153
115.04450508514554 405.0364588582007 0 0 11.0 1 154
624.7263240146194 423.9599518963677 21 22 10.0 1 155
527.5455948278649 643.6331694166583 9 6 11.0 1 156
368.80398253733534 705.4108847020177 20 17 13.0 1 157
480.02053523309866 100.50590332861583 -16 -15 11.0 1 158
458.7180723908878 201.50267514473035 -16 17 10.0 1 159
357.1263767844198 125.32591597974073 15 14 11.0 1 160
200.2104193197794 441.2325532998094 -3 -3 10.0 1 161
427.1730708823308 626.3749637632744 -12 15 12.0 1 162
637.0102693125082 588.7726999341069 -3 -11 13.0 1 163
269.7652996704404 465.9918391171956 1 13 12.0 1 164
37.355444766782796 383.93990785511926 22 9 12.0 1 165
335.08109349864577 541.8503985848064 5 -6 12.0 1 166
289.0765117370653 482.09737968767695 5 8 11.0 1 167
198.81187763903245 452.79525945450354 13 17 10.0 1 168
280.6765411203798 463.1419999762725 -7 -17 13.0 1 169
160.23938275792537 136.84444444454647 3 6 11.0 1 170
190.41681242369015 443.2537568929373 -7 4 13.0 1 171
519.603869884051 125.96366243003649 6 8 10.0 1 172
635.1736137138583 594.2121814221882 -10 19 11.0 1 173
179.84115887279705 526.6731410896841 17 0 11.0 1 174
591.0 400.0 -5 7 11.0 1 175
272.4692883426401 633.4350393239355 11 -3 11.0 1 176
525.3573883361828 425.8751848212037 0 0 13.0 1 177
405.9520974344661 131.06585836653124 -7 20 10.0 1 178
300.2230016434962 503.8294303122493 6 -11 13.0 1 179
321.2203252035308 729.7192181826267 19 -16 10.0 1 180
136.90955549055064 194.23455584617625 -17 -16 10.0 1 181
494.401077506673 160.96561635283697 -4 13 13.0 1 182
77.11800833383654 290.32676052157694 -8 18 11.0 1 183
271.94234192053625 599.4247632747828 22 21 10.0 1 184
268.47160740838615 482.0078163486037 0 -4 10.0 1 185
580.0294427294652 289.9527385596616 -10 -3 13.0 1 186
187.26483287524303 527.4666570849088 11 9 10.0 1 187
144.90579125275528 340.2426183336557 19 -13 13.0 1 188
562.1218562690336 497.1468152843046 -3 -17 13.0 1 189
434.03121073836815 733.2669751050662 -11 -12 11.0 1 190
347.56549859506003 514.5714757800359 -13 -8 10.0 1 191
212.44277684264407 102.13041773033996 11 -2 10.0 1 192
248.48332423760766 367.3243673984104 -2 -6 11.0 1 193
203.89266123401663 176.95087607855567 -17 22 12.0 1 194
618.509677808384 461.50220080676957 22 16 11.0 1 195
141.94691558516348 439.1101728964378 6 -1 10.0 1 196
409.22158074483133 697.8572853709752 7 5 12.0 1 197
289.53744263662514 234.4734963193413 -10 22 11.0 1 198
168.23678145838326 136.39648991102035 22 18 10.0 1 199
543.8539495362083 131.05569126149175 18 -15 12.0 1 200
691.6131244116195 371.5257015732898 1 7 12.0 1 201
328.9036606278127 584.7953206330582 19 -9 10.0 1 202
406.1512382408237 122.06806180630366 1 14 12.0 1 203
455.9916289684836 280.46365621512564 17 5 13.0 1 204
154.53550409004052 469.0809760185066 -8 22 10.0 1 205
556.9271688213955 227.77089768073108 15 -16 13.0 1 206
581.6532538946801 534.4548078332451 -16 -5 12.0 1 207
301.29504611671183 529.7163523959025 -7 13 10.0 1 208
135.95548756098242 323.15277850929493 0 -10 13.0 1 209
542.8957710882197 417.79883718401624 -3 -17 10.0 1 210
282.3970991204049 333.7085397301875 -2 11 13.0 1 211
324.80276078219 227.69394899186085 -11 15 12.0 1 212
591.8122521333133 391.51118786011654 2 11 13.0 1 213
439.6426226211091 146.07587260813452 -3 -6 12.0 1 214
529.110148581153 220.63565144278917 -2 -17 10.0 1 215
76.20271050279536 411.459289431001 11 -3 10.0 1 216
545.2463666239626 459.6027934122006 13 0 11.0 1 217
122.35832094387655 597.9800445774688 3 -11 12.0 1 218
62.4645643418466 250.8999340206029 17 15 13.0 1 219
