400 400 -7.071067811865475 7.0710678118654755 5 2 -1 10 187
57.15728752538104 742.842712474619
800.0 400.0 0 0 24.0 1 0
799.4518139018296 420.9343824971775 0 0 24.0 1 1
797.8087581473094 441.8113853070614 0 0 24.0 1 2
795.0753362380551 462.57378601609236 0 0 24.0 1 3
791.2590402935223 483.16467632710373 0 0 24.0 1 4
786.3703305156273 503.5276180410083 0 0 24.0 1 5
780.4226065180615 523.6067977499789 0 0 24.0 1 6
773.4321705988807 543.3471798181201 0 0 24.0 1 7
765.4181830570403 562.6946572303201 0 0 24.0 1 8
756.4026096753471 581.5961998958187 0 0 24.0 1 9
746.4101615137755 600.0 0 0 24.0 1 10
735.4682271781696 617.8556140060108 0 0 24.0 1 11
723.606797749979 635.1141009169893 0 0 24.0 1 12
710.8583845827884 651.728156419935 0 0 24.0 1 13
697.2579301909577 667.6522425435433 0 0 24.0 1 14
682.842712474619 682.842712474619 0 0 24.0 1 15
667.6522425435433 697.2579301909577 0 0 24.0 1 16
651.728156419935 710.8583845827884 0 0 24.0 1 17
635.1141009169893 723.606797749979 0 0 24.0 1 18
617.8556140060108 735.4682271781696 0 0 24.0 1 19
600.0 746.4101615137754 0 0 24.0 1 20
581.5961998958187 756.4026096753471 0 0 24.0 1 21
562.6946572303201 765.4181830570403 0 0 24.0 1 22
543.3471798181201 773.4321705988807 0 0 24.0 1 23
523.606797749979 780.4226065180615 0 0 24.0 1 24
503.5276180410083 786.3703305156273 0 0 24.0 1 25
483.1646763271038 791.2590402935223 0 0 24.0 1 26
462.57378601609236 795.0753362380551 0 0 24.0 1 27
441.8113853070614 797.8087581473094 0 0 24.0 1 28
420.9343824971776 799.4518139018296 0 0 24.0 1 29
400.0 800.0 0 0 24.0 1 30
379.0656175028225 799.4518139018296 0 0 24.0 1 31
358.1886146929386 797.8087581473094 0 0 24.0 1 32
337.4262139839077 795.0753362380551 0 0 24.0 1 33
316.83532367289627 791.2590402935223 0 0 24.0 1 34
296.47238195899166 786.3703305156273 0 0 24.0 1 35
276.3932022500211 780.4226065180615 0 0 24.0 1 36
256.65282018187986 773.4321705988807 0 0 24.0 1 37
237.3053427696799 765.4181830570403 0 0 24.0 1 38
218.4038001041813 756.4026096753471 0 0 24.0 1 39
43.597390324652906 581.5961998958187 0 0 24.0 1 40
34.58181694295968 562.6946572303202 0 0 24.0 1 41
26.567829401119297 543.3471798181201 0 0 24.0 1 42
19.5773934819386 523.606797749979 0 0 24.0 1 43
13.629669484372698 503.5276180410084 0 0 24.0 1 44
8.740959706477724 483.16467632710373 0 0 24.0 1 45
4.924663761944942 462.5737860160924 0 0 24.0 1 46
2.1912418526906663 441.81138530706147 0 0 24.0 1 47
0.5481860981704472 420.9343824971775 0 0 24.0 1 48
0.0 400.00000000000006 0 0 24.0 1 49
0.5481860981704472 379.0656175028226 0 0 24.0 1 50
2.1912418526906663 358.1886146929386 0 0 24.0 1 51
4.924663761944885 337.4262139839077 0 0 24.0 1 52
8.740959706477781 316.8353236728962 0 0 24.0 1 53
13.629669484372698 296.47238195899166 0 0 24.0 1 54
19.577393481938543 276.3932022500211 0 0 24.0 1 55
26.567829401119297 256.65282018187986 0 0 24.0 1 56
34.58181694295968 237.30534276967992 0 0 24.0 1 57
43.59739032465285 218.40380010418136 0 0 24.0 1 58
53.58983848622455 199.99999999999994 0 0 24.0 1 59
64.53177282183037 182.14438599398918 0 0 24.0 1 60
76.39320225002103 164.8858990830108 0 0 24.0 1 61
89.14161541721171 148.27184358006497 0 0 24.0 1 62
102.74206980904228 132.3477574564567 0 0 24.0 1 63
117.15728752538092 117.15728752538104 0 0 24.0 1 64
132.34775745645675 102.74206980904228 0 0 24.0 1 65
148.27184358006485 89.14161541721177 0 0 24.0 1 66
164.8858990830107 76.39320225002109 0 0 24.0 1 67
182.1443859939892 64.53177282183032 0 0 24.0 1 68
199.99999999999983 53.58983848622461 0 0 24.0 1 69
218.40380010418124 43.597390324652906 0 0 24.0 1 70
237.30534276967995 34.58181694295962 0 0 24.0 1 71
256.65282018187975 26.567829401119354 0 0 24.0 1 72
276.393202250021 19.5773934819386 0 0 24.0 1 73
296.4723819589917 13.629669484372698 0 0 24.0 1 74
316.8353236728961 8.740959706477781 0 0 24.0 1 75
337.4262139839076 4.924663761944942 0 0 24.0 1 76
358.18861469293864 2.1912418526906663 0 0 24.0 1 77
379.0656175028223 0.5481860981704472 0 0 24.0 1 78
399.99999999999994 0.0 0 0 24.0 1 79
420.9343824971776 0.5481860981704472 0 0 24.0 1 80
441.8113853070612 2.1912418526906663 0 0 24.0 1 81
462.5737860160923 4.924663761944885 0 0 24.0 1 82
483.1646763271038 8.740959706477781 0 0 24.0 1 83
503.5276180410081 13.629669484372641 0 0 24.0 1 84
523.6067977499789 19.577393481938543 0 0 24.0 1 85
543.3471798181201 26.567829401119297 0 0 24.0 1 86
562.6946572303199 34.58181694295956 0 0 24.0 1 87
581.5961998958187 43.59739032465279 0 0 24.0 1 88
600.0 53.58983848622455 0 0 24.0 1 89
617.8556140060107 64.53177282183032 0 0 24.0 1 90
635.1141009169892 76.39320225002098 0 0 24.0 1 91
651.728156419935 89.14161541721171 0 0 24.0 1 92
667.6522425435431 102.74206980904216 0 0 24.0 1 93
682.842712474619 117.15728752538092 0 0 24.0 1 94
697.2579301909577 132.34775745645675 0 0 24.0 1 95
710.8583845827882 148.27184358006485 0 0 24.0 1 96
723.6067977499789 164.88589908301066 0 0 24.0 1 97
735.4682271781696 182.1443859939892 0 0 24.0 1 98
746.4101615137754 199.99999999999983 0 0 24.0 1 99
756.4026096753471 218.40380010418122 0 0 24.0 1 100
765.4181830570403 237.30534276967995 0 0 24.0 1 101
773.4321705988806 256.6528201818797 0 0 24.0 1 102
780.4226065180615 276.3932022500209 0 0 24.0 1 103
786.3703305156273 296.4723819589917 0 0 24.0 1 104
791.2590402935223 316.83532367289604 0 0 24.0 1 105
795.0753362380551 337.4262139839076 0 0 24.0 1 106
797.8087581473094 358.18861469293864 0 0 24.0 1 107
799.4518139018296 379.06561750282225 0 0 24.0 1 108
800.0 399.9999999999999 0 0 24.0 1 109
595.1604000005927 610.4315049407019 0 0 13.0 1 110
671.9595506510237 302.22984704065743 0 0 11.0 1 111
480.8002482390516 580.7631596440702 0 0 12.0 1 112
395.30003148303695 753.9687984779725 0 0 13.0 1 113
458.39480218682627 611.0711895962152 0 0 11.0 1 114
638.9870146268275 608.2647517938561 0 0 11.0 1 115
699.2521129922815 346.4820322727517 0 0 12.0 1 116
152.4832484247537 604.3929002916633 0 0 13.0 1 117
69.46615651613251 417.5607036243486 0 0 12.0 1 118
530.2698112030193 445.53873394298193 0 0 12.0 1 119
243.56439478551732 591.1462827814826 0 0 12.0 1 120
158.9573307981584 544.4279461324974 0 0 12.0 1 121
557.8070994020868 128.53560200589862 0 0 12.0 1 122
184.06212793333157 497.6720810022963 0 0 13.0 1 123
356.97043386993374 660.4696842986882 0 0 13.0 1 124
369.3268236205157 567.2099167238387 0 0 12.0 1 125
217.5143727872138 364.0139490808449 0 0 13.0 1 126
463.88227020117455 647.9013020416475 0 0 12.0 1 127
669.7991893387448 341.82442581154714 0 0 12.0 1 128
595.5303421129969 698.6919572288052 0 0 11.0 1 129
215.19888786644998 170.05750946333762 0 0 10.0 1 130
273.72167755653373 346.87010934639557 0 0 12.0 1 131
249.97943347483246 612.3530777254424 0 0 13.0 1 132
468.56459952825554 195.1710574856914 0 0 12.0 1 133
553.5528006559929 72.18063295360218 0 0 10.0 1 134
135.34991459135978 364.6541050021443 0 0 13.0 1 135
579.6226960047256 568.0823818250858 0 0 10.0 1 136
258.8129778934598 236.5306610134875 0 0 11.0 1 137
108.33080497173648 444.20498469137607 0 0 10.0 1 138
689.4184806786403 630.5145180713516 0 0 10.0 1 139
730.0669747437867 322.69028402920804 0 0 13.0 1 140
273.24804730115545 152.57740101795497 0 0 10.0 1 141
88.22450760080909 427.65939875055244 0 0 13.0 1 142
199.30250791882426 300.5187622095181 0 0 10.0 1 143
386.09120727628 274.7700296056547 0 0 12.0 1 144
474.22439802785965 101.07736998112398 0 0 13.0 1 145
403.54028100191294 240.0391722626208 0 0 12.0 1 146
513.9667057044459 125.73627656783293 0 0 10.0 1 147
561.76321504274 323.3601783728832 0 0 11.0 1 148
233.12512702238453 74.25657831860258 0 0 13.0 1 149
274.6819656228536 344.64306493447856 0 0 11.0 1 150
473.5269735884155 278.51837935338347 0 0 11.0 1 151
135.09243599839624 603.4207033090197 0 0 10.0 1 152
585.6478709211483 281.9539580399043 0 0 10.0 1 153
303.23448784967064 680.7942942053568 0 0 12.0 1 154
191.81812993379606 272.7352799251176 0 0 11.0 1 155
203.23236716409747 176.199868927305 0 0 11.0 1 156
174.00885323481202 397.99960410036874 0 0 13.0 1 157
450.157563712641 594.6412566811373 0 0 12.0 1 158
334.83803895600715 589.087066804954 0 0 13.0 1 159
259.8466382461276 305.56465074407686 0 0 12.0 1 160
627.3375849560327 488.62066613583204 0 0 10.0 1 161
351.2407087757605 120.21699208259662 0 0 12.0 1 162
482.2046841271671 168.14144417867027 0 0 11.0 1 163
414.85273627078334 623.5070384244544 0 0 13.0 1 164
491.6516669636092 254.45285319597753 0 0 10.0 1 165
616.215598662252 560.0369172882431 0 0 12.0 1 166
50.01371076187701 396.90204174835867 0 0 11.0 1 167
175.32940751213226 478.5310439963106 0 0 11.0 1 168
552.2882553773475 532.7112929411953 0 0 11.0 1 169
241.4771209943354 458.57897943593264 0 0 13.0 1 170
375.4309715915383 209.57846013892177 0 0 12.0 1 171
279.1865946519687 466.6942357944994 0 0 11.0 1 172
196.16993352369948 658.2524036679367 0 0 13.0 1 173
123.22486875603215 528.1426030829886 0 0 11.0 1 174
544.5938664365019 620.8814473624777 0 0 13.0 1 175
593.7689199958368 654.6637108887857 0 0 10.0 1 176
630.2679738053877 285.86998536948613 0 0 11.0 1 177
270.87381133427584 198.88454211407864 0 0 13.0 1 178
457.4020597559115 127.99080247944045 0 0 11.0 1 179
573.2736723972746 269.3660287139598 0 0 13.0 1 180
79.74905449788167 466.0933574952827 0 0 10.0 1 181
593.470386223945 520.6366845298626 0 0 13.0 1 182
583.7250875413339 616.5665999362071 0 0 13.0 1 183
197.84462705075856 453.04908281726557 0 0 10.0 1 184
431.158792877292 200.41761193324191 0 0 10.0 1 185
309.4745733526115 612.5232860895678 0 0 10.0 1 186
378.8011026985988 553.5435011754149 0 0 12.0 1 187
219.7981549467311 320.39915176709695 0 0 11.0 1 188
258.9738442784647 340.6651586131279 0 0 12.0 1 189
106.045910508887 405.19550492740706 0 0 10.0 1 190
200.16823793560326 100.5550687184064 0 0 11.0 1 191
513.1769019541971 505.90556578409877 0 0 11.0 1 192
569.7603123147985 409.0242098148299 0 0 10.0 1 193
492.4438495380224 227.1702147123029 0 0 11.0 1 194
252.0521765169802 396.0704292044529 0 0 11.0 1 195
471.41494922903087 724.2281681572638 0 0 13.0 1 196
172.2698839317207 338.07266972064735 0 0 13.0 1 197
109.91050892414205 222.66391464975405 0 0 12.0 1 198
429.70222785439336 132.64484732759365 0 0 12.0 1 199
526.6201729325119 664.2278028643859 0 0 12.0 1 200
483.87551104032093 163.42887190587902 0 0 12.0 1 201
321.46692650241016 57.89832451883234 0 0 12.0 1 202
291.81023714337005 293.2340165922396 0 0 13.0 1 203
690.0778190682598 376.8513740234559 0 0 12.0 1 204
247.07295805447657 453.4539038966484 0 0 11.0 1 205
620.7488669524139 423.53588195129925 0 0 11.0 1 206
245.32144219308495 481.8507407099828 0 0 12.0 1 207
510.1821566896158 646.4952176964595 0 0 10.0 1 208
235.0276248133725 526.6811565517248 0 0 11.0 1 209
456.56623121398457 680.3502478797657 0 0 10.0 1 210
188.133535228089 183.38605514636743 0 0 12.0 1 211
529.4761899751056 455.8293491770264 0 0 11.0 1 212
560.9946549735976 328.88937442314057 0 0 10.0 1 213
332.87771495932486 107.6054055716516 0 0 13.0 1 214
256.81184934445577 475.77039997152696 0 0 13.0 1 215
644.0911097445122 672.718774828013 0 0 13.0 1 216
560.6141538057343 433.1525805521672 0 0 11.0 1 217
303.2810517988812 73.00390666115089 0 0 11.0 1 218
610.0296376983005 589.674856763675 0 0 13.0 1 219
217.25772399532403 409.7087878043982 0 0 10.0 1 220
250.72423008463298 299.41797120670907 0 0 11.0 1 221
365.52239334002326 236.5977520381071 0 0 13.0 1 222
674.5444550379804 156.45464034825383 0 0 10.0 1 223
668.6042473092581 524.3694429006857 0 0 10.0 1 224
319.1991683054489 634.467962838143 0 0 11.0 1 225
255.026639649075 583.6810409066784 0 0 12.0 1 226
280.8803147669603 503.80029185884564 0 0 10.0 1 227
443.02171442031323 660.4709812787924 0 0 13.0 1 228
634.549495814686 385.45579108110064 0 0 11.0 1 229
300.7485000775882 188.09167132188625 0 0 12.0 1 230
504.58662942215625 278.91475339203146 0 0 12.0 1 231
474.20834608166683 541.7502076606012 0 0 13.0 1 232
647.0243363227013 542.1406953139351 0 0 13.0 1 233
79.09321425354238 342.5993478967606 0 0 11.0 1 234
463.2527195810758 541.5065138627823 0 0 13.0 1 235
194.6572458477067 463.71305452692434 0 0 13.0 1 236
415.19665805027455 580.3609203350411 0 0 13.0 1 237
448.1586557606513 231.75689055617437 0 0 10.0 1 238
736.4392134495336 258.45970307555785 0 0 12.0 1 239
46.45079105117827 472.96544971191764 0 0 10.0 1 240
279.53644295738417 495.9402492421217 0 0 11.0 1 241
549.6608026602019 555.7486569672565 0 0 10.0 1 242
703.4975099006797 235.94433419083987 0 0 12.0 1 243
355.6822502828881 601.1763829578697 0 0 12.0 1 244
234.6747550477545 260.99077950912744 0 0 11.0 1 245
546.185591795755 371.1768712433078 0 0 10.0 1 246
553.4641176272069 124.9113513775917 0 0 13.0 1 247
393.0306178604763 624.8920356806645 0 0 11.0 1 248
260.59201186784696 421.12848420842045 0 0 13.0 1 249
175.5110188234609 664.6010153614674 0 0 10.0 1 250
252.20843252080851 407.8519158199504 0 0 10.0 1 251
267.02704713377557 416.55879844786 0 0 13.0 1 252
214.87140313571672 426.38944150719516 0 0 12.0 1 253
451.8270395637906 154.4089619508617 0 0 13.0 1 254
175.05605011558166 153.10686641707449 0 0 13.0 1 255
513.869003996376 111.67058781859714 0 0 11.0 1 256
269.9645959179125 553.2703287828673 0 0 10.0 1 257
535.9950056925 455.80643714390754 0 0 13.0 1 258
243.09524379088865 444.15764349418265 0 0 11.0 1 259
182.87044717015547 589.2055952870098 0 0 13.0 1 260
724.3778581510196 571.6624744705639 0 0 13.0 1 261
542.3128437518933 710.9840100443256 0 0 11.0 1 262
440.5861886396401 676.0321743777481 0 0 10.0 1 263
367.99650342885235 631.801156613207 0 0 12.0 1 264
345.1491434155105 699.0106746120409 0 0 10.0 1 265
186.77271167163207 103.75833596178433 0 0 13.0 1 266
653.3754214667152 443.01041497782137 0 0 13.0 1 267
558.8916311210708 75.84810727116582 0 0 10.0 1 268
612.8119590739269 227.41068956879965 0 0 11.0 1 269
550.0150485871219 328.92619893798104 0 0 11.0 1 270
142.60195088388417 436.6912020955655 0 0 12.0 1 271
249.8030106733418 166.06653852599942 0 0 11.0 1 272
322.88766559083683 292.8660283478234 0 0 11.0 1 273
45.68612056459432 365.3925609235121 0 0 12.0 1 274
529.1851799916544 298.96936469306036 0 0 11.0 1 275
335.3567258399734 236.3013527671299 0 0 12.0 1 276
717.4378049993143 459.6845034930956 0 0 13.0 1 277
256.9358823512232 358.3627781741271 0 0 12.0 1 278
468.353735148519 623.7940278274782 0 0 12.0 1 279
635.1250701985861 452.8885749865693 0 0 12.0 1 280
411.57558710126176 246.43566239760904 0 0 13.0 1 281
534.4647453258281 112.93165924390024 0 0 11.0 1 282
560.8366698451383 257.3235631467972 0 0 12.0 1 283
237.8623877170305 629.504672464805 0 0 13.0 1 284
506.66589126206753 223.76609962533092 0 0 10.0 1 285
608.7033566809481 481.3566771083048 0 0 11.0 1 286
339.09644332519076 111.35531048647664 0 0 12.0 1 287
155.09941242020167 283.96249656654305 0 0 10.0 1 288
303.511490724086 234.0061218667632 0 0 12.0 1 289
180.00861819317984 398.0527119561111 0 0 13.0 1 290
95.68249253051789 537.6475740707467 0 0 13.0 1 291
533.6440548520582 582.2505599516777 0 0 11.0 1 292
222.32959893248798 480.36310462214254 0 0 11.0 1 293
315.42999953210426 294.7720806018664 0 0 13.0 1 294
187.15598038305083 650.8753142764344 0 0 12.0 1 295
233.11808986926627 274.17699705094583 0 0 13.0 1 296
364.06149164927245 644.3714869159753 0 0 11.0 1 297
551.7374250058074 244.87181477047127 0 0 11.0 1 298
218.9700778152619 239.40060002046187 0 0 13.0 1 299
435.60112454027 576.4442119523001 0 0 11.0 1 300
536.0094363538645 585.476233579141 0 0 11.0 1 301
453.09662671494135 761.1173607450826 0 0 10.0 1 302
167.85588678457276 162.65402742110226 0 0 11.0 1 303
551.012405302734 654.5805441204861 0 0 10.0 1 304
497.5311572752902 519.1791649599149 0 0 13.0 1 305
451.99537181018775 587.9401003253971 0 0 12.0 1 306
265.3631548342572 430.28068565630264 0 0 13.0 1 307
566.1023758553604 425.179371223376 0 0 10.0 1 308
583.680267922662 187.34403564475528 0 0 11.0 1 309
579.6744627271389 483.1930732916749 0 0 13.0 1 310
398.45276501738 48.003400493827826 0 0 10.0 1 311
292.7746133443765 464.2473069984419 0 0 11.0 1 312
550.482702591638 351.84445804773213 0 0 10.0 1 313
392.8376632123916 220.14255386072873 0 0 11.0 1 314
515.7941340446565 324.9285772024525 0 0 11.0 1 315
587.9338721053532 395.0140481862779 0 0 11.0 1 316
514.8037145709787 136.96177631244308 0 0 11.0 1 317
552.6299279437983 586.5076542554513 0 0 13.0 1 318
420.98985918546214 649.1172932804434 0 0 12.0 1 319
414.86082030330715 576.3750436425539 0 0 11.0 1 320
184.82511399564473 349.59396431961034 0 0 12.0 1 321
209.6898262230003 374.58272719255325 0 0 11.0 1 322
518.430690977138 544.7175574513253 0 0 10.0 1 323
357.05513707974205 711.0494152843889 0 0 10.0 1 324
180.99337202863313 476.5512697779162 0 0 10.0 1 325
599.9793435246522 371.4997866069538 0 0 12.0 1 326
272.4565214961153 419.33031533961866 0 0 12.0 1 327
578.0299070582109 315.653380667363 0 0 13.0 1 328
519.7625434969351 488.64498392545806 0 0 13.0 1 329
640.3960347988436 417.0512888953632 0 0 11.0 1 330
372.3943217424861 223.14150705170354 0 0 11.0 1 331
96.08631480570813 512.3052623505454 0 0 12.0 1 332
415.03323000163863 200.5657953215702 0 0 12.0 1 333
208.00102447901455 558.5477637776453 0 0 10.0 1 334
562.0199600766384 296.9779997439165 0 0 10.0 1 335
286.9275281922883 205.47592406261313 0 0 10.0 1 336
161.54278939947721 328.31207415039876 0 0 10.0 1 337
369.52072399120306 584.4993597115707 0 0 13.0 1 338
254.82235070448257 415.4741767156689 0 0 13.0 1 339
291.0590071578865 465.275263910417 0 0 11.0 1 340
514.4371858489706 166.53880302078426 0 0 12.0 1 341
496.20718958900324 493.27473758411537 0 0 13.0 1 342
600.7676922571678 441.440725690209 0 0 10.0 1 343
589.9715411591377 504.8799959459479 0 0 10.0 1 344
648.3323138965548 212.77804115226496 0 0 13.0 1 345
268.5449775461756 600.7973532486535 0 0 12.0 1 346
608.8872458027054 520.1961669145908 0 0 12.0 1 347
735.6714412332983 385.14457875520395 0 0 13.0 1 348
222.6515487155556 546.4497416420018 0 0 11.0 1 349
544.8106840554731 550.7012467877621 0 0 10.0 1 350
251.83924832169797 415.7921392509224 0 0 10.0 1 351
229.10698609869755 406.0479583108061 0 0 10.0 1 352
229.13493149056902 106.05250747239319 0 0 12.0 1 353
569.7603123147985 409.0242098148299 0 0 13.0 1 354
628.5943148917379 303.83015441846123 0 0 13.0 1 355
631.2840232865645 494.9089067073258 0 0 10.0 1 356
308.6908034249285 614.3633145405597 0 0 12.0 1 357
558.9047982537267 179.24387869881744 0 0 10.0 1 358
255.54222585872807 161.30992586588508 0 0 13.0 1 359
348.9430485649369 134.87137515885314 0 0 12.0 1 360
74.51396611849538 440.5319842604335 0 0 13.0 1 361
300.3815718486069 134.0447993126554 0 0 11.0 1 362
565.8961934136194 380.83093609820776 0 0 12.0 1 363
520.293481466233 451.869820866599 0 0 11.0 1 364
318.5475486950089 636.3588335061926 0 0 10.0 1 365
514.9042143199575 175.721107699558 0 0 13.0 1 366
637.832150379804 502.5517832400698 0 0 12.0 1 367
109.82936472004991 599.2611412725275 0 0 13.0 1 368
210.34950249587823 707.1704556047653 0 0 11.0 1 369
269.6105777064115 660.1530291077623 0 0 10.0 1 370
460.0060880160294 158.33852313409048 0 0 11.0 1 371
674.6993844933234 496.0273302710706 0 0 12.0 1 372
142.03463646548 560.8411365804873 0 0 10.0 1 373
660.7396952440076 537.9848228033144 0 0 11.0 1 374
559.5303451015172 536.565255434136 0 0 13.0 1 375
218.90944637518524 563.5304601224435 0 0 11.0 1 376
379.1934951653683 541.4782292671437 0 0 13.0 1 377
167.16816779352104 633.8575162601664 0 0 10.0 1 378
65.31194124602575 340.1342892174804 0 0 13.0 1 379
579.2468993611343 184.89409801351482 0 0 12.0 1 380
643.1957374286526 512.6047658695397 0 0 10.0 1 381
108.87151798169106 312.4773917338201 0 0 12.0 1 382
416.0104945683533 255.8866277416397 0 0 10.0 1 383
140.72601410003693 370.0333479423252 0 0 10.0 1 384
604.4730859882512 115.9388145021548 0 0 12.0 1 385
156.8453456705026 627.5188213706783 0 0 10.0 1 386
288.44377267085343 516.0870713907788 0 0 12.0 1 387
161.26593783089 583.322250586871 0 0 12.0 1 388
455.2928201812319 543.7313606573248 0 0 11.0 1 389
344.1717177708861 258.6238955716122 0 0 13.0 1 390
460.832554838256 550.1445978776812 0 0 11.0 1 391
537.828714921029 222.15668316403418 0 0 10.0 1 392
543.5801150566494 86.2967157323352 0 0 12.0 1 393
391.1721159566033 684.8632451955084 0 0 10.0 1 394
225.2381401154846 520.0095509936814 0 0 11.0 1 395
394.05279390760643 591.9078704475004 0 0 12.0 1 396
766.5610501175182 357.64440371400394 0 0 13.0 1 397
627.4612417959809 515.2665757304794 0 0 13.0 1 398
476.3906977997363 268.59048249967066 0 0 11.0 1 399
564.4743303786518 322.0757120886298 0 0 10.0 1 400
579.1347981868458 690.1581018661343 0 0 12.0 1 401
490.0573800618267 579.6960441868426 0 0 12.0 1 402
512.2408158502665 238.10188618372797 0 0 11.0 1 403
522.161249104639 248.00779882772164 0 0 11.0 1 404
562.7945592166567 710.9645180554439 0 0 13.0 1 405
552.9940471918683 398.6503615845755 0 0 11.0 1 406
706.7779014264142 289.71256102164125 0 0 12.0 1 407
563.74035229508 341.13492520786986 0 0 12.0 1 408
228.06159879121248 689.83820691856 0 0 12.0 1 409
233.05887485361956 395.56595727799754 0 0 12.0 1 410
397.22515983038056 608.9815787624188 0 0 12.0 1 411
241.06090533079913 368.6573104897681 0 0 13.0 1 412
243.7029624048897 686.0895594721917 0 0 12.0 1 413
109.82917746201446 312.7652950504852 0 0 12.0 1 414
610.2772927764302 338.80800589443527 0 0 11.0 1 415
516.6960178199442 214.68124912743653 0 0 10.0 1 416
572.3816404296681 103.46404932491475 0 0 13.0 1 417
66.68281527550687 266.65587989214475 0 0 11.0 1 418
192.65875171999645 366.6892395510111 0 0 11.0 1 419
292.14880255750404 275.12758827419185 0 0 11.0 1 420
487.51911556683456 519.3499242161429 0 0 13.0 1 421
601.0285122551637 560.1141382279388 0 0 13.0 1 422
615.2632468875702 155.17815755243356 0 0 10.0 1 423
191.449996598733 194.19451882583027 0 0 13.0 1 424
249.81287178375663 235.1581772784659 0 0 13.0 1 425
295.4707816177599 220.17329868899347 0 0 13.0 1 426
244.26397786394162 533.309007232209 0 0 13.0 1 427
476.91086277181677 721.940552257237 0 0 12.0 1 428
336.6058785047575 607.5335764637772 0 0 13.0 1 429
570.9732057787552 403.0270291930257 0 0 12.0 1 430
202.14029467779758 364.608800390334 0 0 12.0 1 431
351.8956957208495 190.45054065968364 0 0 12.0 1 432
127.73772828871898 456.189459888956 0 0 10.0 1 433
641.332375953993 327.4556389758615 0 0 11.0 1 434
128.82637739598562 537.407665011147 0 0 13.0 1 435
269.53143856605897 559.4175475829369 0 0 13.0 1 436
446.73759668274806 553.021557488874 0 0 11.0 1 437
501.37651816179016 303.4453441547626 0 0 11.0 1 438
542.8569473987529 610.0187910162088 0 0 10.0 1 439
596.1908568035988 534.7336175817669 0 0 13.0 1 440
265.7590816992383 583.0529318360354 0 0 10.0 1 441
206.70427005411108 673.6087732231662 0 0 13.0 1 442
282.06680890628843 229.88015272034218 0 0 13.0 1 443
267.60486073885573 96.6313676399252 0 0 11.0 1 444
388.38109810010195 108.23125404073767 0 0 11.0 1 445
562.8691736005579 358.7976664414341 0 0 10.0 1 446
502.21204188934394 94.653150511077 0 0 13.0 1 447
162.22931074671695 638.8181302414428 0 0 11.0 1 448
623.5383160777192 658.8331919308991 0 0 12.0 1 449
354.57838583835667 576.2409627951198 0 0 13.0 1 450
291.79703852417276 139.58471794485513 0 0 13.0 1 451
154.89021579488357 356.1571706328018 0 0 10.0 1 452
682.9523189141918 448.03108598690557 0 0 13.0 1 453
158.87563349874222 170.33058566851545 0 0 12.0 1 454
682.5685904060249 576.1930524054571 0 0 12.0 1 455
491.11880843475103 255.2990575378614 0 0 11.0 1 456
535.8142180169223 522.6519391793375 0 0 10.0 1 457
598.5325385486105 546.9483961717325 0 0 12.0 1 458
513.7062796228448 470.90050757456834 0 0 10.0 1 459
443.66952064533416 569.4637806925325 0 0 12.0 1 460
106.1904697951295 314.4900008139791 0 0 12.0 1 461
364.4405593653915 657.5568406813411 0 0 10.0 1 462
219.00000008223572 399.99454387204196 0 0 12.0 1 463
273.07945751189817 404.4917585115344 0 0 10.0 1 464
346.26176706624307 91.64760042905897 0 0 13.0 1 465
293.7145633627907 676.2596712494203 0 0 10.0 1 466
406.41116174329534 239.12769969599705 0 0 10.0 1 467
574.6588511570725 352.5101514795889 0 0 10.0 1 468
596.5099620898767 484.7339058431465 0 0 12.0 1 469
639.9906622617541 397.8829201326674 0 0 13.0 1 470
175.8739840020914 363.9926541813311 0 0 12.0 1 471
517.284716235613 605.9448842227739 0 0 11.0 1 472
369.3120609976393 700.4367660586623 0 0 11.0 1 473
414.45489512067303 617.5202427523709 0 0 13.0 1 474
89.54140880962586 550.4674820553869 0 0 10.0 1 475
397.6367389942954 577.9843110990936 0 0 10.0 1 476
445.8485302688176 136.96594845497793 0 0 11.0 1 477
627.0220834515219 442.6845829935142 0 0 12.0 1 478
277.1720890434302 484.3463353682006 0 0 12.0 1 479
263.3099341739405 187.10372031322967 0 0 10.0 1 480
275.6211924196666 425.6692856327245 0 0 10.0 1 481
598.5012901451033 414.0796949799887 0 0 13.0 1 482
133.84676514316203 378.7525160256363 0 0 10.0 1 483
106.52591501078706 548.7076374627216 0 0 11.0 1 484
299.7589087029487 117.24264180117927 0 0 13.0 1 485
263.756029962689 319.9901216819304 0 0 11.0 1 486
141.72330876460842 633.2319677156161 0 0 12.0 1 487
498.24462249344367 122.90075035987422 0 0 12.0 1 488
178.3184746912216 280.1613529082815 0 0 10.0 1 489
341.28097853564697 224.56603373842097 0 0 12.0 1 490
606.7301879033615 288.2519377821663 0 0 10.0 1 491
720.6861090353832 385.80776720363235 0 0 10.0 1 492
90.42688944730929 452.5403580377175 0 0 13.0 1 493
484.52053865524226 303.87363241322544 0 0 13.0 1 494
543.2192317923214 185.40211640182164 0 0 12.0 1 495
125.29772094970792 496.01904959212766 0 0 11.0 1 496
601.9134996799194 335.3862348488558 0 0 11.0 1 497
454.5188262968727 280.8836804664809 0 0 11.0 1 498
686.9550295818874 405.0804525052537 0 0 10.0 1 499
175.2305366220231 328.06469341987685 0 0 12.0 1 500
125.83289028196526 264.10152337550244 0 0 11.0 1 501
521.1641677442904 199.81197724430794 0 0 10.0 1 502
292.1121456195103 589.4312827311642 0 0 13.0 1 503
439.65379328027177 687.2761331515123 0 0 13.0 1 504
632.824782617088 633.8645347189388 0 0 12.0 1 505
173.31935046188633 287.63949481700035 0 0 13.0 1 506
140.32787536286708 517.4537682939006 0 0 13.0 1 507
137.746562350065 532.8876760305171 0 0 12.0 1 508
434.8476524402204 269.57515144955846 0 0 10.0 1 509
428.28806541928014 265.952301941307 0 0 10.0 1 510
444.9172212352009 574.3056029980334 0 0 13.0 1 511
286.66823579259346 242.54552651119494 0 0 13.0 1 512
212.67611596433215 494.91976859322654 0 0 13.0 1 513
204.3575800639333 192.75848986856005 0 0 12.0 1 514
541.0092973946187 527.3435434102412 0 0 11.0 1 515
347.9528453649805 190.3643787559033 0 0 10.0 1 516
344.8771198909354 138.7520945758958 0 0 12.0 1 517
499.71776078582695 582.5386758576401 0 0 10.0 1 518
476.7532232542022 65.69782722798436 0 0 11.0 1 519
191.27544400597185 248.34888815080913 0 0 13.0 1 520
720.3402962924808 448.5602159307966 0 0 13.0 1 521
110.01136034555526 397.4331203057829 0 0 13.0 1 522
403.8058020770564 228.04211018231737 0 0 10.0 1 523
502.59423465464886 587.8042145843028 0 0 10.0 1 524
549.8443379117771 183.86190896609367 0 0 12.0 1 525
594.7748097827739 429.5258103036016 0 0 12.0 1 526
295.6377220029859 324.17444407540455 0 0 12.0 1 527
421.5716045162363 579.7099493033012 0 0 11.0 1 528
651.4036283035501 442.67570357721576 0 0 10.0 1 529
275.0850038779131 503.1515571565403 0 0 12.0 1 530
186.8319349567565 144.17119777921894 0 0 13.0 1 531
81.35587318439474 537.3860271130965 0 0 13.0 1 532
174.28623595994628 236.0051930002936 0 0 12.0 1 533
614.7956092966137 255.28011115642593 0 0 12.0 1 534
376.3267174189301 216.52091211302357 0 0 12.0 1 535
354.33108638856436 137.94971793651655 0 0 11.0 1 536
658.8090692908036 561.3780209719653 0 0 10.0 1 537
495.59415650110725 76.84251943852234 0 0 11.0 1 538
528.1014413993515 254.3084741262948 0 0 13.0 1 539
370.3114103836823 534.7686448941068 0 0 11.0 1 540
122.17393061659601 409.83235327721695 0 0 13.0 1 541
480.6208167610819 287.9987325751353 0 0 12.0 1 542
206.49854835640596 581.0585215112004 0 0 12.0 1 543
425.7576012746166 252.2280609297629 0 0 11.0 1 544
165.05151477346215 635.9834936807134 0 0 12.0 1 545
672.4242336892149 523.2316391956384 0 0 11.0 1 546
520.170006155419 298.9645130629511 0 0 10.0 1 547
144.39731010678196 647.7968218507885 0 0 12.0 1 548
543.3640412102507 287.8806364276645 0 0 13.0 1 549
508.9363100594149 655.7672386187078 0 0 12.0 1 550
727.6889242903953 353.29915528169164 0 0 10.0 1 551
182.595920105964 229.9662796812714 0 0 12.0 1 552
656.3654665356478 325.39606198088677 0 0 12.0 1 553
39.62116370380335 342.10272588628123 0 0 13.0 1 554
355.18334262922235 167.27598486165996 0 0 10.0 1 555
478.82608881592887 281.88798654673906 0 0 12.0 1 556
721.7765012719908 303.2741853011487 0 0 10.0 1 557
300.6660349633735 52.93550543148001 0 0 11.0 1 558
519.6822879869028 458.0099124479607 0 0 12.0 1 559
401.3542635843435 94.00299679548476 0 0 10.0 1 560
202.75143447071386 373.65605578811505 0 0 13.0 1 561
226.55182447531905 386.15332505041465 0 0 11.0 1 562
207.281272233054 672.7920306165299 0 0 12.0 1 563
554.4461202824691 695.0176196936262 0 0 10.0 1 564
184.97325819521623 497.25996251705453 0 0 10.0 1 565
512.6019746877885 339.13297036645656 0 0 13.0 1 566
238.78870248354121 514.9561549159496 0 0 11.0 1 567
389.96408971908585 723.8445313801569 0 0 11.0 1 568
237.16670295652276 552.3624539509347 0 0 11.0 1 569
767.1627451572311 445.7331233200418 0 0 10.0 1 570
661.9461351990442 573.1479779098909 0 0 13.0 1 571
536.7373656451573 391.52103565153527 0 0 11.0 1 572
552.4020706895656 593.1051756156023 0 0 12.0 1 573
552.3173963371233 271.93591146195706 0 0 12.0 1 574
581.6447275060934 313.9407589550252 0 0 12.0 1 575
368.40680466694397 628.8293469130377 0 0 10.0 1 576
511.115573409617 621.7145221807809 0 0 10.0 1 577
643.2267623802591 380.5901555385678 0 0 13.0 1 578
632.4360173384182 316.43865819737846 0 0 11.0 1 579
428.92655045893406 175.85885099217782 0 0 13.0 1 580
477.59823430185327 87.48997770753869 0 0 13.0 1 581
146.87477515645787 350.08386485407516 0 0 10.0 1 582
337.35253396203655 127.0983785335415 0 0 10.0 1 583
226.0265933210457 258.89984490256865 0 0 13.0 1 584
259.36518441846795 275.2368297679621 0 0 13.0 1 585
641.4779029486374 178.02607723534624 0 0 13.0 1 586
471.31990437459444 511.0741699946423 0 0 11.0 1 587
424.8720666640951 133.15663714482832 0 0 13.0 1 588
198.74796986339967 478.445014920624 0 0 11.0 1 589
594.7297786099036 354.3895480998278 0 0 10.0 1 590
563.7115986780464 654.9657083967927 0 0 11.0 1 591
209.11949909269725 406.75532185592965 0 0 10.0 1 592
625.031731271931 210.79978879304215 0 0 13.0 1 593
312.2649168601588 717.0860375141818 0 0 12.0 1 594
195.03255794862952 289.1968064588476 0 0 13.0 1 595
388.0457343836856 192.34380449027148 0 0 12.0 1 596
439.1981073914857 47.17070929849723 0 0 13.0 1 597
117.69210729125689 298.49998170271704 0 0 11.0 1 598
323.29924477672637 524.2296025437555 0 0 11.0 1 599
477.3290415356744 129.8496356930571 0 0 10.0 1 600
77.21628304835133 336.3472540193439 0 0 13.0 1 601
662.4830053879592 557.2853199841122 0 0 11.0 1 602
544.9888689136934 634.8493727714167 0 0 11.0 1 603
376.8863635875045 567.4119464428718 0 0 13.0 1 604
368.2442409247692 573.1114431964447 0 0 10.0 1 605
257.26538670786397 374.4690351074549 0 0 12.0 1 606
602.7150413076457 235.59923349436755 0 0 13.0 1 607
613.4129921263495 638.442644658372 0 0 10.0 1 608
411.07324534473577 566.6324795396603 0 0 11.0 1 609
274.3995970338517 389.97309745030026 0 0 13.0 1 610
638.016756247599 239.63471776793142 0 0 12.0 1 611
196.76695214054453 467.02483314232336 0 0 13.0 1 612
566.549182171126 537.5404301219431 0 0 12.0 1 613
39.04461168306284 438.47346676566997 0 0 11.0 1 614
621.0182987222406 348.2321370933045 0 0 11.0 1 615
667.4032451225431 628.9093805372185 0 0 11.0 1 616
379.24719815825904 213.14893306240546 0 0 11.0 1 617
381.8291560729085 259.1674028110775 0 0 10.0 1 618
340.5751602224912 288.8933466554887 0 0 12.0 1 619
166.78292219770577 507.9758983355018 0 0 13.0 1 620
602.220190614219 268.89700801297874 0 0 11.0 1 621
232.1523228209495 373.03414630319946 0 0 10.0 1 622
288.1617232454669 215.2076845413304 0 0 12.0 1 623
716.9312372610154 279.6854503885669 0 0 12.0 1 624
348.17738206603946 616.8949429342942 0 0 13.0 1 625
704.669632297634 518.7662206000699 0 0 12.0 1 626
438.7820565887479 99.49217633022073 0 0 10.0 1 627
568.4450547681436 316.51189591230894 0 0 11.0 1 628
307.24222862259023 628.921374819164 0 0 11.0 1 629
636.072185496598 420.95049485954496 0 0 11.0 1 630
549.5246490042576 388.0677185687917 0 0 12.0 1 631
632.2440367159819 673.7584837221773 0 0 10.0 1 632
558.1483945948575 325.072800085221 0 0 10.0 1 633
511.31806473662255 250.98896529688443 0 0 13.0 1 634
208.65133686082697 239.10969850593455 0 0 13.0 1 635
382.1176103661919 162.672757271769 0 0 10.0 1 636
631.1550436874937 205.65148372618614 0 0 11.0 1 637
57.86557085911403 326.21631348028154 0 0 12.0 1 638
685.9570670369551 302.8786541916638 0 0 10.0 1 639
615.224717075997 594.3664609945787 0 0 13.0 1 640
522.7124704726509 537.104520678564 0 0 12.0 1 641
695.1184137136563 521.1037649585477 0 0 10.0 1 642
227.35184861793613 550.4447268080737 0 0 12.0 1 643
303.0181772953406 293.5550561798166 0 0 12.0 1 644
557.6932427616663 321.84092383279983 0 0 10.0 1 645
228.7324488816751 486.7837884280928 0 0 13.0 1 646
314.86094485769866 577.6523044868154 0 0 11.0 1 647
197.94788502377665 97.22790281527756 0 0 11.0 1 648
622.8511039274351 244.0468484501724 0 0 10.0 1 649
217.75883670231846 192.7220262548194 0 0 13.0 1 650
520.1927798920917 343.05532806476793 0 0 11.0 1 651
289.0316915664461 704.40439307506 0 0 10.0 1 652
536.4191879192629 342.6083179594043 0 0 10.0 1 653
639.7653151666417 389.38898482514566 0 0 11.0 1 654
334.23596220566833 170.22599944078593 0 0 13.0 1 655
571.4194871004008 688.9833203529843 0 0 12.0 1 656
475.3275386239234 235.41943636971789 0 0 12.0 1 657
210.86820868905616 348.5688273951139 0 0 12.0 1 658
542.949700590774 396.2074940991369 0 0 11.0 1 659
557.9589280477622 368.8555454373997 0 0 12.0 1 660
350.93235471814353 577.3368720444057 0 0 11.0 1 661
177.52227558776067 238.35637302896322 0 0 10.0 1 662
490.4978130618499 623.3632598056862 0 0 11.0 1 663
451.82161055174095 713.7491365403636 0 0 12.0 1 664
622.4825969537683 238.36307954954384 0 0 10.0 1 665
657.1791214536354 183.77118719204816 0 0 10.0 1 666
93.27870701488149 542.0072125968857 0 0 13.0 1 667
663.1633822474935 378.99918468107336 0 0 10.0 1 668
609.8108600313483 422.369689602361 0 0 13.0 1 669
112.30240990709495 597.5628929094094 0 0 13.0 1 670
204.58714793588726 618.3181560204492 0 0 12.0 1 671
385.46982089029564 572.3887290255367 0 0 10.0 1 672
184.86861778973918 577.6499039918194 0 0 11.0 1 673
538.9163470048791 233.29292596047398 0 0 13.0 1 674
275.0440680042062 396.68110574700415 0 0 13.0 1 675
586.3127648306485 619.6168337381256 0 0 13.0 1 676
393.15004802360795 90.07568963064364 0 0 10.0 1 677
170.2204837238559 346.1727401784074 0 0 11.0 1 678
558.3205894366174 180.05548208595414 0 0 10.0 1 679
509.09666693162603 498.52368884897606 0 0 11.0 1 680
489.06992623545307 98.89777775577454 0 0 11.0 1 681
663.6208636603556 357.65569409037107 0 0 13.0 1 682
435.2782022976211 655.5766977692765 0 0 13.0 1 683
379.48493809541816 548.5904850084661 0 0 12.0 1 684
144.26495487274562 267.5477946813977 0 0 11.0 1 685
124.31195336065343 373.07230161745184 0 0 12.0 1 686
531.8383856543385 641.3371916387068 0 0 10.0 1 687
355.9749703729755 639.9954098859802 0 0 11.0 1 688
643.1677307009364 251.35796440523012 0 0 13.0 1 689
594.5088301125303 702.9295545308428 0 0 12.0 1 690
275.86186781549645 563.1401977985277 0 0 12.0 1 691
606.3588454662771 476.2628802093467 0 0 10.0 1 692
517.7759734957546 253.46392912621369 0 0 10.0 1 693
188.33469799411003 612.5977420546968 0 0 11.0 1 694
281.36382885371273 300.24801307367943 0 0 13.0 1 695
478.40097932078197 265.1323373022936 0 0 13.0 1 696
168.2731996876174 345.7165769595804 0 0 10.0 1 697
578.2855112259017 197.23344337164744 0 0 11.0 1 698
596.5204027880533 611.8979265779194 0 0 11.0 1 699
315.29312280258347 576.7505161391666 0 0 11.0 1 700
522.9526678309422 607.2767268008013 0 0 12.0 1 701
535.8989945610456 323.4006313518388 0 0 10.0 1 702
692.8270243165521 460.4428145432804 0 0 11.0 1 703
197.3401737170207 709.5625862583407 0 0 11.0 1 704
490.20596787660975 295.56397480062714 0 0 10.0 1 705
52.0940562907993 465.40225020448815 0 0 11.0 1 706
740.8800552549225 390.9563320825572 0 0 13.0 1 707
159.21763782837803 445.2642692093209 0 0 11.0 1 708
397.2379225901645 275.0305200123563 0 0 12.0 1 709
101.4210900251469 415.86299209571064 0 0 11.0 1 710
366.13668532185375 36.574249785449524 0 0 11.0 1 711
592.6181235413645 243.78777741993545 0 0 10.0 1 712
327.89316665316244 569.2826174912575 0 0 13.0 1 713
100.42562440995192 370.73921583701446 0 0 10.0 1 714
260.83870174710137 690.3758479429166 0 0 13.0 1 715
308.8824760994161 533.9462460773967 0 0 12.0 1 716
245.47033427527282 242.0076507833241 0 0 11.0 1 717
494.11577297224426 71.20489468692364 0 0 11.0 1 718
703.1634084891834 340.22586049786656 0 0 12.0 1 719
506.6053399052437 499.75621035147367 0 0 13.0 1 720
619.6970150316045 613.0005201547709 0 0 12.0 1 721
123.0875818307506 424.5664947369124 0 0 10.0 1 722
488.24517902247703 136.3775647269547 0 0 10.0 1 723
587.9149813848499 328.663054655168 0 0 13.0 1 724
188.49902388422095 482.4398999397298 0 0 13.0 1 725
643.1777426767295 567.0017528849633 0 0 11.0 1 726
144.71738543303096 510.0671917505499 0 0 13.0 1 727
328.1544483971742 59.49711203150463 0 0 11.0 1 728
327.3753312030867 681.7918690845047 0 0 12.0 1 729
654.8305727871921 638.4583384429062 0 0 13.0 1 730
542.4936057882462 528.6840017619279 0 0 11.0 1 731
665.3693738340888 459.6916696943853 0 0 11.0 1 732
522.6486234320678 591.0139135513925 0 0 10.0 1 733
270.718763675864 499.2741755669767 0 0 12.0 1 734
359.75983877755436 237.92060764924005 0 0 10.0 1 735
634.5972807542861 518.8827820279062 0 0 10.0 1 736
221.41846867060332 480.7752231073843 0 0 11.0 1 737
656.9900008386284 397.7329603087313 0 0 11.0 1 738
511.77696019492953 270.59014268773365 0 0 10.0 1 739
466.1588989829044 521.107390713242 0 0 11.0 1 740
184.22226097858027 422.99929005000104 0 0 12.0 1 741
211.88790799993504 582.3673239463668 0 0 13.0 1 742
234.08455985412277 484.0717950397149 0 0 11.0 1 743
325.1208142959081 146.84173418927813 0 0 13.0 1 744
152.0387272319863 404.382602795908 0 0 12.0 1 745
513.730020460594 531.6870625613346 0 0 12.0 1 746
593.9886032656832 554.5070283289059 0 0 13.0 1 747
635.6230321179834 344.8113532007916 0 0 11.0 1 748
570.1192270168574 232.12966730483038 0 0 11.0 1 749
355.4657784670107 560.9524871272595 0 0 11.0 1 750
192.33435603692325 122.00003540036084 0 0 11.0 1 751
391.82259162295884 663.8733218653131 0 0 10.0 1 752
674.1061358415736 485.0577820895936 0 0 10.0 1 753
648.3700266465096 238.97723805743445 0 0 10.0 1 754
274.98746109996154 649.4250691445557 0 0 12.0 1 755
599.2833915271842 671.7630031137849 0 0 13.0 1 756
132.77970921227342 515.2142187029137 0 0 12.0 1 757
291.4054844281944 93.67952861794419 0 0 12.0 1 758
645.7721349159173 614.1776311823253 0 0 10.0 1 759
160.46920476757725 526.7517184708877 0 0 10.0 1 760
252.76145635453682 264.6456086225385 0 0 13.0 1 761
183.23893043137818 178.38177259199307 0 0 13.0 1 762
500.3154509899648 635.5266657783784 0 0 12.0 1 763
356.0114860524108 766.3686813043423 0 0 12.0 1 764
474.7465670202876 45.80097301279659 0 0 12.0 1 765
358.2089397513002 182.98731077817237 0 0 12.0 1 766
533.6495612664754 380.9528276828652 0 0 12.0 1 767
161.1694962208801 483.4804795422965 0 0 12.0 1 768
431.4514806178805 590.4200734348747 0 0 13.0 1 769
442.52527486263625 708.0788876211047 0 0 13.0 1 770
276.51142597872433 345.45119537339133 0 0 12.0 1 771
145.97088921657038 215.43236774943435 0 0 13.0 1 772
336.88160339648255 199.71004016626026 0 0 11.0 1 773
221.27776430671562 284.1235033805642 0 0 11.0 1 774
335.6117788959263 175.03298690018372 0 0 11.0 1 775
620.9392546543052 144.2074165406665 0 0 10.0 1 776
395.3227702085863 550.9275439456904 0 0 13.0 1 777
293.11822283768333 129.3391684956523 0 0 10.0 1 778
508.147920684348 732.872388839405 0 0 11.0 1 779
396.9861783803655 626.9799922443497 0 0 13.0 1 780
611.326596348896 619.9228721065427 0 0 11.0 1 781
455.49715934063244 651.96044392944 0 0 10.0 1 782
361.2949165400223 680.340715049306 0 0 10.0 1 783
371.0538241655298 89.34566009057602 0 0 11.0 1 784
423.09130234784624 525.8999275451752 0 0 11.0 1 785
450.1895660384061 610.0880945243601 0 0 11.0 1 786
366.5360673430927 540.0577209979299 0 0 12.0 1 787
179.16823451765038 104.37467741421659 0 0 13.0 1 788
258.8316544034775 346.40430799457124 0 0 13.0 1 789
246.6482064137549 263.95505373634165 0 0 12.0 1 790
606.598471217754 232.44979352299526 0 0 11.0 1 791
164.23108805774308 389.55872797192325 0 0 11.0 1 792
352.050730923773 531.5327624398408 0 0 10.0 1 793
246.0731419149372 649.3100927761668 0 0 10.0 1 794
427.784810143983 588.968262746057 0 0 13.0 1 795
416.9875499018517 174.63934871337432 0 0 13.0 1 796
53.07684144252022 465.21749808526647 0 0 12.0 1 797
258.0315753685955 58.3203746084979 0 0 10.0 1 798
328.4170626844655 260.26853222956447 0 0 11.0 1 799
118.55571861381651 632.4093726057853 0 0 13.0 1 800
510.91861400393594 332.19836972870144 0 0 10.0 1 801
663.8818926954193 274.97861499934015 0 0 11.0 1 802
232.31961183036321 273.5749731133905 0 0 12.0 1 803
290.39511255904813 544.0408575684561 0 0 10.0 1 804
495.6166239217956 499.50608639574716 0 0 11.0 1 805
759.85598860358 371.28297602222534 0 0 13.0 1 806
545.1671200996609 689.6592951071493 0 0 13.0 1 807
131.9198903217303 605.8568793965528 0 0 10.0 1 808
538.4810778440807 491.53682908612063 0 0 11.0 1 809
185.8249473933129 298.5207073294122 0 0 10.0 1 810
705.1434707720605 485.88633328522445 0 0 10.0 1 811
297.4463303442126 484.68615494950535 0 0 10.0 1 812
258.81048331409283 377.3169583609266 0 0 10.0 1 813
292.40136066802336 78.52911047202548 0 0 13.0 1 814
293.07528957567854 639.1884326230577 0 0 13.0 1 815
610.8284489299245 469.53678970014494 0 0 11.0 1 816
515.9506666516675 192.15524326306928 0 0 11.0 1 817
465.3903125130586 204.65387889839087 0 0 11.0 1 818
582.0179320272536 504.73524917868906 0 0 11.0 1 819
527.0501996130986 518.887538364085 0 0 11.0 1 820
369.15566675138115 202.39274530916597 0 0 11.0 1 821
414.60564143867754 146.42027833802484 0 0 12.0 1 822
154.80013434912084 437.16215662190257 0 0 11.0 1 823
505.1591755901832 560.6410526272566 0 0 13.0 1 824
109.60889019875765 348.0576921151668 0 0 13.0 1 825
612.7460765259547 637.6975113938147 0 0 12.0 1 826
319.1019786128305 117.34913738741028 0 0 10.0 1 827
355.18952461434327 142.87547511816098 0 0 10.0 1 828
568.5669355524241 97.83913516395785 0 0 13.0 1 829
744.9126949448585 484.02519185265226 0 0 10.0 1 830
141.7034068665099 548.6165198611254 0 0 13.0 1 831
280.70368249846456 478.8504193430375 0 0 13.0 1 832
346.9457543696115 518.6812833625859 0 0 10.0 1 833
513.4634842323094 576.7089068096583 0 0 10.0 1 834
231.90546636835523 452.15580277552874 0 0 11.0 1 835
57.34578471143237 430.3988280197765 0 0 13.0 1 836
326.7061172691959 601.0572225866138 0 0 13.0 1 837
306.5289622165035 291.77724317096624 0 0 11.0 1 838
586.7264036865589 674.512750462131 0 0 10.0 1 839
526.5998150695259 297.328256933264 0 0 12.0 1 840
579.9717955565844 403.18634651897446 0 0 11.0 1 841
479.58761901090037 534.1708273067427 0 0 13.0 1 842
701.1928390910259 529.872528582019 0 0 11.0 1 843
587.7343452801906 227.42881004577222 0 0 10.0 1 844
142.36334858357156 413.6877991996433 0 0 12.0 1 845
659.9898841169003 397.7064968103897 0 0 13.0 1 846
623.0888760648228 249.69247066053504 0 0 10.0 1 847
485.81158456697676 623.063605175978 0 0 10.0 1 848
678.563879909294 205.0585605627155 0 0 10.0 1 849
625.6236303473993 611.1278698534613 0 0 13.0 1 850
82.10713140431574 235.35455033312633 0 0 11.0 1 851
408.0147295735279 658.8759627888677 0 0 10.0 1 852
669.4257462847609 173.47457705833617 0 0 12.0 1 853
182.28985180399357 261.5576243613506 0 0 10.0 1 854
637.4893429804104 614.4733362698798 0 0 13.0 1 855
432.8534014891405 47.52779682563147 0 0 12.0 1 856
529.9177284116 335.60757929406805 0 0 13.0 1 857
371.54760622297687 678.5506440278989 0 0 13.0 1 858
87.78002002898302 201.45860858023144 0 0 12.0 1 859
284.3457111496451 233.16749276439353 0 0 10.0 1 860
203.29644335615353 155.24765414063734 0 0 13.0 1 861
281.9280834070054 274.92793072769234 0 0 11.0 1 862
537.2854402510836 662.2378841721122 0 0 11.0 1 863
502.37886464908917 176.315919043926 0 0 13.0 1 864
553.1251730921509 559.3539499526096 0 0 12.0 1 865
397.8358902026413 562.9856331974845 0 0 10.0 1 866
521.0250830211954 76.92426695941282 0 0 11.0 1 867
614.4839980828974 518.4128986486509 0 0 12.0 1 868
263.5805359033657 504.7555717639263 0 0 10.0 1 869
303.11131572724 639.1162538596936 0 0 10.0 1 870
117.04419276875853 405.001115287266 0 0 12.0 1 871
279.1839852487713 183.4186282718874 0 0 10.0 1 872
283.4089463825277 489.529471216844 0 0 12.0 1 873
495.74541559295176 220.99772238059944 0 0 10.0 1 874
205.00838336016045 697.849407318836 0 0 10.0 1 875
533.073466283259 180.13537671703907 0 0 12.0 1 876
515.5655523412951 576.5378234601621 0 0 10.0 1 877
696.9835163403177 596.3078985220418 0 0 11.0 1 878
84.53998612936147 326.101558550017 0 0 13.0 1 879
467.44435260128927 734.2637570874128 0 0 12.0 1 880
216.32614253732504 187.33849881847217 0 0 12.0 1 881
429.38580285964696 748.7642105926209 0 0 10.0 1 882
188.69732889692835 306.66093430558067 0 0 10.0 1 883
462.83275020594533 563.3310916560508 0 0 10.0 1 884
631.5521094059002 609.111502863133 0 0 10.0 1 885
428.30460416902156 605.0557226288381 0 0 12.0 1 886
181.04524499027278 485.3452708627159 0 0 12.0 1 887
660.4365892409235 448.96716230857686 0 0 13.0 1 888
209.58928094882583 669.5250601899845 0 0 13.0 1 889
284.62717264895934 282.0419112183189 0 0 13.0 1 890
542.3927414849713 485.3247160698125 0 0 11.0 1 891
715.3930840777443 250.57375559852642 0 0 10.0 1 892
174.07513867461492 377.9328969933631 0 0 12.0 1 893
168.57291348129206 504.67809525140615 0 0 12.0 1 894
440.5681313204346 140.14768286357736 0 0 12.0 1 895
661.907843040439 393.05149268513196 0 0 12.0 1 896
736.5960023409491 447.99094923099307 0 0 10.0 1 897
292.15106787004135 731.9180739857768 0 0 13.0 1 898
381.6662945595947 81.5272770788298 0 0 13.0 1 899
222.09931102253364 93.94878719184464 0 0 10.0 1 900
345.54055481702557 196.1491505282291 0 0 10.0 1 901
238.51376761495223 387.1082681503861 0 0 11.0 1 902
109.382997766465 371.6141230046785 0 0 11.0 1 903
603.1948207738534 213.21706499071817 0 0 11.0 1 904
277.8683894337882 452.65804497418395 0 0 13.0 1 905
190.63411498615375 286.8190555244881 0 0 11.0 1 906
197.94788502377665 97.22790281527756 0 0 10.0 1 907
295.1330896752851 486.59636897092275 0 0 10.0 1 908
387.0642974145534 594.5704694927286 0 0 11.0 1 909
458.1802858486664 146.5931051873934 0 0 11.0 1 910
115.33695539617537 265.1224591087124 0 0 11.0 1 911
256.1350845099827 171.52049087270393 0 0 12.0 1 912
262.63409393172606 316.0261478194424 0 0 11.0 1 913
299.70156333656456 100.3398197910326 0 0 11.0 1 914
150.9237972431169 431.0168538090512 0 0 11.0 1 915
436.3501784528198 118.33590124680751 0 0 10.0 1 916
487.0790442335632 291.656841215658 0 0 11.0 1 917
320.8865291799948 706.9691494838075 0 0 10.0 1 918
551.6403108018543 563.506012549744 0 0 12.0 1 919
650.0482025022292 237.88924642268736 0 0 12.0 1 920
187.26410354470178 459.87017921603905 0 0 10.0 1 921
494.0257218766518 565.1034936807048 0 0 11.0 1 922
569.4395279328714 564.274910969039 0 0 12.0 1 923
594.792597298766 174.47872819265862 0 0 10.0 1 924
302.5512325493222 564.2703190547328 0 0 10.0 1 925
606.7325264743567 472.26799082255826 0 0 11.0 1 926
622.2418379526749 623.2343285953507 0 0 13.0 1 927
518.3053661113075 536.9848179517332 0 0 12.0 1 928
545.3983447427706 605.8235199049477 0 0 11.0 1 929
725.4809938212045 479.2913782271507 0 0 11.0 1 930
472.1911692066586 757.7896520143862 0 0 10.0 1 931
529.8174545501339 530.3971951160144 0 0 13.0 1 932
502.0820265483126 127.4926425657656 0 0 11.0 1 933
193.7273692814728 189.10523520850953 0 0 13.0 1 934
257.20075055064945 173.21293168105427 0 0 11.0 1 935
585.1975860324453 522.4167232356554 0 0 13.0 1 936
155.71398289672467 587.585558740054 0 0 12.0 1 937
557.748530437648 297.72878633377593 0 0 12.0 1 938
642.3341908923047 607.4491261118543 0 0 10.0 1 939
280.2422079251632 233.61769554018022 0 0 13.0 1 940
505.6506733190528 279.8420405165318 0 0 13.0 1 941
60.93912265628745 463.7394811314927 0 0 12.0 1 942
603.0343937882948 380.17489119778537 0 0 13.0 1 943
159.6178734456592 286.1034099140238 0 0 12.0 1 944
334.8628386826784 267.1047396799976 0 0 13.0 1 945
387.6607647885111 267.57363074373916 0 0 13.0 1 946
206.21300940495036 429.37009152376174 0 0 12.0 1 947
692.5775972905166 548.264458194499 0 0 10.0 1 948
510.8598538223717 515.3693755313011 0 0 12.0 1 949
36.0568415824315 406.432529910123 0 0 13.0 1 950
341.6393886854241 286.0788033463965 0 0 13.0 1 951
94.37357521519135 494.82873231914317 0 0 10.0 1 952
654.4011418825069 298.23527620596326 0 0 13.0 1 953
478.05708787607534 531.5906190893054 0 0 11.0 1 954
524.5988250298634 263.2515711198938 0 0 11.0 1 955
262.16870140324306 370.2757148591991 0 0 12.0 1 956
480.3302442984732 663.0058019340022 0 0 12.0 1 957
523.1213395670884 368.8529978456079 0 0 12.0 1 958
323.0128352387786 568.2200239627512 0 0 10.0 1 959
696.978093566056 557.1623744471648 0 0 12.0 1 960
717.3069511613515 567.9205131742028 0 0 13.0 1 961
631.5638939871411 225.42003837349466 0 0 12.0 1 962
392.79787245246047 219.14334582662164 0 0 10.0 1 963
706.438689864518 264.64738881677323 0 0 10.0 1 964
268.91374648765014 686.4286894500897 0 0 10.0 1 965
529.4846225125409 194.37234492222407 0 0 13.0 1 966
608.7643497924332 296.528041210468 0 0 10.0 1 967
638.5439787971319 344.127196422289 0 0 12.0 1 968
431.64544403579555 556.8392995131555 0 0 12.0 1 969
522.0907806788763 236.5685425836797 0 0 12.0 1 970
531.9340434830165 532.523236340732 0 0 13.0 1 971
731.7643272171961 487.0714142880503 0 0 13.0 1 972
353.96104020853403 181.8041838592688 0 0 13.0 1 973
478.9349609599206 301.7896546271432 0 0 10.0 1 974
448.19766105705173 205.89439609163892 0 0 12.0 1 975
345.7986564529638 197.11526829823748 0 0 11.0 1 976
637.9162848993301 393.6879971719901 0 0 13.0 1 977
437.1708292695684 260.8801615461957 0 0 11.0 1 978
102.06554245550808 330.2070275194605 0 0 13.0 1 979
522.2501394249321 623.7853958831645 0 0 12.0 1 980
590.2169322615467 179.77620773175724 0 0 10.0 1 981
465.1562611070296 589.0890309842234 0 0 12.0 1 982
429.15014183479497 137.61427395719232 0 0 12.0 1 983
510.8367846642409 319.47542508468183 0 0 11.0 1 984
597.1715892972478 163.3835078148663 0 0 13.0 1 985
146.84866488836462 239.0204934434309 0 0 13.0 1 986
55.013514893850186 396.9462982948107 0 0 10.0 1 987
362.93259405338017 533.9664413813716 0 0 13.0 1 988
575.9894220372271 426.6781433200055 0 0 11.0 1 989
226.16941655667705 289.4607388311559 0 0 11.0 1 990
609.6202065149953 497.05858550695405 0 0 11.0 1 991
257.27704073472927 472.3198236900773 0 0 12.0 1 992
566.6738794527636 346.66316555919695 0 0 11.0 1 993
501.14383301338285 264.60825341491113 0 0 11.0 1 994
384.5736358835512 716.6244262373748 0 0 10.0 1 995
265.2351787161007 437.92681036310165 0 0 10.0 1 996
223.3201623065009 187.96171347466796 0 0 13.0 1 997
548.9707545706954 725.5329695785631 0 0 13.0 1 998
481.5927373021408 694.9213882029309 0 0 11.0 1 999
232.51414859257537 139.13894583834468 0 0 11.0 1 1000
316.5896566372378 574.0451510962201 0 0 11.0 1 1001
479.32362031147716 528.4864322046519 0 0 12.0 1 1002
345.1491434155105 699.0106746120409 0 0 11.0 1 1003
220.33216024885365 627.6388968501569 0 0 13.0 1 1004
301.36150361461875 670.5816827333867 0 0 10.0 1 1005
638.2578578281384 596.7592264244464 0 0 10.0 1 1006
594.7945570406987 329.9708592990176 0 0 11.0 1 1007
544.1083166835855 486.35272469715966 0 0 13.0 1 1008
691.6477837643992 574.7614666490135 0 0 12.0 1 1009
695.2141572720141 219.5433532779285 0 0 12.0 1 1010
657.763369359573 597.9470773120946 0 0 12.0 1 1011
671.0648752918537 511.2332386609858 0 0 10.0 1 1012
580.8314430955846 433.9998409991628 0 0 10.0 1 1013
195.32665638221252 126.00579857903 0 0 11.0 1 1014
251.6228980639601 228.2058335651003 0 0 13.0 1 1015
232.06328009534937 488.8665184851242 0 0 13.0 1 1016
35.81288282160915 445.3513360474972 0 0 11.0 1 1017
410.0123356111084 550.6676910807706 0 0 12.0 1 1018
451.2338270842838 679.3404642408573 0 0 10.0 1 1019
565.0231903288966 231.28916260751714 0 0 12.0 1 1020
337.6887241886555 708.7754927236981 0 0 12.0 1 1021
445.27704678641214 548.2396338173467 0 0 12.0 1 1022
429.94545078751554 616.9430108971766 0 0 11.0 1 1023
316.46575725245725 164.36886816764937 0 0 12.0 1 1024
514.6113133234538 545.2213719060425 0 0 12.0 1 1025
656.2619431376589 227.34190867697146 0 0 13.0 1 1026
665.2113628264387 268.5506446278907 0 0 10.0 1 1027
174.11769022878659 342.84947828390733 0 0 11.0 1 1028
72.6294008995319 379.6901293800132 0 0 12.0 1 1029
544.504788905682 473.2281775228928 0 0 10.0 1 1030
433.73293517047284 604.2329285026894 0 0 11.0 1 1031
261.4184839324127 467.1651948884915 0 0 10.0 1 1032
719.0614263810046 297.8980597847485 0 0 10.0 1 1033
317.84061096635975 525.4983457804084 0 0 12.0 1 1034
403.6509147832227 235.0403963958277 0 0 11.0 1 1035
402.9142532145293 619.9806971718237 0 0 13.0 1 1036
517.7940989993353 291.72003767577866 0 0 12.0 1 1037
645.6979106744552 193.42425919240316 0 0 10.0 1 1038
455.71226460939454 652.9370347973835 0 0 11.0 1 1039
412.6778749480191 550.4668451413878 0 0 10.0 1 1040
582.082080345583 281.95290762994347 0 0 11.0 1 1041
332.83974626495694 681.0880650583454 0 0 13.0 1 1042
249.20095153478454 461.876061461486 0 0 10.0 1 1043
334.18381674797155 510.9469694139295 0 0 11.0 1 1044
300.599072676501 607.4113199592261 0 0 12.0 1 1045
302.05791606121244 282.457036817479 0 0 11.0 1 1046
594.7250641257983 410.35129949348135 0 0 10.0 1 1047
545.8572333930404 393.5449657686303 0 0 10.0 1 1048
429.98483126264256 581.5403808912795 0 0 10.0 1 1049
360.3709794617819 43.193973241508274 0 0 11.0 1 1050
578.1978835922672 425.4069731222904 0 0 13.0 1 1051
223.3097231712825 454.82286087200464 0 0 12.0 1 1052
641.0155985090893 125.88965492833819 0 0 12.0 1 1053
656.1072608787968 657.2509881908327 0 0 10.0 1 1054
404.027069639676 218.04455844873118 0 0 12.0 1 1055
260.48324231357464 115.35271944972447 0 0 13.0 1 1056
342.8307952892769 575.9451108520593 0 0 12.0 1 1057
169.0360725426969 404.0821824429627 0 0 12.0 1 1058
580.2003693385263 594.3008669313101 0 0 13.0 1 1059
395.79127113029017 716.9720596540037 0 0 12.0 1 1060
523.7343638886837 581.906039462858 0 0 11.0 1 1061
376.9028944787936 674.0283264856796 0 0 11.0 1 1062
618.4374588273362 241.30193264864303 0 0 10.0 1 1063
643.1251986031161 184.32631638469346 0 0 12.0 1 1064
569.3203470388418 582.5694938335706 0 0 10.0 1 1065
213.30578846831602 209.12236542600692 0 0 12.0 1 1066
540.6542511247804 465.12589070812936 0 0 10.0 1 1067
306.0457322560845 307.28217230378704 0 0 13.0 1 1068
63.64822741058924 531.1048628997465 0 0 11.0 1 1069
477.6069766897082 701.1613474021576 0 0 10.0 1 1070
239.61731310099907 332.52116077571407 0 0 11.0 1 1071
424.0758117760993 635.7739495519423 0 0 13.0 1 1072
607.8076346568416 446.74384428273555 0 0 12.0 1 1073
160.08461056807602 393.627723034248 0 0 13.0 1 1074
282.6047125741574 634.2271258633461 0 0 10.0 1 1075
357.45500812267505 256.16007624390807 0 0 11.0 1 1076
428.68372713521524 556.3913162475222 0 0 13.0 1 1077
396.8180868238695 256.03515905423444 0 0 10.0 1 1078
433.22771623758535 564.6812644888134 0 0 10.0 1 1079
241.88434815110767 210.2410986530543 0 0 11.0 1 1080
457.4470859025786 549.3312837998179 0 0 11.0 1 1081
405.1334074527737 168.0567997808002 0 0 13.0 1 1082
625.627176867377 272.82540718029645 0 0 11.0 1 1083
150.01593875133835 218.3713427852714 0 0 13.0 1 1084
525.1539375907633 499.68195376058446 0 0 13.0 1 1085
698.1987971351186 498.35383768398873 0 0 13.0 1 1086
457.4728949922535 576.8978980689409 0 0 11.0 1 1087
392.2805925733554 206.15364138322983 0 0 11.0 1 1088
349.9957622490776 537.1698808301196 0 0 13.0 1 1089
582.4330480348966 86.17332333802932 0 0 13.0 1 1090
479.34098342973294 199.0995063510225 0 0 13.0 1 1091
446.363005495285 652.7834482742969 0 0 10.0 1 1092
588.7132718475524 513.0809490081853 0 0 11.0 1 1093
553.3571310690172 634.2682017480824 0 0 13.0 1 1094
245.73189406073922 471.42374598068216 0 0 11.0 1 1095
244.19895198424425 82.12890436972384 0 0 11.0 1 1096
212.44859633047446 423.3553201988473 0 0 12.0 1 1097
529.8199506631881 583.7709999151319 0 0 12.0 1 1098
761.0 400.0 0 0 11.0 1 1099
244.4003820449569 191.7003147092041 0 0 13.0 1 1100
625.9791266945729 128.8129164241812 0 0 13.0 1 1101
400.8453083157177 209.00187054881565 0 0 12.0 1 1102
393.03956492721454 85.07691043113789 0 0 10.0 1 1103
175.12883020751076 254.2023422816489 0 0 11.0 1 1104
484.1916475595945 266.2997139823515 0 0 11.0 1 1105
506.9079721189623 271.7046941723463 0 0 10.0 1 1106
440.9979665943938 741.5481909410807 0 0 12.0 1 1107
195.64395144097708 574.9274290022645 0 0 10.0 1 1108
580.1437499232441 158.85848685140974 0 0 13.0 1 1109
249.79210022734154 604.8257475169735 22 -6 11.0 1 1110
406.33151998250906 241.12611336436976 22 -1 12.0 1 1111
496.757047743939 680.7972110115717 8 -17 13.0 1 1112
359.4658582454229 546.4956769062481 -4 -12 12.0 1 1113
227.881483139127 715.0495455537325 -12 -8 13.0 1 1114
561.3683569798552 551.0008389566827 21 -16 12.0 1 1115
244.01533247032557 205.91294866566463 10 20 12.0 1 1116
313.77569791013326 545.3491304725123 15 7 12.0 1 1117
582.1578365609843 425.971572525008 10 21 12.0 1 1118
95.13011497757651 531.4471498603689 8 -13 12.0 1 1119
107.48914520345915 575.2666534917495 2 11 13.0 1 1120
284.18392559526774 595.2322640074574 -6 8 11.0 1 1121
134.75533195833702 464.6085603884501 14 -12 12.0 1 1122
353.51381010899695 630.3563199684731 -4 11 13.0 1 1123
186.25853597759888 152.52558403430749 13 13 11.0 1 1124
544.2710267657123 687.8712747669817 6 3 13.0 1 1125
243.62230797091962 712.0048355965947 7 -10 13.0 1 1126
514.7210028376076 556.4451709319711 -8 -4 13.0 1 1127
629.4660408771445 511.22201258819535 8 16 10.0 1 1128
699.1251881799126 335.5009938345414 13 -16 12.0 1 1129
622.7802568399461 477.8778348590125 -8 13 10.0 1 1130
400.58861783241076 267.00130252875647 17 13 12.0 1 1131
505.23294996641164 521.848373979166 6 13 13.0 1 1132
107.18331536209581 410.3628759360596 1 -8 12.0 1 1133
270.0000000590643 399.99608123406324 -17 22 11.0 1 1134
680.8714817549376 575.1348358744934 -17 4 12.0 1 1135
163.59343552091784 416.76115363564094 21 9 11.0 1 1136
485.8805033361055 157.77378517852952 -14 16 12.0 1 1137
451.6216305833915 655.8441073308351 2 -1 10.0 1 1138
254.73005401436066 665.9053267486935 3 14 10.0 1 1139
295.8215733768882 121.87079364738969 -1 11 11.0 1 1140
279.0315765345498 547.8094737298104 -6 4 12.0 1 1141
281.7781897772528 247.44639110248247 -11 1 13.0 1 1142
329.3539199465291 695.6774109956298 20 -9 13.0 1 1143
526.7206477022377 279.30668019345325 -13 9 11.0 1 1144
340.7480652011178 119.18296308345356 15 19 12.0 1 1145
564.1490816209023 460.6636547119803 -16 -11 10.0 1 1146
587.2184443708894 507.7276848695087 -17 12 12.0 1 1147
100.87675623682543 335.49197692847474 7 -3 11.0 1 1148
641.0 400.0 -16 -14 11.0 1 1149
345.7029308288989 142.66592087438426 18 -11 10.0 1 1150
607.6161474842733 548.0558519741402 -11 8 13.0 1 1151
761.2681758821293 335.39113764506544 -11 3 12.0 1 1152
739.2044672587077 257.2963581693296 -14 -17 12.0 1 1153
224.13312998204498 525.4067144537632 8 16 10.0 1 1154
115.11887914962114 425.2734442257444 10 7 12.0 1 1155
257.6450488728553 259.5184428845258 -2 22 10.0 1 1156
458.421995853435 591.2769468610925 12 -5 11.0 1 1157
446.4489881856757 268.99049081640317 0 -2 10.0 1 1158
350.7444200729372 644.0796752006376 1 -3 13.0 1 1159
179.3660293988125 316.23454759416427 4 1 13.0 1 1160
166.5028500919341 236.58616648272948 -12 1 11.0 1 1161
168.57249260666512 658.554266686334 -9 7 13.0 1 1162
270.01741818056064 257.33420724100415 10 -10 11.0 1 1163
535.6591731644927 409.62230410692695 -2 -3 12.0 1 1164
532.3866813939094 357.6353143584479 -13 -14 12.0 1 1165
670.1904879777917 326.5350409628999 -11 15 11.0 1 1166
313.71079815055384 169.63035433420154 -16 -16 11.0 1 1167
410.45937681796306 737.8381290449315 -15 -5 13.0 1 1168
719.8994750035774 348.6158984467424 8 -13 12.0 1 1169
156.95400484883677 262.9976487757208 -16 -12 11.0 1 1170
412.09015889082616 543.4915609295354 18 0 13.0 1 1171
496.20948103774225 212.21092747859817 0 -7 13.0 1 1172
242.40453810492846 227.02696629220188 0 -17 13.0 1 1173
276.35678241633855 507.74207509399173 10 22 10.0 1 1174
