400 400 -7.071067811865475 7.0710678118654755 5 2 -1 10 187
57.15728752538104 742.842712474619
800.0 400.0 0 0 24.0 1 0
799.4518139018296 420.9343824971775 0 0 24.0 1 1
797.8087581473094 441.8113853070614 0 0 24.0 1 2
795.0753362380551 462.57378601609236 0 0 24.0 1 3
791.2590402935223 483.16467632710373 0 0 24.0 1 4
786.3703305156273 503.5276180410083 0 0 24.0 1 5
780.4226065180615 523.6067977499789 0 0 24.0 1 6
773.4321705988807 543.3471798181201 0 0 24.0 1 7
765.4181830570403 562.6946572303201 0 0 24.0 1 8
756.4026096753471 581.5961998958187 0 0 24.0 1 9
746.4101615137755 600.0 0 0 24.0 1 10
735.4682271781696 617.8556140060108 0 0 24.0 1 11
723.606797749979 635.1141009169893 0 0 24.0 1 12
710.8583845827884 651.728156419935 0 0 24.0 1 13
697.2579301909577 667.6522425435433 0 0 24.0 1 14
682.842712474619 682.842712474619 0 0 24.0 1 15
667.6522425435433 697.2579301909577 0 0 24.0 1 16
651.728156419935 710.8583845827884 0 0 24.0 1 17
635.1141009169893 723.606797749979 0 0 24.0 1 18
617.8556140060108 735.4682271781696 0 0 24.0 1 19
600.0 746.4101615137754 0 0 24.0 1 20
581.5961998958187 756.4026096753471 0 0 24.0 1 21
562.6946572303201 765.4181830570403 0 0 24.0 1 22
543.3471798181201 773.4321705988807 0 0 24.0 1 23
523.606797749979 780.4226065180615 0 0 24.0 1 24
503.5276180410083 786.3703305156273 0 0 24.0 1 25
483.1646763271038 791.2590402935223 0 0 24.0 1 26
462.57378601609236 795.0753362380551 0 0 24.0 1 27
441.8113853070614 797.8087581473094 0 0 24.0 1 28
420.9343824971776 799.4518139018296 0 0 24.0 1 29
400.0 800.0 0 0 24.0 1 30
379.0656175028225 799.4518139018296 0 0 24.0 1 31
358.1886146929386 797.8087581473094 0 0 24.0 1 32
337.4262139839077 795.0753362380551 0 0 24.0 1 33
316.83532367289627 791.2590402935223 0 0 24.0 1 34
296.47238195899166 786.3703305156273 0 0 24.0 1 35
276.3932022500211 780.4226065180615 0 0 24.0 1 36
256.65282018187986 773.4321705988807 0 0 24.0 1 37
237.3053427696799 765.4181830570403 0 0 24.0 1 38
218.4038001041813 756.4026096753471 0 0 24.0 1 39
43.597390324652906 581.5961998958187 0 0 24.0 1 40
34.58181694295968 562.6946572303202 0 0 24.0 1 41
26.567829401119297 543.3471798181201 0 0 24.0 1 42
19.5773934819386 523.606797749979 0 0 24.0 1 43
13.629669484372698 503.5276180410084 0 0 24.0 1 44
8.740959706477724 483.16467632710373 0 0 24.0 1 45
4.924663761944942 462.5737860160924 0 0 24.0 1 46
2.1912418526906663 441.81138530706147 0 0 24.0 1 47
0.5481860981704472 420.9343824971775 0 0 24.0 1 48
0.0 400.00000000000006 0 0 24.0 1 49
0.5481860981704472 379.0656175028226 0 0 24.0 1 50
2.1912418526906663 358.1886146929386 0 0 24.0 1 51
4.924663761944885 337.4262139839077 0 0 24.0 1 52
8.740959706477781 316.8353236728962 0 0 24.0 1 53
13.629669484372698 296.47238195899166 0 0 24.0 1 54
19.577393481938543 276.3932022500211 0 0 24.0 1 55
26.567829401119297 256.65282018187986 0 0 24.0 1 56
34.58181694295968 237.30534276967992 0 0 24.0 1 57
43.59739032465285 218.40380010418136 0 0 24.0 1 58
53.58983848622455 199.99999999999994 0 0 24.0 1 59
64.53177282183037 182.14438599398918 0 0 24.0 1 60
76.39320225002103 164.8858990830108 0 0 24.0 1 61
89.14161541721171 148.27184358006497 0 0 24.0 1 62
102.74206980904228 132.3477574564567 0 0 24.0 1 63
117.15728752538092 117.15728752538104 0 0 24.0 1 64
132.34775745645675 102.74206980904228 0 0 24.0 1 65
148.27184358006485 89.14161541721177 0 0 24.0 1 66
164.8858990830107 76.39320225002109 0 0 24.0 1 67
182.1443859939892 64.53177282183032 0 0 24.0 1 68
199.99999999999983 53.58983848622461 0 0 24.0 1 69
218.40380010418124 43.597390324652906 0 0 24.0 1 70
237.30534276967995 34.58181694295962 0 0 24.0 1 71
256.65282018187975 26.567829401119354 0 0 24.0 1 72
276.393202250021 19.5773934819386 0 0 24.0 1 73
296.4723819589917 13.629669484372698 0 0 24.0 1 74
316.8353236728961 8.740959706477781 0 0 24.0 1 75
337.4262139839076 4.924663761944942 0 0 24.0 1 76
358.18861469293864 2.1912418526906663 0 0 24.0 1 77
379.0656175028223 0.5481860981704472 0 0 24.0 1 78
399.99999999999994 0.0 0 0 24.0 1 79
420.9343824971776 0.5481860981704472 0 0 24.0 1 80
441.8113853070612 2.1912418526906663 0 0 24.0 1 81
462.5737860160923 4.924663761944885 0 0 24.0 1 82
483.1646763271038 8.740959706477781 0 0 24.0 1 83
503.5276180410081 13.629669484372641 0 0 24.0 1 84
523.6067977499789 19.577393481938543 0 0 24.0 1 85
543.3471798181201 26.567829401119297 0 0 24.0 1 86
562.6946572303199 34.58181694295956 0 0 24.0 1 87
581.5961998958187 43.59739032465279 0 0 24.0 1 88
600.0 53.58983848622455 0 0 24.0 1 89
617.8556140060107 64.53177282183032 0 0 24.0 1 90
635.1141009169892 76.39320225002098 0 0 24.0 1 91
651.728156419935 89.14161541721171 0 0 24.0 1 92
667.6522425435431 102.74206980904216 0 0 24.0 1 93
682.842712474619 117.15728752538092 0 0 24.0 1 94
697.2579301909577 132.34775745645675 0 0 24.0 1 95
710.8583845827882 148.27184358006485 0 0 24.0 1 96
723.6067977499789 164.88589908301066 0 0 24.0 1 97
735.4682271781696 182.1443859939892 0 0 24.0 1 98
746.4101615137754 199.99999999999983 0 0 24.0 1 99
756.4026096753471 218.40380010418122 0 0 24.0 1 100
765.4181830570403 237.30534276967995 0 0 24.0 1 101
773.4321705988806 256.6528201818797 0 0 24.0 1 102
780.4226065180615 276.3932022500209 0 0 24.0 1 103
786.3703305156273 296.4723819589917 0 0 24.0 1 104
791.2590402935223 316.83532367289604 0 0 24.0 1 105
795.0753362380551 337.4262139839076 0 0 24.0 1 106
797.8087581473094 358.18861469293864 0 0 24.0 1 107
799.4518139018296 379.06561750282225 0 0 24.0 1 108
800.0 399.9999999999999 0 0 24.0 1 109
619.5793990605378 499.3271740673875 0 0 13.0 1 110
313.7939353736361 305.38227215983693 0 0 11.0 1 111
376.51561721497274 595.5952038399877 0 0 12.0 1 112
519.6218936528337 80.67007255988335 0 0 13.0 1 113
660.7396952440076 537.9848228033144 0 0 11.0 1 114
111.28298495206673 387.2138660334145 0 0 10.0 1 115
98.0051263247845 599.607355259997 0 0 13.0 1 116
339.6497155684077 541.6821907263785 0 0 11.0 1 117
661.483606545191 491.4074587116376 0 0 11.0 1 118
268.9690464076223 311.71133028144465 0 0 12.0 1 119
393.4743153712901 236.1298824064417 0 0 13.0 1 120
477.8226284376209 254.50553789556113 0 0 12.0 1 121
71.25476253606143 541.7412037650967 0 0 10.0 1 122
203.9104823965933 604.05367207199 0 0 11.0 1 123
209.08668506125107 301.12074950173786 0 0 13.0 1 124
348.753948744807 133.8894172890711 0 0 12.0 1 125
205.574304546361 303.6275508904707 0 0 10.0 1 126
739.9002814742296 301.0869136375802 0 0 10.0 1 127
315.5213165731506 588.9771204311944 0 0 12.0 1 128
39.22585954169483 412.76791198947956 0 0 13.0 1 129
361.687511171444 245.68488991753992 0 0 11.0 1 130
492.79174046125814 735.4007944268626 0 0 13.0 1 131
245.02420451999143 402.73912674744247 0 0 11.0 1 132
289.45725033458586 329.70561547029814 0 0 12.0 1 133
508.1525955985558 653.9271865423143 0 0 11.0 1 134
459.9603959108164 555.8645274660599 0 0 10.0 1 135
538.3202926412155 476.36423667953807 0 0 13.0 1 136
61.00000015402162 399.9897810642111 0 0 12.0 1 137
403.0599658752558 630.9797320304149 0 0 11.0 1 138
156.4495257904627 485.1302913909585 0 0 11.0 1 139
345.542410397024 215.88489759220226 0 0 10.0 1 140
370.24245363196735 270.37172980343223 0 0 12.0 1 141
382.7007983148527 99.49752476717168 0 0 12.0 1 142
247.65497051608216 703.9588656241897 0 0 11.0 1 143
70.84517519446939 566.7875933852408 0 0 10.0 1 144
591.0677307405977 427.2419211811225 0 0 10.0 1 145
176.10335765260655 513.4517234138088 0 0 10.0 1 146
485.85902421989977 710.3421143834762 0 0 13.0 1 147
635.9599923937549 234.87313365312372 0 0 11.0 1 148
433.5343195585873 140.15495115022384 0 0 11.0 1 149
584.0 400.0 0 0 11.0 1 150
592.1960824318279 564.5286172611258 0 0 11.0 1 151
497.42730715936835 259.4691499361294 0 0 13.0 1 152
667.7856987225898 577.0079646785827 0 0 11.0 1 153
599.6622690021941 693.530200042339 0 0 13.0 1 154
595.2482364166563 226.79744177355383 10 13 10.0 1 155
308.744378766354 625.2141460771533 9 11 13.0 1 156
316.57255677896035 749.1716794323391 -10 19 12.0 1 157
406.80787840222445 619.8946402067602 16 -5 10.0 1 158
298.4006550371728 502.04691618625446 -4 12 12.0 1 159
598.8128615581264 292.53165080327483 22 4 12.0 1 160
361.1455384383998 527.1979984777989 7 4 12.0 1 161
626.5640049201461 541.2719068836548 11 -17 10.0 1 162
366.2185313971219 644.678998647274 19 14 10.0 1 163
124.6662164414521 278.37636894363544 21 12 10.0 1 164
501.0346548567853 315.05296639687606 -9 16 12.0 1 165
265.84557973735076 324.3786305070287 18 5 10.0 1 166
715.1662367121323 516.4742170470022 -6 21 11.0 1 167
691.3770573872214 347.8903998445214 -5 -17 10.0 1 168
333.44459648774415 538.8754055379165 3 -14 10.0 1 169
481.4540471864174 71.96152939486979 1 3 12.0 1 170
315.4823590503506 303.87108463991626 6 19 10.0 1 171
418.5550355199485 620.219687259912 2 -14 13.0 1 172
564.9935803049559 398.54450759120886 11 -12 13.0 1 173
613.8159442379246 143.40938834469267 9 -16 13.0 1 174
171.82437719683324 536.7182692926843 17 0 13.0 1 175
677.0369394246965 447.0269517850887 -2 13 10.0 1 176
395.8443781191824 712.9724122135747 18 21 11.0 1 177
508.4800275191079 197.18953767260035 -2 20 12.0 1 178
375.50563436713685 74.92150785964998 12 18 13.0 1 179
522.3167400839736 644.0647764328758 -11 21 12.0 1 180
568.5194443612884 227.71478045937133 5 2 13.0 1 181
599.7180144879983 410.61671742921163 11 16 13.0 1 182
277.4484053233186 205.36930703971075 17 14 11.0 1 183
114.17893581419588 410.11529869526635 11 15 11.0 1 184
468.08659139042504 46.49721914412993 3 6 11.0 1 185
495.2278532410991 711.7814233835809 12 13 12.0 1 186
156.40192510175987 561.0092478892793 17 5 12.0 1 187
585.6658455083198 618.854275287646 2 0 13.0 1 188
147.6088745321631 586.8012842168881 14 21 12.0 1 189
333.5489378097317 110.52935151593505 22 13 10.0 1 190
558.4454501271489 138.21566255024885 4 -6 11.0 1 191
167.16816779352104 633.8575162601664 -5 17 11.0 1 192
437.94522154601776 257.9818315784081 7 4 12.0 1 193
641.6120225986978 468.00463613435755 -11 -8 12.0 1 194
457.8377758949007 589.3641773924817 17 21 11.0 1 195
103.38725929329132 444.95422172004345 3 19 11.0 1 196
379.78173703887006 243.2989411559877 10 6 12.0 1 197
473.0439881297038 168.23810537944834 17 1 11.0 1 198
334.0554067166834 223.9451488407719 20 12 13.0 1 199
95.08991019503662 506.5778454235643 22 10 13.0 1 200
469.28211085648024 521.655205869993 14 12 12.0 1 201
588.7132718475524 513.0809490081853 19 17 11.0 1 202
251.00167956812143 506.24735530110496 -9 -17 12.0 1 203
258.2352523374842 309.85147632832127 -16 4 11.0 1 204
485.95468713062587 193.14789882557096 11 7 12.0 1 205
626.4750158184402 627.4864110447859 -2 7 13.0 1 206
162.15108735564232 227.18826789278248 -8 -11 13.0 1 207
693.3458212884864 347.538307951579 -10 10 12.0 1 208
572.4637744575368 298.72687177804823 20 -6 11.0 1 209
508.19105080553294 636.4205924313586 12 13 11.0 1 210
241.66436719181914 593.467897552108 20 -7 13.0 1 211
229.00578009890899 616.6494328642873 -11 -17 12.0 1 212
330.80254050701524 241.44177221059536 -2 22 13.0 1 213
169.6322850484118 253.50864903352212 -6 -2 13.0 1 214
223.3097231712825 454.82286087200464 -17 0 13.0 1 215
242.3744646939509 471.2964979468239 -14 -2 11.0 1 216
261.9942630650328 505.9736598076929 5 21 10.0 1 217
175.80106196391858 268.33817491963237 2 3 11.0 1 218
506.40541539058256 287.29291248746785 -10 9 10.0 1 219
