400 400 -7.071067811865475 7.0710678118654755 5 2 -1 10 187
57.15728752538104 742.842712474619
800.0 400.0 0 0 24.0 1 0
799.4518139018296 420.9343824971775 0 0 24.0 1 1
797.8087581473094 441.8113853070614 0 0 24.0 1 2
795.0753362380551 462.57378601609236 0 0 24.0 1 3
791.2590402935223 483.16467632710373 0 0 24.0 1 4
786.3703305156273 503.5276180410083 0 0 24.0 1 5
780.4226065180615 523.6067977499789 0 0 24.0 1 6
773.4321705988807 543.3471798181201 0 0 24.0 1 7
765.4181830570403 562.6946572303201 0 0 24.0 1 8
756.4026096753471 581.5961998958187 0 0 24.0 1 9
746.4101615137755 600.0 0 0 24.0 1 10
735.4682271781696 617.8556140060108 0 0 24.0 1 11
723.606797749979 635.1141009169893 0 0 24.0 1 12
710.8583845827884 651.728156419935 0 0 24.0 1 13
697.2579301909577 667.6522425435433 0 0 24.0 1 14
682.842712474619 682.842712474619 0 0 24.0 1 15
667.6522425435433 697.2579301909577 0 0 24.0 1 16
651.728156419935 710.8583845827884 0 0 24.0 1 17
635.1141009169893 723.606797749979 0 0 24.0 1 18
617.8556140060108 735.4682271781696 0 0 24.0 1 19
600.0 746.4101615137754 0 0 24.0 1 20
581.5961998958187 756.4026096753471 0 0 24.0 1 21
562.6946572303201 765.4181830570403 0 0 24.0 1 22
543.3471798181201 773.4321705988807 0 0 24.0 1 23
523.606797749979 780.4226065180615 0 0 24.0 1 24
503.5276180410083 786.3703305156273 0 0 24.0 1 25
483.1646763271038 791.2590402935223 0 0 24.0 1 26
462.57378601609236 795.0753362380551 0 0 24.0 1 27
441.8113853070614 797.8087581473094 0 0 24.0 1 28
420.9343824971776 799.4518139018296 0 0 24.0 1 29
400.0 800.0 0 0 24.0 1 30
379.0656175028225 799.4518139018296 0 0 24.0 1 31
358.1886146929386 797.8087581473094 0 0 24.0 1 32
337.4262139839077 795.0753362380551 0 0 24.0 1 33
316.83532367289627 791.2590402935223 0 0 24.0 1 34
296.47238195899166 786.3703305156273 0 0 24.0 1 35
276.3932022500211 780.4226065180615 0 0 24.0 1 36
256.65282018187986 773.4321705988807 0 0 24.0 1 37
237.3053427696799 765.4181830570403 0 0 24.0 1 38
218.4038001041813 756.4026096753471 0 0 24.0 1 39
43.597390324652906 581.5961998958187 0 0 24.0 1 40
34.58181694295968 562.6946572303202 0 0 24.0 1 41
26.567829401119297 543.3471798181201 0 0 24.0 1 42
19.5773934819386 523.606797749979 0 0 24.0 1 43
13.629669484372698 503.5276180410084 0 0 24.0 1 44
8.740959706477724 483.16467632710373 0 0 24.0 1 45
4.924663761944942 462.5737860160924 0 0 24.0 1 46
2.1912418526906663 441.81138530706147 0 0 24.0 1 47
0.5481860981704472 420.9343824971775 0 0 24.0 1 48
0.0 400.00000000000006 0 0 24.0 1 49
0.5481860981704472 379.0656175028226 0 0 24.0 1 50
2.1912418526906663 358.1886146929386 0 0 24.0 1 51
4.924663761944885 337.4262139839077 0 0 24.0 1 52
8.740959706477781 316.8353236728962 0 0 24.0 1 53
13.629669484372698 296.47238195899166 0 0 24.0 1 54
19.577393481938543 276.3932022500211 0 0 24.0 1 55
26.567829401119297 256.65282018187986 0 0 24.0 1 56
34.58181694295968 237.30534276967992 0 0 24.0 1 57
43.59739032465285 218.40380010418136 0 0 24.0 1 58
53.58983848622455 199.99999999999994 0 0 24.0 1 59
64.53177282183037 182.14438599398918 0 0 24.0 1 60
76.39320225002103 164.8858990830108 0 0 24.0 1 61
89.14161541721171 148.27184358006497 0 0 24.0 1 62
102.74206980904228 132.3477574564567 0 0 24.0 1 63
117.15728752538092 117.15728752538104 0 0 24.0 1 64
132.34775745645675 102.74206980904228 0 0 24.0 1 65
148.27184358006485 89.14161541721177 0 0 24.0 1 66
164.8858990830107 76.39320225002109 0 0 24.0 1 67
182.1443859939892 64.53177282183032 0 0 24.0 1 68
199.99999999999983 53.58983848622461 0 0 24.0 1 69
218.40380010418124 43.597390324652906 0 0 24.0 1 70
237.30534276967995 34.58181694295962 0 0 24.0 1 71
256.65282018187975 26.567829401119354 0 0 24.0 1 72
276.393202250021 19.5773934819386 0 0 24.0 1 73
296.4723819589917 13.629669484372698 0 0 24.0 1 74
316.8353236728961 8.740959706477781 0 0 24.0 1 75
337.4262139839076 4.924663761944942 0 0 24.0 1 76
358.18861469293864 2.1912418526906663 0 0 24.0 1 77
379.0656175028223 0.5481860981704472 0 0 24.0 1 78
399.99999999999994 0.0 0 0 24.0 1 79
420.9343824971776 0.5481860981704472 0 0 24.0 1 80
441.8113853070612 2.1912418526906663 0 0 24.0 1 81
462.5737860160923 4.924663761944885 0 0 24.0 1 82
483.1646763271038 8.740959706477781 0 0 24.0 1 83
503.5276180410081 13.629669484372641 0 0 24.0 1 84
523.6067977499789 19.577393481938543 0 0 24.0 1 85
543.3471798181201 26.567829401119297 0 0 24.0 1 86
562.6946572303199 34.58181694295956 0 0 24.0 1 87
581.5961998958187 43.59739032465279 0 0 24.0 1 88
600.0 53.58983848622455 0 0 24.0 1 89
617.8556140060107 64.53177282183032 0 0 24.0 1 90
635.1141009169892 76.39320225002098 0 0 24.0 1 91
651.728156419935 89.14161541721171 0 0 24.0 1 92
667.6522425435431 102.74206980904216 0 0 24.0 1 93
682.842712474619 117.15728752538092 0 0 24.0 1 94
697.2579301909577 132.34775745645675 0 0 24.0 1 95
710.8583845827882 148.27184358006485 0 0 24.0 1 96
723.6067977499789 164.88589908301066 0 0 24.0 1 97
735.4682271781696 182.1443859939892 0 0 24.0 1 98
746.4101615137754 199.99999999999983 0 0 24.0 1 99
756.4026096753471 218.40380010418122 0 0 24.0 1 100
765.4181830570403 237.30534276967995 0 0 24.0 1 101
773.4321705988806 256.6528201818797 0 0 24.0 1 102
780.4226065180615 276.3932022500209 0 0 24.0 1 103
786.3703305156273 296.4723819589917 0 0 24.0 1 104
791.2590402935223 316.83532367289604 0 0 24.0 1 105
795.0753362380551 337.4262139839076 0 0 24.0 1 106
797.8087581473094 358.18861469293864 0 0 24.0 1 107
799.4518139018296 379.06561750282225 0 0 24.0 1 108
800.0 399.9999999999999 0 0 24.0 1 109
347.41501442790945 572.1476671128105 0 0 11.0 1 110
263.6570153951254 360.31888926661776 0 0 10.0 1 111
183.84893977436286 419.17600488456833 0 0 13.0 1 112
693.7301961257849 436.5864986560334 0 0 10.0 1 113
620.3252028376755 511.65036943305256 0 0 10.0 1 114
433.6886574592034 38.566639117808506 0 0 11.0 1 115
175.1323777937889 592.4852006865066 0 0 12.0 1 116
359.7325302306504 545.5318895581808 0 0 10.0 1 117
473.4656293465086 553.3062337438416 0 0 12.0 1 118
275.5651567162924 347.645728188054 0 0 12.0 1 119
443.28532629908375 262.6596180026361 0 0 12.0 1 120
260.2926792775829 159.6546972862509 0 0 10.0 1 121
542.6641184908008 186.23389114445024 0 0 10.0 1 122
286.6246133930019 236.4548328084449 0 0 11.0 1 123
225.3255787729716 288.9241404759673 0 0 13.0 1 124
697.3395894099413 239.27299987392428 0 0 11.0 1 125
496.1235874464543 610.0506032755533 0 0 10.0 1 126
403.16412614545965 257.03501020971737 0 0 11.0 1 127
319.3825594813294 287.9963023636335 0 0 10.0 1 128
703.3632200454226 574.5587486311484 0 0 12.0 1 129
710.931188853071 364.0723532858624 0 0 11.0 1 130
639.8955812370709 122.26071559297219 0 0 11.0 1 131
503.61373711760655 626.4181827515704 0 0 13.0 1 132
219.3229486664044 335.0399882897389 0 0 13.0 1 133
620.2421925971887 105.18246897448103 0 0 11.0 1 134
242.80170231563497 640.1201682598481 0 0 11.0 1 135
322.614655730902 723.8834798077129 0 0 11.0 1 136
224.1418134961868 442.83571219893577 0 0 10.0 1 137
317.43958939996963 40.35464885313144 0 0 12.0 1 138
436.6823973420807 542.3495757817273 0 0 10.0 1 139
684.3943092321074 595.3071347298722 0 0 10.0 1 140
567.1252948614839 472.0634152497788 0 0 10.0 1 141
450.3227533790436 272.57700171338 0 0 12.0 1 142
639.5838062665374 146.22726747178245 0 0 13.0 1 143
518.0562407263515 484.1886217107856 0 0 10.0 1 144
484.3643390150116 524.0268450883123 0 0 10.0 1 145
201.83943517284612 578.9452166093952 0 0 13.0 1 146
286.8065009840356 496.8928881834104 0 0 11.0 1 147
479.5614289040469 301.01020744164435 0 0 13.0 1 148
324.25792407577904 159.6520481995123 0 0 12.0 1 149
524.6671208811445 244.89001008572617 0 0 10.0 1 150
689.9887168996195 397.4418618269731 0 0 13.0 1 151
641.3953823008269 338.93225561855405 0 0 12.0 1 152
73.19069913961346 347.4958966256413 0 0 12.0 1 153
109.92287886389568 376.8426298256935 0 0 12.0 1 154
527.6431708518355 171.1961081299334 22 -4 13.0 1 155
172.43657072797495 215.4359578413063 14 1 10.0 1 156
508.937914737628 92.74028781401023 21 20 11.0 1 157
600.5722674126231 291.5806034652507 17 -14 13.0 1 158
636.5398641424994 282.7613857491998 10 18 12.0 1 159
206.72221203807055 361.8857417684217 2 21 13.0 1 160
625.4265204041719 109.12737513050922 19 -4 12.0 1 161
334.80239365689874 250.6069876897517 -15 -4 11.0 1 162
607.6098908306099 287.77641411315426 -14 10 12.0 1 163
563.8289799817921 254.66911780999345 17 18 12.0 1 164
475.62844547290314 577.5650253719806 10 17 12.0 1 165
178.08777556326856 328.9791252831835 -1 -11 11.0 1 166
486.98965889333664 256.27526571386215 5 -12 13.0 1 167
318.1412667856098 717.6210758065895 12 18 10.0 1 168
320.24289632900775 559.1314061208993 10 5 13.0 1 169
337.503534411759 272.4923853686463 12 19 12.0 1 170
268.6337782176067 640.4556420103697 -9 11 11.0 1 171
681.2413723164625 515.4092305561081 -3 -4 13.0 1 172
545.8374566619025 477.177951737447 4 6 13.0 1 173
343.99194500139595 190.35244390817874 -7 18 10.0 1 174
198.07906740549623 696.8314959369471 -15 8 11.0 1 175
58.97114108929043 483.0681490708644 10 -2 11.0 1 176
546.906053857506 357.24942877556435 10 -11 12.0 1 177
458.1125240051686 275.9357644050925 -12 -14 13.0 1 178
203.40658167211726 476.62915809375767 21 9 12.0 1 179
567.2898612238107 301.7650656247068 -8 16 10.0 1 180
512.7913485849338 635.3701588655451 19 22 12.0 1 181
329.65095069176897 719.3430933360357 -15 17 11.0 1 182
633.2857667034389 560.208461242185 -11 -8 10.0 1 183
249.3903735607116 373.06043014786616 21 4 10.0 1 184
62.412558659248134 448.1219227484147 -12 0 10.0 1 185
401.4472032420926 73.00320245791994 -13 22 11.0 1 186
365.67280429886546 31.59581485100358 14 -10 11.0 1 187
254.36557631246416 410.3254364168927 -17 -6 11.0 1 188
310.53916540885086 586.6701879633035 21 -8 10.0 1 189
538.7203942366426 689.4782413633716 5 -14 10.0 1 190
286.6881585795999 61.45985970062861 -15 1 11.0 1 191
317.79961390393885 512.0896807277926 -17 12 10.0 1 192
224.31779933511132 576.4561259053984 15 -1 10.0 1 193
368.27053802759997 59.475050483900645 6 -17 12.0 1 194
533.8110697069588 407.1132006775718 9 -11 11.0 1 195
579.491025352618 574.0200328061853 -13 21 10.0 1 196
308.5538939760528 650.8517683674106 -7 -10 13.0 1 197
215.995350323826 633.1336288430917 -4 -14 12.0 1 198
365.06029679873586 535.5699713808614 6 -5 11.0 1 199
493.35151459169015 642.6633361747041 17 17 13.0 1 200
605.9760319107323 450.1784244303163 -15 -1 13.0 1 201
85.07148388673545 229.75303309986023 3 -3 12.0 1 202
372.5637631435848 668.6024067411881 -6 0 12.0 1 203
347.1571134836019 562.630345706498 -12 21 10.0 1 204
280.3079861884284 239.7694728532339 -4 3 11.0 1 205
263.23214761931354 721.0849646980917 -1 6 11.0 1 206
360.3375469844751 687.2749376830344 9 -8 13.0 1 207
557.1553765620911 221.26503526834108 -15 -9 12.0 1 208
254.2191580984517 465.9389576386811 13 2 10.0 1 209
407.8549984729943 45.086913457689946 10 17 10.0 1 210
257.8960442146378 358.64222261591146 10 -6 11.0 1 211
343.4040302295886 523.6644500482927 1 4 11.0 1 212
262.4010742644274 651.8641213758251 2 2 10.0 1 213
548.5554113182523 340.57534376990554 3 -16 11.0 1 214
560.7057691566257 670.9218628309227 7 18 11.0 1 215
516.4779634035035 342.2688641946817 18 -13 10.0 1 216
574.58303889997 174.73179867444327 12 10 12.0 1 217
416.5660388273859 538.0092980837507 -15 -7 12.0 1 218
517.5476456942495 572.810737489715 -1 15 10.0 1 219
