400 400 7.0710678118654755 7.0710678118654755 5 2 -1 10 187
742.842712474619 742.842712474619
800.0 400.0 0 0 24.0 1 0
799.4518139018296 420.9343824971775 0 0 24.0 1 1
797.8087581473094 441.8113853070614 0 0 24.0 1 2
795.0753362380551 462.57378601609236 0 0 24.0 1 3
791.2590402935223 483.16467632710373 0 0 24.0 1 4
786.3703305156273 503.5276180410083 0 0 24.0 1 5
780.4226065180615 523.6067977499789 0 0 24.0 1 6
773.4321705988807 543.3471798181201 0 0 24.0 1 7
765.4181830570403 562.6946572303201 0 0 24.0 1 8
756.4026096753471 581.5961998958187 0 0 24.0 1 9
581.5961998958187 756.4026096753471 0 0 24.0 1 10
562.6946572303201 765.4181830570403 0 0 24.0 1 11
543.3471798181201 773.4321705988807 0 0 24.0 1 12
523.606797749979 780.4226065180615 0 0 24.0 1 13
503.5276180410083 786.3703305156273 0 0 24.0 1 14
483.1646763271038 791.2590402935223 0 0 24.0 1 15
462.57378601609236 795.0753362380551 0 0 24.0 1 16
441.8113853070614 797.8087581473094 0 0 24.0 1 17
420.9343824971776 799.4518139018296 0 0 24.0 1 18
400.0 800.0 0 0 24.0 1 19
379.0656175028225 799.4518139018296 0 0 24.0 1 20
358.1886146929386 797.8087581473094 0 0 24.0 1 21
337.4262139839077 795.0753362380551 0 0 24.0 1 22
316.83532367289627 791.2590402935223 0 0 24.0 1 23
296.47238195899166 786.3703305156273 0 0 24.0 1 24
276.3932022500211 780.4226065180615 0 0 24.0 1 25
256.65282018187986 773.4321705988807 0 0 24.0 1 26
237.3053427696799 765.4181830570403 0 0 24.0 1 27
218.4038001041813 756.4026096753471 0 0 24.0 1 28
200.00000000000009 746.4101615137755 0 0 24.0 1 29
182.14438599398918 735.4682271781696 0 0 24.0 1 30
164.8858990830108 723.606797749979 0 0 24.0 1 31
148.27184358006508 710.8583845827884 0 0 24.0 1 32
132.3477574564567 697.2579301909577 0 0 24.0 1 33
117.15728752538104 682.842712474619 0 0 24.0 1 34
102.74206980904233 667.6522425435434 0 0 24.0 1 35
89.14161541721165 651.728156419935 0 0 24.0 1 36
76.39320225002109 635.1141009169893 0 0 24.0 1 37
64.53177282183043 617.8556140060109 0 0 24.0 1 38
53.589838486224494 600.0 0 0 24.0 1 39
43.597390324652906 581.5961998958187 0 0 24.0 1 40
34.58181694295968 562.6946572303202 0 0 24.0 1 41
26.567829401119297 543.3471798181201 0 0 24.0 1 42
19.5773934819386 523.606797749979 0 0 24.0 1 43
13.629669484372698 503.5276180410084 0 0 24.0 1 44
8.740959706477724 483.16467632710373 0 0 24.0 1 45
4.924663761944942 462.5737860160924 0 0 24.0 1 46
2.1912418526906663 441.81138530706147 0 0 24.0 1 47
0.5481860981704472 420.9343824971775 0 0 24.0 1 48
0.0 400.00000000000006 0 0 24.0 1 49
0.5481860981704472 379.0656175028226 0 0 24.0 1 50
2.1912418526906663 358.1886146929386 0 0 24.0 1 51
4.924663761944885 337.4262139839077 0 0 24.0 1 52
8.740959706477781 316.8353236728962 0 0 24.0 1 53
13.629669484372698 296.47238195899166 0 0 24.0 1 54
19.577393481938543 276.3932022500211 0 0 24.0 1 55
26.567829401119297 256.65282018187986 0 0 24.0 1 56
34.58181694295968 237.30534276967992 0 0 24.0 1 57
43.59739032465285 218.40380010418136 0 0 24.0 1 58
53.58983848622455 199.99999999999994 0 0 24.0 1 59
64.53177282183037 182.14438599398918 0 0 24.0 1 60
76.39320225002103 164.8858990830108 0 0 24.0 1 61
89.14161541721171 148.27184358006497 0 0 24.0 1 62
102.74206980904228 132.3477574564567 0 0 24.0 1 63
117.15728752538092 117.15728752538104 0 0 24.0 1 64
132.34775745645675 102.74206980904228 0 0 24.0 1 65
148.27184358006485 89.14161541721177 0 0 24.0 1 66
164.8858990830107 76.39320225002109 0 0 24.0 1 67
182.1443859939892 64.53177282183032 0 0 24.0 1 68
199.99999999999983 53.58983848622461 0 0 24.0 1 69
218.40380010418124 43.597390324652906 0 0 24.0 1 70
237.30534276967995 34.58181694295962 0 0 24.0 1 71
256.65282018187975 26.567829401119354 0 0 24.0 1 72
276.393202250021 19.5773934819386 0 0 24.0 1 73
296.4723819589917 13.629669484372698 0 0 24.0 1 74
316.8353236728961 8.740959706477781 0 0 24.0 1 75
337.4262139839076 4.924663761944942 0 0 24.0 1 76
358.18861469293864 2.1912418526906663 0 0 24.0 1 77
379.0656175028223 0.5481860981704472 0 0 24.0 1 78
399.99999999999994 0.0 0 0 24.0 1 79
420.9343824971776 0.5481860981704472 0 0 24.0 1 80
441.8113853070612 2.1912418526906663 0 0 24.0 1 81
462.5737860160923 4.924663761944885 0 0 24.0 1 82
483.1646763271038 8.740959706477781 0 0 24.0 1 83
503.5276180410081 13.629669484372641 0 0 24.0 1 84
523.6067977499789 19.577393481938543 0 0 24.0 1 85
543.3471798181201 26.567829401119297 0 0 24.0 1 86
562.6946572303199 34.58181694295956 0 0 24.0 1 87
581.5961998958187 43.59739032465279 0 0 24.0 1 88
600.0 53.58983848622455 0 0 24.0 1 89
617.8556140060107 64.53177282183032 0 0 24.0 1 90
635.1141009169892 76.39320225002098 0 0 24.0 1 91
651.728156419935 89.14161541721171 0 0 24.0 1 92
667.6522425435431 102.74206980904216 0 0 24.0 1 93
682.842712474619 117.15728752538092 0 0 24.0 1 94
697.2579301909577 132.34775745645675 0 0 24.0 1 95
710.8583845827882 148.27184358006485 0 0 24.0 1 96
723.6067977499789 164.88589908301066 0 0 24.0 1 97
735.4682271781696 182.1443859939892 0 0 24.0 1 98
746.4101615137754 199.99999999999983 0 0 24.0 1 99
756.4026096753471 218.40380010418122 0 0 24.0 1 100
765.4181830570403 237.30534276967995 0 0 24.0 1 101
773.4321705988806 256.6528201818797 0 0 24.0 1 102
780.4226065180615 276.3932022500209 0 0 24.0 1 103
786.3703305156273 296.4723819589917 0 0 24.0 1 104
791.2590402935223 316.83532367289604 0 0 24.0 1 105
795.0753362380551 337.4262139839076 0 0 24.0 1 106
797.8087581473094 358.18861469293864 0 0 24.0 1 107
799.4518139018296 379.06561750282225 0 0 24.0 1 108
800.0 399.9999999999999 0 0 24.0 1 109
263.6502949487701 260.594985985286 0 0 12.0 1 110
478.47311635734445 232.4680030287746 0 0 11.0 1 111
176.26732129115467 423.8471901440103 0 0 13.0 1 112
506.652513465323 334.806124739136 0 0 10.0 1 113
132.15761832970645 342.23791398170613 0 0 12.0 1 114
490.56161633382777 559.0207333872052 0 0 12.0 1 115
591.2670162773215 697.8807286219953 0 0 10.0 1 116
530.1884931222028 571.1021807534029 0 0 11.0 1 117
547.2271178774686 202.92088958620198 0 0 13.0 1 118
455.80561889933705 242.6000860887721 0 0 12.0 1 119
397.19860633593447 610.9814024826334 0 0 11.0 1 120
553.5104388768666 437.39712764146213 0 0 12.0 1 121
383.45407349935397 596.3039284279232 0 0 11.0 1 122
88.4066626866084 438.80196054200036 0 0 12.0 1 123
673.9231556437444 506.78063870465 0 0 12.0 1 124
296.5069829868868 179.03575983991558 0 0 11.0 1 125
168.35810081344894 559.0692633453984 0 0 13.0 1 126
438.20435255620856 56.11567723177478 0 0 10.0 1 127
215.41523930442156 681.9529501866509 0 0 12.0 1 128
531.5483235280872 297.1212433154944 0 0 11.0 1 129
360.84311097401417 96.51567084640658 0 0 12.0 1 130
601.6407823706676 665.0094241436426 0 0 10.0 1 131
511.59352369324955 273.0831552955867 0 0 12.0 1 132
612.7952522369967 660.0272690034508 0 0 10.0 1 133
253.51636161221535 484.2825230084906 0 0 11.0 1 134
290.6879614365486 600.0871765633733 0 0 11.0 1 135
590.6918819408359 708.8779794058851 0 0 13.0 1 136
223.3115654103579 583.8646161779416 0 0 12.0 1 137
166.29115420311916 518.4237112925017 0 0 10.0 1 138
475.21035123929767 219.0044114723746 0 0 12.0 1 139
120.74357231029961 622.4069414249185 0 0 10.0 1 140
552.6729600695592 579.9637943131862 0 0 13.0 1 141
235.54198030101531 293.3718622656835 0 0 11.0 1 142
214.28611857567165 713.0596656331034 0 0 13.0 1 143
202.09140708496003 306.2279953803429 0 0 13.0 1 144
535.5092570717904 351.2840760340992 0 0 10.0 1 145
201.984540369109 660.2285106347247 0 0 11.0 1 146
260.93058169298325 179.13647451028046 0 0 10.0 1 147
709.6554303914181 232.61566850775546 0 0 10.0 1 148
436.91269851075197 261.8462715354583 0 0 11.0 1 149
242.91457251932474 569.3669639369305 0 0 12.0 1 150
253.78303352146594 245.11423979650277 0 0 12.0 1 151
276.2991709266481 330.27120475323426 0 0 12.0 1 152
152.8150387956714 596.8644075357822 0 0 11.0 1 153
473.1848438495124 152.5975371369103 0 0 10.0 1 154
240.34689104548548 692.2325868228215 -1 -5 12.0 1 155
446.4489881856757 268.99049081640317 -8 3 10.0 1 156
155.1170424883954 455.0757398531302 -17 -11 12.0 1 157
566.3841648365611 247.05455321703732 -17 -11 13.0 1 158
192.57804915713643 225.59491318043302 18 -12 11.0 1 159
300.3815718486069 134.0447993126554 9 -15 11.0 1 160
330.43838395151795 506.2552660940791 -16 5 10.0 1 161
342.46425437911597 748.2795399902914 -7 22 11.0 1 162
674.5444550379804 156.45464034825383 -12 3 10.0 1 163
507.8976957878442 564.824413372758 -16 -9 12.0 1 164
177.75143289381555 623.2276291574317 -1 2 10.0 1 165
73.46052320475934 417.34848968326884 12 16 10.0 1 166
254.91131977848522 462.5561737287298 5 14 12.0 1 167
589.3377170982596 213.1652364145811 0 4 11.0 1 168
120.75910862672441 267.6915551256893 8 -13 10.0 1 169
417.5888791019172 166.66198052623713 -7 22 11.0 1 170
543.735128754767 152.74261838753824 -1 -8 12.0 1 171
261.0069565932545 703.7053405597777 -14 -2 11.0 1 172
484.3229699716135 302.37501992232535 -14 9 11.0 1 173
444.10583762489006 618.5947736964606 20 17 13.0 1 174
513.0387311223096 652.8858344515529 8 14 13.0 1 175
307.1826058373671 292.5340456662742 -14 3 13.0 1 176
343.99439048392605 634.4021580590354 -10 -7 13.0 1 177
393.1058547850506 88.07617795084138 -3 -14 10.0 1 178
525.6851899926046 744.8075303941648 -16 -3 11.0 1 179
649.5256630715845 598.7408953101653 8 5 11.0 1 180
629.6792460283134 367.26708164759054 -8 -15 10.0 1 181
364.79399134812763 613.1115598807448 0 13 13.0 1 182
291.8451896490121 666.9204694247742 16 -9 12.0 1 183
327.9501736626587 184.73778193849492 -5 9 11.0 1 184
244.22601100039563 334.4602078798602 -7 -16 13.0 1 185
532.3041038595043 378.7485505921712 17 2 13.0 1 186
162.57217264613877 679.8517943448372 17 13 12.0 1 187
657.9860592557759 422.89526653427066 -4 -4 10.0 1 188
125.87213638340654 378.11588729232204 10 -12 12.0 1 189
553.0000319546825 216.39174794725014 -9 13 10.0 1 190
301.4087331596317 550.5980149364901 10 11 13.0 1 191
608.0776673231908 632.4815785419128 -6 -5 12.0 1 192
161.2464755848491 502.9405390472769 -10 9 12.0 1 193
393.12354295566996 621.8934752049223 -7 -5 13.0 1 194
484.05157682806816 643.9248499696481 2 -10 11.0 1 195
634.1914411997602 643.7178058098735 -4 -9 12.0 1 196
727.6196860754518 288.7285243387937 2 -8 10.0 1 197
225.6823655413481 201.73411206982726 -8 -2 10.0 1 198
543.3975194889075 227.91527841081185 -15 -13 13.0 1 199
112.40559841887062 415.27940375774136 0 1 11.0 1 200
207.70893375052518 471.0573419193266 -1 -3 12.0 1 201
260.59201186784696 421.12848420842045 0 -16 10.0 1 202
550.9787745344513 212.15322829477392 11 0 11.0 1 203
587.9149813848499 328.663054655168 -13 6 13.0 1 204
568.4629080209558 605.8549212943985 18 15 10.0 1 205
516.733751738334 334.2031064176051 7 -1 12.0 1 206
115.84473316543375 602.624737705386 -3 2 11.0 1 207
691.8253881484347 449.53728728963085 -12 19 10.0 1 208
161.65534462345343 335.18622636016903 10 -1 13.0 1 209
415.0081591161214 139.43186081190743 -14 4 11.0 1 210
336.38681100164285 143.778685146104 22 11 12.0 1 211
349.8820271696293 181.6787028268332 -13 14 13.0 1 212
487.1922388816995 715.1610913148967 -4 1 11.0 1 213
385.25492641235337 702.6410130912445 -4 0 11.0 1 214
265.1321902025225 394.0272384585154 -4 -7 10.0 1 215
42.11728233866347 493.91464422195344 -5 19 12.0 1 216
501.23293829887655 498.14729850268856 13 -3 10.0 1 217
579.2218911368864 436.9934282990646 16 2 12.0 1 218
479.9817939966161 186.48908077317716 17 9 11.0 1 219
