400 400 7.071067811865475 -7.0710678118654755 5 2 -1 10 187
742.842712474619 57.15728752538092
800.0 400.0 0 0 24.0 1 0
799.4518139018296 420.9343824971775 0 0 24.0 1 1
797.8087581473094 441.8113853070614 0 0 24.0 1 2
795.0753362380551 462.57378601609236 0 0 24.0 1 3
791.2590402935223 483.16467632710373 0 0 24.0 1 4
786.3703305156273 503.5276180410083 0 0 24.0 1 5
780.4226065180615 523.6067977499789 0 0 24.0 1 6
773.4321705988807 543.3471798181201 0 0 24.0 1 7
765.4181830570403 562.6946572303201 0 0 24.0 1 8
756.4026096753471 581.5961998958187 0 0 24.0 1 9
746.4101615137755 600.0 0 0 24.0 1 10
735.4682271781696 617.8556140060108 0 0 24.0 1 11
723.606797749979 635.1141009169893 0 0 24.0 1 12
710.8583845827884 651.728156419935 0 0 24.0 1 13
697.2579301909577 667.6522425435433 0 0 24.0 1 14
682.842712474619 682.842712474619 0 0 24.0 1 15
667.6522425435433 697.2579301909577 0 0 24.0 1 16
651.728156419935 710.8583845827884 0 0 24.0 1 17
635.1141009169893 723.606797749979 0 0 24.0 1 18
617.8556140060108 735.4682271781696 0 0 24.0 1 19
600.0 746.4101615137754 0 0 24.0 1 20
581.5961998958187 756.4026096753471 0 0 24.0 1 21
562.6946572303201 765.4181830570403 0 0 24.0 1 22
543.3471798181201 773.4321705988807 0 0 24.0 1 23
523.606797749979 780.4226065180615 0 0 24.0 1 24
503.5276180410083 786.3703305156273 0 0 24.0 1 25
483.1646763271038 791.2590402935223 0 0 24.0 1 26
462.57378601609236 795.0753362380551 0 0 24.0 1 27
441.8113853070614 797.8087581473094 0 0 24.0 1 28
420.9343824971776 799.4518139018296 0 0 24.0 1 29
400.0 800.0 0 0 24.0 1 30
379.0656175028225 799.4518139018296 0 0 24.0 1 31
358.1886146929386 797.8087581473094 0 0 24.0 1 32
337.4262139839077 795.0753362380551 0 0 24.0 1 33
316.83532367289627 791.2590402935223 0 0 24.0 1 34
296.47238195899166 786.3703305156273 0 0 24.0 1 35
276.3932022500211 780.4226065180615 0 0 24.0 1 36
256.65282018187986 773.4321705988807 0 0 24.0 1 37
237.3053427696799 765.4181830570403 0 0 24.0 1 38
218.4038001041813 756.4026096753471 0 0 24.0 1 39
200.00000000000009 746.4101615137755 0 0 24.0 1 40
182.14438599398918 735.4682271781696 0 0 24.0 1 41
164.8858990830108 723.606797749979 0 0 24.0 1 42
148.27184358006508 710.8583845827884 0 0 24.0 1 43
132.3477574564567 697.2579301909577 0 0 24.0 1 44
117.15728752538104 682.842712474619 0 0 24.0 1 45
102.74206980904233 667.6522425435434 0 0 24.0 1 46
89.14161541721165 651.728156419935 0 0 24.0 1 47
76.39320225002109 635.1141009169893 0 0 24.0 1 48
64.53177282183043 617.8556140060109 0 0 24.0 1 49
53.589838486224494 600.0 0 0 24.0 1 50
43.597390324652906 581.5961998958187 0 0 24.0 1 51
34.58181694295968 562.6946572303202 0 0 24.0 1 52
26.567829401119297 543.3471798181201 0 0 24.0 1 53
19.5773934819386 523.606797749979 0 0 24.0 1 54
13.629669484372698 503.5276180410084 0 0 24.0 1 55
8.740959706477724 483.16467632710373 0 0 24.0 1 56
4.924663761944942 462.5737860160924 0 0 24.0 1 57
2.1912418526906663 441.81138530706147 0 0 24.0 1 58
0.5481860981704472 420.9343824971775 0 0 24.0 1 59
0.0 400.00000000000006 0 0 24.0 1 60
0.5481860981704472 379.0656175028226 0 0 24.0 1 61
2.1912418526906663 358.1886146929386 0 0 24.0 1 62
4.924663761944885 337.4262139839077 0 0 24.0 1 63
8.740959706477781 316.8353236728962 0 0 24.0 1 64
13.629669484372698 296.47238195899166 0 0 24.0 1 65
19.577393481938543 276.3932022500211 0 0 24.0 1 66
26.567829401119297 256.65282018187986 0 0 24.0 1 67
34.58181694295968 237.30534276967992 0 0 24.0 1 68
43.59739032465285 218.40380010418136 0 0 24.0 1 69
53.58983848622455 199.99999999999994 0 0 24.0 1 70
64.53177282183037 182.14438599398918 0 0 24.0 1 71
76.39320225002103 164.8858990830108 0 0 24.0 1 72
89.14161541721171 148.27184358006497 0 0 24.0 1 73
102.74206980904228 132.3477574564567 0 0 24.0 1 74
117.15728752538092 117.15728752538104 0 0 24.0 1 75
132.34775745645675 102.74206980904228 0 0 24.0 1 76
148.27184358006485 89.14161541721177 0 0 24.0 1 77
164.8858990830107 76.39320225002109 0 0 24.0 1 78
182.1443859939892 64.53177282183032 0 0 24.0 1 79
199.99999999999983 53.58983848622461 0 0 24.0 1 80
218.40380010418124 43.597390324652906 0 0 24.0 1 81
237.30534276967995 34.58181694295962 0 0 24.0 1 82
256.65282018187975 26.567829401119354 0 0 24.0 1 83
276.393202250021 19.5773934819386 0 0 24.0 1 84
296.4723819589917 13.629669484372698 0 0 24.0 1 85
316.8353236728961 8.740959706477781 0 0 24.0 1 86
337.4262139839076 4.924663761944942 0 0 24.0 1 87
358.18861469293864 2.1912418526906663 0 0 24.0 1 88
379.0656175028223 0.5481860981704472 0 0 24.0 1 89
399.99999999999994 0.0 0 0 24.0 1 90
420.9343824971776 0.5481860981704472 0 0 24.0 1 91
441.8113853070612 2.1912418526906663 0 0 24.0 1 92
462.5737860160923 4.924663761944885 0 0 24.0 1 93
483.1646763271038 8.740959706477781 0 0 24.0 1 94
503.5276180410081 13.629669484372641 0 0 24.0 1 95
523.6067977499789 19.577393481938543 0 0 24.0 1 96
543.3471798181201 26.567829401119297 0 0 24.0 1 97
562.6946572303199 34.58181694295956 0 0 24.0 1 98
581.5961998958187 43.59739032465279 0 0 24.0 1 99
756.4026096753471 218.40380010418122 0 0 24.0 1 100
765.4181830570403 237.30534276967995 0 0 24.0 1 101
773.4321705988806 256.6528201818797 0 0 24.0 1 102
780.4226065180615 276.3932022500209 0 0 24.0 1 103
786.3703305156273 296.4723819589917 0 0 24.0 1 104
791.2590402935223 316.83532367289604 0 0 24.0 1 105
795.0753362380551 337.4262139839076 0 0 24.0 1 106
797.8087581473094 358.18861469293864 0 0 24.0 1 107
799.4518139018296 379.06561750282225 0 0 24.0 1 108
800.0 399.9999999999999 0 0 24.0 1 109
519.9198744688446 165.93115605152283 0 0 11.0 1 110
390.0260397825483 721.8454910629955 0 0 11.0 1 111
388.6994241795512 116.22491831359417 0 0 11.0 1 112
545.2402786380451 282.2109450706771 0 0 12.0 1 113
653.0056334014173 422.453272971833 0 0 10.0 1 114
101.69786879762097 504.26810883543754 0 0 10.0 1 115
141.43194031268615 322.26610450043233 0 0 11.0 1 116
159.75273779825733 212.10041776372384 0 0 10.0 1 117
512.2506484609795 459.40363557973194 0 0 10.0 1 118
334.16669419195455 286.74376023201035 0 0 12.0 1 119
426.1688773289637 164.4491777570249 0 0 13.0 1 120
644.3858721554291 342.75888286528385 0 0 10.0 1 121
74.82889575151148 526.7468065152674 0 0 12.0 1 122
327.09729545954906 224.54289506922865 0 0 11.0 1 123
92.93748469009 350.6683500017355 0 0 13.0 1 124
441.3555070007403 744.5268088853344 0 0 13.0 1 125
138.53134417087637 458.80596924557324 0 0 12.0 1 126
343.09220515629823 35.41461509541125 0 0 10.0 1 127
510.19844401976286 629.9593506157626 0 0 13.0 1 128
489.40202743588793 632.3968104134666 0 0 12.0 1 129
100.76153236755147 605.488051937294 0 0 11.0 1 130
304.9120774286813 554.0106716467105 0 0 10.0 1 131
231.29938785092534 657.6899366691052 0 0 10.0 1 132
449.36277875805814 143.71048387949418 0 0 13.0 1 133
342.80337188764355 556.8997951960957 0 0 12.0 1 134
171.8089593211206 447.09404371988035 0 0 10.0 1 135
438.52606941654494 101.47572632144039 0 0 11.0 1 136
319.5631986304215 196.30679690909918 0 0 12.0 1 137
116.53279382427814 314.78061826714065 0 0 11.0 1 138
302.43015196133473 70.12710818602909 0 0 12.0 1 139
520.9678685123354 58.80976744991318 0 0 12.0 1 140
503.60609609495083 150.66934233439358 0 0 10.0 1 141
648.7417970139466 658.8600363483567 0 0 10.0 1 142
670.6509093092463 635.8581889400452 0 0 11.0 1 143
510.27289027676136 274.58512978913006 0 0 12.0 1 144
212.47074210098123 413.2957674409304 0 0 13.0 1 145
475.6922080578029 503.2215560788263 0 0 10.0 1 146
149.68611523612293 599.3563620615516 0 0 13.0 1 147
436.65851170133305 70.03007179465095 0 0 11.0 1 148
209.93794670217886 690.3195065720115 0 0 10.0 1 149
297.88765833547336 240.95890568853918 0 0 11.0 1 150
363.00109275937484 623.9644633931902 0 0 10.0 1 151
522.6800396360583 216.1777818790798 0 0 11.0 1 152
644.2542911579685 574.1833552636942 0 0 11.0 1 153
146.40849743542887 175.028113251804 0 0 13.0 1 154
498.91295325870516 121.01572145075772 -16 -7 10.0 1 155
187.9136963945807 636.9459850324329 3 15 13.0 1 156
410.92355034538747 752.8309454226653 -6 9 12.0 1 157
723.5431834705571 417.19908223532286 -13 -14 12.0 1 158
307.43375502209864 541.3948029125935 18 3 10.0 1 159
296.7455225349007 482.23449935039 17 17 11.0 1 160
124.06781786142017 467.21183571545725 7 -13 12.0 1 161
107.92922167395682 376.6834726423649 21 15 11.0 1 162
552.6670755774082 355.5729357863708 20 -12 10.0 1 163
666.9502469104007 440.4668466089971 -6 -11 13.0 1 164
427.73289710917766 671.587714040845 4 11 12.0 1 165
596.9751002802119 508.7465395752916 8 4 12.0 1 166
595.5855036207977 657.0511831783681 7 4 12.0 1 167
538.0889980890764 428.50313327960714 9 9 12.0 1 168
532.9724536515378 416.5628068240151 22 15 13.0 1 169
157.21521227048092 312.70998426433664 18 17 11.0 1 170
258.05646089538635 254.87580592314384 2 -8 11.0 1 171
260.845114716361 470.5118280978254 9 -6 11.0 1 172
555.1208254260205 416.53872785766976 1 -12 13.0 1 173
540.0600928691002 62.94188871130984 -14 11 12.0 1 174
541.5592041374526 620.4653980196689 17 -9 10.0 1 175
550.6165412689454 256.5473684585045 -8 1 11.0 1 176
722.5543601943173 240.12916238527245 -7 13 10.0 1 177
86.7062627935386 515.7714741514882 -16 17 13.0 1 178
277.0978601075551 341.76715694852345 14 -10 12.0 1 179
142.78611417290506 590.3707355076567 -7 8 12.0 1 180
515.2410834695335 337.70639935942035 -7 -17 10.0 1 181
307.74772322599864 153.71050077193092 11 8 12.0 1 182
607.8218622316698 202.06295551726333 2 12 11.0 1 183
496.94361499720014 548.0909703907521 16 -5 10.0 1 184
379.65475947992644 46.58512879594281 18 16 13.0 1 185
685.0832100239988 499.6572293534822 20 -14 13.0 1 186
434.6869030498171 201.00045538541403 -12 -8 13.0 1 187
757.0779074385166 480.3204084858273 -8 1 10.0 1 188
508.3894896226712 542.4525132784145 22 -17 13.0 1 189
192.41590520845898 267.99680462361334 4 -11 11.0 1 190
389.3445890844615 743.8349345517715 4 -16 10.0 1 191
39.62116370380335 342.10272588628123 3 17 13.0 1 192
625.8580104925152 169.09491322977982 -14 2 11.0 1 193
640.0551859622831 605.4981938913666 5 7 12.0 1 194
708.7101562789908 218.72110048270636 -10 -15 11.0 1 195
754.7834291168806 466.70620978640096 3 -12 10.0 1 196
509.35732039956326 236.14037570216612 5 12 11.0 1 197
162.97900637330406 166.09820740273545 -15 -15 10.0 1 198
377.51177858222354 738.253277733513 17 18 13.0 1 199
339.5093487941725 113.31222363572084 12 -11 11.0 1 200
208.00102447901455 558.5477637776453 3 -1 11.0 1 201
717.8007042150496 411.2566602693041 2 -12 10.0 1 202
747.6468064332153 507.87816265021627 1 7 12.0 1 203
627.2355094489274 246.89865041258957 -2 0 10.0 1 204
392.07039187680857 655.8771605966672 -16 -13 10.0 1 205
116.49952670251594 349.2902214548069 21 6 13.0 1 206
458.25186152291917 97.55873193442227 -11 -13 10.0 1 207
422.6749631334749 254.7593512583493 9 -1 12.0 1 208
441.8021429195353 132.24342987083446 8 -9 13.0 1 209
678.053581563744 174.50009804974553 -11 -13 10.0 1 210
452.54550660021795 98.5452442967163 12 3 13.0 1 211
595.3874046684717 280.5648205220972 4 0 13.0 1 212
499.54992003771366 546.3516772042084 14 -7 13.0 1 213
263.40961398595107 621.2307990505235 -10 9 10.0 1 214
400.77892284589694 224.00172364707618 -3 4 12.0 1 215
286.42498387314293 204.61137261400253 -17 -4 11.0 1 216
506.97985656189167 566.6112549919635 -1 -14 12.0 1 217
463.46101790166506 629.383301935613 2 18 13.0 1 218
519.708519818449 364.0156939364392 -4 2 12.0 1 219
