400 400 7.071067811865475 -7.0710678118654755 5 2 -1 10 187
742.842712474619 57.15728752538092
800.0 400.0 0 0 24.0 1 0
799.4518139018296 420.9343824971775 0 0 24.0 1 1
797.8087581473094 441.8113853070614 0 0 24.0 1 2
795.0753362380551 462.57378601609236 0 0 24.0 1 3
791.2590402935223 483.16467632710373 0 0 24.0 1 4
786.3703305156273 503.5276180410083 0 0 24.0 1 5
780.4226065180615 523.6067977499789 0 0 24.0 1 6
773.4321705988807 543.3471798181201 0 0 24.0 1 7
765.4181830570403 562.6946572303201 0 0 24.0 1 8
756.4026096753471 581.5961998958187 0 0 24.0 1 9
746.4101615137755 600.0 0 0 24.0 1 10
735.4682271781696 617.8556140060108 0 0 24.0 1 11
723.606797749979 635.1141009169893 0 0 24.0 1 12
710.8583845827884 651.728156419935 0 0 24.0 1 13
697.2579301909577 667.6522425435433 0 0 24.0 1 14
682.842712474619 682.842712474619 0 0 24.0 1 15
667.6522425435433 697.2579301909577 0 0 24.0 1 16
651.728156419935 710.8583845827884 0 0 24.0 1 17
635.1141009169893 723.606797749979 0 0 24.0 1 18
617.8556140060108 735.4682271781696 0 0 24.0 1 19
600.0 746.4101615137754 0 0 24.0 1 20
581.5961998958187 756.4026096753471 0 0 24.0 1 21
562.6946572303201 765.4181830570403 0 0 24.0 1 22
543.3471798181201 773.4321705988807 0 0 24.0 1 23
523.606797749979 780.4226065180615 0 0 24.0 1 24
503.5276180410083 786.3703305156273 0 0 24.0 1 25
483.1646763271038 791.2590402935223 0 0 24.0 1 26
462.57378601609236 795.0753362380551 0 0 24.0 1 27
441.8113853070614 797.8087581473094 0 0 24.0 1 28
420.9343824971776 799.4518139018296 0 0 24.0 1 29
400.0 800.0 0 0 24.0 1 30
379.0656175028225 799.4518139018296 0 0 24.0 1 31
358.1886146929386 797.8087581473094 0 0 24.0 1 32
337.4262139839077 795.0753362380551 0 0 24.0 1 33
316.83532367289627 791.2590402935223 0 0 24.0 1 34
296.47238195899166 786.3703305156273 0 0 24.0 1 35
276.3932022500211 780.4226065180615 0 0 24.0 1 36
256.65282018187986 773.4321705988807 0 0 24.0 1 37
237.3053427696799 765.4181830570403 0 0 24.0 1 38
218.4038001041813 756.4026096753471 0 0 24.0 1 39
200.00000000000009 746.4101615137755 0 0 24.0 1 40
182.14438599398918 735.4682271781696 0 0 24.0 1 41
164.8858990830108 723.606797749979 0 0 24.0 1 42
148.27184358006508 710.8583845827884 0 0 24.0 1 43
132.3477574564567 697.2579301909577 0 0 24.0 1 44
117.15728752538104 682.842712474619 0 0 24.0 1 45
102.74206980904233 667.6522425435434 0 0 24.0 1 46
89.14161541721165 651.728156419935 0 0 24.0 1 47
76.39320225002109 635.1141009169893 0 0 24.0 1 48
64.53177282183043 617.8556140060109 0 0 24.0 1 49
53.589838486224494 600.0 0 0 24.0 1 50
43.597390324652906 581.5961998958187 0 0 24.0 1 51
34.58181694295968 562.6946572303202 0 0 24.0 1 52
26.567829401119297 543.3471798181201 0 0 24.0 1 53
19.5773934819386 523.606797749979 0 0 24.0 1 54
13.629669484372698 503.5276180410084 0 0 24.0 1 55
8.740959706477724 483.16467632710373 0 0 24.0 1 56
4.924663761944942 462.5737860160924 0 0 24.0 1 57
2.1912418526906663 441.81138530706147 0 0 24.0 1 58
0.5481860981704472 420.9343824971775 0 0 24.0 1 59
0.0 400.00000000000006 0 0 24.0 1 60
0.5481860981704472 379.0656175028226 0 0 24.0 1 61
2.1912418526906663 358.1886146929386 0 0 24.0 1 62
4.924663761944885 337.4262139839077 0 0 24.0 1 63
8.740959706477781 316.8353236728962 0 0 24.0 1 64
13.629669484372698 296.47238195899166 0 0 24.0 1 65
19.577393481938543 276.3932022500211 0 0 24.0 1 66
26.567829401119297 256.65282018187986 0 0 24.0 1 67
34.58181694295968 237.30534276967992 0 0 24.0 1 68
43.59739032465285 218.40380010418136 0 0 24.0 1 69
53.58983848622455 199.99999999999994 0 0 24.0 1 70
64.53177282183037 182.14438599398918 0 0 24.0 1 71
76.39320225002103 164.8858990830108 0 0 24.0 1 72
89.14161541721171 148.27184358006497 0 0 24.0 1 73
102.74206980904228 132.3477574564567 0 0 24.0 1 74
117.15728752538092 117.15728752538104 0 0 24.0 1 75
132.34775745645675 102.74206980904228 0 0 24.0 1 76
148.27184358006485 89.14161541721177 0 0 24.0 1 77
164.8858990830107 76.39320225002109 0 0 24.0 1 78
182.1443859939892 64.53177282183032 0 0 24.0 1 79
199.99999999999983 53.58983848622461 0 0 24.0 1 80
218.40380010418124 43.597390324652906 0 0 24.0 1 81
237.30534276967995 34.58181694295962 0 0 24.0 1 82
256.65282018187975 26.567829401119354 0 0 24.0 1 83
276.393202250021 19.5773934819386 0 0 24.0 1 84
296.4723819589917 13.629669484372698 0 0 24.0 1 85
316.8353236728961 8.740959706477781 0 0 24.0 1 86
337.4262139839076 4.924663761944942 0 0 24.0 1 87
358.18861469293864 2.1912418526906663 0 0 24.0 1 88
379.0656175028223 0.5481860981704472 0 0 24.0 1 89
399.99999999999994 0.0 0 0 24.0 1 90
420.9343824971776 0.5481860981704472 0 0 24.0 1 91
441.8113853070612 2.1912418526906663 0 0 24.0 1 92
462.5737860160923 4.924663761944885 0 0 24.0 1 93
483.1646763271038 8.740959706477781 0 0 24.0 1 94
503.5276180410081 13.629669484372641 0 0 24.0 1 95
523.6067977499789 19.577393481938543 0 0 24.0 1 96
543.3471798181201 26.567829401119297 0 0 24.0 1 97
562.6946572303199 34.58181694295956 0 0 24.0 1 98
581.5961998958187 43.59739032465279 0 0 24.0 1 99
756.4026096753471 218.40380010418122 0 0 24.0 1 100
765.4181830570403 237.30534276967995 0 0 24.0 1 101
773.4321705988806 256.6528201818797 0 0 24.0 1 102
780.4226065180615 276.3932022500209 0 0 24.0 1 103
786.3703305156273 296.4723819589917 0 0 24.0 1 104
791.2590402935223 316.83532367289604 0 0 24.0 1 105
795.0753362380551 337.4262139839076 0 0 24.0 1 106
797.8087581473094 358.18861469293864 0 0 24.0 1 107
799.4518139018296 379.06561750282225 0 0 24.0 1 108
800.0 399.9999999999999 0 0 24.0 1 109
474.02673371208687 141.3863060549195 0 0 10.0 1 110
404.23945155047613 536.9343895833007 0 0 11.0 1 111
38.31503205106344 322.0001028220119 0 0 11.0 1 112
605.2819918881753 355.7359761609598 0 0 10.0 1 113
246.0060327352259 398.6368983692778 0 0 13.0 1 114
341.4833595968231 665.6309522550512 0 0 11.0 1 115
257.56975596149545 718.6135991810959 0 0 12.0 1 116
520.1134332477902 95.85897489252022 0 0 11.0 1 117
715.3211972968102 482.75592145161625 0 0 13.0 1 118
510.2904603826232 217.77756903007517 0 0 13.0 1 119
513.9502465010837 497.54661102438286 0 0 13.0 1 120
627.7770494083096 389.9195355838884 0 0 11.0 1 121
185.6048923567353 151.76878153899955 0 0 10.0 1 122
559.4929589378748 387.2722331400445 0 0 12.0 1 123
603.268079044844 494.11741624916755 0 0 11.0 1 124
136.29056374226093 617.7643984415852 0 0 10.0 1 125
738.773142679476 278.210190085248 0 0 10.0 1 126
479.6570240920638 147.25554701873995 0 0 12.0 1 127
578.2855112259017 197.23344337164744 0 0 13.0 1 128
65.11810225127277 391.10536340197115 0 0 13.0 1 129
163.23698811344704 664.5151719701688 0 0 12.0 1 130
251.77058609943552 538.6976598746177 0 0 12.0 1 131
211.79473819417126 332.33332113514473 0 0 10.0 1 132
135.03728807108376 487.3828432089169 0 0 10.0 1 133
575.7405570321879 213.85151997930174 0 0 13.0 1 134
121.6689498706495 573.5391210473679 0 0 11.0 1 135
221.50093818831184 116.51616460131783 0 0 11.0 1 136
541.7420020964767 381.07369973601845 0 0 10.0 1 137
211.78409746892422 495.3717674912895 0 0 11.0 1 138
333.0291488221726 274.78456527840785 0 0 12.0 1 139
534.0388251100107 656.0363125869609 0 0 12.0 1 140
281.6793501347548 215.71428754386284 0 0 10.0 1 141
323.50459202165604 132.73149725748323 0 0 10.0 1 142
168.27872863724224 269.38127087577686 0 0 13.0 1 143
174.03071499044188 229.62722567185483 0 0 11.0 1 144
515.2764080781055 322.3317971071166 0 0 12.0 1 145
503.25303550861435 50.95156402261762 0 0 13.0 1 146
278.7512913958816 108.18713074671712 0 0 11.0 1 147
491.40152006274946 582.378074697094 0 0 11.0 1 148
63.90379820626788 435.823778971891 0 0 11.0 1 149
263.17048368869786 661.3478208556847 0 0 13.0 1 150
166.44902381247093 385.5106410820826 0 0 13.0 1 151
520.2539495580336 611.1586787600593 0 0 10.0 1 152
366.08176431775803 645.6696018806639 0 0 12.0 1 153
431.64544403579555 556.8392995131555 0 0 13.0 1 154
469.14412173789043 544.2882199942039 -8 -6 13.0 1 155
168.64190017377496 274.9303008526906 13 19 12.0 1 156
302.2054934114215 613.6848953040352 -6 4 11.0 1 157
87.578059987536 481.9849461721377 19 3 10.0 1 158
552.5930244967215 600.5476723249187 -2 -2 12.0 1 159
636.8974720353701 368.36793172663226 -8 -1 10.0 1 160
187.60133063121748 474.2415331897894 -8 10 13.0 1 161
132.9832209681581 309.3024823081663 -9 22 11.0 1 162
646.2298458586779 647.3294624754838 15 17 13.0 1 163
437.24613355553015 111.3934762775387 -3 15 13.0 1 164
395.1829369972469 182.0532269015494 1 2 12.0 1 165
526.8812226026563 461.49923048994333 8 -10 13.0 1 166
479.62290307342204 512.7128799479476 18 18 10.0 1 167
522.7308160847555 656.111590489712 -1 -5 11.0 1 168
188.6723378664807 383.1293385671719 8 20 12.0 1 169
142.0460898222242 286.05360811330627 -11 22 10.0 1 170
220.63840375643278 518.5513297814899 21 -14 10.0 1 171
506.0266405904395 241.13102415793773 -6 6 12.0 1 172
335.3567258399734 236.3013527671299 -6 9 10.0 1 173
244.57321647599753 366.48112526675646 16 2 11.0 1 174
211.04338612474027 320.49906873000793 21 4 12.0 1 175
427.63131140548103 670.5928872494865 -2 5 11.0 1 176
525.4452257486574 329.2928904786204 -16 -9 11.0 1 177
611.7059421682518 212.19799242113308 13 -17 10.0 1 178
271.44503573661177 303.0741460535994 -15 17 11.0 1 179
385.74156250435493 692.6528608440087 -3 19 12.0 1 180
506.89310984892325 171.7942527743308 15 8 11.0 1 181
384.8769475940505 263.8372544124976 -14 -6 11.0 1 182
116.35113526983957 556.5864666479551 3 3 12.0 1 183
576.7326341046332 597.4603151077143 3 20 10.0 1 184
219.53055781206373 681.0458689188922 6 10 10.0 1 185
400.7744971479089 225.00171385362688 -13 9 10.0 1 186
242.2023344470806 299.6561075797386 -4 -3 12.0 1 187
385.63189228808363 150.41322655080705 -10 8 12.0 1 188
758.8591576102183 371.36252456510005 -6 -6 13.0 1 189
284.9951859101331 515.5114398497186 -13 10 12.0 1 190
419.74418558561075 273.5319521161137 12 -3 12.0 1 191
558.960343260022 170.7128235800005 8 11 10.0 1 192
558.6203397495628 702.991068874535 -13 -5 12.0 1 193
146.9661825743781 280.1088525410777 -1 18 10.0 1 194
351.6446395899895 663.6015157764044 11 5 10.0 1 195
696.6376920669633 225.81021945824298 12 11 12.0 1 196
370.85565230596865 745.7739246928395 -17 19 13.0 1 197
567.0910804735471 425.32924843303897 5 -6 12.0 1 198
579.2850644025782 78.62659462525 3 11 12.0 1 199
199.30702044711765 264.7730501779089 -3 21 10.0 1 200
617.630191660284 493.84082095712955 5 -2 13.0 1 201
75.05075141288529 405.7433302768955 0 1 11.0 1 202
187.28738439953003 582.0805952439928 -7 -12 12.0 1 203
710.9878998475231 397.2566173385815 -16 -5 13.0 1 204
70.84517519446939 566.7875933852408 -17 6 10.0 1 205
404.004942883414 219.04431362208982 -8 -17 12.0 1 206
221.21178462217367 79.49450232170432 -13 -14 10.0 1 207
504.07691331881347 228.04362147908503 18 18 13.0 1 208
520.1590451414191 154.86574317182348 -12 8 10.0 1 209
454.7243853661057 253.91358158164752 16 7 13.0 1 210
122.5175201454341 573.0100383612478 -5 15 11.0 1 211
512.9660081179369 220.60467952062348 -14 3 13.0 1 212
348.6623764680279 226.43315866764902 -10 8 13.0 1 213
482.70330996936286 526.3374945141445 3 -2 13.0 1 214
416.11256657946586 642.4652247193859 22 -13 10.0 1 215
654.8828792977994 185.70180159211915 0 -13 11.0 1 216
528.4855119708649 324.55151947464594 0 -7 10.0 1 217
555.2303837876213 628.2093949624945 16 6 13.0 1 218
129.3816568455345 414.37749450815244 -5 18 11.0 1 219
