400 400 7.071067811865475 -7.0710678118654755 5 2 -1 10 187
742.842712474619 57.15728752538092
800.0 400.0 0 0 24.0 1 0
799.4518139018296 420.9343824971775 0 0 24.0 1 1
797.8087581473094 441.8113853070614 0 0 24.0 1 2
795.0753362380551 462.57378601609236 0 0 24.0 1 3
791.2590402935223 483.16467632710373 0 0 24.0 1 4
786.3703305156273 503.5276180410083 0 0 24.0 1 5
780.4226065180615 523.6067977499789 0 0 24.0 1 6
773.4321705988807 543.3471798181201 0 0 24.0 1 7
765.4181830570403 562.6946572303201 0 0 24.0 1 8
756.4026096753471 581.5961998958187 0 0 24.0 1 9
746.4101615137755 600.0 0 0 24.0 1 10
735.4682271781696 617.8556140060108 0 0 24.0 1 11
723.606797749979 635.1141009169893 0 0 24.0 1 12
710.8583845827884 651.728156419935 0 0 24.0 1 13
697.2579301909577 667.6522425435433 0 0 24.0 1 14
682.842712474619 682.842712474619 0 0 24.0 1 15
667.6522425435433 697.2579301909577 0 0 24.0 1 16
651.728156419935 710.8583845827884 0 0 24.0 1 17
635.1141009169893 723.606797749979 0 0 24.0 1 18
617.8556140060108 735.4682271781696 0 0 24.0 1 19
600.0 746.4101615137754 0 0 24.0 1 20
581.5961998958187 756.4026096753471 0 0 24.0 1 21
562.6946572303201 765.4181830570403 0 0 24.0 1 22
543.3471798181201 773.4321705988807 0 0 24.0 1 23
523.606797749979 780.4226065180615 0 0 24.0 1 24
503.5276180410083 786.3703305156273 0 0 24.0 1 25
483.1646763271038 791.2590402935223 0 0 24.0 1 26
462.57378601609236 795.0753362380551 0 0 24.0 1 27
441.8113853070614 797.8087581473094 0 0 24.0 1 28
420.9343824971776 799.4518139018296 0 0 24.0 1 29
400.0 800.0 0 0 24.0 1 30
379.0656175028225 799.4518139018296 0 0 24.0 1 31
358.1886146929386 797.8087581473094 0 0 24.0 1 32
337.4262139839077 795.0753362380551 0 0 24.0 1 33
316.83532367289627 791.2590402935223 0 0 24.0 1 34
296.47238195899166 786.3703305156273 0 0 24.0 1 35
276.3932022500211 780.4226065180615 0 0 24.0 1 36
256.65282018187986 773.4321705988807 0 0 24.0 1 37
237.3053427696799 765.4181830570403 0 0 24.0 1 38
218.4038001041813 756.4026096753471 0 0 24.0 1 39
200.00000000000009 746.4101615137755 0 0 24.0 1 40
182.14438599398918 735.4682271781696 0 0 24.0 1 41
164.8858990830108 723.606797749979 0 0 24.0 1 42
148.27184358006508 710.8583845827884 0 0 24.0 1 43
132.3477574564567 697.2579301909577 0 0 24.0 1 44
117.15728752538104 682.842712474619 0 0 24.0 1 45
102.74206980904233 667.6522425435434 0 0 24.0 1 46
89.14161541721165 651.728156419935 0 0 24.0 1 47
76.39320225002109 635.1141009169893 0 0 24.0 1 48
64.53177282183043 617.8556140060109 0 0 24.0 1 49
53.589838486224494 600.0 0 0 24.0 1 50
43.597390324652906 581.5961998958187 0 0 24.0 1 51
34.58181694295968 562.6946572303202 0 0 24.0 1 52
26.567829401119297 543.3471798181201 0 0 24.0 1 53
19.5773934819386 523.606797749979 0 0 24.0 1 54
13.629669484372698 503.5276180410084 0 0 24.0 1 55
8.740959706477724 483.16467632710373 0 0 24.0 1 56
4.924663761944942 462.5737860160924 0 0 24.0 1 57
2.1912418526906663 441.81138530706147 0 0 24.0 1 58
0.5481860981704472 420.9343824971775 0 0 24.0 1 59
0.0 400.00000000000006 0 0 24.0 1 60
0.5481860981704472 379.0656175028226 0 0 24.0 1 61
2.1912418526906663 358.1886146929386 0 0 24.0 1 62
4.924663761944885 337.4262139839077 0 0 24.0 1 63
8.740959706477781 316.8353236728962 0 0 24.0 1 64
13.629669484372698 296.47238195899166 0 0 24.0 1 65
19.577393481938543 276.3932022500211 0 0 24.0 1 66
26.567829401119297 256.65282018187986 0 0 24.0 1 67
34.58181694295968 237.30534276967992 0 0 24.0 1 68
43.59739032465285 218.40380010418136 0 0 24.0 1 69
53.58983848622455 199.99999999999994 0 0 24.0 1 70
64.53177282183037 182.14438599398918 0 0 24.0 1 71
76.39320225002103 164.8858990830108 0 0 24.0 1 72
89.14161541721171 148.27184358006497 0 0 24.0 1 73
102.74206980904228 132.3477574564567 0 0 24.0 1 74
117.15728752538092 117.15728752538104 0 0 24.0 1 75
132.34775745645675 102.74206980904228 0 0 24.0 1 76
148.27184358006485 89.14161541721177 0 0 24.0 1 77
164.8858990830107 76.39320225002109 0 0 24.0 1 78
182.1443859939892 64.53177282183032 0 0 24.0 1 79
199.99999999999983 53.58983848622461 0 0 24.0 1 80
218.40380010418124 43.597390324652906 0 0 24.0 1 81
237.30534276967995 34.58181694295962 0 0 24.0 1 82
256.65282018187975 26.567829401119354 0 0 24.0 1 83
276.393202250021 19.5773934819386 0 0 24.0 1 84
296.4723819589917 13.629669484372698 0 0 24.0 1 85
316.8353236728961 8.740959706477781 0 0 24.0 1 86
337.4262139839076 4.924663761944942 0 0 24.0 1 87
358.18861469293864 2.1912418526906663 0 0 24.0 1 88
379.0656175028223 0.5481860981704472 0 0 24.0 1 89
399.99999999999994 0.0 0 0 24.0 1 90
420.9343824971776 0.5481860981704472 0 0 24.0 1 91
441.8113853070612 2.1912418526906663 0 0 24.0 1 92
462.5737860160923 4.924663761944885 0 0 24.0 1 93
483.1646763271038 8.740959706477781 0 0 24.0 1 94
503.5276180410081 13.629669484372641 0 0 24.0 1 95
523.6067977499789 19.577393481938543 0 0 24.0 1 96
543.3471798181201 26.567829401119297 0 0 24.0 1 97
562.6946572303199 34.58181694295956 0 0 24.0 1 98
581.5961998958187 43.59739032465279 0 0 24.0 1 99
756.4026096753471 218.40380010418122 0 0 24.0 1 100
765.4181830570403 237.30534276967995 0 0 24.0 1 101
773.4321705988806 256.6528201818797 0 0 24.0 1 102
780.4226065180615 276.3932022500209 0 0 24.0 1 103
786.3703305156273 296.4723819589917 0 0 24.0 1 104
791.2590402935223 316.83532367289604 0 0 24.0 1 105
795.0753362380551 337.4262139839076 0 0 24.0 1 106
797.8087581473094 358.18861469293864 0 0 24.0 1 107
799.4518139018296 379.06561750282225 0 0 24.0 1 108
800.0 399.9999999999999 0 0 24.0 1 109
217.45417457151564 313.5071007617775 0 0 12.0 1 110
176.87632492837457 419.7945856872963 0 0 12.0 1 111
508.8002229968461 517.3137309773948 0 0 13.0 1 112
587.2796821126569 538.6193372794075 0 0 13.0 1 113
647.4855163465653 254.67306100149924 0 0 10.0 1 114
459.13742354189293 693.0934409652095 0 0 12.0 1 115
412.1576146753599 269.5653711416885 0 0 10.0 1 116
536.4117833876974 183.371688477734 0 0 12.0 1 117
246.1315346817032 518.1545402453587 0 0 13.0 1 118
539.7345736229863 564.7126253035942 0 0 13.0 1 119
550.5658411908782 345.87119559344353 0 0 12.0 1 120
75.5440317529712 368.30891814905885 0 0 11.0 1 121
81.67389807848946 259.38530362918647 0 0 11.0 1 122
495.291348594104 608.2319833337735 0 0 10.0 1 123
105.51328616753847 594.6447414551905 0 0 11.0 1 124
406.2839987783954 116.06953076615196 0 0 11.0 1 125
568.6928441759189 657.6950219228908 0 0 13.0 1 126
584.4647865188277 244.90730986096312 0 0 13.0 1 127
490.3098114993998 202.68518062004853 0 0 12.0 1 128
255.19218411267389 625.5098588930033 0 0 10.0 1 129
732.0962063607599 493.4725078340771 0 0 12.0 1 130
482.334717076184 252.4127567708349 0 0 13.0 1 131
397.33137380816504 600.9822838815608 0 0 10.0 1 132
520.6344565921233 564.5093550006294 0 0 13.0 1 133
530.0 400.0 0 0 10.0 1 134
275.4018698881364 723.8584659579353 0 0 11.0 1 135
364.52901676408834 172.7516571055409 0 0 13.0 1 136
66.83583356661285 462.63096841616243 0 0 12.0 1 137
362.46833709472384 62.07785766605241 0 0 12.0 1 138
525.6150105639153 340.48639549626125 0 0 11.0 1 139
90.09885156454243 239.49368174933267 0 0 12.0 1 140
84.44503159848301 416.76490134529956 0 0 12.0 1 141
377.4692977341616 587.6522513997851 0 0 10.0 1 142
556.2261917466434 605.3226169040835 0 0 13.0 1 143
263.434482489188 389.0977329419932 0 0 12.0 1 144
282.0489241010663 159.35182590702257 0 0 10.0 1 145
247.33408319733581 500.9064806977333 0 0 12.0 1 146
677.5408279438775 513.8906880487909 0 0 11.0 1 147
398.7868271159002 124.00266629629681 0 0 12.0 1 148
314.46093542651624 158.71372100367296 0 0 12.0 1 149
207.3745476238946 520.1017697492455 0 0 13.0 1 150
193.4910450698014 564.46899870078 0 0 12.0 1 151
69.51269579594077 294.2307144775308 0 0 10.0 1 152
658.9821444266477 422.98366524675816 0 0 11.0 1 153
225.47416219549876 671.7898672479107 0 0 13.0 1 154
251.03717499604747 242.20558702272817 -7 -17 12.0 1 155
240.67547614185807 462.1023034788273 8 -14 11.0 1 156
329.0102694776778 632.3993506022942 14 0 11.0 1 157
145.70573422915325 318.6155641657082 -1 7 11.0 1 158
504.0761171681005 575.4541587857404 -1 -9 11.0 1 159
374.67913736725495 63.95260168313507 -8 -9 13.0 1 160
59.22529365826085 320.17143670526525 -12 6 11.0 1 161
487.72552474641935 717.0886820874648 -1 -13 11.0 1 162
135.10150888466524 347.7621841496135 -6 -10 12.0 1 163
606.4619340446654 283.62788224606277 7 22 12.0 1 164
325.82159244018203 190.75955493287265 10 0 12.0 1 165
591.0 400.0 -8 -3 11.0 1 166
437.8351639297856 247.62710093193655 21 3 11.0 1 167
645.1383291519046 215.18604062297538 -7 -14 13.0 1 168
362.1325780976977 536.8578034255739 21 12 10.0 1 169
285.7560527413271 523.1759737723131 -6 15 11.0 1 170
370.1260621195532 79.38879022168419 5 -10 13.0 1 171
539.988394949334 656.2562180309178 2 6 10.0 1 172
405.53168906548893 150.06120666034505 20 3 13.0 1 173
299.4820882442401 497.4481883682876 14 6 12.0 1 174
251.02326757083048 402.63309603463824 2 9 12.0 1 175
189.18591101583692 281.1664193681879 -6 -3 13.0 1 176
386.20191724219023 607.5418341255772 12 17 11.0 1 177
190.4096677545251 582.6359565617664 5 12 13.0 1 178
487.1527883387382 269.4113654073101 -4 12 11.0 1 179
412.09015889082616 543.4915609295354 22 13 11.0 1 180
454.6829962829945 522.3346635975021 17 -5 11.0 1 181
639.0232728905191 314.0705230045916 10 8 13.0 1 182
117.74812212744871 287.0846448111755 0 -16 11.0 1 183
53.21710044589503 412.27275750789306 -1 11 10.0 1 184
54.940511644528954 452.29674460098386 -3 -14 13.0 1 185
617.0172560509743 148.7481132884653 -9 -2 10.0 1 186
173.23223695153885 229.02520173429954 8 11 13.0 1 187
537.6632300671382 365.17421806359306 -8 13 12.0 1 188
227.54488216961713 90.84755809777477 2 18 12.0 1 189
678.5468062031247 299.86171184787054 9 12 12.0 1 190
522.8570089454815 465.01657752427354 22 -16 12.0 1 191
307.14497632216245 176.52305582501754 -3 -3 12.0 1 192
685.5967607178375 415.18190592377266 3 14 11.0 1 193
559.3103697272909 114.43178381102376 22 11 12.0 1 194
692.5775972905166 548.264458194499 15 15 12.0 1 195
252.3487721874787 492.06038738488417 4 22 11.0 1 196
304.56031976448674 590.4212893469188 -9 -4 11.0 1 197
691.0 400.0 -1 7 10.0 1 198
714.299315539497 299.4219693402 -14 18 12.0 1 199
381.14904268196574 72.54215323465888 4 -6 11.0 1 200
515.0974422333697 217.21986215308806 22 4 10.0 1 201
566.549182171126 537.5404301219431 3 -17 11.0 1 202
55.929220780217975 452.1468971952504 5 2 13.0 1 203
320.22143455747806 552.3790684311111 13 5 10.0 1 204
296.7166099692116 546.1969265879007 19 -6 12.0 1 205
139.03480740519274 526.4799124523541 16 10 13.0 1 206
558.0609330211514 318.1419432646786 -14 -15 13.0 1 207
460.7196938362147 207.34196414258668 8 1 12.0 1 208
210.20677920138533 590.6293087090448 21 22 10.0 1 209
330.2146472136077 223.27986946451526 9 12 11.0 1 210
591.4918453907833 182.21369843621392 11 14 10.0 1 211
142.8900714732236 206.14829210719878 7 -3 12.0 1 212
260.2021540568336 169.00960567666297 -1 -15 10.0 1 213
103.4336166121912 252.99870665781472 19 1 11.0 1 214
266.186345940484 267.94733631145425 6 2 12.0 1 215
303.2810517988812 73.00390666115089 14 -17 13.0 1 216
62.909430745339705 435.9297664836422 -1 18 10.0 1 217
377.8348531849858 105.83387981164645 -7 -16 13.0 1 218
89.3045270591445 386.24052711554293 -7 -13 13.0 1 219
