400 400 -7.071067811865475 -7.071067811865477 5 2 -1 10 187
57.15728752538104 57.15728752538092
800.0 400.0 0 0 24.0 1 0
799.4518139018296 420.9343824971775 0 0 24.0 1 1
797.8087581473094 441.8113853070614 0 0 24.0 1 2
795.0753362380551 462.57378601609236 0 0 24.0 1 3
791.2590402935223 483.16467632710373 0 0 24.0 1 4
786.3703305156273 503.5276180410083 0 0 24.0 1 5
780.4226065180615 523.6067977499789 0 0 24.0 1 6
773.4321705988807 543.3471798181201 0 0 24.0 1 7
765.4181830570403 562.6946572303201 0 0 24.0 1 8
756.4026096753471 581.5961998958187 0 0 24.0 1 9
746.4101615137755 600.0 0 0 24.0 1 10
735.4682271781696 617.8556140060108 0 0 24.0 1 11
723.606797749979 635.1141009169893 0 0 24.0 1 12
710.8583845827884 651.728156419935 0 0 24.0 1 13
697.2579301909577 667.6522425435433 0 0 24.0 1 14
682.842712474619 682.842712474619 0 0 24.0 1 15
667.6522425435433 697.2579301909577 0 0 24.0 1 16
651.728156419935 710.8583845827884 0 0 24.0 1 17
635.1141009169893 723.606797749979 0 0 24.0 1 18
617.8556140060108 735.4682271781696 0 0 24.0 1 19
600.0 746.4101615137754 0 0 24.0 1 20
581.5961998958187 756.4026096753471 0 0 24.0 1 21
562.6946572303201 765.4181830570403 0 0 24.0 1 22
543.3471798181201 773.4321705988807 0 0 24.0 1 23
523.606797749979 780.4226065180615 0 0 24.0 1 24
503.5276180410083 786.3703305156273 0 0 24.0 1 25
483.1646763271038 791.2590402935223 0 0 24.0 1 26
462.57378601609236 795.0753362380551 0 0 24.0 1 27
441.8113853070614 797.8087581473094 0 0 24.0 1 28
420.9343824971776 799.4518139018296 0 0 24.0 1 29
400.0 800.0 0 0 24.0 1 30
379.0656175028225 799.4518139018296 0 0 24.0 1 31
358.1886146929386 797.8087581473094 0 0 24.0 1 32
337.4262139839077 795.0753362380551 0 0 24.0 1 33
316.83532367289627 791.2590402935223 0 0 24.0 1 34
296.47238195899166 786.3703305156273 0 0 24.0 1 35
276.3932022500211 780.4226065180615 0 0 24.0 1 36
256.65282018187986 773.4321705988807 0 0 24.0 1 37
237.3053427696799 765.4181830570403 0 0 24.0 1 38
218.4038001041813 756.4026096753471 0 0 24.0 1 39
200.00000000000009 746.4101615137755 0 0 24.0 1 40
182.14438599398918 735.4682271781696 0 0 24.0 1 41
164.8858990830108 723.606797749979 0 0 24.0 1 42
148.27184358006508 710.8583845827884 0 0 24.0 1 43
132.3477574564567 697.2579301909577 0 0 24.0 1 44
117.15728752538104 682.842712474619 0 0 24.0 1 45
102.74206980904233 667.6522425435434 0 0 24.0 1 46
89.14161541721165 651.728156419935 0 0 24.0 1 47
76.39320225002109 635.1141009169893 0 0 24.0 1 48
64.53177282183043 617.8556140060109 0 0 24.0 1 49
53.589838486224494 600.0 0 0 24.0 1 50
43.597390324652906 581.5961998958187 0 0 24.0 1 51
34.58181694295968 562.6946572303202 0 0 24.0 1 52
26.567829401119297 543.3471798181201 0 0 24.0 1 53
19.5773934819386 523.606797749979 0 0 24.0 1 54
13.629669484372698 503.5276180410084 0 0 24.0 1 55
8.740959706477724 483.16467632710373 0 0 24.0 1 56
4.924663761944942 462.5737860160924 0 0 24.0 1 57
2.1912418526906663 441.81138530706147 0 0 24.0 1 58
0.5481860981704472 420.9343824971775 0 0 24.0 1 59
0.0 400.00000000000006 0 0 24.0 1 60
0.5481860981704472 379.0656175028226 0 0 24.0 1 61
2.1912418526906663 358.1886146929386 0 0 24.0 1 62
4.924663761944885 337.4262139839077 0 0 24.0 1 63
8.740959706477781 316.8353236728962 0 0 24.0 1 64
13.629669484372698 296.47238195899166 0 0 24.0 1 65
19.577393481938543 276.3932022500211 0 0 24.0 1 66
26.567829401119297 256.65282018187986 0 0 24.0 1 67
34.58181694295968 237.30534276967992 0 0 24.0 1 68
43.59739032465285 218.40380010418136 0 0 24.0 1 69
218.40380010418124 43.597390324652906 0 0 24.0 1 70
237.30534276967995 34.58181694295962 0 0 24.0 1 71
256.65282018187975 26.567829401119354 0 0 24.0 1 72
276.393202250021 19.5773934819386 0 0 24.0 1 73
296.4723819589917 13.629669484372698 0 0 24.0 1 74
316.8353236728961 8.740959706477781 0 0 24.0 1 75
337.4262139839076 4.924663761944942 0 0 24.0 1 76
358.18861469293864 2.1912418526906663 0 0 24.0 1 77
379.0656175028223 0.5481860981704472 0 0 24.0 1 78
399.99999999999994 0.0 0 0 24.0 1 79
420.9343824971776 0.5481860981704472 0 0 24.0 1 80
441.8113853070612 2.1912418526906663 0 0 24.0 1 81
462.5737860160923 4.924663761944885 0 0 24.0 1 82
483.1646763271038 8.740959706477781 0 0 24.0 1 83
503.5276180410081 13.629669484372641 0 0 24.0 1 84
523.6067977499789 19.577393481938543 0 0 24.0 1 85
543.3471798181201 26.567829401119297 0 0 24.0 1 86
562.6946572303199 34.58181694295956 0 0 24.0 1 87
581.5961998958187 43.59739032465279 0 0 24.0 1 88
600.0 53.58983848622455 0 0 24.0 1 89
617.8556140060107 64.53177282183032 0 0 24.0 1 90
635.1141009169892 76.39320225002098 0 0 24.0 1 91
651.728156419935 89.14161541721171 0 0 24.0 1 92
667.6522425435431 102.74206980904216 0 0 24.0 1 93
682.842712474619 117.15728752538092 0 0 24.0 1 94
697.2579301909577 132.34775745645675 0 0 24.0 1 95
710.8583845827882 148.27184358006485 0 0 24.0 1 96
723.6067977499789 164.88589908301066 0 0 24.0 1 97
735.4682271781696 182.1443859939892 0 0 24.0 1 98
746.4101615137754 199.99999999999983 0 0 24.0 1 99
756.4026096753471 218.40380010418122 0 0 24.0 1 100
765.4181830570403 237.30534276967995 0 0 24.0 1 101
773.4321705988806 256.6528201818797 0 0 24.0 1 102
780.4226065180615 276.3932022500209 0 0 24.0 1 103
786.3703305156273 296.4723819589917 0 0 24.0 1 104
791.2590402935223 316.83532367289604 0 0 24.0 1 105
795.0753362380551 337.4262139839076 0 0 24.0 1 106
797.8087581473094 358.18861469293864 0 0 24.0 1 107
799.4518139018296 379.06561750282225 0 0 24.0 1 108
800.0 399.9999999999999 0 0 24.0 1 109
311.78816291072997 277.44522939788885 0 0 12.0 1 110
470.0022649823041 239.6108392149043 0 0 11.0 1 111
47.60719724639216 287.22007019217983 0 0 13.0 1 112
637.7968373549081 181.40982605797814 0 0 13.0 1 113
766.8338055571121 370.72613622210224 0 0 12.0 1 114
245.6087778984705 70.36482205626749 0 0 11.0 1 115
219.81262803356654 557.0143655333172 0 0 12.0 1 116
283.6605355727844 702.3923428540952 0 0 11.0 1 117
515.9713046658305 701.4625291708824 0 0 10.0 1 118
654.2929101327321 303.4644321701776 0 0 13.0 1 119
567.5789786149616 411.886375661498 0 0 10.0 1 120
158.94674389583324 421.3852220371683 0 0 10.0 1 121
483.13908543805144 222.50664104670173 0 0 10.0 1 122
588.1794327973457 280.34423928590303 0 0 10.0 1 123
423.79227596816304 572.3656798909075 0 0 13.0 1 124
504.3735486586171 148.82244857390762 0 0 13.0 1 125
46.22147999379496 412.5203347486863 0 0 12.0 1 126
525.0 400.0 0 0 11.0 1 127
188.3147784167288 280.6753715143375 0 0 11.0 1 128
407.1026887600878 79.07858935188301 0 0 10.0 1 129
712.7419169706113 223.7232477904495 0 0 12.0 1 130
550.9864064735472 574.8259278831513 0 0 12.0 1 131
712.0553431613689 309.18996308534906 0 0 12.0 1 132
356.63892516237104 237.69221463858997 0 0 12.0 1 133
614.1583117374201 419.00572318481926 0 0 13.0 1 134
565.3953759115684 294.83170807191476 0 0 12.0 1 135
727.6861081613358 446.7206005748785 0 0 13.0 1 136
347.3143088070035 687.2076216668287 0 0 11.0 1 137
105.23030793171489 314.21055637219473 0 0 11.0 1 138
137.2174592670848 654.7574067342376 0 0 10.0 1 139
193.7273692814728 189.10523520850953 0 0 10.0 1 140
470.86242361686067 278.10038179245765 0 0 10.0 1 141
235.11864613760488 437.0828686660518 0 0 10.0 1 142
347.19098702219145 719.6673398211173 0 0 13.0 1 143
248.7082520580175 635.6073152613467 0 0 11.0 1 144
124.66763584232007 589.0716510938187 0 0 13.0 1 145
535.5092570717904 351.2840760340992 0 0 12.0 1 146
475.3643746509312 646.7472614508093 0 0 10.0 1 147
236.41064736468576 411.59843542719454 0 0 11.0 1 148
560.4007067767859 720.0556408899984 0 0 10.0 1 149
669.060181263789 530.4132618190997 0 0 13.0 1 150
172.89463356887984 605.0832819568349 0 0 12.0 1 151
191.03763423624747 646.3000805814236 0 0 11.0 1 152
698.6474113908188 274.35875012734454 0 0 13.0 1 153
566.9534125132552 660.01453430564 0 0 12.0 1 154
250.96627484370808 121.35156780265413 6 -10 10.0 1 155
429.21788398616326 746.7712722463773 3 18 12.0 1 156
320.9812771050032 298.0341163327473 1 10 13.0 1 157
252.3435034908937 373.58865700771196 18 0 12.0 1 158
302.43015196133473 70.12710818602909 -6 -5 11.0 1 159
421.636385070678 275.87157118100083 12 -13 10.0 1 160
407.7650716766621 205.15466733366102 22 4 10.0 1 161
517.5363740674463 266.3242700746416 -16 -10 10.0 1 162
731.6460611300529 447.2851999775961 -13 -15 13.0 1 163
223.9044736304747 468.63938805554596 15 1 10.0 1 164
301.5013134475045 230.5479160723208 8 -9 11.0 1 165
490.73785178441096 222.89087473100017 -4 9 12.0 1 166
563.9094126541748 381.0605057257741 19 3 12.0 1 167
746.6932425230727 359.94009998966766 8 8 10.0 1 168
529.5190530404761 453.14898775610243 18 22 13.0 1 169
555.5085653705733 510.896736184552 5 7 13.0 1 170
493.18520393273747 51.234293876226786 -12 20 10.0 1 171
77.86038292955777 356.9759705082281 1 13 13.0 1 172
98.2957143789763 386.6387112183086 19 14 10.0 1 173
727.7982274728017 347.3471551985138 -15 4 12.0 1 174
268.579493887775 741.5913502611074 1 5 12.0 1 175
631.6988345522036 598.3447757495785 -16 22 10.0 1 176
206.103841880609 696.1760960417639 -13 8 12.0 1 177
216.4382485624802 191.2200119523181 -4 8 13.0 1 178
450.20820682699105 230.2704033846245 20 -16 11.0 1 179
662.9804534800794 587.5374125005775 -17 14 12.0 1 180
340.33515973213605 117.2260499342093 16 6 11.0 1 181
306.4010178698851 83.55216773659765 3 22 13.0 1 182
276.03182386136393 453.4498952745476 13 8 12.0 1 183
560.7730016628386 408.5464575305154 -2 8 12.0 1 184
472.62359871184674 251.84193268626694 -12 -6 11.0 1 185
509.5642221339299 533.8830879095149 1 -16 13.0 1 186
320.67270577478064 504.25056542247376 -9 7 12.0 1 187
710.2464801132672 358.57390221939704 -1 -11 10.0 1 188
629.433751100272 494.1496354536672 9 -1 13.0 1 189
251.03277122775404 365.1035137597302 20 1 10.0 1 190
344.3759089301073 571.1898375857875 17 9 13.0 1 191
209.91268557611295 331.6566543464961 -12 21 10.0 1 192
328.9802593351377 63.41093832999309 -5 6 12.0 1 193
443.20519402527003 249.06189609896785 -11 -7 11.0 1 194
601.7470468535442 441.64287557162464 -14 -1 12.0 1 195
90.21571095920984 540.1202849821973 16 2 12.0 1 196
337.22554705761985 265.97251006683405 12 7 11.0 1 197
131.73051245195222 499.13365750696295 1 -5 12.0 1 198
683.5701309194046 274.74832994984985 -13 16 13.0 1 199
359.4658582454229 546.4956769062481 9 -14 10.0 1 200
225.7084245840264 344.2196563382943 18 -16 13.0 1 201
641.9544290840222 454.4247576625278 18 -11 12.0 1 202
202.81967480720337 433.46519620236785 0 7 10.0 1 203
593.5892073557695 194.94581497719957 -10 19 12.0 1 204
207.45564214504378 260.1047882941573 3 -16 11.0 1 205
351.72122098455077 749.6829413865901 -1 12 12.0 1 206
465.72474533511445 615.1865652187291 2 4 10.0 1 207
675.0963905467925 225.0772287318582 12 -6 10.0 1 208
225.67379724961143 435.9774239576768 -12 -13 13.0 1 209
191.662823651389 383.36807434216473 3 10 12.0 1 210
428.480899632216 541.1553695618401 -15 13 12.0 1 211
293.65905695706374 473.0246796140797 13 17 11.0 1 212
387.98950512897267 542.4947297725535 22 -7 12.0 1 213
284.4663577674351 54.82181773397423 -8 14 12.0 1 214
615.5679234953684 683.3133783637741 19 6 12.0 1 215
396.99945512758853 625.9800803842423 -11 -11 12.0 1 216
305.34702597023704 709.865800803059 18 12 11.0 1 217
461.89859679634185 215.0849824523603 -15 -13 13.0 1 218
349.1468763917399 707.8278087166314 -2 13 13.0 1 219
