400 400 -7.071067811865475 -7.071067811865477 5 2 -1 10 187
57.15728752538104 57.15728752538092
800.0 400.0 0 0 24.0 1 0
799.4518139018296 420.9343824971775 0 0 24.0 1 1
797.8087581473094 441.8113853070614 0 0 24.0 1 2
795.0753362380551 462.57378601609236 0 0 24.0 1 3
791.2590402935223 483.16467632710373 0 0 24.0 1 4
786.3703305156273 503.5276180410083 0 0 24.0 1 5
780.4226065180615 523.6067977499789 0 0 24.0 1 6
773.4321705988807 543.3471798181201 0 0 24.0 1 7
765.4181830570403 562.6946572303201 0 0 24.0 1 8
756.4026096753471 581.5961998958187 0 0 24.0 1 9
746.4101615137755 600.0 0 0 24.0 1 10
735.4682271781696 617.8556140060108 0 0 24.0 1 11
723.606797749979 635.1141009169893 0 0 24.0 1 12
710.8583845827884 651.728156419935 0 0 24.0 1 13
697.2579301909577 667.6522425435433 0 0 24.0 1 14
682.842712474619 682.842712474619 0 0 24.0 1 15
667.6522425435433 697.2579301909577 0 0 24.0 1 16
651.728156419935 710.8583845827884 0 0 24.0 1 17
635.1141009169893 723.606797749979 0 0 24.0 1 18
617.8556140060108 735.4682271781696 0 0 24.0 1 19
600.0 746.4101615137754 0 0 24.0 1 20
581.5961998958187 756.4026096753471 0 0 24.0 1 21
562.6946572303201 765.4181830570403 0 0 24.0 1 22
543.3471798181201 773.4321705988807 0 0 24.0 1 23
523.606797749979 780.4226065180615 0 0 24.0 1 24
503.5276180410083 786.3703305156273 0 0 24.0 1 25
483.1646763271038 791.2590402935223 0 0 24.0 1 26
462.57378601609236 795.0753362380551 0 0 24.0 1 27
441.8113853070614 797.8087581473094 0 0 24.0 1 28
420.9343824971776 799.4518139018296 0 0 24.0 1 29
400.0 800.0 0 0 24.0 1 30
379.0656175028225 799.4518139018296 0 0 24.0 1 31
358.1886146929386 797.8087581473094 0 0 24.0 1 32
337.4262139839077 795.0753362380551 0 0 24.0 1 33
316.83532367289627 791.2590402935223 0 0 24.0 1 34
296.47238195899166 786.3703305156273 0 0 24.0 1 35
276.3932022500211 780.4226065180615 0 0 24.0 1 36
256.65282018187986 773.4321705988807 0 0 24.0 1 37
237.3053427696799 765.4181830570403 0 0 24.0 1 38
218.4038001041813 756.4026096753471 0 0 24.0 1 39
200.00000000000009 746.4101615137755 0 0 24.0 1 40
182.14438599398918 735.4682271781696 0 0 24.0 1 41
164.8858990830108 723.606797749979 0 0 24.0 1 42
148.27184358006508 710.8583845827884 0 0 24.0 1 43
132.3477574564567 697.2579301909577 0 0 24.0 1 44
117.15728752538104 682.842712474619 0 0 24.0 1 45
102.74206980904233 667.6522425435434 0 0 24.0 1 46
89.14161541721165 651.728156419935 0 0 24.0 1 47
76.39320225002109 635.1141009169893 0 0 24.0 1 48
64.53177282183043 617.8556140060109 0 0 24.0 1 49
53.589838486224494 600.0 0 0 24.0 1 50
43.597390324652906 581.5961998958187 0 0 24.0 1 51
34.58181694295968 562.6946572303202 0 0 24.0 1 52
26.567829401119297 543.3471798181201 0 0 24.0 1 53
19.5773934819386 523.606797749979 0 0 24.0 1 54
13.629669484372698 503.5276180410084 0 0 24.0 1 55
8.740959706477724 483.16467632710373 0 0 24.0 1 56
4.924663761944942 462.5737860160924 0 0 24.0 1 57
2.1912418526906663 441.81138530706147 0 0 24.0 1 58
0.5481860981704472 420.9343824971775 0 0 24.0 1 59
0.0 400.00000000000006 0 0 24.0 1 60
0.5481860981704472 379.0656175028226 0 0 24.0 1 61
2.1912418526906663 358.1886146929386 0 0 24.0 1 62
4.924663761944885 337.4262139839077 0 0 24.0 1 63
8.740959706477781 316.8353236728962 0 0 24.0 1 64
13.629669484372698 296.47238195899166 0 0 24.0 1 65
19.577393481938543 276.3932022500211 0 0 24.0 1 66
26.567829401119297 256.65282018187986 0 0 24.0 1 67
34.58181694295968 237.30534276967992 0 0 24.0 1 68
43.59739032465285 218.40380010418136 0 0 24.0 1 69
218.40380010418124 43.597390324652906 0 0 24.0 1 70
237.30534276967995 34.58181694295962 0 0 24.0 1 71
256.65282018187975 26.567829401119354 0 0 24.0 1 72
276.393202250021 19.5773934819386 0 0 24.0 1 73
296.4723819589917 13.629669484372698 0 0 24.0 1 74
316.8353236728961 8.740959706477781 0 0 24.0 1 75
337.4262139839076 4.924663761944942 0 0 24.0 1 76
358.18861469293864 2.1912418526906663 0 0 24.0 1 77
379.0656175028223 0.5481860981704472 0 0 24.0 1 78
399.99999999999994 0.0 0 0 24.0 1 79
420.9343824971776 0.5481860981704472 0 0 24.0 1 80
441.8113853070612 2.1912418526906663 0 0 24.0 1 81
462.5737860160923 4.924663761944885 0 0 24.0 1 82
483.1646763271038 8.740959706477781 0 0 24.0 1 83
503.5276180410081 13.629669484372641 0 0 24.0 1 84
523.6067977499789 19.577393481938543 0 0 24.0 1 85
543.3471798181201 26.567829401119297 0 0 24.0 1 86
562.6946572303199 34.58181694295956 0 0 24.0 1 87
581.5961998958187 43.59739032465279 0 0 24.0 1 88
600.0 53.58983848622455 0 0 24.0 1 89
617.8556140060107 64.53177282183032 0 0 24.0 1 90
635.1141009169892 76.39320225002098 0 0 24.0 1 91
651.728156419935 89.14161541721171 0 0 24.0 1 92
667.6522425435431 102.74206980904216 0 0 24.0 1 93
682.842712474619 117.15728752538092 0 0 24.0 1 94
697.2579301909577 132.34775745645675 0 0 24.0 1 95
710.8583845827882 148.27184358006485 0 0 24.0 1 96
723.6067977499789 164.88589908301066 0 0 24.0 1 97
735.4682271781696 182.1443859939892 0 0 24.0 1 98
746.4101615137754 199.99999999999983 0 0 24.0 1 99
756.4026096753471 218.40380010418122 0 0 24.0 1 100
765.4181830570403 237.30534276967995 0 0 24.0 1 101
773.4321705988806 256.6528201818797 0 0 24.0 1 102
780.4226065180615 276.3932022500209 0 0 24.0 1 103
786.3703305156273 296.4723819589917 0 0 24.0 1 104
791.2590402935223 316.83532367289604 0 0 24.0 1 105
795.0753362380551 337.4262139839076 0 0 24.0 1 106
797.8087581473094 358.18861469293864 0 0 24.0 1 107
799.4518139018296 379.06561750282225 0 0 24.0 1 108
800.0 399.9999999999999 0 0 24.0 1 109
505.28517194785513 635.5398746877279 0 0 10.0 1 110
401.2524725306184 117.00277154615094 0 0 11.0 1 111
170.60943708171487 480.18085584497254 0 0 12.0 1 112
166.21506396796454 611.1151431908595 0 0 10.0 1 113
459.51291725536487 269.9722618832578 0 0 13.0 1 114
163.91008494451384 556.0466340844728 0 0 11.0 1 115
222.0323555759748 426.9725330320261 0 0 11.0 1 116
464.67497828561557 181.36526537680444 0 0 12.0 1 117
507.5367229319852 198.9531069102299 0 0 11.0 1 118
247.94975126133073 375.57210900407483 0 0 11.0 1 119
251.48576731279766 467.1753130944063 0 0 10.0 1 120
222.115887538516 433.44013357913093 0 0 11.0 1 121
530.0307837880567 553.2742485464001 0 0 12.0 1 122
217.866741750901 382.21022092416496 0 0 11.0 1 123
689.7622496775664 512.9550293780482 0 0 11.0 1 124
721.8344855455022 284.2996805809856 0 0 13.0 1 125
158.18305372531182 572.4342323739245 0 0 12.0 1 126
607.7286986123063 653.8361435509876 0 0 13.0 1 127
482.2551221184989 744.3110438038125 0 0 13.0 1 128
160.76783237489389 232.5724933787965 0 0 12.0 1 129
313.4736361135002 666.2953029112249 0 0 13.0 1 130
152.2428382979673 389.0278158349024 0 0 11.0 1 131
317.03212840851324 501.3771783173045 0 0 10.0 1 132
482.87688277441504 627.3662734479234 0 0 11.0 1 133
318.1384323985012 232.9829836518888 0 0 10.0 1 134
376.1850398555111 758.2092233225108 0 0 13.0 1 135
300.6392071957583 251.1093258349854 0 0 12.0 1 136
233.4734434126455 468.3293930249539 0 0 11.0 1 137
298.3519228242849 258.7779464584944 0 0 13.0 1 138
207.0927125799289 420.5615772797244 0 0 13.0 1 139
456.1848801689872 232.15406099521934 0 0 13.0 1 140
407.41782577003704 271.21344844726457 0 0 11.0 1 141
605.7231883531254 334.1671072044945 0 0 13.0 1 142
269.69955483464946 237.87105751991263 0 0 13.0 1 143
188.7011923800052 439.72170563266934 0 0 10.0 1 144
179.00000010040935 399.99333809790755 0 0 11.0 1 145
501.01505489845044 570.2937423508657 0 0 12.0 1 146
258.1212389724445 517.1597933136013 0 0 10.0 1 147
710.9190569696389 487.51194211712146 0 0 13.0 1 148
475.3855570392135 270.3195550983592 0 0 11.0 1 149
313.2640015247 565.6679406780104 0 0 10.0 1 150
575.2652926503054 667.7350877120944 0 0 11.0 1 151
264.96193425783275 577.4647029710814 0 0 11.0 1 152
620.4149791330149 613.6966002859956 0 0 13.0 1 153
301.6603638377114 553.1447549198754 0 0 12.0 1 154
331.42013132773604 561.0024894617939 -17 -12 10.0 1 155
290.3010881182913 330.2422138254867 2 -17 12.0 1 156
125.55458078381639 429.2525532433193 -1 8 12.0 1 157
423.6969931726473 264.0498160553818 -13 -3 11.0 1 158
605.055502536576 453.8167341955296 -16 11 10.0 1 159
355.92303282329 207.99421632538454 22 0 12.0 1 160
265.5588923241422 570.3366917809795 12 8 10.0 1 161
158.94674389583324 421.3852220371683 3 -10 12.0 1 162
538.0603554970337 581.4478940082598 16 -11 11.0 1 163
441.0859411385745 81.64022640924372 -7 -8 10.0 1 164
339.22257361485634 51.25639153957468 10 2 13.0 1 165
504.25001777124737 702.5424495747574 18 -15 12.0 1 166
145.21249119251726 375.1137516753346 11 -15 10.0 1 167
518.8358608376942 726.0169292827661 -15 15 12.0 1 168
287.59979709641397 160.01834572777716 -17 22 13.0 1 169
197.52700574540816 498.130966557861 -4 1 12.0 1 170
366.9075314772739 228.15737278814555 18 8 12.0 1 171
630.0858821362206 657.0709762723075 -1 21 11.0 1 172
441.81718292826446 243.4901817394702 4 4 11.0 1 173
532.9303976095223 728.0937509178959 -10 18 10.0 1 174
432.99499248821144 538.1134695484219 14 18 12.0 1 175
177.46575945356122 469.04717071987614 15 -4 13.0 1 176
507.6910077076346 574.4352225294942 6 -17 11.0 1 177
504.4951612794337 329.5957297517748 6 9 13.0 1 178
353.4841422141247 242.73501669333945 -6 -14 13.0 1 179
494.5207423377626 659.3102953373011 5 1 11.0 1 180
284.30323090677064 107.01662569117002 17 19 13.0 1 181
565.858495955527 544.5370517181336 -15 13 11.0 1 182
136.4926228540266 428.0866906140566 -1 20 11.0 1 183
199.61601355913504 466.08523267771136 -7 -10 12.0 1 184
410.99868621318217 530.5374616789524 11 -4 12.0 1 185
122.17393061659601 409.83235327721695 -14 0 10.0 1 186
92.94910174486387 538.883929526472 17 -13 11.0 1 187
641.5360765410809 385.0225593260696 -3 22 10.0 1 188
190.24236396542082 520.6885832429274 2 16 11.0 1 189
608.1926221291334 224.95762772689613 -12 17 13.0 1 190
260.92583131802746 383.9259337621668 -12 -7 13.0 1 191
681.6944186136068 562.0902665860664 -9 20 13.0 1 192
272.46112758037924 317.3087911448158 17 17 12.0 1 193
91.0121046440571 397.2649454292652 5 21 12.0 1 194
440.731658849818 677.0215370099264 -9 2 10.0 1 195
477.80353204501216 521.1718218123372 16 5 10.0 1 196
639.5399106192538 385.146339827507 13 2 11.0 1 197
401.132978684941 144.0025071230199 4 17 12.0 1 198
265.8297923908333 314.6808615250184 15 19 12.0 1 199
264.371027965739 419.3334411042018 -11 -2 13.0 1 200
453.3344965891663 123.08948832956844 16 -9 12.0 1 201
316.99387459649563 244.80340485211116 -5 10 13.0 1 202
313.7754831286214 108.4844211876536 17 -11 13.0 1 203
126.0736256474051 506.77238141973817 -16 17 13.0 1 204
544.953593288194 476.71020657540186 0 -12 11.0 1 205
570.978003810578 521.928348684586 -13 9 10.0 1 206
600.1246375002906 469.9580550428418 -1 13 13.0 1 207
525.6007072033879 370.5812585243889 -17 -4 11.0 1 208
236.0915367831413 665.4769588606282 8 -8 12.0 1 209
408.8512970980924 581.784637798911 19 -11 11.0 1 210
555.9000560022419 120.54486489152174 -13 -17 11.0 1 211
54.11318013614641 484.25145603768584 11 6 12.0 1 212
585.1688586362263 132.90920309498267 11 5 13.0 1 213
487.3808755114214 213.4508574266355 5 -13 11.0 1 214
411.4047796364943 571.6214759330633 -9 -16 12.0 1 215
551.3844161156057 606.4431121576526 6 -13 13.0 1 216
325.2027460971783 228.6104705397765 17 6 11.0 1 217
466.9002423054508 82.98208634294502 5 -7 12.0 1 218
396.99945512758853 625.9800803842423 -13 -1 10.0 1 219
