400 400 -7.071067811865475 7.0710678118654755 5 2 -1 10 187
57.15728752538104 742.842712474619
800.0 400.0 0 0 24.0 1 0
799.4518139018296 420.9343824971775 0 0 24.0 1 1
797.8087581473094 441.8113853070614 0 0 24.0 1 2
795.0753362380551 462.57378601609236 0 0 24.0 1 3
791.2590402935223 483.16467632710373 0 0 24.0 1 4
786.3703305156273 503.5276180410083 0 0 24.0 1 5
780.4226065180615 523.6067977499789 0 0 24.0 1 6
773.4321705988807 543.3471798181201 0 0 24.0 1 7
765.4181830570403 562.6946572303201 0 0 24.0 1 8
756.4026096753471 581.5961998958187 0 0 24.0 1 9
746.4101615137755 600.0 0 0 24.0 1 10
735.4682271781696 617.8556140060108 0 0 24.0 1 11
723.606797749979 635.1141009169893 0 0 24.0 1 12
710.8583845827884 651.728156419935 0 0 24.0 1 13
697.2579301909577 667.6522425435433 0 0 24.0 1 14
682.842712474619 682.842712474619 0 0 24.0 1 15
667.6522425435433 697.2579301909577 0 0 24.0 1 16
651.728156419935 710.8583845827884 0 0 24.0 1 17
635.1141009169893 723.606797749979 0 0 24.0 1 18
617.8556140060108 735.4682271781696 0 0 24.0 1 19
600.0 746.4101615137754 0 0 24.0 1 20
581.5961998958187 756.4026096753471 0 0 24.0 1 21
562.6946572303201 765.4181830570403 0 0 24.0 1 22
543.3471798181201 773.4321705988807 0 0 24.0 1 23
523.606797749979 780.4226065180615 0 0 24.0 1 24
503.5276180410083 786.3703305156273 0 0 24.0 1 25
483.1646763271038 791.2590402935223 0 0 24.0 1 26
462.57378601609236 795.0753362380551 0 0 24.0 1 27
441.8113853070614 797.8087581473094 0 0 24.0 1 28
420.9343824971776 799.4518139018296 0 0 24.0 1 29
400.0 800.0 0 0 24.0 1 30
379.0656175028225 799.4518139018296 0 0 24.0 1 31
358.1886146929386 797.8087581473094 0 0 24.0 1 32
337.4262139839077 795.0753362380551 0 0 24.0 1 33
316.83532367289627 791.2590402935223 0 0 24.0 1 34
296.47238195899166 786.3703305156273 0 0 24.0 1 35
276.3932022500211 780.4226065180615 0 0 24.0 1 36
256.65282018187986 773.4321705988807 0 0 24.0 1 37
237.3053427696799 765.4181830570403 0 0 24.0 1 38
218.4038001041813 756.4026096753471 0 0 24.0 1 39
43.597390324652906 581.5961998958187 0 0 24.0 1 40
34.58181694295968 562.6946572303202 0 0 24.0 1 41
26.567829401119297 543.3471798181201 0 0 24.0 1 42
19.5773934819386 523.606797749979 0 0 24.0 1 43
13.629669484372698 503.5276180410084 0 0 24.0 1 44
8.740959706477724 483.16467632710373 0 0 24.0 1 45
4.924663761944942 462.5737860160924 0 0 24.0 1 46
2.1912418526906663 441.81138530706147 0 0 24.0 1 47
0.5481860981704472 420.9343824971775 0 0 24.0 1 48
0.0 400.00000000000006 0 0 24.0 1 49
0.5481860981704472 379.0656175028226 0 0 24.0 1 50
2.1912418526906663 358.1886146929386 0 0 24.0 1 51
4.924663761944885 337.4262139839077 0 0 24.0 1 52
8.740959706477781 316.8353236728962 0 0 24.0 1 53
13.629669484372698 296.47238195899166 0 0 24.0 1 54
19.577393481938543 276.3932022500211 0 0 24.0 1 55
26.567829401119297 256.65282018187986 0 0 24.0 1 56
34.58181694295968 237.30534276967992 0 0 24.0 1 57
43.59739032465285 218.40380010418136 0 0 24.0 1 58
53.58983848622455 199.99999999999994 0 0 24.0 1 59
64.53177282183037 182.14438599398918 0 0 24.0 1 60
76.39320225002103 164.8858990830108 0 0 24.0 1 61
89.14161541721171 148.27184358006497 0 0 24.0 1 62
102.74206980904228 132.3477574564567 0 0 24.0 1 63
117.15728752538092 117.15728752538104 0 0 24.0 1 64
132.34775745645675 102.74206980904228 0 0 24.0 1 65
148.27184358006485 89.14161541721177 0 0 24.0 1 66
164.8858990830107 76.39320225002109 0 0 24.0 1 67
182.1443859939892 64.53177282183032 0 0 24.0 1 68
199.99999999999983 53.58983848622461 0 0 24.0 1 69
218.40380010418124 43.597390324652906 0 0 24.0 1 70
237.30534276967995 34.58181694295962 0 0 24.0 1 71
256.65282018187975 26.567829401119354 0 0 24.0 1 72
276.393202250021 19.5773934819386 0 0 24.0 1 73
296.4723819589917 13.629669484372698 0 0 24.0 1 74
316.8353236728961 8.740959706477781 0 0 24.0 1 75
337.4262139839076 4.924663761944942 0 0 24.0 1 76
358.18861469293864 2.1912418526906663 0 0 24.0 1 77
379.0656175028223 0.5481860981704472 0 0 24.0 1 78
399.99999999999994 0.0 0 0 24.0 1 79
420.9343824971776 0.5481860981704472 0 0 24.0 1 80
441.8113853070612 2.1912418526906663 0 0 24.0 1 81
462.5737860160923 4.924663761944885 0 0 24.0 1 82
483.1646763271038 8.740959706477781 0 0 24.0 1 83
503.5276180410081 13.629669484372641 0 0 24.0 1 84
523.6067977499789 19.577393481938543 0 0 24.0 1 85
543.3471798181201 26.567829401119297 0 0 24.0 1 86
562.6946572303199 34.58181694295956 0 0 24.0 1 87
581.5961998958187 43.59739032465279 0 0 24.0 1 88
600.0 53.58983848622455 0 0 24.0 1 89
617.8556140060107 64.53177282183032 0 0 24.0 1 90
635.1141009169892 76.39320225002098 0 0 24.0 1 91
651.728156419935 89.14161541721171 0 0 24.0 1 92
667.6522425435431 102.74206980904216 0 0 24.0 1 93
682.842712474619 117.15728752538092 0 0 24.0 1 94
697.2579301909577 132.34775745645675 0 0 24.0 1 95
710.8583845827882 148.27184358006485 0 0 24.0 1 96
723.6067977499789 164.88589908301066 0 0 24.0 1 97
735.4682271781696 182.1443859939892 0 0 24.0 1 98
746.4101615137754 199.99999999999983 0 0 24.0 1 99
756.4026096753471 218.40380010418122 0 0 24.0 1 100
765.4181830570403 237.30534276967995 0 0 24.0 1 101
773.4321705988806 256.6528201818797 0 0 24.0 1 102
780.4226065180615 276.3932022500209 0 0 24.0 1 103
786.3703305156273 296.4723819589917 0 0 24.0 1 104
791.2590402935223 316.83532367289604 0 0 24.0 1 105
795.0753362380551 337.4262139839076 0 0 24.0 1 106
797.8087581473094 358.18861469293864 0 0 24.0 1 107
799.4518139018296 379.06561750282225 0 0 24.0 1 108
800.0 399.9999999999999 0 0 24.0 1 109
221.50315317896593 295.17693157063036 0 0 11.0 1 110
690.7540259238224 289.6229353122251 0 0 10.0 1 111
541.6372075700357 452.34406778005155 0 0 13.0 1 112
749.1747000740752 491.64075964427445 0 0 11.0 1 113
453.1385544598852 538.1314375148315 0 0 12.0 1 114
256.022486779863 402.5447371073014 0 0 10.0 1 115
551.9035999874698 68.11101809363004 0 0 12.0 1 116
385.5169474263883 148.41653236321352 0 0 13.0 1 117
178.423474515049 156.80287141083085 0 0 12.0 1 118
142.51029024912265 448.4050552360901 0 0 12.0 1 119
336.4372689100811 177.91717937582237 0 0 12.0 1 120
567.5789786149616 411.886375661498 0 0 13.0 1 121
164.4157678404474 329.1757841003939 0 0 11.0 1 122
520.8737787774427 109.11423272345917 0 0 13.0 1 123
219.53055781206373 681.0458689188922 0 0 13.0 1 124
524.4200170680479 285.6292897950412 0 0 11.0 1 125
439.7171783110813 193.79004450074245 0 0 13.0 1 126
531.9715417550426 555.5619238978389 0 0 12.0 1 127
531.5582682665342 236.3160910452387 0 0 13.0 1 128
572.3533578731575 491.210306598801 0 0 13.0 1 129
332.37496942249993 683.0333111833168 0 0 12.0 1 130
422.2491804024252 104.83737707592388 0 0 11.0 1 131
119.20572222895709 487.12389781821275 0 0 13.0 1 132
173.89671634991774 676.2721577044101 0 0 10.0 1 133
476.74525636663026 215.31062395140265 0 0 10.0 1 134
253.8610853553485 250.58642087653726 0 0 10.0 1 135
358.1558734918387 75.68831492410112 0 0 10.0 1 136
613.5018044362953 203.7425682873488 0 0 13.0 1 137
471.99338518143486 756.8094063924291 0 0 11.0 1 138
409.99520329053865 722.845312667198 0 0 10.0 1 139
476.72292743327586 519.4888798427213 0 0 10.0 1 140
112.88461626173483 620.4739359217518 0 0 11.0 1 141
389.3445890844615 743.8349345517715 0 0 13.0 1 142
474.0591723937982 221.77475211310357 0 0 11.0 1 143
189.04024900079634 611.8890829145145 0 0 11.0 1 144
363.69283453506625 211.4640890018511 0 0 12.0 1 145
109.14235213877402 425.8036563423684 0 0 11.0 1 146
256.70106887425885 502.18324881417743 0 0 11.0 1 147
124.46140887139717 306.4078806797035 0 0 11.0 1 148
540.1417930897048 177.44825808454706 0 0 11.0 1 149
626.2806354931099 381.9424807674381 0 0 11.0 1 150
235.46740414570067 433.9562203645489 0 0 11.0 1 151
570.9748968683527 143.81337927039175 0 0 10.0 1 152
278.254990011007 613.7619062012219 0 0 13.0 1 153
511.406402875056 649.2340534486424 0 0 13.0 1 154
546.0347121989639 536.6523429472242 13 18 12.0 1 155
449.05043825548313 643.1009142453912 11 -10 13.0 1 156
696.6376920669633 225.81021945824298 -8 -13 11.0 1 157
262.1324930260415 208.45744462186602 12 5 11.0 1 158
502.37886464908917 176.315919043926 -17 -12 11.0 1 159
289.4023033397286 647.4048291635444 -13 2 13.0 1 160
260.39774867264987 178.2902541061053 -3 11 13.0 1 161
597.9573126325639 633.3428858467585 -5 -2 11.0 1 162
560.860758899079 561.5791330785395 -17 -7 11.0 1 163
363.19051009953665 520.5033669789674 5 -5 12.0 1 164
289.41437359464146 201.75817991015498 14 17 11.0 1 165
209.073661958951 261.28037830849206 5 16 10.0 1 166
568.9934246759851 398.5092229267533 -4 6 11.0 1 167
271.28982856368464 608.4674837206855 21 -11 12.0 1 168
117.94291955954077 493.02044599658893 15 -14 12.0 1 169
92.74820370732499 310.57777862899775 10 -4 12.0 1 170
348.4929880317508 750.2328193046772 19 4 11.0 1 171
385.980820032441 273.77614095173135 2 -10 12.0 1 172
86.02610974742316 349.55799132010253 19 4 12.0 1 173
270.9852205806616 351.0185066440452 13 8 12.0 1 174
272.12007511998456 196.90710299795904 17 22 13.0 1 175
705.2569157551764 234.99328685281577 -12 6 12.0 1 176
149.52149677246356 550.0817091483602 -13 -1 10.0 1 177
225.84493509873846 282.65429974116057 -6 16 11.0 1 178
418.5660390520237 153.6987572221392 -11 12 13.0 1 179
263.91756670483915 478.2979651617339 -14 4 12.0 1 180
508.8035204296384 150.70941866545127 16 -11 12.0 1 181
684.2946747854246 563.5864844314763 -1 19 11.0 1 182
386.4939787507986 165.38843295775862 19 3 11.0 1 183
563.2176035592964 512.0893121058397 -10 -1 11.0 1 184
618.7977889170865 698.3748105403572 -15 -1 11.0 1 185
404.2040836897716 210.04651706186223 -10 8 13.0 1 186
480.31104925179943 575.4968243817393 -7 -15 12.0 1 187
401.5888255777102 41.00351584829747 22 12 10.0 1 188
595.4317114694951 596.3044730822608 -3 10 11.0 1 189
246.0963500537978 405.4466992974511 2 -16 13.0 1 190
368.64775293166406 661.1245614716586 -10 -12 13.0 1 191
377.862281694459 228.42225835434098 14 18 10.0 1 192
455.3372374625334 137.77530598737428 -10 -14 11.0 1 193
87.60061732180941 380.61893443885407 -3 12 11.0 1 194
346.57296136077866 200.01362160826267 18 -15 11.0 1 195
295.8215733768882 121.87079364738969 6 15 13.0 1 196
688.5925309351575 415.3411566852108 -12 -3 10.0 1 197
132.91111979913683 583.4108232167583 1 -15 12.0 1 198
589.6976362735168 98.75125428934888 10 8 13.0 1 199
153.1720723944403 147.64117975797922 -13 -10 13.0 1 200
641.3808438657522 511.7644317958865 6 -10 10.0 1 201
211.25648536018014 378.18519582008344 8 12 13.0 1 202
122.47935148314548 553.2034257018573 -3 12 12.0 1 203
373.9277764582714 53.980868795394315 -1 -1 12.0 1 204
235.8748796626087 430.8536039100269 11 0 12.0 1 205
432.6834923602247 105.80994352776105 22 -6 13.0 1 206
571.7039712744166 318.6504686639542 -3 4 12.0 1 207
256.9491002431384 698.4919430717558 -5 -6 10.0 1 208
550.9324890377477 333.33378852169426 12 7 12.0 1 209
286.8742702199535 113.52736734247736 -14 -13 12.0 1 210
545.2463666239626 459.6027934122006 -12 -12 10.0 1 211
379.48851838966846 268.5911756305954 -17 1 11.0 1 212
75.30526767150906 564.527598894926 0 -5 12.0 1 213
330.48137898376996 527.248423691619 -4 17 10.0 1 214
191.98988538764104 379.68271132869114 -15 13 13.0 1 215
605.7095549226382 410.935218952088 -3 -4 12.0 1 216
63.56505334404977 258.44956139733125 -5 -5 11.0 1 217
276.94812135376634 688.8844668057329 -17 17 12.0 1 218
351.15025304952536 276.2959086251607 -5 22 10.0 1 219
