400 400 7.0710678118654755 7.0710678118654755 5 2 -1 10 187
742.842712474619 742.842712474619
800.0 400.0 0 0 24.0 1 0
799.4518139018296 420.9343824971775 0 0 24.0 1 1
797.8087581473094 441.8113853070614 0 0 24.0 1 2
795.0753362380551 462.57378601609236 0 0 24.0 1 3
791.2590402935223 483.16467632710373 0 0 24.0 1 4
786.3703305156273 503.5276180410083 0 0 24.0 1 5
780.4226065180615 523.6067977499789 0 0 24.0 1 6
773.4321705988807 543.3471798181201 0 0 24.0 1 7
765.4181830570403 562.6946572303201 0 0 24.0 1 8
756.4026096753471 581.5961998958187 0 0 24.0 1 9
581.5961998958187 756.4026096753471 0 0 24.0 1 10
562.6946572303201 765.4181830570403 0 0 24.0 1 11
543.3471798181201 773.4321705988807 0 0 24.0 1 12
523.606797749979 780.4226065180615 0 0 24.0 1 13
503.5276180410083 786.3703305156273 0 0 24.0 1 14
483.1646763271038 791.2590402935223 0 0 24.0 1 15
462.57378601609236 795.0753362380551 0 0 24.0 1 16
441.8113853070614 797.8087581473094 0 0 24.0 1 17
420.9343824971776 799.4518139018296 0 0 24.0 1 18
400.0 800.0 0 0 24.0 1 19
379.0656175028225 799.4518139018296 0 0 24.0 1 20
358.1886146929386 797.8087581473094 0 0 24.0 1 21
337.4262139839077 795.0753362380551 0 0 24.0 1 22
316.83532367289627 791.2590402935223 0 0 24.0 1 23
296.47238195899166 786.3703305156273 0 0 24.0 1 24
276.3932022500211 780.4226065180615 0 0 24.0 1 25
256.65282018187986 773.4321705988807 0 0 24.0 1 26
237.3053427696799 765.4181830570403 0 0 24.0 1 27
218.4038001041813 756.4026096753471 0 0 24.0 1 28
200.00000000000009 746.4101615137755 0 0 24.0 1 29
182.14438599398918 735.4682271781696 0 0 24.0 1 30
164.8858990830108 723.606797749979 0 0 24.0 1 31
148.27184358006508 710.8583845827884 0 0 24.0 1 32
132.3477574564567 697.2579301909577 0 0 24.0 1 33
117.15728752538104 682.842712474619 0 0 24.0 1 34
102.74206980904233 667.6522425435434 0 0 24.0 1 35
89.14161541721165 651.728156419935 0 0 24.0 1 36
76.39320225002109 635.1141009169893 0 0 24.0 1 37
64.53177282183043 617.8556140060109 0 0 24.0 1 38
53.589838486224494 600.0 0 0 24.0 1 39
43.597390324652906 581.5961998958187 0 0 24.0 1 40
34.58181694295968 562.6946572303202 0 0 24.0 1 41
26.567829401119297 543.3471798181201 0 0 24.0 1 42
19.5773934819386 523.606797749979 0 0 24.0 1 43
13.629669484372698 503.5276180410084 0 0 24.0 1 44
8.740959706477724 483.16467632710373 0 0 24.0 1 45
4.924663761944942 462.5737860160924 0 0 24.0 1 46
2.1912418526906663 441.81138530706147 0 0 24.0 1 47
0.5481860981704472 420.9343824971775 0 0 24.0 1 48
0.0 400.00000000000006 0 0 24.0 1 49
0.5481860981704472 379.0656175028226 0 0 24.0 1 50
2.1912418526906663 358.1886146929386 0 0 24.0 1 51
4.924663761944885 337.4262139839077 0 0 24.0 1 52
8.740959706477781 316.8353236728962 0 0 24.0 1 53
13.629669484372698 296.47238195899166 0 0 24.0 1 54
19.577393481938543 276.3932022500211 0 0 24.0 1 55
26.567829401119297 256.65282018187986 0 0 24.0 1 56
34.58181694295968 237.30534276967992 0 0 24.0 1 57
43.59739032465285 218.40380010418136 0 0 24.0 1 58
53.58983848622455 199.99999999999994 0 0 24.0 1 59
64.53177282183037 182.14438599398918 0 0 24.0 1 60
76.39320225002103 164.8858990830108 0 0 24.0 1 61
89.14161541721171 148.27184358006497 0 0 24.0 1 62
102.74206980904228 132.3477574564567 0 0 24.0 1 63
117.15728752538092 117.15728752538104 0 0 24.0 1 64
132.34775745645675 102.74206980904228 0 0 24.0 1 65
148.27184358006485 89.14161541721177 0 0 24.0 1 66
164.8858990830107 76.39320225002109 0 0 24.0 1 67
182.1443859939892 64.53177282183032 0 0 24.0 1 68
199.99999999999983 53.58983848622461 0 0 24.0 1 69
218.40380010418124 43.597390324652906 0 0 24.0 1 70
237.30534276967995 34.58181694295962 0 0 24.0 1 71
256.65282018187975 26.567829401119354 0 0 24.0 1 72
276.393202250021 19.5773934819386 0 0 24.0 1 73
296.4723819589917 13.629669484372698 0 0 24.0 1 74
316.8353236728961 8.740959706477781 0 0 24.0 1 75
337.4262139839076 4.924663761944942 0 0 24.0 1 76
358.18861469293864 2.1912418526906663 0 0 24.0 1 77
379.0656175028223 0.5481860981704472 0 0 24.0 1 78
399.99999999999994 0.0 0 0 24.0 1 79
420.9343824971776 0.5481860981704472 0 0 24.0 1 80
441.8113853070612 2.1912418526906663 0 0 24.0 1 81
462.5737860160923 4.924663761944885 0 0 24.0 1 82
483.1646763271038 8.740959706477781 0 0 24.0 1 83
503.5276180410081 13.629669484372641 0 0 24.0 1 84
523.6067977499789 19.577393481938543 0 0 24.0 1 85
543.3471798181201 26.567829401119297 0 0 24.0 1 86
562.6946572303199 34.58181694295956 0 0 24.0 1 87
581.5961998958187 43.59739032465279 0 0 24.0 1 88
600.0 53.58983848622455 0 0 24.0 1 89
617.8556140060107 64.53177282183032 0 0 24.0 1 90
635.1141009169892 76.39320225002098 0 0 24.0 1 91
651.728156419935 89.14161541721171 0 0 24.0 1 92
667.6522425435431 102.74206980904216 0 0 24.0 1 93
682.842712474619 117.15728752538092 0 0 24.0 1 94
697.2579301909577 132.34775745645675 0 0 24.0 1 95
710.8583845827882 148.27184358006485 0 0 24.0 1 96
723.6067977499789 164.88589908301066 0 0 24.0 1 97
735.4682271781696 182.1443859939892 0 0 24.0 1 98
746.4101615137754 199.99999999999983 0 0 24.0 1 99
756.4026096753471 218.40380010418122 0 0 24.0 1 100
765.4181830570403 237.30534276967995 0 0 24.0 1 101
773.4321705988806 256.6528201818797 0 0 24.0 1 102
780.4226065180615 276.3932022500209 0 0 24.0 1 103
786.3703305156273 296.4723819589917 0 0 24.0 1 104
791.2590402935223 316.83532367289604 0 0 24.0 1 105
795.0753362380551 337.4262139839076 0 0 24.0 1 106
797.8087581473094 358.18861469293864 0 0 24.0 1 107
799.4518139018296 379.06561750282225 0 0 24.0 1 108
800.0 399.9999999999999 0 0 24.0 1 109
468.87307256064133 667.2685912636512 0 0 13.0 1 110
142.1257751109752 334.7551983842032 0 0 12.0 1 111
463.2501527786193 538.2151155752558 0 0 10.0 1 112
701.554908546934 445.71254894720045 0 0 12.0 1 113
620.4868205598809 569.3208845931148 0 0 11.0 1 114
277.5491786231059 633.8841515454263 0 0 13.0 1 115
203.08130006576712 491.17031104592957 0 0 11.0 1 116
266.3504513833826 582.2465312552599 0 0 13.0 1 117
597.0534557036297 293.4826981412989 0 0 11.0 1 118
646.8360146632542 360.3517734928568 0 0 10.0 1 119
508.21620370764003 547.574568456447 0 0 13.0 1 120
284.9173509157068 202.0177182681707 0 0 13.0 1 121
594.9231377554069 347.0002795518064 0 0 10.0 1 122
565.7659520250386 408.8118754662457 0 0 12.0 1 123
684.3694233290252 474.6326408183288 0 0 11.0 1 124
529.5190530404761 453.14898775610243 0 0 12.0 1 125
156.55465678070115 573.5954056559037 0 0 13.0 1 126
625.5476235245643 283.19131229903576 0 0 11.0 1 127
680.9815339832705 542.3881229611804 0 0 10.0 1 128
445.4661300123765 675.270468851451 0 0 12.0 1 129
764.8320041108809 455.3046903656294 0 0 10.0 1 130
52.00000015811065 399.9895097650309 0 0 12.0 1 131
233.03507418338285 461.69857005678114 0 0 10.0 1 132
386.2066165965603 160.39669748877478 0 0 12.0 1 133
504.72021463446436 512.9144660657425 0 0 12.0 1 134
229.1130615786882 237.23128593924818 0 0 12.0 1 135
561.4171019820554 637.3046969356374 0 0 13.0 1 136
260.43447964137204 515.249579292184 0 0 11.0 1 137
218.6433529500312 524.5382132953297 0 0 10.0 1 138
463.5507737731587 123.20169951238358 0 0 11.0 1 139
123.16144200707191 441.95727360537387 0 0 11.0 1 140
58.203119326485364 470.54000540016415 0 0 10.0 1 141
347.18377574086037 661.7239890705632 0 0 11.0 1 142
242.5494564247998 508.12181245185445 0 0 12.0 1 143
354.9942428090925 166.29402699187793 0 0 11.0 1 144
511.15084093903556 674.3382776036644 0 0 12.0 1 145
526.1927471746229 493.4044461496437 0 0 13.0 1 146
487.658608808969 567.4424327990852 0 0 13.0 1 147
613.7876511441739 124.14525521887964 0 0 11.0 1 148
108.47200013844622 560.9360907215095 0 0 11.0 1 149
360.2108101092817 145.0866414488241 0 0 13.0 1 150
99.03749818881062 303.6798437316995 0 0 10.0 1 151
315.1696581859728 218.88177036058653 0 0 10.0 1 152
550.1416659970873 191.41792950586796 0 0 10.0 1 153
511.3566687910902 557.6346799272021 0 0 11.0 1 154
376.9332379021991 625.8249864083323 -2 2 13.0 1 155
532.6266700893524 696.707206486479 2 9 10.0 1 156
292.75093150722864 128.40906254546553 14 -1 10.0 1 157
352.0807104460626 690.0685120599027 -1 -16 12.0 1 158
224.95236761029028 297.20249811032835 6 -4 11.0 1 159
205.39612080136328 166.4505829576053 -5 15 12.0 1 160
61.062862214642905 301.35611205011315 -12 -15 12.0 1 161
175.8575166647211 503.7745015131088 1 12 12.0 1 162
150.30038649851662 204.70764731508345 10 -5 10.0 1 163
575.0 400.0 -17 -7 11.0 1 164
96.31938811824006 457.0884048395109 20 4 12.0 1 165
566.0196850401774 592.2328384516036 2 0 11.0 1 166
636.406059117535 416.7682799510418 1 -15 11.0 1 167
270.9524437304701 239.42998965914424 4 -5 10.0 1 168
560.6520673531704 362.3713771823579 -7 2 10.0 1 169
108.87151798169106 312.4773917338201 -7 -8 11.0 1 170
369.10552386897893 68.43623336590326 10 -4 11.0 1 171
377.70771786395886 585.6665132897344 2 17 11.0 1 172
695.768974474765 450.2067100908421 14 -7 12.0 1 173
283.6858995364728 737.5204142468431 14 -5 13.0 1 174
429.39850191468423 612.9805814743971 17 -7 11.0 1 175
574.3236109764372 201.7393668522775 15 0 13.0 1 176
455.79317905604273 110.32411013199533 6 -6 11.0 1 177
369.34384176276245 763.7103242446294 -13 22 13.0 1 178
575.9543603901453 164.46642901765603 2 4 11.0 1 179
625.2403073367577 548.8852039352564 -3 6 13.0 1 180
292.18073696912256 140.5081763918592 -4 9 12.0 1 181
256.01181408302796 611.6681419494664 6 15 12.0 1 182
498.44106301303805 722.301655460941 8 15 13.0 1 183
496.9503473263942 226.21383785441506 5 17 12.0 1 184
463.8842401472623 716.6193358921829 9 -16 12.0 1 185
151.64604564642244 649.4480173441775 -17 16 13.0 1 186
689.0765667163446 441.21575639838227 -16 -11 13.0 1 187
43.85869527827214 329.76915869003597 -14 13 12.0 1 188
503.50498670885065 197.97099780872884 10 -8 12.0 1 189
654.9900786531138 397.7506026409591 -16 -16 10.0 1 190
533.489558172261 303.0178477297263 8 14 13.0 1 191
403.86811272853663 524.9401364811138 10 17 13.0 1 192
521.9416264045965 364.51423172873643 -4 11 10.0 1 193
385.20810932556765 266.8189203742677 9 1 11.0 1 194
341.39020899500986 195.2223342296544 15 -3 11.0 1 195
312.4997541257633 615.9460742221264 -13 -10 13.0 1 196
574.5302889948446 286.84886998630526 15 10 13.0 1 197
487.60680600143235 627.7302077947223 -7 11 12.0 1 198
644.8187865700895 645.9121016590053 17 -14 10.0 1 199
205.8022211477949 158.36551841910054 -5 20 11.0 1 200
521.4846481816166 578.5986569271696 9 10 10.0 1 201
679.3156603404549 222.39436414185604 -16 -5 10.0 1 202
193.3755208153551 376.11853016093346 -1 -8 12.0 1 203
605.9275407111849 394.5366698211343 19 -5 13.0 1 204
473.5660019166523 733.9940768366995 21 -3 10.0 1 205
437.166801280806 223.87893685719166 10 -11 10.0 1 206
233.7050027391604 573.0490505204156 -15 7 13.0 1 207
707.8916628108977 391.83152575198716 21 -9 11.0 1 208
235.16156580308308 392.6999581159633 10 8 13.0 1 209
339.0880139185689 171.99620627801926 4 -11 11.0 1 210
752.9509762065528 459.91334070840486 3 21 12.0 1 211
279.46819726125324 640.4851025085501 7 10 10.0 1 212
735.710445314263 251.71818416643515 8 -14 11.0 1 213
478.6596650461815 684.3196389538059 -2 20 13.0 1 214
112.2513157564411 217.01996088069978 -15 -16 11.0 1 215
219.41871428703342 285.16795198964735 16 16 12.0 1 216
501.96954863250136 695.9243334903096 20 22 13.0 1 217
114.28004739201066 387.3465940676697 17 -7 11.0 1 218
738.4834172452048 333.2618830801423 13 4 12.0 1 219
