400 400 -7.071067811865475 -7.071067811865477 5 2 -1 10 187
57.15728752538104 57.15728752538092
800.0 400.0 0 0 24.0 1 0
799.4518139018296 420.9343824971775 0 0 24.0 1 1
797.8087581473094 441.8113853070614 0 0 24.0 1 2
795.0753362380551 462.57378601609236 0 0 24.0 1 3
791.2590402935223 483.16467632710373 0 0 24.0 1 4
786.3703305156273 503.5276180410083 0 0 24.0 1 5
780.4226065180615 523.6067977499789 0 0 24.0 1 6
773.4321705988807 543.3471798181201 0 0 24.0 1 7
765.4181830570403 562.6946572303201 0 0 24.0 1 8
756.4026096753471 581.5961998958187 0 0 24.0 1 9
746.4101615137755 600.0 0 0 24.0 1 10
735.4682271781696 617.8556140060108 0 0 24.0 1 11
723.606797749979 635.1141009169893 0 0 24.0 1 12
710.8583845827884 651.728156419935 0 0 24.0 1 13
697.2579301909577 667.6522425435433 0 0 24.0 1 14
682.842712474619 682.842712474619 0 0 24.0 1 15
667.6522425435433 697.2579301909577 0 0 24.0 1 16
651.728156419935 710.8583845827884 0 0 24.0 1 17
635.1141009169893 723.606797749979 0 0 24.0 1 18
617.8556140060108 735.4682271781696 0 0 24.0 1 19
600.0 746.4101615137754 0 0 24.0 1 20
581.5961998958187 756.4026096753471 0 0 24.0 1 21
562.6946572303201 765.4181830570403 0 0 24.0 1 22
543.3471798181201 773.4321705988807 0 0 24.0 1 23
523.606797749979 780.4226065180615 0 0 24.0 1 24
503.5276180410083 786.3703305156273 0 0 24.0 1 25
483.1646763271038 791.2590402935223 0 0 24.0 1 26
462.57378601609236 795.0753362380551 0 0 24.0 1 27
441.8113853070614 797.8087581473094 0 0 24.0 1 28
420.9343824971776 799.4518139018296 0 0 24.0 1 29
400.0 800.0 0 0 24.0 1 30
379.0656175028225 799.4518139018296 0 0 24.0 1 31
358.1886146929386 797.8087581473094 0 0 24.0 1 32
337.4262139839077 795.0753362380551 0 0 24.0 1 33
316.83532367289627 791.2590402935223 0 0 24.0 1 34
296.47238195899166 786.3703305156273 0 0 24.0 1 35
276.3932022500211 780.4226065180615 0 0 24.0 1 36
256.65282018187986 773.4321705988807 0 0 24.0 1 37
237.3053427696799 765.4181830570403 0 0 24.0 1 38
218.4038001041813 756.4026096753471 0 0 24.0 1 39
200.00000000000009 746.4101615137755 0 0 24.0 1 40
182.14438599398918 735.4682271781696 0 0 24.0 1 41
164.8858990830108 723.606797749979 0 0 24.0 1 42
148.27184358006508 710.8583845827884 0 0 24.0 1 43
132.3477574564567 697.2579301909577 0 0 24.0 1 44
117.15728752538104 682.842712474619 0 0 24.0 1 45
102.74206980904233 667.6522425435434 0 0 24.0 1 46
89.14161541721165 651.728156419935 0 0 24.0 1 47
76.39320225002109 635.1141009169893 0 0 24.0 1 48
64.53177282183043 617.8556140060109 0 0 24.0 1 49
53.589838486224494 600.0 0 0 24.0 1 50
43.597390324652906 581.5961998958187 0 0 24.0 1 51
34.58181694295968 562.6946572303202 0 0 24.0 1 52
26.567829401119297 543.3471798181201 0 0 24.0 1 53
19.5773934819386 523.606797749979 0 0 24.0 1 54
13.629669484372698 503.5276180410084 0 0 24.0 1 55
8.740959706477724 483.16467632710373 0 0 24.0 1 56
4.924663761944942 462.5737860160924 0 0 24.0 1 57
2.1912418526906663 441.81138530706147 0 0 24.0 1 58
0.5481860981704472 420.9343824971775 0 0 24.0 1 59
0.0 400.00000000000006 0 0 24.0 1 60
0.5481860981704472 379.0656175028226 0 0 24.0 1 61
2.1912418526906663 358.1886146929386 0 0 24.0 1 62
4.924663761944885 337.4262139839077 0 0 24.0 1 63
8.740959706477781 316.8353236728962 0 0 24.0 1 64
13.629669484372698 296.47238195899166 0 0 24.0 1 65
19.577393481938543 276.3932022500211 0 0 24.0 1 66
26.567829401119297 256.65282018187986 0 0 24.0 1 67
34.58181694295968 237.30534276967992 0 0 24.0 1 68
43.59739032465285 218.40380010418136 0 0 24.0 1 69
218.40380010418124 43.597390324652906 0 0 24.0 1 70
237.30534276967995 34.58181694295962 0 0 24.0 1 71
256.65282018187975 26.567829401119354 0 0 24.0 1 72
276.393202250021 19.5773934819386 0 0 24.0 1 73
296.4723819589917 13.629669484372698 0 0 24.0 1 74
316.8353236728961 8.740959706477781 0 0 24.0 1 75
337.4262139839076 4.924663761944942 0 0 24.0 1 76
358.18861469293864 2.1912418526906663 0 0 24.0 1 77
379.0656175028223 0.5481860981704472 0 0 24.0 1 78
399.99999999999994 0.0 0 0 24.0 1 79
420.9343824971776 0.5481860981704472 0 0 24.0 1 80
441.8113853070612 2.1912418526906663 0 0 24.0 1 81
462.5737860160923 4.924663761944885 0 0 24.0 1 82
483.1646763271038 8.740959706477781 0 0 24.0 1 83
503.5276180410081 13.629669484372641 0 0 24.0 1 84
523.6067977499789 19.577393481938543 0 0 24.0 1 85
543.3471798181201 26.567829401119297 0 0 24.0 1 86
562.6946572303199 34.58181694295956 0 0 24.0 1 87
581.5961998958187 43.59739032465279 0 0 24.0 1 88
600.0 53.58983848622455 0 0 24.0 1 89
617.8556140060107 64.53177282183032 0 0 24.0 1 90
635.1141009169892 76.39320225002098 0 0 24.0 1 91
651.728156419935 89.14161541721171 0 0 24.0 1 92
667.6522425435431 102.74206980904216 0 0 24.0 1 93
682.842712474619 117.15728752538092 0 0 24.0 1 94
697.2579301909577 132.34775745645675 0 0 24.0 1 95
710.8583845827882 148.27184358006485 0 0 24.0 1 96
723.6067977499789 164.88589908301066 0 0 24.0 1 97
735.4682271781696 182.1443859939892 0 0 24.0 1 98
746.4101615137754 199.99999999999983 0 0 24.0 1 99
756.4026096753471 218.40380010418122 0 0 24.0 1 100
765.4181830570403 237.30534276967995 0 0 24.0 1 101
773.4321705988806 256.6528201818797 0 0 24.0 1 102
780.4226065180615 276.3932022500209 0 0 24.0 1 103
786.3703305156273 296.4723819589917 0 0 24.0 1 104
791.2590402935223 316.83532367289604 0 0 24.0 1 105
795.0753362380551 337.4262139839076 0 0 24.0 1 106
797.8087581473094 358.18861469293864 0 0 24.0 1 107
799.4518139018296 379.06561750282225 0 0 24.0 1 108
800.0 399.9999999999999 0 0 24.0 1 109
432.8321481871379 562.720773244899 0 0 11.0 1 110
102.94507869910967 376.2855796840435 0 0 10.0 1 111
752.4818289391271 343.3823325477995 0 0 11.0 1 112
257.3812781880232 697.590154724107 0 0 10.0 1 113
319.0377594566363 73.90014473140513 0 0 12.0 1 114
408.0320125230899 37.08887207082097 0 0 13.0 1 115
531.4689214807462 374.0785285006929 0 0 11.0 1 116
204.3383040338608 476.2659867283844 0 0 11.0 1 117
331.9240647532492 46.495166878470854 0 0 13.0 1 118
264.9486855025965 432.89593367763575 0 0 11.0 1 119
441.8990314067097 159.62431244574765 0 0 10.0 1 120
402.8215269758852 612.9813113527202 0 0 11.0 1 121
468.7182563913632 569.6077864914546 0 0 13.0 1 122
417.7578401818741 547.938024564596 0 0 10.0 1 123
699.2133549128404 298.3763401475688 0 0 13.0 1 124
320.52315993984524 732.6370873700835 0 0 12.0 1 125
308.0979092518767 489.09548650814867 0 0 13.0 1 126
593.3395259548681 695.345268632404 0 0 10.0 1 127
251.47253934955484 388.1427898420218 0 0 11.0 1 128
508.76590880254423 734.77451677563 0 0 11.0 1 129
191.43835760203032 617.0323508610212 0 0 13.0 1 130
209.07168817346383 519.0436043770054 0 0 13.0 1 131
453.5612119217732 643.1711261179479 0 0 10.0 1 132
673.5402839241558 245.81921951588063 0 0 10.0 1 133
257.7457581255324 733.9651638550351 0 0 11.0 1 134
664.9115228652167 342.8783311410481 0 0 12.0 1 135
220.57085290550248 385.67585350042896 0 0 10.0 1 136
501.89461318782423 95.60143265234694 0 0 10.0 1 137
115.01116447752844 397.4773768522349 0 0 13.0 1 138
497.113083612311 490.8738080599041 0 0 12.0 1 139
107.85822969837955 248.69175156312448 0 0 13.0 1 140
274.5569057284319 329.28910904553334 0 0 10.0 1 141
330.0019402181408 528.1259990274233 0 0 13.0 1 142
146.87900908438354 141.2071021880693 0 0 13.0 1 143
514.9042143199575 175.721107699558 0 0 13.0 1 144
301.41777172174324 281.6887821561553 0 0 13.0 1 145
249.15705122751058 425.6008750948114 0 0 11.0 1 146
465.5813103519101 266.20877557729557 0 0 10.0 1 147
391.12666053535185 177.17660839412503 0 0 11.0 1 148
269.08560218135494 436.84318720987017 0 0 12.0 1 149
184.96697277016887 293.412959510198 0 0 10.0 1 150
381.8964920103962 237.00226075656647 0 0 12.0 1 151
707.0467115493827 538.8931853141477 0 0 11.0 1 152
515.0452923643719 266.8062287312346 0 0 10.0 1 153
461.807521139889 658.7195978864805 0 0 13.0 1 154
225.82165868595985 305.84106299936406 9 -7 11.0 1 155
146.23384720091158 522.9908114191858 13 -6 10.0 1 156
485.95468713062587 193.14789882557096 21 -5 13.0 1 157
153.5972696855585 596.2414189043399 -10 -6 12.0 1 158
286.62632139299336 295.7771186393546 3 -3 13.0 1 159
303.30799187266507 167.28847135497693 -12 0 11.0 1 160
474.8530457092904 188.8767621789518 6 16 13.0 1 161
673.9570665694673 404.85032747888334 20 11 11.0 1 162
375.5589352811657 210.5702389923649 -12 8 10.0 1 163
318.87981248480776 590.4429446776646 16 3 13.0 1 164
582.7321778721994 583.548225733955 10 6 13.0 1 165
372.03248804259925 526.9559698277818 -13 -10 11.0 1 166
495.7549474305881 636.3387188815352 -15 16 13.0 1 167
505.01263488942107 619.1377341161972 -8 1 11.0 1 168
362.66592206815267 534.930228729439 14 15 10.0 1 169
607.8218622316698 202.06295551726333 -11 17 12.0 1 170
431.1306249780752 611.7236032861581 -12 21 10.0 1 171
248.32795988543796 689.6974149824032 -4 15 13.0 1 172
589.9947916970272 439.2170769946368 -9 5 13.0 1 173
232.2821830590697 198.7172787331993 19 1 13.0 1 174
108.0455981925 405.1601613564723 -13 -7 12.0 1 175
508.54982844236224 642.8434366935489 11 -13 13.0 1 176
468.08659139042504 46.49721914412993 16 16 11.0 1 177
178.55587631073317 415.70032112705604 13 11 11.0 1 178
223.9603066459701 188.7299681359916 12 12 12.0 1 179
237.60336605070975 511.5183091780907 7 -2 10.0 1 180
362.4256023226601 221.92090341877542 -2 18 11.0 1 181
620.8391659295842 335.73443541424706 -12 -13 12.0 1 182
741.3752183709693 540.0855463000129 -3 -2 12.0 1 183
520.2183413424634 332.23902004201125 2 4 11.0 1 184
378.90761787890676 33.60661657658477 4 2 10.0 1 185
237.13738034900828 347.87738379152097 14 -5 10.0 1 186
111.7781606696841 572.6967612118118 9 8 11.0 1 187
628.353246665769 515.7186015176577 17 5 11.0 1 188
496.44739372333294 246.83701411902288 9 21 13.0 1 189
617.4144857287185 642.9134442457165 0 -8 13.0 1 190
524.1739176094264 327.0833476801947 -15 19 12.0 1 191
312.58466335178224 178.6347838555507 22 -12 12.0 1 192
562.2551975287256 198.12317895579437 -3 12 13.0 1 193
337.02320083106275 164.26726411795212 -2 14 12.0 1 194
274.9886965345588 693.4845379332128 -1 1 13.0 1 195
211.44334793164128 106.32094225026543 6 -15 12.0 1 196
414.13123620154033 212.53184760227597 19 -17 12.0 1 197
322.80937220322363 63.746216407399345 6 -12 10.0 1 198
734.3802467021467 551.2575638287602 13 -8 10.0 1 199
293.7197198316919 481.6118989323612 8 10 10.0 1 200
183.81135355419676 162.71647940084105 12 -14 10.0 1 201
419.31067045062514 629.1879098180079 14 -3 12.0 1 202
133.7723056659383 369.2296446304335 2 -9 13.0 1 203
216.18429477987482 341.17155012727216 8 -17 10.0 1 204
167.77745482346444 481.1707429541697 -11 -6 10.0 1 205
630.5611682684728 354.54070296763314 -6 2 10.0 1 206
176.26732129115467 423.8471901440103 -3 -10 13.0 1 207
763.2723222192529 364.5286043489787 -15 1 12.0 1 208
237.40178297408448 361.91037122794086 18 9 12.0 1 209
581.7445197930617 252.6062093397778 -12 -15 11.0 1 210
406.85929444120626 90.07589625882787 -1 -1 13.0 1 211
242.53892086534512 461.3759607480808 6 -3 10.0 1 212
220.65138494560307 354.6229763198406 7 9 13.0 1 213
353.67965768175674 520.3969513215379 13 -13 12.0 1 214
644.1460036267033 159.08148906090722 -17 14 13.0 1 215
588.9947945730516 219.99453445995027 -8 17 10.0 1 216
557.2246340983966 525.2254544117343 10 -14 11.0 1 217
126.84638284857726 484.7531795102342 -4 -12 10.0 1 218
590.6025269375749 190.81186284826995 22 -8 12.0 1 219
