400 400 -7.071067811865475 7.0710678118654755 5 2 -1 10 187
57.15728752538104 742.842712474619
800.0 400.0 0 0 24.0 1 0
799.4518139018296 420.9343824971775 0 0 24.0 1 1
797.8087581473094 441.8113853070614 0 0 24.0 1 2
795.0753362380551 462.57378601609236 0 0 24.0 1 3
791.2590402935223 483.16467632710373 0 0 24.0 1 4
786.3703305156273 503.5276180410083 0 0 24.0 1 5
780.4226065180615 523.6067977499789 0 0 24.0 1 6
773.4321705988807 543.3471798181201 0 0 24.0 1 7
765.4181830570403 562.6946572303201 0 0 24.0 1 8
756.4026096753471 581.5961998958187 0 0 24.0 1 9
746.4101615137755 600.0 0 0 24.0 1 10
735.4682271781696 617.8556140060108 0 0 24.0 1 11
723.606797749979 635.1141009169893 0 0 24.0 1 12
710.8583845827884 651.728156419935 0 0 24.0 1 13
697.2579301909577 667.6522425435433 0 0 24.0 1 14
682.842712474619 682.842712474619 0 0 24.0 1 15
667.6522425435433 697.2579301909577 0 0 24.0 1 16
651.728156419935 710.8583845827884 0 0 24.0 1 17
635.1141009169893 723.606797749979 0 0 24.0 1 18
617.8556140060108 735.4682271781696 0 0 24.0 1 19
600.0 746.4101615137754 0 0 24.0 1 20
581.5961998958187 756.4026096753471 0 0 24.0 1 21
562.6946572303201 765.4181830570403 0 0 24.0 1 22
543.3471798181201 773.4321705988807 0 0 24.0 1 23
523.606797749979 780.4226065180615 0 0 24.0 1 24
503.5276180410083 786.3703305156273 0 0 24.0 1 25
483.1646763271038 791.2590402935223 0 0 24.0 1 26
462.57378601609236 795.0753362380551 0 0 24.0 1 27
441.8113853070614 797.8087581473094 0 0 24.0 1 28
420.9343824971776 799.4518139018296 0 0 24.0 1 29
400.0 800.0 0 0 24.0 1 30
379.0656175028225 799.4518139018296 0 0 24.0 1 31
358.1886146929386 797.8087581473094 0 0 24.0 1 32
337.4262139839077 795.0753362380551 0 0 24.0 1 33
316.83532367289627 791.2590402935223 0 0 24.0 1 34
296.47238195899166 786.3703305156273 0 0 24.0 1 35
276.3932022500211 780.4226065180615 0 0 24.0 1 36
256.65282018187986 773.4321705988807 0 0 24.0 1 37
237.3053427696799 765.4181830570403 0 0 24.0 1 38
218.4038001041813 756.4026096753471 0 0 24.0 1 39
43.597390324652906 581.5961998958187 0 0 24.0 1 40
34.58181694295968 562.6946572303202 0 0 24.0 1 41
26.567829401119297 543.3471798181201 0 0 24.0 1 42
19.5773934819386 523.606797749979 0 0 24.0 1 43
13.629669484372698 503.5276180410084 0 0 24.0 1 44
8.740959706477724 483.16467632710373 0 0 24.0 1 45
4.924663761944942 462.5737860160924 0 0 24.0 1 46
2.1912418526906663 441.81138530706147 0 0 24.0 1 47
0.5481860981704472 420.9343824971775 0 0 24.0 1 48
0.0 400.00000000000006 0 0 24.0 1 49
0.5481860981704472 379.0656175028226 0 0 24.0 1 50
2.1912418526906663 358.1886146929386 0 0 24.0 1 51
4.924663761944885 337.4262139839077 0 0 24.0 1 52
8.740959706477781 316.8353236728962 0 0 24.0 1 53
13.629669484372698 296.47238195899166 0 0 24.0 1 54
19.577393481938543 276.3932022500211 0 0 24.0 1 55
26.567829401119297 256.65282018187986 0 0 24.0 1 56
34.58181694295968 237.30534276967992 0 0 24.0 1 57
43.59739032465285 218.40380010418136 0 0 24.0 1 58
53.58983848622455 199.99999999999994 0 0 24.0 1 59
64.53177282183037 182.14438599398918 0 0 24.0 1 60
76.39320225002103 164.8858990830108 0 0 24.0 1 61
89.14161541721171 148.27184358006497 0 0 24.0 1 62
102.74206980904228 132.3477574564567 0 0 24.0 1 63
117.15728752538092 117.15728752538104 0 0 24.0 1 64
132.34775745645675 102.74206980904228 0 0 24.0 1 65
148.27184358006485 89.14161541721177 0 0 24.0 1 66
164.8858990830107 76.39320225002109 0 0 24.0 1 67
182.1443859939892 64.53177282183032 0 0 24.0 1 68
199.99999999999983 53.58983848622461 0 0 24.0 1 69
218.40380010418124 43.597390324652906 0 0 24.0 1 70
237.30534276967995 34.58181694295962 0 0 24.0 1 71
256.65282018187975 26.567829401119354 0 0 24.0 1 72
276.393202250021 19.5773934819386 0 0 24.0 1 73
296.4723819589917 13.629669484372698 0 0 24.0 1 74
316.8353236728961 8.740959706477781 0 0 24.0 1 75
337.4262139839076 4.924663761944942 0 0 24.0 1 76
358.18861469293864 2.1912418526906663 0 0 24.0 1 77
379.0656175028223 0.5481860981704472 0 0 24.0 1 78
399.99999999999994 0.0 0 0 24.0 1 79
420.9343824971776 0.5481860981704472 0 0 24.0 1 80
441.8113853070612 2.1912418526906663 0 0 24.0 1 81
462.5737860160923 4.924663761944885 0 0 24.0 1 82
483.1646763271038 8.740959706477781 0 0 24.0 1 83
503.5276180410081 13.629669484372641 0 0 24.0 1 84
523.6067977499789 19.577393481938543 0 0 24.0 1 85
543.3471798181201 26.567829401119297 0 0 24.0 1 86
562.6946572303199 34.58181694295956 0 0 24.0 1 87
581.5961998958187 43.59739032465279 0 0 24.0 1 88
600.0 53.58983848622455 0 0 24.0 1 89
617.8556140060107 64.53177282183032 0 0 24.0 1 90
635.1141009169892 76.39320225002098 0 0 24.0 1 91
651.728156419935 89.14161541721171 0 0 24.0 1 92
667.6522425435431 102.74206980904216 0 0 24.0 1 93
682.842712474619 117.15728752538092 0 0 24.0 1 94
697.2579301909577 132.34775745645675 0 0 24.0 1 95
710.8583845827882 148.27184358006485 0 0 24.0 1 96
723.6067977499789 164.88589908301066 0 0 24.0 1 97
735.4682271781696 182.1443859939892 0 0 24.0 1 98
746.4101615137754 199.99999999999983 0 0 24.0 1 99
756.4026096753471 218.40380010418122 0 0 24.0 1 100
765.4181830570403 237.30534276967995 0 0 24.0 1 101
773.4321705988806 256.6528201818797 0 0 24.0 1 102
780.4226065180615 276.3932022500209 0 0 24.0 1 103
786.3703305156273 296.4723819589917 0 0 24.0 1 104
791.2590402935223 316.83532367289604 0 0 24.0 1 105
795.0753362380551 337.4262139839076 0 0 24.0 1 106
797.8087581473094 358.18861469293864 0 0 24.0 1 107
799.4518139018296 379.06561750282225 0 0 24.0 1 108
800.0 399.9999999999999 0 0 24.0 1 109
243.98192361064358 489.76836770135094 0 0 13.0 1 110
558.3775421686037 414.05539528551753 0 0 10.0 1 111
88.59869841662794 380.6808547761101 0 0 10.0 1 112
194.77174133620238 279.4787908879712 0 0 13.0 1 113
398.3271298498945 525.9888943735157 0 0 10.0 1 114
219.55944348926852 459.50802942542725 0 0 13.0 1 115
175.07917721911136 178.03913975755074 0 0 10.0 1 116
354.42694334870293 163.34815338253185 0 0 12.0 1 117
120.88220346145653 457.60430240414547 0 0 13.0 1 118
331.5565033945232 739.1629221663478 0 0 13.0 1 119
739.520624629597 418.0484196296598 0 0 13.0 1 120
617.8095542558927 185.0697832438414 0 0 12.0 1 121
655.0292581227254 431.765980252029 0 0 10.0 1 122
341.2021586967124 265.27133245640186 0 0 11.0 1 123
591.7882640274596 681.9543611674299 0 0 12.0 1 124
135.0000001204004 399.9920117463597 0 0 11.0 1 125
413.1816315684702 556.4456601801185 0 0 10.0 1 126
697.6240255676862 324.7076404614301 0 0 13.0 1 127
139.61329291148098 463.42525342162867 0 0 12.0 1 128
290.01980749276186 529.631621358644 0 0 10.0 1 129
646.2426791341768 337.7059956912158 0 0 11.0 1 130
437.32885087279533 160.89634696952743 0 0 12.0 1 131
658.0325117523312 302.04479146679785 0 0 11.0 1 132
503.0073280669541 503.4673396029244 0 0 11.0 1 133
421.41711524760274 722.2891670138339 0 0 12.0 1 134
303.81958612797337 94.79625168192041 0 0 13.0 1 135
558.5783932595133 232.03008248132306 0 0 10.0 1 136
692.2525350784722 490.6887850850719 0 0 11.0 1 137
240.06305601451362 644.3034464525283 0 0 13.0 1 138
321.6352371057362 704.0640786685034 0 0 10.0 1 139
530.7599008114562 266.3181076593462 0 0 12.0 1 140
399.4329735433012 271.00124620370394 0 0 10.0 1 141
222.0908650618206 609.6982110213359 0 0 12.0 1 142
547.9006048905572 543.3925070322967 0 0 11.0 1 143
586.6874473496534 167.72473872133872 0 0 11.0 1 144
82.34006411652302 489.3989101415968 0 0 10.0 1 145
141.80126893325865 554.7075152522481 0 0 13.0 1 146
586.4046356851915 248.82688137413106 0 0 11.0 1 147
258.6626454895064 592.7297388053412 0 0 13.0 1 148
243.2927568311768 486.50918990735795 0 0 13.0 1 149
512.6777674454427 464.8361066344265 0 0 12.0 1 150
630.6594811047466 155.68011997283352 0 0 11.0 1 151
213.65480125610966 441.9102243503899 0 0 12.0 1 152
250.45093350639925 108.07693357514108 0 0 11.0 1 153
427.61100952987755 223.14233928737772 0 0 11.0 1 154
398.41760058595685 40.00347777777847 -1 9 13.0 1 155
662.995428437654 439.86733777034533 16 4 12.0 1 156
497.38950027947413 512.7665075956256 13 15 13.0 1 157
741.0 400.0 18 15 11.0 1 158
551.4674711277461 730.9888294039021 2 14 13.0 1 159
171.59880935313285 308.62770599851706 5 22 13.0 1 160
355.6126620844611 189.63183645624568 -9 -11 11.0 1 161
461.0898963284481 677.3518064959726 9 6 11.0 1 162
304.10146184754603 663.0655248796816 10 4 13.0 1 163
466.2070934504653 760.9786985084319 -1 7 11.0 1 164
613.8387431068404 250.35377737314337 1 9 13.0 1 165
278.7568481929689 732.5899850264545 6 -11 10.0 1 166
406.3437048748001 604.9018238290266 -2 -10 10.0 1 167
638.2426074134505 380.9878982529414 5 0 11.0 1 168
81.35095228371614 524.2046069576546 -7 -3 12.0 1 169
108.10294285782584 392.2470630250017 21 -1 10.0 1 170
487.3021348851177 490.8533832308996 0 -5 10.0 1 171
203.77069647718656 417.4086311624883 -17 -13 12.0 1 172
322.0510698815061 574.370193248107 16 20 12.0 1 173
529.9949420584501 398.85324840519485 22 14 13.0 1 174
544.7475935645302 483.28946006114796 16 17 13.0 1 175
156.126563851823 202.20781830092213 13 6 13.0 1 176
541.8611448069296 393.72181602154456 -6 -7 12.0 1 177
250.3849827355355 199.71184106654238 -15 -11 12.0 1 178
69.55228877274072 441.1498498741596 -6 10 11.0 1 179
660.0238563916887 343.93223647054907 12 0 11.0 1 180
440.2007421531031 691.2385625742919 -12 -5 13.0 1 181
402.5433482599529 591.9831538954097 14 -9 13.0 1 182
175.939000164243 496.60573664436754 20 -16 11.0 1 183
343.86331348751366 40.35479646268209 -10 21 11.0 1 184
567.3148967031424 706.2788359342134 -3 -6 11.0 1 185
127.3802349266087 336.1371493642122 13 12 13.0 1 186
383.53825788615086 561.1614440447129 12 14 11.0 1 187
287.6041264882733 142.45744503570688 -16 10 12.0 1 188
276.2610171499513 178.17875637523952 7 21 10.0 1 189
265.028726182838 330.0946694151821 2 2 11.0 1 190
557.8848619525044 480.00856433056805 18 8 12.0 1 191
619.0520682984459 604.9785144208363 -12 1 11.0 1 192
576.6165622985749 292.03894256800925 20 6 11.0 1 193
575.0382311336691 638.6998484322858 -11 11 13.0 1 194
233.34940389688086 317.39504362040344 22 7 11.0 1 195
170.72711149311922 451.5649357190661 4 3 10.0 1 196
147.67660087264036 493.24109744536025 3 -11 10.0 1 197
149.55261127507427 492.5478550851717 -17 -6 12.0 1 198
724.4569234067849 368.31869867881386 -7 2 10.0 1 199
652.4166190893662 216.61556661620975 4 -5 10.0 1 200
532.0167207286477 466.8998165023959 -16 20 12.0 1 201
333.3157667594462 83.95852639705748 -1 -2 10.0 1 202
33.74295608924359 364.2260180332934 9 -7 10.0 1 203
261.9192182371844 384.0407485210084 -8 -5 12.0 1 204
347.41041181110484 63.07963075212797 -15 21 11.0 1 205
72.35793686209286 508.0540534303811 -12 -14 10.0 1 206
142.3561822447857 329.93814752293576 3 1 10.0 1 207
499.35729795104845 284.9690157224299 13 7 13.0 1 208
473.9206381029364 49.71477441597011 4 18 10.0 1 209
347.1019684786187 61.103558205219656 12 10 11.0 1 210
440.0445255108033 733.6052097564045 -8 -15 10.0 1 211
108.03212683791384 214.33696910475697 4 -2 13.0 1 212
120.02284403423312 614.9925397248022 -3 -11 13.0 1 213
509.5892664785653 700.6496177823781 12 -1 13.0 1 214
204.93050038032118 638.352449784197 -12 -15 13.0 1 215
261.97222642348436 610.8372209110861 -5 -13 12.0 1 216
568.4644378781303 386.55629625417197 -2 -1 11.0 1 217
606.2959071142157 464.0156130012272 10 -17 13.0 1 218
186.01830314996567 379.0994398835818 22 -11 13.0 1 219
