400 400 7.0710678118654755 7.0710678118654755 5 2 -1 10 187
742.842712474619 742.842712474619
800.0 400.0 0 0 24.0 1 0
799.4518139018296 420.9343824971775 0 0 24.0 1 1
797.8087581473094 441.8113853070614 0 0 24.0 1 2
795.0753362380551 462.57378601609236 0 0 24.0 1 3
791.2590402935223 483.16467632710373 0 0 24.0 1 4
786.3703305156273 503.5276180410083 0 0 24.0 1 5
780.4226065180615 523.6067977499789 0 0 24.0 1 6
773.4321705988807 543.3471798181201 0 0 24.0 1 7
765.4181830570403 562.6946572303201 0 0 24.0 1 8
756.4026096753471 581.5961998958187 0 0 24.0 1 9
581.5961998958187 756.4026096753471 0 0 24.0 1 10
562.6946572303201 765.4181830570403 0 0 24.0 1 11
543.3471798181201 773.4321705988807 0 0 24.0 1 12
523.606797749979 780.4226065180615 0 0 24.0 1 13
503.5276180410083 786.3703305156273 0 0 24.0 1 14
483.1646763271038 791.2590402935223 0 0 24.0 1 15
462.57378601609236 795.0753362380551 0 0 24.0 1 16
441.8113853070614 797.8087581473094 0 0 24.0 1 17
420.9343824971776 799.4518139018296 0 0 24.0 1 18
400.0 800.0 0 0 24.0 1 19
379.0656175028225 799.4518139018296 0 0 24.0 1 20
358.1886146929386 797.8087581473094 0 0 24.0 1 21
337.4262139839077 795.0753362380551 0 0 24.0 1 22
316.83532367289627 791.2590402935223 0 0 24.0 1 23
296.47238195899166 786.3703305156273 0 0 24.0 1 24
276.3932022500211 780.4226065180615 0 0 24.0 1 25
256.65282018187986 773.4321705988807 0 0 24.0 1 26
237.3053427696799 765.4181830570403 0 0 24.0 1 27
218.4038001041813 756.4026096753471 0 0 24.0 1 28
200.00000000000009 746.4101615137755 0 0 24.0 1 29
182.14438599398918 735.4682271781696 0 0 24.0 1 30
164.8858990830108 723.606797749979 0 0 24.0 1 31
148.27184358006508 710.8583845827884 0 0 24.0 1 32
132.3477574564567 697.2579301909577 0 0 24.0 1 33
117.15728752538104 682.842712474619 0 0 24.0 1 34
102.74206980904233 667.6522425435434 0 0 24.0 1 35
89.14161541721165 651.728156419935 0 0 24.0 1 36
76.39320225002109 635.1141009169893 0 0 24.0 1 37
64.53177282183043 617.8556140060109 0 0 24.0 1 38
53.589838486224494 600.0 0 0 24.0 1 39
43.597390324652906 581.5961998958187 0 0 24.0 1 40
34.58181694295968 562.6946572303202 0 0 24.0 1 41
26.567829401119297 543.3471798181201 0 0 24.0 1 42
19.5773934819386 523.606797749979 0 0 24.0 1 43
13.629669484372698 503.5276180410084 0 0 24.0 1 44
8.740959706477724 483.16467632710373 0 0 24.0 1 45
4.924663761944942 462.5737860160924 0 0 24.0 1 46
2.1912418526906663 441.81138530706147 0 0 24.0 1 47
0.5481860981704472 420.9343824971775 0 0 24.0 1 48
0.0 400.00000000000006 0 0 24.0 1 49
0.5481860981704472 379.0656175028226 0 0 24.0 1 50
2.1912418526906663 358.1886146929386 0 0 24.0 1 51
4.924663761944885 337.4262139839077 0 0 24.0 1 52
8.740959706477781 316.8353236728962 0 0 24.0 1 53
13.629669484372698 296.47238195899166 0 0 24.0 1 54
19.577393481938543 276.3932022500211 0 0 24.0 1 55
26.567829401119297 256.65282018187986 0 0 24.0 1 56
34.58181694295968 237.30534276967992 0 0 24.0 1 57
43.59739032465285 218.40380010418136 0 0 24.0 1 58
53.58983848622455 199.99999999999994 0 0 24.0 1 59
64.53177282183037 182.14438599398918 0 0 24.0 1 60
76.39320225002103 164.8858990830108 0 0 24.0 1 61
89.14161541721171 148.27184358006497 0 0 24.0 1 62
102.74206980904228 132.3477574564567 0 0 24.0 1 63
117.15728752538092 117.15728752538104 0 0 24.0 1 64
132.34775745645675 102.74206980904228 0 0 24.0 1 65
148.27184358006485 89.14161541721177 0 0 24.0 1 66
164.8858990830107 76.39320225002109 0 0 24.0 1 67
182.1443859939892 64.53177282183032 0 0 24.0 1 68
199.99999999999983 53.58983848622461 0 0 24.0 1 69
218.40380010418124 43.597390324652906 0 0 24.0 1 70
237.30534276967995 34.58181694295962 0 0 24.0 1 71
256.65282018187975 26.567829401119354 0 0 24.0 1 72
276.393202250021 19.5773934819386 0 0 24.0 1 73
296.4723819589917 13.629669484372698 0 0 24.0 1 74
316.8353236728961 8.740959706477781 0 0 24.0 1 75
337.4262139839076 4.924663761944942 0 0 24.0 1 76
358.18861469293864 2.1912418526906663 0 0 24.0 1 77
379.0656175028223 0.5481860981704472 0 0 24.0 1 78
399.99999999999994 0.0 0 0 24.0 1 79
420.9343824971776 0.5481860981704472 0 0 24.0 1 80
441.8113853070612 2.1912418526906663 0 0 24.0 1 81
462.5737860160923 4.924663761944885 0 0 24.0 1 82
483.1646763271038 8.740959706477781 0 0 24.0 1 83
503.5276180410081 13.629669484372641 0 0 24.0 1 84
523.6067977499789 19.577393481938543 0 0 24.0 1 85
543.3471798181201 26.567829401119297 0 0 24.0 1 86
562.6946572303199 34.58181694295956 0 0 24.0 1 87
581.5961998958187 43.59739032465279 0 0 24.0 1 88
600.0 53.58983848622455 0 0 24.0 1 89
617.8556140060107 64.53177282183032 0 0 24.0 1 90
635.1141009169892 76.39320225002098 0 0 24.0 1 91
651.728156419935 89.14161541721171 0 0 24.0 1 92
667.6522425435431 102.74206980904216 0 0 24.0 1 93
682.842712474619 117.15728752538092 0 0 24.0 1 94
697.2579301909577 132.34775745645675 0 0 24.0 1 95
710.8583845827882 148.27184358006485 0 0 24.0 1 96
723.6067977499789 164.88589908301066 0 0 24.0 1 97
735.4682271781696 182.1443859939892 0 0 24.0 1 98
746.4101615137754 199.99999999999983 0 0 24.0 1 99
756.4026096753471 218.40380010418122 0 0 24.0 1 100
765.4181830570403 237.30534276967995 0 0 24.0 1 101
773.4321705988806 256.6528201818797 0 0 24.0 1 102
780.4226065180615 276.3932022500209 0 0 24.0 1 103
786.3703305156273 296.4723819589917 0 0 24.0 1 104
791.2590402935223 316.83532367289604 0 0 24.0 1 105
795.0753362380551 337.4262139839076 0 0 24.0 1 106
797.8087581473094 358.18861469293864 0 0 24.0 1 107
799.4518139018296 379.06561750282225 0 0 24.0 1 108
800.0 399.9999999999999 0 0 24.0 1 109
54.12198023564292 390.81330070770747 0 0 11.0 1 110
674.6122699209975 414.597986465166 0 0 12.0 1 111
239.00377688704287 199.6772201087382 0 0 11.0 1 112
615.1543969082918 419.0941218973068 0 0 13.0 1 113
155.33315965242264 312.03331747568814 0 0 13.0 1 114
258.17920297020265 493.73826075745717 0 0 11.0 1 115
320.8304276898195 759.3830530509516 0 0 10.0 1 116
291.5330224137092 733.8201832922855 0 0 13.0 1 117
679.290634726599 282.5021644709426 0 0 13.0 1 118
199.6348217461405 159.53629100569228 0 0 11.0 1 119
225.84400450106222 551.7586545531225 0 0 12.0 1 120
259.035983115156 308.6044533705859 0 0 10.0 1 121
301.2908047864739 489.13750490280734 0 0 11.0 1 122
207.32400499188452 497.6317619816044 0 0 10.0 1 123
522.3588240162113 322.19692688993695 0 0 10.0 1 124
196.89016220783745 457.16112133296036 0 0 11.0 1 125
99.90040439414753 286.06478719375735 0 0 13.0 1 126
557.7387633852749 640.9615789408849 0 0 11.0 1 127
186.50529307377062 165.67328339584614 0 0 13.0 1 128
543.1742987955026 120.54138022881432 0 0 11.0 1 129
573.15071736951 337.75187493246005 0 0 12.0 1 130
255.12197250331238 182.90242482084463 0 0 13.0 1 131
492.8068569786459 197.22947132843697 0 0 12.0 1 132
172.59689879152336 434.46490331869995 0 0 13.0 1 133
581.1734266650446 201.16039260135906 0 0 11.0 1 134
566.4435494067676 200.25880529826375 0 0 13.0 1 135
306.28366623809956 245.15088380546666 0 0 12.0 1 136
536.0027588725533 196.21518805599342 0 0 13.0 1 137
409.1986233708151 169.1832213029523 0 0 13.0 1 138
600.5449899218785 636.3931196486768 0 0 10.0 1 139
528.7617581075956 253.55748687952314 0 0 13.0 1 140
463.3562946829206 573.8130602804373 0 0 10.0 1 141
638.9870146268275 608.2647517938561 0 0 10.0 1 142
205.0000000885965 399.9941218510949 0 0 10.0 1 143
763.9373211918173 438.8023999737636 0 0 13.0 1 144
602.1089389927889 360.1505736652444 0 0 11.0 1 145
73.31459918744775 551.2502856061504 0 0 10.0 1 146
270.6779619323022 703.6046944136683 0 0 11.0 1 147
359.7069980642679 735.5897405985575 0 0 11.0 1 148
668.2154025250134 369.0081002785395 0 0 12.0 1 149
356.1606682731639 520.258525659283 0 0 11.0 1 150
509.2359984159296 226.52810991381043 0 0 11.0 1 151
364.64007587645733 267.6418655088502 0 0 12.0 1 152
254.18232634431328 350.4701499129702 0 0 10.0 1 153
574.1255593793876 191.03998092741438 0 0 13.0 1 154
666.2143053940597 464.853246669371 -3 1 11.0 1 155
626.0386469768563 573.5843601044522 22 -11 13.0 1 156
371.9655857031387 569.6999458309635 -12 8 12.0 1 157
672.7035765544447 223.201359353602 1 20 11.0 1 158
333.5489378097317 110.52935151593505 3 13 10.0 1 159
602.0717704619218 572.982656883239 -8 21 11.0 1 160
323.3822222657994 697.2855800994603 -6 5 10.0 1 161
322.2637300602275 591.8490873990565 16 17 10.0 1 162
219.79763311195788 437.19014611355357 -14 6 11.0 1 163
577.9568800270584 469.3710952128849 18 0 10.0 1 164
228.13102644878492 349.9794449205956 1 7 12.0 1 165
610.7717918951142 590.3450859395184 18 10 12.0 1 166
410.01850111102766 605.7562383877785 7 -5 13.0 1 167
436.77402473817693 760.1272984717431 -6 9 12.0 1 168
344.81001285280917 673.486864983847 -8 5 10.0 1 169
297.3164521663118 510.7117383310671 20 -2 10.0 1 170
508.6149536695831 467.7258579816772 -7 -10 10.0 1 171
72.48045772940247 301.53706570054766 -12 0 11.0 1 172
270.8616543823042 516.615983857808 13 21 10.0 1 173
459.71266466513356 725.5693438863514 15 -8 10.0 1 174
435.664756866056 78.97503972792845 -14 7 11.0 1 175
242.2023344470806 299.6561075797386 17 10 11.0 1 176
226.49109662243072 317.788927456739 4 3 12.0 1 177
351.5917381036755 693.0283948360241 -13 -2 13.0 1 178
587.5288570215046 413.30142038310487 3 16 12.0 1 179
195.1532833198853 471.60183423193024 -5 22 11.0 1 180
239.8674522798563 693.1101621586258 6 4 10.0 1 181
570.7381739191978 571.5006587938884 9 9 10.0 1 182
535.3749396270408 251.42467997350622 18 21 12.0 1 183
528.8041675674395 104.88394415542393 7 -16 10.0 1 184
524.3628871913855 430.2964072032098 12 -13 13.0 1 185
215.41523930442156 681.9529501866509 4 5 12.0 1 186
410.11576811210557 607.7538717701841 19 12 11.0 1 187
568.4450547681436 316.51189591230894 0 18 13.0 1 188
313.3192460126916 180.4949957559242 19 -10 13.0 1 189
639.5745982588925 198.57256425925917 0 22 11.0 1 190
617.7929319849179 296.81454183164715 13 -6 11.0 1 191
94.04080868195012 548.2867939096566 -8 -13 13.0 1 192
157.10972976260877 600.5724722488285 6 -2 13.0 1 193
299.7688883343458 275.28542886147125 -4 -11 12.0 1 194
302.77515358667733 487.79709129524633 19 0 11.0 1 195
371.1916102044589 741.788058125775 -3 1 10.0 1 196
562.7274064963415 581.8125165520087 -1 -6 12.0 1 197
64.30464564189901 346.0682926063989 -4 9 11.0 1 198
565.8033819090492 201.0270406625012 18 8 13.0 1 199
460.11850874872744 209.24946944810563 7 10 11.0 1 200
235.89544477072948 615.6633834312244 -17 -3 10.0 1 201
270.09343558222065 367.1323179830197 -9 -8 12.0 1 202
519.278759096427 156.66159853320207 15 10 11.0 1 203
421.4382365649476 169.99695216587816 6 9 11.0 1 204
333.21351807239813 583.206347684064 -10 8 11.0 1 205
528.8738569020699 394.2965793435158 3 12 11.0 1 206
167.5474609172745 373.13334643105014 8 21 11.0 1 207
338.2474977625789 130.99697312591945 15 3 11.0 1 208
272.1790930230324 292.52527860196426 1 19 11.0 1 209
446.4906541906634 736.8065009362559 7 -15 12.0 1 210
604.3503536391521 383.692548710682 17 -6 10.0 1 211
546.8506861686013 573.1007682588698 -11 -3 11.0 1 212
418.7112812654646 555.8810057492724 -11 15 12.0 1 213
504.28326259838155 741.4293501470502 2 -7 13.0 1 214
370.82465023756873 576.6063389752469 21 3 12.0 1 215
120.82211595867437 439.79584227288257 -3 2 12.0 1 216
499.8490892830556 62.45865531857527 12 -15 11.0 1 217
490.9431287944568 181.14308938241214 5 -17 11.0 1 218
443.03615451863595 124.33917687809156 6 -15 11.0 1 219
