400 400 7.0710678118654755 7.0710678118654755 5 2 -1 10 187
742.842712474619 742.842712474619
800.0 400.0 0 0 24.0 1 0
799.4518139018296 420.9343824971775 0 0 24.0 1 1
797.8087581473094 441.8113853070614 0 0 24.0 1 2
795.0753362380551 462.57378601609236 0 0 24.0 1 3
791.2590402935223 483.16467632710373 0 0 24.0 1 4
786.3703305156273 503.5276180410083 0 0 24.0 1 5
780.4226065180615 523.6067977499789 0 0 24.0 1 6
773.4321705988807 543.3471798181201 0 0 24.0 1 7
765.4181830570403 562.6946572303201 0 0 24.0 1 8
756.4026096753471 581.5961998958187 0 0 24.0 1 9
581.5961998958187 756.4026096753471 0 0 24.0 1 10
562.6946572303201 765.4181830570403 0 0 24.0 1 11
543.3471798181201 773.4321705988807 0 0 24.0 1 12
523.606797749979 780.4226065180615 0 0 24.0 1 13
503.5276180410083 786.3703305156273 0 0 24.0 1 14
483.1646763271038 791.2590402935223 0 0 24.0 1 15
462.57378601609236 795.0753362380551 0 0 24.0 1 16
441.8113853070614 797.8087581473094 0 0 24.0 1 17
420.9343824971776 799.4518139018296 0 0 24.0 1 18
400.0 800.0 0 0 24.0 1 19
379.0656175028225 799.4518139018296 0 0 24.0 1 20
358.1886146929386 797.8087581473094 0 0 24.0 1 21
337.4262139839077 795.0753362380551 0 0 24.0 1 22
316.83532367289627 791.2590402935223 0 0 24.0 1 23
296.47238195899166 786.3703305156273 0 0 24.0 1 24
276.3932022500211 780.4226065180615 0 0 24.0 1 25
256.65282018187986 773.4321705988807 0 0 24.0 1 26
237.3053427696799 765.4181830570403 0 0 24.0 1 27
218.4038001041813 756.4026096753471 0 0 24.0 1 28
200.00000000000009 746.4101615137755 0 0 24.0 1 29
182.14438599398918 735.4682271781696 0 0 24.0 1 30
164.8858990830108 723.606797749979 0 0 24.0 1 31
148.27184358006508 710.8583845827884 0 0 24.0 1 32
132.3477574564567 697.2579301909577 0 0 24.0 1 33
117.15728752538104 682.842712474619 0 0 24.0 1 34
102.74206980904233 667.6522425435434 0 0 24.0 1 35
89.14161541721165 651.728156419935 0 0 24.0 1 36
76.39320225002109 635.1141009169893 0 0 24.0 1 37
64.53177282183043 617.8556140060109 0 0 24.0 1 38
53.589838486224494 600.0 0 0 24.0 1 39
43.597390324652906 581.5961998958187 0 0 24.0 1 40
34.58181694295968 562.6946572303202 0 0 24.0 1 41
26.567829401119297 543.3471798181201 0 0 24.0 1 42
19.5773934819386 523.606797749979 0 0 24.0 1 43
13.629669484372698 503.5276180410084 0 0 24.0 1 44
8.740959706477724 483.16467632710373 0 0 24.0 1 45
4.924663761944942 462.5737860160924 0 0 24.0 1 46
2.1912418526906663 441.81138530706147 0 0 24.0 1 47
0.5481860981704472 420.9343824971775 0 0 24.0 1 48
0.0 400.00000000000006 0 0 24.0 1 49
0.5481860981704472 379.0656175028226 0 0 24.0 1 50
2.1912418526906663 358.1886146929386 0 0 24.0 1 51
4.924663761944885 337.4262139839077 0 0 24.0 1 52
8.740959706477781 316.8353236728962 0 0 24.0 1 53
13.629669484372698 296.47238195899166 0 0 24.0 1 54
19.577393481938543 276.3932022500211 0 0 24.0 1 55
26.567829401119297 256.65282018187986 0 0 24.0 1 56
34.58181694295968 237.30534276967992 0 0 24.0 1 57
43.59739032465285 218.40380010418136 0 0 24.0 1 58
53.58983848622455 199.99999999999994 0 0 24.0 1 59
64.53177282183037 182.14438599398918 0 0 24.0 1 60
76.39320225002103 164.8858990830108 0 0 24.0 1 61
89.14161541721171 148.27184358006497 0 0 24.0 1 62
102.74206980904228 132.3477574564567 0 0 24.0 1 63
117.15728752538092 117.15728752538104 0 0 24.0 1 64
132.34775745645675 102.74206980904228 0 0 24.0 1 65
148.27184358006485 89.14161541721177 0 0 24.0 1 66
164.8858990830107 76.39320225002109 0 0 24.0 1 67
182.1443859939892 64.53177282183032 0 0 24.0 1 68
199.99999999999983 53.58983848622461 0 0 24.0 1 69
218.40380010418124 43.597390324652906 0 0 24.0 1 70
237.30534276967995 34.58181694295962 0 0 24.0 1 71
256.65282018187975 26.567829401119354 0 0 24.0 1 72
276.393202250021 19.5773934819386 0 0 24.0 1 73
296.4723819589917 13.629669484372698 0 0 24.0 1 74
316.8353236728961 8.740959706477781 0 0 24.0 1 75
337.4262139839076 4.924663761944942 0 0 24.0 1 76
358.18861469293864 2.1912418526906663 0 0 24.0 1 77
379.0656175028223 0.5481860981704472 0 0 24.0 1 78
399.99999999999994 0.0 0 0 24.0 1 79
420.9343824971776 0.5481860981704472 0 0 24.0 1 80
441.8113853070612 2.1912418526906663 0 0 24.0 1 81
462.5737860160923 4.924663761944885 0 0 24.0 1 82
483.1646763271038 8.740959706477781 0 0 24.0 1 83
503.5276180410081 13.629669484372641 0 0 24.0 1 84
523.6067977499789 19.577393481938543 0 0 24.0 1 85
543.3471798181201 26.567829401119297 0 0 24.0 1 86
562.6946572303199 34.58181694295956 0 0 24.0 1 87
581.5961998958187 43.59739032465279 0 0 24.0 1 88
600.0 53.58983848622455 0 0 24.0 1 89
617.8556140060107 64.53177282183032 0 0 24.0 1 90
635.1141009169892 76.39320225002098 0 0 24.0 1 91
651.728156419935 89.14161541721171 0 0 24.0 1 92
667.6522425435431 102.74206980904216 0 0 24.0 1 93
682.842712474619 117.15728752538092 0 0 24.0 1 94
697.2579301909577 132.34775745645675 0 0 24.0 1 95
710.8583845827882 148.27184358006485 0 0 24.0 1 96
723.6067977499789 164.88589908301066 0 0 24.0 1 97
735.4682271781696 182.1443859939892 0 0 24.0 1 98
746.4101615137754 199.99999999999983 0 0 24.0 1 99
756.4026096753471 218.40380010418122 0 0 24.0 1 100
765.4181830570403 237.30534276967995 0 0 24.0 1 101
773.4321705988806 256.6528201818797 0 0 24.0 1 102
780.4226065180615 276.3932022500209 0 0 24.0 1 103
786.3703305156273 296.4723819589917 0 0 24.0 1 104
791.2590402935223 316.83532367289604 0 0 24.0 1 105
795.0753362380551 337.4262139839076 0 0 24.0 1 106
797.8087581473094 358.18861469293864 0 0 24.0 1 107
799.4518139018296 379.06561750282225 0 0 24.0 1 108
800.0 399.9999999999999 0 0 24.0 1 109
529.443275792483 447.8376248585902 0 0 11.0 1 110
162.43168674127892 515.1403340945569 0 0 11.0 1 111
170.39517400506142 503.8538582809227 0 0 13.0 1 112
569.2911069567899 648.8805358105465 0 0 13.0 1 113
510.5448685939565 329.708947741943 0 0 12.0 1 114
292.0103601657004 474.1568451894918 0 0 13.0 1 115
734.1392597543274 302.7634066267738 0 0 10.0 1 116
709.0 400.0 0 0 13.0 1 117
236.38474326651638 129.65568664379816 0 0 10.0 1 118
199.52567707507393 673.3697968828899 0 0 12.0 1 119
92.97679274941538 375.48979376740067 0 0 11.0 1 120
482.191949858924 625.4872133367835 0 0 12.0 1 121
282.4475989913403 645.2864305604761 0 0 12.0 1 122
581.2586342589001 263.34603003718377 0 0 10.0 1 123
460.521911718459 699.9551603189101 0 0 13.0 1 124
221.2270369243004 443.54569637902864 0 0 12.0 1 125
166.29115420311916 518.4237112925017 0 0 13.0 1 126
525.2346511262805 65.68685015800105 0 0 12.0 1 127
180.46475729550997 303.02434733047346 0 0 10.0 1 128
202.3506703217913 353.69943328905384 0 0 11.0 1 129
50.68516094611397 305.00977304607767 0 0 13.0 1 130
524.1677886708134 627.2957550342729 0 0 12.0 1 131
280.0472569888567 586.8029428143535 0 0 13.0 1 132
621.9913625921225 398.0417011227173 0 0 12.0 1 133
329.398998573793 115.63316192351698 0 0 12.0 1 134
446.66400206101423 581.0841542257347 0 0 13.0 1 135
342.1412635825045 68.00396595716569 0 0 11.0 1 136
674.7826601733527 301.21493195803447 0 0 10.0 1 137
486.2700600544238 126.27298865803158 0 0 10.0 1 138
512.430626628818 269.8333598964338 0 0 12.0 1 139
516.7912704709114 477.1997353738367 0 0 12.0 1 140
208.0568092303616 189.3277153558869 0 0 13.0 1 141
343.6482536013007 107.37655480495641 0 0 12.0 1 142
87.77237114710988 358.2997868002826 0 0 10.0 1 143
265.73678929766356 530.1629373204985 0 0 10.0 1 144
257.95635650636615 547.812730652855 0 0 12.0 1 145
695.4258440911588 299.6627155887388 0 0 12.0 1 146
381.0276362080116 685.3700219226687 0 0 13.0 1 147
547.0077695136777 100.09215464977672 0 0 11.0 1 148
694.029034786246 358.09622090230334 0 0 12.0 1 149
373.1478255415594 260.56198249095235 0 0 13.0 1 150
750.1419430105684 491.8946121640647 0 0 11.0 1 151
362.18777942708635 235.2843784720304 0 0 13.0 1 152
297.9022952652332 302.75259032811016 0 0 11.0 1 153
103.04637898346743 405.24852028380917 0 0 13.0 1 154
504.5390757747282 569.3298013822896 -13 -7 13.0 1 155
464.7244485813517 293.0619536561474 9 20 13.0 1 156
125.53715914151246 251.62834169596758 3 16 12.0 1 157
622.1269931043939 419.7129128847195 -17 19 11.0 1 158
167.40759603813413 268.8902230219264 -16 0 13.0 1 159
328.7738066006468 62.432481755370986 10 -5 11.0 1 160
689.5675971547788 518.8259511975718 16 19 12.0 1 161
590.9162955030761 301.1265045050893 21 22 11.0 1 162
431.23043500876065 158.00690107120084 18 -16 13.0 1 163
102.8471501104712 304.8990862161084 11 15 11.0 1 164
270.6857769032126 330.0941225298309 13 -8 13.0 1 165
189.693324086241 350.734372366678 -17 -7 11.0 1 166
156.38392151842345 545.96988150046 4 13 13.0 1 167
477.9126102553722 602.530553653503 12 1 11.0 1 168
441.4193430958419 184.9524749793457 5 -10 12.0 1 169
346.66591615198587 271.6392758664357 -12 1 12.0 1 170
256.9034596221479 602.5521664458066 -2 9 13.0 1 171
522.7931461167617 719.1956191221109 7 18 10.0 1 172
127.82780102000385 233.61702580373984 4 6 11.0 1 173
537.5335759881445 574.2656462872509 15 10 10.0 1 174
259.5119674790009 584.6269555573581 4 -1 12.0 1 175
514.4106419254489 291.0311741175178 4 22 10.0 1 176
423.5389347148575 754.2187439316131 -13 -17 11.0 1 177
451.2055139826284 748.2556465267646 -6 15 11.0 1 178
603.5732642744312 155.7011541724918 18 -15 12.0 1 179
167.13923692067064 566.0477793230384 -9 -3 13.0 1 180
565.2678950915556 333.89006994401996 -13 -11 12.0 1 181
148.44920106777184 288.8820646495008 7 -12 10.0 1 182
126.50702012590006 356.0615207410956 13 11 10.0 1 183
406.57044526486794 235.13087235925164 11 0 11.0 1 184
255.0724609832945 424.59691920874036 -12 3 10.0 1 185
283.74413282599465 642.5810655175296 9 -3 13.0 1 186
470.7114243391484 92.01315861237043 15 -6 12.0 1 187
223.38033790922748 489.49578181647075 -5 9 12.0 1 188
570.3992808023683 187.99036554430916 -16 0 12.0 1 189
266.60312142517876 510.1556752350708 -10 0 12.0 1 190
488.16787684664877 607.0058585942779 -1 -2 11.0 1 191
410.08803799602356 725.8438759427447 2 17 12.0 1 192
255.88908033484205 486.3483806059059 -13 -10 13.0 1 193
162.00000010813315 399.99282564390046 9 18 13.0 1 194
204.80248370023455 307.5125433888314 -8 11 11.0 1 195
355.9924891851595 666.389449850931 4 -2 13.0 1 196
361.2903617729833 152.0028953630033 0 3 11.0 1 197
469.84478518466426 572.388242007708 -13 -16 12.0 1 198
183.772698222282 365.2616355317687 8 -2 12.0 1 199
298.0647517238467 325.9378290969068 -16 13 10.0 1 200
606.4722844183439 313.13691366828755 -5 10 11.0 1 201
86.0270706634227 308.62166753650706 8 20 13.0 1 202
211.1182477932973 406.68458550141725 19 11 12.0 1 203
447.27781830782453 721.5428554579503 4 13 10.0 1 204
460.4992931959787 113.31404721753978 19 4 11.0 1 205
644.5023522324723 441.50421367509614 -4 1 11.0 1 206
534.7270007304897 276.1547930916718 -16 -17 12.0 1 207
332.23156051424746 596.6505494771523 14 -14 13.0 1 208
570.8002661624461 319.07862409203864 -15 14 13.0 1 209
435.7172071008017 195.08957782260455 -11 -14 10.0 1 210
506.325598800294 332.3918123319452 -14 -2 10.0 1 211
290.2942154272196 51.87697457469045 -1 9 10.0 1 212
573.2052771412007 704.1380146749825 2 -16 13.0 1 213
668.1707964740883 261.11722958389294 -14 22 10.0 1 214
48.22022869439496 412.44959839417396 -13 14 13.0 1 215
605.4764413431783 340.2050833854299 -13 -17 12.0 1 216
458.55561356429513 64.06512518032764 19 -14 13.0 1 217
413.43350987869576 559.4350676994839 -10 -4 10.0 1 218
326.52233615674277 285.55773107746734 9 -8 11.0 1 219
