400 400 7.0710678118654755 7.0710678118654755 5 2 -1 10 187
742.842712474619 742.842712474619
800.0 400.0 0 0 24.0 1 0
799.4518139018296 420.9343824971775 0 0 24.0 1 1
797.8087581473094 441.8113853070614 0 0 24.0 1 2
795.0753362380551 462.57378601609236 0 0 24.0 1 3
791.2590402935223 483.16467632710373 0 0 24.0 1 4
786.3703305156273 503.5276180410083 0 0 24.0 1 5
780.4226065180615 523.6067977499789 0 0 24.0 1 6
773.4321705988807 543.3471798181201 0 0 24.0 1 7
765.4181830570403 562.6946572303201 0 0 24.0 1 8
756.4026096753471 581.5961998958187 0 0 24.0 1 9
581.5961998958187 756.4026096753471 0 0 24.0 1 10
562.6946572303201 765.4181830570403 0 0 24.0 1 11
543.3471798181201 773.4321705988807 0 0 24.0 1 12
523.606797749979 780.4226065180615 0 0 24.0 1 13
503.5276180410083 786.3703305156273 0 0 24.0 1 14
483.1646763271038 791.2590402935223 0 0 24.0 1 15
462.57378601609236 795.0753362380551 0 0 24.0 1 16
441.8113853070614 797.8087581473094 0 0 24.0 1 17
420.9343824971776 799.4518139018296 0 0 24.0 1 18
400.0 800.0 0 0 24.0 1 19
379.0656175028225 799.4518139018296 0 0 24.0 1 20
358.1886146929386 797.8087581473094 0 0 24.0 1 21
337.4262139839077 795.0753362380551 0 0 24.0 1 22
316.83532367289627 791.2590402935223 0 0 24.0 1 23
296.47238195899166 786.3703305156273 0 0 24.0 1 24
276.3932022500211 780.4226065180615 0 0 24.0 1 25
256.65282018187986 773.4321705988807 0 0 24.0 1 26
237.3053427696799 765.4181830570403 0 0 24.0 1 27
218.4038001041813 756.4026096753471 0 0 24.0 1 28
200.00000000000009 746.4101615137755 0 0 24.0 1 29
182.14438599398918 735.4682271781696 0 0 24.0 1 30
164.8858990830108 723.606797749979 0 0 24.0 1 31
148.27184358006508 710.8583845827884 0 0 24.0 1 32
132.3477574564567 697.2579301909577 0 0 24.0 1 33
117.15728752538104 682.842712474619 0 0 24.0 1 34
102.74206980904233 667.6522425435434 0 0 24.0 1 35
89.14161541721165 651.728156419935 0 0 24.0 1 36
76.39320225002109 635.1141009169893 0 0 24.0 1 37
64.53177282183043 617.8556140060109 0 0 24.0 1 38
53.589838486224494 600.0 0 0 24.0 1 39
43.597390324652906 581.5961998958187 0 0 24.0 1 40
34.58181694295968 562.6946572303202 0 0 24.0 1 41
26.567829401119297 543.3471798181201 0 0 24.0 1 42
19.5773934819386 523.606797749979 0 0 24.0 1 43
13.629669484372698 503.5276180410084 0 0 24.0 1 44
8.740959706477724 483.16467632710373 0 0 24.0 1 45
4.924663761944942 462.5737860160924 0 0 24.0 1 46
2.1912418526906663 441.81138530706147 0 0 24.0 1 47
0.5481860981704472 420.9343824971775 0 0 24.0 1 48
0.0 400.00000000000006 0 0 24.0 1 49
0.5481860981704472 379.0656175028226 0 0 24.0 1 50
2.1912418526906663 358.1886146929386 0 0 24.0 1 51
4.924663761944885 337.4262139839077 0 0 24.0 1 52
8.740959706477781 316.8353236728962 0 0 24.0 1 53
13.629669484372698 296.47238195899166 0 0 24.0 1 54
19.577393481938543 276.3932022500211 0 0 24.0 1 55
26.567829401119297 256.65282018187986 0 0 24.0 1 56
34.58181694295968 237.30534276967992 0 0 24.0 1 57
43.59739032465285 218.40380010418136 0 0 24.0 1 58
53.58983848622455 199.99999999999994 0 0 24.0 1 59
64.53177282183037 182.14438599398918 0 0 24.0 1 60
76.39320225002103 164.8858990830108 0 0 24.0 1 61
89.14161541721171 148.27184358006497 0 0 24.0 1 62
102.74206980904228 132.3477574564567 0 0 24.0 1 63
117.15728752538092 117.15728752538104 0 0 24.0 1 64
132.34775745645675 102.74206980904228 0 0 24.0 1 65
148.27184358006485 89.14161541721177 0 0 24.0 1 66
164.8858990830107 76.39320225002109 0 0 24.0 1 67
182.1443859939892 64.53177282183032 0 0 24.0 1 68
199.99999999999983 53.58983848622461 0 0 24.0 1 69
218.40380010418124 43.597390324652906 0 0 24.0 1 70
237.30534276967995 34.58181694295962 0 0 24.0 1 71
256.65282018187975 26.567829401119354 0 0 24.0 1 72
276.393202250021 19.5773934819386 0 0 24.0 1 73
296.4723819589917 13.629669484372698 0 0 24.0 1 74
316.8353236728961 8.740959706477781 0 0 24.0 1 75
337.4262139839076 4.924663761944942 0 0 24.0 1 76
358.18861469293864 2.1912418526906663 0 0 24.0 1 77
379.0656175028223 0.5481860981704472 0 0 24.0 1 78
399.99999999999994 0.0 0 0 24.0 1 79
420.9343824971776 0.5481860981704472 0 0 24.0 1 80
441.8113853070612 2.1912418526906663 0 0 24.0 1 81
462.5737860160923 4.924663761944885 0 0 24.0 1 82
483.1646763271038 8.740959706477781 0 0 24.0 1 83
503.5276180410081 13.629669484372641 0 0 24.0 1 84
523.6067977499789 19.577393481938543 0 0 24.0 1 85
543.3471798181201 26.567829401119297 0 0 24.0 1 86
562.6946572303199 34.58181694295956 0 0 24.0 1 87
581.5961998958187 43.59739032465279 0 0 24.0 1 88
600.0 53.58983848622455 0 0 24.0 1 89
617.8556140060107 64.53177282183032 0 0 24.0 1 90
635.1141009169892 76.39320225002098 0 0 24.0 1 91
651.728156419935 89.14161541721171 0 0 24.0 1 92
667.6522425435431 102.74206980904216 0 0 24.0 1 93
682.842712474619 117.15728752538092 0 0 24.0 1 94
697.2579301909577 132.34775745645675 0 0 24.0 1 95
710.8583845827882 148.27184358006485 0 0 24.0 1 96
723.6067977499789 164.88589908301066 0 0 24.0 1 97
735.4682271781696 182.1443859939892 0 0 24.0 1 98
746.4101615137754 199.99999999999983 0 0 24.0 1 99
756.4026096753471 218.40380010418122 0 0 24.0 1 100
765.4181830570403 237.30534276967995 0 0 24.0 1 101
773.4321705988806 256.6528201818797 0 0 24.0 1 102
780.4226065180615 276.3932022500209 0 0 24.0 1 103
786.3703305156273 296.4723819589917 0 0 24.0 1 104
791.2590402935223 316.83532367289604 0 0 24.0 1 105
795.0753362380551 337.4262139839076 0 0 24.0 1 106
797.8087581473094 358.18861469293864 0 0 24.0 1 107
799.4518139018296 379.06561750282225 0 0 24.0 1 108
800.0 399.9999999999999 0 0 24.0 1 109
512.2551494689349 100.33555196235392 0 0 10.0 1 110
270.0000000590643 399.99608123406324 0 0 12.0 1 111
599.4640880352791 558.8681138059316 0 0 13.0 1 112
627.0629013321235 175.93876096335103 0 0 13.0 1 113
124.43354520000707 319.79944520788234 0 0 12.0 1 114
671.2231100216055 461.00839770234967 0 0 13.0 1 115
579.8723022071557 248.7685386611051 0 0 11.0 1 116
143.24411210260553 233.52954006785285 0 0 11.0 1 117
269.0899323044249 283.8640702627307 0 0 13.0 1 118
228.5355336982113 517.7452198428572 0 0 11.0 1 119
466.6157291730235 556.4044264934544 0 0 12.0 1 120
301.6455907928951 620.0168406952553 0 0 11.0 1 121
381.6669957401147 524.6591390745461 0 0 12.0 1 122
120.5296058530464 584.7195138455774 0 0 13.0 1 123
268.1397365747591 311.152541232593 0 0 13.0 1 124
249.65333250151863 212.92814329220687 0 0 13.0 1 125
307.1981491408367 735.3979971274629 0 0 11.0 1 126
415.29567174286706 134.44013400753784 0 0 12.0 1 127
288.4820304992885 541.2931083897527 0 0 10.0 1 128
627.678480811678 598.4099528130743 0 0 10.0 1 129
233.46918512775298 446.86670137726134 0 0 12.0 1 130
383.300283172421 220.7763423599477 0 0 12.0 1 131
386.0246870929063 214.52576828802114 0 0 11.0 1 132
490.48346814786197 264.42071695153845 0 0 10.0 1 133
223.69659233873827 257.01011068251375 0 0 13.0 1 134
267.3103449646868 246.36909345249057 0 0 11.0 1 135
574.3675839303739 215.30580497946346 0 0 12.0 1 136
526.9852716315932 377.2900729052137 0 0 13.0 1 137
592.952126790917 159.93026686635008 0 0 10.0 1 138
291.75214344055456 243.85134790756044 0 0 13.0 1 139
554.8153365339617 184.92510240877436 0 0 13.0 1 140
218.11800954529605 272.7092244181261 0 0 13.0 1 141
136.68374954947183 166.40087275703542 0 0 10.0 1 142
514.4371858489706 166.53880302078426 0 0 13.0 1 143
510.5131691679476 134.04729849001984 0 0 13.0 1 144
155.26976016445923 149.7858722812825 0 0 11.0 1 145
221.939163139861 700.1588552361349 0 0 13.0 1 146
271.94170024414285 716.0412502564168 0 0 12.0 1 147
629.376820028524 265.3067394648042 0 0 10.0 1 148
444.4883637755512 669.3506738223875 0 0 11.0 1 149
529.2725913070456 226.9549274415432 0 0 12.0 1 150
501.3913669393644 296.34291770377115 0 0 10.0 1 151
138.17424486822546 295.2561507787878 0 0 11.0 1 152
540.011463714697 487.3028638045058 0 0 13.0 1 153
692.5587766975136 554.8236486369392 0 0 11.0 1 154
454.66180113378715 597.578054188238 12 -5 13.0 1 155
119.175807565696 409.93845780898545 19 21 11.0 1 156
759.7743821302449 412.74338898411787 -7 -14 13.0 1 157
240.14781208762304 680.6711207438808 -10 1 12.0 1 158
275.86471485520246 258.810655564877 3 -12 10.0 1 159
485.57691339208407 570.7559424860046 14 -15 10.0 1 160
553.8456708668061 721.0412894871038 -15 -11 13.0 1 161
564.7871855161591 677.8024180774223 10 -8 10.0 1 162
428.84159277861426 640.275180836458 13 2 13.0 1 163
701.8116053006893 222.7720256115844 6 -8 11.0 1 164
237.12444354331186 197.33882189989077 -1 15 13.0 1 165
739.9002814742296 301.0869136375802 -5 21 11.0 1 166
514.9762913016534 193.90183785749727 -10 -4 12.0 1 167
477.39583856025916 266.86140990098215 21 14 11.0 1 168
204.17273695153398 219.97865946797617 1 -13 11.0 1 169
291.17546229023606 269.39670757497663 1 3 12.0 1 170
636.8900763192605 300.3401196997764 -5 7 13.0 1 171
485.4625501397968 276.7273245053766 17 5 13.0 1 172
257.2774133627106 154.46738859458725 10 17 12.0 1 173
623.0137346642799 274.2984719619918 -4 -11 12.0 1 174
355.18161684206655 219.48043726202783 12 -3 13.0 1 175
474.51551995233046 75.44424625923847 12 -7 13.0 1 176
189.87350308281597 676.1446274931175 16 5 12.0 1 177
427.88754755654486 538.2146326959684 -15 5 12.0 1 178
590.6817786257996 309.6592046741807 5 6 13.0 1 179
586.7247984486509 714.7854025273579 14 -4 13.0 1 180
289.11933271987 262.0345056780026 22 2 13.0 1 181
214.93719104192013 366.8977834496656 -15 -3 11.0 1 182
586.5004851003675 103.82848034065199 16 16 10.0 1 183
492.808410049035 654.6126450594513 17 -14 11.0 1 184
460.29558460422686 765.0540267922469 -17 19 13.0 1 185
290.3430395052484 670.627698166785 21 -7 13.0 1 186
265.1969602412919 381.99609842805853 -3 -10 10.0 1 187
401.5578456917939 48.00344729415235 18 -1 11.0 1 188
629.8870766142911 537.7531560645166 -15 16 12.0 1 189
232.0762810426152 293.21692731747584 12 -10 10.0 1 190
336.467087982107 584.3598901348303 18 9 11.0 1 191
573.9339108636947 519.448711385516 20 -14 10.0 1 192
427.3707763778426 724.8489504376982 -3 20 11.0 1 193
707.6988211305235 386.3825305256036 2 0 11.0 1 194
471.74331266685465 253.63778804764553 -5 -5 10.0 1 195
245.32519090950268 627.3778868597784 -14 16 13.0 1 196
224.4901779945908 695.858585103812 11 5 10.0 1 197
72.46193153260265 417.40154316853875 21 0 10.0 1 198
53.339777779817155 384.64779070448037 20 -8 11.0 1 199
323.5175743117379 598.7949661355626 -9 19 10.0 1 200
395.41569530377996 547.9289834699482 6 -8 11.0 1 201
495.7881583204225 694.8298301149015 -1 8 10.0 1 202
122.31740930933057 528.5627427652279 22 -4 11.0 1 203
476.41215993376227 579.4050774483742 7 -7 13.0 1 204
152.47284313776734 146.92628225021144 -14 10 12.0 1 205
372.2318793508532 184.78398880284388 4 -15 13.0 1 206
211.65854039879832 638.6283608360266 -10 -10 10.0 1 207
178.88973875345707 490.72624962757766 9 12 11.0 1 208
187.4720792962257 144.93945244054262 -12 16 13.0 1 209
302.4035831428423 176.36874230858535 -11 -8 13.0 1 210
554.5242764297082 287.73581161441047 14 20 11.0 1 211
175.27066871747965 617.8663068519572 -6 -4 13.0 1 212
270.96644386686586 372.17300965542046 -1 -8 12.0 1 213
535.9435438754188 230.85996074674665 20 -9 12.0 1 214
224.7483151008206 347.31369305029307 8 -13 12.0 1 215
273.33149375345533 554.7743180416863 -3 3 12.0 1 216
57.31231159237029 496.44246063760136 19 -6 11.0 1 217
465.7477461372345 259.6353538889733 2 -16 11.0 1 218
720.815314749568 248.0048230300197 6 -15 11.0 1 219
