400 400 -7.071067811865475 7.0710678118654755 5 2 -1 10 187
57.15728752538104 742.842712474619
800.0 400.0 0 0 24.0 1 0
799.4518139018296 420.9343824971775 0 0 24.0 1 1
797.8087581473094 441.8113853070614 0 0 24.0 1 2
795.0753362380551 462.57378601609236 0 0 24.0 1 3
791.2590402935223 483.16467632710373 0 0 24.0 1 4
786.3703305156273 503.5276180410083 0 0 24.0 1 5
780.4226065180615 523.6067977499789 0 0 24.0 1 6
773.4321705988807 543.3471798181201 0 0 24.0 1 7
765.4181830570403 562.6946572303201 0 0 24.0 1 8
756.4026096753471 581.5961998958187 0 0 24.0 1 9
746.4101615137755 600.0 0 0 24.0 1 10
735.4682271781696 617.8556140060108 0 0 24.0 1 11
723.606797749979 635.1141009169893 0 0 24.0 1 12
710.8583845827884 651.728156419935 0 0 24.0 1 13
697.2579301909577 667.6522425435433 0 0 24.0 1 14
682.842712474619 682.842712474619 0 0 24.0 1 15
667.6522425435433 697.2579301909577 0 0 24.0 1 16
651.728156419935 710.8583845827884 0 0 24.0 1 17
635.1141009169893 723.606797749979 0 0 24.0 1 18
617.8556140060108 735.4682271781696 0 0 24.0 1 19
600.0 746.4101615137754 0 0 24.0 1 20
581.5961998958187 756.4026096753471 0 0 24.0 1 21
562.6946572303201 765.4181830570403 0 0 24.0 1 22
543.3471798181201 773.4321705988807 0 0 24.0 1 23
523.606797749979 780.4226065180615 0 0 24.0 1 24
503.5276180410083 786.3703305156273 0 0 24.0 1 25
483.1646763271038 791.2590402935223 0 0 24.0 1 26
462.57378601609236 795.0753362380551 0 0 24.0 1 27
441.8113853070614 797.8087581473094 0 0 24.0 1 28
420.9343824971776 799.4518139018296 0 0 24.0 1 29
400.0 800.0 0 0 24.0 1 30
379.0656175028225 799.4518139018296 0 0 24.0 1 31
358.1886146929386 797.8087581473094 0 0 24.0 1 32
337.4262139839077 795.0753362380551 0 0 24.0 1 33
316.83532367289627 791.2590402935223 0 0 24.0 1 34
296.47238195899166 786.3703305156273 0 0 24.0 1 35
276.3932022500211 780.4226065180615 0 0 24.0 1 36
256.65282018187986 773.4321705988807 0 0 24.0 1 37
237.3053427696799 765.4181830570403 0 0 24.0 1 38
218.4038001041813 756.4026096753471 0 0 24.0 1 39
43.597390324652906 581.5961998958187 0 0 24.0 1 40
34.58181694295968 562.6946572303202 0 0 24.0 1 41
26.567829401119297 543.3471798181201 0 0 24.0 1 42
19.5773934819386 523.606797749979 0 0 24.0 1 43
13.629669484372698 503.5276180410084 0 0 24.0 1 44
8.740959706477724 483.16467632710373 0 0 24.0 1 45
4.924663761944942 462.5737860160924 0 0 24.0 1 46
2.1912418526906663 441.81138530706147 0 0 24.0 1 47
0.5481860981704472 420.9343824971775 0 0 24.0 1 48
0.0 400.00000000000006 0 0 24.0 1 49
0.5481860981704472 379.0656175028226 0 0 24.0 1 50
2.1912418526906663 358.1886146929386 0 0 24.0 1 51
4.924663761944885 337.4262139839077 0 0 24.0 1 52
8.740959706477781 316.8353236728962 0 0 24.0 1 53
13.629669484372698 296.47238195899166 0 0 24.0 1 54
19.577393481938543 276.3932022500211 0 0 24.0 1 55
26.567829401119297 256.65282018187986 0 0 24.0 1 56
34.58181694295968 237.30534276967992 0 0 24.0 1 57
43.59739032465285 218.40380010418136 0 0 24.0 1 58
53.58983848622455 199.99999999999994 0 0 24.0 1 59
64.53177282183037 182.14438599398918 0 0 24.0 1 60
76.39320225002103 164.8858990830108 0 0 24.0 1 61
89.14161541721171 148.27184358006497 0 0 24.0 1 62
102.74206980904228 132.3477574564567 0 0 24.0 1 63
117.15728752538092 117.15728752538104 0 0 24.0 1 64
132.34775745645675 102.74206980904228 0 0 24.0 1 65
148.27184358006485 89.14161541721177 0 0 24.0 1 66
164.8858990830107 76.39320225002109 0 0 24.0 1 67
182.1443859939892 64.53177282183032 0 0 24.0 1 68
199.99999999999983 53.58983848622461 0 0 24.0 1 69
218.40380010418124 43.597390324652906 0 0 24.0 1 70
237.30534276967995 34.58181694295962 0 0 24.0 1 71
256.65282018187975 26.567829401119354 0 0 24.0 1 72
276.393202250021 19.5773934819386 0 0 24.0 1 73
296.4723819589917 13.629669484372698 0 0 24.0 1 74
316.8353236728961 8.740959706477781 0 0 24.0 1 75
337.4262139839076 4.924663761944942 0 0 24.0 1 76
358.18861469293864 2.1912418526906663 0 0 24.0 1 77
379.0656175028223 0.5481860981704472 0 0 24.0 1 78
399.99999999999994 0.0 0 0 24.0 1 79
420.9343824971776 0.5481860981704472 0 0 24.0 1 80
441.8113853070612 2.1912418526906663 0 0 24.0 1 81
462.5737860160923 4.924663761944885 0 0 24.0 1 82
483.1646763271038 8.740959706477781 0 0 24.0 1 83
503.5276180410081 13.629669484372641 0 0 24.0 1 84
523.6067977499789 19.577393481938543 0 0 24.0 1 85
543.3471798181201 26.567829401119297 0 0 24.0 1 86
562.6946572303199 34.58181694295956 0 0 24.0 1 87
581.5961998958187 43.59739032465279 0 0 24.0 1 88
600.0 53.58983848622455 0 0 24.0 1 89
617.8556140060107 64.53177282183032 0 0 24.0 1 90
635.1141009169892 76.39320225002098 0 0 24.0 1 91
651.728156419935 89.14161541721171 0 0 24.0 1 92
667.6522425435431 102.74206980904216 0 0 24.0 1 93
682.842712474619 117.15728752538092 0 0 24.0 1 94
697.2579301909577 132.34775745645675 0 0 24.0 1 95
710.8583845827882 148.27184358006485 0 0 24.0 1 96
723.6067977499789 164.88589908301066 0 0 24.0 1 97
735.4682271781696 182.1443859939892 0 0 24.0 1 98
746.4101615137754 199.99999999999983 0 0 24.0 1 99
756.4026096753471 218.40380010418122 0 0 24.0 1 100
765.4181830570403 237.30534276967995 0 0 24.0 1 101
773.4321705988806 256.6528201818797 0 0 24.0 1 102
780.4226065180615 276.3932022500209 0 0 24.0 1 103
786.3703305156273 296.4723819589917 0 0 24.0 1 104
791.2590402935223 316.83532367289604 0 0 24.0 1 105
795.0753362380551 337.4262139839076 0 0 24.0 1 106
797.8087581473094 358.18861469293864 0 0 24.0 1 107
799.4518139018296 379.06561750282225 0 0 24.0 1 108
800.0 399.9999999999999 0 0 24.0 1 109
674.8896955021623 551.7618374517402 0 0 10.0 1 110
530.8040745345754 352.9756011718041 0 0 10.0 1 111
129.50775156588782 476.1245265145112 0 0 13.0 1 112
666.8813980375298 632.5732559464514 0 0 11.0 1 113
494.5205940970552 565.972459436919 0 0 12.0 1 114
697.7738175951818 217.97870027166778 0 0 10.0 1 115
531.666528183102 223.75038906083103 0 0 11.0 1 116
693.4363905085859 381.8042662886961 0 0 11.0 1 117
187.8911228205544 190.68247989794344 0 0 11.0 1 118
229.51380265810442 377.2303597766623 0 0 10.0 1 119
508.5222737546665 667.8505480657399 0 0 12.0 1 120
523.4628448758839 608.1367962066137 0 0 10.0 1 121
391.0917732186119 245.25620046150038 0 0 10.0 1 122
333.1023748632913 263.51297588756506 0 0 13.0 1 123
238.7330184699423 496.6279497256566 0 0 10.0 1 124
208.03063295805467 330.9799875578476 0 0 10.0 1 125
205.98916986235378 601.8905589404849 0 0 13.0 1 126
385.1721128413023 142.42644980043286 0 0 11.0 1 127
413.2283121465996 671.6781400071638 0 0 12.0 1 128
749.4229649534952 498.34933432976806 0 0 13.0 1 129
380.62961458999786 691.356805599368 0 0 10.0 1 130
119.90619244190617 541.9276539917768 0 0 12.0 1 131
193.70247372683264 250.11227317231135 0 0 13.0 1 132
602.8659218482209 335.08145293776545 0 0 13.0 1 133
715.6909983027449 386.02883001977517 0 0 10.0 1 134
104.01159538718741 397.38001245004045 0 0 10.0 1 135
372.4627574573285 525.0028010612006 0 0 12.0 1 136
584.9398489310613 275.39561694163314 0 0 12.0 1 137
440.3479411456393 599.9701068792734 0 0 13.0 1 138
321.01944460213895 55.949027222643394 0 0 12.0 1 139
556.5167301505683 372.0086945110774 0 0 13.0 1 140
146.19634586672692 594.8940870026536 0 0 13.0 1 141
326.61296835552855 80.31524342500575 0 0 12.0 1 142
604.4862536670662 414.50420839647074 0 0 11.0 1 143
345.51000431409267 697.0434991211721 0 0 11.0 1 144
533.6641853238384 409.48079963476624 0 0 12.0 1 145
249.27199806658882 568.3955742683329 0 0 11.0 1 146
184.0246516850349 499.993244372955 0 0 13.0 1 147
205.40853995926062 436.58091960590014 0 0 11.0 1 148
607.9690681449006 325.2345889134439 0 0 11.0 1 149
601.5279028345702 588.5802332671694 0 0 11.0 1 150
288.4400508950348 200.0115559446057 0 0 12.0 1 151
385.55595414498976 37.28748361913625 0 0 12.0 1 152
203.77920095351348 503.8335110720925 0 0 10.0 1 153
155.70805322618716 317.02141998406705 0 0 13.0 1 154
621.7510880062778 113.8698635794683 -8 -1 12.0 1 155
645.7916587434947 227.99284755533722 0 0 10.0 1 156
475.1115755099748 691.4777027911558 8 -8 12.0 1 157
417.04275936918117 541.9807886760889 -5 -13 10.0 1 158
267.6321496941322 193.83561848514336 -4 -16 12.0 1 159
103.29081844554958 386.85992460873393 10 11 11.0 1 160
767.4811466579167 419.53476006974944 -3 13 10.0 1 161
530.8627750324808 218.20084128137907 16 19 12.0 1 162
622.2573635667834 156.07037010575647 -8 -11 13.0 1 163
488.0692758565068 537.1597705236871 21 8 10.0 1 164
112.04395054577458 454.13237093196335 -7 0 12.0 1 165
604.9678782727767 403.6288946466098 4 -17 10.0 1 166
698.7557865537724 544.8066987422778 -9 20 11.0 1 167
385.1405262608203 623.5065905967755 13 -7 11.0 1 168
329.89065469129366 507.09192173261516 10 16 13.0 1 169
656.4784921928099 553.6872897883973 2 -8 10.0 1 170
187.20856676397997 390.5763095678799 13 -10 13.0 1 171
685.8287360870656 225.28041430088453 19 -4 10.0 1 172
646.8261257818485 375.89888733848414 -8 -4 12.0 1 173
213.92772140067257 264.8071483514965 -5 -15 13.0 1 174
376.09564173232036 246.85437761460364 -1 11 13.0 1 175
553.6272458640585 355.29352028817186 5 18 10.0 1 176
599.9204097567048 615.5639806709629 -7 0 10.0 1 177
625.9572239295161 502.21219572079707 9 -12 13.0 1 178
443.71026957444263 616.6342824525461 19 15 12.0 1 179
294.3620094523092 487.23310697806187 -7 -14 13.0 1 180
211.67337019814343 647.4956171480103 17 15 13.0 1 181
590.6847961087675 466.658146786104 15 0 11.0 1 182
400.9116937855385 194.0020174505551 -8 20 10.0 1 183
644.1952616899811 273.53390111116073 -9 1 13.0 1 184
526.1541883388337 640.9753530230221 -14 -10 10.0 1 185
88.62385781268847 201.99520693542 -1 -17 11.0 1 186
227.15694060550985 457.00242818646194 12 -1 12.0 1 187
144.00542636871546 422.71075232872835 5 8 12.0 1 188
503.7380427266828 561.5624290831161 13 14 12.0 1 189
198.9946774066713 158.76803634436862 12 -17 12.0 1 190
500.3280398378605 132.17489956635382 -9 19 10.0 1 191
116.72841910101772 292.45367763149056 -1 16 12.0 1 192
288.0239488054841 160.92393687597422 9 4 12.0 1 193
455.1307552331956 138.75375633816765 0 -12 12.0 1 194
202.7746086420454 417.4969998485923 -15 6 11.0 1 195
104.5748529238337 287.83947898201654 10 14 13.0 1 196
150.0508756355966 324.85723435041797 2 16 11.0 1 197
748.532452704515 344.0167041719138 -15 20 12.0 1 198
441.4052039191504 527.4425717270865 -9 21 13.0 1 199
234.62472390980096 370.4192958486374 -12 12 12.0 1 200
567.1378877082766 451.8645012741424 16 -17 13.0 1 201
225.76791835396173 467.91304532479944 -16 -17 13.0 1 202
228.560741549804 661.8732148617855 11 -15 11.0 1 203
182.45276180991675 361.08728799136225 12 1 13.0 1 204
457.21800149072953 659.7731708729884 12 16 10.0 1 205
663.4926254108814 551.6167416681975 4 10 10.0 1 206
648.0762254840338 265.90232533859955 5 8 12.0 1 207
569.3271146306095 570.08329797741 -1 -12 12.0 1 208
291.81023714337005 293.2340165922396 -7 19 12.0 1 209
563.7986071163035 262.28283946160207 11 19 11.0 1 210
387.59077965396074 654.6978823045127 15 0 13.0 1 211
457.20185081411137 268.9391429013218 2 16 13.0 1 212
536.021907865578 433.13669537851075 -3 5 12.0 1 213
179.02006415103762 264.91162910084205 4 -9 11.0 1 214
517.0923973414839 538.0230795368082 5 8 11.0 1 215
641.2947010224206 527.6944292383214 -3 -16 10.0 1 216
685.6432705692498 571.1634364532986 -8 -10 12.0 1 217
664.8332619730888 177.33580585847818 14 -10 12.0 1 218
485.4525402800856 622.1302846522292 14 14 13.0 1 219
