400 400 -7.071067811865475 7.0710678118654755 5 2 -1 10 187
57.15728752538104 742.842712474619
800.0 400.0 0 0 24.0 1 0
799.4518139018296 420.9343824971775 0 0 24.0 1 1
797.8087581473094 441.8113853070614 0 0 24.0 1 2
795.0753362380551 462.57378601609236 0 0 24.0 1 3
791.2590402935223 483.16467632710373 0 0 24.0 1 4
786.3703305156273 503.5276180410083 0 0 24.0 1 5
780.4226065180615 523.6067977499789 0 0 24.0 1 6
773.4321705988807 543.3471798181201 0 0 24.0 1 7
765.4181830570403 562.6946572303201 0 0 24.0 1 8
756.4026096753471 581.5961998958187 0 0 24.0 1 9
746.4101615137755 600.0 0 0 24.0 1 10
735.4682271781696 617.8556140060108 0 0 24.0 1 11
723.606797749979 635.1141009169893 0 0 24.0 1 12
710.8583845827884 651.728156419935 0 0 24.0 1 13
697.2579301909577 667.6522425435433 0 0 24.0 1 14
682.842712474619 682.842712474619 0 0 24.0 1 15
667.6522425435433 697.2579301909577 0 0 24.0 1 16
651.728156419935 710.8583845827884 0 0 24.0 1 17
635.1141009169893 723.606797749979 0 0 24.0 1 18
617.8556140060108 735.4682271781696 0 0 24.0 1 19
600.0 746.4101615137754 0 0 24.0 1 20
581.5961998958187 756.4026096753471 0 0 24.0 1 21
562.6946572303201 765.4181830570403 0 0 24.0 1 22
543.3471798181201 773.4321705988807 0 0 24.0 1 23
523.606797749979 780.4226065180615 0 0 24.0 1 24
503.5276180410083 786.3703305156273 0 0 24.0 1 25
483.1646763271038 791.2590402935223 0 0 24.0 1 26
462.57378601609236 795.0753362380551 0 0 24.0 1 27
441.8113853070614 797.8087581473094 0 0 24.0 1 28
420.9343824971776 799.4518139018296 0 0 24.0 1 29
400.0 800.0 0 0 24.0 1 30
379.0656175028225 799.4518139018296 0 0 24.0 1 31
358.1886146929386 797.8087581473094 0 0 24.0 1 32
337.4262139839077 795.0753362380551 0 0 24.0 1 33
316.83532367289627 791.2590402935223 0 0 24.0 1 34
296.47238195899166 786.3703305156273 0 0 24.0 1 35
276.3932022500211 780.4226065180615 0 0 24.0 1 36
256.65282018187986 773.4321705988807 0 0 24.0 1 37
237.3053427696799 765.4181830570403 0 0 24.0 1 38
218.4038001041813 756.4026096753471 0 0 24.0 1 39
43.597390324652906 581.5961998958187 0 0 24.0 1 40
34.58181694295968 562.6946572303202 0 0 24.0 1 41
26.567829401119297 543.3471798181201 0 0 24.0 1 42
19.5773934819386 523.606797749979 0 0 24.0 1 43
13.629669484372698 503.5276180410084 0 0 24.0 1 44
8.740959706477724 483.16467632710373 0 0 24.0 1 45
4.924663761944942 462.5737860160924 0 0 24.0 1 46
2.1912418526906663 441.81138530706147 0 0 24.0 1 47
0.5481860981704472 420.9343824971775 0 0 24.0 1 48
0.0 400.00000000000006 0 0 24.0 1 49
0.5481860981704472 379.0656175028226 0 0 24.0 1 50
2.1912418526906663 358.1886146929386 0 0 24.0 1 51
4.924663761944885 337.4262139839077 0 0 24.0 1 52
8.740959706477781 316.8353236728962 0 0 24.0 1 53
13.629669484372698 296.47238195899166 0 0 24.0 1 54
19.577393481938543 276.3932022500211 0 0 24.0 1 55
26.567829401119297 256.65282018187986 0 0 24.0 1 56
34.58181694295968 237.30534276967992 0 0 24.0 1 57
43.59739032465285 218.40380010418136 0 0 24.0 1 58
53.58983848622455 199.99999999999994 0 0 24.0 1 59
64.53177282183037 182.14438599398918 0 0 24.0 1 60
76.39320225002103 164.8858990830108 0 0 24.0 1 61
89.14161541721171 148.27184358006497 0 0 24.0 1 62
102.74206980904228 132.3477574564567 0 0 24.0 1 63
117.15728752538092 117.15728752538104 0 0 24.0 1 64
132.34775745645675 102.74206980904228 0 0 24.0 1 65
148.27184358006485 89.14161541721177 0 0 24.0 1 66
164.8858990830107 76.39320225002109 0 0 24.0 1 67
182.1443859939892 64.53177282183032 0 0 24.0 1 68
199.99999999999983 53.58983848622461 0 0 24.0 1 69
218.40380010418124 43.597390324652906 0 0 24.0 1 70
237.30534276967995 34.58181694295962 0 0 24.0 1 71
256.65282018187975 26.567829401119354 0 0 24.0 1 72
276.393202250021 19.5773934819386 0 0 24.0 1 73
296.4723819589917 13.629669484372698 0 0 24.0 1 74
316.8353236728961 8.740959706477781 0 0 24.0 1 75
337.4262139839076 4.924663761944942 0 0 24.0 1 76
358.18861469293864 2.1912418526906663 0 0 24.0 1 77
379.0656175028223 0.5481860981704472 0 0 24.0 1 78
399.99999999999994 0.0 0 0 24.0 1 79
420.9343824971776 0.5481860981704472 0 0 24.0 1 80
441.8113853070612 2.1912418526906663 0 0 24.0 1 81
462.5737860160923 4.924663761944885 0 0 24.0 1 82
483.1646763271038 8.740959706477781 0 0 24.0 1 83
503.5276180410081 13.629669484372641 0 0 24.0 1 84
523.6067977499789 19.577393481938543 0 0 24.0 1 85
543.3471798181201 26.567829401119297 0 0 24.0 1 86
562.6946572303199 34.58181694295956 0 0 24.0 1 87
581.5961998958187 43.59739032465279 0 0 24.0 1 88
600.0 53.58983848622455 0 0 24.0 1 89
617.8556140060107 64.53177282183032 0 0 24.0 1 90
635.1141009169892 76.39320225002098 0 0 24.0 1 91
651.728156419935 89.14161541721171 0 0 24.0 1 92
667.6522425435431 102.74206980904216 0 0 24.0 1 93
682.842712474619 117.15728752538092 0 0 24.0 1 94
697.2579301909577 132.34775745645675 0 0 24.0 1 95
710.8583845827882 148.27184358006485 0 0 24.0 1 96
723.6067977499789 164.88589908301066 0 0 24.0 1 97
735.4682271781696 182.1443859939892 0 0 24.0 1 98
746.4101615137754 199.99999999999983 0 0 24.0 1 99
756.4026096753471 218.40380010418122 0 0 24.0 1 100
765.4181830570403 237.30534276967995 0 0 24.0 1 101
773.4321705988806 256.6528201818797 0 0 24.0 1 102
780.4226065180615 276.3932022500209 0 0 24.0 1 103
786.3703305156273 296.4723819589917 0 0 24.0 1 104
791.2590402935223 316.83532367289604 0 0 24.0 1 105
795.0753362380551 337.4262139839076 0 0 24.0 1 106
797.8087581473094 358.18861469293864 0 0 24.0 1 107
799.4518139018296 379.06561750282225 0 0 24.0 1 108
800.0 399.9999999999999 0 0 24.0 1 109
543.6973943217228 369.01518331267187 0 0 10.0 1 110
199.1666074781026 272.2895914651218 0 0 11.0 1 111
598.0076151207456 660.2344795644779 0 0 12.0 1 112
700.9654051832761 303.68891609546426 0 0 11.0 1 113
416.73323487659513 109.48149998568988 0 0 12.0 1 114
450.82713639248846 566.4109437691504 0 0 10.0 1 115
36.36949386326478 468.3582841120357 0 0 10.0 1 116
328.1727136080894 560.6761990139623 0 0 13.0 1 117
670.7767226334504 341.613644745647 0 0 10.0 1 118
197.67162372611497 290.6234570194633 0 0 13.0 1 119
520.5991881639152 153.9678154911342 0 0 13.0 1 120
377.94939482280705 615.8767491216216 0 0 12.0 1 121
352.7223238015888 175.9334444115361 0 0 10.0 1 122
504.104022065004 48.07479119862819 0 0 10.0 1 123
540.0447645567411 470.968048587001 0 0 10.0 1 124
598.5587030704706 328.6176391888537 0 0 13.0 1 125
329.39316480411946 65.36785147923734 0 0 10.0 1 126
639.3645759738056 516.0198248959214 0 0 11.0 1 127
717.4155981581723 259.7989370728965 0 0 11.0 1 128
432.66778905134873 49.51916520514766 0 0 11.0 1 129
159.66607909719866 197.92178132345379 0 0 12.0 1 130
727.6772659344558 317.1048289119328 0 0 10.0 1 131
257.55812033189534 432.0360877233347 0 0 13.0 1 132
603.82228153198 658.2585478761512 0 0 11.0 1 133
257.6339780405449 513.3839309225075 0 0 12.0 1 134
522.0470771083834 579.4255025610917 0 0 11.0 1 135
718.6198385664102 489.6794205596508 0 0 13.0 1 136
472.4752624975717 56.563926871523734 0 0 11.0 1 137
320.24289632900775 559.1314061208993 0 0 10.0 1 138
338.70751067938903 48.30093723058803 0 0 10.0 1 139
167.67742570352658 585.0276235383776 0 0 11.0 1 140
405.1368537034966 565.920501246919 0 0 12.0 1 141
528.3974654795102 299.585405152249 0 0 11.0 1 142
286.9075729271814 560.0815509007182 0 0 13.0 1 143
542.0995064433207 621.3068690044768 0 0 11.0 1 144
466.4675280475016 701.7665781945618 0 0 11.0 1 145
142.04028881392122 404.5593206505817 0 0 13.0 1 146
541.3529187992024 270.0640452109344 0 0 12.0 1 147
306.6648051703817 737.3255718235978 0 0 13.0 1 148
237.0000000740576 399.9950864704024 0 0 12.0 1 149
235.1387962968727 152.95793169268526 0 0 10.0 1 150
89.74987853111452 469.7772321645235 0 0 12.0 1 151
459.5329915923404 695.053932209124 0 0 13.0 1 152
525.0 400.0 0 0 13.0 1 153
617.3775907524775 217.23517012661213 0 0 13.0 1 154
301.11451198782265 86.2123962604744 9 17 11.0 1 155
537.7745293501619 284.1631359957401 19 10 11.0 1 156
404.9012440426175 769.9675361526126 9 7 10.0 1 157
180.69770910672526 382.49270983385765 2 18 12.0 1 158
233.9165679081693 274.7790209885011 3 6 13.0 1 159
607.4257154224965 608.3520400223273 11 -12 12.0 1 160
176.71039472684754 382.1743954672005 -14 2 10.0 1 161
275.9882427089516 670.9706331940531 10 16 11.0 1 162
91.22930403420156 233.08188440796354 -2 -3 12.0 1 163
263.756029962689 319.9901216819304 -1 5 10.0 1 164
169.63072653699774 511.6512330613885 21 18 12.0 1 165
540.217136092937 158.79437248294815 -1 -15 12.0 1 166
678.0386014626442 638.0137308994942 7 13 13.0 1 167
417.3060900297966 660.4256117356367 -16 -12 10.0 1 168
586.4064119142928 92.01842652970453 -11 -9 12.0 1 169
383.9896725731494 728.6102089340577 -8 10 11.0 1 170
132.5768783132924 482.9751407792503 4 16 10.0 1 171
99.80988062545401 504.9280335749024 -17 -13 10.0 1 172
273.12655081533353 383.05515146170217 -4 -5 12.0 1 173
88.98947836953761 375.1714794007435 -8 -7 13.0 1 174
594.7276854746347 475.9086853376594 -1 17 13.0 1 175
597.8180358408832 346.2131549906946 4 -9 11.0 1 176
302.9178947479231 91.93496654143843 -5 -10 10.0 1 177
538.2049090637568 118.05070826356251 20 -7 10.0 1 178
723.3038605727187 526.0302096275972 12 12 11.0 1 179
765.4839665130368 419.4285928954573 -13 10 10.0 1 180
120.72843256505809 554.1700088293138 -9 2 12.0 1 181
95.32865779264387 494.53239253064584 9 11 11.0 1 182
155.73901133198132 297.2305034802542 1 -10 12.0 1 183
41.62271623063879 451.0854429176719 22 17 11.0 1 184
357.074340830521 177.0955635594802 -5 -3 10.0 1 185
769.9856043202043 396.7361685378622 8 -15 13.0 1 186
728.1196769576876 323.14638854820976 -17 -16 10.0 1 187
632.4614353723313 559.6423536052869 10 2 13.0 1 188
215.55216174191503 363.62700229676796 -5 -2 10.0 1 189
101.77018380602198 286.774663909061 22 -4 10.0 1 190
565.0783027464686 91.37538341482662 19 -11 12.0 1 191
531.2137953421717 445.8687247686557 -7 -7 12.0 1 192
217.5803671205942 385.4371177254361 4 -12 11.0 1 193
256.60831674476367 560.19932950306 17 17 12.0 1 194
337.1547770273411 212.23824151463435 22 -11 10.0 1 195
332.05110386588115 227.93039921544906 22 9 10.0 1 196
654.5136230325215 483.9453136920668 0 4 11.0 1 197
320.7564623246605 508.0576778239151 3 8 12.0 1 198
497.1448277661095 254.4394200399953 -14 22 11.0 1 199
564.6536244048157 327.2732238418483 -10 -8 13.0 1 200
693.4890953325832 514.4078271835536 -2 -5 10.0 1 201
179.69050527094183 588.5834736455639 -8 -17 12.0 1 202
360.92680599667324 263.48155615310293 9 11 13.0 1 203
433.2355783798231 100.84051689816243 1 9 10.0 1 204
179.35221400525086 557.3389797081937 14 8 13.0 1 205
705.8082248107082 410.83188063650016 10 6 12.0 1 206
235.10323220049764 405.83574924726906 -2 13 12.0 1 207
429.32047656596916 261.0600501873401 -14 22 11.0 1 208
622.1092125772519 512.5544210074092 18 17 10.0 1 209
281.64822128605635 664.7505551934607 2 -14 12.0 1 210
321.5319338220248 232.46563758354256 10 17 13.0 1 211
620.5124154204356 606.3450378503085 13 0 10.0 1 212
673.6447135644078 517.9939436507367 11 -11 13.0 1 213
592.2559262800025 229.4518871103576 -9 -13 11.0 1 214
287.46892495064594 483.2871967845998 5 7 11.0 1 215
232.55777834447431 719.8188587420414 21 -11 11.0 1 216
570.2043243769444 675.6927419490544 6 -8 10.0 1 217
465.45486670008614 89.83123879849865 3 -6 12.0 1 218
769.2906955380163 377.1006072340733 -10 -15 10.0 1 219
