400 400 -7.071067811865475 7.0710678118654755 5 2 -1 10 187
57.15728752538104 742.842712474619
800.0 400.0 0 0 24.0 1 0
799.4518139018296 420.9343824971775 0 0 24.0 1 1
797.8087581473094 441.8113853070614 0 0 24.0 1 2
795.0753362380551 462.57378601609236 0 0 24.0 1 3
791.2590402935223 483.16467632710373 0 0 24.0 1 4
786.3703305156273 503.5276180410083 0 0 24.0 1 5
780.4226065180615 523.6067977499789 0 0 24.0 1 6
773.4321705988807 543.3471798181201 0 0 24.0 1 7
765.4181830570403 562.6946572303201 0 0 24.0 1 8
756.4026096753471 581.5961998958187 0 0 24.0 1 9
746.4101615137755 600.0 0 0 24.0 1 10
735.4682271781696 617.8556140060108 0 0 24.0 1 11
723.606797749979 635.1141009169893 0 0 24.0 1 12
710.8583845827884 651.728156419935 0 0 24.0 1 13
697.2579301909577 667.6522425435433 0 0 24.0 1 14
682.842712474619 682.842712474619 0 0 24.0 1 15
667.6522425435433 697.2579301909577 0 0 24.0 1 16
651.728156419935 710.8583845827884 0 0 24.0 1 17
635.1141009169893 723.606797749979 0 0 24.0 1 18
617.8556140060108 735.4682271781696 0 0 24.0 1 19
600.0 746.4101615137754 0 0 24.0 1 20
581.5961998958187 756.4026096753471 0 0 24.0 1 21
562.6946572303201 765.4181830570403 0 0 24.0 1 22
543.3471798181201 773.4321705988807 0 0 24.0 1 23
523.606797749979 780.4226065180615 0 0 24.0 1 24
503.5276180410083 786.3703305156273 0 0 24.0 1 25
483.1646763271038 791.2590402935223 0 0 24.0 1 26
462.57378601609236 795.0753362380551 0 0 24.0 1 27
441.8113853070614 797.8087581473094 0 0 24.0 1 28
420.9343824971776 799.4518139018296 0 0 24.0 1 29
400.0 800.0 0 0 24.0 1 30
379.0656175028225 799.4518139018296 0 0 24.0 1 31
358.1886146929386 797.8087581473094 0 0 24.0 1 32
337.4262139839077 795.0753362380551 0 0 24.0 1 33
316.83532367289627 791.2590402935223 0 0 24.0 1 34
296.47238195899166 786.3703305156273 0 0 24.0 1 35
276.3932022500211 780.4226065180615 0 0 24.0 1 36
256.65282018187986 773.4321705988807 0 0 24.0 1 37
237.3053427696799 765.4181830570403 0 0 24.0 1 38
218.4038001041813 756.4026096753471 0 0 24.0 1 39
43.597390324652906 581.5961998958187 0 0 24.0 1 40
34.58181694295968 562.6946572303202 0 0 24.0 1 41
26.567829401119297 543.3471798181201 0 0 24.0 1 42
19.5773934819386 523.606797749979 0 0 24.0 1 43
13.629669484372698 503.5276180410084 0 0 24.0 1 44
8.740959706477724 483.16467632710373 0 0 24.0 1 45
4.924663761944942 462.5737860160924 0 0 24.0 1 46
2.1912418526906663 441.81138530706147 0 0 24.0 1 47
0.5481860981704472 420.9343824971775 0 0 24.0 1 48
0.0 400.00000000000006 0 0 24.0 1 49
0.5481860981704472 379.0656175028226 0 0 24.0 1 50
2.1912418526906663 358.1886146929386 0 0 24.0 1 51
4.924663761944885 337.4262139839077 0 0 24.0 1 52
8.740959706477781 316.8353236728962 0 0 24.0 1 53
13.629669484372698 296.47238195899166 0 0 24.0 1 54
19.577393481938543 276.3932022500211 0 0 24.0 1 55
26.567829401119297 256.65282018187986 0 0 24.0 1 56
34.58181694295968 237.30534276967992 0 0 24.0 1 57
43.59739032465285 218.40380010418136 0 0 24.0 1 58
53.58983848622455 199.99999999999994 0 0 24.0 1 59
64.53177282183037 182.14438599398918 0 0 24.0 1 60
76.39320225002103 164.8858990830108 0 0 24.0 1 61
89.14161541721171 148.27184358006497 0 0 24.0 1 62
102.74206980904228 132.3477574564567 0 0 24.0 1 63
117.15728752538092 117.15728752538104 0 0 24.0 1 64
132.34775745645675 102.74206980904228 0 0 24.0 1 65
148.27184358006485 89.14161541721177 0 0 24.0 1 66
164.8858990830107 76.39320225002109 0 0 24.0 1 67
182.1443859939892 64.53177282183032 0 0 24.0 1 68
199.99999999999983 53.58983848622461 0 0 24.0 1 69
218.40380010418124 43.597390324652906 0 0 24.0 1 70
237.30534276967995 34.58181694295962 0 0 24.0 1 71
256.65282018187975 26.567829401119354 0 0 24.0 1 72
276.393202250021 19.5773934819386 0 0 24.0 1 73
296.4723819589917 13.629669484372698 0 0 24.0 1 74
316.8353236728961 8.740959706477781 0 0 24.0 1 75
337.4262139839076 4.924663761944942 0 0 24.0 1 76
358.18861469293864 2.1912418526906663 0 0 24.0 1 77
379.0656175028223 0.5481860981704472 0 0 24.0 1 78
399.99999999999994 0.0 0 0 24.0 1 79
420.9343824971776 0.5481860981704472 0 0 24.0 1 80
441.8113853070612 2.1912418526906663 0 0 24.0 1 81
462.5737860160923 4.924663761944885 0 0 24.0 1 82
483.1646763271038 8.740959706477781 0 0 24.0 1 83
503.5276180410081 13.629669484372641 0 0 24.0 1 84
523.6067977499789 19.577393481938543 0 0 24.0 1 85
543.3471798181201 26.567829401119297 0 0 24.0 1 86
562.6946572303199 34.58181694295956 0 0 24.0 1 87
581.5961998958187 43.59739032465279 0 0 24.0 1 88
600.0 53.58983848622455 0 0 24.0 1 89
617.8556140060107 64.53177282183032 0 0 24.0 1 90
635.1141009169892 76.39320225002098 0 0 24.0 1 91
651.728156419935 89.14161541721171 0 0 24.0 1 92
667.6522425435431 102.74206980904216 0 0 24.0 1 93
682.842712474619 117.15728752538092 0 0 24.0 1 94
697.2579301909577 132.34775745645675 0 0 24.0 1 95
710.8583845827882 148.27184358006485 0 0 24.0 1 96
723.6067977499789 164.88589908301066 0 0 24.0 1 97
735.4682271781696 182.1443859939892 0 0 24.0 1 98
746.4101615137754 199.99999999999983 0 0 24.0 1 99
756.4026096753471 218.40380010418122 0 0 24.0 1 100
765.4181830570403 237.30534276967995 0 0 24.0 1 101
773.4321705988806 256.6528201818797 0 0 24.0 1 102
780.4226065180615 276.3932022500209 0 0 24.0 1 103
786.3703305156273 296.4723819589917 0 0 24.0 1 104
791.2590402935223 316.83532367289604 0 0 24.0 1 105
795.0753362380551 337.4262139839076 0 0 24.0 1 106
797.8087581473094 358.18861469293864 0 0 24.0 1 107
799.4518139018296 379.06561750282225 0 0 24.0 1 108
800.0 399.9999999999999 0 0 24.0 1 109
518.3866050267025 187.7887567769993 0 0 10.0 1 110
612.7278043256897 470.1632472650111 0 0 10.0 1 111
196.52357652032825 127.60810385049763 0 0 13.0 1 112
264.371027965739 419.3334411042018 0 0 11.0 1 113
225.06169520588875 395.35354804580584 0 0 12.0 1 114
138.65158502930285 159.7459553050058 0 0 11.0 1 115
639.5250869938702 577.2899678509161 0 0 12.0 1 116
152.10114673693687 300.82763212034166 0 0 11.0 1 117
658.497613579764 312.20487614014644 0 0 11.0 1 118
540.1966820003158 231.7564552319991 0 0 13.0 1 119
501.3252473134578 554.7843475835546 0 0 11.0 1 120
520.3040351888843 326.4613087057454 0 0 10.0 1 121
455.63641875317194 80.81261160828785 0 0 12.0 1 122
312.9426349973168 685.0000266645419 0 0 12.0 1 123
562.7830580048069 294.46481142953473 0 0 11.0 1 124
298.4006550371728 502.04691618625446 0 0 10.0 1 125
483.92925350365766 255.6224380095066 0 0 10.0 1 126
325.93621017365774 282.3753638196513 0 0 11.0 1 127
198.426885719873 497.6948289287149 0 0 12.0 1 128
169.0415957347998 672.2264048531523 0 0 13.0 1 129
282.17298188338793 518.346076410448 0 0 10.0 1 130
478.84636771177105 550.6095956393888 0 0 10.0 1 131
741.8206220475303 300.5280826411824 0 0 10.0 1 132
530.0796203438068 249.40022453133915 0 0 10.0 1 133
193.61511813860974 438.7979450365608 0 0 10.0 1 134
476.87489880870606 504.83439289255796 0 0 10.0 1 135
168.55511604124573 163.36892492887003 0 0 11.0 1 136
658.8720872586823 285.6573463735726 0 0 10.0 1 137
249.8908550346436 370.39857101811435 0 0 13.0 1 138
483.4525925803946 498.3700401118688 0 0 12.0 1 139
197.2764094542809 220.15521737828578 0 0 12.0 1 140
326.7581567677029 560.03634712132 0 0 11.0 1 141
221.32047215044045 555.7004377882685 0 0 10.0 1 142
466.7447114759598 280.35827028168274 0 0 12.0 1 143
521.7422648441452 572.3363599204126 0 0 13.0 1 144
637.1951899468784 255.0088214198385 0 0 13.0 1 145
166.46417754004202 279.0453819486375 0 0 13.0 1 146
274.64341713641306 347.2579187672248 0 0 10.0 1 147
109.91284449699873 236.4810646677958 0 0 13.0 1 148
101.82353818780439 352.0959540209779 0 0 10.0 1 149
122.07096996131463 486.2348784527208 0 0 13.0 1 150
722.3807963750791 380.0094490178532 0 0 11.0 1 151
414.6283413323135 543.2550579556105 0 0 10.0 1 152
177.72381706064016 558.500152990173 0 0 11.0 1 153
373.17589974711143 158.4850570966198 0 0 13.0 1 154
707.0467115493827 538.8931853141477 -5 -14 13.0 1 155
484.6643721928896 660.5915272628483 -13 -6 12.0 1 156
517.1495055516282 254.24337631171255 -2 -2 10.0 1 157
450.6750256920945 555.974490770464 -17 17 12.0 1 158
87.0122613384786 397.22954019210357 1 -11 13.0 1 159
263.4231496794162 108.39965028054434 10 19 11.0 1 160
710.6911829030846 540.541769116096 -9 16 12.0 1 161
330.86327142156784 252.38864284387802 9 12 11.0 1 162
50.54629159511512 337.4931549182516 -2 3 11.0 1 163
428.0815831899423 266.93075229210035 22 16 12.0 1 164
461.45201784774093 152.51535501683964 7 -4 12.0 1 165
307.00176600510576 122.15052911003971 -10 14 10.0 1 166
357.3286712384698 709.0682088176094 12 -17 11.0 1 167
186.30149767838822 460.1410850043469 9 11 12.0 1 168
245.08269076253742 122.28678947766207 -13 18 11.0 1 169
209.4607136774621 85.16864773708141 2 8 10.0 1 170
497.52166110113717 139.66651076729494 19 19 13.0 1 171
308.4476959596287 600.04543390165 -6 19 12.0 1 172
45.39273068973819 431.4592522530245 -8 13 12.0 1 173
42.67337935023352 316.2940493452353 -6 -17 12.0 1 174
352.70738271249405 258.7045352812147 -17 -12 10.0 1 175
277.33415766596676 473.4989192062175 -8 -16 10.0 1 176
260.961012953823 338.58208664263316 -3 16 12.0 1 177
259.78037313976245 261.62566624125793 -9 14 10.0 1 178
309.48912954190763 580.5873260473127 10 -9 12.0 1 179
714.9367447411905 337.9045346919585 -7 -9 10.0 1 180
587.515915843261 445.6813014860898 12 -4 13.0 1 181
635.7229876798208 491.88946119821924 7 21 13.0 1 182
447.7942144552383 248.35332821124396 17 -6 11.0 1 183
567.9082165078365 86.08467570193795 -1 -9 11.0 1 184
695.9536193597166 405.2397698312024 20 12 10.0 1 185
394.9200947960805 563.92130600724 17 -10 11.0 1 186
319.6024123908728 579.8477909417647 -13 16 10.0 1 187
497.6741734003891 594.8942170782672 6 3 12.0 1 188
409.8714236832255 718.8472282998023 -13 22 10.0 1 189
287.6223964750183 224.97064753024415 -12 14 12.0 1 190
232.42066315406834 411.88132409615054 -8 7 12.0 1 191
322.3822673096734 724.8561028701986 -14 -16 10.0 1 192
539.0021983446983 96.2988494336231 0 11 12.0 1 193
688.902383652788 506.7680322930853 9 21 11.0 1 194
503.0457103377503 667.8629903159234 -12 -9 13.0 1 195
491.183810541843 590.2800901173564 -15 0 13.0 1 196
122.19808581810287 583.6167107778425 16 0 13.0 1 197
413.1105757796003 172.3772577207467 17 -11 11.0 1 198
433.1672079205661 625.5746801366544 -15 -17 13.0 1 199
111.95144097561717 316.16666746468536 7 6 13.0 1 200
623.7319597490681 423.8539344101006 1 15 11.0 1 201
168.10216579640988 194.27349589398005 -15 -10 11.0 1 202
386.3834972638532 533.3063796419231 16 -9 10.0 1 203
681.5354120734696 527.3530987005092 13 6 10.0 1 204
441.7130474070867 747.505426829588 20 0 11.0 1 205
467.1177236058451 522.8625702887962 0 -15 13.0 1 206
331.93165756501617 622.8355913182493 16 -9 12.0 1 207
273.00179150202166 367.8681616102655 17 -9 13.0 1 208
83.8377991260171 543.0051143788895 -11 -3 10.0 1 209
425.02291093203354 581.2811460921613 -10 22 11.0 1 210
583.8174339710388 96.29594838345861 -16 0 13.0 1 211
690.4409174778284 188.99034748467724 -15 -8 13.0 1 212
507.81246798671737 327.36067355341845 19 18 11.0 1 213
139.57094060006636 592.7503697015023 11 10 12.0 1 214
279.1349898408313 109.11058919372118 6 14 12.0 1 215
326.99445822967976 279.37168296447953 11 4 10.0 1 216
525.8827571066612 383.1913277375828 21 19 11.0 1 217
664.3876931604877 610.5781273192347 -6 6 13.0 1 218
594.7790005589483 625.5330151912514 15 1 12.0 1 219
