400 400 -7.071067811865475 7.0710678118654755 5 2 -1 10 187
57.15728752538104 742.842712474619
800.0 400.0 0 0 24.0 1 0
799.4518139018296 420.9343824971775 0 0 24.0 1 1
797.8087581473094 441.8113853070614 0 0 24.0 1 2
795.0753362380551 462.57378601609236 0 0 24.0 1 3
791.2590402935223 483.16467632710373 0 0 24.0 1 4
786.3703305156273 503.5276180410083 0 0 24.0 1 5
780.4226065180615 523.6067977499789 0 0 24.0 1 6
773.4321705988807 543.3471798181201 0 0 24.0 1 7
765.4181830570403 562.6946572303201 0 0 24.0 1 8
756.4026096753471 581.5961998958187 0 0 24.0 1 9
746.4101615137755 600.0 0 0 24.0 1 10
735.4682271781696 617.8556140060108 0 0 24.0 1 11
723.606797749979 635.1141009169893 0 0 24.0 1 12
710.8583845827884 651.728156419935 0 0 24.0 1 13
697.2579301909577 667.6522425435433 0 0 24.0 1 14
682.842712474619 682.842712474619 0 0 24.0 1 15
667.6522425435433 697.2579301909577 0 0 24.0 1 16
651.728156419935 710.8583845827884 0 0 24.0 1 17
635.1141009169893 723.606797749979 0 0 24.0 1 18
617.8556140060108 735.4682271781696 0 0 24.0 1 19
600.0 746.4101615137754 0 0 24.0 1 20
581.5961998958187 756.4026096753471 0 0 24.0 1 21
562.6946572303201 765.4181830570403 0 0 24.0 1 22
543.3471798181201 773.4321705988807 0 0 24.0 1 23
523.606797749979 780.4226065180615 0 0 24.0 1 24
503.5276180410083 786.3703305156273 0 0 24.0 1 25
483.1646763271038 791.2590402935223 0 0 24.0 1 26
462.57378601609236 795.0753362380551 0 0 24.0 1 27
441.8113853070614 797.8087581473094 0 0 24.0 1 28
420.9343824971776 799.4518139018296 0 0 24.0 1 29
400.0 800.0 0 0 24.0 1 30
379.0656175028225 799.4518139018296 0 0 24.0 1 31
358.1886146929386 797.8087581473094 0 0 24.0 1 32
337.4262139839077 795.0753362380551 0 0 24.0 1 33
316.83532367289627 791.2590402935223 0 0 24.0 1 34
296.47238195899166 786.3703305156273 0 0 24.0 1 35
276.3932022500211 780.4226065180615 0 0 24.0 1 36
256.65282018187986 773.4321705988807 0 0 24.0 1 37
237.3053427696799 765.4181830570403 0 0 24.0 1 38
218.4038001041813 756.4026096753471 0 0 24.0 1 39
43.597390324652906 581.5961998958187 0 0 24.0 1 40
34.58181694295968 562.6946572303202 0 0 24.0 1 41
26.567829401119297 543.3471798181201 0 0 24.0 1 42
19.5773934819386 523.606797749979 0 0 24.0 1 43
13.629669484372698 503.5276180410084 0 0 24.0 1 44
8.740959706477724 483.16467632710373 0 0 24.0 1 45
4.924663761944942 462.5737860160924 0 0 24.0 1 46
2.1912418526906663 441.81138530706147 0 0 24.0 1 47
0.5481860981704472 420.9343824971775 0 0 24.0 1 48
0.0 400.00000000000006 0 0 24.0 1 49
0.5481860981704472 379.0656175028226 0 0 24.0 1 50
2.1912418526906663 358.1886146929386 0 0 24.0 1 51
4.924663761944885 337.4262139839077 0 0 24.0 1 52
8.740959706477781 316.8353236728962 0 0 24.0 1 53
13.629669484372698 296.47238195899166 0 0 24.0 1 54
19.577393481938543 276.3932022500211 0 0 24.0 1 55
26.567829401119297 256.65282018187986 0 0 24.0 1 56
34.58181694295968 237.30534276967992 0 0 24.0 1 57
43.59739032465285 218.40380010418136 0 0 24.0 1 58
53.58983848622455 199.99999999999994 0 0 24.0 1 59
64.53177282183037 182.14438599398918 0 0 24.0 1 60
76.39320225002103 164.8858990830108 0 0 24.0 1 61
89.14161541721171 148.27184358006497 0 0 24.0 1 62
102.74206980904228 132.3477574564567 0 0 24.0 1 63
117.15728752538092 117.15728752538104 0 0 24.0 1 64
132.34775745645675 102.74206980904228 0 0 24.0 1 65
148.27184358006485 89.14161541721177 0 0 24.0 1 66
164.8858990830107 76.39320225002109 0 0 24.0 1 67
182.1443859939892 64.53177282183032 0 0 24.0 1 68
199.99999999999983 53.58983848622461 0 0 24.0 1 69
218.40380010418124 43.597390324652906 0 0 24.0 1 70
237.30534276967995 34.58181694295962 0 0 24.0 1 71
256.65282018187975 26.567829401119354 0 0 24.0 1 72
276.393202250021 19.5773934819386 0 0 24.0 1 73
296.4723819589917 13.629669484372698 0 0 24.0 1 74
316.8353236728961 8.740959706477781 0 0 24.0 1 75
337.4262139839076 4.924663761944942 0 0 24.0 1 76
358.18861469293864 2.1912418526906663 0 0 24.0 1 77
379.0656175028223 0.5481860981704472 0 0 24.0 1 78
399.99999999999994 0.0 0 0 24.0 1 79
420.9343824971776 0.5481860981704472 0 0 24.0 1 80
441.8113853070612 2.1912418526906663 0 0 24.0 1 81
462.5737860160923 4.924663761944885 0 0 24.0 1 82
483.1646763271038 8.740959706477781 0 0 24.0 1 83
503.5276180410081 13.629669484372641 0 0 24.0 1 84
523.6067977499789 19.577393481938543 0 0 24.0 1 85
543.3471798181201 26.567829401119297 0 0 24.0 1 86
562.6946572303199 34.58181694295956 0 0 24.0 1 87
581.5961998958187 43.59739032465279 0 0 24.0 1 88
600.0 53.58983848622455 0 0 24.0 1 89
617.8556140060107 64.53177282183032 0 0 24.0 1 90
635.1141009169892 76.39320225002098 0 0 24.0 1 91
651.728156419935 89.14161541721171 0 0 24.0 1 92
667.6522425435431 102.74206980904216 0 0 24.0 1 93
682.842712474619 117.15728752538092 0 0 24.0 1 94
697.2579301909577 132.34775745645675 0 0 24.0 1 95
710.8583845827882 148.27184358006485 0 0 24.0 1 96
723.6067977499789 164.88589908301066 0 0 24.0 1 97
735.4682271781696 182.1443859939892 0 0 24.0 1 98
746.4101615137754 199.99999999999983 0 0 24.0 1 99
756.4026096753471 218.40380010418122 0 0 24.0 1 100
765.4181830570403 237.30534276967995 0 0 24.0 1 101
773.4321705988806 256.6528201818797 0 0 24.0 1 102
780.4226065180615 276.3932022500209 0 0 24.0 1 103
786.3703305156273 296.4723819589917 0 0 24.0 1 104
791.2590402935223 316.83532367289604 0 0 24.0 1 105
795.0753362380551 337.4262139839076 0 0 24.0 1 106
797.8087581473094 358.18861469293864 0 0 24.0 1 107
799.4518139018296 379.06561750282225 0 0 24.0 1 108
800.0 399.9999999999999 0 0 24.0 1 109
162.00932331807635 397.89338838888386 0 0 11.0 1 110
563.4393123615778 249.76155227514286 0 0 13.0 1 111
513.167727774542 616.1690666824168 0 0 12.0 1 112
244.40024127310227 157.6516658111073 0 0 12.0 1 113
507.7783884923965 285.83862748730616 0 0 13.0 1 114
197.76886496090412 511.64035122122726 0 0 13.0 1 115
424.1813676584095 182.33911362357998 0 0 13.0 1 116
198.4777106142545 264.21426112905726 0 0 12.0 1 117
312.46691726213874 536.3156609726364 0 0 12.0 1 118
583.4749461210579 641.134701247819 0 0 11.0 1 119
438.97727298364634 49.1584799503367 0 0 10.0 1 120
279.3516665199246 713.5920592560987 0 0 13.0 1 121
281.25980957392085 626.7967530137468 0 0 12.0 1 122
189.693324086241 350.734372366678 0 0 11.0 1 123
145.26257823397967 323.41771776709265 0 0 10.0 1 124
272.58996618481126 235.58989300163915 0 0 10.0 1 125
672.7317892228615 341.19208261384654 0 0 13.0 1 126
648.371480962934 219.55441971530894 0 0 13.0 1 127
399.2044047390505 219.00174854938308 0 0 11.0 1 128
244.46864452797914 545.5300569127762 0 0 12.0 1 129
452.74551616073234 620.7870252640266 0 0 10.0 1 130
346.94851764686615 95.58820617437448 0 0 12.0 1 131
685.1798834271715 529.0016825024576 0 0 13.0 1 132
118.5411312611829 382.53846489379185 0 0 13.0 1 133
425.2147364619912 204.62032586486296 0 0 11.0 1 134
317.1537549002395 585.3253886354225 0 0 11.0 1 135
521.4922964598622 237.36967717885773 0 0 13.0 1 136
324.0277078999511 217.15522749319618 0 0 13.0 1 137
493.9806611088861 238.33171202262116 0 0 10.0 1 138
672.3927401342307 312.83237342817336 0 0 10.0 1 139
585.2720052146747 322.05589128270447 0 0 10.0 1 140
331.3266709676826 123.39744419181687 0 0 13.0 1 141
733.6289047911275 352.452614289819 0 0 12.0 1 142
410.39324978260925 139.20701627736167 0 0 10.0 1 143
122.0434119777911 404.9127563599291 0 0 12.0 1 144
582.2235676850936 482.429190097417 0 0 13.0 1 145
555.9997684147174 503.11678939219615 0 0 10.0 1 146
616.5054683520591 585.3385609463274 0 0 13.0 1 147
171.34122468138253 260.2174386062767 0 0 13.0 1 148
247.0769231643149 157.13474400172603 0 0 10.0 1 149
608.1857062843105 272.74155549079353 0 0 13.0 1 150
231.3612339916008 156.73683674019944 0 0 13.0 1 151
447.23828930259646 537.089547463562 0 0 10.0 1 152
256.21257062522386 93.00460076119418 0 0 12.0 1 153
490.21138395419496 287.7596052881637 0 0 13.0 1 154
498.4641696737421 565.9933953218035 4 11 10.0 1 155
111.61691769517648 223.7070680929908 3 22 11.0 1 156
305.95434550441706 300.3786424982201 -10 -8 13.0 1 157
109.0573045386248 222.14233792813567 -1 3 11.0 1 158
302.8699195382118 617.2780418484265 20 14 11.0 1 159
247.92864398934483 370.0116242340374 5 1 13.0 1 160
55.94885851884226 436.67167906590026 -7 12 11.0 1 161
303.5235952788107 584.2723618236693 -15 14 11.0 1 162
380.4614578404886 224.08170825556257 12 10 11.0 1 163
200.07050880673 394.6897691952066 -16 0 10.0 1 164
223.06762378714183 361.84329354265986 10 -17 12.0 1 165
577.9668312736005 426.9778977393314 20 12 12.0 1 166
257.56903481898684 133.69675150759986 9 5 12.0 1 167
675.3374496991639 278.3846687577574 8 -12 13.0 1 168
189.87273986351232 626.5558089026473 -7 -8 10.0 1 169
561.8582792801941 341.8115352629518 -8 -11 12.0 1 170
571.31350086667 531.558672921269 -12 10 12.0 1 171
83.33343413018054 560.4596088123591 -15 17 12.0 1 172
473.2315920062585 625.4021604426828 14 -17 10.0 1 173
547.7129220455794 349.8313577943694 9 20 12.0 1 174
209.18702465690222 391.54964848575145 21 2 13.0 1 175
528.710449290068 596.6179550385692 -12 -5 13.0 1 176
451.4620859454679 586.012509552829 -1 14 10.0 1 177
466.2717839534461 133.10479462600352 8 3 10.0 1 178
179.56877771401668 481.45597732215487 -10 -6 13.0 1 179
466.8977385850259 703.719759930449 18 7 11.0 1 180
171.52100859390228 373.5926054664168 21 10 13.0 1 181
255.56890482922788 450.4842425690568 9 17 13.0 1 182
430.544948164224 538.6759032479863 22 3 13.0 1 183
350.415670388616 274.43569672478714 1 -17 11.0 1 184
506.76021881565526 515.1140985215686 6 -3 10.0 1 185
238.43938989597342 628.6879298581687 16 10 12.0 1 186
491.0952031971008 169.3364702548777 2 2 13.0 1 187
76.47819057724058 246.71060432037794 11 -2 11.0 1 188
138.0662536462106 239.8759464631603 10 16 10.0 1 189
187.26483287524303 527.4666570849088 -8 8 13.0 1 190
627.8004668996466 645.6256242339203 20 -13 12.0 1 191
669.8917109229437 196.52404472496966 22 3 11.0 1 192
428.85155304185287 609.0181520516177 11 14 11.0 1 193
587.234991125957 194.50776633151605 13 15 13.0 1 194
228.45311708226694 429.11472069606003 -1 10 12.0 1 195
475.49540900680506 286.87863500251063 -9 18 10.0 1 196
594.8350233856481 460.4591900567146 -9 -8 13.0 1 197
472.03132162919394 701.5153208451464 3 -3 10.0 1 198
565.3294572703808 376.43794239287763 5 2 10.0 1 199
211.96274759508648 438.8071089880559 -14 -16 10.0 1 200
442.6773510251044 523.8533152946663 -5 14 10.0 1 201
39.93427318767459 328.9952651218821 -12 16 13.0 1 202
551.3817426754997 104.52145935021133 9 -14 11.0 1 203
710.7829359976677 571.5778735521267 15 -4 11.0 1 204
416.1482820878826 226.75095098209005 -10 20 12.0 1 205
319.0964636686018 531.0367040530024 16 15 13.0 1 206
418.9917590741846 229.0517239418071 0 8 11.0 1 207
371.1421462542216 609.0172822452423 -9 0 11.0 1 208
324.48504455622134 186.98945682355503 0 -12 12.0 1 209
145.01433753337926 665.3418774646373 17 5 10.0 1 210
144.26495487274562 267.5477946813977 7 -7 11.0 1 211
678.053581563744 174.50009804974553 15 20 10.0 1 212
200.30927392427154 142.3187746083383 -9 22 10.0 1 213
46.623651760671066 293.7636761505909 -3 5 12.0 1 214
522.1472239992291 358.51439202226703 -11 -7 11.0 1 215
518.8604204657686 562.0900997800319 5 -5 11.0 1 216
568.029800163814 351.102287815188 6 20 11.0 1 217
602.2813496489816 466.71773065824715 15 22 10.0 1 218
86.23031303918322 580.5341617104947 11 16 13.0 1 219
