400 400 -7.071067811865475 7.0710678118654755 5 2 -1 10 187
57.15728752538104 742.842712474619
800.0 400.0 0 0 24.0 1 0
799.4518139018296 420.9343824971775 0 0 24.0 1 1
797.8087581473094 441.8113853070614 0 0 24.0 1 2
795.0753362380551 462.57378601609236 0 0 24.0 1 3
791.2590402935223 483.16467632710373 0 0 24.0 1 4
786.3703305156273 503.5276180410083 0 0 24.0 1 5
780.4226065180615 523.6067977499789 0 0 24.0 1 6
773.4321705988807 543.3471798181201 0 0 24.0 1 7
765.4181830570403 562.6946572303201 0 0 24.0 1 8
756.4026096753471 581.5961998958187 0 0 24.0 1 9
746.4101615137755 600.0 0 0 24.0 1 10
735.4682271781696 617.8556140060108 0 0 24.0 1 11
723.606797749979 635.1141009169893 0 0 24.0 1 12
710.8583845827884 651.728156419935 0 0 24.0 1 13
697.2579301909577 667.6522425435433 0 0 24.0 1 14
682.842712474619 682.842712474619 0 0 24.0 1 15
667.6522425435433 697.2579301909577 0 0 24.0 1 16
651.728156419935 710.8583845827884 0 0 24.0 1 17
635.1141009169893 723.606797749979 0 0 24.0 1 18
617.8556140060108 735.4682271781696 0 0 24.0 1 19
600.0 746.4101615137754 0 0 24.0 1 20
581.5961998958187 756.4026096753471 0 0 24.0 1 21
562.6946572303201 765.4181830570403 0 0 24.0 1 22
543.3471798181201 773.4321705988807 0 0 24.0 1 23
523.606797749979 780.4226065180615 0 0 24.0 1 24
503.5276180410083 786.3703305156273 0 0 24.0 1 25
483.1646763271038 791.2590402935223 0 0 24.0 1 26
462.57378601609236 795.0753362380551 0 0 24.0 1 27
441.8113853070614 797.8087581473094 0 0 24.0 1 28
420.9343824971776 799.4518139018296 0 0 24.0 1 29
400.0 800.0 0 0 24.0 1 30
379.0656175028225 799.4518139018296 0 0 24.0 1 31
358.1886146929386 797.8087581473094 0 0 24.0 1 32
337.4262139839077 795.0753362380551 0 0 24.0 1 33
316.83532367289627 791.2590402935223 0 0 24.0 1 34
296.47238195899166 786.3703305156273 0 0 24.0 1 35
276.3932022500211 780.4226065180615 0 0 24.0 1 36
256.65282018187986 773.4321705988807 0 0 24.0 1 37
237.3053427696799 765.4181830570403 0 0 24.0 1 38
218.4038001041813 756.4026096753471 0 0 24.0 1 39
43.597390324652906 581.5961998958187 0 0 24.0 1 40
34.58181694295968 562.6946572303202 0 0 24.0 1 41
26.567829401119297 543.3471798181201 0 0 24.0 1 42
19.5773934819386 523.606797749979 0 0 24.0 1 43
13.629669484372698 503.5276180410084 0 0 24.0 1 44
8.740959706477724 483.16467632710373 0 0 24.0 1 45
4.924663761944942 462.5737860160924 0 0 24.0 1 46
2.1912418526906663 441.81138530706147 0 0 24.0 1 47
0.5481860981704472 420.9343824971775 0 0 24.0 1 48
0.0 400.00000000000006 0 0 24.0 1 49
0.5481860981704472 379.0656175028226 0 0 24.0 1 50
2.1912418526906663 358.1886146929386 0 0 24.0 1 51
4.924663761944885 337.4262139839077 0 0 24.0 1 52
8.740959706477781 316.8353236728962 0 0 24.0 1 53
13.629669484372698 296.47238195899166 0 0 24.0 1 54
19.577393481938543 276.3932022500211 0 0 24.0 1 55
26.567829401119297 256.65282018187986 0 0 24.0 1 56
34.58181694295968 237.30534276967992 0 0 24.0 1 57
43.59739032465285 218.40380010418136 0 0 24.0 1 58
53.58983848622455 199.99999999999994 0 0 24.0 1 59
64.53177282183037 182.14438599398918 0 0 24.0 1 60
76.39320225002103 164.8858990830108 0 0 24.0 1 61
89.14161541721171 148.27184358006497 0 0 24.0 1 62
102.74206980904228 132.3477574564567 0 0 24.0 1 63
117.15728752538092 117.15728752538104 0 0 24.0 1 64
132.34775745645675 102.74206980904228 0 0 24.0 1 65
148.27184358006485 89.14161541721177 0 0 24.0 1 66
164.8858990830107 76.39320225002109 0 0 24.0 1 67
182.1443859939892 64.53177282183032 0 0 24.0 1 68
199.99999999999983 53.58983848622461 0 0 24.0 1 69
218.40380010418124 43.597390324652906 0 0 24.0 1 70
237.30534276967995 34.58181694295962 0 0 24.0 1 71
256.65282018187975 26.567829401119354 0 0 24.0 1 72
276.393202250021 19.5773934819386 0 0 24.0 1 73
296.4723819589917 13.629669484372698 0 0 24.0 1 74
316.8353236728961 8.740959706477781 0 0 24.0 1 75
337.4262139839076 4.924663761944942 0 0 24.0 1 76
358.18861469293864 2.1912418526906663 0 0 24.0 1 77
379.0656175028223 0.5481860981704472 0 0 24.0 1 78
399.99999999999994 0.0 0 0 24.0 1 79
420.9343824971776 0.5481860981704472 0 0 24.0 1 80
441.8113853070612 2.1912418526906663 0 0 24.0 1 81
462.5737860160923 4.924663761944885 0 0 24.0 1 82
483.1646763271038 8.740959706477781 0 0 24.0 1 83
503.5276180410081 13.629669484372641 0 0 24.0 1 84
523.6067977499789 19.577393481938543 0 0 24.0 1 85
543.3471798181201 26.567829401119297 0 0 24.0 1 86
562.6946572303199 34.58181694295956 0 0 24.0 1 87
581.5961998958187 43.59739032465279 0 0 24.0 1 88
600.0 53.58983848622455 0 0 24.0 1 89
617.8556140060107 64.53177282183032 0 0 24.0 1 90
635.1141009169892 76.39320225002098 0 0 24.0 1 91
651.728156419935 89.14161541721171 0 0 24.0 1 92
667.6522425435431 102.74206980904216 0 0 24.0 1 93
682.842712474619 117.15728752538092 0 0 24.0 1 94
697.2579301909577 132.34775745645675 0 0 24.0 1 95
710.8583845827882 148.27184358006485 0 0 24.0 1 96
723.6067977499789 164.88589908301066 0 0 24.0 1 97
735.4682271781696 182.1443859939892 0 0 24.0 1 98
746.4101615137754 199.99999999999983 0 0 24.0 1 99
756.4026096753471 218.40380010418122 0 0 24.0 1 100
765.4181830570403 237.30534276967995 0 0 24.0 1 101
773.4321705988806 256.6528201818797 0 0 24.0 1 102
780.4226065180615 276.3932022500209 0 0 24.0 1 103
786.3703305156273 296.4723819589917 0 0 24.0 1 104
791.2590402935223 316.83532367289604 0 0 24.0 1 105
795.0753362380551 337.4262139839076 0 0 24.0 1 106
797.8087581473094 358.18861469293864 0 0 24.0 1 107
799.4518139018296 379.06561750282225 0 0 24.0 1 108
800.0 399.9999999999999 0 0 24.0 1 109
622.5648405938318 279.6925117399492 0 0 10.0 1 110
468.2435858927208 549.126835225934 0 0 11.0 1 111
284.7316593156443 540.8446294179346 0 0 11.0 1 112
472.3701347576449 275.50677289442484 0 0 12.0 1 113
124.98693610398476 325.21487656942577 0 0 12.0 1 114
102.68344462411926 299.01056540696527 0 0 12.0 1 115
550.6234795474139 507.41306907927816 0 0 11.0 1 116
640.7416898298916 178.7028269998726 0 0 12.0 1 117
437.4810390783032 626.9254761140994 0 0 13.0 1 118
366.85960195818484 676.0175972970384 0 0 11.0 1 119
392.5591278928735 213.14809762197928 0 0 10.0 1 120
443.4932401336806 519.3203170573813 0 0 10.0 1 121
532.0278599268986 163.33643245500747 0 0 11.0 1 122
387.3560652135136 180.3636393647102 0 0 13.0 1 123
646.7587721460916 675.6993078862427 0 0 11.0 1 124
219.8122639275957 491.3037774087227 0 0 10.0 1 125
525.9565649711876 571.7671206624219 0 0 11.0 1 126
280.29826159701526 546.2617305493936 0 0 10.0 1 127
143.59279139350815 184.40699599795227 0 0 11.0 1 128
555.7543277711455 528.6257726140394 0 0 12.0 1 129
159.0359281419395 625.4691022592308 0 0 13.0 1 130
628.7227610845703 276.3638460568648 0 0 11.0 1 131
231.2853531687896 239.30037976205435 0 0 11.0 1 132
593.470386223945 520.6366845298626 0 0 11.0 1 133
530.8644798287063 500.49620848152495 0 0 11.0 1 134
277.53685559092924 297.0302070437981 0 0 12.0 1 135
193.70943232962873 518.6937306273418 0 0 11.0 1 136
188.19973082229308 422.5753400029964 0 0 10.0 1 137
590.2304948023749 97.90504994746499 0 0 10.0 1 138
386.993191416218 527.3374372698966 0 0 13.0 1 139
251.00167956812143 506.24735530110496 0 0 13.0 1 140
61.968120161817126 285.1808020709765 0 0 12.0 1 141
239.790918995002 488.4423561622709 0 0 11.0 1 142
436.8802370031469 208.5193270364037 0 0 13.0 1 143
135.44212604565 482.0861214137583 0 0 10.0 1 144
675.6108599934375 414.6510700523121 0 0 13.0 1 145
477.87170595881196 202.8198858630406 0 0 10.0 1 146
141.72330876460842 633.2319677156161 0 0 10.0 1 147
669.6908801739385 521.9952013441772 0 0 13.0 1 148
576.2084648505643 285.76087835155823 0 0 12.0 1 149
644.7924196900885 262.02293211453014 0 0 13.0 1 150
204.58413263215905 118.11059122259599 0 0 12.0 1 151
676.5162856260631 335.23315830175545 0 0 10.0 1 152
201.2997861275069 670.9505951405633 0 0 13.0 1 153
581.2900370851596 676.9384813521975 0 0 10.0 1 154
490.44142178703146 572.7580655863577 7 -7 11.0 1 155
215.5398887338372 244.9017493597209 18 -4 10.0 1 156
325.2254667531996 254.03846678757054 -2 -5 13.0 1 157
162.97737118804775 602.8898061290205 -16 15 10.0 1 158
254.89111616827816 231.98984604163994 10 7 10.0 1 159
593.4755508077599 684.434898069196 -13 14 12.0 1 160
365.1243947622109 652.6038245143923 0 9 12.0 1 161
430.73740418770916 223.65881937618371 4 1 11.0 1 162
375.20430650108796 606.5167634452662 -9 -12 10.0 1 163
649.6973594389539 460.8295050876947 16 17 11.0 1 164
410.37292870113066 262.39039877188344 6 -10 11.0 1 165
561.2159462015674 671.7819322367352 1 9 10.0 1 166
184.5271914883462 249.20056766651877 11 14 10.0 1 167
240.23790839062332 74.04743583675071 1 0 10.0 1 168
183.3207985188845 480.06949260177777 21 -9 12.0 1 169
754.6528620173242 384.30454005386133 -1 9 10.0 1 170
342.94605771542615 151.46459473590386 12 -5 13.0 1 171
600.7415957188475 624.2851126317812 13 6 13.0 1 172
280.3932829082189 302.99364337051594 12 0 12.0 1 173
516.0729202027575 106.09001855057 -15 -1 13.0 1 174
596.7401021164785 619.8143130444367 14 -17 11.0 1 175
275.4600383960561 338.26833904965633 3 20 11.0 1 176
525.6680667048882 674.611611208732 19 -16 11.0 1 177
210.71491426677977 116.3591067582683 7 9 11.0 1 178
446.5442286789331 197.2744841499147 10 17 13.0 1 179
243.8899341854026 273.38780725632273 -10 10 10.0 1 180
558.319473412094 537.9671857309457 -6 6 12.0 1 181
554.2126669314666 532.0130802529982 19 3 10.0 1 182
432.6834923602247 105.80994352776105 -7 -15 12.0 1 183
263.94090523039245 363.0010441975054 8 19 12.0 1 184
586.261919042699 228.78230957482498 -16 7 11.0 1 185
628.962279929958 189.53082323229475 7 -11 11.0 1 186
159.67966499255706 584.5403386306376 -3 -6 12.0 1 187
652.2061674458956 662.46532933371 7 9 12.0 1 188
626.778027261782 389.963748147117 6 7 10.0 1 189
480.6525421989889 249.21483018267244 8 -1 12.0 1 190
535.6295547667196 380.67064735224096 6 -7 11.0 1 191
469.28211085648024 521.655205869993 -7 12 13.0 1 192
428.866372594146 274.2711944968221 -1 -12 12.0 1 193
592.1189270382812 238.47192852739312 -17 -15 12.0 1 194
109.78896602366501 580.9462786530481 -16 -8 13.0 1 195
334.443901610274 114.42794610831305 10 10 12.0 1 196
552.0889595045836 336.016030157444 8 -2 12.0 1 197
254.21351899992828 211.87689679995248 -4 20 13.0 1 198
343.99194500139595 190.35244390817874 -4 -5 11.0 1 199
129.03259607410007 188.0739138056426 -11 -16 12.0 1 200
170.79629901109405 489.3401558818217 21 -12 10.0 1 201
585.6434307299216 388.48841336631796 -12 0 10.0 1 202
115.17831016449594 410.0799305180102 -6 -6 13.0 1 203
454.0909626766949 89.67892795250208 6 16 11.0 1 204
434.8476524402204 269.57515144955846 16 6 11.0 1 205
358.36015011436456 133.2302061673741 -3 22 11.0 1 206
341.8655072204092 610.105641878698 1 -2 11.0 1 207
583.6116328933032 591.0805282237175 21 -5 11.0 1 208
285.7412278870616 627.9691492181423 -4 -3 10.0 1 209
321.72551723025265 211.6144768111718 21 13 11.0 1 210
538.7424754386587 247.7287764902601 -5 16 10.0 1 211
407.3460830789693 68.08128244493821 -11 21 10.0 1 212
337.1511244070782 540.5916741372171 3 -16 13.0 1 213
566.5339904561877 150.46757721142052 -7 15 13.0 1 214
476.47643310780774 598.7972715585076 -1 14 11.0 1 215
607.6090084022644 243.4800344038228 17 -3 12.0 1 216
478.98801219783286 104.37034328566591 7 -6 12.0 1 217
350.86538622159475 551.2176898674455 0 14 13.0 1 218
297.41298792359703 199.74789650733766 -8 8 10.0 1 219
