400 400 -7.071067811865475 7.0710678118654755 5 2 -1 10 187
57.15728752538104 742.842712474619
800.0 400.0 0 0 24.0 1 0
799.4518139018296 420.9343824971775 0 0 24.0 1 1
797.8087581473094 441.8113853070614 0 0 24.0 1 2
795.0753362380551 462.57378601609236 0 0 24.0 1 3
791.2590402935223 483.16467632710373 0 0 24.0 1 4
786.3703305156273 503.5276180410083 0 0 24.0 1 5
780.4226065180615 523.6067977499789 0 0 24.0 1 6
773.4321705988807 543.3471798181201 0 0 24.0 1 7
765.4181830570403 562.6946572303201 0 0 24.0 1 8
756.4026096753471 581.5961998958187 0 0 24.0 1 9
746.4101615137755 600.0 0 0 24.0 1 10
735.4682271781696 617.8556140060108 0 0 24.0 1 11
723.606797749979 635.1141009169893 0 0 24.0 1 12
710.8583845827884 651.728156419935 0 0 24.0 1 13
697.2579301909577 667.6522425435433 0 0 24.0 1 14
682.842712474619 682.842712474619 0 0 24.0 1 15
667.6522425435433 697.2579301909577 0 0 24.0 1 16
651.728156419935 710.8583845827884 0 0 24.0 1 17
635.1141009169893 723.606797749979 0 0 24.0 1 18
617.8556140060108 735.4682271781696 0 0 24.0 1 19
600.0 746.4101615137754 0 0 24.0 1 20
581.5961998958187 756.4026096753471 0 0 24.0 1 21
562.6946572303201 765.4181830570403 0 0 24.0 1 22
543.3471798181201 773.4321705988807 0 0 24.0 1 23
523.606797749979 780.4226065180615 0 0 24.0 1 24
503.5276180410083 786.3703305156273 0 0 24.0 1 25
483.1646763271038 791.2590402935223 0 0 24.0 1 26
462.57378601609236 795.0753362380551 0 0 24.0 1 27
441.8113853070614 797.8087581473094 0 0 24.0 1 28
420.9343824971776 799.4518139018296 0 0 24.0 1 29
400.0 800.0 0 0 24.0 1 30
379.0656175028225 799.4518139018296 0 0 24.0 1 31
358.1886146929386 797.8087581473094 0 0 24.0 1 32
337.4262139839077 795.0753362380551 0 0 24.0 1 33
316.83532367289627 791.2590402935223 0 0 24.0 1 34
296.47238195899166 786.3703305156273 0 0 24.0 1 35
276.3932022500211 780.4226065180615 0 0 24.0 1 36
256.65282018187986 773.4321705988807 0 0 24.0 1 37
237.3053427696799 765.4181830570403 0 0 24.0 1 38
218.4038001041813 756.4026096753471 0 0 24.0 1 39
43.597390324652906 581.5961998958187 0 0 24.0 1 40
34.58181694295968 562.6946572303202 0 0 24.0 1 41
26.567829401119297 543.3471798181201 0 0 24.0 1 42
19.5773934819386 523.606797749979 0 0 24.0 1 43
13.629669484372698 503.5276180410084 0 0 24.0 1 44
8.740959706477724 483.16467632710373 0 0 24.0 1 45
4.924663761944942 462.5737860160924 0 0 24.0 1 46
2.1912418526906663 441.81138530706147 0 0 24.0 1 47
0.5481860981704472 420.9343824971775 0 0 24.0 1 48
0.0 400.00000000000006 0 0 24.0 1 49
0.5481860981704472 379.0656175028226 0 0 24.0 1 50
2.1912418526906663 358.1886146929386 0 0 24.0 1 51
4.924663761944885 337.4262139839077 0 0 24.0 1 52
8.740959706477781 316.8353236728962 0 0 24.0 1 53
13.629669484372698 296.47238195899166 0 0 24.0 1 54
19.577393481938543 276.3932022500211 0 0 24.0 1 55
26.567829401119297 256.65282018187986 0 0 24.0 1 56
34.58181694295968 237.30534276967992 0 0 24.0 1 57
43.59739032465285 218.40380010418136 0 0 24.0 1 58
53.58983848622455 199.99999999999994 0 0 24.0 1 59
64.53177282183037 182.14438599398918 0 0 24.0 1 60
76.39320225002103 164.8858990830108 0 0 24.0 1 61
89.14161541721171 148.27184358006497 0 0 24.0 1 62
102.74206980904228 132.3477574564567 0 0 24.0 1 63
117.15728752538092 117.15728752538104 0 0 24.0 1 64
132.34775745645675 102.74206980904228 0 0 24.0 1 65
148.27184358006485 89.14161541721177 0 0 24.0 1 66
164.8858990830107 76.39320225002109 0 0 24.0 1 67
182.1443859939892 64.53177282183032 0 0 24.0 1 68
199.99999999999983 53.58983848622461 0 0 24.0 1 69
218.40380010418124 43.597390324652906 0 0 24.0 1 70
237.30534276967995 34.58181694295962 0 0 24.0 1 71
256.65282018187975 26.567829401119354 0 0 24.0 1 72
276.393202250021 19.5773934819386 0 0 24.0 1 73
296.4723819589917 13.629669484372698 0 0 24.0 1 74
316.8353236728961 8.740959706477781 0 0 24.0 1 75
337.4262139839076 4.924663761944942 0 0 24.0 1 76
358.18861469293864 2.1912418526906663 0 0 24.0 1 77
379.0656175028223 0.5481860981704472 0 0 24.0 1 78
399.99999999999994 0.0 0 0 24.0 1 79
420.9343824971776 0.5481860981704472 0 0 24.0 1 80
441.8113853070612 2.1912418526906663 0 0 24.0 1 81
462.5737860160923 4.924663761944885 0 0 24.0 1 82
483.1646763271038 8.740959706477781 0 0 24.0 1 83
503.5276180410081 13.629669484372641 0 0 24.0 1 84
523.6067977499789 19.577393481938543 0 0 24.0 1 85
543.3471798181201 26.567829401119297 0 0 24.0 1 86
562.6946572303199 34.58181694295956 0 0 24.0 1 87
581.5961998958187 43.59739032465279 0 0 24.0 1 88
600.0 53.58983848622455 0 0 24.0 1 89
617.8556140060107 64.53177282183032 0 0 24.0 1 90
635.1141009169892 76.39320225002098 0 0 24.0 1 91
651.728156419935 89.14161541721171 0 0 24.0 1 92
667.6522425435431 102.74206980904216 0 0 24.0 1 93
682.842712474619 117.15728752538092 0 0 24.0 1 94
697.2579301909577 132.34775745645675 0 0 24.0 1 95
710.8583845827882 148.27184358006485 0 0 24.0 1 96
723.6067977499789 164.88589908301066 0 0 24.0 1 97
735.4682271781696 182.1443859939892 0 0 24.0 1 98
746.4101615137754 199.99999999999983 0 0 24.0 1 99
756.4026096753471 218.40380010418122 0 0 24.0 1 100
765.4181830570403 237.30534276967995 0 0 24.0 1 101
773.4321705988806 256.6528201818797 0 0 24.0 1 102
780.4226065180615 276.3932022500209 0 0 24.0 1 103
786.3703305156273 296.4723819589917 0 0 24.0 1 104
791.2590402935223 316.83532367289604 0 0 24.0 1 105
795.0753362380551 337.4262139839076 0 0 24.0 1 106
797.8087581473094 358.18861469293864 0 0 24.0 1 107
799.4518139018296 379.06561750282225 0 0 24.0 1 108
800.0 399.9999999999999 0 0 24.0 1 109
182.16053486293964 108.38044059288569 0 0 11.0 1 110
77.38561389269125 306.10666756044765 0 0 11.0 1 111
407.2474002315513 218.14435617808363 0 0 11.0 1 112
261.50525791185396 306.6822288417801 0 0 11.0 1 113
384.38348149828136 530.0658462083167 0 0 13.0 1 114
374.6631894537739 203.62778701826306 0 0 11.0 1 115
402.02673064464994 552.9865757604047 0 0 12.0 1 116
156.34363199376537 412.9450504058642 0 0 13.0 1 117
426.039167621848 577.0959111599173 0 0 10.0 1 118
357.07808871105675 153.71214091777873 0 0 11.0 1 119
687.6109711732663 257.44850312686793 0 0 10.0 1 120
595.5590800909569 89.44300652862648 0 0 12.0 1 121
581.1262789163809 367.6075458492971 0 0 11.0 1 122
562.3273702425209 268.3534091966392 0 0 12.0 1 123
413.19506481199056 598.5620564574394 0 0 10.0 1 124
454.649285836161 612.0718169809406 0 0 13.0 1 125
632.3063760512503 507.5627614276201 0 0 12.0 1 126
158.91504772782793 224.83708786411285 0 0 11.0 1 127
332.5043318599854 209.6100454794607 0 0 12.0 1 128
365.55228039138984 737.2452440194918 0 0 12.0 1 129
282.3970991204049 333.7085397301875 0 0 10.0 1 130
390.7791658493483 538.6938218435348 0 0 12.0 1 131
108.18268971239581 410.3275077588034 0 0 10.0 1 132
315.5213165731506 588.9771204311944 0 0 13.0 1 133
556.3013289345108 698.5613748851413 0 0 12.0 1 134
403.9164358583662 223.04333431552428 0 0 11.0 1 135
184.77213443724685 483.89258540122285 0 0 13.0 1 136
725.1830180266516 423.0652289621925 0 0 12.0 1 137
421.42093756041754 207.18624677157314 0 0 12.0 1 138
219.3390423436541 323.98935351747105 0 0 13.0 1 139
269.6712153668549 379.06180771777844 0 0 10.0 1 140
454.860012260137 528.8036453475507 0 0 11.0 1 141
596.6696069279742 313.131906255541 0 0 10.0 1 142
273.16818933661915 428.5252835892706 0 0 10.0 1 143
607.8031751078591 587.664169236145 0 0 13.0 1 144
282.2196270747788 216.55577481535207 0 0 13.0 1 145
528.3729850196061 264.0243524848806 0 0 13.0 1 146
516.4518463050839 325.95293731593995 0 0 13.0 1 147
185.20229520474882 623.5216902555368 0 0 11.0 1 148
237.9145539732797 493.2593597786257 0 0 13.0 1 149
582.7585807049669 631.5692146609866 0 0 11.0 1 150
584.3880180750232 698.6671371114755 0 0 12.0 1 151
428.2212207745168 591.9363506425918 0 0 11.0 1 152
354.89850512702685 623.494642352391 0 0 12.0 1 153
709.9059866538305 239.5030235919822 0 0 12.0 1 154
483.36313070427667 605.7537082027483 11 8 11.0 1 155
289.22849195025094 511.25948500862467 11 21 11.0 1 156
229.09416128229017 633.0497678441155 21 0 13.0 1 157
501.04105732509083 710.9979175728154 12 21 10.0 1 158
608.5453293046729 588.3343984119883 15 -4 11.0 1 159
256.5705648625258 549.2548060738584 10 3 13.0 1 160
642.9230825225426 329.30787895567175 5 -1 12.0 1 161
272.31723778008376 715.114443070914 -15 20 10.0 1 162
240.848908144485 517.7918925953626 18 -15 12.0 1 163
144.48702755102968 207.35233998230936 -5 3 12.0 1 164
185.74737677732966 365.57888086937817 17 -17 11.0 1 165
447.16889771202057 597.4439036502088 15 -7 13.0 1 166
541.3504223777256 124.10136264628164 -14 6 10.0 1 167
378.4759205333427 169.00061904171037 -10 -11 12.0 1 168
646.7114955679776 283.1135681329447 -14 9 11.0 1 169
319.46160204615137 505.8421771083131 -16 -9 12.0 1 170
715.9877053113096 397.2125115080121 9 8 10.0 1 171
515.4123255477487 91.90748936129512 8 9 11.0 1 172
693.3522949458442 342.16029866945667 -12 -1 13.0 1 173
382.04247427529356 161.6755839829949 3 -13 12.0 1 174
171.64326517556682 515.7117179041238 5 7 13.0 1 175
105.05623169507464 193.58252608344776 5 -7 12.0 1 176
303.1117017096558 527.3289348671435 -10 15 12.0 1 177
369.26791151711666 223.65789289712956 19 11 13.0 1 178
562.5572611456097 378.2943129839652 -12 -16 12.0 1 179
457.21800149072953 659.7731708729884 -6 -10 10.0 1 180
614.2583473032317 232.43699510068544 -2 21 13.0 1 181
621.0382514205178 563.6065139563823 19 -3 13.0 1 182
144.43204499902674 639.1338963355478 9 15 11.0 1 183
710.2464801132672 358.57390221939704 -17 2 11.0 1 184
615.0362401295449 293.41944159018163 -6 7 13.0 1 185
314.66496472720615 708.4119513815751 -11 5 11.0 1 186
326.0211277109641 602.93626205004 -2 15 13.0 1 187
371.35958915370406 739.7951248422428 -9 -16 11.0 1 188
221.82782754567842 368.1303127893057 -17 2 12.0 1 189
374.1896142165576 652.6852270824511 3 -15 12.0 1 190
468.61858073512303 711.5324868739974 20 11 10.0 1 191
389.37586709838087 133.21145489341427 -1 -9 12.0 1 192
191.52332499523976 414.7809329529492 -12 -17 10.0 1 193
220.53644833565627 141.12197153095548 6 1 13.0 1 194
529.7950165734559 53.51298195647172 16 3 10.0 1 195
338.1376981763247 508.6188547770437 8 -3 12.0 1 196
568.7928465393045 524.9358833848738 7 19 12.0 1 197
480.7225894684873 589.5253638685389 15 16 11.0 1 198
674.0142506120281 551.2785194980723 4 4 13.0 1 199
106.37161288274456 270.2950645545082 -6 4 10.0 1 200
597.9749822218938 691.0496631405726 20 8 12.0 1 201
538.8483388112711 214.13677391869456 22 21 10.0 1 202
366.2175859383652 138.17038269101744 -3 -11 10.0 1 203
261.610603472306 311.99786974907556 -16 -16 13.0 1 204
259.0510270939635 477.80994176024933 7 -5 11.0 1 205
338.8899905906999 110.37685391185454 -15 -8 11.0 1 206
650.6246257435502 240.63784335387084 9 10 13.0 1 207
183.81798443966946 684.102685922314 12 15 11.0 1 208
611.7010953572782 411.2537204749643 5 1 13.0 1 209
266.140057178712 699.4420072532936 0 8 11.0 1 210
294.24701790177323 601.9908581528682 17 -16 11.0 1 211
486.6469434963341 168.69650417094192 -8 2 13.0 1 212
408.22286112492475 257.23661339502974 10 0 11.0 1 213
151.31807737561616 327.62388957784503 19 -2 10.0 1 214
618.9521822322447 485.3518710734447 -14 -7 13.0 1 215
234.80103493539136 457.74341470316955 -5 17 11.0 1 216
579.2419275155472 532.6700094991755 -6 20 13.0 1 217
60.05309378578767 406.0084070589061 14 -8 12.0 1 218
678.910084519708 606.4416739740534 0 11 12.0 1 219
