400 400 -7.071067811865475 -7.071067811865477 5 2 -1 10 187
57.15728752538104 57.15728752538092
800.0 400.0 0 0 24.0 1 0
799.4518139018296 420.9343824971775 0 0 24.0 1 1
797.8087581473094 441.8113853070614 0 0 24.0 1 2
795.0753362380551 462.57378601609236 0 0 24.0 1 3
791.2590402935223 483.16467632710373 0 0 24.0 1 4
786.3703305156273 503.5276180410083 0 0 24.0 1 5
780.4226065180615 523.6067977499789 0 0 24.0 1 6
773.4321705988807 543.3471798181201 0 0 24.0 1 7
765.4181830570403 562.6946572303201 0 0 24.0 1 8
756.4026096753471 581.5961998958187 0 0 24.0 1 9
746.4101615137755 600.0 0 0 24.0 1 10
735.4682271781696 617.8556140060108 0 0 24.0 1 11
723.606797749979 635.1141009169893 0 0 24.0 1 12
710.8583845827884 651.728156419935 0 0 24.0 1 13
697.2579301909577 667.6522425435433 0 0 24.0 1 14
682.842712474619 682.842712474619 0 0 24.0 1 15
667.6522425435433 697.2579301909577 0 0 24.0 1 16
651.728156419935 710.8583845827884 0 0 24.0 1 17
635.1141009169893 723.606797749979 0 0 24.0 1 18
617.8556140060108 735.4682271781696 0 0 24.0 1 19
600.0 746.4101615137754 0 0 24.0 1 20
581.5961998958187 756.4026096753471 0 0 24.0 1 21
562.6946572303201 765.4181830570403 0 0 24.0 1 22
543.3471798181201 773.4321705988807 0 0 24.0 1 23
523.606797749979 780.4226065180615 0 0 24.0 1 24
503.5276180410083 786.3703305156273 0 0 24.0 1 25
483.1646763271038 791.2590402935223 0 0 24.0 1 26
462.57378601609236 795.0753362380551 0 0 24.0 1 27
441.8113853070614 797.8087581473094 0 0 24.0 1 28
420.9343824971776 799.4518139018296 0 0 24.0 1 29
400.0 800.0 0 0 24.0 1 30
379.0656175028225 799.4518139018296 0 0 24.0 1 31
358.1886146929386 797.8087581473094 0 0 24.0 1 32
337.4262139839077 795.0753362380551 0 0 24.0 1 33
316.83532367289627 791.2590402935223 0 0 24.0 1 34
296.47238195899166 786.3703305156273 0 0 24.0 1 35
276.3932022500211 780.4226065180615 0 0 24.0 1 36
256.65282018187986 773.4321705988807 0 0 24.0 1 37
237.3053427696799 765.4181830570403 0 0 24.0 1 38
218.4038001041813 756.4026096753471 0 0 24.0 1 39
200.00000000000009 746.4101615137755 0 0 24.0 1 40
182.14438599398918 735.4682271781696 0 0 24.0 1 41
164.8858990830108 723.606797749979 0 0 24.0 1 42
148.27184358006508 710.8583845827884 0 0 24.0 1 43
132.3477574564567 697.2579301909577 0 0 24.0 1 44
117.15728752538104 682.842712474619 0 0 24.0 1 45
102.74206980904233 667.6522425435434 0 0 24.0 1 46
89.14161541721165 651.728156419935 0 0 24.0 1 47
76.39320225002109 635.1141009169893 0 0 24.0 1 48
64.53177282183043 617.8556140060109 0 0 24.0 1 49
53.589838486224494 600.0 0 0 24.0 1 50
43.597390324652906 581.5961998958187 0 0 24.0 1 51
34.58181694295968 562.6946572303202 0 0 24.0 1 52
26.567829401119297 543.3471798181201 0 0 24.0 1 53
19.5773934819386 523.606797749979 0 0 24.0 1 54
13.629669484372698 503.5276180410084 0 0 24.0 1 55
8.740959706477724 483.16467632710373 0 0 24.0 1 56
4.924663761944942 462.5737860160924 0 0 24.0 1 57
2.1912418526906663 441.81138530706147 0 0 24.0 1 58
0.5481860981704472 420.9343824971775 0 0 24.0 1 59
0.0 400.00000000000006 0 0 24.0 1 60
0.5481860981704472 379.0656175028226 0 0 24.0 1 61
2.1912418526906663 358.1886146929386 0 0 24.0 1 62
4.924663761944885 337.4262139839077 0 0 24.0 1 63
8.740959706477781 316.8353236728962 0 0 24.0 1 64
13.629669484372698 296.47238195899166 0 0 24.0 1 65
19.577393481938543 276.3932022500211 0 0 24.0 1 66
26.567829401119297 256.65282018187986 0 0 24.0 1 67
34.58181694295968 237.30534276967992 0 0 24.0 1 68
43.59739032465285 218.40380010418136 0 0 24.0 1 69
218.40380010418124 43.597390324652906 0 0 24.0 1 70
237.30534276967995 34.58181694295962 0 0 24.0 1 71
256.65282018187975 26.567829401119354 0 0 24.0 1 72
276.393202250021 19.5773934819386 0 0 24.0 1 73
296.4723819589917 13.629669484372698 0 0 24.0 1 74
316.8353236728961 8.740959706477781 0 0 24.0 1 75
337.4262139839076 4.924663761944942 0 0 24.0 1 76
358.18861469293864 2.1912418526906663 0 0 24.0 1 77
379.0656175028223 0.5481860981704472 0 0 24.0 1 78
399.99999999999994 0.0 0 0 24.0 1 79
420.9343824971776 0.5481860981704472 0 0 24.0 1 80
441.8113853070612 2.1912418526906663 0 0 24.0 1 81
462.5737860160923 4.924663761944885 0 0 24.0 1 82
483.1646763271038 8.740959706477781 0 0 24.0 1 83
503.5276180410081 13.629669484372641 0 0 24.0 1 84
523.6067977499789 19.577393481938543 0 0 24.0 1 85
543.3471798181201 26.567829401119297 0 0 24.0 1 86
562.6946572303199 34.58181694295956 0 0 24.0 1 87
581.5961998958187 43.59739032465279 0 0 24.0 1 88
600.0 53.58983848622455 0 0 24.0 1 89
617.8556140060107 64.53177282183032 0 0 24.0 1 90
635.1141009169892 76.39320225002098 0 0 24.0 1 91
651.728156419935 89.14161541721171 0 0 24.0 1 92
667.6522425435431 102.74206980904216 0 0 24.0 1 93
682.842712474619 117.15728752538092 0 0 24.0 1 94
697.2579301909577 132.34775745645675 0 0 24.0 1 95
710.8583845827882 148.27184358006485 0 0 24.0 1 96
723.6067977499789 164.88589908301066 0 0 24.0 1 97
735.4682271781696 182.1443859939892 0 0 24.0 1 98
746.4101615137754 199.99999999999983 0 0 24.0 1 99
756.4026096753471 218.40380010418122 0 0 24.0 1 100
765.4181830570403 237.30534276967995 0 0 24.0 1 101
773.4321705988806 256.6528201818797 0 0 24.0 1 102
780.4226065180615 276.3932022500209 0 0 24.0 1 103
786.3703305156273 296.4723819589917 0 0 24.0 1 104
791.2590402935223 316.83532367289604 0 0 24.0 1 105
795.0753362380551 337.4262139839076 0 0 24.0 1 106
797.8087581473094 358.18861469293864 0 0 24.0 1 107
799.4518139018296 379.06561750282225 0 0 24.0 1 108
800.0 399.9999999999999 0 0 24.0 1 109
532.9281383905035 228.48000109597962 0 0 10.0 1 110
112.04497355972603 405.08947421460283 0 0 12.0 1 111
104.01159538718741 397.38001245004045 0 0 11.0 1 112
647.933129739564 506.90726438153996 0 0 13.0 1 113
524.1966224388106 256.21126965303733 0 0 13.0 1 114
692.9868771765049 254.78398916662246 0 0 12.0 1 115
56.056364517404006 483.77813325095724 0 0 12.0 1 116
250.09384745499784 405.3052265884264 0 0 11.0 1 117
443.1704404093875 567.527051770332 0 0 13.0 1 118
460.0060880160294 158.33852313409048 0 0 13.0 1 119
100.33996850320409 545.2338305056343 0 0 10.0 1 120
230.1136501538119 497.7477781636932 0 0 12.0 1 121
236.77675217020638 384.0572471670112 0 0 12.0 1 122
103.5903564154437 509.53229290979124 0 0 10.0 1 123
307.2519177074316 86.42896621171951 0 0 13.0 1 124
704.5486227340969 255.7116207355398 0 0 10.0 1 125
615.6249359734347 254.72134710683684 0 0 13.0 1 126
241.4089935379757 455.43367811504277 0 0 13.0 1 127
650.5533085131331 304.88407287355733 0 0 11.0 1 128
445.39106092695 164.33147942941994 0 0 13.0 1 129
372.18660148476476 240.4054673147206 0 0 10.0 1 130
514.4558627270054 298.46746586725567 0 0 10.0 1 131
262.3574145372239 277.891365304814 0 0 12.0 1 132
87.55293109457546 503.0428509524504 0 0 13.0 1 133
222.03987362756249 186.42520415202063 0 0 10.0 1 134
547.3176243146345 729.5732355126736 0 0 12.0 1 135
457.5551513401032 685.2514759895517 0 0 13.0 1 136
223.8431264646173 449.57575926034 0 0 12.0 1 137
419.2799477673045 539.6756371529767 0 0 12.0 1 138
629.5162089773751 259.7027804386207 0 0 13.0 1 139
540.403251428546 100.25356217580753 0 0 10.0 1 140
563.3943220967363 582.5576498165661 0 0 10.0 1 141
286.73861302649635 317.7086989965631 0 0 13.0 1 142
624.4887828336127 529.1734739870499 0 0 11.0 1 143
385.55595414498976 37.28748361913625 0 0 11.0 1 144
568.8358340296659 372.880613069114 0 0 11.0 1 145
259.2749235419361 536.4274637156027 0 0 11.0 1 146
147.97462838897223 557.1375577776471 0 0 10.0 1 147
313.5359519606804 76.35054704718834 0 0 13.0 1 148
275.38058149840026 692.5645237077167 0 0 11.0 1 149
531.2009687332674 459.34901687014025 0 0 12.0 1 150
632.3225252744804 500.17606625381336 0 0 11.0 1 151
251.15984154354356 236.63657927596844 0 0 10.0 1 152
566.3166478065491 503.70522003444324 0 0 10.0 1 153
382.71869909337875 170.65014358196163 0 0 13.0 1 154
422.67694555628526 741.2473533087652 -17 11 11.0 1 155
596.7527170008884 513.2138169693449 16 13 12.0 1 156
518.870421696878 484.7692328949979 -11 11 10.0 1 157
662.340901046041 418.6078380891308 -3 8 11.0 1 158
700.4327781243013 614.245526974344 21 -7 10.0 1 159
561.452881431657 481.8166674792815 2 -16 13.0 1 160
521.7266777053762 75.05136415917752 -15 -15 11.0 1 161
545.6852960673809 725.9214545097631 21 -6 11.0 1 162
515.8164039109664 641.6827684902916 12 7 10.0 1 163
574.7961000518187 613.5938281099774 7 16 13.0 1 164
341.8643770619666 590.3188097524961 -7 7 12.0 1 165
656.9900008386284 397.7329603087313 14 13 11.0 1 166
173.28421890837006 424.16515267926377 16 14 13.0 1 167
545.9101134221684 115.20140660261336 18 -17 10.0 1 168
429.04452873440033 558.3585026154155 15 -13 13.0 1 169
288.5767986403615 322.0200654093025 18 16 10.0 1 170
171.52100859390228 373.5926054664168 20 13 12.0 1 171
89.97065484279335 338.86240811584395 -15 -12 10.0 1 172
544.909126135793 405.1327538963808 -14 -10 10.0 1 173
218.78414994599862 302.03666150438886 -1 11 10.0 1 174
245.21634970322134 133.71815382793267 16 11 13.0 1 175
356.5749403070003 568.494107287642 -5 11 12.0 1 176
533.9602745648667 544.4425312659173 -14 20 13.0 1 177
555.9939304701402 398.6238980862338 21 -3 13.0 1 178
104.97016230227138 562.8692569764224 2 1 12.0 1 179
372.462147451524 669.5972304698593 19 -15 11.0 1 180
643.3214671760053 292.5259863440647 22 2 10.0 1 181
169.27043036245152 341.6230722384976 2 13 12.0 1 182
405.05725180992863 273.10073205833305 2 5 12.0 1 183
96.33664635972804 600.7101583277317 -3 -4 13.0 1 184
210.49625327704112 86.87968769503203 4 8 11.0 1 185
562.111820467291 300.9053096034867 6 -8 11.0 1 186
517.0893957736906 548.3612934607677 22 1 12.0 1 187
581.4049710111891 430.79344885571646 21 -10 13.0 1 188
660.0238563916887 343.93223647054907 9 12 10.0 1 189
113.84955201735687 611.7874432522681 16 22 13.0 1 190
455.76000310746696 521.8475360992387 3 7 11.0 1 191
196.88452513991263 479.17135765137044 -1 14 10.0 1 192
682.9556563472966 405.009644804832 1 12 12.0 1 193
121.47593467056038 236.43550191938942 1 -2 11.0 1 194
317.8469422624147 276.89486158423375 -10 13 12.0 1 195
437.8841679144352 606.5545686288029 0 12 12.0 1 196
290.2363978113201 225.67859673991484 -10 6 13.0 1 197
635.7275068132551 141.28675617277202 5 -3 12.0 1 198
239.92221886130935 329.28858659513685 -12 1 13.0 1 199
609.499646679964 129.67815840933196 4 17 13.0 1 200
580.0672121066074 601.1859814305014 10 17 11.0 1 201
552.4366758122858 244.15693834084212 -3 -8 13.0 1 202
340.602504557851 630.4689513474643 -2 17 10.0 1 203
70.1702839427939 528.5626633421336 17 -5 10.0 1 204
151.13531265556466 502.11448179840335 13 -16 10.0 1 205
138.01243676409996 636.5830017345187 19 -8 13.0 1 206
521.9196172314033 151.2740324490663 -5 6 10.0 1 207
648.4891842806321 364.58636850666045 6 -16 13.0 1 208
621.089737187913 259.417895483886 1 15 10.0 1 209
663.4928252176433 655.4614081594801 -16 12 10.0 1 210
463.2527195810758 541.5065138627823 7 -7 13.0 1 211
681.7242453208039 387.5320571695462 -7 13 13.0 1 212
262.6734814115774 594.3847403794434 -6 -5 10.0 1 213
283.96420356965683 329.06556585990165 16 -3 13.0 1 214
557.6040394116901 411.1788533006945 -3 1 10.0 1 215
346.31485972484035 199.04750383825427 7 7 12.0 1 216
87.41432721745747 438.92553366474556 19 12 10.0 1 217
539.2885960247318 309.6966943159936 -16 16 11.0 1 218
145.00998926936754 397.74291613094704 8 -17 13.0 1 219
