400 400 -7.071067811865475 -7.071067811865477 5 2 -1 10 187
57.15728752538104 57.15728752538092
800.0 400.0 0 0 24.0 1 0
799.4518139018296 420.9343824971775 0 0 24.0 1 1
797.8087581473094 441.8113853070614 0 0 24.0 1 2
795.0753362380551 462.57378601609236 0 0 24.0 1 3
791.2590402935223 483.16467632710373 0 0 24.0 1 4
786.3703305156273 503.5276180410083 0 0 24.0 1 5
780.4226065180615 523.6067977499789 0 0 24.0 1 6
773.4321705988807 543.3471798181201 0 0 24.0 1 7
765.4181830570403 562.6946572303201 0 0 24.0 1 8
756.4026096753471 581.5961998958187 0 0 24.0 1 9
746.4101615137755 600.0 0 0 24.0 1 10
735.4682271781696 617.8556140060108 0 0 24.0 1 11
723.606797749979 635.1141009169893 0 0 24.0 1 12
710.8583845827884 651.728156419935 0 0 24.0 1 13
697.2579301909577 667.6522425435433 0 0 24.0 1 14
682.842712474619 682.842712474619 0 0 24.0 1 15
667.6522425435433 697.2579301909577 0 0 24.0 1 16
651.728156419935 710.8583845827884 0 0 24.0 1 17
635.1141009169893 723.606797749979 0 0 24.0 1 18
617.8556140060108 735.4682271781696 0 0 24.0 1 19
600.0 746.4101615137754 0 0 24.0 1 20
581.5961998958187 756.4026096753471 0 0 24.0 1 21
562.6946572303201 765.4181830570403 0 0 24.0 1 22
543.3471798181201 773.4321705988807 0 0 24.0 1 23
523.606797749979 780.4226065180615 0 0 24.0 1 24
503.5276180410083 786.3703305156273 0 0 24.0 1 25
483.1646763271038 791.2590402935223 0 0 24.0 1 26
462.57378601609236 795.0753362380551 0 0 24.0 1 27
441.8113853070614 797.8087581473094 0 0 24.0 1 28
420.9343824971776 799.4518139018296 0 0 24.0 1 29
400.0 800.0 0 0 24.0 1 30
379.0656175028225 799.4518139018296 0 0 24.0 1 31
358.1886146929386 797.8087581473094 0 0 24.0 1 32
337.4262139839077 795.0753362380551 0 0 24.0 1 33
316.83532367289627 791.2590402935223 0 0 24.0 1 34
296.47238195899166 786.3703305156273 0 0 24.0 1 35
276.3932022500211 780.4226065180615 0 0 24.0 1 36
256.65282018187986 773.4321705988807 0 0 24.0 1 37
237.3053427696799 765.4181830570403 0 0 24.0 1 38
218.4038001041813 756.4026096753471 0 0 24.0 1 39
200.00000000000009 746.4101615137755 0 0 24.0 1 40
182.14438599398918 735.4682271781696 0 0 24.0 1 41
164.8858990830108 723.606797749979 0 0 24.0 1 42
148.27184358006508 710.8583845827884 0 0 24.0 1 43
132.3477574564567 697.2579301909577 0 0 24.0 1 44
117.15728752538104 682.842712474619 0 0 24.0 1 45
102.74206980904233 667.6522425435434 0 0 24.0 1 46
89.14161541721165 651.728156419935 0 0 24.0 1 47
76.39320225002109 635.1141009169893 0 0 24.0 1 48
64.53177282183043 617.8556140060109 0 0 24.0 1 49
53.589838486224494 600.0 0 0 24.0 1 50
43.597390324652906 581.5961998958187 0 0 24.0 1 51
34.58181694295968 562.6946572303202 0 0 24.0 1 52
26.567829401119297 543.3471798181201 0 0 24.0 1 53
19.5773934819386 523.606797749979 0 0 24.0 1 54
13.629669484372698 503.5276180410084 0 0 24.0 1 55
8.740959706477724 483.16467632710373 0 0 24.0 1 56
4.924663761944942 462.5737860160924 0 0 24.0 1 57
2.1912418526906663 441.81138530706147 0 0 24.0 1 58
0.5481860981704472 420.9343824971775 0 0 24.0 1 59
0.0 400.00000000000006 0 0 24.0 1 60
0.5481860981704472 379.0656175028226 0 0 24.0 1 61
2.1912418526906663 358.1886146929386 0 0 24.0 1 62
4.924663761944885 337.4262139839077 0 0 24.0 1 63
8.740959706477781 316.8353236728962 0 0 24.0 1 64
13.629669484372698 296.47238195899166 0 0 24.0 1 65
19.577393481938543 276.3932022500211 0 0 24.0 1 66
26.567829401119297 256.65282018187986 0 0 24.0 1 67
34.58181694295968 237.30534276967992 0 0 24.0 1 68
43.59739032465285 218.40380010418136 0 0 24.0 1 69
218.40380010418124 43.597390324652906 0 0 24.0 1 70
237.30534276967995 34.58181694295962 0 0 24.0 1 71
256.65282018187975 26.567829401119354 0 0 24.0 1 72
276.393202250021 19.5773934819386 0 0 24.0 1 73
296.4723819589917 13.629669484372698 0 0 24.0 1 74
316.8353236728961 8.740959706477781 0 0 24.0 1 75
337.4262139839076 4.924663761944942 0 0 24.0 1 76
358.18861469293864 2.1912418526906663 0 0 24.0 1 77
379.0656175028223 0.5481860981704472 0 0 24.0 1 78
399.99999999999994 0.0 0 0 24.0 1 79
420.9343824971776 0.5481860981704472 0 0 24.0 1 80
441.8113853070612 2.1912418526906663 0 0 24.0 1 81
462.5737860160923 4.924663761944885 0 0 24.0 1 82
483.1646763271038 8.740959706477781 0 0 24.0 1 83
503.5276180410081 13.629669484372641 0 0 24.0 1 84
523.6067977499789 19.577393481938543 0 0 24.0 1 85
543.3471798181201 26.567829401119297 0 0 24.0 1 86
562.6946572303199 34.58181694295956 0 0 24.0 1 87
581.5961998958187 43.59739032465279 0 0 24.0 1 88
600.0 53.58983848622455 0 0 24.0 1 89
617.8556140060107 64.53177282183032 0 0 24.0 1 90
635.1141009169892 76.39320225002098 0 0 24.0 1 91
651.728156419935 89.14161541721171 0 0 24.0 1 92
667.6522425435431 102.74206980904216 0 0 24.0 1 93
682.842712474619 117.15728752538092 0 0 24.0 1 94
697.2579301909577 132.34775745645675 0 0 24.0 1 95
710.8583845827882 148.27184358006485 0 0 24.0 1 96
723.6067977499789 164.88589908301066 0 0 24.0 1 97
735.4682271781696 182.1443859939892 0 0 24.0 1 98
746.4101615137754 199.99999999999983 0 0 24.0 1 99
756.4026096753471 218.40380010418122 0 0 24.0 1 100
765.4181830570403 237.30534276967995 0 0 24.0 1 101
773.4321705988806 256.6528201818797 0 0 24.0 1 102
780.4226065180615 276.3932022500209 0 0 24.0 1 103
786.3703305156273 296.4723819589917 0 0 24.0 1 104
791.2590402935223 316.83532367289604 0 0 24.0 1 105
795.0753362380551 337.4262139839076 0 0 24.0 1 106
797.8087581473094 358.18861469293864 0 0 24.0 1 107
799.4518139018296 379.06561750282225 0 0 24.0 1 108
800.0 399.9999999999999 0 0 24.0 1 109
214.12064187556766 92.86832754785928 0 0 10.0 1 110
656.5316034546777 236.88183292786778 0 0 12.0 1 111
647.0293402862328 296.0745217102726 0 0 10.0 1 112
243.55382202257684 524.5977262884697 0 0 12.0 1 113
478.5132946339707 627.8522823359891 0 0 11.0 1 114
476.6785036697871 720.9679221899946 0 0 12.0 1 115
682.3785716891599 624.9074081723187 0 0 10.0 1 116
311.7768706520058 592.7710544870445 0 0 11.0 1 117
372.93931526801424 625.3812754907472 0 0 12.0 1 118
683.1162582208474 367.2863280717917 0 0 12.0 1 119
691.7704918750835 615.9605984224247 0 0 12.0 1 120
249.27199806658882 568.3955742683329 0 0 11.0 1 121
374.5374940834926 573.1376931590918 0 0 10.0 1 122
681.0033682579199 221.32121830585515 0 0 11.0 1 123
404.5833255101234 745.9696419156863 0 0 11.0 1 124
612.3964313092707 474.24793577660097 0 0 13.0 1 125
311.3093347942189 492.29282694422164 0 0 10.0 1 126
237.79735096124043 723.6267922234019 0 0 12.0 1 127
92.46351475971812 369.9615205768687 0 0 13.0 1 128
737.9635607490238 264.80890707653515 0 0 11.0 1 129
759.3932373496982 342.2721822055995 0 0 11.0 1 130
286.3372004953033 637.1703354316369 0 0 12.0 1 131
702.085339893528 588.3625425115398 0 0 12.0 1 132
560.5748555218827 378.5590164841608 0 0 12.0 1 133
629.4806985094375 333.21969593045674 0 0 13.0 1 134
477.35097614405953 255.3873225143759 0 0 10.0 1 135
515.955387772874 72.94748426828693 0 0 12.0 1 136
522.1579440323867 171.6177837269717 0 0 11.0 1 137
312.07368345352836 102.73082423740993 0 0 13.0 1 138
687.4187763277168 523.9332361163779 0 0 11.0 1 139
738.3413189678256 314.40705707178864 0 0 13.0 1 140
496.93222982851375 537.2156799366319 0 0 13.0 1 141
462.82309193458303 222.80728254304884 0 0 11.0 1 142
569.2911069567899 648.8805358105465 0 0 13.0 1 143
151.78967985261175 380.1849306755934 0 0 10.0 1 144
497.26047399972674 666.8265357818605 0 0 10.0 1 145
244.86787511053336 514.8173498530555 0 0 12.0 1 146
708.7757274641698 233.09119217676752 0 0 10.0 1 147
651.3627584617043 516.3862692009795 0 0 10.0 1 148
288.73238866027305 86.13933239930896 0 0 11.0 1 149
393.91201373053286 247.1211707816194 0 0 10.0 1 150
604.540370001247 104.96739664953469 0 0 13.0 1 151
340.3594436059006 524.4467919755357 0 0 12.0 1 152
529.8900155904321 440.3061267044764 0 0 13.0 1 153
671.8282045197392 253.06318627527398 0 0 10.0 1 154
763.2369397833943 335.039045752123 -1 -12 13.0 1 155
598.607208590591 585.8471864082248 -14 -16 10.0 1 156
303.6143712567758 490.1876409036923 3 5 10.0 1 157
357.47291891518034 577.9900204348693 22 -8 13.0 1 158
524.4806176754826 366.1536438721932 -12 19 11.0 1 159
550.0966511314531 583.4120915292197 -3 -3 12.0 1 160
505.2273616878528 705.3787850395207 -5 -4 10.0 1 161
613.9247267582211 394.32450165884825 3 2 10.0 1 162
512.1683996932919 181.061081325759 -14 -6 13.0 1 163
748.3301473472039 521.7666146736256 -14 -15 12.0 1 164
229.0820047331044 688.1180988656308 12 3 10.0 1 165
569.4957614276856 290.11284489054646 13 -16 13.0 1 166
276.00942913829607 462.8278468307547 10 -10 13.0 1 167
543.9773214565938 714.621249927885 21 -9 13.0 1 168
277.5294485222222 353.5030751476081 -15 14 13.0 1 169
209.0074821586243 398.3093999255329 -8 14 11.0 1 170
523.6323135443101 187.3240703613091 9 10 10.0 1 171
153.08707837631155 393.4418649560802 2 -11 12.0 1 172
197.05950424712174 487.49945819018535 15 4 11.0 1 173
225.06298971814203 479.12674916641726 0 -17 11.0 1 174
535.4525326915737 420.53317772382445 -17 15 10.0 1 175
582.5699324161906 564.8763772574702 17 0 13.0 1 176
429.6719763510999 614.9617961857869 13 2 13.0 1 177
365.83890207940715 542.9755901853867 11 -10 13.0 1 178
682.290779452584 420.02288281073766 12 -10 13.0 1 179
184.74413320636168 155.1716686922867 -9 -7 12.0 1 180
756.2470959768809 444.37348992404054 6 5 11.0 1 181
596.2441921217666 298.36724416569643 5 12 10.0 1 182
575.9606708093929 232.4087044971951 2 19 11.0 1 183
391.683731174388 191.1655208716239 7 -15 11.0 1 184
248.52255149684015 730.9842633645482 5 -6 13.0 1 185
576.5462980625705 243.38772512857742 -12 -9 12.0 1 186
256.4052719191819 70.96876429828745 -1 -2 13.0 1 187
66.95719589025055 355.51977258696814 0 1 12.0 1 188
447.09322571171066 155.4939099080232 -7 5 10.0 1 189
262.35040288284375 490.9812530881202 6 -10 13.0 1 190
494.7876917392546 646.3966182696995 -7 -1 13.0 1 191
91.19332575729555 410.9287667721584 22 20 13.0 1 192
373.37349381302374 581.0525591320788 -11 2 13.0 1 193
229.81504356424318 512.4859129089485 13 6 12.0 1 194
179.59679913101223 669.3073133925343 -9 5 12.0 1 195
200.1143369346754 132.41501966490063 -14 0 10.0 1 196
219.48703536036797 149.20911181422287 -15 -11 10.0 1 197
337.128793011901 126.123729885447 -10 -4 10.0 1 198
266.6346633585832 386.97360439255795 -5 1 11.0 1 199
411.4288726266577 634.72192243266 22 13 12.0 1 200
566.0017484664027 668.8855137527814 8 14 11.0 1 201
171.03576022630992 404.04683887202793 6 -13 11.0 1 202
109.3957353037693 495.839247390425 8 5 12.0 1 203
450.9414399558415 519.6033849655828 8 6 12.0 1 204
691.0565432007031 441.49805609974106 -16 19 11.0 1 205
269.34393330066723 256.59500624225285 5 6 13.0 1 206
184.11409354872356 326.67009207894296 9 21 13.0 1 207
405.1334074527737 168.0567997808002 -9 1 10.0 1 208
313.10447410065996 625.8609474404044 -4 21 12.0 1 209
635.5771893725399 645.1599230040148 13 2 13.0 1 210
608.6138253940758 140.44408722887852 4 6 11.0 1 211
445.87291768837156 200.19840985929096 -3 6 13.0 1 212
570.7133756541033 366.34077581433263 -12 -3 12.0 1 213
540.0894897633059 246.25041509696166 -13 9 11.0 1 214
367.4079924268706 621.6162472436375 5 -15 11.0 1 215
497.95111673410946 701.4872778916896 12 2 11.0 1 216
601.221038912964 248.29603334524364 -17 -4 10.0 1 217
372.2318793508532 184.78398880284388 14 6 10.0 1 218
350.553250020036 184.60264877111666 -6 16 11.0 1 219
