400 400 -7.071067811865475 -7.071067811865477 5 2 -1 10 187
57.15728752538104 57.15728752538092
800.0 400.0 0 0 24.0 1 0
799.4518139018296 420.9343824971775 0 0 24.0 1 1
797.8087581473094 441.8113853070614 0 0 24.0 1 2
795.0753362380551 462.57378601609236 0 0 24.0 1 3
791.2590402935223 483.16467632710373 0 0 24.0 1 4
786.3703305156273 503.5276180410083 0 0 24.0 1 5
780.4226065180615 523.6067977499789 0 0 24.0 1 6
773.4321705988807 543.3471798181201 0 0 24.0 1 7
765.4181830570403 562.6946572303201 0 0 24.0 1 8
756.4026096753471 581.5961998958187 0 0 24.0 1 9
746.4101615137755 600.0 0 0 24.0 1 10
735.4682271781696 617.8556140060108 0 0 24.0 1 11
723.606797749979 635.1141009169893 0 0 24.0 1 12
710.8583845827884 651.728156419935 0 0 24.0 1 13
697.2579301909577 667.6522425435433 0 0 24.0 1 14
682.842712474619 682.842712474619 0 0 24.0 1 15
667.6522425435433 697.2579301909577 0 0 24.0 1 16
651.728156419935 710.8583845827884 0 0 24.0 1 17
635.1141009169893 723.606797749979 0 0 24.0 1 18
617.8556140060108 735.4682271781696 0 0 24.0 1 19
600.0 746.4101615137754 0 0 24.0 1 20
581.5961998958187 756.4026096753471 0 0 24.0 1 21
562.6946572303201 765.4181830570403 0 0 24.0 1 22
543.3471798181201 773.4321705988807 0 0 24.0 1 23
523.606797749979 780.4226065180615 0 0 24.0 1 24
503.5276180410083 786.3703305156273 0 0 24.0 1 25
483.1646763271038 791.2590402935223 0 0 24.0 1 26
462.57378601609236 795.0753362380551 0 0 24.0 1 27
441.8113853070614 797.8087581473094 0 0 24.0 1 28
420.9343824971776 799.4518139018296 0 0 24.0 1 29
400.0 800.0 0 0 24.0 1 30
379.0656175028225 799.4518139018296 0 0 24.0 1 31
358.1886146929386 797.8087581473094 0 0 24.0 1 32
337.4262139839077 795.0753362380551 0 0 24.0 1 33
316.83532367289627 791.2590402935223 0 0 24.0 1 34
296.47238195899166 786.3703305156273 0 0 24.0 1 35
276.3932022500211 780.4226065180615 0 0 24.0 1 36
256.65282018187986 773.4321705988807 0 0 24.0 1 37
237.3053427696799 765.4181830570403 0 0 24.0 1 38
218.4038001041813 756.4026096753471 0 0 24.0 1 39
200.00000000000009 746.4101615137755 0 0 24.0 1 40
182.14438599398918 735.4682271781696 0 0 24.0 1 41
164.8858990830108 723.606797749979 0 0 24.0 1 42
148.27184358006508 710.8583845827884 0 0 24.0 1 43
132.3477574564567 697.2579301909577 0 0 24.0 1 44
117.15728752538104 682.842712474619 0 0 24.0 1 45
102.74206980904233 667.6522425435434 0 0 24.0 1 46
89.14161541721165 651.728156419935 0 0 24.0 1 47
76.39320225002109 635.1141009169893 0 0 24.0 1 48
64.53177282183043 617.8556140060109 0 0 24.0 1 49
53.589838486224494 600.0 0 0 24.0 1 50
43.597390324652906 581.5961998958187 0 0 24.0 1 51
34.58181694295968 562.6946572303202 0 0 24.0 1 52
26.567829401119297 543.3471798181201 0 0 24.0 1 53
19.5773934819386 523.606797749979 0 0 24.0 1 54
13.629669484372698 503.5276180410084 0 0 24.0 1 55
8.740959706477724 483.16467632710373 0 0 24.0 1 56
4.924663761944942 462.5737860160924 0 0 24.0 1 57
2.1912418526906663 441.81138530706147 0 0 24.0 1 58
0.5481860981704472 420.9343824971775 0 0 24.0 1 59
0.0 400.00000000000006 0 0 24.0 1 60
0.5481860981704472 379.0656175028226 0 0 24.0 1 61
2.1912418526906663 358.1886146929386 0 0 24.0 1 62
4.924663761944885 337.4262139839077 0 0 24.0 1 63
8.740959706477781 316.8353236728962 0 0 24.0 1 64
13.629669484372698 296.47238195899166 0 0 24.0 1 65
19.577393481938543 276.3932022500211 0 0 24.0 1 66
26.567829401119297 256.65282018187986 0 0 24.0 1 67
34.58181694295968 237.30534276967992 0 0 24.0 1 68
43.59739032465285 218.40380010418136 0 0 24.0 1 69
218.40380010418124 43.597390324652906 0 0 24.0 1 70
237.30534276967995 34.58181694295962 0 0 24.0 1 71
256.65282018187975 26.567829401119354 0 0 24.0 1 72
276.393202250021 19.5773934819386 0 0 24.0 1 73
296.4723819589917 13.629669484372698 0 0 24.0 1 74
316.8353236728961 8.740959706477781 0 0 24.0 1 75
337.4262139839076 4.924663761944942 0 0 24.0 1 76
358.18861469293864 2.1912418526906663 0 0 24.0 1 77
379.0656175028223 0.5481860981704472 0 0 24.0 1 78
399.99999999999994 0.0 0 0 24.0 1 79
420.9343824971776 0.5481860981704472 0 0 24.0 1 80
441.8113853070612 2.1912418526906663 0 0 24.0 1 81
462.5737860160923 4.924663761944885 0 0 24.0 1 82
483.1646763271038 8.740959706477781 0 0 24.0 1 83
503.5276180410081 13.629669484372641 0 0 24.0 1 84
523.6067977499789 19.577393481938543 0 0 24.0 1 85
543.3471798181201 26.567829401119297 0 0 24.0 1 86
562.6946572303199 34.58181694295956 0 0 24.0 1 87
581.5961998958187 43.59739032465279 0 0 24.0 1 88
600.0 53.58983848622455 0 0 24.0 1 89
617.8556140060107 64.53177282183032 0 0 24.0 1 90
635.1141009169892 76.39320225002098 0 0 24.0 1 91
651.728156419935 89.14161541721171 0 0 24.0 1 92
667.6522425435431 102.74206980904216 0 0 24.0 1 93
682.842712474619 117.15728752538092 0 0 24.0 1 94
697.2579301909577 132.34775745645675 0 0 24.0 1 95
710.8583845827882 148.27184358006485 0 0 24.0 1 96
723.6067977499789 164.88589908301066 0 0 24.0 1 97
735.4682271781696 182.1443859939892 0 0 24.0 1 98
746.4101615137754 199.99999999999983 0 0 24.0 1 99
756.4026096753471 218.40380010418122 0 0 24.0 1 100
765.4181830570403 237.30534276967995 0 0 24.0 1 101
773.4321705988806 256.6528201818797 0 0 24.0 1 102
780.4226065180615 276.3932022500209 0 0 24.0 1 103
786.3703305156273 296.4723819589917 0 0 24.0 1 104
791.2590402935223 316.83532367289604 0 0 24.0 1 105
795.0753362380551 337.4262139839076 0 0 24.0 1 106
797.8087581473094 358.18861469293864 0 0 24.0 1 107
799.4518139018296 379.06561750282225 0 0 24.0 1 108
800.0 399.9999999999999 0 0 24.0 1 109
337.8505233958282 224.69043791673113 0 0 10.0 1 110
613.0474837195857 327.64138143418666 0 0 11.0 1 111
532.5758926018531 314.0486608549819 0 0 10.0 1 112
646.1874499284806 437.31942520607515 0 0 13.0 1 113
191.79199811534912 464.6020738924163 0 0 11.0 1 114
528.1232672093487 273.5704607316714 0 0 13.0 1 115
596.7493474495428 678.5151598713777 0 0 11.0 1 116
282.6365344671276 230.70198773135502 0 0 13.0 1 117
592.8124788072714 180.71172394267057 0 0 12.0 1 118
426.6105461446424 160.47363645334602 0 0 11.0 1 119
139.42704588942428 623.048729173891 0 0 12.0 1 120
537.3098305579401 201.94190137197177 0 0 12.0 1 121
147.85588067910726 350.2773382461136 0 0 10.0 1 122
544.504788905682 473.2281775228928 0 0 13.0 1 123
157.34222366592206 412.8919969205943 0 0 12.0 1 124
267.384635069047 476.3031125461483 0 0 10.0 1 125
163.72881145428343 261.2486920306895 0 0 12.0 1 126
544.3369789013727 523.559040630885 0 0 10.0 1 127
741.5805368694791 338.9120565744896 0 0 11.0 1 128
391.890540724723 33.08960675627816 0 0 10.0 1 129
229.28305337851504 463.08505477715823 0 0 12.0 1 130
360.3709794617819 43.193973241508274 0 0 13.0 1 131
401.11085019500075 149.00245815577344 0 0 12.0 1 132
498.92485046949884 135.9207051668244 0 0 12.0 1 133
523.0660722013074 222.48734728774232 0 0 13.0 1 134
682.0542762711153 493.0289483826263 0 0 10.0 1 135
436.87561044187356 761.1221252631015 0 0 12.0 1 136
131.34647695260105 174.11001670233208 0 0 11.0 1 137
165.71835887221803 358.0940024522363 0 0 11.0 1 138
439.9963681503149 264.7916772724975 0 0 10.0 1 139
556.2849674815878 319.0616967111429 0 0 11.0 1 140
253.97212288392885 383.1222304502751 0 0 11.0 1 141
398.66814715984697 97.00292712963022 0 0 12.0 1 142
636.3491817512393 581.502243196936 0 0 11.0 1 143
132.87726625771444 175.3971391142846 0 0 10.0 1 144
334.7963278744325 519.3502456693806 0 0 13.0 1 145
638.3691021685183 478.6204243907044 0 0 11.0 1 146
581.2889015672877 354.13787871754863 0 0 13.0 1 147
500.4618188757722 270.37198239511827 0 0 10.0 1 148
413.20614148056075 529.3274828765929 0 0 11.0 1 149
197.21729242655053 314.6819274175695 0 0 12.0 1 150
525.4240592615292 513.2687307175304 0 0 10.0 1 151
325.1709283644157 713.184626120371 0 0 11.0 1 152
347.0154399598968 621.7580582467224 0 0 10.0 1 153
419.56052321375483 694.3507872107771 0 0 10.0 1 154
441.55559672304815 161.59460496668413 -2 -10 13.0 1 155
623.6528972412633 624.651689411829 -13 -8 12.0 1 156
491.16005348244994 268.50914613906843 10 14 11.0 1 157
593.4288773762635 628.0049766934012 16 -7 10.0 1 158
758.053530136436 480.53986315382133 0 -8 13.0 1 159
649.1481566952502 259.5678241450378 -11 -11 11.0 1 160
628.2626009273035 470.8320903115431 9 -2 11.0 1 161
545.1494620874428 328.0581230733726 -4 -12 11.0 1 162
164.74432492704207 555.4952325506054 5 -13 11.0 1 163
394.0781060333127 132.06543490649193 16 13 10.0 1 164
239.53774881288672 150.0782803677044 18 7 13.0 1 165
268.0465358124418 396.4952476688364 -2 6 10.0 1 166
398.89232041016976 148.00243444444493 14 -3 10.0 1 167
625.5476235245643 283.19131229903576 -2 2 11.0 1 168
533.5569040373696 263.45860194082957 -13 10 11.0 1 169
583.4285026752251 322.8314545535234 -8 16 13.0 1 170
364.9330426995668 559.1832544763726 -9 20 10.0 1 171
100.45146411970649 205.784463412495 -6 -10 13.0 1 172
664.3164117591352 320.54665221165783 11 9 10.0 1 173
308.4558813918723 213.22828279351006 20 21 13.0 1 174
300.21282060777236 83.35111111999242 6 -12 13.0 1 175
595.0722606985578 380.95234644493104 -5 6 13.0 1 176
67.00815356798262 523.050518933468 12 17 10.0 1 177
664.3937511361694 459.47221502639127 11 6 13.0 1 178
564.9685563901267 526.6861294797405 -6 3 12.0 1 179
507.73366431873546 641.0175461920937 20 18 10.0 1 180
544.890280763434 644.2597112507367 -17 1 13.0 1 181
199.51914202628024 565.5518818561759 18 18 12.0 1 182
203.32550141290895 329.2883205862262 -6 20 10.0 1 183
604.9707820488649 289.2029851201904 12 -10 12.0 1 184
709.7223288234206 593.1245169008764 -3 -13 13.0 1 185
210.38342289596983 342.99514330031707 -13 -2 11.0 1 186
216.5661136024451 145.151006827398 -15 11 11.0 1 187
429.2720357331109 545.0763520496689 17 -11 11.0 1 188
328.0299978292588 281.0827229224302 -8 -16 10.0 1 189
137.95265188781616 608.7011915331868 3 7 13.0 1 190
110.15247187819926 181.46531066743216 12 0 10.0 1 191
209.7339527480259 584.4554994114015 -11 6 11.0 1 192
98.09057172476912 243.63281316553898 14 -17 10.0 1 193
384.80884157914215 628.495576994025 0 15 10.0 1 194
267.3901521903027 215.7620335981508 -13 2 12.0 1 195
89.42327942883446 593.6442631199287 -5 -5 13.0 1 196
440.4532708389471 258.67578806718643 -8 -14 12.0 1 197
153.16518061904338 360.34433279882273 10 -9 12.0 1 198
523.6200306460748 375.626079037965 -15 -10 13.0 1 199
568.5568001087115 476.24700084011073 -10 12 12.0 1 200
455.95668415054683 134.83995493499413 7 -6 12.0 1 201
524.8122962472596 471.8184565796725 0 9 10.0 1 202
423.294832670469 219.49695079901045 0 5 10.0 1 203
529.7507849187625 391.9542674065663 5 13 13.0 1 204
230.95753164220574 418.01787699769665 20 -6 13.0 1 205
270.3565396229891 332.8540903593197 3 12 11.0 1 206
628.5834926186451 606.4305861597594 -16 6 12.0 1 207
488.52396762298906 175.84713440090937 11 22 11.0 1 208
676.6874478479591 198.98244802161452 -10 -12 13.0 1 209
602.0834830722504 193.40071183717143 21 -2 13.0 1 210
564.53157219124 433.9611800778298 16 14 12.0 1 211
665.0271831943942 147.57854257602224 8 -11 11.0 1 212
618.1129160038975 253.04505495806956 22 0 10.0 1 213
580.4118229942034 129.67320864570553 -5 11 11.0 1 214
443.66952064533416 569.4637806925325 -14 -5 12.0 1 215
458.3838962224644 65.05027144079588 -4 -10 13.0 1 216
41.4083793491734 431.8127269974405 -6 10 13.0 1 217
135.98697521061393 487.0696430540462 12 -11 11.0 1 218
578.4472812664415 430.29138175480807 16 -14 13.0 1 219
