400 400 -7.071067811865475 7.0710678118654755 5 2 -1 10 187
57.15728752538104 742.842712474619
800.0 400.0 0 0 24.0 1 0
799.4518139018296 420.9343824971775 0 0 24.0 1 1
797.8087581473094 441.8113853070614 0 0 24.0 1 2
795.0753362380551 462.57378601609236 0 0 24.0 1 3
791.2590402935223 483.16467632710373 0 0 24.0 1 4
786.3703305156273 503.5276180410083 0 0 24.0 1 5
780.4226065180615 523.6067977499789 0 0 24.0 1 6
773.4321705988807 543.3471798181201 0 0 24.0 1 7
765.4181830570403 562.6946572303201 0 0 24.0 1 8
756.4026096753471 581.5961998958187 0 0 24.0 1 9
746.4101615137755 600.0 0 0 24.0 1 10
735.4682271781696 617.8556140060108 0 0 24.0 1 11
723.606797749979 635.1141009169893 0 0 24.0 1 12
710.8583845827884 651.728156419935 0 0 24.0 1 13
697.2579301909577 667.6522425435433 0 0 24.0 1 14
682.842712474619 682.842712474619 0 0 24.0 1 15
667.6522425435433 697.2579301909577 0 0 24.0 1 16
651.728156419935 710.8583845827884 0 0 24.0 1 17
635.1141009169893 723.606797749979 0 0 24.0 1 18
617.8556140060108 735.4682271781696 0 0 24.0 1 19
600.0 746.4101615137754 0 0 24.0 1 20
581.5961998958187 756.4026096753471 0 0 24.0 1 21
562.6946572303201 765.4181830570403 0 0 24.0 1 22
543.3471798181201 773.4321705988807 0 0 24.0 1 23
523.606797749979 780.4226065180615 0 0 24.0 1 24
503.5276180410083 786.3703305156273 0 0 24.0 1 25
483.1646763271038 791.2590402935223 0 0 24.0 1 26
462.57378601609236 795.0753362380551 0 0 24.0 1 27
441.8113853070614 797.8087581473094 0 0 24.0 1 28
420.9343824971776 799.4518139018296 0 0 24.0 1 29
400.0 800.0 0 0 24.0 1 30
379.0656175028225 799.4518139018296 0 0 24.0 1 31
358.1886146929386 797.8087581473094 0 0 24.0 1 32
337.4262139839077 795.0753362380551 0 0 24.0 1 33
316.83532367289627 791.2590402935223 0 0 24.0 1 34
296.47238195899166 786.3703305156273 0 0 24.0 1 35
276.3932022500211 780.4226065180615 0 0 24.0 1 36
256.65282018187986 773.4321705988807 0 0 24.0 1 37
237.3053427696799 765.4181830570403 0 0 24.0 1 38
218.4038001041813 756.4026096753471 0 0 24.0 1 39
43.597390324652906 581.5961998958187 0 0 24.0 1 40
34.58181694295968 562.6946572303202 0 0 24.0 1 41
26.567829401119297 543.3471798181201 0 0 24.0 1 42
19.5773934819386 523.606797749979 0 0 24.0 1 43
13.629669484372698 503.5276180410084 0 0 24.0 1 44
8.740959706477724 483.16467632710373 0 0 24.0 1 45
4.924663761944942 462.5737860160924 0 0 24.0 1 46
2.1912418526906663 441.81138530706147 0 0 24.0 1 47
0.5481860981704472 420.9343824971775 0 0 24.0 1 48
0.0 400.00000000000006 0 0 24.0 1 49
0.5481860981704472 379.0656175028226 0 0 24.0 1 50
2.1912418526906663 358.1886146929386 0 0 24.0 1 51
4.924663761944885 337.4262139839077 0 0 24.0 1 52
8.740959706477781 316.8353236728962 0 0 24.0 1 53
13.629669484372698 296.47238195899166 0 0 24.0 1 54
19.577393481938543 276.3932022500211 0 0 24.0 1 55
26.567829401119297 256.65282018187986 0 0 24.0 1 56
34.58181694295968 237.30534276967992 0 0 24.0 1 57
43.59739032465285 218.40380010418136 0 0 24.0 1 58
53.58983848622455 199.99999999999994 0 0 24.0 1 59
64.53177282183037 182.14438599398918 0 0 24.0 1 60
76.39320225002103 164.8858990830108 0 0 24.0 1 61
89.14161541721171 148.27184358006497 0 0 24.0 1 62
102.74206980904228 132.3477574564567 0 0 24.0 1 63
117.15728752538092 117.15728752538104 0 0 24.0 1 64
132.34775745645675 102.74206980904228 0 0 24.0 1 65
148.27184358006485 89.14161541721177 0 0 24.0 1 66
164.8858990830107 76.39320225002109 0 0 24.0 1 67
182.1443859939892 64.53177282183032 0 0 24.0 1 68
199.99999999999983 53.58983848622461 0 0 24.0 1 69
218.40380010418124 43.597390324652906 0 0 24.0 1 70
237.30534276967995 34.58181694295962 0 0 24.0 1 71
256.65282018187975 26.567829401119354 0 0 24.0 1 72
276.393202250021 19.5773934819386 0 0 24.0 1 73
296.4723819589917 13.629669484372698 0 0 24.0 1 74
316.8353236728961 8.740959706477781 0 0 24.0 1 75
337.4262139839076 4.924663761944942 0 0 24.0 1 76
358.18861469293864 2.1912418526906663 0 0 24.0 1 77
379.0656175028223 0.5481860981704472 0 0 24.0 1 78
399.99999999999994 0.0 0 0 24.0 1 79
420.9343824971776 0.5481860981704472 0 0 24.0 1 80
441.8113853070612 2.1912418526906663 0 0 24.0 1 81
462.5737860160923 4.924663761944885 0 0 24.0 1 82
483.1646763271038 8.740959706477781 0 0 24.0 1 83
503.5276180410081 13.629669484372641 0 0 24.0 1 84
523.6067977499789 19.577393481938543 0 0 24.0 1 85
543.3471798181201 26.567829401119297 0 0 24.0 1 86
562.6946572303199 34.58181694295956 0 0 24.0 1 87
581.5961998958187 43.59739032465279 0 0 24.0 1 88
600.0 53.58983848622455 0 0 24.0 1 89
617.8556140060107 64.53177282183032 0 0 24.0 1 90
635.1141009169892 76.39320225002098 0 0 24.0 1 91
651.728156419935 89.14161541721171 0 0 24.0 1 92
667.6522425435431 102.74206980904216 0 0 24.0 1 93
682.842712474619 117.15728752538092 0 0 24.0 1 94
697.2579301909577 132.34775745645675 0 0 24.0 1 95
710.8583845827882 148.27184358006485 0 0 24.0 1 96
723.6067977499789 164.88589908301066 0 0 24.0 1 97
735.4682271781696 182.1443859939892 0 0 24.0 1 98
746.4101615137754 199.99999999999983 0 0 24.0 1 99
756.4026096753471 218.40380010418122 0 0 24.0 1 100
765.4181830570403 237.30534276967995 0 0 24.0 1 101
773.4321705988806 256.6528201818797 0 0 24.0 1 102
780.4226065180615 276.3932022500209 0 0 24.0 1 103
786.3703305156273 296.4723819589917 0 0 24.0 1 104
791.2590402935223 316.83532367289604 0 0 24.0 1 105
795.0753362380551 337.4262139839076 0 0 24.0 1 106
797.8087581473094 358.18861469293864 0 0 24.0 1 107
799.4518139018296 379.06561750282225 0 0 24.0 1 108
800.0 399.9999999999999 0 0 24.0 1 109
649.0390707043259 591.2473300799929 0 0 11.0 1 110
242.1468111192967 249.64584887608518 0 0 12.0 1 111
378.3741364529686 232.38937376811344 0 0 10.0 1 112
564.4248595853308 237.74875793897831 0 0 10.0 1 113
641.9443444072543 217.5940400936858 0 0 11.0 1 114
709.5949295097091 502.11258307318576 0 0 10.0 1 115
688.2383950749983 475.6480508974897 0 0 10.0 1 116
533.3386446779377 554.3917285201856 0 0 10.0 1 117
730.5856440344658 316.3690729555299 0 0 11.0 1 118
569.7770501336189 462.74355144496246 0 0 10.0 1 119
488.08766164458837 741.8326547683655 0 0 11.0 1 120
661.3159229675169 210.1500897981915 0 0 12.0 1 121
31.44750099776155 432.6964138584805 0 0 13.0 1 122
176.99005462832335 274.29174941428147 0 0 12.0 1 123
285.05488684199315 154.58479883859476 0 0 13.0 1 124
378.3307155473773 657.0883935756558 0 0 10.0 1 125
697.0365934738372 211.1263328638469 0 0 11.0 1 126
312.4997541257633 615.9460742221264 0 0 10.0 1 127
264.9744471382427 323.88758265317824 0 0 12.0 1 128
125.98871438470422 169.60508826049823 0 0 11.0 1 129
323.1891719223058 170.5134062956642 0 0 13.0 1 130
224.47325933284077 257.64002208919874 0 0 13.0 1 131
39.508406351431574 419.15230818244663 0 0 12.0 1 132
568.4644378781303 386.55629625417197 0 0 13.0 1 133
380.56875942152567 561.8376559691269 0 0 12.0 1 134
530.8152994896388 406.95394991613364 0 0 13.0 1 135
708.288078601056 322.00986862128593 0 0 12.0 1 136
570.4868836405175 377.23549898318305 0 0 12.0 1 137
114.71568011400615 215.03282229761427 0 0 12.0 1 138
261.9942630650328 505.9736598076929 0 0 12.0 1 139
427.3474436415667 598.1214711389741 0 0 10.0 1 140
698.8126118248423 410.5840925173645 0 0 11.0 1 141
222.6800179670317 187.19345881334428 0 0 13.0 1 142
699.5731294349141 312.82236456193516 0 0 13.0 1 143
709.352180797975 563.7108067157967 0 0 11.0 1 144
201.53290616981425 424.7146245490448 0 0 12.0 1 145
579.7689941372819 645.1511956872125 0 0 12.0 1 146
318.79837512974484 287.18468136626853 0 0 12.0 1 147
520.2855204569242 499.33475508807004 0 0 11.0 1 148
460.64175948072534 135.87204425301388 0 0 10.0 1 149
637.9793823015088 276.75303817378574 0 0 10.0 1 150
579.2776082551748 507.426901557776 0 0 11.0 1 151
564.7610693052311 195.00539021379893 0 0 10.0 1 152
316.14109152953483 299.3586393665996 0 0 11.0 1 153
293.5968408632785 586.8244302165151 0 0 12.0 1 154
398.56704941950534 74.00314932098831 15 -7 10.0 1 155
547.978836867915 263.97329733019694 6 20 13.0 1 156
608.7445829235857 633.2267118064701 -1 1 11.0 1 157
364.4979917506983 641.4034121761051 -1 -3 13.0 1 158
226.01448986672014 670.9484125505487 17 3 11.0 1 159
486.9754642163982 140.17069329203446 -10 17 10.0 1 160
405.6943858962189 257.1134227113514 -10 -5 12.0 1 161
569.4928624501038 599.7903140256559 20 -14 11.0 1 162
454.84184307613475 699.012327919791 11 -2 11.0 1 163
388.79287598470523 205.3223167096295 20 1 12.0 1 164
175.24778943010713 273.30965370658055 -13 -5 10.0 1 165
718.9859178757497 374.54446628008895 0 4 11.0 1 166
309.65591029387423 750.5452117133701 4 0 13.0 1 167
730.6560728878735 447.14405012691674 -16 -7 12.0 1 168
256.05836260925844 424.4295932277285 -13 -4 10.0 1 169
298.96821221552125 242.64188023151758 -3 21 11.0 1 170
721.7190198615385 247.57666760193524 -11 -9 12.0 1 171
132.66851765316915 498.78703632686864 10 -16 10.0 1 172
490.1271629987965 611.6059887852618 18 2 11.0 1 173
289.24322729509015 227.4951093447118 -13 19 13.0 1 174
359.13834045292606 165.53395815372534 1 -11 13.0 1 175
233.23519074983122 408.8599320400792 16 -11 12.0 1 176
615.932224463418 292.9753559301407 -16 8 12.0 1 177
289.2040677482267 146.12353122736945 -17 8 11.0 1 178
226.36982450890693 665.2198374159298 -5 20 12.0 1 179
198.54400283225945 493.2710094571261 0 22 13.0 1 180
675.4689923641918 355.7525792180282 13 5 13.0 1 181
622.3617564601233 172.66929537792564 21 15 13.0 1 182
107.5622392181794 381.8573411839752 11 1 11.0 1 183
223.8431264646173 449.57575926034 3 -11 12.0 1 184
238.25042240762596 485.5924888567249 22 -15 13.0 1 185
543.3418635178701 215.04295049059553 -2 17 10.0 1 186
375.47507341021 690.9682593957035 1 11 10.0 1 187
723.5264300854799 246.72035674576634 8 -15 13.0 1 188
246.52111026196692 209.03081294412786 -5 3 11.0 1 189
679.2448795989197 267.6999727219045 19 7 10.0 1 190
256.58009468524864 632.2923390030496 8 -10 10.0 1 191
70.90899787569191 322.90841601822757 18 -14 10.0 1 192
287.75308042026114 190.13187701592307 5 -17 10.0 1 193
535.675014150467 571.910705121207 -1 -17 10.0 1 194
736.521194536537 333.6487707144603 10 12 10.0 1 195
494.2763243513514 118.36020404282567 -2 22 11.0 1 196
115.32348814576096 469.3417882557358 7 -11 11.0 1 197
371.8432261944532 238.43516444206284 18 12 13.0 1 198
694.9130543223879 226.8229507404625 -2 -4 11.0 1 199
560.0597440947621 578.831983493779 20 -2 10.0 1 200
419.3270315013232 250.24197566291528 17 21 11.0 1 201
527.4411246911075 255.0594613730665 9 0 13.0 1 202
176.75476211036582 482.4958408624377 15 -15 11.0 1 203
761.6873190410709 322.01100561692914 12 -7 11.0 1 204
534.0457477596286 446.85869724567704 -4 -13 12.0 1 205
372.3526910298971 103.28527790702452 -13 -14 10.0 1 206
566.6798544725641 389.6643281299736 -14 -3 10.0 1 207
359.3288113052969 207.24405479944372 -13 -11 13.0 1 208
640.7416898298916 178.7028269998726 14 -14 10.0 1 209
70.00000014993253 399.9900523633914 5 9 10.0 1 210
349.0112498525983 556.9240177869718 -7 14 11.0 1 211
234.93500148591855 417.59392695069204 0 0 12.0 1 212
731.0 400.0 -15 -3 12.0 1 213
580.0961874968112 167.61806600100465 -5 -10 12.0 1 214
422.2866853289292 585.6671851918085 7 22 11.0 1 215
114.10605770487075 480.4590191274371 -11 13 12.0 1 216
433.2783323863843 142.1385011414435 -3 -11 11.0 1 217
411.87625170129456 242.44697830404044 -5 8 10.0 1 218
290.54718352450044 122.82842684434496 -11 -10 11.0 1 219
