400 400 7.071067811865475 -7.0710678118654755 5 2 -1 10 187
742.842712474619 57.15728752538092
800.0 400.0 0 0 24.0 1 0
799.4518139018296 420.9343824971775 0 0 24.0 1 1
797.8087581473094 441.8113853070614 0 0 24.0 1 2
795.0753362380551 462.57378601609236 0 0 24.0 1 3
791.2590402935223 483.16467632710373 0 0 24.0 1 4
786.3703305156273 503.5276180410083 0 0 24.0 1 5
780.4226065180615 523.6067977499789 0 0 24.0 1 6
773.4321705988807 543.3471798181201 0 0 24.0 1 7
765.4181830570403 562.6946572303201 0 0 24.0 1 8
756.4026096753471 581.5961998958187 0 0 24.0 1 9
746.4101615137755 600.0 0 0 24.0 1 10
735.4682271781696 617.8556140060108 0 0 24.0 1 11
723.606797749979 635.1141009169893 0 0 24.0 1 12
710.8583845827884 651.728156419935 0 0 24.0 1 13
697.2579301909577 667.6522425435433 0 0 24.0 1 14
682.842712474619 682.842712474619 0 0 24.0 1 15
667.6522425435433 697.2579301909577 0 0 24.0 1 16
651.728156419935 710.8583845827884 0 0 24.0 1 17
635.1141009169893 723.606797749979 0 0 24.0 1 18
617.8556140060108 735.4682271781696 0 0 24.0 1 19
600.0 746.4101615137754 0 0 24.0 1 20
581.5961998958187 756.4026096753471 0 0 24.0 1 21
562.6946572303201 765.4181830570403 0 0 24.0 1 22
543.3471798181201 773.4321705988807 0 0 24.0 1 23
523.606797749979 780.4226065180615 0 0 24.0 1 24
503.5276180410083 786.3703305156273 0 0 24.0 1 25
483.1646763271038 791.2590402935223 0 0 24.0 1 26
462.57378601609236 795.0753362380551 0 0 24.0 1 27
441.8113853070614 797.8087581473094 0 0 24.0 1 28
420.9343824971776 799.4518139018296 0 0 24.0 1 29
400.0 800.0 0 0 24.0 1 30
379.0656175028225 799.4518139018296 0 0 24.0 1 31
358.1886146929386 797.8087581473094 0 0 24.0 1 32
337.4262139839077 795.0753362380551 0 0 24.0 1 33
316.83532367289627 791.2590402935223 0 0 24.0 1 34
296.47238195899166 786.3703305156273 0 0 24.0 1 35
276.3932022500211 780.4226065180615 0 0 24.0 1 36
256.65282018187986 773.4321705988807 0 0 24.0 1 37
237.3053427696799 765.4181830570403 0 0 24.0 1 38
218.4038001041813 756.4026096753471 0 0 24.0 1 39
200.00000000000009 746.4101615137755 0 0 24.0 1 40
182.14438599398918 735.4682271781696 0 0 24.0 1 41
164.8858990830108 723.606797749979 0 0 24.0 1 42
148.27184358006508 710.8583845827884 0 0 24.0 1 43
132.3477574564567 697.2579301909577 0 0 24.0 1 44
117.15728752538104 682.842712474619 0 0 24.0 1 45
102.74206980904233 667.6522425435434 0 0 24.0 1 46
89.14161541721165 651.728156419935 0 0 24.0 1 47
76.39320225002109 635.1141009169893 0 0 24.0 1 48
64.53177282183043 617.8556140060109 0 0 24.0 1 49
53.589838486224494 600.0 0 0 24.0 1 50
43.597390324652906 581.5961998958187 0 0 24.0 1 51
34.58181694295968 562.6946572303202 0 0 24.0 1 52
26.567829401119297 543.3471798181201 0 0 24.0 1 53
19.5773934819386 523.606797749979 0 0 24.0 1 54
13.629669484372698 503.5276180410084 0 0 24.0 1 55
8.740959706477724 483.16467632710373 0 0 24.0 1 56
4.924663761944942 462.5737860160924 0 0 24.0 1 57
2.1912418526906663 441.81138530706147 0 0 24.0 1 58
0.5481860981704472 420.9343824971775 0 0 24.0 1 59
0.0 400.00000000000006 0 0 24.0 1 60
0.5481860981704472 379.0656175028226 0 0 24.0 1 61
2.1912418526906663 358.1886146929386 0 0 24.0 1 62
4.924663761944885 337.4262139839077 0 0 24.0 1 63
8.740959706477781 316.8353236728962 0 0 24.0 1 64
13.629669484372698 296.47238195899166 0 0 24.0 1 65
19.577393481938543 276.3932022500211 0 0 24.0 1 66
26.567829401119297 256.65282018187986 0 0 24.0 1 67
34.58181694295968 237.30534276967992 0 0 24.0 1 68
43.59739032465285 218.40380010418136 0 0 24.0 1 69
53.58983848622455 199.99999999999994 0 0 24.0 1 70
64.53177282183037 182.14438599398918 0 0 24.0 1 71
76.39320225002103 164.8858990830108 0 0 24.0 1 72
89.14161541721171 148.27184358006497 0 0 24.0 1 73
102.74206980904228 132.3477574564567 0 0 24.0 1 74
117.15728752538092 117.15728752538104 0 0 24.0 1 75
132.34775745645675 102.74206980904228 0 0 24.0 1 76
148.27184358006485 89.14161541721177 0 0 24.0 1 77
164.8858990830107 76.39320225002109 0 0 24.0 1 78
182.1443859939892 64.53177282183032 0 0 24.0 1 79
199.99999999999983 53.58983848622461 0 0 24.0 1 80
218.40380010418124 43.597390324652906 0 0 24.0 1 81
237.30534276967995 34.58181694295962 0 0 24.0 1 82
256.65282018187975 26.567829401119354 0 0 24.0 1 83
276.393202250021 19.5773934819386 0 0 24.0 1 84
296.4723819589917 13.629669484372698 0 0 24.0 1 85
316.8353236728961 8.740959706477781 0 0 24.0 1 86
337.4262139839076 4.924663761944942 0 0 24.0 1 87
358.18861469293864 2.1912418526906663 0 0 24.0 1 88
379.0656175028223 0.5481860981704472 0 0 24.0 1 89
399.99999999999994 0.0 0 0 24.0 1 90
420.9343824971776 0.5481860981704472 0 0 24.0 1 91
441.8113853070612 2.1912418526906663 0 0 24.0 1 92
462.5737860160923 4.924663761944885 0 0 24.0 1 93
483.1646763271038 8.740959706477781 0 0 24.0 1 94
503.5276180410081 13.629669484372641 0 0 24.0 1 95
523.6067977499789 19.577393481938543 0 0 24.0 1 96
543.3471798181201 26.567829401119297 0 0 24.0 1 97
562.6946572303199 34.58181694295956 0 0 24.0 1 98
581.5961998958187 43.59739032465279 0 0 24.0 1 99
756.4026096753471 218.40380010418122 0 0 24.0 1 100
765.4181830570403 237.30534276967995 0 0 24.0 1 101
773.4321705988806 256.6528201818797 0 0 24.0 1 102
780.4226065180615 276.3932022500209 0 0 24.0 1 103
786.3703305156273 296.4723819589917 0 0 24.0 1 104
791.2590402935223 316.83532367289604 0 0 24.0 1 105
795.0753362380551 337.4262139839076 0 0 24.0 1 106
797.8087581473094 358.18861469293864 0 0 24.0 1 107
799.4518139018296 379.06561750282225 0 0 24.0 1 108
800.0 399.9999999999999 0 0 24.0 1 109
71.63131980471343 379.62820904275713 0 0 12.0 1 110
657.7512670311713 641.1913853018507 0 0 13.0 1 111
303.5420527389384 227.08422741061977 0 0 13.0 1 112
393.3931108356735 101.07300386955632 0 0 12.0 1 113
248.10919893301877 303.4122960660585 0 0 13.0 1 114
259.06107772554515 471.41582589395136 0 0 11.0 1 115
262.30285655416446 163.11290308069334 0 0 11.0 1 116
426.25354589590404 590.1966122934151 0 0 10.0 1 117
307.2956094303356 503.57072930662946 0 0 11.0 1 118
259.8750546442325 309.14847448147526 0 0 10.0 1 119
362.7816956259206 568.9490983092788 0 0 12.0 1 120
422.91090154825366 524.9163343612285 0 0 13.0 1 121
551.235661200518 361.7406902670459 0 0 13.0 1 122
542.9845833938177 342.80376837853413 0 0 11.0 1 123
529.6637368087765 71.67650806440253 0 0 13.0 1 124
537.5628004066416 430.943108187163 0 0 10.0 1 125
320.95812034035316 209.76755991716368 0 0 10.0 1 126
253.78303352146594 245.11423979650277 0 0 12.0 1 127
521.3758803632858 75.98781555929514 0 0 12.0 1 128
181.92041519860857 676.306523073294 0 0 10.0 1 129
210.00335357396483 571.5729417678095 0 0 13.0 1 130
724.7478582845298 335.9700965203684 0 0 13.0 1 131
450.6621571483881 583.1211233939766 0 0 11.0 1 132
504.7308547828808 307.09441321186796 0 0 12.0 1 133
372.8758711856945 40.02044275255719 0 0 10.0 1 134
704.0334529753238 375.73769442320975 0 0 10.0 1 135
386.714834688358 672.6765563495372 0 0 13.0 1 136
104.5748529238337 287.83947898201654 0 0 12.0 1 137
706.7942326284902 427.2268034461597 0 0 10.0 1 138
359.13834045292606 165.53395815372534 0 0 11.0 1 139
148.23216395173935 275.2043400931901 0 0 12.0 1 140
148.82319866375684 556.608475091527 0 0 10.0 1 141
241.77159057293414 429.7450911946966 0 0 13.0 1 142
647.1790267417578 596.8718586771544 0 0 10.0 1 143
281.619791997788 187.78518818576063 0 0 10.0 1 144
581.0665219410411 273.2880643657651 0 0 13.0 1 145
542.761250722225 509.63222743439087 0 0 12.0 1 146
281.1346934869907 562.0865167358727 0 0 12.0 1 147
202.57207309417834 175.44886177605437 0 0 10.0 1 148
528.6401339262937 234.0129042864319 0 0 10.0 1 149
630.6998000903166 439.1612338708568 0 0 10.0 1 150
451.4964544029842 750.2343717911212 0 0 11.0 1 151
576.4676571419247 266.95802924324937 0 0 12.0 1 152
492.97552034836326 240.0607846213097 0 0 12.0 1 153
110.01136034555526 397.4331203057829 0 0 10.0 1 154
441.5346452969817 605.8515806110167 -6 -15 13.0 1 155
723.0 400.0 4 11 12.0 1 156
301.60596403270574 106.02957004816489 22 17 11.0 1 157
496.02512465775055 284.76469536438293 -3 -3 11.0 1 158
552.8981093590894 450.4298339717267 -5 -16 13.0 1 159
396.9727631588203 263.03344993354256 8 10 13.0 1 160
457.89330736981447 624.660554975243 11 -13 11.0 1 161
516.1126147849426 146.3095179400624 13 -1 10.0 1 162
616.5721381600654 554.4425750004756 10 -12 11.0 1 163
698.2989879721313 504.2771009129151 -4 -14 10.0 1 164
439.6426226211091 146.07587260813452 14 9 11.0 1 165
664.2068940657066 638.6015866002414 -5 -12 13.0 1 166
636.8734594196773 376.87070639741626 7 21 10.0 1 167
214.28788705141457 448.73408565031093 10 5 13.0 1 168
285.9983443781098 539.2968862375177 4 17 11.0 1 169
361.8419848574778 676.3783021157469 -2 9 13.0 1 170
614.6583712889253 692.7298816922964 -2 -6 11.0 1 171
732.8828692078862 391.16850024484324 14 -6 11.0 1 172
166.37106124379503 349.616282633678 2 -1 12.0 1 173
355.6665076235681 668.362705035012 16 -3 13.0 1 174
509.5642221339299 533.8830879095149 14 4 12.0 1 175
401.1418300809171 142.00252670991853 12 -9 12.0 1 176
223.04540789320086 481.92723803666485 14 22 10.0 1 177
114.04466124333902 405.0541306436681 -16 21 10.0 1 178
523.1269853294525 241.12663695987052 18 -10 12.0 1 179
113.659815383308 313.9169083171455 -1 -9 10.0 1 180
173.0247736522904 474.8548370140901 -6 7 11.0 1 181
332.01499980346443 609.2320237159624 -10 22 11.0 1 182
559.3818755038715 643.4715953881857 5 -1 12.0 1 183
690.324423039501 211.77744718875783 -11 -14 10.0 1 184
664.6511507675475 364.6620827238946 0 10 12.0 1 185
695.7692960213385 193.01805989158913 -12 -12 12.0 1 186
305.6199488897093 215.76806478675064 17 0 11.0 1 187
251.9095262687479 123.11516547478925 -14 -1 13.0 1 188
440.01026761654936 250.25295166430791 17 -11 12.0 1 189
83.52557806556143 453.7116399048004 -16 -15 10.0 1 190
150.00000011358526 399.99246391166014 -12 10 11.0 1 191
154.76319058724908 552.9048962886869 22 6 12.0 1 192
602.3566916524287 383.8516457964314 1 3 12.0 1 193
221.14091928572077 265.14663798761654 -4 9 10.0 1 194
117.295557074052 487.7165773952074 10 -10 10.0 1 195
508.9516798126692 196.30775305378558 1 -4 10.0 1 196
525.8631891789744 318.4006273939701 16 7 12.0 1 197
692.2824551169734 336.97646129584274 20 15 10.0 1 198
416.5767145879278 649.4498196701501 16 16 10.0 1 199
258.9665766671887 566.2334909187316 7 -6 12.0 1 200
372.2023264409101 255.65219314204225 4 -15 10.0 1 201
259.2747505723029 250.93154534405195 13 -11 11.0 1 202
338.37545315239487 537.8528752903882 -9 -12 11.0 1 203
233.12512702238453 74.25657831860258 13 -13 11.0 1 204
454.3720298749399 627.5954357347234 -13 -2 10.0 1 205
44.2227312931949 412.59107110319866 -16 5 13.0 1 206
729.2894582485716 455.8968039011375 5 19 12.0 1 207
143.9906918179206 529.7236837440762 -4 15 13.0 1 208
82.28267464545968 523.8414355922813 13 13 13.0 1 209
593.9581717269148 347.2626544055103 17 9 10.0 1 210
325.40337715332436 281.52914341547614 1 -2 12.0 1 211
75.23358895555151 317.83079495754913 2 -3 13.0 1 212
225.82209524868264 666.0564930544658 2 -11 10.0 1 213
137.45365978086892 305.60498298352684 -17 -2 11.0 1 214
702.2881481582232 229.61550691723113 2 -1 13.0 1 215
212.6385606880185 302.96036346449625 5 22 13.0 1 216
535.8142180169223 522.6519391793375 4 18 10.0 1 217
229.65205730908326 154.27133170716093 19 6 13.0 1 218
241.81824375100592 216.8537961354814 -12 11 10.0 1 219
