400 400 7.071067811865475 -7.0710678118654755 5 2 -1 10 187
742.842712474619 57.15728752538092
800.0 400.0 0 0 24.0 1 0
799.4518139018296 420.9343824971775 0 0 24.0 1 1
797.8087581473094 441.8113853070614 0 0 24.0 1 2
795.0753362380551 462.57378601609236 0 0 24.0 1 3
791.2590402935223 483.16467632710373 0 0 24.0 1 4
786.3703305156273 503.5276180410083 0 0 24.0 1 5
780.4226065180615 523.6067977499789 0 0 24.0 1 6
773.4321705988807 543.3471798181201 0 0 24.0 1 7
765.4181830570403 562.6946572303201 0 0 24.0 1 8
756.4026096753471 581.5961998958187 0 0 24.0 1 9
746.4101615137755 600.0 0 0 24.0 1 10
735.4682271781696 617.8556140060108 0 0 24.0 1 11
723.606797749979 635.1141009169893 0 0 24.0 1 12
710.8583845827884 651.728156419935 0 0 24.0 1 13
697.2579301909577 667.6522425435433 0 0 24.0 1 14
682.842712474619 682.842712474619 0 0 24.0 1 15
667.6522425435433 697.2579301909577 0 0 24.0 1 16
651.728156419935 710.8583845827884 0 0 24.0 1 17
635.1141009169893 723.606797749979 0 0 24.0 1 18
617.8556140060108 735.4682271781696 0 0 24.0 1 19
600.0 746.4101615137754 0 0 24.0 1 20
581.5961998958187 756.4026096753471 0 0 24.0 1 21
562.6946572303201 765.4181830570403 0 0 24.0 1 22
543.3471798181201 773.4321705988807 0 0 24.0 1 23
523.606797749979 780.4226065180615 0 0 24.0 1 24
503.5276180410083 786.3703305156273 0 0 24.0 1 25
483.1646763271038 791.2590402935223 0 0 24.0 1 26
462.57378601609236 795.0753362380551 0 0 24.0 1 27
441.8113853070614 797.8087581473094 0 0 24.0 1 28
420.9343824971776 799.4518139018296 0 0 24.0 1 29
400.0 800.0 0 0 24.0 1 30
379.0656175028225 799.4518139018296 0 0 24.0 1 31
358.1886146929386 797.8087581473094 0 0 24.0 1 32
337.4262139839077 795.0753362380551 0 0 24.0 1 33
316.83532367289627 791.2590402935223 0 0 24.0 1 34
296.47238195899166 786.3703305156273 0 0 24.0 1 35
276.3932022500211 780.4226065180615 0 0 24.0 1 36
256.65282018187986 773.4321705988807 0 0 24.0 1 37
237.3053427696799 765.4181830570403 0 0 24.0 1 38
218.4038001041813 756.4026096753471 0 0 24.0 1 39
200.00000000000009 746.4101615137755 0 0 24.0 1 40
182.14438599398918 735.4682271781696 0 0 24.0 1 41
164.8858990830108 723.606797749979 0 0 24.0 1 42
148.27184358006508 710.8583845827884 0 0 24.0 1 43
132.3477574564567 697.2579301909577 0 0 24.0 1 44
117.15728752538104 682.842712474619 0 0 24.0 1 45
102.74206980904233 667.6522425435434 0 0 24.0 1 46
89.14161541721165 651.728156419935 0 0 24.0 1 47
76.39320225002109 635.1141009169893 0 0 24.0 1 48
64.53177282183043 617.8556140060109 0 0 24.0 1 49
53.589838486224494 600.0 0 0 24.0 1 50
43.597390324652906 581.5961998958187 0 0 24.0 1 51
34.58181694295968 562.6946572303202 0 0 24.0 1 52
26.567829401119297 543.3471798181201 0 0 24.0 1 53
19.5773934819386 523.606797749979 0 0 24.0 1 54
13.629669484372698 503.5276180410084 0 0 24.0 1 55
8.740959706477724 483.16467632710373 0 0 24.0 1 56
4.924663761944942 462.5737860160924 0 0 24.0 1 57
2.1912418526906663 441.81138530706147 0 0 24.0 1 58
0.5481860981704472 420.9343824971775 0 0 24.0 1 59
0.0 400.00000000000006 0 0 24.0 1 60
0.5481860981704472 379.0656175028226 0 0 24.0 1 61
2.1912418526906663 358.1886146929386 0 0 24.0 1 62
4.924663761944885 337.4262139839077 0 0 24.0 1 63
8.740959706477781 316.8353236728962 0 0 24.0 1 64
13.629669484372698 296.47238195899166 0 0 24.0 1 65
19.577393481938543 276.3932022500211 0 0 24.0 1 66
26.567829401119297 256.65282018187986 0 0 24.0 1 67
34.58181694295968 237.30534276967992 0 0 24.0 1 68
43.59739032465285 218.40380010418136 0 0 24.0 1 69
53.58983848622455 199.99999999999994 0 0 24.0 1 70
64.53177282183037 182.14438599398918 0 0 24.0 1 71
76.39320225002103 164.8858990830108 0 0 24.0 1 72
89.14161541721171 148.27184358006497 0 0 24.0 1 73
102.74206980904228 132.3477574564567 0 0 24.0 1 74
117.15728752538092 117.15728752538104 0 0 24.0 1 75
132.34775745645675 102.74206980904228 0 0 24.0 1 76
148.27184358006485 89.14161541721177 0 0 24.0 1 77
164.8858990830107 76.39320225002109 0 0 24.0 1 78
182.1443859939892 64.53177282183032 0 0 24.0 1 79
199.99999999999983 53.58983848622461 0 0 24.0 1 80
218.40380010418124 43.597390324652906 0 0 24.0 1 81
237.30534276967995 34.58181694295962 0 0 24.0 1 82
256.65282018187975 26.567829401119354 0 0 24.0 1 83
276.393202250021 19.5773934819386 0 0 24.0 1 84
296.4723819589917 13.629669484372698 0 0 24.0 1 85
316.8353236728961 8.740959706477781 0 0 24.0 1 86
337.4262139839076 4.924663761944942 0 0 24.0 1 87
358.18861469293864 2.1912418526906663 0 0 24.0 1 88
379.0656175028223 0.5481860981704472 0 0 24.0 1 89
399.99999999999994 0.0 0 0 24.0 1 90
420.9343824971776 0.5481860981704472 0 0 24.0 1 91
441.8113853070612 2.1912418526906663 0 0 24.0 1 92
462.5737860160923 4.924663761944885 0 0 24.0 1 93
483.1646763271038 8.740959706477781 0 0 24.0 1 94
503.5276180410081 13.629669484372641 0 0 24.0 1 95
523.6067977499789 19.577393481938543 0 0 24.0 1 96
543.3471798181201 26.567829401119297 0 0 24.0 1 97
562.6946572303199 34.58181694295956 0 0 24.0 1 98
581.5961998958187 43.59739032465279 0 0 24.0 1 99
756.4026096753471 218.40380010418122 0 0 24.0 1 100
765.4181830570403 237.30534276967995 0 0 24.0 1 101
773.4321705988806 256.6528201818797 0 0 24.0 1 102
780.4226065180615 276.3932022500209 0 0 24.0 1 103
786.3703305156273 296.4723819589917 0 0 24.0 1 104
791.2590402935223 316.83532367289604 0 0 24.0 1 105
795.0753362380551 337.4262139839076 0 0 24.0 1 106
797.8087581473094 358.18861469293864 0 0 24.0 1 107
799.4518139018296 379.06561750282225 0 0 24.0 1 108
800.0 399.9999999999999 0 0 24.0 1 109
150.00979340134072 397.78717267739904 0 0 11.0 1 110
276.19192470094305 432.4893904335406 0 0 13.0 1 111
75.83620773740631 434.55192883087716 0 0 10.0 1 112
307.0998588226401 704.127545232632 0 0 12.0 1 113
524.8915542947976 383.3236794876806 0 0 10.0 1 114
506.892399607141 587.6966033422749 0 0 12.0 1 115
368.00907759314885 152.05528663922107 0 0 10.0 1 116
543.9943973570524 398.7297520796004 0 0 12.0 1 117
361.3933386502057 217.02862054566484 0 0 12.0 1 118
500.1123489644804 547.1785228381304 0 0 11.0 1 119
517.7617348776607 212.9888404436688 0 0 12.0 1 120
361.03072592115916 593.1072129097414 0 0 13.0 1 121
524.8122962472596 471.8184565796725 0 0 13.0 1 122
154.53550409004052 469.0809760185066 0 0 11.0 1 123
680.8141474692754 623.6613837503114 0 0 12.0 1 124
728.4801783818239 301.25906416158927 0 0 12.0 1 125
390.31480729499896 545.678402799684 0 0 13.0 1 126
104.68604890235008 233.53477754469304 0 0 13.0 1 127
263.53596658565766 412.1065099962482 0 0 11.0 1 128
667.1295041289249 175.4051914584072 0 0 13.0 1 129
566.6596908090046 278.91925231711286 0 0 11.0 1 130
539.5011740329198 727.5292695980575 0 0 12.0 1 131
534.7169512797582 550.5169194405973 0 0 11.0 1 132
576.8306011364143 530.8852111651058 0 0 12.0 1 133
229.53661250243752 348.7532096336184 0 0 13.0 1 134
167.7477111170676 673.7514827514892 0 0 13.0 1 135
350.70753789058637 243.58307898698422 0 0 10.0 1 136
559.7975574022979 113.55848651380978 0 0 12.0 1 137
76.69211262968759 449.0001016748474 0 0 10.0 1 138
490.1297198762961 238.440000015411 0 0 10.0 1 139
578.3747597718836 321.2126591620023 0 0 12.0 1 140
73.89558764253695 356.44644399140634 0 0 13.0 1 141
438.26640728399997 525.2864001940156 0 0 11.0 1 142
431.9309415278811 574.0959935585624 0 0 13.0 1 143
621.3974709071732 462.31500522271807 0 0 12.0 1 144
34.1290311163159 390.28227762722815 0 0 11.0 1 145
165.0670274148037 118.05053929421427 0 0 13.0 1 146
210.62752396609415 525.1681481878986 0 0 13.0 1 147
536.6035707883976 223.73751264702054 0 0 12.0 1 148
641.1643096277439 516.8921544064171 0 0 12.0 1 149
330.8336470050346 204.89742284281368 0 0 10.0 1 150
106.32496482324166 209.59261118872058 0 0 13.0 1 151
633.0655081850211 512.9666716091866 0 0 13.0 1 152
197.24653272679103 138.36660857472384 0 0 13.0 1 153
411.00693848638406 565.6346802609796 0 0 11.0 1 154
117.54961881575014 527.7567304249445 14 12 12.0 1 155
139.02593097526278 348.5360777177674 11 -7 10.0 1 156
279.79266364719746 463.6097184946152 14 14 10.0 1 157
339.56594890516794 53.226694412232405 9 -5 12.0 1 158
348.39689150275 681.3060951942226 -6 16 13.0 1 159
762.985876670903 396.7979167006594 14 -11 10.0 1 160
246.83964771332484 87.51655005837262 18 -2 11.0 1 161
163.12723790554338 376.8635660106626 22 2 10.0 1 162
755.982407067406 437.9542600836267 14 20 11.0 1 163
526.6378404946421 61.94104455753052 -16 8 10.0 1 164
224.19865526461942 173.14566967053094 22 22 12.0 1 165
458.80190258513545 265.2731049405196 22 13 13.0 1 166
492.22964560608995 139.86601054192278 5 -7 13.0 1 167
443.8926470447146 717.9849611780534 18 11 11.0 1 168
239.82136454525624 477.63249798799666 15 17 11.0 1 169
650.6461081824377 413.3239803736606 10 12 11.0 1 170
319.6024123908728 579.8477909417647 -10 17 13.0 1 171
756.31561704614 377.9051804934167 15 0 11.0 1 172
451.3699686618275 540.9295083354897 -11 14 13.0 1 173
632.025853783459 362.73066708328537 -5 15 13.0 1 174
329.88091667226536 117.57423249059195 -17 9 13.0 1 175
604.8445581960522 471.6080091712107 15 19 12.0 1 176
286.5418425949704 223.28767298726575 22 -4 13.0 1 177
265.02579916410536 657.804121589845 22 3 13.0 1 178
561.273850567043 661.2273820319743 11 5 13.0 1 179
539.3153012045872 492.08825576736234 7 -11 12.0 1 180
280.64546929818135 186.03856422021133 9 -13 13.0 1 181
461.6930061530262 151.54482699729783 -15 8 11.0 1 182
553.5130132164251 253.78866400578337 17 -2 13.0 1 183
91.33120646455876 604.0185675309361 5 11 11.0 1 184
718.7762139817224 445.450251918764 9 4 11.0 1 185
270.0482080476685 436.5722814215623 -10 15 12.0 1 186
239.88932627475387 555.2210429009152 -12 20 13.0 1 187
458.2643945157418 272.70011652906356 15 -16 10.0 1 188
446.5434062948775 653.7670414582436 -5 3 10.0 1 189
516.9852167674827 571.983891855793 14 8 12.0 1 190
622.5725002837233 386.19847408972527 -6 8 13.0 1 191
463.1435215762759 231.43874797882407 8 0 13.0 1 192
651.0628447244051 521.6899667141431 -14 21 13.0 1 193
169.68853804366594 671.4638659039838 -14 15 10.0 1 194
479.16180438140447 659.1802629967804 -13 -7 10.0 1 195
174.9387583560875 267.83178328470785 -2 -10 13.0 1 196
534.8404558792881 105.39169825297569 -4 -4 11.0 1 197
529.356382158334 302.47602143622805 -14 5 11.0 1 198
599.6082973795592 238.11878547146537 6 3 13.0 1 199
624.3774283116782 230.8380371825931 10 4 10.0 1 200
608.3015889955245 673.7634892054446 -9 18 13.0 1 201
254.5954509063761 605.8191368723519 16 12 13.0 1 202
240.98237286289975 253.81725731234155 4 -3 11.0 1 203
260.86129947784593 276.56409753638803 -14 -7 11.0 1 204
188.056847489872 678.5320450218765 6 -7 12.0 1 205
141.93288773373172 344.3460193108409 -3 2 11.0 1 206
532.6752435755648 424.9455355156901 -17 -6 13.0 1 207
203.38461549697632 87.74467085936203 -14 1 10.0 1 208
375.81486266042054 212.5537966992511 12 2 10.0 1 209
165.9376732411073 496.04075797396297 -15 12 10.0 1 210
274.94069544855563 368.3587240284294 7 -2 11.0 1 211
314.6036775164431 520.8779057821749 1 4 11.0 1 212
256.022486779863 402.5447371073014 6 21 12.0 1 213
487.5559311020662 303.90650943560104 -4 -11 11.0 1 214
229.61264682913043 360.0857183526326 6 -15 11.0 1 215
61.45662846005263 476.14056465751463 -11 1 13.0 1 216
648.164859164854 437.61917962540105 -7 0 13.0 1 217
180.50657187703558 433.26612407283216 13 15 11.0 1 218
300.76718520163183 271.949820510892 -1 16 11.0 1 219
