400 400 -7.071067811865475 7.0710678118654755 5 2 -1 10 187
57.15728752538104 742.842712474619
800.0 400.0 0 0 24.0 1 0
799.4518139018296 420.9343824971775 0 0 24.0 1 1
797.8087581473094 441.8113853070614 0 0 24.0 1 2
795.0753362380551 462.57378601609236 0 0 24.0 1 3
791.2590402935223 483.16467632710373 0 0 24.0 1 4
786.3703305156273 503.5276180410083 0 0 24.0 1 5
780.4226065180615 523.6067977499789 0 0 24.0 1 6
773.4321705988807 543.3471798181201 0 0 24.0 1 7
765.4181830570403 562.6946572303201 0 0 24.0 1 8
756.4026096753471 581.5961998958187 0 0 24.0 1 9
746.4101615137755 600.0 0 0 24.0 1 10
735.4682271781696 617.8556140060108 0 0 24.0 1 11
723.606797749979 635.1141009169893 0 0 24.0 1 12
710.8583845827884 651.728156419935 0 0 24.0 1 13
697.2579301909577 667.6522425435433 0 0 24.0 1 14
682.842712474619 682.842712474619 0 0 24.0 1 15
667.6522425435433 697.2579301909577 0 0 24.0 1 16
651.728156419935 710.8583845827884 0 0 24.0 1 17
635.1141009169893 723.606797749979 0 0 24.0 1 18
617.8556140060108 735.4682271781696 0 0 24.0 1 19
600.0 746.4101615137754 0 0 24.0 1 20
581.5961998958187 756.4026096753471 0 0 24.0 1 21
562.6946572303201 765.4181830570403 0 0 24.0 1 22
543.3471798181201 773.4321705988807 0 0 24.0 1 23
523.606797749979 780.4226065180615 0 0 24.0 1 24
503.5276180410083 786.3703305156273 0 0 24.0 1 25
483.1646763271038 791.2590402935223 0 0 24.0 1 26
462.57378601609236 795.0753362380551 0 0 24.0 1 27
441.8113853070614 797.8087581473094 0 0 24.0 1 28
420.9343824971776 799.4518139018296 0 0 24.0 1 29
400.0 800.0 0 0 24.0 1 30
379.0656175028225 799.4518139018296 0 0 24.0 1 31
358.1886146929386 797.8087581473094 0 0 24.0 1 32
337.4262139839077 795.0753362380551 0 0 24.0 1 33
316.83532367289627 791.2590402935223 0 0 24.0 1 34
296.47238195899166 786.3703305156273 0 0 24.0 1 35
276.3932022500211 780.4226065180615 0 0 24.0 1 36
256.65282018187986 773.4321705988807 0 0 24.0 1 37
237.3053427696799 765.4181830570403 0 0 24.0 1 38
218.4038001041813 756.4026096753471 0 0 24.0 1 39
43.597390324652906 581.5961998958187 0 0 24.0 1 40
34.58181694295968 562.6946572303202 0 0 24.0 1 41
26.567829401119297 543.3471798181201 0 0 24.0 1 42
19.5773934819386 523.606797749979 0 0 24.0 1 43
13.629669484372698 503.5276180410084 0 0 24.0 1 44
8.740959706477724 483.16467632710373 0 0 24.0 1 45
4.924663761944942 462.5737860160924 0 0 24.0 1 46
2.1912418526906663 441.81138530706147 0 0 24.0 1 47
0.5481860981704472 420.9343824971775 0 0 24.0 1 48
0.0 400.00000000000006 0 0 24.0 1 49
0.5481860981704472 379.0656175028226 0 0 24.0 1 50
2.1912418526906663 358.1886146929386 0 0 24.0 1 51
4.924663761944885 337.4262139839077 0 0 24.0 1 52
8.740959706477781 316.8353236728962 0 0 24.0 1 53
13.629669484372698 296.47238195899166 0 0 24.0 1 54
19.577393481938543 276.3932022500211 0 0 24.0 1 55
26.567829401119297 256.65282018187986 0 0 24.0 1 56
34.58181694295968 237.30534276967992 0 0 24.0 1 57
43.59739032465285 218.40380010418136 0 0 24.0 1 58
53.58983848622455 199.99999999999994 0 0 24.0 1 59
64.53177282183037 182.14438599398918 0 0 24.0 1 60
76.39320225002103 164.8858990830108 0 0 24.0 1 61
89.14161541721171 148.27184358006497 0 0 24.0 1 62
102.74206980904228 132.3477574564567 0 0 24.0 1 63
117.15728752538092 117.15728752538104 0 0 24.0 1 64
132.34775745645675 102.74206980904228 0 0 24.0 1 65
148.27184358006485 89.14161541721177 0 0 24.0 1 66
164.8858990830107 76.39320225002109 0 0 24.0 1 67
182.1443859939892 64.53177282183032 0 0 24.0 1 68
199.99999999999983 53.58983848622461 0 0 24.0 1 69
218.40380010418124 43.597390324652906 0 0 24.0 1 70
237.30534276967995 34.58181694295962 0 0 24.0 1 71
256.65282018187975 26.567829401119354 0 0 24.0 1 72
276.393202250021 19.5773934819386 0 0 24.0 1 73
296.4723819589917 13.629669484372698 0 0 24.0 1 74
316.8353236728961 8.740959706477781 0 0 24.0 1 75
337.4262139839076 4.924663761944942 0 0 24.0 1 76
358.18861469293864 2.1912418526906663 0 0 24.0 1 77
379.0656175028223 0.5481860981704472 0 0 24.0 1 78
399.99999999999994 0.0 0 0 24.0 1 79
420.9343824971776 0.5481860981704472 0 0 24.0 1 80
441.8113853070612 2.1912418526906663 0 0 24.0 1 81
462.5737860160923 4.924663761944885 0 0 24.0 1 82
483.1646763271038 8.740959706477781 0 0 24.0 1 83
503.5276180410081 13.629669484372641 0 0 24.0 1 84
523.6067977499789 19.577393481938543 0 0 24.0 1 85
543.3471798181201 26.567829401119297 0 0 24.0 1 86
562.6946572303199 34.58181694295956 0 0 24.0 1 87
581.5961998958187 43.59739032465279 0 0 24.0 1 88
600.0 53.58983848622455 0 0 24.0 1 89
617.8556140060107 64.53177282183032 0 0 24.0 1 90
635.1141009169892 76.39320225002098 0 0 24.0 1 91
651.728156419935 89.14161541721171 0 0 24.0 1 92
667.6522425435431 102.74206980904216 0 0 24.0 1 93
682.842712474619 117.15728752538092 0 0 24.0 1 94
697.2579301909577 132.34775745645675 0 0 24.0 1 95
710.8583845827882 148.27184358006485 0 0 24.0 1 96
723.6067977499789 164.88589908301066 0 0 24.0 1 97
735.4682271781696 182.1443859939892 0 0 24.0 1 98
746.4101615137754 199.99999999999983 0 0 24.0 1 99
756.4026096753471 218.40380010418122 0 0 24.0 1 100
765.4181830570403 237.30534276967995 0 0 24.0 1 101
773.4321705988806 256.6528201818797 0 0 24.0 1 102
780.4226065180615 276.3932022500209 0 0 24.0 1 103
786.3703305156273 296.4723819589917 0 0 24.0 1 104
791.2590402935223 316.83532367289604 0 0 24.0 1 105
795.0753362380551 337.4262139839076 0 0 24.0 1 106
797.8087581473094 358.18861469293864 0 0 24.0 1 107
799.4518139018296 379.06561750282225 0 0 24.0 1 108
800.0 399.9999999999999 0 0 24.0 1 109
276.46135565677736 256.9643283868016 0 0 11.0 1 110
210.86695261354225 297.7567098225418 0 0 10.0 1 111
632.0878448131111 420.59690000959483 0 0 11.0 1 112
75.77407203838197 311.8322755344809 0 0 12.0 1 113
218.85615351749007 613.5109057671783 0 0 13.0 1 114
433.1672079205661 625.5746801366544 0 0 11.0 1 115
689.5363391636579 307.3462990285479 0 0 12.0 1 116
595.790225813945 199.8345997038339 0 0 10.0 1 117
529.7700956566587 690.3165897313856 0 0 11.0 1 118
346.8629505435084 124.06983859125086 0 0 10.0 1 119
557.5720685959715 293.8348305780731 0 0 11.0 1 120
221.88046849257975 547.0864796491409 0 0 13.0 1 121
349.7237368047513 77.90017485394054 0 0 10.0 1 122
397.0791156109269 619.9806092235988 0 0 10.0 1 123
550.8421769821301 425.6054221463295 0 0 11.0 1 124
163.1697021826561 149.1286982619411 0 0 11.0 1 125
441.8529855054713 628.19361867563 0 0 13.0 1 126
249.33777909320855 379.8779923607713 0 0 13.0 1 127
441.4817710366219 268.3821339191929 0 0 11.0 1 128
502.46978640243753 481.61459964147855 0 0 11.0 1 129
568.513118822315 511.3881896108215 0 0 11.0 1 130
406.90595707653364 541.8319701507987 0 0 10.0 1 131
242.85185823149922 349.70624751813426 0 0 12.0 1 132
625.5768560952855 248.01617851176778 0 0 11.0 1 133
274.44878655089747 443.88499517440886 0 0 13.0 1 134
167.54022455303624 523.0099703241456 0 0 13.0 1 135
166.70940402208558 560.2014289208105 0 0 10.0 1 136
686.0354040225493 511.5022315725427 0 0 13.0 1 137
81.94484402875264 471.53263423155556 0 0 10.0 1 138
172.5143955130592 373.7074202252585 0 0 13.0 1 139
584.8299545996852 344.44023143786217 0 0 11.0 1 140
115.74181815052049 185.67947823031915 0 0 10.0 1 141
512.5150331746507 249.38669610652835 0 0 12.0 1 142
232.48739912337004 377.6275046642786 0 0 11.0 1 143
198.74796986339967 478.445014920624 0 0 10.0 1 144
143.89582847416852 249.6016844274262 0 0 10.0 1 145
588.2553295834758 717.3656107447953 0 0 12.0 1 146
261.66913257271585 350.26499103433133 0 0 13.0 1 147
133.94996352967433 520.3385976905929 0 0 13.0 1 148
304.3828452895108 540.5608755133176 0 0 12.0 1 149
415.80588767516497 724.6154246409127 0 0 12.0 1 150
556.2008694432742 212.55057112606292 0 0 10.0 1 151
250.96925444309647 227.44903106979237 0 0 10.0 1 152
157.57334444000062 504.52423964800425 0 0 12.0 1 153
398.8132004394676 130.00260833333385 0 0 13.0 1 154
328.5892997844592 753.8665170579525 0 0 13.0 1 155
481.26543754281005 650.1298236136099 0 0 13.0 1 156
633.1767095129676 579.0659714761717 0 0 11.0 1 157
277.49555675483793 320.57291781015203 0 0 10.0 1 158
682.1695562152735 304.16502963283386 0 0 10.0 1 159
443.56816233283735 534.1000195038746 0 0 13.0 1 160
722.1436074148196 549.1592980734575 0 0 13.0 1 161
328.53190795903515 658.295009282069 0 0 13.0 1 162
588.6639258781802 359.31925428126306 0 0 11.0 1 163
492.757534646475 86.43176218515373 0 0 10.0 1 164
664.606041506202 503.14864419088644 0 0 13.0 1 165
608.4762293483748 414.78721734079215 0 0 13.0 1 166
719.3515916742942 448.4103387211336 0 0 13.0 1 167
487.74155147685804 273.44005315885335 0 0 11.0 1 168
285.7723962285894 110.7370494919171 0 0 12.0 1 169
168.3009783891845 341.3777910294157 0 0 12.0 1 170
565.9741569006435 354.87152516292423 0 0 12.0 1 171
485.11802190939005 549.4621100688486 0 0 13.0 1 172
318.95845899640744 273.77690927661837 0 0 13.0 1 173
117.1443398063584 265.9788244477047 0 0 11.0 1 174
429.86538780878203 548.0170889155406 0 0 11.0 1 175
232.7425409712425 305.7188120607111 0 0 12.0 1 176
665.2752837633141 282.8290828563112 0 0 13.0 1 177
514.1361152789583 484.48045447929564 0 0 12.0 1 178
276.1863125460297 360.3746192567118 0 0 11.0 1 179
35.73348350180203 364.4204418483299 0 0 11.0 1 180
248.01791129555227 678.1913814499533 0 0 11.0 1 181
183.5501336227178 254.15605824972815 0 0 10.0 1 182
173.6985454304602 323.1322456441551 0 0 10.0 1 183
177.29078207058046 608.3881096638345 0 0 12.0 1 184
214.71397997420976 457.48991896848054 0 0 11.0 1 185
708.9938615704461 486.97007250648915 0 0 11.0 1 186
160.0566310458135 449.51948803163384 0 0 13.0 1 187
485.79022314616907 263.7611009566999 0 0 11.0 1 188
650.2292947403912 477.64856762185894 0 0 12.0 1 189
549.9481059081661 486.2818957519677 0 0 12.0 1 190
417.88758703498786 238.99057720100436 0 0 13.0 1 191
546.4110608228336 569.5281724927527 0 0 13.0 1 192
611.6588932882619 612.6041224717626 0 0 11.0 1 193
476.10973598186814 695.3511606355565 0 0 11.0 1 194
353.7677754933069 243.69394951838007 0 0 10.0 1 195
317.18190885149306 654.8826470721724 0 0 11.0 1 196
254.8707792489487 302.2119164509671 0 0 11.0 1 197
169.73709144924933 180.6760547825463 0 0 10.0 1 198
526.361681848243 522.5101030955545 0 0 11.0 1 199
286.6651315574363 483.8821053330612 0 0 12.0 1 200
347.5904451981038 603.3549570712921 0 0 11.0 1 201
167.13923692067064 566.0477793230384 0 0 10.0 1 202
497.70695181624524 152.59476245079625 0 0 11.0 1 203
536.2061867601757 671.7790917054734 0 0 10.0 1 204
503.1906010908947 319.298699846286 0 0 11.0 1 205
167.12778389437446 528.5555559517162 0 0 13.0 1 206
275.22467411266916 432.74321379630265 0 0 12.0 1 207
579.4890848998007 459.2002398798531 0 0 13.0 1 208
106.20131546273302 449.8631423415281 0 0 12.0 1 209
546.5014601910077 727.7473450112184 0 0 10.0 1 210
578.9719522479368 403.16864459386903 0 0 12.0 1 211
303.6067414844751 531.4432946664042 0 0 11.0 1 212
647.7049832714074 155.56955741456474 0 0 10.0 1 213
613.7064375167856 487.695829797569 0 0 10.0 1 214
522.0957493823563 304.5137288257582 0 0 10.0 1 215
390.44748116767016 543.6828082407842 0 0 13.0 1 216
629.9829138725387 270.3702992108041 0 0 10.0 1 217
570.1905947931294 383.38189409226123 0 0 10.0 1 218
313.5359519606804 76.35054704718834 0 0 11.0 1 219
498.4031839179818 174.5386654106655 0 0 13.0 1 220
573.5100186814589 158.95379402039993 0 0 10.0 1 221
654.4033504440308 292.9722686269972 0 0 12.0 1 222
612.1247249511146 354.26050869965843 0 0 10.0 1 223
505.78797790631063 132.13267513469668 0 0 13.0 1 224
529.9542732643399 396.55226736285175 0 0 13.0 1 225
446.80426060143236 241.77749468058215 0 0 12.0 1 226
728.0 400.0 0 0 12.0 1 227
286.2069132688852 229.48274746464807 0 0 11.0 1 228
600.0146560323722 202.62944147555373 0 0 11.0 1 229
258.1755676349198 478.2932333239776 0 0 10.0 1 230
416.76715977929365 270.0774755751119 0 0 10.0 1 231
113.12675830277664 596.9968101217033 0 0 11.0 1 232
701.9178273515774 303.384134184374 0 0 10.0 1 233
659.9085465286798 393.10453472570345 0 0 12.0 1 234
221.87814397559202 560.8496329073215 0 0 12.0 1 235
551.3089034867157 318.209928929926 0 0 10.0 1 236
434.5582682473991 132.2207511853452 0 0 12.0 1 237
60.98854396552184 298.08222590056687 0 0 12.0 1 238
299.2855642927323 636.4436559524629 0 0 12.0 1 239
532.1489151568319 190.14132321280482 0 0 12.0 1 240
267.9639885855504 247.1258959477985 0 0 12.0 1 241
398.5846316352169 78.00311067901299 0 0 11.0 1 242
371.03952776267283 683.5247626712542 0 0 12.0 1 243
238.42881946883733 562.2829431017519 0 0 13.0 1 244
746.0969939011856 312.4450411880474 0 0 11.0 1 245
506.00342983034625 157.12498509685508 0 0 13.0 1 246
375.8950207833228 685.985926186873 0 0 11.0 1 247
299.2855642927323 636.4436559524629 0 0 10.0 1 248
637.9907400762395 397.9005624648952 0 0 11.0 1 249
371.14114345473365 682.5299389425832 0 0 11.0 1 250
523.4377295089328 468.14783146718275 0 0 10.0 1 251
294.6573361659129 296.0436477345491 0 0 12.0 1 252
226.59792655949917 551.1016906805982 0 0 10.0 1 253
256.60766795889924 227.91095586349863 0 0 10.0 1 254
279.6595952409816 437.33881335066263 0 0 11.0 1 255
240.81966552978145 657.8189696627255 0 0 12.0 1 256
458.08977550741446 643.157516810602 0 0 11.0 1 257
653.2585830722492 493.5953529841982 0 0 12.0 1 258
555.3913348919982 573.6160506418771 0 0 11.0 1 259
533.9343222485438 460.5854547216015 0 0 13.0 1 260
407.78861820420843 48.086178977765826 0 0 12.0 1 261
570.3992808023683 187.99036554430916 0 0 10.0 1 262
225.9637280766103 718.5598468969496 0 0 12.0 1 263
265.3181224690368 168.300211772357 0 0 12.0 1 264
644.8355925094143 376.0932511502706 0 0 11.0 1 265
267.9969635408803 255.1166042447503 0 0 11.0 1 266
279.4432642866953 492.57469132626045 0 0 12.0 1 267
187.49631367364415 669.2418676538064 0 0 11.0 1 268
526.9204070292808 404.4955844471749 0 0 12.0 1 269
616.8251586259626 610.2161996298719 0 0 13.0 1 270
395.6944705893609 538.9333020427216 0 0 12.0 1 271
312.44696561384916 303.9038701623344 0 0 10.0 1 272
93.69962559931469 212.753956939005 0 0 13.0 1 273
683.0405196278716 453.21714243347225 0 0 11.0 1 274
641.4779029486374 178.02607723534624 0 0 10.0 1 275
222.3709558719253 332.5617120461492 0 0 11.0 1 276
463.2908880715911 713.6785990263112 0 0 12.0 1 277
183.9318445251911 542.8129972716553 0 0 11.0 1 278
631.1174509954486 527.5959397683421 0 0 13.0 1 279
398.73847602269336 113.00277256172893 0 0 13.0 1 280
589.814207840258 391.5996129865737 0 0 10.0 1 281
769.8698546754291 390.1872224942703 0 0 13.0 1 282
215.91223324834598 641.9249762475727 0 0 13.0 1 283
407.4567168602791 63.082506578145114 0 0 11.0 1 284
86.41880483324718 251.4206136848356 0 0 10.0 1 285
368.9659627219336 569.1770922147073 0 0 10.0 1 286
642.4176222502801 626.8428892923921 0 0 12.0 1 287
477.4392276449342 110.16700322124109 0 0 13.0 1 288
294.1448265381659 544.345703958812 0 0 10.0 1 289
409.87557833749844 152.19670512178428 0 0 10.0 1 290
41.30276989120614 309.24595263968115 0 0 10.0 1 291
56.21325549008003 513.3784560631825 0 0 13.0 1 292
445.2600192267929 727.8910347350021 0 0 12.0 1 293
357.07808871105675 153.71214091777873 0 0 13.0 1 294
346.0858862749827 625.6485504966648 0 0 11.0 1 295
266.09770218566894 281.2095347258788 0 0 11.0 1 296
672.7035765544447 223.201359353602 0 0 10.0 1 297
478.39302211382153 683.3558435675218 0 0 13.0 1 298
603.0382232493866 555.9213901289114 0 0 12.0 1 299
643.3156158748138 352.02593334456606 0 0 13.0 1 300
378.5421883182492 578.7164299045572 0 0 11.0 1 301
197.35299831497304 618.490715381841 0 0 11.0 1 302
534.5108858110614 137.45129671178415 0 0 11.0 1 303
288.69633184530096 191.89547468805816 0 0 10.0 1 304
468.002200268524 244.19338666590704 0 0 11.0 1 305
165.75819901455384 160.50933489779896 0 0 11.0 1 306
368.2442409247692 573.1114431964447 0 0 13.0 1 307
531.5432575558839 325.85573932133116 0 0 11.0 1 308
472.1037759010369 270.75200001232884 0 0 13.0 1 309
554.9081313170159 579.3668610749214 0 0 11.0 1 310
284.87488241110566 476.09341167370053 0 0 12.0 1 311
596.6912951850097 377.27260687092894 0 0 12.0 1 312
283.8315575353881 52.92523431493015 0 0 11.0 1 313
245.87304355612878 416.4280643214293 0 0 11.0 1 314
678.0588495334808 534.7749093715779 0 0 11.0 1 315
253.70960243583974 508.2733558199797 0 0 13.0 1 316
265.81661864121327 626.1942089601819 0 0 12.0 1 317
535.4832445220461 703.0978232415723 0 0 12.0 1 318
691.5577082961497 531.8867041558672 0 0 11.0 1 319
404.371379821794 729.9710457577355 0 0 12.0 1 320
383.3930593770187 221.7720293468369 0 0 13.0 1 321
299.3101858903309 59.57884711058233 0 0 11.0 1 322
170.44134819174494 385.7583224311068 0 0 10.0 1 323
178.77941313883036 512.0957267196198 0 0 10.0 1 324
225.28851444888528 621.3592031439457 0 0 12.0 1 325
750.621980146846 431.1163467956111 0 0 11.0 1 326
419.4893059681342 190.9063201507983 0 0 11.0 1 327
119.69536587051823 585.2709153794447 0 0 12.0 1 328
205.45377861912436 533.5955378986264 0 0 10.0 1 329
635.8981025011258 547.0920978039552 0 0 10.0 1 330
688.3497897417058 237.47185241960665 0 0 10.0 1 331
56.474909659714285 306.58419669724765 0 0 13.0 1 332
189.44682750412366 295.63352285373554 0 0 10.0 1 333
467.42211806491184 164.45964677864413 0 0 12.0 1 334
162.1158256231925 213.94861037588393 0 0 11.0 1 335
101.48452355074426 578.8645026836623 0 0 12.0 1 336
303.8700807576101 610.0477055967325 0 0 13.0 1 337
230.63580045662616 173.27380408732597 0 0 11.0 1 338
664.9254463270836 534.2516587919702 0 0 10.0 1 339
511.8935836181764 581.2424507257672 0 0 11.0 1 340
299.60504288403405 624.5815054399702 0 0 10.0 1 341
538.9128864336224 404.9203640799788 0 0 13.0 1 342
707.318619234386 322.25512060675356 0 0 13.0 1 343
699.148474833001 498.66706646642183 0 0 12.0 1 344
457.1422804298601 238.8300282705391 0 0 13.0 1 345
144.7581484613232 256.12297882181434 0 0 13.0 1 346
266.6499937810933 253.63820224724776 0 0 12.0 1 347
292.6450649960434 563.984505153067 0 0 13.0 1 348
425.45728678113625 573.138460631204 0 0 12.0 1 349
289.880322306275 472.7850024704961 0 0 11.0 1 350
113.09899274238262 302.54841184175314 0 0 10.0 1 351
179.84115887279705 526.6731410896841 0 0 11.0 1 352
159.84501424882342 270.17479898397164 0 0 11.0 1 353
560.0 400.0 0 0 13.0 1 354
619.0452241591605 106.78473816483711 0 0 13.0 1 355
536.9140553755853 573.4806658985697 0 0 11.0 1 356
269.3468185483978 629.4030212891162 0 0 10.0 1 357
564.1978744948763 440.000725135488 0 0 12.0 1 358
156.89986788517717 608.0921088502773 0 0 10.0 1 359
134.0445480173036 423.59443918976837 0 0 11.0 1 360
289.8785462994241 134.96742570983486 0 0 13.0 1 361
502.30274995312425 539.5103843877887 0 0 11.0 1 362
472.6161743302414 681.794058180154 0 0 13.0 1 363
189.192716367925 627.2889992227206 0 0 12.0 1 364
236.72163197762603 547.4454968317114 0 0 10.0 1 365
207.3165538197709 168.75534694157628 0 0 10.0 1 366
554.4977275554252 463.3991496804936 0 0 10.0 1 367
303.7685523548307 128.5529361291321 0 0 11.0 1 368
605.1736045726935 546.3140184215032 0 0 13.0 1 369
654.4033504440308 292.9722686269972 0 0 13.0 1 370
500.39790961037477 81.44661397833642 0 0 11.0 1 371
514.6750195483721 732.7966945322331 0 0 10.0 1 372
41.30276989120614 309.24595263968115 0 0 10.0 1 373
475.45414133321816 144.92614293960517 0 0 10.0 1 374
149.071330128272 670.5472281070448 0 0 10.0 1 375
215.2696081048843 497.7531703336366 0 0 13.0 1 376
593.3184918849246 713.1324970285556 0 0 13.0 1 377
364.7790927293956 276.9411210394167 0 0 12.0 1 378
180.77337526419714 183.6584020421697 0 0 11.0 1 379
315.8143900133165 307.5998751560908 0 0 10.0 1 380
546.7093434835876 435.7402928725366 0 0 12.0 1 381
517.8679069423816 85.35232956047162 0 0 10.0 1 382
608.4474831514112 489.88129264670215 0 0 12.0 1 383
656.970251300005 597.3380093819035 0 0 10.0 1 384
395.6634955576297 539.9328222013023 0 0 11.0 1 385
267.2856490142284 494.63562248131205 0 0 13.0 1 386
290.2328024446249 218.6297644572317 0 0 10.0 1 387
571.9715632672519 324.04092267926376 0 0 10.0 1 388
465.0483002513053 552.7243223406673 0 0 11.0 1 389
165.9376732411073 496.04075797396297 0 0 12.0 1 390
260.481663576092 127.6571392499792 0 0 12.0 1 391
617.2835893270765 253.60381900765864 0 0 10.0 1 392
460.4570452404889 549.2177793722634 0 0 13.0 1 393
414.13641253956433 45.281573863844415 0 0 13.0 1 394
522.1271455789843 487.0916776318471 0 0 10.0 1 395
137.35854365925394 497.0539304263973 0 0 12.0 1 396
219.12412513256464 487.6636634583558 0 0 11.0 1 397
663.0865151117678 251.71147864266226 0 0 11.0 1 398
707.4871362560541 446.6118122051782 0 0 10.0 1 399
632.3612093693886 332.38144943585996 0 0 10.0 1 400
535.8033209324053 541.3274850258438 0 0 12.0 1 401
511.4948963023483 632.6647547406538 0 0 11.0 1 402
345.58976252826596 557.8877007821367 0 0 12.0 1 403
198.6481106237153 655.1125568148311 0 0 12.0 1 404
702.2812738083071 559.9688454194356 0 0 13.0 1 405
546.4047238494486 211.09087678312963 0 0 10.0 1 406
372.1082860653982 538.2137919810839 0 0 10.0 1 407
302.7948791253001 318.26772684101473 0 0 11.0 1 408
515.3763988683077 528.9080547684324 0 0 12.0 1 409
623.6212990641104 257.80817672988474 0 0 13.0 1 410
263.31912752673884 244.54151969111456 0 0 11.0 1 411
606.972381124687 297.41621253054984 0 0 13.0 1 412
526.7195840156212 381.9404588400499 0 0 13.0 1 413
466.05986442472323 727.4020377337124 0 0 11.0 1 414
653.9935259673167 166.5213312383977 0 0 13.0 1 415
549.6896133604612 226.69674079234505 0 0 12.0 1 416
193.8818523430711 317.5420761450032 0 0 13.0 1 417
567.6256773760302 259.0651487948171 0 0 11.0 1 418
192.37938956213642 548.0495934523594 0 0 12.0 1 419
188.5508565573327 295.189410185028 0 0 10.0 1 420
473.06016346662284 664.0799358418401 0 0 12.0 1 421
518.2586139092588 743.1965912363654 0 0 12.0 1 422
180.18467325378157 688.8775209798318 0 0 12.0 1 423
294.5332366882351 241.95961960138115 0 0 12.0 1 424
269.61157768858277 69.81238768369957 0 0 13.0 1 425
474.99602560642535 526.4302026544306 0 0 11.0 1 426
202.73827204724338 325.10800653546045 0 0 10.0 1 427
338.68865737241157 285.36615131121846 0 0 11.0 1 428
515.3174718939626 164.74294765940567 0 0 10.0 1 429
283.163129683086 237.6758005270051 0 0 12.0 1 430
300.62210275801687 160.82426222594853 0 0 10.0 1 431
493.25024255018377 251.914240170326 0 0 12.0 1 432
327.46522001812525 662.1501586743389 0 0 13.0 1 433
386.0732340240948 50.27718806252807 0 0 12.0 1 434
532.9791600501429 402.35435603902 0 0 10.0 1 435
340.6559277987195 694.0718978320934 0 0 13.0 1 436
253.89902908105302 467.6424888405284 0 0 12.0 1 437
371.77299344112896 591.9354998449361 0 0 12.0 1 438
425.02291093203354 581.2811460921613 0 0 11.0 1 439
350.86538622159475 551.2176898674455 0 0 13.0 1 440
453.67199333983444 256.7229357820005 0 0 13.0 1 441
661.2616698669574 369.81159397502176 0 0 12.0 1 442
457.0774588605858 540.8764128235033 0 0 13.0 1 443
271.8313531075212 595.7774194174372 0 0 13.0 1 444
455.9425825467946 156.3395242186475 0 0 10.0 1 445
447.193029367751 250.26083351676291 0 0 12.0 1 446
257.44647865324146 455.56521890210865 0 0 10.0 1 447
144.47286272677525 147.8356049777238 0 0 10.0 1 448
453.8707339317986 284.99154802515875 0 0 12.0 1 449
82.80449539692466 504.6088517268037 0 0 11.0 1 450
93.27229920205724 513.3451258908283 0 0 11.0 1 451
409.37291163190724 237.26970617755137 0 0 11.0 1 452
555.6001271059943 261.9688424862038 0 0 11.0 1 453
508.013306717759 331.31866649594434 0 0 11.0 1 454
242.2345490237374 570.1001542570039 0 0 13.0 1 455
685.8670527821938 517.3074086902546 0 0 13.0 1 456
371.4998509041417 236.46486156940506 0 0 12.0 1 457
38.78988922906194 444.9806166792615 0 0 10.0 1 458
380.8949623353404 687.3656164815685 0 0 11.0 1 459
530.584860130385 389.5791408834114 0 0 13.0 1 460
322.5856312530881 62.771567759304844 0 0 11.0 1 461
231.7259393536517 277.73863850917945 0 0 13.0 1 462
418.74685621696716 198.87179366886315 0 0 11.0 1 463
554.3313216937044 502.01393602971274 0 0 13.0 1 464
145.69294869582166 370.6074217365335 0 0 13.0 1 465
372.63101964369 106.27233886769204 0 0 11.0 1 466
65.47178982750575 417.7729175654283 0 0 11.0 1 467
657.3991550317305 363.3165570188514 0 0 10.0 1 468
599.4323165553341 465.7780443109479 0 0 11.0 1 469
112.5360818637293 343.31229613272876 0 0 11.0 1 470
553.8913519819733 681.7063218764541 0 0 10.0 1 471
199.86376013045938 644.5434225058644 0 0 13.0 1 472
580.830917581485 538.8674880835617 0 0 11.0 1 473
142.36334858357156 413.6877991996433 0 0 13.0 1 474
362.892306417625 250.53756633522735 0 0 11.0 1 475
356.49548989122457 695.8181157403911 0 0 13.0 1 476
364.80403274306656 198.04395555257855 0 0 12.0 1 477
492.27438173101683 639.8633746034575 0 0 12.0 1 478
199.45673245576862 574.7523900914744 0 0 10.0 1 479
363.5199665501739 757.1417185929131 0 0 13.0 1 480
397.49069477484176 588.9833415602735 0 0 10.0 1 481
669.1845469189941 248.27432748537296 0 0 13.0 1 482
267.2491591414616 690.0658791573925 0 0 10.0 1 483
716.9312372610154 279.6854503885669 0 0 11.0 1 484
224.80573233093088 449.30485347203216 0 0 11.0 1 485
115.11887914962114 425.2734442257444 0 0 10.0 1 486
178.930817358083 589.2337614857211 0 0 12.0 1 487
466.6157291730235 556.4044264934544 0 0 10.0 1 488
545.2428398955512 150.14900948950543 0 0 12.0 1 489
229.1256996747511 271.1668773631694 0 0 12.0 1 490
548.055263287655 565.4195847317457 0 0 11.0 1 491
622.4216424938628 164.40582997380378 0 0 10.0 1 492
340.6559277987195 694.0718978320934 0 0 11.0 1 493
370.7346806864905 686.5092338572674 0 0 13.0 1 494
128.56230058168046 313.12897298586824 0 0 10.0 1 495
389.2516639892679 746.8334950275138 0 0 13.0 1 496
411.1554899177301 206.32099999045994 0 0 13.0 1 497
587.0193835408586 234.0971664497642 0 0 13.0 1 498
483.11302034072526 119.03518752370042 0 0 12.0 1 499
664.4006918068391 328.1092900851235 0 0 13.0 1 500
235.58003144814785 237.7438015316273 0 0 12.0 1 501
680.1549208753502 492.4024908177601 0 0 13.0 1 502
625.1279241703669 665.3703407669018 0 0 11.0 1 503
110.97206626936446 552.9439554980822 0 0 12.0 1 504
257.1786723825416 522.254113949538 0 0 11.0 1 505
628.8707195171437 484.5824671412754 0 0 13.0 1 506
634.6192305559857 529.529211583014 0 0 10.0 1 507
650.6303702998886 497.700652420241 0 0 10.0 1 508
519.7734134504424 594.006003593779 0 0 13.0 1 509
613.9395582034133 436.3161869657091 0 0 10.0 1 510
237.05746467748494 395.6721618940934 0 0 13.0 1 511
720.5822435799024 219.30405344536328 0 0 13.0 1 512
244.02020794417922 166.26659530520055 0 0 10.0 1 513
233.47353161300273 150.46255726533866 0 0 10.0 1 514
602.8733878632459 322.98449184164906 0 0 12.0 1 515
427.7689715595749 631.3393270036971 0 0 11.0 1 516
592.5320914373383 369.0743833244283 0 0 10.0 1 517
744.4193617241339 276.18035992000216 0 0 10.0 1 518
539.5575086065741 590.314744020336 0 0 10.0 1 519
598.2373088193515 340.4099891587434 0 0 10.0 1 520
719.7433398498226 428.37598670849763 0 0 10.0 1 521
508.97826404061493 137.74108601099175 0 0 12.0 1 522
249.08310667871388 105.40690552857228 0 0 13.0 1 523
199.92523082215527 243.5196921704454 0 0 10.0 1 524
197.95001460474438 170.19181171729977 0 0 11.0 1 525
362.8440404271362 274.37979991967967 0 0 12.0 1 526
182.11574066195973 436.9790418036165 0 0 10.0 1 527
409.56197466494257 708.8520173813132 0 0 12.0 1 528
79.37116354796973 330.85414520437814 0 0 12.0 1 529
278.8146801903819 292.49131075749926 0 0 10.0 1 530
594.7790005589483 625.5330151912514 0 0 12.0 1 531
585.6942641478153 325.71917971238196 0 0 12.0 1 532
630.1483301484607 447.5052221326786 0 0 10.0 1 533
607.15374168816 519.1986883509842 0 0 11.0 1 534
495.8634678589499 113.6187933364759 0 0 12.0 1 535
666.2046736094462 237.2760873488835 0 0 11.0 1 536
747.5816437674325 298.85158965198883 0 0 12.0 1 537
367.4592284227071 191.5243463011701 0 0 10.0 1 538
260.973338233509 267.5779953404053 0 0 12.0 1 539
713.7668288245923 427.84559443357244 0 0 12.0 1 540
462.72975504365803 282.7226456976341 0 0 12.0 1 541
591.4757827779559 572.9191273675907 0 0 13.0 1 542
388.8073698839646 629.7275016864232 0 0 12.0 1 543
175.56212530615846 359.85475865172214 0 0 12.0 1 544
573.2036818676845 294.1251465763569 0 0 13.0 1 545
613.1750790778582 124.93566996037282 0 0 10.0 1 546
603.602081841065 146.6796647128694 0 0 12.0 1 547
499.9108680226267 147.0141931827691 0 0 10.0 1 548
465.3026617525336 510.088883943994 0 0 12.0 1 549
597.6507252890522 353.7053913213252 0 0 13.0 1 550
556.3244966157224 357.49527369996355 0 0 13.0 1 551
397.68984598318764 573.9846636586644 0 0 10.0 1 552
720.158508231902 357.2503847184193 0 0 11.0 1 553
266.8059678387181 214.95041260078582 0 0 10.0 1 554
512.5285643595364 483.2905889232492 0 0 13.0 1 555
485.68415948207337 217.073170874662 0 0 12.0 1 556
221.10243149931873 567.3937274348834 0 0 12.0 1 557
73.81536624528565 547.5384177165488 0 0 12.0 1 558
411.5878761944034 109.23081125177106 0 0 12.0 1 559
257.88795663783765 229.44746518614596 0 0 10.0 1 560
110.0625544831941 573.7247181237869 0 0 13.0 1 561
150.37929986570853 549.5677306923727 0 0 10.0 1 562
238.4558224656744 133.07776655969946 0 0 13.0 1 563
573.1953500744352 140.4862802998773 0 0 10.0 1 564
260.7174644832437 64.7845837375263 0 0 12.0 1 565
211.4208393622293 127.97261135475003 0 0 11.0 1 566
470.4137152179415 249.67399190690045 0 0 13.0 1 567
424.7869117019756 642.7377370914512 0 0 12.0 1 568
708.585630035338 452.38233419477854 0 0 10.0 1 569
446.47182040593157 594.5260134484815 0 0 10.0 1 570
546.7181952542929 390.90213314434806 0 0 12.0 1 571
67.87203436188742 536.2791783108803 0 0 13.0 1 572
323.87664673280955 597.8616564353956 0 0 10.0 1 573
91.74608711225756 432.8561286428586 0 0 11.0 1 574
325.40337715332436 281.52914341547614 0 0 12.0 1 575
600.1465215736362 448.7582803426658 0 0 13.0 1 576
550.2778142346659 550.9489269549514 0 0 10.0 1 577
266.774466858817 483.06598172084375 0 0 11.0 1 578
554.2311277168524 185.73670579591106 0 0 13.0 1 579
556.0064246711153 725.5502963619226 0 0 10.0 1 580
752.2189762058797 330.55366963991617 0 0 10.0 1 581
205.20965984024033 148.6422402621214 0 0 10.0 1 582
47.99391883141669 437.51957915990954 0 0 12.0 1 583
274.53938748383234 650.3190658081562 0 0 12.0 1 584
680.8714817549376 575.1348358744934 0 0 11.0 1 585
271.8313531075212 595.7774194174372 0 0 12.0 1 586
571.43136437358 661.8783826683923 0 0 11.0 1 587
554.2331401721012 230.72762046732797 0 0 13.0 1 588
687.317121068028 353.8494643456853 0 0 11.0 1 589
462.42613698115196 263.607267709711 0 0 11.0 1 590
681.0217964967289 203.33848903826888 0 0 12.0 1 591
738.991361657308 354.73570146656164 0 0 13.0 1 592
672.9909182307272 296.3662286532789 0 0 13.0 1 593
269.72688959664094 219.0085175876107 0 0 13.0 1 594
276.03182386136393 453.4498952745476 0 0 13.0 1 595
563.8289799817921 254.66911780999345 0 0 12.0 1 596
429.4959481442299 578.5804833767478 0 0 11.0 1 597
122.09206174718457 324.4276647438408 0 0 13.0 1 598
232.6755916142416 538.1721475491929 0 0 10.0 1 599
627.8141510303838 613.1776549976697 0 0 11.0 1 600
554.7019522881191 110.77464502875182 0 0 12.0 1 601
68.30683921930688 529.2890060728802 0 0 11.0 1 602
545.6367006165103 338.73050160531 0 0 11.0 1 603
377.0182999078055 539.1144904777084 0 0 12.0 1 604
284.1452205742608 546.7878403826874 0 0 10.0 1 605
305.9734194035977 161.89287675218898 0 0 11.0 1 606
728.421741097603 281.93154538819874 0 0 10.0 1 607
265.82066678818217 169.1647632209676 0 0 13.0 1 608
189.2101067774718 324.21331967136206 0 0 11.0 1 609
599.7180144879983 410.61671742921163 0 0 10.0 1 610
295.7043637075211 69.04468541758246 0 0 13.0 1 611
607.9211031128236 458.52191794829173 0 0 12.0 1 612
418.831147771886 683.3749951452905 0 0 10.0 1 613
116.5671612260025 563.0792013241208 0 0 13.0 1 614
585.0638067189109 366.90336206341226 0 0 12.0 1 615
132.60348412074092 293.02755824216626 0 0 12.0 1 616
256.51336784874775 426.97380940637083 0 0 10.0 1 617
337.59160624782385 148.63136156379144 0 0 11.0 1 618
282.8340655849518 103.29620189042299 0 0 13.0 1 619
324.89605011367075 502.41287375848674 0 0 12.0 1 620
207.219163977092 132.1650708695584 0 0 13.0 1 621
570.0 400.0 0 0 10.0 1 622
559.7912181330033 444.9751776824835 0 0 13.0 1 623
528.7635755439605 214.2691689214341 0 0 13.0 1 624
605.0565119719956 269.6127809258943 0 0 12.0 1 625
271.71780619458417 160.15071658962637 0 0 10.0 1 626
113.36405259158192 372.0029706347514 0 0 10.0 1 627
506.5070683588557 692.1938472822486 0 0 11.0 1 628
286.1160390982842 287.6147543076206 0 0 11.0 1 629
111.61691769517648 223.7070680929908 0 0 13.0 1 630
241.06213488078996 102.8337922452356 0 0 11.0 1 631
477.0640267195731 553.7697492544125 0 0 13.0 1 632
608.5050375110889 641.426281362447 0 0 12.0 1 633
294.98560343238273 548.6471544078097 0 0 12.0 1 634
60.28950244047911 277.8616446489362 0 0 12.0 1 635
79.02119241984332 374.3756934841007 0 0 10.0 1 636
385.9538617443013 47.27956396020687 0 0 13.0 1 637
146.0080863987906 130.94961842584985 0 0 13.0 1 638
527.9799435069044 402.26584641349297 0 0 13.0 1 639
422.256942157222 551.3724827232812 0 0 12.0 1 640
141.56596904445263 232.4414978460741 0 0 10.0 1 641
345.29002535991714 140.70900772514005 0 0 13.0 1 642
168.55511604124573 163.36892492887003 0 0 11.0 1 643
320.5719627018678 53.99972992645439 0 0 11.0 1 644
560.0418744295843 207.94115894063822 0 0 10.0 1 645
468.56459952825554 195.1710574856914 0 0 12.0 1 646
526.280170211975 230.9606004174334 0 0 10.0 1 647
466.5173760755829 548.8100758686033 0 0 10.0 1 648
542.2945184719862 609.1919453822866 0 0 12.0 1 649
534.4175727596257 539.8853678317025 0 0 11.0 1 650
134.19109813278283 230.97151811560244 0 0 13.0 1 651
189.7040827420563 596.773034698965 0 0 12.0 1 652
294.0992291938712 145.1254686268795 0 0 11.0 1 653
428.84851342757065 234.49542824133445 0 0 11.0 1 654
575.0308534853962 544.5448038781532 0 0 13.0 1 655
212.91812808155544 594.6801818354675 0 0 10.0 1 656
410.67359330116346 258.4017146783149 0 0 13.0 1 657
639.5655352838944 264.96906167792093 0 0 13.0 1 658
737.539930029872 250.910108875789 0 0 11.0 1 659
255.24989579431931 483.2850967006978 0 0 11.0 1 660
469.78875617518565 37.659649622733184 0 0 10.0 1 661
597.5386959902853 437.14113065669414 0 0 13.0 1 662
325.3895546046282 616.5046914916724 0 0 10.0 1 663
668.7038704460936 651.4403110228925 0 0 11.0 1 664
535.9784077625611 489.88254904239557 0 0 12.0 1 665
563.0982269362878 214.50615004739598 0 0 11.0 1 666
380.2624734636964 634.1696608150353 0 0 11.0 1 667
311.694745355607 529.8121026799463 0 0 11.0 1 668
641.3340629548827 237.39966156957507 0 0 13.0 1 669
413.3795747014584 222.50355783619747 0 0 11.0 1 670
709.5382681994157 514.39432031402 0 0 12.0 1 671
495.97597197638015 227.96043244884305 0 0 13.0 1 672
113.90456728279935 366.93334945360016 0 0 13.0 1 673
157.0324068944898 517.7571598694332 0 0 13.0 1 674
593.2845483133774 374.19140873093426 0 0 11.0 1 675
218.8746976154963 367.60208592946 0 0 10.0 1 676
91.19332575729555 410.9287667721584 0 0 13.0 1 677
676.2655397841684 477.7582891257395 0 0 11.0 1 678
374.8466763063921 609.4953706103421 0 0 12.0 1 679
694.0127571898636 536.1341199318317 0 0 13.0 1 680
454.92427300385776 139.732206688961 0 0 13.0 1 681
221.38180290470527 689.3018141429923 0 0 11.0 1 682
147.61691745794448 514.1568204119666 0 0 12.0 1 683
476.3056825938279 67.6471110342352 0 0 12.0 1 684
749.3978733001205 281.3318655520661 0 0 12.0 1 685
410.16440161264455 608.7526884613869 0 0 10.0 1 686
540.1848618509534 359.20533726295685 0 0 12.0 1 687
662.8232689406032 609.3321028972274 0 0 10.0 1 688
192.74933231811625 265.62678561032567 0 0 12.0 1 689
469.2300650863205 626.6631820303946 0 0 12.0 1 690
215.2129753602608 468.2843724785724 0 0 11.0 1 691
586.8660327534583 523.5195765981387 0 0 11.0 1 692
225.57683367350126 529.0951550161296 0 0 12.0 1 693
136.69851633959462 464.13523760172154 0 0 11.0 1 694
648.2109173470676 380.1924128241942 0 0 13.0 1 695
234.98883228316913 536.2619335277755 0 0 13.0 1 696
479.86490760087764 517.4120800169355 0 0 10.0 1 697
228.83398498572106 162.19504777206248 0 0 10.0 1 698
537.1155727692997 706.749604244483 0 0 10.0 1 699
485.5854126811471 183.2878934249456 0 0 11.0 1 700
525.4784941594404 98.03287016054333 0 0 12.0 1 701
603.6450278430657 376.46911317444665 0 0 12.0 1 702
340.3453742287718 761.1056986868176 0 0 11.0 1 703
593.7689199958368 654.6637108887857 0 0 13.0 1 704
599.6213339589015 320.1481181908106 0 0 13.0 1 705
516.733751738334 334.2031064176051 0 0 11.0 1 706
439.32944469811036 727.6479738678972 0 0 10.0 1 707
527.7008656172513 528.2711538912968 0 0 12.0 1 708
542.1202912896302 553.241061089222 0 0 11.0 1 709
674.3789870674514 595.6659690795499 0 0 13.0 1 710
400.64172620826736 255.001420050148 0 0 13.0 1 711
129.6861071946247 592.754764808562 0 0 13.0 1 712
675.2866577927141 207.35198926197768 0 0 10.0 1 713
347.41501442790945 572.1476671128105 0 0 12.0 1 714
467.41551869444316 540.6810144943488 0 0 11.0 1 715
401.0223362352397 169.0022622867875 0 0 12.0 1 716
163.08304115727333 502.1486887469132 0 0 11.0 1 717
296.1978549426058 321.7368881178132 0 0 10.0 1 718
680.2957916119298 419.881378338577 0 0 11.0 1 719
423.27370728145064 750.2275468168907 0 0 13.0 1 720
45.368850420487206 486.3814085779644 0 0 12.0 1 721
561.8988163005952 466.43623469512806 0 0 10.0 1 722
172.16065454375556 276.8325016001782 0 0 13.0 1 723
296.00381810302866 161.7043975419352 0 0 12.0 1 724
224.22044634780482 207.0685393259175 0 0 13.0 1 725
222.81033734886947 624.4990499970513 0 0 12.0 1 726
410.27756304451526 554.6588881954931 0 0 11.0 1 727
173.14140977821367 346.856985006648 0 0 12.0 1 728
585.1871510870959 461.07961257445163 0 0 10.0 1 729
329.0234057071642 575.1665580600081 0 0 11.0 1 730
615.7887836499775 390.4500863426311 0 0 11.0 1 731
334.68417735662763 756.0587638472329 0 0 10.0 1 732
365.09641177884896 247.95481089725882 0 0 13.0 1 733
358.82281511309384 136.19431498773656 0 0 13.0 1 734
463.1835621773702 100.59419265722585 0 0 13.0 1 735
226.25738464956618 139.64926808016997 0 0 13.0 1 736
344.17335100410713 553.1417162692431 0 0 10.0 1 737
203.86105534664412 705.4480551423887 0 0 11.0 1 738
683.5995805729575 415.07573874948054 0 0 12.0 1 739
329.3616042785155 273.3697624976761 0 0 13.0 1 740
601.1026997200607 543.4109625004417 0 0 11.0 1 741
545.8572333930404 393.5449657686303 0 0 13.0 1 742
248.17970954462686 328.06531152464663 0 0 11.0 1 743
224.26505437321728 213.84622247842586 0 0 12.0 1 744
71.52279824907907 301.2491623838826 0 0 13.0 1 745
443.80741176807385 119.39901875762723 0 0 12.0 1 746
425.0707319072935 256.1686459716359 0 0 12.0 1 747
44.1801936934786 323.2649660194928 0 0 10.0 1 748
720.508726331456 524.9406112734681 0 0 10.0 1 749
191.89317211291836 171.58689138585635 0 0 13.0 1 750
744.3386215151772 378.64786350204133 0 0 10.0 1 751
369.12374888128943 265.4984865629597 0 0 11.0 1 752
586.6074409921243 317.5763203540947 0 0 11.0 1 753
211.04338612474027 320.49906873000793 0 0 12.0 1 754
556.2993882613025 131.12921090393144 0 0 11.0 1 755
219.06381047009066 395.194241121662 0 0 13.0 1 756
245.19566681245513 419.27740714825495 0 0 10.0 1 757
125.57237072894651 639.1348495988597 0 0 11.0 1 758
206.22340341931158 654.657869734287 0 0 13.0 1 759
287.55009979957174 505.218914387641 0 0 12.0 1 760
263.2321819400264 322.9054869454773 0 0 11.0 1 761
639.878836258839 677.7537468966082 0 0 12.0 1 762
181.6719470134543 604.2886714409394 0 0 11.0 1 763
569.6790023881267 674.8418384245202 0 0 10.0 1 764
542.5134569502553 601.7397199068337 0 0 10.0 1 765
565.607691581575 541.7677413554364 0 0 13.0 1 766
593.3948095233861 243.15788942566098 0 0 11.0 1 767
100.87788011471127 258.271536396774 0 0 11.0 1 768
641.7637771821403 445.4563091619242 0 0 11.0 1 769
730.6589145407615 352.8758847857553 0 0 13.0 1 770
631.4479920833945 601.6948858066683 0 0 13.0 1 771
305.3645409428856 633.5554107466775 0 0 10.0 1 772
342.3494897179142 623.6904527784213 0 0 11.0 1 773
124.02197798505136 324.95247262756413 0 0 11.0 1 774
585.1941950236447 142.72172627766594 0 0 13.0 1 775
320.09545325588374 262.53631967091326 0 0 13.0 1 776
184.50310991884336 131.86367205216317 0 0 10.0 1 777
135.37320687847466 414.05917359653284 0 0 11.0 1 778
270.8150876363201 718.8216718129248 0 0 12.0 1 779
581.1806003296392 437.3977280618959 0 0 10.0 1 780
71.82379867671716 423.2675930216281 0 0 13.0 1 781
644.621353671443 182.99909371629158 0 0 10.0 1 782
266.9562763422565 697.6161413554076 0 0 12.0 1 783
525.3889717149119 492.80951337162054 0 0 10.0 1 784
652.5598479045814 293.74783189781607 0 0 13.0 1 785
610.9818684586656 435.81411986480066 0 0 11.0 1 786
154.0000001117679 399.9925844890736 0 0 13.0 1 787
610.1696583617033 354.6820708314588 0 0 10.0 1 788
323.85763992551426 251.3684387410017 0 0 13.0 1 789
578.8591614321216 561.5252313782532 0 0 11.0 1 790
368.6753235992938 273.830413140127 0 0 10.0 1 791
365.935298809005 238.55466518735133 0 0 10.0 1 792
351.93130151696283 638.1982372439957 0 0 13.0 1 793
521.5978687143263 456.30238293476987 0 0 11.0 1 794
174.14139683219676 407.9932080598958 0 0 12.0 1 795
585.5542964493761 586.3829473669118 0 0 11.0 1 796
380.57431837348906 62.55868229669113 0 0 11.0 1 797
488.18096917626804 241.93318920426697 0 0 10.0 1 798
600.6755952037623 167.66768307096038 0 0 10.0 1 799
227.65165613235982 131.56556039494177 0 0 11.0 1 800
211.27000249473642 117.19089823405051 0 0 11.0 1 801
509.4394090840583 639.1485223440282 0 0 10.0 1 802
503.2167423321989 138.64333928072836 0 0 12.0 1 803
516.8548494232123 501.83292280141234 0 0 13.0 1 804
512.0531652516113 199.14162164078124 0 0 10.0 1 805
540.0488383741708 645.9173090086288 0 0 11.0 1 806
215.56623487364362 82.70961835990676 0 0 12.0 1 807
192.67044141226935 283.1306107835898 0 0 11.0 1 808
541.5655247519504 329.83446571353625 0 0 10.0 1 809
390.2114730569352 154.19482360966256 0 0 10.0 1 810
404.5833255101234 745.9696419156863 0 0 11.0 1 811
254.2621474478383 149.2800799029236 0 0 12.0 1 812
323.81894097286573 38.94952396444029 0 0 13.0 1 813
501.5962687783657 502.049978786446 0 0 12.0 1 814
225.779814698552 500.24134393317524 0 0 11.0 1 815
597.9331586308781 293.00717447228686 0 0 13.0 1 816
239.31002790440817 274.32290237311366 0 0 11.0 1 817
206.6720690262692 713.1266694253563 0 0 12.0 1 818
449.97102148713594 672.4553119532306 0 0 12.0 1 819
250.68982972404734 589.1757728996132 0 0 11.0 1 820
722.8615071795366 348.1401197286567 0 0 12.0 1 821
509.1112117927483 560.4080529808838 0 0 11.0 1 822
626.4061827721064 247.4574144621787 0 0 10.0 1 823
479.6032976334949 708.908263090959 0 0 10.0 1 824
578.5907575873921 498.59686254826437 0 0 11.0 1 825
374.90092406098313 645.7214609817536 0 0 11.0 1 826
231.35417309433998 581.8311993781765 0 0 12.0 1 827
609.8667612823285 138.88519285788078 0 0 13.0 1 828
601.8107243651059 560.7371504389425 0 0 10.0 1 829
213.52713522369083 502.94110307411864 0 0 12.0 1 830
410.07864246946014 551.6654903594513 0 0 10.0 1 831
288.2118423412186 473.88780553823096 0 0 11.0 1 832
297.853790224067 652.0915544567313 0 0 12.0 1 833
556.8317196216303 606.1184410006109 0 0 10.0 1 834
618.2102710853177 580.2034339097681 0 0 13.0 1 835
273.0006438728719 493.9955506569055 0 0 11.0 1 836
328.62317774598904 676.9500843923311 0 0 13.0 1 837
259.80272182803753 531.1820231326433 0 0 12.0 1 838
63.79821791344983 292.4018507509175 0 0 13.0 1 839
410.37292870113066 262.39039877188344 0 0 13.0 1 840
441.1680694803518 679.9896249064614 0 0 13.0 1 841
382.98816046909104 104.48926023615553 0 0 10.0 1 842
361.2757526743682 575.7851889923134 0 0 11.0 1 843
300.9558895121296 287.3489273124019 0 0 13.0 1 844
314.6036775164431 520.8779057821749 0 0 12.0 1 845
577.3757661157947 584.5910008500817 0 0 10.0 1 846
283.84240156731937 215.5239518898128 0 0 11.0 1 847
527.9166252150973 666.9332069892773 0 0 12.0 1 848
188.61777924275495 495.61148857608754 0 0 13.0 1 849
235.0907943830007 571.6069750994121 0 0 10.0 1 850
580.2003693385263 594.3008669313101 0 0 11.0 1 851
279.072421983793 577.7681660903722 0 0 13.0 1 852
538.4186465461337 420.9828093528133 0 0 11.0 1 853
208.00752133222966 398.30054861624245 0 0 10.0 1 854
102.28435424107613 183.6914373623944 0 0 12.0 1 855
534.8542330993212 444.47848710549806 0 0 11.0 1 856
182.44826470462868 374.8555678136751 0 0 13.0 1 857
515.6742543322385 345.1961052051902 0 0 12.0 1 858
224.36320380913557 639.5009724903194 0 0 12.0 1 859
171.03576022630992 404.04683887202793 0 0 10.0 1 860
325.0651721510779 670.8242448069457 0 0 10.0 1 861
561.8276624441783 121.61931161114444 0 0 10.0 1 862
668.4610035434653 598.7075478597517 0 0 13.0 1 863
63.4078870856431 475.7017141407566 0 0 13.0 1 864
179.61213130909147 495.0220360436402 0 0 10.0 1 865
528.3818429247148 444.8787522916343 0 0 13.0 1 866
442.7418214729269 197.46077738577043 0 0 10.0 1 867
189.12259567291503 550.3719400163179 0 0 12.0 1 868
689.8182522715862 410.2655077927616 0 0 12.0 1 869
198.24785830437241 549.3220456638182 0 0 11.0 1 870
317.329866303131 528.7425686963787 0 0 11.0 1 871
537.7026695421714 131.22132748121635 0 0 12.0 1 872
95.2500483286733 328.61045625356576 0 0 10.0 1 873
172.81257584701143 628.1882431387079 0 0 11.0 1 874
686.9550295818874 405.0804525052537 0 0 12.0 1 875
450.79313815987564 256.73780290714586 0 0 10.0 1 876
220.59301326230758 376.0389251138132 0 0 12.0 1 877
624.9647444457305 403.9829331487181 0 0 13.0 1 878
403.3911310132705 655.977538527213 0 0 10.0 1 879
305.606128073143 160.9627708020022 0 0 10.0 1 880
745.0 400.0 0 0 10.0 1 881
351.6632083844673 602.3055969970098 0 0 10.0 1 882
568.3584248307508 683.8229039181095 0 0 12.0 1 883
602.0754269196372 625.775379160896 0 0 12.0 1 884
666.9596336399719 553.6116987954106 0 0 12.0 1 885
471.3684737403747 676.9522358746531 0 0 10.0 1 886
530.8627750324808 218.20084128137907 0 0 11.0 1 887
545.3045386379691 535.9690812324881 0 0 13.0 1 888
728.1196769576876 323.14638854820976 0 0 13.0 1 889
452.11701164713014 522.3634630801731 0 0 13.0 1 890
77.38561389269125 306.10666756044765 0 0 11.0 1 891
209.42576341564646 342.707239983652 0 0 10.0 1 892
553.7828711557586 408.174872420493 0 0 11.0 1 893
705.2331396201087 421.65018424058565 0 0 10.0 1 894
293.0781360545395 729.0649100260136 0 0 10.0 1 895
378.89981851294505 575.7378227394813 0 0 12.0 1 896
297.09189576465525 267.20722127055467 0 0 12.0 1 897
533.4149805297129 313.50466503760833 0 0 11.0 1 898
499.82682575907927 608.3161176166319 0 0 11.0 1 899
437.5021207277331 109.40992628631903 0 0 13.0 1 900
540.9987785862389 188.72921537233603 0 0 10.0 1 901
697.6522969595485 578.3594968447286 0 0 11.0 1 902
365.66750130919866 685.9462878472916 0 0 12.0 1 903
603.1877712279556 257.8074206457454 0 0 11.0 1 904
629.2176745713508 471.1284588902525 0 0 13.0 1 905
550.4782128112479 421.45477730326746 0 0 13.0 1 906
80.92023218116378 568.8463851217359 0 0 11.0 1 907
321.14071299065716 274.7593801820748 0 0 12.0 1 908
374.6351786639843 700.9329258133646 0 0 12.0 1 909
542.5468320507256 388.62455836891473 0 0 12.0 1 910
117.24850028118499 594.1663961831731 0 0 10.0 1 911
459.50507794304315 530.0313258372472 0 0 10.0 1 912
573.2041016166548 150.16737766422995 0 0 13.0 1 913
541.3315447329288 592.7339992409335 0 0 11.0 1 914
435.2055564898226 574.4837207083856 0 0 11.0 1 915
444.0293842629224 718.9755685337482 0 0 13.0 1 916
615.59397026389 237.46003572704674 0 0 11.0 1 917
337.516386424838 223.74791338940173 0 0 12.0 1 918
444.53496311772653 249.44888887788727 0 0 10.0 1 919
365.3490490072682 739.2348914768339 0 0 10.0 1 920
497.44381558385874 564.2732565101785 0 0 12.0 1 921
272.8883629406348 730.391633859104 0 0 13.0 1 922
549.0993707020723 214.49156985127053 0 0 12.0 1 923
229.67423806572498 338.76165562730597 0 0 12.0 1 924
180.6959790059449 334.0701404837 0 0 13.0 1 925
596.1372411137893 597.0131534904999 0 0 12.0 1 926
403.2321717470235 643.9785914087499 0 0 12.0 1 927
569.0502977432202 214.4656451410451 0 0 13.0 1 928
252.37587428144 209.50559717978382 0 0 11.0 1 929
129.6861071946247 592.754764808562 0 0 12.0 1 930
271.46102094183647 90.64142025363998 0 0 13.0 1 931
325.15052557790244 119.82584669756602 0 0 10.0 1 932
537.8852285615579 450.9574699580635 0 0 13.0 1 933
624.8920678021491 288.5344993297316 0 0 12.0 1 934
508.70460267590437 314.9864166319654 0 0 11.0 1 935
477.4392276449342 110.16700322124109 0 0 12.0 1 936
356.906401065901 152.72698948144983 0 0 12.0 1 937
291.4696521130712 667.8472766102769 0 0 10.0 1 938
571.1330077697628 315.1796389321862 0 0 10.0 1 939
548.489046783028 478.5811872235824 0 0 11.0 1 940
515.0974422333697 217.21986215308806 0 0 12.0 1 941
173.03544790992294 404.0114953010932 0 0 12.0 1 942
614.8652559944518 407.610635087737 0 0 11.0 1 943
689.7622496775664 512.9550293780482 0 0 12.0 1 944
719.9875496823388 397.1772268435565 0 0 10.0 1 945
361.80624411918745 218.98553369490907 0 0 11.0 1 946
303.14665465733833 260.2880481278172 0 0 13.0 1 947
594.226167224622 581.7476161198082 0 0 13.0 1 948
191.55384834146795 524.8967648049711 0 0 13.0 1 949
419.67491840592595 188.91495177128212 0 0 11.0 1 950
406.80937054722676 229.13563135413352 0 0 13.0 1 951
650.6044448157455 327.0725549700803 0 0 10.0 1 952
542.3231289790498 386.1029874572711 0 0 11.0 1 953
592.3738411241745 446.86475489246516 0 0 12.0 1 954
222.0900968467393 361.6324830097464 0 0 10.0 1 955
118.87150187858407 367.5074232478085 0 0 12.0 1 956
114.28004739201066 387.3465940676697 0 0 12.0 1 957
420.4989832971969 570.7740954705404 0 0 10.0 1 958
374.28242446233855 266.45372970964456 0 0 13.0 1 959
446.44548670348087 552.0651727545685 0 0 10.0 1 960
330.2834736314432 691.7869187456873 0 0 13.0 1 961
538.9551081028643 362.21802106663426 0 0 12.0 1 962
262.69613983775605 201.9377623459056 0 0 12.0 1 963
253.24539060924963 547.4011011579231 0 0 11.0 1 964
674.7368746866721 232.06057732801438 0 0 12.0 1 965
586.2384434989779 349.3616532351417 0 0 11.0 1 966
110.23434549776528 512.9462946310836 0 0 10.0 1 967
532.3704626168785 387.0748065162032 0 0 11.0 1 968
264.90586334932584 363.26344813936703 0 0 10.0 1 969
158.3099676390195 230.85234776282525 0 0 11.0 1 970
273.22071542800313 423.8330233796016 0 0 13.0 1 971
242.9310522542846 591.9201543716911 0 0 10.0 1 972
165.00000010677013 399.9929160769605 0 0 13.0 1 973
667.5017049182 229.90638499386213 0 0 11.0 1 974
276.0911449992094 556.9923426552807 0 0 13.0 1 975
461.6930061530262 151.54482699729783 0 0 13.0 1 976
250.47116207482046 352.14473248695197 0 0 11.0 1 977
191.06634056481334 602.5530201083692 0 0 13.0 1 978
446.0836778771273 628.3972299160329 0 0 12.0 1 979
264.15891654756547 500.5395446899812 0 0 12.0 1 980
593.8918733339975 350.9496029064691 0 0 11.0 1 981
466.0313210985874 276.55015336593067 0 0 13.0 1 982
479.5261407441353 79.72575355120426 0 0 10.0 1 983
476.14726514179796 745.7131672520222 0 0 13.0 1 984
499.88555300602525 646.5337224411307 0 0 10.0 1 985
545.5005604108785 159.60327181901937 0 0 10.0 1 986
169.45186646404426 244.65664441925068 0 0 10.0 1 987
266.8861528329692 384.61482231521677 0 0 10.0 1 988
226.76421381864301 654.6632332829519 0 0 12.0 1 989
643.6192450600963 425.9742841354429 0 0 12.0 1 990
360.56804924428764 553.0003962726864 0 0 12.0 1 991
209.7932839835659 525.719549721766 0 0 12.0 1 992
431.4242735550323 219.71823433431072 0 0 12.0 1 993
726.5730408806292 534.011376270744 0 0 12.0 1 994
350.9606891717292 216.43762369840533 0 0 10.0 1 995
455.9273698781567 653.9136256653271 0 0 12.0 1 996
327.0693342033935 731.0621059355233 0 0 11.0 1 997
392.8185987344277 75.07935203212645 0 0 13.0 1 998
349.3707886288969 531.5966677235414 0 0 10.0 1 999
548.3470225661315 279.69139309357934 0 0 11.0 1 1000
255.78633330632488 738.565234982515 0 0 13.0 1 1001
544.7140950931878 219.94770014976257 0 0 13.0 1 1002
364.85086060348317 654.5850309811718 0 0 10.0 1 1003
179.48735445152724 502.0939427841515 0 0 13.0 1 1004
629.9829138725387 270.3702992108041 0 0 10.0 1 1005
287.5644151037554 327.1011711408245 0 0 13.0 1 1006
202.62793819605272 384.2434388504719 0 0 11.0 1 1007
359.48788151106953 35.24286401012131 0 0 10.0 1 1008
412.6279132013765 232.47526807011897 0 0 10.0 1 1009
488.9832821828488 293.2152843709948 0 0 13.0 1 1010
392.34916716238956 646.8814791694406 0 0 12.0 1 1011
272.00469920372757 106.7131046669972 0 0 11.0 1 1012
443.9994806571385 666.3907763078558 0 0 10.0 1 1013
372.08587840999996 221.1654345047952 0 0 11.0 1 1014
428.34241133135737 677.5566747889955 0 0 12.0 1 1015
115.22851275233364 193.0961574770729 0 0 12.0 1 1016
146.55719167657446 601.848316587321 0 0 13.0 1 1017
684.7777241008234 193.1047418234161 0 0 10.0 1 1018
358.6232775174587 162.5785038447387 0 0 10.0 1 1019
691.3049218222678 337.1872423617429 0 0 13.0 1 1020
211.7466679400649 273.1548859106831 0 0 13.0 1 1021
531.395896589278 319.68114567861556 0 0 12.0 1 1022
107.00000013312194 399.9911677044657 0 0 11.0 1 1023
438.0761522350709 246.65657291239475 0 0 12.0 1 1024
395.735352479214 207.04712289907815 0 0 10.0 1 1025
104.69754437495737 584.1207747697683 0 0 13.0 1 1026
458.90287470232306 512.5142273306022 0 0 13.0 1 1027
405.4431820404411 154.0602273537795 0 0 10.0 1 1028
488.9382964110954 658.1065272934649 0 0 13.0 1 1029
549.3237056954094 337.1793750636723 0 0 11.0 1 1030
521.2896000787449 699.3623772499445 0 0 12.0 1 1031
97.43983329111427 370.4475801144598 0 0 10.0 1 1032
317.30598766802655 293.29151709241 0 0 12.0 1 1033
641.8708404147285 196.64194985918814 0 0 10.0 1 1034
205.22450841810814 555.1241692291449 0 0 13.0 1 1035
277.2651931818282 615.4998078776546 0 0 13.0 1 1036
195.3708038550486 557.1333576458894 0 0 13.0 1 1037
226.37795670339773 330.5421992752955 0 0 12.0 1 1038
620.2368420798127 158.28791219570414 0 0 10.0 1 1039
387.1528071711594 663.687219327025 0 0 12.0 1 1040
519.7728003753408 352.0888709144864 0 0 11.0 1 1041
523.9253178675399 263.990751816543 0 0 12.0 1 1042
538.1596830590629 623.7876269524731 0 0 10.0 1 1043
424.1356964400229 763.1989374397385 0 0 10.0 1 1044
199.8732537503027 469.95202238326823 0 0 11.0 1 1045
615.1865415097328 616.1475245129586 0 0 10.0 1 1046
498.36108189323465 495.36297797778957 0 0 10.0 1 1047
154.5310503185394 166.19239802290312 0 0 11.0 1 1048
339.7041141859928 276.9820901091869 0 0 10.0 1 1049
519.8632602109308 728.8355194494759 0 0 10.0 1 1050
334.66536361926717 636.1279002765184 0 0 12.0 1 1051
376.3235437498343 631.7939287803587 0 0 10.0 1 1052
333.7385101316967 700.7879900535138 0 0 10.0 1 1053
384.97025485517895 238.69870812395294 0 0 10.0 1 1054
685.1142533826558 577.7803772019026 0 0 13.0 1 1055
545.8238918821996 487.38073332450676 0 0 12.0 1 1056
541.1696606184527 607.5382541144425 0 0 12.0 1 1057
176.55173533427947 433.8655136957661 0 0 10.0 1 1058
370.7346806864905 686.5092338572674 0 0 13.0 1 1059
645.9134709463664 393.47582900970406 0 0 13.0 1 1060
225.76132059832162 424.83712141853664 0 0 10.0 1 1061
579.5518436036184 347.7493018368009 0 0 13.0 1 1062
555.9837541681802 183.30189563450097 0 0 12.0 1 1063
307.46928176735594 308.6869878749418 0 0 12.0 1 1064
644.8394341580404 459.6460516813193 0 0 10.0 1 1065
521.6518217941482 284.13441298571513 0 0 12.0 1 1066
630.734845274363 615.9107018566142 0 0 11.0 1 1067
225.7734801783776 301.79042922990743 0 0 11.0 1 1068
404.79527119845284 761.9682380736372 0 0 12.0 1 1069
464.6753762481572 720.5403183800117 0 0 13.0 1 1070
607.4107517227959 631.7364452773554 0 0 13.0 1 1071
217.61941679704194 375.64178022619683 0 0 11.0 1 1072
209.9046321006672 381.4325256640192 0 0 12.0 1 1073
471.7885421174293 296.45095258451636 0 0 10.0 1 1074
410.6141013271045 742.8357345041761 0 0 13.0 1 1075
587.8161635472027 391.68803811303076 0 0 13.0 1 1076
348.3030275437857 235.95298527903222 0 0 13.0 1 1077
590.0820661336658 481.96223602584735 0 0 11.0 1 1078
119.97180932108029 574.5972864196078 0 0 12.0 1 1079
527.0 400.0 0 0 12.0 1 1080
546.9770494598189 658.082829595628 0 0 10.0 1 1081
507.3886075065543 526.5847027796141 0 0 10.0 1 1082
496.3073665879605 615.4550791717202 0 0 10.0 1 1083
591.2231350853667 557.9167901400087 0 0 11.0 1 1084
387.7008997985996 186.35372192749085 0 0 13.0 1 1085
84.01237885929464 397.2029862642324 0 0 12.0 1 1086
315.01867019378415 286.23632572579606 0 0 13.0 1 1087
748.5079352815569 418.52617191397434 0 0 12.0 1 1088
406.1069847282998 124.06757215302093 0 0 12.0 1 1089
530.483244979634 294.17881696189175 0 0 13.0 1 1090
256.60831674476367 560.19932950306 0 0 12.0 1 1091
360.1684663238607 171.44486677169866 0 0 10.0 1 1092
268.13138516656363 304.1894138317127 0 0 12.0 1 1093
597.2317664050881 448.04820829884056 0 0 13.0 1 1094
664.6720760804628 193.01040571261143 0 0 10.0 1 1095
274.6683959834143 661.5186208181547 0 0 11.0 1 1096
148.77557631654946 345.8216930412353 0 0 13.0 1 1097
498.16447647837646 519.9530556414728 0 0 11.0 1 1098
226.66083756444155 344.5244669593966 0 0 13.0 1 1099
197.25278492386735 206.88457653809107 0 0 12.0 1 1100
678.1899318526794 642.4280549272332 0 0 11.0 1 1101
591.739547192884 260.6983631026978 0 0 10.0 1 1102
517.5169011050667 470.418590973279 0 0 11.0 1 1103
638.5550243642826 570.119076974208 0 0 13.0 1 1104
242.75437572465503 429.5603390754749 0 0 10.0 1 1105
224.15185945625734 479.538867651659 0 0 11.0 1 1106
130.67606578332413 419.09498515452765 0 0 13.0 1 1107
525.9811651790881 131.04322648403274 0 0 13.0 1 1108
336.58103960313247 198.75627845276625 0 0 13.0 1 1109
346.3021719674599 166.08432445732126 -15 -1 13.0 1 1110
706.3560329580382 254.8553098793709 -17 -13 10.0 1 1111
226.03146795532993 548.9159153959797 21 -14 11.0 1 1112
309.9284885447288 558.1490525553756 8 -4 11.0 1 1113
126.3538689268363 320.3583340914511 14 1 11.0 1 1114
291.81023714337005 293.2340165922396 -15 -12 11.0 1 1115
316.872886123327 655.8337017254267 14 9 11.0 1 1116
246.19934634961862 426.1028530378469 12 -16 12.0 1 1117
194.7179179973332 669.7781807497604 11 -14 12.0 1 1118
435.6402014935908 642.3938448836857 0 8 13.0 1 1119
547.0646816300784 570.284994691381 -13 1 12.0 1 1120
540.6483660471929 707.3467701607663 -9 -14 12.0 1 1121
135.601475412252 328.1013199299041 -6 22 12.0 1 1122
387.661329841574 585.5902939776797 14 10 12.0 1 1123
235.9074108224946 540.4621734739372 22 -13 12.0 1 1124
511.2770724160433 86.14268663210242 17 10 12.0 1 1125
675.7865784712528 507.50703760740276 5 2 11.0 1 1126
496.39445482303273 266.0854411224444 14 16 13.0 1 1127
178.52915360565754 433.5658188842991 -2 22 11.0 1 1128
437.3696451412588 237.23480217805653 18 5 10.0 1 1129
622.3630020941059 522.7627602316625 -14 -10 13.0 1 1130
508.1702813582132 228.22051859757815 -1 15 11.0 1 1131
240.6259463774104 414.13898977664024 -2 20 10.0 1 1132
280.37896438551877 62.57621921607392 17 -13 11.0 1 1133
546.946530969129 532.7053768169882 15 16 11.0 1 1134
566.6733058474222 592.9896606502318 -6 12 10.0 1 1135
330.1719744748234 191.37582390514928 6 -10 10.0 1 1136
619.5633349174891 159.02709289235335 -13 -15 10.0 1 1137
240.00913186504292 135.6443264966254 20 2 10.0 1 1138
443.1073343593681 278.41563536198566 14 21 13.0 1 1139
456.61174967289776 518.1359801202544 -6 -8 13.0 1 1140
226.00681620733315 398.4598721834697 4 0 11.0 1 1141
455.9798534368335 78.84231908735137 19 -7 13.0 1 1142
261.05111170185586 742.9186586359947 18 -10 12.0 1 1143
264.1947390471863 444.7876221465058 -13 -14 11.0 1 1144
718.0703395157302 285.6529006911495 17 0 11.0 1 1145
267.80562168440053 472.9770261229667 6 18 12.0 1 1146
443.90180003280705 59.821176505827395 -9 1 11.0 1 1147
676.1625255627915 368.08982176827396 -14 19 13.0 1 1148
67.79373040848628 450.3487283264487 1 -9 11.0 1 1149
497.6600460343836 653.8631824596905 13 -14 13.0 1 1150
481.0933266083506 739.4478934676004 -17 -7 13.0 1 1151
479.3024786741109 516.5852343830135 13 5 12.0 1 1152
417.135752554039 102.49308245957246 20 10 12.0 1 1153
421.74549411613873 658.0855158385393 -10 -14 11.0 1 1154
687.2048069766827 191.34142996395659 19 9 11.0 1 1155
604.3503536391521 383.692548710682 21 -2 11.0 1 1156
214.46015295514803 494.0157707971006 21 18 13.0 1 1157
636.7253078637976 606.2937919976998 -3 17 11.0 1 1158
281.6019993449459 252.6809128426129 15 9 10.0 1 1159
336.1798385408773 219.97781528008412 -3 -2 10.0 1 1160
283.86081293520624 351.1360129755171 17 4 12.0 1 1161
179.00000010040935 399.99333809790755 8 10 12.0 1 1162
204.1096101971443 420.8795398149779 2 0 11.0 1 1163
421.5716045162363 579.7099493033012 -14 6 13.0 1 1164
347.0768619883032 640.2397582894948 2 12 13.0 1 1165
551.3480556343479 428.45638866234276 4 -5 13.0 1 1166
515.2266186516517 55.77358271900914 22 -6 12.0 1 1167
668.7587885007597 488.6437454285631 15 11 10.0 1 1168
81.79875920326072 422.5603713492382 9 21 11.0 1 1169
290.78360066540597 303.10945290490673 19 -3 13.0 1 1170
212.40428081214338 182.7976838466246 18 -2 13.0 1 1171
541.9271254265062 264.82348181666765 -11 -5 11.0 1 1172
441.3838793812174 162.57975122715237 -2 -10 11.0 1 1173
561.2078321642592 514.9610144740382 -10 14 11.0 1 1174
