400 400 -7.071067811865475 -7.071067811865477 5 2 -1 10 187
57.15728752538104 57.15728752538092
800.0 400.0 0 0 24.0 1 0
799.4518139018296 420.9343824971775 0 0 24.0 1 1
797.8087581473094 441.8113853070614 0 0 24.0 1 2
795.0753362380551 462.57378601609236 0 0 24.0 1 3
791.2590402935223 483.16467632710373 0 0 24.0 1 4
786.3703305156273 503.5276180410083 0 0 24.0 1 5
780.4226065180615 523.6067977499789 0 0 24.0 1 6
773.4321705988807 543.3471798181201 0 0 24.0 1 7
765.4181830570403 562.6946572303201 0 0 24.0 1 8
756.4026096753471 581.5961998958187 0 0 24.0 1 9
746.4101615137755 600.0 0 0 24.0 1 10
735.4682271781696 617.8556140060108 0 0 24.0 1 11
723.606797749979 635.1141009169893 0 0 24.0 1 12
710.8583845827884 651.728156419935 0 0 24.0 1 13
697.2579301909577 667.6522425435433 0 0 24.0 1 14
682.842712474619 682.842712474619 0 0 24.0 1 15
667.6522425435433 697.2579301909577 0 0 24.0 1 16
651.728156419935 710.8583845827884 0 0 24.0 1 17
635.1141009169893 723.606797749979 0 0 24.0 1 18
617.8556140060108 735.4682271781696 0 0 24.0 1 19
600.0 746.4101615137754 0 0 24.0 1 20
581.5961998958187 756.4026096753471 0 0 24.0 1 21
562.6946572303201 765.4181830570403 0 0 24.0 1 22
543.3471798181201 773.4321705988807 0 0 24.0 1 23
523.606797749979 780.4226065180615 0 0 24.0 1 24
503.5276180410083 786.3703305156273 0 0 24.0 1 25
483.1646763271038 791.2590402935223 0 0 24.0 1 26
462.57378601609236 795.0753362380551 0 0 24.0 1 27
441.8113853070614 797.8087581473094 0 0 24.0 1 28
420.9343824971776 799.4518139018296 0 0 24.0 1 29
400.0 800.0 0 0 24.0 1 30
379.0656175028225 799.4518139018296 0 0 24.0 1 31
358.1886146929386 797.8087581473094 0 0 24.0 1 32
337.4262139839077 795.0753362380551 0 0 24.0 1 33
316.83532367289627 791.2590402935223 0 0 24.0 1 34
296.47238195899166 786.3703305156273 0 0 24.0 1 35
276.3932022500211 780.4226065180615 0 0 24.0 1 36
256.65282018187986 773.4321705988807 0 0 24.0 1 37
237.3053427696799 765.4181830570403 0 0 24.0 1 38
218.4038001041813 756.4026096753471 0 0 24.0 1 39
200.00000000000009 746.4101615137755 0 0 24.0 1 40
182.14438599398918 735.4682271781696 0 0 24.0 1 41
164.8858990830108 723.606797749979 0 0 24.0 1 42
148.27184358006508 710.8583845827884 0 0 24.0 1 43
132.3477574564567 697.2579301909577 0 0 24.0 1 44
117.15728752538104 682.842712474619 0 0 24.0 1 45
102.74206980904233 667.6522425435434 0 0 24.0 1 46
89.14161541721165 651.728156419935 0 0 24.0 1 47
76.39320225002109 635.1141009169893 0 0 24.0 1 48
64.53177282183043 617.8556140060109 0 0 24.0 1 49
53.589838486224494 600.0 0 0 24.0 1 50
43.597390324652906 581.5961998958187 0 0 24.0 1 51
34.58181694295968 562.6946572303202 0 0 24.0 1 52
26.567829401119297 543.3471798181201 0 0 24.0 1 53
19.5773934819386 523.606797749979 0 0 24.0 1 54
13.629669484372698 503.5276180410084 0 0 24.0 1 55
8.740959706477724 483.16467632710373 0 0 24.0 1 56
4.924663761944942 462.5737860160924 0 0 24.0 1 57
2.1912418526906663 441.81138530706147 0 0 24.0 1 58
0.5481860981704472 420.9343824971775 0 0 24.0 1 59
0.0 400.00000000000006 0 0 24.0 1 60
0.5481860981704472 379.0656175028226 0 0 24.0 1 61
2.1912418526906663 358.1886146929386 0 0 24.0 1 62
4.924663761944885 337.4262139839077 0 0 24.0 1 63
8.740959706477781 316.8353236728962 0 0 24.0 1 64
13.629669484372698 296.47238195899166 0 0 24.0 1 65
19.577393481938543 276.3932022500211 0 0 24.0 1 66
26.567829401119297 256.65282018187986 0 0 24.0 1 67
34.58181694295968 237.30534276967992 0 0 24.0 1 68
43.59739032465285 218.40380010418136 0 0 24.0 1 69
218.40380010418124 43.597390324652906 0 0 24.0 1 70
237.30534276967995 34.58181694295962 0 0 24.0 1 71
256.65282018187975 26.567829401119354 0 0 24.0 1 72
276.393202250021 19.5773934819386 0 0 24.0 1 73
296.4723819589917 13.629669484372698 0 0 24.0 1 74
316.8353236728961 8.740959706477781 0 0 24.0 1 75
337.4262139839076 4.924663761944942 0 0 24.0 1 76
358.18861469293864 2.1912418526906663 0 0 24.0 1 77
379.0656175028223 0.5481860981704472 0 0 24.0 1 78
399.99999999999994 0.0 0 0 24.0 1 79
420.9343824971776 0.5481860981704472 0 0 24.0 1 80
441.8113853070612 2.1912418526906663 0 0 24.0 1 81
462.5737860160923 4.924663761944885 0 0 24.0 1 82
483.1646763271038 8.740959706477781 0 0 24.0 1 83
503.5276180410081 13.629669484372641 0 0 24.0 1 84
523.6067977499789 19.577393481938543 0 0 24.0 1 85
543.3471798181201 26.567829401119297 0 0 24.0 1 86
562.6946572303199 34.58181694295956 0 0 24.0 1 87
581.5961998958187 43.59739032465279 0 0 24.0 1 88
600.0 53.58983848622455 0 0 24.0 1 89
617.8556140060107 64.53177282183032 0 0 24.0 1 90
635.1141009169892 76.39320225002098 0 0 24.0 1 91
651.728156419935 89.14161541721171 0 0 24.0 1 92
667.6522425435431 102.74206980904216 0 0 24.0 1 93
682.842712474619 117.15728752538092 0 0 24.0 1 94
697.2579301909577 132.34775745645675 0 0 24.0 1 95
710.8583845827882 148.27184358006485 0 0 24.0 1 96
723.6067977499789 164.88589908301066 0 0 24.0 1 97
735.4682271781696 182.1443859939892 0 0 24.0 1 98
746.4101615137754 199.99999999999983 0 0 24.0 1 99
756.4026096753471 218.40380010418122 0 0 24.0 1 100
765.4181830570403 237.30534276967995 0 0 24.0 1 101
773.4321705988806 256.6528201818797 0 0 24.0 1 102
780.4226065180615 276.3932022500209 0 0 24.0 1 103
786.3703305156273 296.4723819589917 0 0 24.0 1 104
791.2590402935223 316.83532367289604 0 0 24.0 1 105
795.0753362380551 337.4262139839076 0 0 24.0 1 106
797.8087581473094 358.18861469293864 0 0 24.0 1 107
799.4518139018296 379.06561750282225 0 0 24.0 1 108
800.0 399.9999999999999 0 0 24.0 1 109
605.7090234638987 197.0103508414058 0 0 10.0 1 110
653.9847140349445 222.25927580718178 0 0 12.0 1 111
683.6297234727488 208.90269504053154 0 0 10.0 1 112
114.06637318284396 176.3686939286287 0 0 13.0 1 113
371.47661336075157 572.6598286070849 0 0 13.0 1 114
385.63553566485206 39.285899687350366 0 0 11.0 1 115
558.05087706295 435.5516562150383 0 0 10.0 1 116
378.71741005845297 263.6509942633245 0 0 13.0 1 117
254.16669233812024 297.9380267857047 0 0 10.0 1 118
431.7424093531666 154.03980108876152 0 0 10.0 1 119
574.4333005171264 538.9317230538146 0 0 11.0 1 120
529.9263208273862 720.6792028745535 0 0 11.0 1 121
633.3589168981862 129.82854350597023 0 0 11.0 1 122
33.439676668043944 432.51967648627254 0 0 12.0 1 123
464.2916437266429 274.5106197842765 0 0 12.0 1 124
234.4130938198818 716.2751594762016 0 0 10.0 1 125
503.29185228993316 206.88916847956293 0 0 11.0 1 126
746.1303903535218 424.55102591987975 0 0 11.0 1 127
163.85616681401072 149.85586145538474 0 0 12.0 1 128
142.88081986060672 510.85904205091356 0 0 12.0 1 129
176.10335765260655 513.4517234138088 0 0 12.0 1 130
208.5968424987093 170.2918562642236 0 0 11.0 1 131
163.62594605819964 530.4887222066293 0 0 10.0 1 132
112.44248055785073 321.8036253252242 0 0 11.0 1 133
234.9310006180311 91.37040737635743 0 0 11.0 1 134
757.3888267940565 349.06645032232836 0 0 13.0 1 135
466.55121717271953 538.8774117444214 0 0 10.0 1 136
272.40468451871595 107.62962621491283 0 0 12.0 1 137
244.43281823446037 219.88100611671308 0 0 11.0 1 138
387.5852829014788 88.24709335859643 0 0 10.0 1 139
212.46596927260225 516.9272736325253 0 0 10.0 1 140
199.26398172074295 331.8160505295434 0 0 11.0 1 141
646.0000141277313 535.8123449806975 0 0 12.0 1 142
333.070028589356 549.7210036266467 0 0 10.0 1 143
325.86518810676034 667.9328827627432 0 0 13.0 1 144
619.6319217865282 145.72098212326608 0 0 13.0 1 145
676.1221851611958 377.965053623702 0 0 11.0 1 146
269.73786261840564 413.88436403940153 0 0 12.0 1 147
287.0382273741282 333.66269582489167 0 0 10.0 1 148
474.94736294371546 98.16578592249851 0 0 10.0 1 149
528.6995775158653 381.6582785094257 0 0 12.0 1 150
150.14878508387386 178.34628267286885 0 0 10.0 1 151
236.43650879937712 553.0456936547506 0 0 10.0 1 152
275.007068823518 144.98477073729256 0 0 12.0 1 153
623.0256522639884 319.82170847278826 0 0 13.0 1 154
419.9636338583437 544.6286739314511 -3 20 10.0 1 155
481.53635336190564 170.02647308778677 12 -5 11.0 1 156
528.4259285459025 240.213326972733 -11 15 10.0 1 157
412.1055476395142 96.24112240734848 4 -6 12.0 1 158
281.4400397353138 83.47585270308991 6 4 13.0 1 159
631.0 400.0 -7 -12 12.0 1 160
566.031274207673 207.77717100984995 -7 -5 12.0 1 161
166.03120663913833 513.3957835779727 -5 -6 11.0 1 162
298.9989603818111 693.0849535476789 -9 4 10.0 1 163
275.5720958724044 671.8799306208789 -17 1 12.0 1 164
362.3514262111913 570.9022670758601 10 -15 11.0 1 165
606.7204236940076 622.8960888570501 2 -14 12.0 1 166
525.4035961633585 387.75507985745566 18 3 13.0 1 167
486.99006572114274 74.4209336185275 -14 -5 12.0 1 168
288.68754946778756 689.3260070517576 -15 -11 13.0 1 169
434.5391392568513 738.2411090618582 12 16 12.0 1 170
517.2420597558249 483.60801052657325 1 21 13.0 1 171
359.122358570806 206.26559822482162 9 -9 10.0 1 172
459.47757368413846 256.865733562337 -10 -9 12.0 1 173
384.9142811479523 709.6327196643097 20 11 10.0 1 174
284.4393514062309 463.79448641212986 17 -11 12.0 1 175
284.6197153341587 528.9045767629274 -14 7 12.0 1 176
313.7366603734399 52.54836849358048 -6 -4 10.0 1 177
419.67491840592595 188.91495177128212 17 19 12.0 1 178
105.41545671377372 415.6507781546309 -1 19 12.0 1 179
291.9192012574324 680.9262197502551 2 3 13.0 1 180
511.85584939352566 744.2851564567559 9 -15 13.0 1 181
301.623738039994 237.45120399468877 -3 -1 13.0 1 182
557.8660227338105 444.4333080718511 21 10 13.0 1 183
444.8186253031897 248.48996460322414 5 -16 13.0 1 184
546.856255539568 393.50075320540174 -15 13 13.0 1 185
374.7911531434013 204.6195658717062 -5 -7 11.0 1 186
231.53596745016623 386.5512180087361 15 -16 11.0 1 187
443.29619190221166 636.0623641472034 6 4 13.0 1 188
420.66969428493627 267.6037623715565 7 -8 12.0 1 189
131.07111509258414 440.7584943595061 20 14 13.0 1 190
603.7123747777582 410.8290517777959 -1 3 10.0 1 191
152.98193050894002 506.5038653989134 12 -12 12.0 1 192
523.3913021352029 430.0597165219347 -9 -2 11.0 1 193
604.0924041237902 584.313023356928 11 7 12.0 1 194
532.7972102772792 643.092371214261 22 0 13.0 1 195
239.96391513270007 207.9363346690833 12 9 11.0 1 196
135.10150888466524 347.7621841496135 5 -5 10.0 1 197
175.83039375628917 609.7545890714662 0 -8 10.0 1 198
395.07496995473656 558.9237052143362 20 -17 12.0 1 199
359.5634740777401 86.59788231197541 5 11 10.0 1 200
519.0289093840072 251.90503475521595 22 -4 10.0 1 201
717.8978315818663 235.36413308289292 -7 -10 12.0 1 202
321.6028782622832 220.3617766085358 2 -13 10.0 1 203
757.6499284569072 384.17190236417565 13 -7 12.0 1 204
92.92872864597223 486.41894647021024 -15 5 12.0 1 205
178.53214599548113 449.8095336520341 17 19 10.0 1 206
717.9876274968242 397.1948691757843 -1 5 13.0 1 207
115.7003941349505 563.5779144780172 -14 5 11.0 1 208
743.3669894949103 366.4722424668429 4 20 11.0 1 209
540.2986873589589 636.5190865984246 8 7 12.0 1 210
395.9505920969669 704.9731173327165 14 4 12.0 1 211
541.6015996098886 280.9454453289551 3 -2 13.0 1 212
639.4170396368979 328.0313878728785 8 21 13.0 1 213
247.44931168715885 657.1561539129063 -3 19 13.0 1 214
125.35891649306234 350.8749020343442 22 21 13.0 1 215
337.7832947765328 202.57132530674227 18 8 12.0 1 216
729.0933258507371 322.91833628870893 14 -15 11.0 1 217
607.9775758455531 316.8054812778678 -8 10 12.0 1 218
519.8704584405855 504.4608691962875 21 -2 10.0 1 219
