400 400 7.071067811865475 -7.0710678118654755 5 2 -1 10 187
742.842712474619 57.15728752538092
800.0 400.0 0 0 24.0 1 0
799.4518139018296 420.9343824971775 0 0 24.0 1 1
797.8087581473094 441.8113853070614 0 0 24.0 1 2
795.0753362380551 462.57378601609236 0 0 24.0 1 3
791.2590402935223 483.16467632710373 0 0 24.0 1 4
786.3703305156273 503.5276180410083 0 0 24.0 1 5
780.4226065180615 523.6067977499789 0 0 24.0 1 6
773.4321705988807 543.3471798181201 0 0 24.0 1 7
765.4181830570403 562.6946572303201 0 0 24.0 1 8
756.4026096753471 581.5961998958187 0 0 24.0 1 9
746.4101615137755 600.0 0 0 24.0 1 10
735.4682271781696 617.8556140060108 0 0 24.0 1 11
723.606797749979 635.1141009169893 0 0 24.0 1 12
710.8583845827884 651.728156419935 0 0 24.0 1 13
697.2579301909577 667.6522425435433 0 0 24.0 1 14
682.842712474619 682.842712474619 0 0 24.0 1 15
667.6522425435433 697.2579301909577 0 0 24.0 1 16
651.728156419935 710.8583845827884 0 0 24.0 1 17
635.1141009169893 723.606797749979 0 0 24.0 1 18
617.8556140060108 735.4682271781696 0 0 24.0 1 19
600.0 746.4101615137754 0 0 24.0 1 20
581.5961998958187 756.4026096753471 0 0 24.0 1 21
562.6946572303201 765.4181830570403 0 0 24.0 1 22
543.3471798181201 773.4321705988807 0 0 24.0 1 23
523.606797749979 780.4226065180615 0 0 24.0 1 24
503.5276180410083 786.3703305156273 0 0 24.0 1 25
483.1646763271038 791.2590402935223 0 0 24.0 1 26
462.57378601609236 795.0753362380551 0 0 24.0 1 27
441.8113853070614 797.8087581473094 0 0 24.0 1 28
420.9343824971776 799.4518139018296 0 0 24.0 1 29
400.0 800.0 0 0 24.0 1 30
379.0656175028225 799.4518139018296 0 0 24.0 1 31
358.1886146929386 797.8087581473094 0 0 24.0 1 32
337.4262139839077 795.0753362380551 0 0 24.0 1 33
316.83532367289627 791.2590402935223 0 0 24.0 1 34
296.47238195899166 786.3703305156273 0 0 24.0 1 35
276.3932022500211 780.4226065180615 0 0 24.0 1 36
256.65282018187986 773.4321705988807 0 0 24.0 1 37
237.3053427696799 765.4181830570403 0 0 24.0 1 38
218.4038001041813 756.4026096753471 0 0 24.0 1 39
200.00000000000009 746.4101615137755 0 0 24.0 1 40
182.14438599398918 735.4682271781696 0 0 24.0 1 41
164.8858990830108 723.606797749979 0 0 24.0 1 42
148.27184358006508 710.8583845827884 0 0 24.0 1 43
132.3477574564567 697.2579301909577 0 0 24.0 1 44
117.15728752538104 682.842712474619 0 0 24.0 1 45
102.74206980904233 667.6522425435434 0 0 24.0 1 46
89.14161541721165 651.728156419935 0 0 24.0 1 47
76.39320225002109 635.1141009169893 0 0 24.0 1 48
64.53177282183043 617.8556140060109 0 0 24.0 1 49
53.589838486224494 600.0 0 0 24.0 1 50
43.597390324652906 581.5961998958187 0 0 24.0 1 51
34.58181694295968 562.6946572303202 0 0 24.0 1 52
26.567829401119297 543.3471798181201 0 0 24.0 1 53
19.5773934819386 523.606797749979 0 0 24.0 1 54
13.629669484372698 503.5276180410084 0 0 24.0 1 55
8.740959706477724 483.16467632710373 0 0 24.0 1 56
4.924663761944942 462.5737860160924 0 0 24.0 1 57
2.1912418526906663 441.81138530706147 0 0 24.0 1 58
0.5481860981704472 420.9343824971775 0 0 24.0 1 59
0.0 400.00000000000006 0 0 24.0 1 60
0.5481860981704472 379.0656175028226 0 0 24.0 1 61
2.1912418526906663 358.1886146929386 0 0 24.0 1 62
4.924663761944885 337.4262139839077 0 0 24.0 1 63
8.740959706477781 316.8353236728962 0 0 24.0 1 64
13.629669484372698 296.47238195899166 0 0 24.0 1 65
19.577393481938543 276.3932022500211 0 0 24.0 1 66
26.567829401119297 256.65282018187986 0 0 24.0 1 67
34.58181694295968 237.30534276967992 0 0 24.0 1 68
43.59739032465285 218.40380010418136 0 0 24.0 1 69
53.58983848622455 199.99999999999994 0 0 24.0 1 70
64.53177282183037 182.14438599398918 0 0 24.0 1 71
76.39320225002103 164.8858990830108 0 0 24.0 1 72
89.14161541721171 148.27184358006497 0 0 24.0 1 73
102.74206980904228 132.3477574564567 0 0 24.0 1 74
117.15728752538092 117.15728752538104 0 0 24.0 1 75
132.34775745645675 102.74206980904228 0 0 24.0 1 76
148.27184358006485 89.14161541721177 0 0 24.0 1 77
164.8858990830107 76.39320225002109 0 0 24.0 1 78
182.1443859939892 64.53177282183032 0 0 24.0 1 79
199.99999999999983 53.58983848622461 0 0 24.0 1 80
218.40380010418124 43.597390324652906 0 0 24.0 1 81
237.30534276967995 34.58181694295962 0 0 24.0 1 82
256.65282018187975 26.567829401119354 0 0 24.0 1 83
276.393202250021 19.5773934819386 0 0 24.0 1 84
296.4723819589917 13.629669484372698 0 0 24.0 1 85
316.8353236728961 8.740959706477781 0 0 24.0 1 86
337.4262139839076 4.924663761944942 0 0 24.0 1 87
358.18861469293864 2.1912418526906663 0 0 24.0 1 88
379.0656175028223 0.5481860981704472 0 0 24.0 1 89
399.99999999999994 0.0 0 0 24.0 1 90
420.9343824971776 0.5481860981704472 0 0 24.0 1 91
441.8113853070612 2.1912418526906663 0 0 24.0 1 92
462.5737860160923 4.924663761944885 0 0 24.0 1 93
483.1646763271038 8.740959706477781 0 0 24.0 1 94
503.5276180410081 13.629669484372641 0 0 24.0 1 95
523.6067977499789 19.577393481938543 0 0 24.0 1 96
543.3471798181201 26.567829401119297 0 0 24.0 1 97
562.6946572303199 34.58181694295956 0 0 24.0 1 98
581.5961998958187 43.59739032465279 0 0 24.0 1 99
756.4026096753471 218.40380010418122 0 0 24.0 1 100
765.4181830570403 237.30534276967995 0 0 24.0 1 101
773.4321705988806 256.6528201818797 0 0 24.0 1 102
780.4226065180615 276.3932022500209 0 0 24.0 1 103
786.3703305156273 296.4723819589917 0 0 24.0 1 104
791.2590402935223 316.83532367289604 0 0 24.0 1 105
795.0753362380551 337.4262139839076 0 0 24.0 1 106
797.8087581473094 358.18861469293864 0 0 24.0 1 107
799.4518139018296 379.06561750282225 0 0 24.0 1 108
800.0 399.9999999999999 0 0 24.0 1 109
137.91539231107555 159.0691833481185 0 0 10.0 1 110
591.4731048850822 211.05807742677564 0 0 13.0 1 111
192.56665699281183 172.32609238460762 0 0 10.0 1 112
136.2627703331272 208.37882766342548 0 0 10.0 1 113
299.59381916951304 60.53777993562295 0 0 12.0 1 114
659.2781697086873 231.90529243157852 0 0 11.0 1 115
573.5100186814589 158.95379402039993 0 0 10.0 1 116
585.9927632528595 398.35926310281724 0 0 13.0 1 117
437.3180780388323 625.9388436092555 0 0 13.0 1 118
278.6271976253396 489.83119081767546 0 0 10.0 1 119
348.3787431888457 225.4742258426084 0 0 13.0 1 120
592.3987025910083 277.6613746959008 0 0 11.0 1 121
573.7462960240196 240.2870555717735 0 0 13.0 1 122
87.99264977456818 375.0919008090793 0 0 12.0 1 123
351.21224640649524 146.65486959623743 0 0 10.0 1 124
94.92967457048383 554.5836231375404 0 0 10.0 1 125
452.91680555737173 201.94745220118142 0 0 11.0 1 126
87.1622791461017 261.80969494592466 0 0 11.0 1 127
610.6370082701313 666.8933321516456 0 0 10.0 1 128
237.2569830592477 420.2659921302167 0 0 10.0 1 129
525.9840795957506 585.2134219985462 0 0 10.0 1 130
252.0252636363095 263.96883666565117 0 0 13.0 1 131
642.9965486338215 123.63669318802317 0 0 11.0 1 132
122.33775733664118 294.58330777740167 0 0 12.0 1 133
241.77159057293414 429.7450911946966 0 0 10.0 1 134
317.46271575798954 120.9505479131816 0 0 11.0 1 135
98.95776431923196 375.96726531738636 0 0 10.0 1 136
534.625658305564 348.8929346783293 0 0 11.0 1 137
531.5450393630865 434.5239426914718 0 0 11.0 1 138
87.48232017355582 541.3566404379226 0 0 13.0 1 139
548.0654264016512 587.6103128948332 0 0 13.0 1 140
413.3742126482165 674.6745900807723 0 0 10.0 1 141
545.5477153608558 261.3751012507663 0 0 12.0 1 142
363.07288857175274 667.462873015239 0 0 11.0 1 143
184.93211113173643 499.5731046907157 0 0 10.0 1 144
400.77892284589694 224.00172364707618 0 0 13.0 1 145
384.1450613684841 532.0515843183673 0 0 13.0 1 146
478.39302211382153 683.3558435675218 0 0 13.0 1 147
508.3471823922928 598.3352920376282 0 0 13.0 1 148
660.4730729086707 253.18454342435766 0 0 10.0 1 149
395.5124594386059 737.9702087162564 0 0 12.0 1 150
172.60066540854692 117.05381672946288 0 0 12.0 1 151
660.7351048249116 480.9086219876622 0 0 12.0 1 152
261.2028932814401 375.1733375872492 0 0 13.0 1 153
312.2769690692333 494.5815512894547 0 0 13.0 1 154
616.5465265585825 514.5975647010576 -8 -2 13.0 1 155
674.8607190405266 295.656408301589 18 -9 13.0 1 156
69.98432332478166 310.25785188331093 15 -12 13.0 1 157
96.58885116098344 311.69555639613526 6 -13 13.0 1 158
342.0999204093338 624.658809716856 1 -1 10.0 1 159
175.1288771820796 540.2069118218063 -17 -14 11.0 1 160
692.8519374283617 314.7782730493276 21 -13 13.0 1 161
457.9507193905506 687.2119672334662 9 -2 10.0 1 162
337.26969374191617 525.1595329040781 -5 1 11.0 1 163
733.3597089451282 379.32865625994725 16 -1 11.0 1 164
253.79494844872215 557.6359188157578 17 5 10.0 1 165
232.19175819921918 437.7411444411888 -1 2 10.0 1 166
401.88101798392347 541.9875409018134 -11 12 10.0 1 167
223.86971755219216 125.67514949451731 -8 0 13.0 1 168
362.83850779164186 223.87781656801965 3 11 12.0 1 169
610.7453666074782 271.1769024845328 4 22 13.0 1 170
375.3836446238924 178.36283017508734 6 -1 13.0 1 171
569.0698903031289 181.84553134788192 -3 -3 11.0 1 172
147.45150188690013 245.61329040096234 -3 -12 12.0 1 173
63.396795280688934 488.3305302411886 20 8 10.0 1 174
365.58383273636485 221.28366769967135 6 19 12.0 1 175
302.5769290964991 259.4662131168044 8 1 13.0 1 176
470.534301477319 565.6046868754223 16 -13 13.0 1 177
570.2043243769444 675.6927419490544 2 -4 11.0 1 178
428.84410398634634 574.6339533573721 -3 3 11.0 1 179
393.35494309149664 233.13225830412054 -6 -3 10.0 1 180
285.09682525707103 698.6591040534273 14 5 13.0 1 181
166.3473160937421 119.58704861686164 -6 21 11.0 1 182
216.12832651954955 697.8106910295509 15 18 10.0 1 183
245.20099625658298 451.0516252439192 2 -1 10.0 1 184
266.25713329432097 391.7026748076883 19 11 11.0 1 185
196.64696662623615 383.7659673004862 17 -12 11.0 1 186
30.926460517888586 426.16720187842674 12 -14 11.0 1 187
88.5566222579559 447.20193280604565 21 -16 13.0 1 188
268.2563167359199 352.63332479460126 -14 -13 11.0 1 189
246.6711984032082 505.2913985133242 3 8 11.0 1 190
255.94720456101743 620.0404329349827 21 -14 13.0 1 191
240.90120625148776 416.9580018801851 7 -4 11.0 1 192
113.5295709859924 264.2660937697201 -17 16 10.0 1 193
565.0209009108096 483.62477062799485 14 2 12.0 1 194
456.54969673815856 106.39630145581901 -2 -14 12.0 1 195
105.81161808526014 617.7365287368823 3 -4 13.0 1 196
458.326394838639 259.636074203066 4 20 13.0 1 197
260.24096613251584 381.3341902820313 8 2 10.0 1 198
594.1649136887244 471.75643728788526 20 22 12.0 1 199
564.4188603527759 213.00417555385263 21 22 12.0 1 200
234.53816224073975 491.3421055446405 17 7 12.0 1 201
225.5105839364827 694.1384770508828 21 19 12.0 1 202
231.54397339512585 447.4085129538771 -12 1 11.0 1 203
216.710382070678 460.4476298900393 -3 20 12.0 1 204
451.3327274333283 710.7892390258319 -1 8 11.0 1 205
654.2983754696597 287.6775346001879 16 9 10.0 1 206
283.8942698797075 718.4971890507572 -3 22 12.0 1 207
511.88012903654 285.6197712593337 -12 7 13.0 1 208
508.1525955985558 653.9271865423143 20 -10 13.0 1 209
267.8308440647637 172.62296901541 7 10 10.0 1 210
217.1485290912056 262.13651829984013 7 -1 11.0 1 211
264.8155781498914 167.43566032374636 14 7 12.0 1 212
475.8904430920355 115.96366315681627 16 3 11.0 1 213
226.0362999831077 175.5169692906996 -5 -17 12.0 1 214
472.8169395926356 539.0923912669649 -7 9 13.0 1 215
735.1947077188148 286.15577345645363 22 -8 12.0 1 216
639.5659503028518 510.9240977222332 12 7 12.0 1 217
658.5256926399429 241.9700463676657 10 -17 10.0 1 218
574.9133526194507 147.7019241543375 10 -15 10.0 1 219
