400 400 7.0710678118654755 7.0710678118654755 5 2 -1 10 187
742.842712474619 742.842712474619
800.0 400.0 0 0 24.0 1 0
799.4518139018296 420.9343824971775 0 0 24.0 1 1
797.8087581473094 441.8113853070614 0 0 24.0 1 2
795.0753362380551 462.57378601609236 0 0 24.0 1 3
791.2590402935223 483.16467632710373 0 0 24.0 1 4
786.3703305156273 503.5276180410083 0 0 24.0 1 5
780.4226065180615 523.6067977499789 0 0 24.0 1 6
773.4321705988807 543.3471798181201 0 0 24.0 1 7
765.4181830570403 562.6946572303201 0 0 24.0 1 8
756.4026096753471 581.5961998958187 0 0 24.0 1 9
581.5961998958187 756.4026096753471 0 0 24.0 1 10
562.6946572303201 765.4181830570403 0 0 24.0 1 11
543.3471798181201 773.4321705988807 0 0 24.0 1 12
523.606797749979 780.4226065180615 0 0 24.0 1 13
503.5276180410083 786.3703305156273 0 0 24.0 1 14
483.1646763271038 791.2590402935223 0 0 24.0 1 15
462.57378601609236 795.0753362380551 0 0 24.0 1 16
441.8113853070614 797.8087581473094 0 0 24.0 1 17
420.9343824971776 799.4518139018296 0 0 24.0 1 18
400.0 800.0 0 0 24.0 1 19
379.0656175028225 799.4518139018296 0 0 24.0 1 20
358.1886146929386 797.8087581473094 0 0 24.0 1 21
337.4262139839077 795.0753362380551 0 0 24.0 1 22
316.83532367289627 791.2590402935223 0 0 24.0 1 23
296.47238195899166 786.3703305156273 0 0 24.0 1 24
276.3932022500211 780.4226065180615 0 0 24.0 1 25
256.65282018187986 773.4321705988807 0 0 24.0 1 26
237.3053427696799 765.4181830570403 0 0 24.0 1 27
218.4038001041813 756.4026096753471 0 0 24.0 1 28
200.00000000000009 746.4101615137755 0 0 24.0 1 29
182.14438599398918 735.4682271781696 0 0 24.0 1 30
164.8858990830108 723.606797749979 0 0 24.0 1 31
148.27184358006508 710.8583845827884 0 0 24.0 1 32
132.3477574564567 697.2579301909577 0 0 24.0 1 33
117.15728752538104 682.842712474619 0 0 24.0 1 34
102.74206980904233 667.6522425435434 0 0 24.0 1 35
89.14161541721165 651.728156419935 0 0 24.0 1 36
76.39320225002109 635.1141009169893 0 0 24.0 1 37
64.53177282183043 617.8556140060109 0 0 24.0 1 38
53.589838486224494 600.0 0 0 24.0 1 39
43.597390324652906 581.5961998958187 0 0 24.0 1 40
34.58181694295968 562.6946572303202 0 0 24.0 1 41
26.567829401119297 543.3471798181201 0 0 24.0 1 42
19.5773934819386 523.606797749979 0 0 24.0 1 43
13.629669484372698 503.5276180410084 0 0 24.0 1 44
8.740959706477724 483.16467632710373 0 0 24.0 1 45
4.924663761944942 462.5737860160924 0 0 24.0 1 46
2.1912418526906663 441.81138530706147 0 0 24.0 1 47
0.5481860981704472 420.9343824971775 0 0 24.0 1 48
0.0 400.00000000000006 0 0 24.0 1 49
0.5481860981704472 379.0656175028226 0 0 24.0 1 50
2.1912418526906663 358.1886146929386 0 0 24.0 1 51
4.924663761944885 337.4262139839077 0 0 24.0 1 52
8.740959706477781 316.8353236728962 0 0 24.0 1 53
13.629669484372698 296.47238195899166 0 0 24.0 1 54
19.577393481938543 276.3932022500211 0 0 24.0 1 55
26.567829401119297 256.65282018187986 0 0 24.0 1 56
34.58181694295968 237.30534276967992 0 0 24.0 1 57
43.59739032465285 218.40380010418136 0 0 24.0 1 58
53.58983848622455 199.99999999999994 0 0 24.0 1 59
64.53177282183037 182.14438599398918 0 0 24.0 1 60
76.39320225002103 164.8858990830108 0 0 24.0 1 61
89.14161541721171 148.27184358006497 0 0 24.0 1 62
102.74206980904228 132.3477574564567 0 0 24.0 1 63
117.15728752538092 117.15728752538104 0 0 24.0 1 64
132.34775745645675 102.74206980904228 0 0 24.0 1 65
148.27184358006485 89.14161541721177 0 0 24.0 1 66
164.8858990830107 76.39320225002109 0 0 24.0 1 67
182.1443859939892 64.53177282183032 0 0 24.0 1 68
199.99999999999983 53.58983848622461 0 0 24.0 1 69
218.40380010418124 43.597390324652906 0 0 24.0 1 70
237.30534276967995 34.58181694295962 0 0 24.0 1 71
256.65282018187975 26.567829401119354 0 0 24.0 1 72
276.393202250021 19.5773934819386 0 0 24.0 1 73
296.4723819589917 13.629669484372698 0 0 24.0 1 74
316.8353236728961 8.740959706477781 0 0 24.0 1 75
337.4262139839076 4.924663761944942 0 0 24.0 1 76
358.18861469293864 2.1912418526906663 0 0 24.0 1 77
379.0656175028223 0.5481860981704472 0 0 24.0 1 78
399.99999999999994 0.0 0 0 24.0 1 79
420.9343824971776 0.5481860981704472 0 0 24.0 1 80
441.8113853070612 2.1912418526906663 0 0 24.0 1 81
462.5737860160923 4.924663761944885 0 0 24.0 1 82
483.1646763271038 8.740959706477781 0 0 24.0 1 83
503.5276180410081 13.629669484372641 0 0 24.0 1 84
523.6067977499789 19.577393481938543 0 0 24.0 1 85
543.3471798181201 26.567829401119297 0 0 24.0 1 86
562.6946572303199 34.58181694295956 0 0 24.0 1 87
581.5961998958187 43.59739032465279 0 0 24.0 1 88
600.0 53.58983848622455 0 0 24.0 1 89
617.8556140060107 64.53177282183032 0 0 24.0 1 90
635.1141009169892 76.39320225002098 0 0 24.0 1 91
651.728156419935 89.14161541721171 0 0 24.0 1 92
667.6522425435431 102.74206980904216 0 0 24.0 1 93
682.842712474619 117.15728752538092 0 0 24.0 1 94
697.2579301909577 132.34775745645675 0 0 24.0 1 95
710.8583845827882 148.27184358006485 0 0 24.0 1 96
723.6067977499789 164.88589908301066 0 0 24.0 1 97
735.4682271781696 182.1443859939892 0 0 24.0 1 98
746.4101615137754 199.99999999999983 0 0 24.0 1 99
756.4026096753471 218.40380010418122 0 0 24.0 1 100
765.4181830570403 237.30534276967995 0 0 24.0 1 101
773.4321705988806 256.6528201818797 0 0 24.0 1 102
780.4226065180615 276.3932022500209 0 0 24.0 1 103
786.3703305156273 296.4723819589917 0 0 24.0 1 104
791.2590402935223 316.83532367289604 0 0 24.0 1 105
795.0753362380551 337.4262139839076 0 0 24.0 1 106
797.8087581473094 358.18861469293864 0 0 24.0 1 107
799.4518139018296 379.06561750282225 0 0 24.0 1 108
800.0 399.9999999999999 0 0 24.0 1 109
491.4385442180529 650.8545248371717 0 0 10.0 1 110
740.6665519659367 384.92351593906113 0 0 12.0 1 111
734.2189411564843 456.73358240265156 0 0 10.0 1 112
113.10118013765754 392.37981879512154 0 0 11.0 1 113
119.01100778310695 397.5127820893965 0 0 10.0 1 114
496.84128691700505 577.2731371309774 0 0 10.0 1 115
638.0000087514007 260.2430830537066 0 0 13.0 1 116
276.75090630478974 675.7057505807763 0 0 11.0 1 117
604.5833126676201 636.8853481706767 0 0 11.0 1 118
284.6739419324239 277.836583501467 0 0 13.0 1 119
616.0638503711862 542.8195104415979 0 0 12.0 1 120
41.50558969574496 419.04620121190675 0 0 10.0 1 121
457.7529353653269 686.231721611509 0 0 10.0 1 122
143.81505109285632 379.5483019422791 0 0 10.0 1 123
125.99798331346477 544.9927406862553 0 0 13.0 1 124
363.5037347149364 210.48213113206907 0 0 11.0 1 125
541.9109030769245 354.58749524754484 0 0 10.0 1 126
313.6600261149286 517.734484793221 0 0 10.0 1 127
364.6323450979108 197.05880411624966 0 0 10.0 1 128
168.76763386528134 564.886606041059 0 0 11.0 1 129
591.2650920722497 323.49075510375343 0 0 13.0 1 130
417.44591821930914 242.96611850468327 0 0 10.0 1 131
570.6440215445168 295.68979958261764 0 0 10.0 1 132
219.36960610697824 113.13128298461714 0 0 11.0 1 133
564.354053193834 414.58578756044267 0 0 11.0 1 134
566.3998104775083 210.75121381353762 0 0 11.0 1 135
146.00163759293204 655.1172904656362 0 0 10.0 1 136
210.6810250447555 374.7151088217587 0 0 11.0 1 137
248.58090999232724 324.9449589884311 0 0 13.0 1 138
303.45393392106297 610.9570030235582 0 0 11.0 1 139
560.4897899312365 387.1926845971697 0 0 13.0 1 140
255.4386154789205 213.45776321339827 0 0 13.0 1 141
548.6661228354176 640.8056974431555 0 0 12.0 1 142
564.2890512238345 553.7338858156272 0 0 12.0 1 143
478.3438343508803 522.013292797145 0 0 12.0 1 144
351.27715466015263 169.0842483891813 0 0 11.0 1 145
467.96723719582917 567.754149480619 0 0 10.0 1 146
118.25063965150451 487.4202376067101 0 0 11.0 1 147
390.33579009986045 711.8502894771882 0 0 12.0 1 148
559.0351697578651 342.82645034557476 0 0 13.0 1 149
339.5272665920959 597.9698171797321 0 0 12.0 1 150
440.770580707916 622.2920595719498 0 0 10.0 1 151
239.03243817229387 345.32419146236975 0 0 13.0 1 152
224.1503658847775 505.3655834774447 0 0 11.0 1 153
152.6634743234518 206.55583992724354 0 0 11.0 1 154
756.5984911720764 431.6467390705363 4 18 12.0 1 155
401.60652836966244 37.003555022094645 -5 20 10.0 1 156
597.9168926972021 473.1430351098734 10 -13 10.0 1 157
401.1152758929888 148.00246794922273 21 -12 10.0 1 158
414.65739925159767 205.55165043853094 12 -12 12.0 1 159
406.6840987949113 615.8965558393645 -17 11 13.0 1 160
478.42981081020355 126.00407890576969 -8 22 11.0 1 161
304.12014992132345 95.75001339541438 9 8 10.0 1 162
235.96428441072462 600.4327418639838 2 -2 12.0 1 163
107.70274844238031 608.4306041152824 -14 -7 11.0 1 164
570.0796876526243 271.7740281846702 3 -13 11.0 1 165
137.35854365925394 497.0539304263973 18 -9 13.0 1 166
290.53531795076685 268.62845291365295 14 -6 10.0 1 167
465.70510450107423 570.7976558460417 3 22 12.0 1 168
310.00330412762094 193.7826517189824 20 19 11.0 1 169
37.12797348421498 390.36193108930007 9 19 13.0 1 170
354.26463623142155 540.7560886816475 20 21 11.0 1 171
538.8232233136773 451.3041194135605 -11 0 11.0 1 172
614.9736525580458 672.3881948724147 16 0 13.0 1 173
179.76061026054995 563.004942278431 -4 -10 11.0 1 174
330.4995100340444 203.9548983154843 3 -16 11.0 1 175
400.65500330223153 252.00144943049588 12 5 11.0 1 176
460.4179891505382 136.8466861561393 -4 -9 11.0 1 177
492.5619826809425 541.3975931979498 -6 -6 10.0 1 178
210.3047592025175 540.3984174368968 -15 14 12.0 1 179
373.9632628670037 708.9046589474934 -15 1 12.0 1 180
187.39397952077724 585.2638120518637 -2 7 10.0 1 181
742.3680845235962 526.527051256416 11 -12 13.0 1 182
388.2787698198569 244.44096695124355 -14 2 12.0 1 183
39.642731237437886 451.3676829337917 8 11 13.0 1 184
248.45427240084382 470.16332693396424 -16 -3 10.0 1 185
282.0855641782434 352.82812464151084 -17 -11 11.0 1 186
141.73945958210703 542.5710112998356 1 -15 10.0 1 187
517.5171096002912 86.28878096058924 5 -2 10.0 1 188
548.5712593549181 231.02786947637287 5 16 13.0 1 189
369.50725406980683 566.2263289784044 21 2 12.0 1 190
194.060610593614 181.8510419669053 12 -6 10.0 1 191
278.414353413853 733.5295047581676 -12 -17 10.0 1 192
529.974031854584 737.862029597088 -3 21 11.0 1 193
644.5270958182778 434.8640131178097 -16 -3 12.0 1 194
496.48004558579174 487.1297928596387 -17 -7 12.0 1 195
400.75236865796865 230.0016648863804 -1 8 12.0 1 196
465.77096415311803 170.2279819595753 -9 -1 12.0 1 197
480.5367967507316 98.57368335009073 12 8 12.0 1 198
460.13638331820397 196.70805377141465 19 19 12.0 1 199
570.2845543930777 195.64939311283908 1 18 10.0 1 200
563.7986071163035 262.28283946160207 22 11 12.0 1 201
270.6857769032126 330.0941225298309 -5 2 13.0 1 202
561.0818597847067 488.9305034749051 -6 -4 12.0 1 203
333.1093140249553 82.98006982243533 -3 1 12.0 1 204
645.0684721284952 574.7639664479066 19 -11 12.0 1 205
443.64581286060405 61.80472649704706 8 6 12.0 1 206
401.54899429581775 50.00342770725376 17 -16 13.0 1 207
583.8200749610919 391.86488836594503 8 -2 11.0 1 208
667.3815158013285 298.4956897083485 -4 7 13.0 1 209
396.2656713419024 231.04126305670573 17 -17 11.0 1 210
478.0025238374246 221.28064941089337 -10 14 13.0 1 211
443.6188832566318 224.33442846293323 -16 -6 12.0 1 212
182.36697966772783 493.8342605930947 -11 1 13.0 1 213
391.7633126942504 193.163936939838 -9 -4 12.0 1 214
356.807443089138 661.4563118907286 10 -3 11.0 1 215
334.6001294918861 524.9153991208527 13 9 12.0 1 216
416.89383219971074 247.9355451342819 -14 5 11.0 1 217
404.1726807389852 714.9723618596566 6 9 10.0 1 218
602.1500438191946 200.52228248774824 13 1 11.0 1 219
