400 400 -7.071067811865475 7.0710678118654755 5 2 -1 10 187
57.15728752538104 742.842712474619
800.0 400.0 0 0 24.0 1 0
799.4518139018296 420.9343824971775 0 0 24.0 1 1
797.8087581473094 441.8113853070614 0 0 24.0 1 2
795.0753362380551 462.57378601609236 0 0 24.0 1 3
791.2590402935223 483.16467632710373 0 0 24.0 1 4
786.3703305156273 503.5276180410083 0 0 24.0 1 5
780.4226065180615 523.6067977499789 0 0 24.0 1 6
773.4321705988807 543.3471798181201 0 0 24.0 1 7
765.4181830570403 562.6946572303201 0 0 24.0 1 8
756.4026096753471 581.5961998958187 0 0 24.0 1 9
746.4101615137755 600.0 0 0 24.0 1 10
735.4682271781696 617.8556140060108 0 0 24.0 1 11
723.606797749979 635.1141009169893 0 0 24.0 1 12
710.8583845827884 651.728156419935 0 0 24.0 1 13
697.2579301909577 667.6522425435433 0 0 24.0 1 14
682.842712474619 682.842712474619 0 0 24.0 1 15
667.6522425435433 697.2579301909577 0 0 24.0 1 16
651.728156419935 710.8583845827884 0 0 24.0 1 17
635.1141009169893 723.606797749979 0 0 24.0 1 18
617.8556140060108 735.4682271781696 0 0 24.0 1 19
600.0 746.4101615137754 0 0 24.0 1 20
581.5961998958187 756.4026096753471 0 0 24.0 1 21
562.6946572303201 765.4181830570403 0 0 24.0 1 22
543.3471798181201 773.4321705988807 0 0 24.0 1 23
523.606797749979 780.4226065180615 0 0 24.0 1 24
503.5276180410083 786.3703305156273 0 0 24.0 1 25
483.1646763271038 791.2590402935223 0 0 24.0 1 26
462.57378601609236 795.0753362380551 0 0 24.0 1 27
441.8113853070614 797.8087581473094 0 0 24.0 1 28
420.9343824971776 799.4518139018296 0 0 24.0 1 29
400.0 800.0 0 0 24.0 1 30
379.0656175028225 799.4518139018296 0 0 24.0 1 31
358.1886146929386 797.8087581473094 0 0 24.0 1 32
337.4262139839077 795.0753362380551 0 0 24.0 1 33
316.83532367289627 791.2590402935223 0 0 24.0 1 34
296.47238195899166 786.3703305156273 0 0 24.0 1 35
276.3932022500211 780.4226065180615 0 0 24.0 1 36
256.65282018187986 773.4321705988807 0 0 24.0 1 37
237.3053427696799 765.4181830570403 0 0 24.0 1 38
218.4038001041813 756.4026096753471 0 0 24.0 1 39
43.597390324652906 581.5961998958187 0 0 24.0 1 40
34.58181694295968 562.6946572303202 0 0 24.0 1 41
26.567829401119297 543.3471798181201 0 0 24.0 1 42
19.5773934819386 523.606797749979 0 0 24.0 1 43
13.629669484372698 503.5276180410084 0 0 24.0 1 44
8.740959706477724 483.16467632710373 0 0 24.0 1 45
4.924663761944942 462.5737860160924 0 0 24.0 1 46
2.1912418526906663 441.81138530706147 0 0 24.0 1 47
0.5481860981704472 420.9343824971775 0 0 24.0 1 48
0.0 400.00000000000006 0 0 24.0 1 49
0.5481860981704472 379.0656175028226 0 0 24.0 1 50
2.1912418526906663 358.1886146929386 0 0 24.0 1 51
4.924663761944885 337.4262139839077 0 0 24.0 1 52
8.740959706477781 316.8353236728962 0 0 24.0 1 53
13.629669484372698 296.47238195899166 0 0 24.0 1 54
19.577393481938543 276.3932022500211 0 0 24.0 1 55
26.567829401119297 256.65282018187986 0 0 24.0 1 56
34.58181694295968 237.30534276967992 0 0 24.0 1 57
43.59739032465285 218.40380010418136 0 0 24.0 1 58
53.58983848622455 199.99999999999994 0 0 24.0 1 59
64.53177282183037 182.14438599398918 0 0 24.0 1 60
76.39320225002103 164.8858990830108 0 0 24.0 1 61
89.14161541721171 148.27184358006497 0 0 24.0 1 62
102.74206980904228 132.3477574564567 0 0 24.0 1 63
117.15728752538092 117.15728752538104 0 0 24.0 1 64
132.34775745645675 102.74206980904228 0 0 24.0 1 65
148.27184358006485 89.14161541721177 0 0 24.0 1 66
164.8858990830107 76.39320225002109 0 0 24.0 1 67
182.1443859939892 64.53177282183032 0 0 24.0 1 68
199.99999999999983 53.58983848622461 0 0 24.0 1 69
218.40380010418124 43.597390324652906 0 0 24.0 1 70
237.30534276967995 34.58181694295962 0 0 24.0 1 71
256.65282018187975 26.567829401119354 0 0 24.0 1 72
276.393202250021 19.5773934819386 0 0 24.0 1 73
296.4723819589917 13.629669484372698 0 0 24.0 1 74
316.8353236728961 8.740959706477781 0 0 24.0 1 75
337.4262139839076 4.924663761944942 0 0 24.0 1 76
358.18861469293864 2.1912418526906663 0 0 24.0 1 77
379.0656175028223 0.5481860981704472 0 0 24.0 1 78
399.99999999999994 0.0 0 0 24.0 1 79
420.9343824971776 0.5481860981704472 0 0 24.0 1 80
441.8113853070612 2.1912418526906663 0 0 24.0 1 81
462.5737860160923 4.924663761944885 0 0 24.0 1 82
483.1646763271038 8.740959706477781 0 0 24.0 1 83
503.5276180410081 13.629669484372641 0 0 24.0 1 84
523.6067977499789 19.577393481938543 0 0 24.0 1 85
543.3471798181201 26.567829401119297 0 0 24.0 1 86
562.6946572303199 34.58181694295956 0 0 24.0 1 87
581.5961998958187 43.59739032465279 0 0 24.0 1 88
600.0 53.58983848622455 0 0 24.0 1 89
617.8556140060107 64.53177282183032 0 0 24.0 1 90
635.1141009169892 76.39320225002098 0 0 24.0 1 91
651.728156419935 89.14161541721171 0 0 24.0 1 92
667.6522425435431 102.74206980904216 0 0 24.0 1 93
682.842712474619 117.15728752538092 0 0 24.0 1 94
697.2579301909577 132.34775745645675 0 0 24.0 1 95
710.8583845827882 148.27184358006485 0 0 24.0 1 96
723.6067977499789 164.88589908301066 0 0 24.0 1 97
735.4682271781696 182.1443859939892 0 0 24.0 1 98
746.4101615137754 199.99999999999983 0 0 24.0 1 99
756.4026096753471 218.40380010418122 0 0 24.0 1 100
765.4181830570403 237.30534276967995 0 0 24.0 1 101
773.4321705988806 256.6528201818797 0 0 24.0 1 102
780.4226065180615 276.3932022500209 0 0 24.0 1 103
786.3703305156273 296.4723819589917 0 0 24.0 1 104
791.2590402935223 316.83532367289604 0 0 24.0 1 105
795.0753362380551 337.4262139839076 0 0 24.0 1 106
797.8087581473094 358.18861469293864 0 0 24.0 1 107
799.4518139018296 379.06561750282225 0 0 24.0 1 108
800.0 399.9999999999999 0 0 24.0 1 109
377.84777913074623 616.8715728502926 0 0 13.0 1 110
302.73437397886437 201.55505046810444 0 0 10.0 1 111
659.7457580971952 388.5047335605745 0 0 10.0 1 112
394.8581447326181 565.9203463244014 0 0 12.0 1 113
508.5552021364674 213.26015934163726 0 0 11.0 1 114
321.1978542226641 527.6331532983789 0 0 10.0 1 115
112.62780379174978 430.63039089608435 0 0 13.0 1 116
620.4121464952643 689.6799711359937 0 0 10.0 1 117
187.80422818537133 338.2427783656516 0 0 10.0 1 118
514.5917612486123 57.670147001549026 0 0 11.0 1 119
367.4705283531128 268.97773672243954 0 0 13.0 1 120
505.2784759806559 303.2247836727272 0 0 12.0 1 121
577.7594586306179 676.843954001798 0 0 13.0 1 122
175.63477987375663 625.3536065779786 0 0 10.0 1 123
133.6138924263725 454.97673773307923 0 0 12.0 1 124
271.1347907991778 563.2720363614919 0 0 12.0 1 125
577.0027162316834 551.5224024578747 0 0 11.0 1 126
126.82379241733355 461.4390723461213 0 0 10.0 1 127
194.7043442980672 701.7924680138877 0 0 12.0 1 128
355.5165585841877 258.84326640288816 0 0 10.0 1 129
407.5894773978508 57.08397553799341 0 0 12.0 1 130
674.3789870674514 595.6659690795499 0 0 13.0 1 131
538.7978550391832 375.1775215475592 0 0 12.0 1 132
508.7471760480306 109.70006596353034 0 0 11.0 1 133
376.96653586706714 221.47980638023915 0 0 11.0 1 134
466.459788065592 110.53135477175323 0 0 13.0 1 135
457.0158717761188 275.42797117486936 0 0 10.0 1 136
180.90385404165565 344.56644674748094 0 0 13.0 1 137
243.24850761263346 277.4032233933805 0 0 12.0 1 138
696.0696236250623 200.52123429669518 0 0 13.0 1 139
478.05758955960926 506.4472297062896 0 0 10.0 1 140
321.4527136247593 728.746595120141 0 0 10.0 1 141
487.18379196518697 307.65290248973173 0 0 11.0 1 142
245.58427459976392 602.93048994451 0 0 11.0 1 143
542.0965126238913 348.91594084131236 0 0 11.0 1 144
666.3068371462216 437.96930983275627 0 0 10.0 1 145
377.6444524548948 736.2576831746132 0 0 13.0 1 146
540.9837479256003 493.1911091298457 0 0 11.0 1 147
426.81862577590806 662.6342729186192 0 0 13.0 1 148
119.53921235600143 382.6003852310479 0 0 12.0 1 149
305.9918124358326 253.58121476087732 0 0 11.0 1 150
256.91908406008844 469.34588303422174 0 0 13.0 1 151
370.2542820827491 524.4957519981599 0 0 10.0 1 152
557.4013496007083 189.30160146817528 0 0 13.0 1 153
193.89977663749846 143.55566309640028 0 0 12.0 1 154
375.7270418340777 687.9788594704052 -2 9 11.0 1 155
289.28595530472734 586.6317237428116 7 1 10.0 1 156
308.8033481826559 191.0330870752355 8 -8 13.0 1 157
398.751662684477 116.00274358024745 0 13 11.0 1 158
552.8139701452952 425.94013354693504 -4 10 10.0 1 159
159.42596320299634 293.73084728297715 7 -11 10.0 1 160
568.8690549861199 354.0844006018125 -9 15 13.0 1 161
564.7871855161591 677.8024180774223 4 -6 10.0 1 162
621.2060972617669 148.4192723314885 -9 14 10.0 1 163
222.9595690817529 698.4387471832057 19 -16 10.0 1 164
730.0418018216193 567.2495412559897 -12 11 10.0 1 165
451.82032449184766 527.9009537476543 22 -13 10.0 1 166
570.8836603340477 661.0417105192919 9 4 13.0 1 167
442.3796170693731 251.94606368943346 13 13 13.0 1 168
337.69029074920013 546.2822618538584 20 15 13.0 1 169
265.20408172312636 58.65111628145843 6 -1 11.0 1 170
173.50778243221617 373.82223498410013 11 6 13.0 1 171
575.9405854496694 304.89526619758834 -13 20 13.0 1 172
395.764717635844 718.9718833742182 14 -15 11.0 1 173
647.0853489313204 525.2111430484031 -6 0 11.0 1 174
348.7022271244323 557.8750724402262 13 -4 12.0 1 175
556.8184489768153 197.65382617774554 14 3 12.0 1 176
228.30653353635708 366.142156393268 16 -2 12.0 1 177
375.5186927938657 577.3179787767695 16 6 10.0 1 178
237.76075489315056 96.66120039276274 -17 -12 12.0 1 179
697.0 400.0 11 22 13.0 1 180
165.8068841904693 676.0390995989948 7 -12 10.0 1 181
234.47834920965752 298.8141160060361 16 19 10.0 1 182
519.4517658412202 562.8965181868978 13 0 13.0 1 183
147.5587657995524 527.9156881518243 3 9 11.0 1 184
462.74384864816284 180.80326312461574 0 3 11.0 1 185
663.3407929872662 557.7993242977858 9 3 10.0 1 186
278.78776991382415 513.4177908334312 6 7 11.0 1 187
320.13155312417956 517.4096724875947 3 12 11.0 1 188
608.7558808652118 301.0960961124917 22 -10 12.0 1 189
390.5328525468075 274.3561656144659 18 -7 13.0 1 190
350.3624358573425 200.06973159127813 -13 -9 11.0 1 191
285.67218938317274 518.9712222327857 3 13 11.0 1 192
208.88221764414064 283.166814357485 14 -13 12.0 1 193
531.141138406909 630.2759253967724 12 -9 12.0 1 194
188.03940437815746 245.9977081221395 -1 10 11.0 1 195
151.3553566146108 446.74228616309466 -5 -15 10.0 1 196
512.0324071577247 116.32106220861976 -13 -1 12.0 1 197
550.7971831828401 461.88060717317643 21 -2 13.0 1 198
220.11261694599742 406.3662719061117 0 18 12.0 1 199
184.69142359550807 529.0085924528713 4 -7 10.0 1 200
103.844806202482 595.7475445229252 6 14 10.0 1 201
142.23066377089452 597.9393071120701 3 -11 12.0 1 202
203.81925915939632 677.6924862563478 10 -3 13.0 1 203
594.0505060344669 322.37654279943916 16 11 10.0 1 204
291.5601288363608 681.8595294504221 14 -6 13.0 1 205
199.55232764445097 187.6683475144545 -14 6 13.0 1 206
249.66570981531066 246.29703582993068 -13 -10 12.0 1 207
518.158124204177 283.4038693414303 12 -10 13.0 1 208
362.632055057151 222.89935999339752 -7 7 10.0 1 209
589.5500341009899 619.4784376022245 -16 -9 11.0 1 210
664.9014318956843 603.4286886838141 -8 10 13.0 1 211
701.8138067741316 426.78480988372206 16 18 13.0 1 212
293.90098094742063 63.322115136618436 11 7 12.0 1 213
300.626228813813 511.021860911423 9 -8 12.0 1 214
315.93833901747723 583.6780802187877 -12 18 10.0 1 215
384.85926188294127 548.2287355719891 -13 -9 13.0 1 216
263.2970991809944 612.888038432574 -9 -10 10.0 1 217
713.9502613463826 588.1255788045264 -5 20 10.0 1 218
556.3409843709162 325.92911094138987 -2 0 11.0 1 219
