400 400 -7.071067811865475 -7.071067811865477 5 2 -1 10 187
57.15728752538104 57.15728752538092
800.0 400.0 0 0 24.0 1 0
799.4518139018296 420.9343824971775 0 0 24.0 1 1
797.8087581473094 441.8113853070614 0 0 24.0 1 2
795.0753362380551 462.57378601609236 0 0 24.0 1 3
791.2590402935223 483.16467632710373 0 0 24.0 1 4
786.3703305156273 503.5276180410083 0 0 24.0 1 5
780.4226065180615 523.6067977499789 0 0 24.0 1 6
773.4321705988807 543.3471798181201 0 0 24.0 1 7
765.4181830570403 562.6946572303201 0 0 24.0 1 8
756.4026096753471 581.5961998958187 0 0 24.0 1 9
746.4101615137755 600.0 0 0 24.0 1 10
735.4682271781696 617.8556140060108 0 0 24.0 1 11
723.606797749979 635.1141009169893 0 0 24.0 1 12
710.8583845827884 651.728156419935 0 0 24.0 1 13
697.2579301909577 667.6522425435433 0 0 24.0 1 14
682.842712474619 682.842712474619 0 0 24.0 1 15
667.6522425435433 697.2579301909577 0 0 24.0 1 16
651.728156419935 710.8583845827884 0 0 24.0 1 17
635.1141009169893 723.606797749979 0 0 24.0 1 18
617.8556140060108 735.4682271781696 0 0 24.0 1 19
600.0 746.4101615137754 0 0 24.0 1 20
581.5961998958187 756.4026096753471 0 0 24.0 1 21
562.6946572303201 765.4181830570403 0 0 24.0 1 22
543.3471798181201 773.4321705988807 0 0 24.0 1 23
523.606797749979 780.4226065180615 0 0 24.0 1 24
503.5276180410083 786.3703305156273 0 0 24.0 1 25
483.1646763271038 791.2590402935223 0 0 24.0 1 26
462.57378601609236 795.0753362380551 0 0 24.0 1 27
441.8113853070614 797.8087581473094 0 0 24.0 1 28
420.9343824971776 799.4518139018296 0 0 24.0 1 29
400.0 800.0 0 0 24.0 1 30
379.0656175028225 799.4518139018296 0 0 24.0 1 31
358.1886146929386 797.8087581473094 0 0 24.0 1 32
337.4262139839077 795.0753362380551 0 0 24.0 1 33
316.83532367289627 791.2590402935223 0 0 24.0 1 34
296.47238195899166 786.3703305156273 0 0 24.0 1 35
276.3932022500211 780.4226065180615 0 0 24.0 1 36
256.65282018187986 773.4321705988807 0 0 24.0 1 37
237.3053427696799 765.4181830570403 0 0 24.0 1 38
218.4038001041813 756.4026096753471 0 0 24.0 1 39
200.00000000000009 746.4101615137755 0 0 24.0 1 40
182.14438599398918 735.4682271781696 0 0 24.0 1 41
164.8858990830108 723.606797749979 0 0 24.0 1 42
148.27184358006508 710.8583845827884 0 0 24.0 1 43
132.3477574564567 697.2579301909577 0 0 24.0 1 44
117.15728752538104 682.842712474619 0 0 24.0 1 45
102.74206980904233 667.6522425435434 0 0 24.0 1 46
89.14161541721165 651.728156419935 0 0 24.0 1 47
76.39320225002109 635.1141009169893 0 0 24.0 1 48
64.53177282183043 617.8556140060109 0 0 24.0 1 49
53.589838486224494 600.0 0 0 24.0 1 50
43.597390324652906 581.5961998958187 0 0 24.0 1 51
34.58181694295968 562.6946572303202 0 0 24.0 1 52
26.567829401119297 543.3471798181201 0 0 24.0 1 53
19.5773934819386 523.606797749979 0 0 24.0 1 54
13.629669484372698 503.5276180410084 0 0 24.0 1 55
8.740959706477724 483.16467632710373 0 0 24.0 1 56
4.924663761944942 462.5737860160924 0 0 24.0 1 57
2.1912418526906663 441.81138530706147 0 0 24.0 1 58
0.5481860981704472 420.9343824971775 0 0 24.0 1 59
0.0 400.00000000000006 0 0 24.0 1 60
0.5481860981704472 379.0656175028226 0 0 24.0 1 61
2.1912418526906663 358.1886146929386 0 0 24.0 1 62
4.924663761944885 337.4262139839077 0 0 24.0 1 63
8.740959706477781 316.8353236728962 0 0 24.0 1 64
13.629669484372698 296.47238195899166 0 0 24.0 1 65
19.577393481938543 276.3932022500211 0 0 24.0 1 66
26.567829401119297 256.65282018187986 0 0 24.0 1 67
34.58181694295968 237.30534276967992 0 0 24.0 1 68
43.59739032465285 218.40380010418136 0 0 24.0 1 69
218.40380010418124 43.597390324652906 0 0 24.0 1 70
237.30534276967995 34.58181694295962 0 0 24.0 1 71
256.65282018187975 26.567829401119354 0 0 24.0 1 72
276.393202250021 19.5773934819386 0 0 24.0 1 73
296.4723819589917 13.629669484372698 0 0 24.0 1 74
316.8353236728961 8.740959706477781 0 0 24.0 1 75
337.4262139839076 4.924663761944942 0 0 24.0 1 76
358.18861469293864 2.1912418526906663 0 0 24.0 1 77
379.0656175028223 0.5481860981704472 0 0 24.0 1 78
399.99999999999994 0.0 0 0 24.0 1 79
420.9343824971776 0.5481860981704472 0 0 24.0 1 80
441.8113853070612 2.1912418526906663 0 0 24.0 1 81
462.5737860160923 4.924663761944885 0 0 24.0 1 82
483.1646763271038 8.740959706477781 0 0 24.0 1 83
503.5276180410081 13.629669484372641 0 0 24.0 1 84
523.6067977499789 19.577393481938543 0 0 24.0 1 85
543.3471798181201 26.567829401119297 0 0 24.0 1 86
562.6946572303199 34.58181694295956 0 0 24.0 1 87
581.5961998958187 43.59739032465279 0 0 24.0 1 88
600.0 53.58983848622455 0 0 24.0 1 89
617.8556140060107 64.53177282183032 0 0 24.0 1 90
635.1141009169892 76.39320225002098 0 0 24.0 1 91
651.728156419935 89.14161541721171 0 0 24.0 1 92
667.6522425435431 102.74206980904216 0 0 24.0 1 93
682.842712474619 117.15728752538092 0 0 24.0 1 94
697.2579301909577 132.34775745645675 0 0 24.0 1 95
710.8583845827882 148.27184358006485 0 0 24.0 1 96
723.6067977499789 164.88589908301066 0 0 24.0 1 97
735.4682271781696 182.1443859939892 0 0 24.0 1 98
746.4101615137754 199.99999999999983 0 0 24.0 1 99
756.4026096753471 218.40380010418122 0 0 24.0 1 100
765.4181830570403 237.30534276967995 0 0 24.0 1 101
773.4321705988806 256.6528201818797 0 0 24.0 1 102
780.4226065180615 276.3932022500209 0 0 24.0 1 103
786.3703305156273 296.4723819589917 0 0 24.0 1 104
791.2590402935223 316.83532367289604 0 0 24.0 1 105
795.0753362380551 337.4262139839076 0 0 24.0 1 106
797.8087581473094 358.18861469293864 0 0 24.0 1 107
799.4518139018296 379.06561750282225 0 0 24.0 1 108
800.0 399.9999999999999 0 0 24.0 1 109
353.4726481627855 133.02396075487212 0 0 12.0 1 110
308.5315090669741 730.5790603871258 0 0 13.0 1 111
318.3780836455561 582.5865897885936 0 0 12.0 1 112
255.749455264262 604.1856516590792 0 0 10.0 1 113
503.4049606283442 256.34620047680403 0 0 12.0 1 114
389.9752965047683 605.7559362930574 0 0 13.0 1 115
675.4812552661823 518.7858493128222 0 0 12.0 1 116
474.5771183493514 139.46352766127575 0 0 12.0 1 117
571.0157889038346 513.0424696545466 0 0 11.0 1 118
87.08312046556182 363.8333509648752 0 0 10.0 1 119
152.1901545500097 455.73401562826723 0 0 11.0 1 120
163.11656679874528 207.87702096108677 0 0 11.0 1 121
500.0397430423178 321.7628616830406 0 0 12.0 1 122
521.6696403272373 275.61150124452536 0 0 11.0 1 123
600.2192878541096 452.5474715965784 0 0 10.0 1 124
197.5083013111659 414.3565999495152 0 0 11.0 1 125
445.46100149732223 647.8654823545636 0 0 11.0 1 126
78.09801664553402 512.5171680787475 0 0 10.0 1 127
439.3776232304165 275.05840248850916 0 0 11.0 1 128
425.7011830352452 651.6911782136768 0 0 11.0 1 129
447.3939863452946 128.0996321107637 0 0 13.0 1 130
347.5904451981038 603.3549570712921 0 0 12.0 1 131
320.7564623246605 508.0576778239151 0 0 13.0 1 132
580.147262461354 587.4752352383642 0 0 12.0 1 133
332.87102329328224 584.145867415777 0 0 11.0 1 134
661.0459683888562 662.211751048507 0 0 10.0 1 135
428.53651822920307 217.21414954282056 0 0 13.0 1 136
247.138203155277 364.19118732207613 0 0 12.0 1 137
221.09422238424287 92.21968429462345 0 0 11.0 1 138
110.37445331061207 189.56938743406846 0 0 12.0 1 139
194.64854425514872 166.43677596104652 0 0 12.0 1 140
350.76385142900364 756.6171640203186 0 0 11.0 1 141
224.02320812790128 564.6607686196201 0 0 12.0 1 142
477.747654345024 525.9337216310495 0 0 13.0 1 143
138.72200682718204 246.56333461787926 0 0 10.0 1 144
216.27275879923758 154.04614082971406 0 0 11.0 1 145
205.00838336016045 697.849407318836 0 0 11.0 1 146
495.07316738959935 598.3963024920304 0 0 11.0 1 147
550.6352322753959 729.1702094621223 0 0 10.0 1 148
268.6351311819991 518.6266042691495 0 0 10.0 1 149
212.47682314135312 139.46965984584318 0 0 12.0 1 150
582.7348745081867 604.1665144887311 0 0 10.0 1 151
484.9847591000022 286.23888748471825 0 0 11.0 1 152
362.66592206815267 534.930228729439 0 0 11.0 1 153
619.0 400.0 0 0 12.0 1 154
463.2420359100296 163.30305263068024 0 9 10.0 1 155
656.0509880926438 472.0686582141 -7 -7 12.0 1 156
250.55287819985486 262.61529275187655 19 -6 13.0 1 157
602.2613686641857 108.254667996058 8 0 10.0 1 158
280.54332380284643 562.8929173166482 2 -6 12.0 1 159
581.5079618799107 220.8914860365345 -8 -14 11.0 1 160
730.3955146989191 300.6833152645723 6 10 10.0 1 161
341.23338712724853 251.1830479701181 12 10 11.0 1 162
722.3807963750791 380.0094490178532 -1 -8 10.0 1 163
684.3787840928499 219.17492663385343 -1 -16 11.0 1 164
185.02908816829876 682.5110742364748 6 21 12.0 1 165
581.8005194407131 338.25397882383925 -11 -3 11.0 1 166
672.9126160722763 637.8291487362017 1 -17 10.0 1 167
190.36362216196855 656.1514963589909 -1 16 13.0 1 168
492.61049831187125 152.77683036894197 -6 12 10.0 1 169
156.0498174016654 529.0903110626015 -14 10 10.0 1 170
41.30276989120614 309.24595263968115 3 22 10.0 1 171
183.1378686743033 161.97727840208978 -14 -10 10.0 1 172
165.75819901455384 160.50933489779896 7 17 10.0 1 173
509.78166745874455 279.5135464461767 22 -16 10.0 1 174
274.3187717974629 472.31340731497716 -8 -8 11.0 1 175
454.84753195339795 115.23387097721576 1 19 11.0 1 176
461.64307937363367 184.6488199119032 2 16 10.0 1 177
437.1803675529634 764.1066056371767 5 3 13.0 1 178
354.6996987435941 217.53936669495286 16 11 13.0 1 179
479.79468465470535 618.9105029477939 22 -2 12.0 1 180
407.5196111442752 642.8836253192851 4 -4 10.0 1 181
496.757047743939 680.7972110115717 1 -4 11.0 1 182
399.397809111878 263.0013234876546 -9 19 13.0 1 183
477.4526031708072 168.61915753013287 2 13 12.0 1 184
606.8758863675826 209.83331616808624 0 -6 12.0 1 185
276.77975556447825 645.8490824901535 -4 -11 10.0 1 186
595.4317114694951 596.3044730822608 14 10 13.0 1 187
100.17756162250333 426.59897451730444 20 -13 13.0 1 188
279.389733279669 439.77641966857504 8 -17 11.0 1 189
687.0718443488136 628.6454814383407 0 7 12.0 1 190
478.57442537331366 134.37797591831065 22 -16 12.0 1 191
430.8131132842584 765.704186535691 18 -6 13.0 1 192
430.37412540528976 697.4532106161635 0 12 10.0 1 193
170.00000010449844 399.99306679872734 1 20 12.0 1 194
172.3303664603923 510.3428201739503 17 -2 10.0 1 195
339.9222542631543 115.2691367849651 -6 12 13.0 1 196
521.2436939988405 612.8966102724878 -3 0 10.0 1 197
550.3539008919719 354.8037115841677 8 -3 10.0 1 198
336.0376641570528 533.4646754520238 17 2 11.0 1 199
224.47325933284077 257.64002208919874 5 -16 12.0 1 200
266.3387841470525 430.06126039792366 -6 19 11.0 1 201
441.6983412630943 259.03813162451866 2 22 10.0 1 202
286.6342281126348 710.9810311970521 22 -10 11.0 1 203
612.2001320485504 251.50049172277446 3 -7 11.0 1 204
508.6521779082482 336.1979292201704 -3 -5 12.0 1 205
369.1983000735766 69.43192035279242 -6 8 10.0 1 206
268.8880519194647 154.85992357322107 -10 3 13.0 1 207
623.4411967710403 315.1764679730604 1 -17 12.0 1 208
657.3619125131894 524.743120000878 -1 21 10.0 1 209
438.526924608521 265.4055124449395 -16 8 13.0 1 210
364.94258623902505 743.2141863915182 -13 14 13.0 1 211
478.6465715470989 571.85958449818 -10 0 13.0 1 212
558.0435931094465 196.07299669475918 -9 10 11.0 1 213
282.1401460186431 270.63982521852705 -7 9 10.0 1 214
628.5943148917379 303.83015441846123 5 10 11.0 1 215
340.4021880667357 263.4382893605706 6 -1 10.0 1 216
527.1089374492841 586.8671132663903 -16 -9 12.0 1 217
488.9957746707819 619.655985784015 7 9 11.0 1 218
183.76151361620487 519.3730162408793 -12 -6 11.0 1 219
