400 400 7.0710678118654755 7.0710678118654755 5 2 -1 10 187
742.842712474619 742.842712474619
800.0 400.0 0 0 24.0 1 0
799.4518139018296 420.9343824971775 0 0 24.0 1 1
797.8087581473094 441.8113853070614 0 0 24.0 1 2
795.0753362380551 462.57378601609236 0 0 24.0 1 3
791.2590402935223 483.16467632710373 0 0 24.0 1 4
786.3703305156273 503.5276180410083 0 0 24.0 1 5
780.4226065180615 523.6067977499789 0 0 24.0 1 6
773.4321705988807 543.3471798181201 0 0 24.0 1 7
765.4181830570403 562.6946572303201 0 0 24.0 1 8
756.4026096753471 581.5961998958187 0 0 24.0 1 9
581.5961998958187 756.4026096753471 0 0 24.0 1 10
562.6946572303201 765.4181830570403 0 0 24.0 1 11
543.3471798181201 773.4321705988807 0 0 24.0 1 12
523.606797749979 780.4226065180615 0 0 24.0 1 13
503.5276180410083 786.3703305156273 0 0 24.0 1 14
483.1646763271038 791.2590402935223 0 0 24.0 1 15
462.57378601609236 795.0753362380551 0 0 24.0 1 16
441.8113853070614 797.8087581473094 0 0 24.0 1 17
420.9343824971776 799.4518139018296 0 0 24.0 1 18
400.0 800.0 0 0 24.0 1 19
379.0656175028225 799.4518139018296 0 0 24.0 1 20
358.1886146929386 797.8087581473094 0 0 24.0 1 21
337.4262139839077 795.0753362380551 0 0 24.0 1 22
316.83532367289627 791.2590402935223 0 0 24.0 1 23
296.47238195899166 786.3703305156273 0 0 24.0 1 24
276.3932022500211 780.4226065180615 0 0 24.0 1 25
256.65282018187986 773.4321705988807 0 0 24.0 1 26
237.3053427696799 765.4181830570403 0 0 24.0 1 27
218.4038001041813 756.4026096753471 0 0 24.0 1 28
200.00000000000009 746.4101615137755 0 0 24.0 1 29
182.14438599398918 735.4682271781696 0 0 24.0 1 30
164.8858990830108 723.606797749979 0 0 24.0 1 31
148.27184358006508 710.8583845827884 0 0 24.0 1 32
132.3477574564567 697.2579301909577 0 0 24.0 1 33
117.15728752538104 682.842712474619 0 0 24.0 1 34
102.74206980904233 667.6522425435434 0 0 24.0 1 35
89.14161541721165 651.728156419935 0 0 24.0 1 36
76.39320225002109 635.1141009169893 0 0 24.0 1 37
64.53177282183043 617.8556140060109 0 0 24.0 1 38
53.589838486224494 600.0 0 0 24.0 1 39
43.597390324652906 581.5961998958187 0 0 24.0 1 40
34.58181694295968 562.6946572303202 0 0 24.0 1 41
26.567829401119297 543.3471798181201 0 0 24.0 1 42
19.5773934819386 523.606797749979 0 0 24.0 1 43
13.629669484372698 503.5276180410084 0 0 24.0 1 44
8.740959706477724 483.16467632710373 0 0 24.0 1 45
4.924663761944942 462.5737860160924 0 0 24.0 1 46
2.1912418526906663 441.81138530706147 0 0 24.0 1 47
0.5481860981704472 420.9343824971775 0 0 24.0 1 48
0.0 400.00000000000006 0 0 24.0 1 49
0.5481860981704472 379.0656175028226 0 0 24.0 1 50
2.1912418526906663 358.1886146929386 0 0 24.0 1 51
4.924663761944885 337.4262139839077 0 0 24.0 1 52
8.740959706477781 316.8353236728962 0 0 24.0 1 53
13.629669484372698 296.47238195899166 0 0 24.0 1 54
19.577393481938543 276.3932022500211 0 0 24.0 1 55
26.567829401119297 256.65282018187986 0 0 24.0 1 56
34.58181694295968 237.30534276967992 0 0 24.0 1 57
43.59739032465285 218.40380010418136 0 0 24.0 1 58
53.58983848622455 199.99999999999994 0 0 24.0 1 59
64.53177282183037 182.14438599398918 0 0 24.0 1 60
76.39320225002103 164.8858990830108 0 0 24.0 1 61
89.14161541721171 148.27184358006497 0 0 24.0 1 62
102.74206980904228 132.3477574564567 0 0 24.0 1 63
117.15728752538092 117.15728752538104 0 0 24.0 1 64
132.34775745645675 102.74206980904228 0 0 24.0 1 65
148.27184358006485 89.14161541721177 0 0 24.0 1 66
164.8858990830107 76.39320225002109 0 0 24.0 1 67
182.1443859939892 64.53177282183032 0 0 24.0 1 68
199.99999999999983 53.58983848622461 0 0 24.0 1 69
218.40380010418124 43.597390324652906 0 0 24.0 1 70
237.30534276967995 34.58181694295962 0 0 24.0 1 71
256.65282018187975 26.567829401119354 0 0 24.0 1 72
276.393202250021 19.5773934819386 0 0 24.0 1 73
296.4723819589917 13.629669484372698 0 0 24.0 1 74
316.8353236728961 8.740959706477781 0 0 24.0 1 75
337.4262139839076 4.924663761944942 0 0 24.0 1 76
358.18861469293864 2.1912418526906663 0 0 24.0 1 77
379.0656175028223 0.5481860981704472 0 0 24.0 1 78
399.99999999999994 0.0 0 0 24.0 1 79
420.9343824971776 0.5481860981704472 0 0 24.0 1 80
441.8113853070612 2.1912418526906663 0 0 24.0 1 81
462.5737860160923 4.924663761944885 0 0 24.0 1 82
483.1646763271038 8.740959706477781 0 0 24.0 1 83
503.5276180410081 13.629669484372641 0 0 24.0 1 84
523.6067977499789 19.577393481938543 0 0 24.0 1 85
543.3471798181201 26.567829401119297 0 0 24.0 1 86
562.6946572303199 34.58181694295956 0 0 24.0 1 87
581.5961998958187 43.59739032465279 0 0 24.0 1 88
600.0 53.58983848622455 0 0 24.0 1 89
617.8556140060107 64.53177282183032 0 0 24.0 1 90
635.1141009169892 76.39320225002098 0 0 24.0 1 91
651.728156419935 89.14161541721171 0 0 24.0 1 92
667.6522425435431 102.74206980904216 0 0 24.0 1 93
682.842712474619 117.15728752538092 0 0 24.0 1 94
697.2579301909577 132.34775745645675 0 0 24.0 1 95
710.8583845827882 148.27184358006485 0 0 24.0 1 96
723.6067977499789 164.88589908301066 0 0 24.0 1 97
735.4682271781696 182.1443859939892 0 0 24.0 1 98
746.4101615137754 199.99999999999983 0 0 24.0 1 99
756.4026096753471 218.40380010418122 0 0 24.0 1 100
765.4181830570403 237.30534276967995 0 0 24.0 1 101
773.4321705988806 256.6528201818797 0 0 24.0 1 102
780.4226065180615 276.3932022500209 0 0 24.0 1 103
786.3703305156273 296.4723819589917 0 0 24.0 1 104
791.2590402935223 316.83532367289604 0 0 24.0 1 105
795.0753362380551 337.4262139839076 0 0 24.0 1 106
797.8087581473094 358.18861469293864 0 0 24.0 1 107
799.4518139018296 379.06561750282225 0 0 24.0 1 108
800.0 399.9999999999999 0 0 24.0 1 109
377.5343088213924 101.84518665655014 0 0 10.0 1 110
561.899714233888 359.04291842690174 0 0 13.0 1 111
254.571176069387 412.9018281711842 0 0 12.0 1 112
629.2713340110695 451.571846978605 0 0 13.0 1 113
384.62992614406994 582.3533954431978 0 0 13.0 1 114
211.41819799294916 369.7030702583006 0 0 11.0 1 115
66.31057522770305 429.60350984484046 0 0 12.0 1 116
548.8780427952603 283.5683532133439 0 0 12.0 1 117
635.5200690748707 477.6807380434051 0 0 10.0 1 118
597.7081266612114 190.58295997671445 0 0 12.0 1 119
294.9682372986145 219.30874724038287 0 0 10.0 1 120
584.7706106283425 378.6500246363272 0 0 12.0 1 121
521.4846481816166 578.5986569271696 0 0 12.0 1 122
419.4942163554031 693.3529879320965 0 0 13.0 1 123
298.3147132324531 284.34489870739924 0 0 12.0 1 124
270.08133446099816 404.5978630433029 0 0 12.0 1 125
244.84811778636458 723.7420168059225 0 0 12.0 1 126
305.4374250671969 553.1597839580547 0 0 13.0 1 127
82.68798712752852 567.9109480850504 0 0 10.0 1 128
265.9258965840324 483.5950644069638 0 0 13.0 1 129
423.27523362846745 558.2980211485294 0 0 11.0 1 130
605.1104437019507 575.5838998438892 0 0 11.0 1 131
42.96549599464686 302.91054151118436 0 0 12.0 1 132
217.5588632512781 181.04742152275495 0 0 11.0 1 133
219.0023582188803 345.58627315030265 0 0 12.0 1 134
543.644885758314 721.3567282561249 0 0 12.0 1 135
80.20020790399542 411.3178167219763 0 0 10.0 1 136
256.01181408302796 611.6681419494664 0 0 12.0 1 137
197.97698158032856 566.8253578704541 0 0 12.0 1 138
232.3753154469325 346.3533306860099 0 0 13.0 1 139
547.055876669147 517.1262956686868 0 0 10.0 1 140
452.39736803506406 543.7480985021995 0 0 13.0 1 141
577.6251945176575 197.9844306184191 0 0 12.0 1 142
528.639868003805 258.8164869399984 0 0 11.0 1 143
547.7142639741605 343.9241922165002 0 0 10.0 1 144
661.4668830424112 458.81385102240904 0 0 10.0 1 145
450.1872225113829 741.3301081015165 0 0 10.0 1 146
210.87971329927979 576.9590832883054 0 0 11.0 1 147
538.9838883424923 703.7095302772068 0 0 12.0 1 148
471.8251951630285 149.07741962949436 0 0 11.0 1 149
532.6817736856901 189.29511887092096 0 0 12.0 1 150
557.6605986484051 441.3779607258081 0 0 13.0 1 151
291.00066442336276 543.2450517255365 0 0 13.0 1 152
102.00000013539363 399.99101698269885 0 0 13.0 1 153
107.01750039935507 254.77515733264477 0 0 11.0 1 154
269.1239836089536 366.8870367739377 0 0 13.0 1 155
621.1431842766029 124.85514351890123 0 0 11.0 1 156
596.2410713533952 499.44567317923713 0 0 10.0 1 157
728.5665637808722 288.4069304785012 0 0 11.0 1 158
401.5445685978297 51.00341791380447 0 0 11.0 1 159
471.15896499952277 90.0638748061196 0 0 11.0 1 160
120.39433179612422 414.8549758755819 0 0 10.0 1 161
207.70629545366862 287.0746654118385 0 0 11.0 1 162
244.40024127310227 157.6516658111073 0 0 10.0 1 163
637.4867967995684 596.1224651738819 0 0 12.0 1 164
736.2050254104317 292.41198538512305 0 0 12.0 1 165
142.9356247208525 438.96032549070435 0 0 10.0 1 166
326.89801455941375 263.3211804095297 0 0 12.0 1 167
455.0669488031081 650.0072621935528 0 0 11.0 1 168
305.64310854674386 148.09172892642363 0 0 11.0 1 169
180.97488361090507 271.3765247291793 0 0 12.0 1 170
295.0132428828574 280.58986295114596 0 0 13.0 1 171
283.0673135662958 321.2107441119221 0 0 13.0 1 172
716.3922986095977 380.3807905221655 0 0 13.0 1 173
418.472920994567 553.8952604531032 0 0 10.0 1 174
510.5664716172127 507.1963402086102 0 0 10.0 1 175
250.43837811841271 367.74598846423737 0 0 12.0 1 176
476.2265575237812 539.5367762565614 0 0 11.0 1 177
412.1583751347423 649.704172800702 0 0 10.0 1 178
485.004003966748 678.3079576828897 0 0 10.0 1 179
686.315619504018 619.8735227989728 0 0 13.0 1 180
380.14589221610055 186.9229848057156 0 0 10.0 1 181
606.053170045108 536.2023902666975 0 0 13.0 1 182
653.2573128485709 167.19808100292408 0 0 10.0 1 183
220.1503172350742 433.8096378175744 0 0 13.0 1 184
269.5124935965048 411.5762978796242 0 0 10.0 1 185
339.0619882064329 521.5835462496759 0 0 10.0 1 186
528.1554469666629 179.54324366721067 0 0 12.0 1 187
513.6106432068823 567.0228180522604 0 0 10.0 1 188
294.2859870926749 210.49129973790147 0 0 11.0 1 189
410.1808727015084 728.8424392182915 0 0 13.0 1 190
253.3025743802294 380.40751887759313 0 0 10.0 1 191
295.1309971901201 629.1429515600718 0 0 10.0 1 192
553.9458314054489 395.9157628759936 0 0 12.0 1 193
711.9511122980796 405.523000632889 0 0 10.0 1 194
583.1907183684764 530.6375164477707 0 0 13.0 1 195
57.31231159237029 496.44246063760136 0 0 11.0 1 196
397.7429529720799 569.9850162182354 0 0 10.0 1 197
629.2865080029327 157.13440497299524 0 0 12.0 1 198
317.30933287583525 297.1104788107138 0 0 11.0 1 199
701.8744980563713 517.6766222459408 0 0 11.0 1 200
256.8052464692132 295.96028373136903 0 0 10.0 1 201
203.5170849790912 357.62708288439023 0 0 12.0 1 202
383.15041817075155 653.4405089802723 0 0 10.0 1 203
370.1844603168147 168.91552714775403 0 0 10.0 1 204
251.30162862097234 185.50106212564884 0 0 10.0 1 205
253.08055056200104 728.6558616194686 0 0 11.0 1 206
89.97065484279335 338.86240811584395 0 0 11.0 1 207
588.4617514980318 596.1279384032118 0 0 12.0 1 208
426.3301080422038 579.0746364242739 0 0 10.0 1 209
625.031731271931 210.79978879304215 0 0 11.0 1 210
158.10603782087435 224.24929285694546 0 0 12.0 1 211
239.38801351422714 693.9877374944301 0 0 11.0 1 212
291.91681025113155 464.7612854544294 0 0 12.0 1 213
356.1467737734256 208.96886497347904 0 0 12.0 1 214
364.5946107251111 694.8821093425195 0 0 13.0 1 215
470.46917173737376 189.4813646380717 0 0 12.0 1 216
246.1289639683931 453.78386626638076 0 0 11.0 1 217
597.7081266612114 190.58295997671445 0 0 13.0 1 218
522.5754759458072 345.8589555267093 0 0 13.0 1 219
596.099930166543 172.965162610059 0 0 10.0 1 220
459.00173457635105 200.5437508700672 0 0 10.0 1 221
152.3838494018861 464.9787808670813 0 0 13.0 1 222
141.369890963876 190.23950157390786 0 0 12.0 1 223
541.1902003873814 377.3212144379141 0 0 12.0 1 224
565.3780354906223 321.6475566605454 0 0 12.0 1 225
551.4351247599395 351.53967613664184 0 0 12.0 1 226
351.3086654772865 245.4906024139722 0 0 11.0 1 227
58.1155655245517 297.2185159505717 0 0 10.0 1 228
484.3643390150116 524.0268450883123 0 0 10.0 1 229
527.3808796754149 542.3204535304658 0 0 12.0 1 230
588.4705583989364 226.75206028124583 0 0 11.0 1 231
144.59053557955943 656.5346087460008 0 0 11.0 1 232
188.67417195358826 342.5335367322956 0 0 13.0 1 233
671.7209747118625 227.22352040385994 0 0 10.0 1 234
599.9118531712118 711.3442643789217 0 0 11.0 1 235
328.7012153148236 254.5335664064838 0 0 13.0 1 236
490.83260294229507 752.4846638404674 0 0 13.0 1 237
470.9261587077485 566.5247129136192 0 0 11.0 1 238
541.9500523348944 396.2340151194227 0 0 10.0 1 239
428.6705632867311 177.84240098339748 0 0 13.0 1 240
410.34386990286697 555.6566874741736 0 0 11.0 1 241
478.6063446942725 200.95969610703156 0 0 10.0 1 242
232.10510914959758 405.94185377903756 0 0 12.0 1 243
349.5329477147287 765.5325931208265 0 0 10.0 1 244
662.2484907009582 444.51661628054666 0 0 12.0 1 245
558.0589972935776 576.5965837001067 0 0 11.0 1 246
413.5299070014748 220.50921578941316 0 0 11.0 1 247
315.8974998474061 499.1300633919042 0 0 11.0 1 248
547.9479418701717 396.0748889977081 0 0 13.0 1 249
154.98594939058583 513.4377142046128 0 0 12.0 1 250
310.4233869593182 557.2801017171593 0 0 12.0 1 251
492.47387246101175 87.39068645981689 0 0 11.0 1 252
504.0518022014127 327.1836387984261 0 0 11.0 1 253
485.4412811682441 80.21759355410268 0 0 13.0 1 254
579.2953307569098 415.9117682477557 0 0 12.0 1 255
600.0219287698739 168.42446586226018 0 0 12.0 1 256
535.4632138492356 275.47804332714543 0 0 13.0 1 257
275.4120240525009 492.2108250115212 0 0 11.0 1 258
431.7424093531666 154.03980108876152 0 0 11.0 1 259
521.0277165144633 588.4895005969688 0 0 10.0 1 260
228.19193307238376 132.40704766643097 0 0 12.0 1 261
133.40070735157212 332.54766750246574 0 0 10.0 1 262
528.6736670413857 245.58469178827315 0 0 13.0 1 263
526.0640641793357 469.5977853281866 0 0 11.0 1 264
269.0899323044249 283.8640702627307 0 0 11.0 1 265
426.44447064193974 248.2874758878899 0 0 11.0 1 266
364.1172821624434 194.10334980726302 0 0 10.0 1 267
148.39130663268466 671.2804184271181 0 0 10.0 1 268
648.0252075470587 422.01127940939534 0 0 11.0 1 269
306.22409647477406 102.42634538987238 0 0 11.0 1 270
447.61392662054953 555.8907116917904 0 0 10.0 1 271
585.8257078853766 553.4594613860569 0 0 13.0 1 272
213.51717322381018 636.2734756961974 0 0 13.0 1 273
109.63302449758663 567.068906555292 0 0 10.0 1 274
574.497113375324 111.6950270569734 0 0 10.0 1 275
533.0059467842975 151.33673749423173 0 0 11.0 1 276
175.50175369786652 633.6162182025611 0 0 10.0 1 277
644.6037231473573 278.7646148088316 0 0 11.0 1 278
511.3231295220674 500.5343763765062 0 0 10.0 1 279
594.9314098965099 394.8284010442776 0 0 10.0 1 280
436.70748171823635 705.8047756100375 0 0 10.0 1 281
207.80219023860585 249.68033421097905 0 0 10.0 1 282
560.3053065117771 544.769501982169 0 0 11.0 1 283
204.86629779978293 290.00528073749626 0 0 13.0 1 284
330.7142219574837 521.6531173502889 0 0 12.0 1 285
228.54548166525794 386.31248223374325 0 0 13.0 1 286
252.46262684200255 249.15662586100174 0 0 13.0 1 287
310.4986551458594 308.49311900572616 0 0 13.0 1 288
391.72396995793616 256.23801849326486 0 0 10.0 1 289
265.9258965840324 483.5950644069638 0 0 11.0 1 290
673.8416236659098 301.5532369855755 0 0 11.0 1 291
678.6814341373491 316.22853548403054 0 0 13.0 1 292
241.83707900675333 666.6167482040166 0 0 11.0 1 293
524.9355346177316 156.14120440348768 0 0 12.0 1 294
75.34592338494542 283.2749789581246 0 0 13.0 1 295
111.5611428692348 361.47694590121347 0 0 11.0 1 296
579.2218911368864 436.9934282990646 0 0 12.0 1 297
464.10765391468914 183.2831139261307 0 0 13.0 1 298
660.9379033372709 338.8819944537692 0 0 12.0 1 299
499.9602048783524 507.78199033548145 0 0 13.0 1 300
518.4760465403987 333.2210632298082 0 0 13.0 1 301
374.13124181624886 706.9117256639613 0 0 13.0 1 302
108.6969717600457 337.17846119178256 0 0 13.0 1 303
280.12902280781145 524.7395239167996 0 0 12.0 1 304
411.32583406915523 765.824719616701 0 0 13.0 1 305
257.0974091064669 132.8149526715323 0 0 13.0 1 306
579.8239863749812 392.04173861885926 0 0 10.0 1 307
324.00898625827307 718.0477414327992 0 0 10.0 1 308
483.20718027505944 165.31390081499552 0 0 11.0 1 309
189.36619169579564 160.4287187510413 0 0 11.0 1 310
199.5482352315124 424.96177079453525 0 0 13.0 1 311
325.6435678836958 583.5078227295323 0 0 11.0 1 312
567.5974360968545 656.0216776246901 0 0 13.0 1 313
479.6744274849523 539.903486750492 0 0 12.0 1 314
221.9677518914925 633.9669178183763 0 0 11.0 1 315
163.62268929332853 487.34853738375756 0 0 12.0 1 316
264.5342067162304 536.062554915006 0 0 10.0 1 317
484.3229699716135 302.37501992232535 0 0 10.0 1 318
63.81075260632133 510.87285482421714 0 0 13.0 1 319
459.52290782978946 140.74525376864096 0 0 10.0 1 320
199.6348217461405 159.53629100569228 0 0 10.0 1 321
207.06217789476779 365.48917849007694 0 0 10.0 1 322
373.17589974711143 158.4850570966198 0 0 11.0 1 323
428.51216119487265 593.9150759069485 0 0 10.0 1 324
731.1336086611634 493.20157302876095 0 0 10.0 1 325
552.6670755774082 355.5729357863708 0 0 13.0 1 326
697.0376216394573 550.5245871303907 0 0 12.0 1 327
426.25354589590404 590.1966122934151 0 0 10.0 1 328
593.5167485262244 467.6481192631253 0 0 12.0 1 329
607.3751571997755 231.81990552872082 0 0 13.0 1 330
411.6700070699012 575.6126730477856 0 0 10.0 1 331
131.05628451188005 423.8595452480804 0 0 12.0 1 332
353.07821526112076 528.7142032447014 0 0 12.0 1 333
604.6070069872793 387.31249860266223 0 0 13.0 1 334
560.902262110764 368.27521398592273 0 0 13.0 1 335
583.1590478283897 163.66599229353875 0 0 10.0 1 336
275.42264890318233 418.88077312241825 0 0 10.0 1 337
282.59411469739473 189.53181215130994 0 0 11.0 1 338
657.1823962873232 379.4764759383217 0 0 12.0 1 339
538.6803291636218 479.798285088525 0 0 12.0 1 340
495.47916426132434 693.8787661467888 0 0 11.0 1 341
286.35080732024164 96.58632034260688 0 0 13.0 1 342
538.7665496722345 473.43599044108595 0 0 12.0 1 343
559.1648874081469 691.3598095420025 0 0 10.0 1 344
464.89339575428176 117.35384809363109 0 0 12.0 1 345
423.4662975539195 629.8049888037918 0 0 12.0 1 346
127.45720419080993 186.8417853975359 0 0 13.0 1 347
611.2707218281874 574.4725826546871 0 0 12.0 1 348
200.5024224858215 328.27332040325336 0 0 11.0 1 349
737.3927928471853 442.0250322400384 0 0 13.0 1 350
529.0343949011387 372.1768993011747 0 0 12.0 1 351
463.6987611406661 574.7525903360072 0 0 10.0 1 352
182.21346269740673 390.3550961774545 0 0 12.0 1 353
201.24649427317584 342.1550005506329 0 0 12.0 1 354
547.166703150089 370.9834274261488 0 0 13.0 1 355
752.4818289391271 343.3823325477995 0 0 13.0 1 356
376.72447204145016 526.8828191610305 0 0 11.0 1 357
316.08089118903433 291.71065067896427 0 0 11.0 1 358
727.473653726375 329.38834292343586 0 0 13.0 1 359
534.1946012731082 516.9436145719444 0 0 11.0 1 360
446.2697546147697 213.65862024797337 0 0 10.0 1 361
522.2306061956558 549.3609015406726 0 0 12.0 1 362
358.70373824987723 245.42115679865714 0 0 13.0 1 363
277.09228682191366 252.49510502585596 0 0 10.0 1 364
467.6253719707746 662.4267689581502 0 0 11.0 1 365
450.51792223597386 705.8560765016123 0 0 13.0 1 366
740.8800552549225 390.9563320825572 0 0 13.0 1 367
72.52929518019351 440.77913050592394 0 0 11.0 1 368
526.0276564503502 745.7470604497347 0 0 13.0 1 369
487.6103216194376 138.27412900949457 0 0 13.0 1 370
105.5203938688905 186.04261739106403 0 0 11.0 1 371
291.05147846334256 276.08382004364205 0 0 13.0 1 372
749.0 400.0 0 0 11.0 1 373
222.97275126873117 469.0025594209192 0 0 12.0 1 374
262.7696572339166 186.26223304174047 0 0 13.0 1 375
497.6600460343836 653.8631824596905 0 0 11.0 1 376
446.4296864161628 102.60248114804858 0 0 13.0 1 377
508.5222737546665 667.8505480657399 0 0 13.0 1 378
584.3331394563427 153.25054468516345 0 0 11.0 1 379
62.32114914230891 538.5568247450454 0 0 10.0 1 380
447.8596991485362 725.5003059866635 0 0 10.0 1 381
443.4003143758736 253.28458597653983 0 0 12.0 1 382
579.8567096926827 130.50498338833415 0 0 10.0 1 383
715.233883272521 236.74376325258936 0 0 12.0 1 384
461.8205957866907 225.6348259067236 0 0 12.0 1 385
70.01292728976972 397.07906793416674 0 0 11.0 1 386
479.3564315483202 148.20929967149942 0 0 10.0 1 387
528.1010826617771 282.2455409724093 0 0 11.0 1 388
147.17789719462644 323.99352440042276 0 0 12.0 1 389
268.8350542651117 431.9492881041786 0 0 10.0 1 390
365.3218401109733 131.22793071691564 0 0 13.0 1 391
685.570815382714 264.7028847253133 0 0 10.0 1 392
391.70788295804704 524.7246599312364 0 0 13.0 1 393
245.44597802042318 534.6775938674896 0 0 13.0 1 394
193.03071129128753 297.40997352856556 0 0 11.0 1 395
295.5892188200165 196.18785911191253 0 0 10.0 1 396
165.6844490517432 315.75498481325513 0 0 11.0 1 397
243.49791058979937 387.5061611087075 0 0 13.0 1 398
114.03181739758804 578.300865222448 0 0 12.0 1 399
469.1790433628079 141.08252287764208 0 0 10.0 1 400
133.11159131331613 632.5652108736163 0 0 10.0 1 401
76.66368508382192 460.78344722394525 0 0 10.0 1 402
177.75143289381555 623.2276291574317 0 0 12.0 1 403
401.42507475215234 78.00315349067347 0 0 10.0 1 404
272.34052384071583 606.765708343374 0 0 11.0 1 405
273.13211855257686 508.59806930623853 0 0 10.0 1 406
211.3202874856547 667.0748323700757 0 0 13.0 1 407
128.54514569957422 476.3954323028191 0 0 10.0 1 408
601.4519703398714 291.10507979623867 0 0 10.0 1 409
261.2783412475993 520.8813525444784 0 0 11.0 1 410
53.554170407363586 521.0961896917898 0 0 10.0 1 411
329.7453416574267 93.96032449832865 0 0 10.0 1 412
328.0065972773444 557.308454840843 0 0 12.0 1 413
148.93912630481503 431.26400005454167 0 0 12.0 1 414
43.895300829738346 480.0902193083367 0 0 10.0 1 415
435.18429257164775 258.3029091468964 0 0 10.0 1 416
133.7837397677082 464.84522178181436 0 0 13.0 1 417
158.79845586819332 308.4259037258237 0 0 12.0 1 418
408.9198772080631 176.17766914225678 0 0 13.0 1 419
700.8575079523011 329.5318518142339 0 0 10.0 1 420
535.9337160379332 447.51867889702464 0 0 12.0 1 421
114.20738488453253 435.5890593506245 0 0 11.0 1 422
365.05425606744717 277.90251853129627 0 0 13.0 1 423
335.81546837166707 586.2507608028798 0 0 13.0 1 424
105.54611464974198 583.5916920836482 0 0 11.0 1 425
330.41656450783347 96.88427044261215 0 0 11.0 1 426
295.84507933787995 536.8786049821792 0 0 11.0 1 427
539.4719170535113 521.542520762976 0 0 10.0 1 428
524.3131743990671 468.6311494208507 0 0 12.0 1 429
206.3134959015863 201.9733903483293 0 0 11.0 1 430
324.53988599681423 258.912186229192 0 0 12.0 1 431
555.9997684147174 503.11678939219615 0 0 11.0 1 432
197.6584433249605 148.2324595140951 0 0 12.0 1 433
103.4336166121912 252.99870665781472 0 0 11.0 1 434
349.9957622490776 537.1698808301196 0 0 12.0 1 435
136.58454164345682 269.43087539999254 0 0 11.0 1 436
473.5653389260579 268.1321081206868 0 0 11.0 1 437
424.83075570368675 207.59565085169248 0 0 12.0 1 438
210.86262287463478 302.0405564831171 0 0 12.0 1 439
720.0413841864171 505.5580996799497 0 0 12.0 1 440
354.50277403372013 138.9348693728454 0 0 13.0 1 441
487.96095249448996 655.2701918287015 0 0 13.0 1 442
381.90864010345615 205.84103755661002 0 0 10.0 1 443
454.66180113378715 597.578054188238 0 0 10.0 1 444
157.99658308385398 161.18135290369383 0 0 12.0 1 445
348.4937064532681 104.45456910133447 0 0 12.0 1 446
253.16185609867554 249.8715233687695 0 0 11.0 1 447
704.5384744181341 308.45592537430144 0 0 13.0 1 448
176.71326568080707 237.7685780217958 0 0 11.0 1 449
379.1949800331451 38.59835204556862 0 0 10.0 1 450
229.49480780093583 466.4603598633064 0 0 12.0 1 451
527.9166252150973 666.9332069892773 0 0 11.0 1 452
305.8383205864298 198.95876510025104 0 0 10.0 1 453
330.150018314987 572.3861365035 0 0 11.0 1 454
235.78369020492087 570.8859373889104 0 0 12.0 1 455
465.334149433985 287.61028108524465 0 0 13.0 1 456
514.20900057778 487.7057819475127 0 0 12.0 1 457
247.5278842364273 188.16691968774165 0 0 12.0 1 458
332.1480626530898 541.580770580863 0 0 13.0 1 459
116.52626712915509 201.60987229131368 0 0 12.0 1 460
455.2437923806295 734.4684191420856 0 0 12.0 1 461
321.42874247432263 532.4483200755437 0 0 12.0 1 462
236.31470044976595 389.8450646900066 0 0 13.0 1 463
443.64106305337646 696.8087896534926 0 0 13.0 1 464
239.97930618304508 345.64581386553226 0 0 12.0 1 465
508.15939343766917 713.8877914338108 0 0 11.0 1 466
319.80702500550393 206.9971845761515 0 0 13.0 1 467
356.2490292497961 247.13779879115046 0 0 10.0 1 468
312.49805849959216 94.27559758230092 0 0 10.0 1 469
555.1459605049783 235.66579498172732 0 0 13.0 1 470
284.1077771365873 255.79877712107614 0 0 12.0 1 471
520.638880395415 713.5956959796176 0 0 12.0 1 472
365.20563309610515 219.3197519601073 0 0 12.0 1 473
507.1920012743467 694.0729073933885 0 0 11.0 1 474
421.9485158023924 108.8260611694925 0 0 10.0 1 475
543.8066154554649 233.50778591404327 0 0 10.0 1 476
289.0466218888592 688.3926973515908 0 0 10.0 1 477
393.99159525039516 249.11958684983352 0 0 13.0 1 478
551.5068776983212 345.53289056590256 0 0 12.0 1 479
396.19938148406635 228.0419955370023 0 0 11.0 1 480
322.86728904505054 572.544327350221 0 0 10.0 1 481
359.1066432702002 696.1903667835423 0 0 13.0 1 482
397.30482031371895 602.9821076017752 0 0 13.0 1 483
679.8585831874193 535.6472388820736 0 0 11.0 1 484
349.3098671725356 706.841181124591 0 0 11.0 1 485
407.8992519855182 43.08740311097273 0 0 11.0 1 486
487.81276602015373 208.14088991166008 0 0 11.0 1 487
494.55218208402994 691.0255742424511 0 0 12.0 1 488
510.88482611036466 262.0378481667012 0 0 12.0 1 489
253.68390832033788 441.1776798227961 0 0 12.0 1 490
235.97945757752433 548.1157036354919 0 0 11.0 1 491
441.78236358036554 267.4283812664334 0 0 12.0 1 492
325.5088206094995 513.7851668409037 0 0 10.0 1 493
249.82313764996647 597.3598490440725 0 0 10.0 1 494
395.1608403779682 181.05347106164825 0 0 13.0 1 495
473.8600922637026 666.9713220006923 0 0 10.0 1 496
365.2280181907 86.92507401413678 0 0 12.0 1 497
680.4613120167096 382.6088395480395 0 0 10.0 1 498
500.9200121221188 157.1334704960945 0 0 13.0 1 499
304.92835730259975 524.9415173383845 0 0 13.0 1 500
225.49054837226402 128.1996113089849 0 0 13.0 1 501
652.1895541962746 551.1172682200294 0 0 10.0 1 502
398.95385816516034 162.00229919753133 0 0 10.0 1 503
207.3165538197709 168.75534694157628 0 0 10.0 1 504
370.1263497428955 228.58365007877399 0 0 13.0 1 505
331.0868632044826 142.04655540775906 0 0 13.0 1 506
645.7916587434947 227.99284755533722 0 0 13.0 1 507
102.27435035888692 461.4445892310885 0 0 11.0 1 508
677.5957100783664 350.3550430951184 0 0 10.0 1 509
421.48342210595445 723.2869662925145 0 0 13.0 1 510
293.77583078416194 305.7639884417586 0 0 10.0 1 511
599.9933882196007 272.8322184338969 0 0 12.0 1 512
248.82016428990477 473.27112169653617 0 0 12.0 1 513
462.69753599591996 710.7378621604396 0 0 12.0 1 514
493.0359774358449 563.3655621682763 0 0 11.0 1 515
168.57279547866486 640.8265953075784 0 0 10.0 1 516
571.0028739274591 93.47264867788789 0 0 11.0 1 517
352.96239179585626 98.64893659647811 0 0 11.0 1 518
688.7843185841555 464.95858172624287 0 0 13.0 1 519
146.85307528899378 340.6987815524828 0 0 10.0 1 520
84.69295241984622 292.89973974687723 0 0 13.0 1 521
125.53504574821574 581.411104642373 0 0 11.0 1 522
677.1190161545575 377.8855050808273 0 0 13.0 1 523
686.3427794057299 313.92553989596263 0 0 12.0 1 524
598.4561557892564 368.12282588825684 0 0 11.0 1 525
499.68206672419427 187.1890849284434 0 0 12.0 1 526
491.6945919205147 615.286092938049 0 0 11.0 1 527
171.40147383363885 629.6055614190725 0 0 10.0 1 528
350.1214768081063 199.09919630774067 0 0 12.0 1 529
605.024927060729 379.9805273859989 0 0 13.0 1 530
374.48904611169627 612.473977775418 0 0 10.0 1 531
585.4640844926842 573.5484755429748 0 0 10.0 1 532
304.9208521253488 598.393436482738 0 0 10.0 1 533
643.4077272815011 644.4947408425269 0 0 11.0 1 534
86.38861134664927 314.71871889495924 0 0 12.0 1 535
700.6692302725339 523.3815787195235 0 0 12.0 1 536
585.7867738379847 662.9967198785444 0 0 13.0 1 537
701.0963154303407 511.2744752145467 0 0 11.0 1 538
331.28370676332025 543.3843472761607 0 0 10.0 1 539
481.3260943697809 693.9575928166468 0 0 13.0 1 540
211.04477415066833 508.71946754941393 0 0 12.0 1 541
529.0649981404747 502.7970148156028 0 0 13.0 1 542
278.68548462451986 461.47185013656576 0 0 11.0 1 543
566.4939607114676 361.00306362535275 0 0 11.0 1 544
122.46573869145749 497.00893670132484 0 0 12.0 1 545
544.0046593921685 70.05658352780313 0 0 13.0 1 546
553.5528006559929 72.18063295360218 0 0 12.0 1 547
715.2389342458642 267.3786806899748 0 0 13.0 1 548
502.45491724945134 153.43968297512254 0 0 10.0 1 549
370.3894400813259 210.29703549679934 0 0 10.0 1 550
484.89954629436664 214.5058840852069 0 0 13.0 1 551
236.24897275278602 154.6215146442497 0 0 13.0 1 552
547.5821804010324 553.5854811760446 0 0 12.0 1 553
758.7750088465498 412.70799068138416 0 0 10.0 1 554
109.78896602366501 580.9462786530481 0 0 12.0 1 555
742.8336489355981 513.0755904583438 0 0 10.0 1 556
372.4031890402381 151.52783651915618 0 0 13.0 1 557
362.0614701041988 156.94307673027416 0 0 10.0 1 558
213.58859439893988 480.37280548691234 0 0 11.0 1 559
241.42667015708278 232.0253023145171 0 0 12.0 1 560
138.84234116605177 468.5323079457498 0 0 11.0 1 561
643.0162390210724 142.59155497137817 0 0 13.0 1 562
250.57463705091297 467.58743157964807 0 0 10.0 1 563
559.9497375017887 374.3079492233712 0 0 10.0 1 564
562.1586310368014 430.48898785251015 0 0 13.0 1 565
393.68109352683183 603.9021123504692 0 0 11.0 1 566
226.8034295048873 150.1621566520967 0 0 13.0 1 567
565.9146377464352 618.0558024485227 0 0 10.0 1 568
266.8918698838541 432.4226108909072 0 0 13.0 1 569
257.17066587644274 222.28173612759653 0 0 13.0 1 570
649.0688808600746 225.69941885607506 0 0 12.0 1 571
459.52290782978946 140.74525376864096 0 0 12.0 1 572
325.44114883031125 276.8051230275536 0 0 13.0 1 573
660.2321328553882 240.92694436349188 0 0 13.0 1 574
263.9770933119677 433.132595071 0 0 12.0 1 575
265.92767275472613 359.69353566689085 0 0 12.0 1 576
60.39005802905558 339.25391111773746 0 0 10.0 1 577
400.80547703382524 218.00178240777197 0 0 12.0 1 578
255.7202956064072 687.8669256793796 0 0 12.0 1 579
441.27884779484395 255.79162047672088 0 0 11.0 1 580
325.3129364170962 594.1284176347277 0 0 11.0 1 581
167.953435392976 565.4671926820488 0 0 11.0 1 582
199.49696940345112 277.42947041968296 0 0 12.0 1 583
611.2649293119772 117.19948790215159 0 0 10.0 1 584
165.57856490957028 554.9438310167379 0 0 11.0 1 585
597.4691146210996 605.50170016513 0 0 12.0 1 586
720.798824066135 411.3628551775051 0 0 12.0 1 587
558.2060627852062 689.6046299664481 0 0 10.0 1 588
152.71356483267706 615.4841501879835 0 0 10.0 1 589
224.11011434719748 406.224799197087 0 0 13.0 1 590
259.0000000640621 399.9957496461763 0 0 10.0 1 591
147.58890903047757 216.60795776376918 0 0 12.0 1 592
586.9407289549908 664.63023987779 0 0 12.0 1 593
269.84102134134525 176.08117480985246 0 0 11.0 1 594
479.39592079987074 273.91555305930615 0 0 10.0 1 595
712.1616928188676 544.5374606683645 0 0 12.0 1 596
388.1574840782178 540.5017964890212 0 0 11.0 1 597
663.3232920255289 166.408810361268 0 0 12.0 1 598
449.36277875805814 143.71048387949418 0 0 13.0 1 599
615.8192915266047 369.24234396196005 0 0 13.0 1 600
690.9930460545377 262.1339521568066 0 0 13.0 1 601
317.6030251123996 211.19656112937943 0 0 13.0 1 602
288.34343554177224 117.24779114322439 0 0 10.0 1 603
488.24475547524787 617.8023487731795 0 0 10.0 1 604
149.77400134335156 341.3830263807233 0 0 11.0 1 605
508.9516798126692 196.30775305378558 0 0 11.0 1 606
120.09871232942203 392.5656768732893 0 0 13.0 1 607
568.894084944476 405.98231316198866 0 0 13.0 1 608
177.06419638217199 577.5517599610694 0 0 13.0 1 609
379.13750760229743 37.60000495177184 0 0 10.0 1 610
390.7128289130127 539.6916191229847 0 0 10.0 1 611
195.98978111566507 262.5378939825024 0 0 12.0 1 612
577.3757661157947 584.5910008500817 0 0 13.0 1 613
211.58113448285167 687.8095396564033 0 0 13.0 1 614
255.9757204878086 358.0833337323427 0 0 12.0 1 615
186.69890362069268 269.6058195954074 0 0 13.0 1 616
112.1015326816912 392.35326764109755 0 0 13.0 1 617
421.32569693242954 653.1031699729306 0 0 11.0 1 618
159.21763782837803 445.2642692093209 0 0 11.0 1 619
237.5647590404254 475.20500312083595 0 0 11.0 1 620
508.9595415743852 299.84103485009524 0 0 11.0 1 621
261.92163549879825 652.7416967116294 0 0 12.0 1 622
286.4252602948764 126.65629968679832 0 0 10.0 1 623
593.3104027415542 141.23352575749283 0 0 12.0 1 624
609.9918294790349 398.147555116084 0 0 10.0 1 625
107.65337843553323 519.9560455326969 0 0 12.0 1 626
489.8304888210854 513.82215635879 0 0 11.0 1 627
355.2465836406823 266.2908689573911 0 0 12.0 1 628
469.2300650863205 626.6631820303946 0 0 10.0 1 629
172.35587286457826 221.95744502857767 0 0 12.0 1 630
262.0339089307101 433.6059178577286 0 0 12.0 1 631
584.3251958417509 255.84653254985437 0 0 10.0 1 632
470.4506454743753 616.8425847296695 0 0 12.0 1 633
229.1370704188905 459.7231889215639 0 0 11.0 1 634
89.42729247360228 294.5078517626898 0 0 11.0 1 635
699.5161682612694 467.37258307417756 0 0 10.0 1 636
488.9832821828488 293.2152843709948 0 0 12.0 1 637
362.93612149238885 668.4534762486287 0 0 11.0 1 638
634.62869884416 329.4707601154209 0 0 13.0 1 639
628.353246665769 515.7186015176577 0 0 11.0 1 640
34.702319296428925 377.337156564283 0 0 12.0 1 641
271.64315036922085 667.8311392516964 0 0 10.0 1 642
621.1619506505072 599.7282944013257 0 0 10.0 1 643
314.0591164078036 109.44335401269421 0 0 13.0 1 644
488.52545354349917 719.9800682463172 0 0 13.0 1 645
578.3747597718836 321.2126591620023 0 0 10.0 1 646
170.78018141139353 471.12154923935736 0 0 12.0 1 647
513.0763996533492 530.9302403627064 0 0 13.0 1 648
682.801719211707 586.9336449409332 0 0 13.0 1 649
569.156505479921 257.7780725281031 0 0 12.0 1 650
665.3802759064223 514.430368171352 0 0 11.0 1 651
336.6530029325565 511.22570729169274 0 0 10.0 1 652
277.23081037680424 72.23830901207538 0 0 13.0 1 653
340.260300650711 696.0323771509741 0 0 12.0 1 654
250.98344280459332 200.51299370227622 0 0 13.0 1 655
629.8990506784028 213.55315369476165 0 0 12.0 1 656
482.3482389312016 719.5602721630612 0 0 12.0 1 657
443.8357065914261 520.2598471129512 0 0 13.0 1 658
424.40092387342975 767.1901345544609 0 0 10.0 1 659
369.75389518810096 127.6745088249952 0 0 10.0 1 660
280.4867733446364 264.0677056236316 0 0 13.0 1 661
142.09331943076103 353.8681875734702 0 0 10.0 1 662
301.42174971502345 703.3864343881455 0 0 11.0 1 663
180.25967578003002 521.3061824957924 0 0 13.0 1 664
108.38773406018578 371.5169110971603 0 0 11.0 1 665
596.4300617959886 251.90803255130928 0 0 11.0 1 666
513.0641630220075 320.8767098754551 0 0 12.0 1 667
628.6282323141543 679.374536042398 0 0 11.0 1 668
237.09820396678307 308.1740513299634 0 0 10.0 1 669
690.0893409425671 262.562107584891 0 0 11.0 1 670
203.60446482374692 648.8328631086199 0 0 10.0 1 671
253.38072418095592 269.9277586942584 0 0 10.0 1 672
166.37106124379503 349.616282633678 0 0 13.0 1 673
420.7379808752366 646.1278857610781 0 0 13.0 1 674
479.58244370407346 545.6799047710012 0 0 12.0 1 675
608.6204947526614 472.9279724739058 0 0 13.0 1 676
413.6853881889213 562.4244752188491 0 0 12.0 1 677
293.6614736208836 748.1208379392391 0 0 13.0 1 678
457.89330736981447 624.660554975243 0 0 10.0 1 679
532.4850715210013 315.7580518739317 0 0 11.0 1 680
599.8298234457483 254.82065690449937 0 0 10.0 1 681
295.174675639477 600.2190085199484 0 0 12.0 1 682
609.6595859771825 300.66794068440726 0 0 12.0 1 683
375.35536218534014 72.92716128210179 0 0 12.0 1 684
416.44685869193705 537.0164254356662 0 0 10.0 1 685
303.293410332009 193.52521821106865 0 0 10.0 1 686
222.33146916240455 711.9533509196694 0 0 10.0 1 687
183.84041207550334 484.2557567665961 0 0 12.0 1 688
440.8834814088866 206.26683054291084 0 0 10.0 1 689
207.37034870002944 388.04937490958093 0 0 10.0 1 690
653.4176493612401 466.5093601850413 0 0 10.0 1 691
303.0181772953406 293.5550561798166 0 0 12.0 1 692
305.97785948795513 231.450787324493 0 0 12.0 1 693
577.5416116397008 699.3041532227337 0 0 11.0 1 694
407.82034344748087 264.22503092114715 0 0 13.0 1 695
370.49716693794386 83.37153816924092 0 0 11.0 1 696
528.5255874177444 374.65885995216996 0 0 10.0 1 697
227.3731550657265 150.98399166310955 0 0 13.0 1 698
598.6309978171583 124.05484837352179 0 0 11.0 1 699
441.70941032623784 202.35302913973732 0 0 10.0 1 700
529.9032810112354 511.2031365677965 0 0 11.0 1 701
208.03063295805467 330.9799875578476 0 0 12.0 1 702
527.2763258140241 467.35530333449924 0 0 11.0 1 703
682.7456465698923 594.1749194560758 0 0 11.0 1 704
620.5457805535227 149.17025957826016 0 0 12.0 1 705
531.805417774141 260.3886399844763 0 0 10.0 1 706
251.47253934955484 388.1427898420218 0 0 12.0 1 707
107.43917841253472 514.0358087272033 0 0 12.0 1 708
150.85917586250937 641.5322954556843 0 0 10.0 1 709
265.80633124505425 604.9806314413338 0 0 11.0 1 710
611.9499349452268 126.51649944335924 0 0 13.0 1 711
391.1101658931409 686.8622855126698 0 0 11.0 1 712
65.6338841161425 241.5724122864241 0 0 13.0 1 713
336.12762095095627 748.1900618837581 0 0 12.0 1 714
462.4167999378237 592.1149215587423 0 0 10.0 1 715
409.257906581209 239.26639689929922 0 0 11.0 1 716
523.39867914343 425.47088505837235 0 0 11.0 1 717
323.92807695390155 68.61945964787179 0 0 11.0 1 718
553.4529986214594 531.3627695128356 0 0 13.0 1 719
245.302290261984 510.3114617880325 0 0 10.0 1 720
183.19625491827637 467.2691319888922 0 0 11.0 1 721
48.76422289151907 330.73652565022826 0 0 10.0 1 722
337.1096881493514 146.69029099671647 0 0 11.0 1 723
248.461666254171 532.0497383773923 0 0 12.0 1 724
553.6803149830452 565.7056450055702 0 0 12.0 1 725
273.7185741809848 199.44576421048455 0 0 13.0 1 726
209.71658644489375 245.67170536218447 0 0 12.0 1 727
403.11987263293577 259.0345205564346 0 0 12.0 1 728
209.79896119336456 624.1864510555372 0 0 13.0 1 729
396.3090642719895 677.9754971098203 0 0 11.0 1 730
561.966886124086 251.11505180419564 0 0 13.0 1 731
97.47675553297267 524.1317306619997 0 0 10.0 1 732
532.813302925699 292.2891529790684 0 0 11.0 1 733
56.24439794726749 470.9442461187897 0 0 10.0 1 734
297.49381998373633 595.7893844376486 0 0 13.0 1 735
502.11478422900814 141.43362391474193 0 0 10.0 1 736
365.35735373611186 588.8488471233942 0 0 13.0 1 737
365.9170117602762 181.6439835666284 0 0 12.0 1 738
175.54323870438486 217.95560346804615 0 0 13.0 1 739
98.50043631395977 323.7175439755158 0 0 11.0 1 740
247.08919713944968 480.91530367329733 0 0 11.0 1 741
81.21916249762387 234.89464684243674 0 0 11.0 1 742
138.50275315755295 383.776871638913 0 0 13.0 1 743
61.915063284411474 436.03575399539335 0 0 12.0 1 744
391.41991621045304 676.8670839268625 0 0 10.0 1 745
139.61129704341658 311.553839130304 0 0 10.0 1 746
634.1482681931549 192.28965239510478 0 0 10.0 1 747
283.912262277416 200.2886153709495 0 0 10.0 1 748
76.47819057724058 246.71060432037794 0 0 11.0 1 749
112.03840817124717 539.5640413267356 0 0 13.0 1 750
594.5291256464138 358.0545678858619 0 0 12.0 1 751
202.8953234803311 504.30122959043524 0 0 13.0 1 752
672.0420969765494 291.1785982786396 0 0 10.0 1 753
403.2586649580646 645.9784159284937 0 0 10.0 1 754
320.8901815894859 643.4699912331199 0 0 11.0 1 755
264.19153258668894 407.2152739967112 0 0 10.0 1 756
163.99961409267323 295.75117338025893 0 0 10.0 1 757
178.48511632381656 256.3784267252064 0 0 12.0 1 758
503.1977404208147 560.7209580983083 0 0 10.0 1 759
498.7384127009493 316.9835807969471 0 0 12.0 1 760
32.12973620438322 390.22917531918023 0 0 12.0 1 761
688.2819307186259 263.41841844105994 0 0 12.0 1 762
352.25212704088943 279.086226475721 0 0 13.0 1 763
84.82274944066609 497.7921302041164 0 0 13.0 1 764
277.3456186327499 591.0102163011633 0 0 10.0 1 765
587.9149813848499 328.663054655168 0 0 10.0 1 766
224.10948829911518 97.4069929862871 0 0 13.0 1 767
321.6906674525457 58.87297316692684 0 0 10.0 1 768
146.9288615928212 268.9275051534665 0 0 11.0 1 769
428.443997035054 678.5515015803537 0 0 13.0 1 770
350.03843825320735 163.21350894144862 0 0 11.0 1 771
590.4306710118092 446.39137352991503 0 0 11.0 1 772
490.55236665193985 274.2014749938114 0 0 12.0 1 773
187.9950492086683 285.3924049638724 0 0 12.0 1 774
406.01295293936397 249.11976803786058 0 0 12.0 1 775
538.7783253801564 192.0563143428504 0 0 12.0 1 776
551.0465508329814 557.1907741613977 0 0 10.0 1 777
500.69850215411844 80.49286132557694 0 0 12.0 1 778
307.04618499958036 151.8375768234285 0 0 10.0 1 779
338.41184410568746 551.9963784224409 0 0 12.0 1 780
675.5490587003236 168.32627199148018 0 0 12.0 1 781
419.39649974923833 191.90200434055643 0 0 10.0 1 782
213.0336727376951 620.3737563096947 0 0 10.0 1 783
395.2298451133927 553.9261044214327 0 0 13.0 1 784
175.03513559353595 403.97615173015845 0 0 13.0 1 785
295.95640517513715 512.1781189712137 0 0 12.0 1 786
257.1786126639007 268.7062403638623 0 0 12.0 1 787
477.43789675437085 751.5727124596837 0 0 12.0 1 788
564.0160774958459 548.1206478613858 0 0 13.0 1 789
163.9740738042492 448.7110065943827 0 0 12.0 1 790
579.9810867739058 477.60675488437715 0 0 12.0 1 791
259.35736310722405 240.03547678361062 0 0 13.0 1 792
687.9571712775546 296.4786615724608 0 0 10.0 1 793
300.7613196159192 120.07021538316747 0 0 10.0 1 794
588.2206513788692 503.913360038612 0 0 11.0 1 795
586.0496113758754 259.73403083111816 0 0 10.0 1 796
604.834558320604 584.9832525327714 0 0 10.0 1 797
466.00616776460646 57.29869300361486 0 0 13.0 1 798
760.0678670405512 329.0061191026441 0 0 13.0 1 799
316.39428162554657 724.3995743756326 0 0 12.0 1 800
114.00952084921636 453.7628666935199 0 0 12.0 1 801
561.5522236590538 133.08263632574392 0 0 11.0 1 802
203.129873516 126.48372388800357 0 0 12.0 1 803
281.86440572714173 330.6243460153447 0 0 13.0 1 804
643.9905066327833 397.8476354682118 0 0 13.0 1 805
269.9220682259302 252.0515912036211 0 0 12.0 1 806
326.64586885873655 534.2690263780531 0 0 11.0 1 807
348.0920995685446 173.88151364207724 0 0 13.0 1 808
259.605784297785 100.24932994677073 0 0 12.0 1 809
444.9570011712875 604.1074914002053 0 0 11.0 1 810
268.0193826029265 416.4352253251148 0 0 10.0 1 811
558.5024384962369 504.7710694359212 0 0 10.0 1 812
542.2623605866141 122.32137143754801 0 0 13.0 1 813
510.2746690355394 539.7265091852732 0 0 13.0 1 814
584.3880180750232 698.6671371114755 0 0 11.0 1 815
364.8330308549084 692.8963712324688 0 0 11.0 1 816
138.73606911954448 444.3413849681374 0 0 10.0 1 817
245.80952995786419 313.08452986846805 0 0 11.0 1 818
313.7366603734399 52.54836849358048 0 0 13.0 1 819
83.79375130856943 422.41892701476024 0 0 13.0 1 820
255.50972460594812 257.4112195277937 0 0 12.0 1 821
392.84644944757736 546.8258380343661 0 0 13.0 1 822
510.4035722006625 147.04338070464908 0 0 11.0 1 823
647.1350811147195 316.0640024636565 0 0 13.0 1 824
426.72096334856207 159.47975112742628 0 0 11.0 1 825
447.90387720637216 172.99951861593593 0 0 12.0 1 826
399.0637470133578 187.0020576851856 0 0 11.0 1 827
618.4437613663104 286.8703260848929 0 0 11.0 1 828
441.78236358036554 267.4283812664334 0 0 12.0 1 829
57.12092260354194 390.8929541697794 0 0 13.0 1 830
102.57183374408692 381.5477394976949 0 0 13.0 1 831
615.6897971155913 309.25909731419324 0 0 12.0 1 832
545.2689064168923 128.41033740504741 0 0 11.0 1 833
622.9283594863775 672.409519908377 0 0 13.0 1 834
490.8115139996171 553.0923542346167 0 0 11.0 1 835
655.0046629606277 479.13041051540586 0 0 10.0 1 836
545.9299925219417 234.03181846345956 0 0 11.0 1 837
695.5826614422374 415.7127417952332 0 0 11.0 1 838
612.6742506821155 323.54306377573903 0 0 13.0 1 839
137.30421973439502 289.47431506366956 0 0 11.0 1 840
345.9183917759315 89.67729755640119 0 0 10.0 1 841
704.6346735168553 249.01087558609063 0 0 12.0 1 842
484.9733662519877 661.542591230961 0 0 10.0 1 843
370.69788341381206 212.27310804370768 0 0 12.0 1 844
577.5089690878439 489.95313164849176 0 0 10.0 1 845
390.24286500466684 714.8488499529303 0 0 11.0 1 846
183.39584094730594 617.558356035973 0 0 12.0 1 847
574.3675839303739 215.30580497946346 0 0 10.0 1 848
570.6997322621041 502.2868584210403 0 0 13.0 1 849
233.0387495925979 660.0095014848434 0 0 13.0 1 850
261.2247919026997 633.934695198363 0 0 12.0 1 851
386.6456735350116 558.4381960408111 0 0 10.0 1 852
712.5338257779363 572.5445094594627 0 0 12.0 1 853
461.0612315104256 620.7091434590561 0 0 13.0 1 854
483.0205871788648 558.5830448202976 0 0 11.0 1 855
488.7920964758591 720.9438636326013 0 0 13.0 1 856
557.3366897245219 542.0885852787954 0 0 12.0 1 857
581.9569501240424 345.30385478338764 0 0 11.0 1 858
548.8147785140152 522.8949213589584 0 0 12.0 1 859
696.6113854560008 444.9631628988857 0 0 12.0 1 860
433.4848816570016 207.89647920869177 0 0 12.0 1 861
272.22855662960853 567.9150328560455 0 0 13.0 1 862
262.35891870891993 622.9325744278352 0 0 11.0 1 863
524.9878577937548 166.32707601408302 0 0 13.0 1 864
381.45494303504 233.02670614087296 0 0 10.0 1 865
359.22271846021505 622.290830468162 0 0 10.0 1 866
513.4782743271037 330.63371672244074 0 0 13.0 1 867
678.4753210499327 497.3472935737657 0 0 12.0 1 868
592.5894834093485 326.8885037759433 0 0 11.0 1 869
589.1374169921091 473.7294886294012 0 0 13.0 1 870
474.3509003578684 583.5100640727214 0 0 13.0 1 871
252.7331834089388 454.41952527480134 0 0 13.0 1 872
50.876381570975695 424.75275853364695 0 0 10.0 1 873
624.9073098128388 305.381280960099 0 0 12.0 1 874
381.3789324053564 76.53554160984595 0 0 12.0 1 875
615.078144209682 337.4109284034406 0 0 12.0 1 876
234.84276041694648 201.79029737849396 0 0 12.0 1 877
342.6517462817841 169.01260251807864 0 0 11.0 1 878
201.1265078143597 421.1975023502314 0 0 13.0 1 879
592.2162342539556 196.4000999773613 0 0 11.0 1 880
601.2328566899638 221.48855109994628 0 0 13.0 1 881
370.3166938402447 647.2243947013042 0 0 13.0 1 882
529.495302775586 369.66904948638546 0 0 13.0 1 883
587.3767235038979 298.71345850043156 0 0 13.0 1 884
544.2607156667933 624.6727529437084 0 0 10.0 1 885
448.7898958996749 235.0650247579402 0 0 13.0 1 886
464.8281894662746 671.3637887606319 0 0 10.0 1 887
130.4845443296444 524.7814856250741 0 0 13.0 1 888
329.72442512830486 523.3910190267216 0 0 13.0 1 889
753.3426654873347 297.1750966627953 0 0 13.0 1 890
215.89321710438065 275.9488311549412 0 0 11.0 1 891
591.8713729164974 526.8281366855888 0 0 10.0 1 892
503.7635045834945 206.00738386074815 0 0 11.0 1 893
322.7666400561011 750.593793601336 0 0 13.0 1 894
578.7615142885744 586.033118044223 0 0 10.0 1 895
334.1428860087544 759.0095270835359 0 0 13.0 1 896
565.4680934810056 503.1761117689614 0 0 12.0 1 897
485.0688717656963 57.40360910174269 0 0 11.0 1 898
679.8561953330076 228.93127131549292 0 0 12.0 1 899
504.51188390053017 591.3145737354112 0 0 10.0 1 900
311.694745355607 529.8121026799463 0 0 13.0 1 901
364.6489298785778 246.00551360106985 0 0 12.0 1 902
256.06759463599485 544.5664645971938 0 0 11.0 1 903
343.75786347377516 573.0919468922962 0 0 13.0 1 904
478.28547444360294 656.3111087938639 0 0 13.0 1 905
454.2626800185257 88.69378169203384 0 0 13.0 1 906
676.314472752269 167.68273385812319 0 0 12.0 1 907
194.77174133620238 279.4787908879712 0 0 10.0 1 908
599.0384024370167 265.89662809861863 0 0 12.0 1 909
563.670588549146 592.9272879713394 0 0 10.0 1 910
397.2782668192728 604.9819313219898 0 0 10.0 1 911
596.217668963287 503.8394259740196 0 0 13.0 1 912
276.9056890323032 169.85050378636942 0 0 11.0 1 913
480.4914287204907 279.39266231885324 0 0 13.0 1 914
367.6940724124752 669.0675139118612 0 0 11.0 1 915
389.7063555469256 263.38725943795106 0 0 12.0 1 916
515.6733457876393 239.30252934693328 0 0 10.0 1 917
135.42621321976242 299.5524447845275 0 0 12.0 1 918
734.2189411564843 456.73358240265156 0 0 10.0 1 919
311.7055427853897 656.2129755207127 0 0 11.0 1 920
569.3271146306095 570.08329797741 0 0 11.0 1 921
587.6066034753057 621.1419506390848 0 0 10.0 1 922
218.7454851690117 263.3405661749507 0 0 12.0 1 923
484.23872354144646 519.24695994493 0 0 11.0 1 924
368.36331423219764 60.4707374707898 0 0 12.0 1 925
137.04106960488872 404.64767957791855 0 0 13.0 1 926
618.1628612435557 258.5610874828816 0 0 11.0 1 927
379.3720145116582 601.9492169202267 0 0 13.0 1 928
127.10774598349462 433.9826087549366 0 0 10.0 1 929
357.4420068311942 754.4542526440384 0 0 13.0 1 930
244.19672521772026 470.4722609763404 0 0 11.0 1 931
314.3825742760334 550.3284950114285 0 0 12.0 1 932
649.0519644358548 650.1641841084406 0 0 13.0 1 933
603.5299404921768 483.5198379024467 0 0 11.0 1 934
596.5832834616865 464.8383579636486 0 0 10.0 1 935
534.2436218612925 126.13205738976615 0 0 10.0 1 936
237.13870215079146 344.6809466560447 0 0 12.0 1 937
589.9429846364282 225.39856075219308 0 0 11.0 1 938
292.80244617836763 275.88439076949976 0 0 12.0 1 939
642.4625784364911 133.89494920627976 0 0 13.0 1 940
668.727094481667 337.0575763777623 0 0 12.0 1 941
428.6786836574397 542.1356151837972 0 0 13.0 1 942
574.993191232529 398.45629593007 0 0 10.0 1 943
345.37004276677266 578.842298611642 0 0 11.0 1 944
617.877751505215 589.8691270297301 0 0 12.0 1 945
137.25038154228344 374.33605641518875 0 0 12.0 1 946
172.31553835203803 598.4030895023506 0 0 11.0 1 947
707.6244589116166 542.4366254842313 0 0 12.0 1 948
505.82944664413094 506.3020612358813 0 0 10.0 1 949
132.20896560844147 576.9998923714338 0 0 11.0 1 950
236.50099663504415 614.8675775883047 0 0 13.0 1 951
591.0677307405977 427.2419211811225 0 0 13.0 1 952
308.32002224817796 534.7730747568869 0 0 12.0 1 953
362.66258733366107 670.4346827154083 0 0 13.0 1 954
434.05885724941464 606.2061935123772 0 0 10.0 1 955
536.7256686734067 300.66676525044693 0 0 13.0 1 956
396.77375042479656 642.978582006066 0 0 13.0 1 957
116.8039785540239 161.88235378878312 0 0 11.0 1 958
413.00297007316755 527.337829293876 0 0 12.0 1 959
342.39291031529825 535.2420911479068 0 0 12.0 1 960
298.4094378476719 77.6285408390284 0 0 10.0 1 961
330.83805808366515 507.70620126232996 0 0 12.0 1 962
356.76345630739223 541.5436374038665 0 0 11.0 1 963
365.44980380060076 132.21970957035876 0 0 13.0 1 964
337.4827309831827 201.61756359324826 0 0 11.0 1 965
366.2294615264514 37.56993677233868 0 0 13.0 1 966
424.5161555286198 690.9689985515579 0 0 12.0 1 967
687.9151624414558 500.6472018305035 0 0 13.0 1 968
527.4125524190775 473.31467442508233 0 0 12.0 1 969
553.1697718286222 87.52116712012662 0 0 11.0 1 970
404.86788637763027 180.05386186110363 0 0 10.0 1 971
265.4332378088325 351.61832461162845 0 0 11.0 1 972
638.8154384360166 444.9019639282422 0 0 10.0 1 973
276.4363663561684 269.1106251801432 0 0 11.0 1 974
501.82222407646424 217.4808648822751 0 0 11.0 1 975
441.3599201612791 573.1281519691486 0 0 10.0 1 976
264.0000000617904 399.99590036794314 0 0 10.0 1 977
455.6040496355138 111.30606230103945 0 0 13.0 1 978
314.05215523255697 78.28278258720513 0 0 11.0 1 979
499.4961319791439 84.30787193661484 0 0 11.0 1 980
225.6438436516021 515.2429205782855 0 0 12.0 1 981
335.10771405631084 226.75453476352556 0 0 13.0 1 982
307.9762752488416 701.2584174474184 0 0 13.0 1 983
614.9623956203814 682.5175542672466 0 0 10.0 1 984
650.0724729634284 253.15396407816996 0 0 11.0 1 985
93.21476451660715 295.79434137533997 0 0 13.0 1 986
448.1264523649262 91.73413328302712 0 0 10.0 1 987
134.00000012085474 399.9919816020064 0 0 11.0 1 988
321.67471578792964 519.641756310656 0 0 13.0 1 989
296.2907228994882 739.5134545835986 0 0 12.0 1 990
261.8416266741185 575.046462060638 0 0 10.0 1 991
233.73885601841621 310.12101468121114 0 0 12.0 1 992
92.68196525069965 247.66935463332462 0 0 13.0 1 993
608.6919114757231 178.94867997542082 0 0 13.0 1 994
163.22021667894506 174.4687733141278 0 0 10.0 1 995
762.8545948745076 455.00493594630353 0 0 13.0 1 996
535.6619971278908 317.073390668181 0 0 11.0 1 997
396.0036990858591 700.9734698922874 0 0 10.0 1 998
177.74998963515554 156.06367041207957 0 0 12.0 1 999
245.90051469223818 522.7287603941427 0 0 12.0 1 1000
406.57164660980084 103.07271351248988 0 0 11.0 1 1001
734.7900500378668 411.85843141577635 0 0 12.0 1 1002
511.84278141111486 309.2961288244786 0 0 10.0 1 1003
719.1909292420038 434.0316130917435 0 0 10.0 1 1004
288.57845696610417 546.4282750972151 0 0 11.0 1 1005
478.1059963355385 592.7782491268993 0 0 11.0 1 1006
699.7136362488218 551.8806644919258 0 0 10.0 1 1007
561.273850567043 661.2273820319743 0 0 12.0 1 1008
155.49810995635409 468.81007023019873 0 0 11.0 1 1009
347.14809997033507 149.51511689673904 0 0 11.0 1 1010
415.8706969963583 124.45668039879865 0 0 11.0 1 1011
193.0722121486797 662.1772122343186 0 0 10.0 1 1012
490.23048507997936 540.5256544629187 0 0 11.0 1 1013
653.5130720720435 384.2798763174449 0 0 10.0 1 1014
383.8740208724668 591.3215952190927 0 0 12.0 1 1015
340.7026154499665 572.0692307925082 0 0 10.0 1 1016
198.786639183693 373.12652927129324 0 0 10.0 1 1017
608.6204947526614 472.9279724739058 0 0 12.0 1 1018
498.78986072121904 588.7049639481753 0 0 12.0 1 1019
189.88683492740313 477.6431443411178 0 0 12.0 1 1020
283.6864163969064 512.7614751118756 0 0 10.0 1 1021
491.89548022345923 140.80852499648103 0 0 12.0 1 1022
464.6696254240946 118.3284899967565 0 0 12.0 1 1023
297.3377424679404 559.876392498771 0 0 11.0 1 1024
637.076315594425 453.32748432255744 0 0 10.0 1 1025
692.6083910478367 371.42851966739653 0 0 12.0 1 1026
443.58591884282737 261.7058653498766 0 0 11.0 1 1027
137.23504745626303 527.3521877106463 0 0 11.0 1 1028
57.21459784709509 412.13128479886836 0 0 12.0 1 1029
268.95769615553775 279.53459167405924 0 0 12.0 1 1030
301.03125062138577 606.5095316115774 0 0 11.0 1 1031
551.6403108018543 563.506012549744 0 0 11.0 1 1032
548.4982363268894 421.1724776019087 0 0 11.0 1 1033
499.6196193448901 51.97711075048642 0 0 13.0 1 1034
615.5376067646939 432.6732317065236 0 0 12.0 1 1035
521.3510988186034 521.8930302171439 0 0 13.0 1 1036
198.86586301309634 186.94118432101084 0 0 11.0 1 1037
589.867865560519 136.22889918057234 0 0 12.0 1 1038
119.90623175954181 452.65435397818965 0 0 10.0 1 1039
315.140905133423 306.8606741573395 0 0 11.0 1 1040
248.40599691731757 372.8843545279176 0 0 12.0 1 1041
413.79182653715594 607.5422499655649 0 0 11.0 1 1042
134.57129802845674 589.2712449626241 0 0 11.0 1 1043
320.35059476222796 147.25314592409035 0 0 10.0 1 1044
437.7581078999361 107.42637629509937 0 0 10.0 1 1045
628.3766125467412 359.1573404186789 0 0 13.0 1 1046
304.59080120711644 145.28234300367 0 0 11.0 1 1047
115.00603932380295 458.8170245600222 0 0 13.0 1 1048
719.057982746443 212.64471278938925 0 0 11.0 1 1049
432.66778905134873 49.51916520514766 0 0 10.0 1 1050
571.1501772320578 470.2325909634211 0 0 13.0 1 1051
203.4147621172557 464.8324320582287 0 0 10.0 1 1052
447.13234809764657 720.5534928257721 0 0 11.0 1 1053
667.8229341290397 190.5462438758568 0 0 12.0 1 1054
133.55750946023278 509.32702883992624 0 0 12.0 1 1055
169.32532373180246 412.25535509735505 0 0 13.0 1 1056
538.857692608112 616.2580430956294 0 0 12.0 1 1057
415.1842705625419 628.4960348178574 0 0 13.0 1 1058
288.5317145030407 536.201399876684 0 0 11.0 1 1059
360.6261430711391 275.05721553228614 0 0 11.0 1 1060
114.49829290902807 343.6992429168057 0 0 10.0 1 1061
245.73412552671942 384.9321543346752 0 0 12.0 1 1062
301.7493836516716 252.7729087865498 0 0 12.0 1 1063
482.0602134441617 269.68453134988687 0 0 10.0 1 1064
274.80929735675016 469.1106936131407 0 0 13.0 1 1065
418.0044064658002 206.83726718692796 0 0 13.0 1 1066
682.3085583675324 510.04943376703727 0 0 12.0 1 1067
683.1310495039008 259.6689314270725 0 0 11.0 1 1068
365.0609378607508 259.27238388706473 0 0 11.0 1 1069
464.2916437266429 274.5106197842765 0 0 11.0 1 1070
559.6992372325111 279.6000264644791 0 0 11.0 1 1071
539.7368325784472 294.6500231564192 0 0 11.0 1 1072
475.9814263636981 718.0500319882674 0 0 13.0 1 1073
313.33160480106875 713.2308881219121 0 0 11.0 1 1074
585.9648754130059 465.00819265773504 0 0 10.0 1 1075
121.62080483914355 305.4430134702159 0 0 10.0 1 1076
161.01984316725265 615.806590817323 0 0 11.0 1 1077
320.17659772110875 631.6316568360687 0 0 13.0 1 1078
279.98354677986595 569.882462180354 0 0 11.0 1 1079
187.17877795366408 166.4124843945974 0 0 13.0 1 1080
56.906234164533885 458.22944139212007 0 0 13.0 1 1081
329.85259147236997 564.6825463637776 0 0 12.0 1 1082
152.50187584988865 435.2800020149668 0 0 11.0 1 1083
66.70246021557318 286.7889140867891 0 0 12.0 1 1084
130.91257387883212 614.308089216168 0 0 12.0 1 1085
133.0357359559901 553.6036514000893 0 0 12.0 1 1086
244.83514058094923 109.88818293377602 0 0 10.0 1 1087
478.9436336357058 758.4088485352886 0 0 13.0 1 1088
391.6090250962408 254.24132430567133 0 0 10.0 1 1089
489.38394901772125 275.8246817680848 0 0 13.0 1 1090
180.3313179665216 167.30777809803232 0 0 11.0 1 1091
408.0456744753562 659.8754838807166 0 0 13.0 1 1092
665.7398909763613 388.23945818120313 0 0 13.0 1 1093
570.560108613781 428.9525361523856 0 0 11.0 1 1094
142.08464197956027 226.21660580714735 0 0 13.0 1 1095
275.784527208153 355.3399919491955 0 0 12.0 1 1096
512.0091709717576 469.84229104360463 0 0 12.0 1 1097
424.5345087445866 533.7686730167486 0 0 13.0 1 1098
57.007982049403836 464.47848960837956 0 0 11.0 1 1099
608.6025290281793 443.05792474153424 0 0 13.0 1 1100
414.34688265899587 694.6509239048285 0 0 12.0 1 1101
291.3497454132836 336.1946539995141 0 0 11.0 1 1102
582.81205210857 696.1144265378732 0 0 13.0 1 1103
53.1036489506381 372.30665010082936 0 0 11.0 1 1104
601.3441990817432 655.1186263214258 0 0 11.0 1 1105
697.5197556874768 528.288717257848 0 0 13.0 1 1106
614.8753791076222 492.6529624640013 0 0 10.0 1 1107
312.66278830307556 502.94275813774664 0 0 11.0 1 1108
222.92272847198925 107.41216719043979 0 0 10.0 1 1109
96.25851007161248 518.3938651116824 10 -6 11.0 1 1110
598.0247509749198 271.61698709984637 5 11 13.0 1 1111
233.72063426316276 321.2143888127082 0 18 13.0 1 1112
188.73561608138482 275.9340494434997 -14 7 11.0 1 1113
399.33627135688744 249.0014587345682 -6 13 11.0 1 1114
585.9629560094096 121.35546121941957 -5 -1 11.0 1 1115
556.7972584277932 322.2850094928408 -2 -13 13.0 1 1116
652.3461029766545 223.4059901568129 -2 10 10.0 1 1117
666.6435768125359 628.2590697970559 18 20 13.0 1 1118
287.048390328434 554.0225109281179 -5 12 12.0 1 1119
241.6220342125516 414.05062109053625 -10 5 12.0 1 1120
550.8523441256787 393.3239029524875 -4 20 13.0 1 1121
607.8053129520949 496.2182514333008 -13 -14 10.0 1 1122
634.4025526852882 593.5754201716237 -7 -8 10.0 1 1123
572.2181616877023 255.20391999467512 8 -16 10.0 1 1124
705.7257524175486 328.3915905167296 2 7 11.0 1 1125
153.60798963248513 277.8690161054352 1 12 10.0 1 1126
703.7874251436972 206.83374951984342 -11 14 12.0 1 1127
52.365345535726476 430.8406714502965 -14 15 13.0 1 1128
566.9630658772605 461.7036030784714 7 -14 11.0 1 1129
633.7437856658514 529.045893629346 16 21 11.0 1 1130
591.5959016463136 661.2795638245291 -9 -2 11.0 1 1131
546.0473339574278 365.7921610748708 6 15 12.0 1 1132
532.5443775667934 602.4746600822713 -13 22 10.0 1 1133
615.6918824725594 452.54533124306704 20 18 13.0 1 1134
532.4507159478421 501.71434434190706 -8 9 13.0 1 1135
398.8791337483861 145.00246342592644 -2 3 10.0 1 1136
226.37795670339773 330.5421992752955 -5 -13 12.0 1 1137
562.541959835589 638.9583882034815 -17 -10 11.0 1 1138
188.1158579486481 668.4569059405299 1 11 10.0 1 1139
263.6482681632514 326.2897210348557 16 8 10.0 1 1140
210.6305831614157 631.3876054723211 -9 9 10.0 1 1141
361.3702798399511 178.34092682600084 13 -10 10.0 1 1142
59.99060242690041 505.49696470504676 -9 -12 12.0 1 1143
454.1097003237916 548.4457487800491 -15 12 11.0 1 1144
605.9193240253844 370.6532456150812 1 -5 11.0 1 1145
457.0363638148092 745.3213766953686 -9 -2 10.0 1 1146
425.5564910027857 60.96185204666932 11 -7 11.0 1 1147
158.59165906649474 660.2825636260187 16 21 12.0 1 1148
442.3885376444284 707.0882802654098 15 -15 10.0 1 1149
541.3076421993087 615.861414467876 7 5 10.0 1 1150
570.4379869756685 342.1131051473493 -14 4 10.0 1 1151
183.61457992992567 534.9160849606061 2 -16 13.0 1 1152
590.3483342963 546.1763032458545 0 0 10.0 1 1153
248.01695214056005 453.123941526916 -12 -7 10.0 1 1154
378.8501454480591 32.60826948278799 5 -14 11.0 1 1155
227.3731550657265 150.98399166310955 21 10 12.0 1 1156
478.2390253265422 201.8897909850361 1 -9 12.0 1 1157
283.2013569154065 104.22630784060976 0 -5 13.0 1 1158
751.380748216541 515.8946495002415 -3 11 13.0 1 1159
463.9943037663849 631.3108927081811 -15 9 11.0 1 1160
300.10447587903855 261.21280945058936 17 15 11.0 1 1161
650.8904514973149 258.58578095724084 16 -13 12.0 1 1162
763.9373211918173 438.8023999737636 -11 18 10.0 1 1163
399.4329735433012 271.00124620370394 15 13 13.0 1 1164
729.9871606099119 397.08901518241765 17 -2 10.0 1 1165
129.81727241057507 151.6246918223581 6 -13 13.0 1 1166
209.9286382043219 474.08695853614483 13 -16 11.0 1 1167
306.03000193668214 572.0047658176367 8 13 12.0 1 1168
494.9413499281411 68.32072709645803 12 1 10.0 1 1169
384.96087757500203 547.233911843318 6 13 10.0 1 1170
106.93375254610436 331.34743556652813 -4 3 12.0 1 1171
412.3529091368982 653.6994395655133 21 7 10.0 1 1172
43.16842416812557 352.3426134860373 22 -12 11.0 1 1173
278.3408863345951 346.25932581230404 -16 -15 11.0 1 1174
