400 400 -7.071067811865475 7.0710678118654755 5 2 -1 10 187
57.15728752538104 742.842712474619
800.0 400.0 0 0 24.0 1 0
799.4518139018296 420.9343824971775 0 0 24.0 1 1
797.8087581473094 441.8113853070614 0 0 24.0 1 2
795.0753362380551 462.57378601609236 0 0 24.0 1 3
791.2590402935223 483.16467632710373 0 0 24.0 1 4
786.3703305156273 503.5276180410083 0 0 24.0 1 5
780.4226065180615 523.6067977499789 0 0 24.0 1 6
773.4321705988807 543.3471798181201 0 0 24.0 1 7
765.4181830570403 562.6946572303201 0 0 24.0 1 8
756.4026096753471 581.5961998958187 0 0 24.0 1 9
746.4101615137755 600.0 0 0 24.0 1 10
735.4682271781696 617.8556140060108 0 0 24.0 1 11
723.606797749979 635.1141009169893 0 0 24.0 1 12
710.8583845827884 651.728156419935 0 0 24.0 1 13
697.2579301909577 667.6522425435433 0 0 24.0 1 14
682.842712474619 682.842712474619 0 0 24.0 1 15
667.6522425435433 697.2579301909577 0 0 24.0 1 16
651.728156419935 710.8583845827884 0 0 24.0 1 17
635.1141009169893 723.606797749979 0 0 24.0 1 18
617.8556140060108 735.4682271781696 0 0 24.0 1 19
600.0 746.4101615137754 0 0 24.0 1 20
581.5961998958187 756.4026096753471 0 0 24.0 1 21
562.6946572303201 765.4181830570403 0 0 24.0 1 22
543.3471798181201 773.4321705988807 0 0 24.0 1 23
523.606797749979 780.4226065180615 0 0 24.0 1 24
503.5276180410083 786.3703305156273 0 0 24.0 1 25
483.1646763271038 791.2590402935223 0 0 24.0 1 26
462.57378601609236 795.0753362380551 0 0 24.0 1 27
441.8113853070614 797.8087581473094 0 0 24.0 1 28
420.9343824971776 799.4518139018296 0 0 24.0 1 29
400.0 800.0 0 0 24.0 1 30
379.0656175028225 799.4518139018296 0 0 24.0 1 31
358.1886146929386 797.8087581473094 0 0 24.0 1 32
337.4262139839077 795.0753362380551 0 0 24.0 1 33
316.83532367289627 791.2590402935223 0 0 24.0 1 34
296.47238195899166 786.3703305156273 0 0 24.0 1 35
276.3932022500211 780.4226065180615 0 0 24.0 1 36
256.65282018187986 773.4321705988807 0 0 24.0 1 37
237.3053427696799 765.4181830570403 0 0 24.0 1 38
218.4038001041813 756.4026096753471 0 0 24.0 1 39
43.597390324652906 581.5961998958187 0 0 24.0 1 40
34.58181694295968 562.6946572303202 0 0 24.0 1 41
26.567829401119297 543.3471798181201 0 0 24.0 1 42
19.5773934819386 523.606797749979 0 0 24.0 1 43
13.629669484372698 503.5276180410084 0 0 24.0 1 44
8.740959706477724 483.16467632710373 0 0 24.0 1 45
4.924663761944942 462.5737860160924 0 0 24.0 1 46
2.1912418526906663 441.81138530706147 0 0 24.0 1 47
0.5481860981704472 420.9343824971775 0 0 24.0 1 48
0.0 400.00000000000006 0 0 24.0 1 49
0.5481860981704472 379.0656175028226 0 0 24.0 1 50
2.1912418526906663 358.1886146929386 0 0 24.0 1 51
4.924663761944885 337.4262139839077 0 0 24.0 1 52
8.740959706477781 316.8353236728962 0 0 24.0 1 53
13.629669484372698 296.47238195899166 0 0 24.0 1 54
19.577393481938543 276.3932022500211 0 0 24.0 1 55
26.567829401119297 256.65282018187986 0 0 24.0 1 56
34.58181694295968 237.30534276967992 0 0 24.0 1 57
43.59739032465285 218.40380010418136 0 0 24.0 1 58
53.58983848622455 199.99999999999994 0 0 24.0 1 59
64.53177282183037 182.14438599398918 0 0 24.0 1 60
76.39320225002103 164.8858990830108 0 0 24.0 1 61
89.14161541721171 148.27184358006497 0 0 24.0 1 62
102.74206980904228 132.3477574564567 0 0 24.0 1 63
117.15728752538092 117.15728752538104 0 0 24.0 1 64
132.34775745645675 102.74206980904228 0 0 24.0 1 65
148.27184358006485 89.14161541721177 0 0 24.0 1 66
164.8858990830107 76.39320225002109 0 0 24.0 1 67
182.1443859939892 64.53177282183032 0 0 24.0 1 68
199.99999999999983 53.58983848622461 0 0 24.0 1 69
218.40380010418124 43.597390324652906 0 0 24.0 1 70
237.30534276967995 34.58181694295962 0 0 24.0 1 71
256.65282018187975 26.567829401119354 0 0 24.0 1 72
276.393202250021 19.5773934819386 0 0 24.0 1 73
296.4723819589917 13.629669484372698 0 0 24.0 1 74
316.8353236728961 8.740959706477781 0 0 24.0 1 75
337.4262139839076 4.924663761944942 0 0 24.0 1 76
358.18861469293864 2.1912418526906663 0 0 24.0 1 77
379.0656175028223 0.5481860981704472 0 0 24.0 1 78
399.99999999999994 0.0 0 0 24.0 1 79
420.9343824971776 0.5481860981704472 0 0 24.0 1 80
441.8113853070612 2.1912418526906663 0 0 24.0 1 81
462.5737860160923 4.924663761944885 0 0 24.0 1 82
483.1646763271038 8.740959706477781 0 0 24.0 1 83
503.5276180410081 13.629669484372641 0 0 24.0 1 84
523.6067977499789 19.577393481938543 0 0 24.0 1 85
543.3471798181201 26.567829401119297 0 0 24.0 1 86
562.6946572303199 34.58181694295956 0 0 24.0 1 87
581.5961998958187 43.59739032465279 0 0 24.0 1 88
600.0 53.58983848622455 0 0 24.0 1 89
617.8556140060107 64.53177282183032 0 0 24.0 1 90
635.1141009169892 76.39320225002098 0 0 24.0 1 91
651.728156419935 89.14161541721171 0 0 24.0 1 92
667.6522425435431 102.74206980904216 0 0 24.0 1 93
682.842712474619 117.15728752538092 0 0 24.0 1 94
697.2579301909577 132.34775745645675 0 0 24.0 1 95
710.8583845827882 148.27184358006485 0 0 24.0 1 96
723.6067977499789 164.88589908301066 0 0 24.0 1 97
735.4682271781696 182.1443859939892 0 0 24.0 1 98
746.4101615137754 199.99999999999983 0 0 24.0 1 99
756.4026096753471 218.40380010418122 0 0 24.0 1 100
765.4181830570403 237.30534276967995 0 0 24.0 1 101
773.4321705988806 256.6528201818797 0 0 24.0 1 102
780.4226065180615 276.3932022500209 0 0 24.0 1 103
786.3703305156273 296.4723819589917 0 0 24.0 1 104
791.2590402935223 316.83532367289604 0 0 24.0 1 105
795.0753362380551 337.4262139839076 0 0 24.0 1 106
797.8087581473094 358.18861469293864 0 0 24.0 1 107
799.4518139018296 379.06561750282225 0 0 24.0 1 108
800.0 399.9999999999999 0 0 24.0 1 109
290.7276911887609 576.9846392404188 0 0 13.0 1 110
466.8077497544631 517.3103770889218 0 0 13.0 1 111
633.0992087627968 585.6576388790886 0 0 13.0 1 112
571.6159628881733 236.5467611762767 0 0 13.0 1 113
398.2474693665562 531.9883655341592 0 0 11.0 1 114
112.5360818637293 343.31229613272876 0 0 13.0 1 115
686.0271941631512 499.98722017915594 0 0 13.0 1 116
280.5551541442961 273.4736043408051 0 0 11.0 1 117
192.83944625316178 372.33223949606054 0 0 12.0 1 118
262.6291517071769 469.60783030169944 0 0 13.0 1 119
212.39895975660994 469.32423601885523 0 0 11.0 1 120
521.8171473430265 566.122191814361 0 0 11.0 1 121
444.30625755278015 528.5805410692719 0 0 11.0 1 122
325.33613815273225 604.8153015134664 0 0 13.0 1 123
500.84784872645025 219.2274594767031 0 0 11.0 1 124
653.044594635389 431.5187741800288 0 0 11.0 1 125
533.9947864294794 398.8179637407393 0 0 10.0 1 126
129.06410884159772 424.0362826202884 0 0 11.0 1 127
76.22700624359334 500.4591883005923 0 0 12.0 1 128
576.4992997130726 510.0545192202255 0 0 11.0 1 129
65.96599706849531 355.3873909577627 0 0 10.0 1 130
152.34926530513857 413.157264346944 0 0 12.0 1 131
271.7922361634276 442.2820209075404 0 0 12.0 1 132
295.2395274735653 537.6744108250989 0 0 10.0 1 133
524.4968606111869 362.57632169389683 0 0 13.0 1 134
584.8190803095296 531.7987388161953 0 0 10.0 1 135
243.59459601491207 568.6337736168572 0 0 13.0 1 136
419.543845093783 224.08229731220848 0 0 11.0 1 137
480.20035338839295 560.0278204449992 0 0 10.0 1 138
514.2519000784368 627.9725933713676 0 0 10.0 1 139
563.670588549146 592.9272879713394 0 0 13.0 1 140
161.13636409989087 276.28596100449994 0 0 12.0 1 141
423.1087485050734 152.0746367502323 0 0 12.0 1 142
534.1473592753093 298.8640222301624 0 0 11.0 1 143
580.1437499232441 158.85848685140974 0 0 10.0 1 144
174.38541342604879 478.86100636604294 0 0 10.0 1 145
156.95400484883677 262.9976487757208 0 0 13.0 1 146
383.3350265020293 563.151091502055 0 0 10.0 1 147
552.0774937577937 473.7118436368824 0 0 12.0 1 148
182.78535894475817 365.103012862964 0 0 13.0 1 149
289.5447596238116 69.99448508632702 0 0 12.0 1 150
216.5106978248701 680.2796389095788 0 0 13.0 1 151
154.34060705151245 261.52450521416944 0 0 10.0 1 152
546.1510542242182 239.59778882711865 0 0 10.0 1 153
500.4230692068945 709.0957896365903 0 0 10.0 1 154
701.0694008895393 318.1390456443742 -14 14 12.0 1 155
599.4077645180578 622.7948461026664 21 -15 13.0 1 156
360.4152138449098 579.6915265254759 -8 -7 13.0 1 157
249.7392485755298 141.4991168654281 11 5 13.0 1 158
534.7988872677652 716.488957139696 -12 19 13.0 1 159
563.1362620008005 424.7297395943871 -13 19 11.0 1 160
115.97720986726472 259.21628401971986 5 22 12.0 1 161
367.89081618324605 594.3656356319756 7 -10 11.0 1 162
265.9408881471875 233.1942611022178 8 8 12.0 1 163
256.83412536893104 120.537064459129 20 22 12.0 1 164
463.6268511005495 264.16324569900644 15 9 10.0 1 165
224.17890746800984 668.566459970074 2 2 12.0 1 166
315.6152604480293 644.8677515124155 5 -8 12.0 1 167
718.4457385143733 561.3732060226712 -16 17 11.0 1 168
66.33477502402883 475.04343836561964 -16 -15 12.0 1 169
555.0241467730947 709.3275188489928 19 -5 12.0 1 170
224.59555458510508 181.74950050757468 2 12 13.0 1 171
226.65315793922036 435.7753035983641 -16 -8 11.0 1 172
393.98971955619794 128.06641154688737 13 -15 10.0 1 173
746.498862542714 350.61844214076154 16 12 13.0 1 174
475.1481359359093 161.56183681013204 -7 8 10.0 1 175
314.78841133451044 184.21541955667126 -7 2 13.0 1 176
720.158508231902 357.2503847184193 9 5 12.0 1 177
585.7787374535556 216.67716806092358 2 -2 12.0 1 178
195.7365805510492 234.33330004185515 3 10 12.0 1 179
368.5387800864088 198.4406002153493 10 3 13.0 1 180
393.43041275797924 534.8400553376832 21 6 11.0 1 181
656.763322513819 612.0414964379956 -1 -16 13.0 1 182
82.9215845215154 266.59355923474504 12 -12 11.0 1 183
336.9020200468224 531.6610987567261 -3 -3 13.0 1 184
583.5125247996665 551.5491776343633 -13 -13 10.0 1 185
435.14146507941325 654.5860904135817 -12 17 12.0 1 186
179.09695939494247 157.54207240958215 -5 16 11.0 1 187
427.3474436415667 598.1214711389741 1 -2 12.0 1 188
598.2465960189472 651.1937243780194 -15 -11 10.0 1 189
615.9113513665784 436.6508983663147 -13 -15 12.0 1 190
149.95668433521718 237.88170895496782 -5 -13 13.0 1 191
88.32291375115875 238.57387476795347 8 11 10.0 1 192
71.99310572151632 548.3626546870323 -10 -7 12.0 1 193
525.1431637369603 558.5660385136247 10 7 10.0 1 194
229.97136663995963 441.4157438387501 -12 11 11.0 1 195
246.8719146087183 259.23143296744 -12 -7 10.0 1 196
367.6989924944878 619.6375307503907 -13 -10 11.0 1 197
445.94727506932765 228.03242191126972 15 12 11.0 1 198
349.4468396644454 518.6818350889794 -10 -16 13.0 1 199
661.7773606018288 289.87001554372176 -14 -16 11.0 1 200
156.87195835845804 133.14843945079008 -9 21 11.0 1 201
318.4862425704141 623.6056961477293 -17 20 13.0 1 202
456.17066316353714 678.3897566358512 13 -14 10.0 1 203
395.2469244941447 757.9684459184016 -14 19 10.0 1 204
264.375649062515 425.4957924525971 20 -4 12.0 1 205
531.6160010534329 355.29845341934197 17 5 11.0 1 206
541.4389279778629 537.1277858512741 2 -8 11.0 1 207
210.58959049075762 611.6121375761351 -2 14 13.0 1 208
500.1525595584525 158.98036425658046 4 8 13.0 1 209
298.1145627564469 95.59836124342235 14 -17 13.0 1 210
517.7617976075609 657.334721761825 10 18 11.0 1 211
482.1237111786945 42.30642155297454 -1 5 13.0 1 212
559.9305824774478 351.92496709908283 12 12 11.0 1 213
435.5255066046526 615.0858860559724 10 21 12.0 1 214
626.7150525457223 424.17198686890197 -17 22 11.0 1 215
528.531600364267 419.4840372561838 -8 -10 13.0 1 216
598.6243741821017 353.4773390618243 15 4 13.0 1 217
56.917929915906996 451.99704978951695 1 3 10.0 1 218
141.80126893325865 554.7075152522481 -17 0 13.0 1 219
