400 400 -7.071067811865475 -7.071067811865477 5 2 -1 10 187
57.15728752538104 57.15728752538092
800.0 400.0 0 0 24.0 1 0
799.4518139018296 420.9343824971775 0 0 24.0 1 1
797.8087581473094 441.8113853070614 0 0 24.0 1 2
795.0753362380551 462.57378601609236 0 0 24.0 1 3
791.2590402935223 483.16467632710373 0 0 24.0 1 4
786.3703305156273 503.5276180410083 0 0 24.0 1 5
780.4226065180615 523.6067977499789 0 0 24.0 1 6
773.4321705988807 543.3471798181201 0 0 24.0 1 7
765.4181830570403 562.6946572303201 0 0 24.0 1 8
756.4026096753471 581.5961998958187 0 0 24.0 1 9
746.4101615137755 600.0 0 0 24.0 1 10
735.4682271781696 617.8556140060108 0 0 24.0 1 11
723.606797749979 635.1141009169893 0 0 24.0 1 12
710.8583845827884 651.728156419935 0 0 24.0 1 13
697.2579301909577 667.6522425435433 0 0 24.0 1 14
682.842712474619 682.842712474619 0 0 24.0 1 15
667.6522425435433 697.2579301909577 0 0 24.0 1 16
651.728156419935 710.8583845827884 0 0 24.0 1 17
635.1141009169893 723.606797749979 0 0 24.0 1 18
617.8556140060108 735.4682271781696 0 0 24.0 1 19
600.0 746.4101615137754 0 0 24.0 1 20
581.5961998958187 756.4026096753471 0 0 24.0 1 21
562.6946572303201 765.4181830570403 0 0 24.0 1 22
543.3471798181201 773.4321705988807 0 0 24.0 1 23
523.606797749979 780.4226065180615 0 0 24.0 1 24
503.5276180410083 786.3703305156273 0 0 24.0 1 25
483.1646763271038 791.2590402935223 0 0 24.0 1 26
462.57378601609236 795.0753362380551 0 0 24.0 1 27
441.8113853070614 797.8087581473094 0 0 24.0 1 28
420.9343824971776 799.4518139018296 0 0 24.0 1 29
400.0 800.0 0 0 24.0 1 30
379.0656175028225 799.4518139018296 0 0 24.0 1 31
358.1886146929386 797.8087581473094 0 0 24.0 1 32
337.4262139839077 795.0753362380551 0 0 24.0 1 33
316.83532367289627 791.2590402935223 0 0 24.0 1 34
296.47238195899166 786.3703305156273 0 0 24.0 1 35
276.3932022500211 780.4226065180615 0 0 24.0 1 36
256.65282018187986 773.4321705988807 0 0 24.0 1 37
237.3053427696799 765.4181830570403 0 0 24.0 1 38
218.4038001041813 756.4026096753471 0 0 24.0 1 39
200.00000000000009 746.4101615137755 0 0 24.0 1 40
182.14438599398918 735.4682271781696 0 0 24.0 1 41
164.8858990830108 723.606797749979 0 0 24.0 1 42
148.27184358006508 710.8583845827884 0 0 24.0 1 43
132.3477574564567 697.2579301909577 0 0 24.0 1 44
117.15728752538104 682.842712474619 0 0 24.0 1 45
102.74206980904233 667.6522425435434 0 0 24.0 1 46
89.14161541721165 651.728156419935 0 0 24.0 1 47
76.39320225002109 635.1141009169893 0 0 24.0 1 48
64.53177282183043 617.8556140060109 0 0 24.0 1 49
53.589838486224494 600.0 0 0 24.0 1 50
43.597390324652906 581.5961998958187 0 0 24.0 1 51
34.58181694295968 562.6946572303202 0 0 24.0 1 52
26.567829401119297 543.3471798181201 0 0 24.0 1 53
19.5773934819386 523.606797749979 0 0 24.0 1 54
13.629669484372698 503.5276180410084 0 0 24.0 1 55
8.740959706477724 483.16467632710373 0 0 24.0 1 56
4.924663761944942 462.5737860160924 0 0 24.0 1 57
2.1912418526906663 441.81138530706147 0 0 24.0 1 58
0.5481860981704472 420.9343824971775 0 0 24.0 1 59
0.0 400.00000000000006 0 0 24.0 1 60
0.5481860981704472 379.0656175028226 0 0 24.0 1 61
2.1912418526906663 358.1886146929386 0 0 24.0 1 62
4.924663761944885 337.4262139839077 0 0 24.0 1 63
8.740959706477781 316.8353236728962 0 0 24.0 1 64
13.629669484372698 296.47238195899166 0 0 24.0 1 65
19.577393481938543 276.3932022500211 0 0 24.0 1 66
26.567829401119297 256.65282018187986 0 0 24.0 1 67
34.58181694295968 237.30534276967992 0 0 24.0 1 68
43.59739032465285 218.40380010418136 0 0 24.0 1 69
218.40380010418124 43.597390324652906 0 0 24.0 1 70
237.30534276967995 34.58181694295962 0 0 24.0 1 71
256.65282018187975 26.567829401119354 0 0 24.0 1 72
276.393202250021 19.5773934819386 0 0 24.0 1 73
296.4723819589917 13.629669484372698 0 0 24.0 1 74
316.8353236728961 8.740959706477781 0 0 24.0 1 75
337.4262139839076 4.924663761944942 0 0 24.0 1 76
358.18861469293864 2.1912418526906663 0 0 24.0 1 77
379.0656175028223 0.5481860981704472 0 0 24.0 1 78
399.99999999999994 0.0 0 0 24.0 1 79
420.9343824971776 0.5481860981704472 0 0 24.0 1 80
441.8113853070612 2.1912418526906663 0 0 24.0 1 81
462.5737860160923 4.924663761944885 0 0 24.0 1 82
483.1646763271038 8.740959706477781 0 0 24.0 1 83
503.5276180410081 13.629669484372641 0 0 24.0 1 84
523.6067977499789 19.577393481938543 0 0 24.0 1 85
543.3471798181201 26.567829401119297 0 0 24.0 1 86
562.6946572303199 34.58181694295956 0 0 24.0 1 87
581.5961998958187 43.59739032465279 0 0 24.0 1 88
600.0 53.58983848622455 0 0 24.0 1 89
617.8556140060107 64.53177282183032 0 0 24.0 1 90
635.1141009169892 76.39320225002098 0 0 24.0 1 91
651.728156419935 89.14161541721171 0 0 24.0 1 92
667.6522425435431 102.74206980904216 0 0 24.0 1 93
682.842712474619 117.15728752538092 0 0 24.0 1 94
697.2579301909577 132.34775745645675 0 0 24.0 1 95
710.8583845827882 148.27184358006485 0 0 24.0 1 96
723.6067977499789 164.88589908301066 0 0 24.0 1 97
735.4682271781696 182.1443859939892 0 0 24.0 1 98
746.4101615137754 199.99999999999983 0 0 24.0 1 99
756.4026096753471 218.40380010418122 0 0 24.0 1 100
765.4181830570403 237.30534276967995 0 0 24.0 1 101
773.4321705988806 256.6528201818797 0 0 24.0 1 102
780.4226065180615 276.3932022500209 0 0 24.0 1 103
786.3703305156273 296.4723819589917 0 0 24.0 1 104
791.2590402935223 316.83532367289604 0 0 24.0 1 105
795.0753362380551 337.4262139839076 0 0 24.0 1 106
797.8087581473094 358.18861469293864 0 0 24.0 1 107
799.4518139018296 379.06561750282225 0 0 24.0 1 108
800.0 399.9999999999999 0 0 24.0 1 109
659.9417877141558 643.2411704460591 0 0 13.0 1 110
383.2110548259469 744.5912525296349 0 0 11.0 1 111
449.0886613366123 755.6280406944584 0 0 11.0 1 112
344.58313452946015 735.453381293765 0 0 10.0 1 113
562.2024290588643 245.51255064762017 0 0 12.0 1 114
369.75495730116256 75.40604227412751 0 0 12.0 1 115
227.43318289079656 412.2349349323455 0 0 12.0 1 116
264.84305359731235 496.377382404281 0 0 11.0 1 117
696.7350975342142 537.3946210423115 0 0 11.0 1 118
484.9733662519877 661.542591230961 0 0 11.0 1 119
225.1926858317566 221.27562305805893 0 0 11.0 1 120
593.5515923517082 358.26534895176206 0 0 11.0 1 121
726.5730408806292 534.011376270744 0 0 11.0 1 122
511.1013151817358 239.7455218569896 0 0 11.0 1 123
538.0707457034528 652.7458588798094 0 0 11.0 1 124
472.8854448598963 571.1248431046031 0 0 12.0 1 125
596.2941625487213 127.30126192206859 0 0 12.0 1 126
672.1601459836078 556.6041344862304 0 0 10.0 1 127
244.57321647599753 366.48112526675646 0 0 10.0 1 128
532.3155663241878 229.2704158374728 0 0 12.0 1 129
294.7917806260057 673.4597421489193 0 0 12.0 1 130
441.3009214106316 245.42240171799526 0 0 10.0 1 131
728.2981632418046 521.3273094239606 0 0 12.0 1 132
364.4405593653915 657.5568406813411 0 0 13.0 1 133
630.6692427784354 367.1259914822784 0 0 12.0 1 134
343.62562989175046 546.5296229262128 0 0 12.0 1 135
245.70459966272747 145.05504626535395 0 0 13.0 1 136
569.3410391020166 316.06781025226803 0 0 11.0 1 137
685.1183241424537 200.47170316419118 0 0 11.0 1 138
417.75122769672373 764.568092289025 0 0 10.0 1 139
716.7550843372074 428.110790571035 0 0 11.0 1 140
262.99899797034607 107.49405913234727 0 0 13.0 1 141
319.1983884760733 692.0275664644289 0 0 13.0 1 142
246.36989917894812 538.7328083825648 0 0 11.0 1 143
642.1929700081246 285.254345273367 0 0 13.0 1 144
347.0496145969356 272.56273431343976 0 0 12.0 1 145
609.3001742309217 525.4170525363509 0 0 10.0 1 146
193.1896214153753 101.67389100233919 0 0 12.0 1 147
154.8359028019503 500.59605084229327 0 0 12.0 1 148
576.0268256767033 530.2902783870827 0 0 10.0 1 149
184.13514033519692 407.63952628733404 0 0 12.0 1 150
557.8208425914914 172.35645925326216 0 0 10.0 1 151
584.9967640273367 161.29474806905918 0 0 12.0 1 152
328.6478681712233 576.0933652455108 0 0 10.0 1 153
521.3990039602719 334.37773367633594 0 0 10.0 1 154
523.6608800848963 646.7468069431272 10 4 12.0 1 155
437.42831676461253 569.9268110221805 -12 21 12.0 1 156
97.062235649743 207.36119048730563 -1 -2 11.0 1 157
80.67304092425974 227.37528216550075 -7 -4 13.0 1 158
554.0256731498706 375.25950665954264 3 22 10.0 1 159
531.9340434830165 532.523236340732 13 22 12.0 1 160
491.19188286709857 729.618022109158 21 14 11.0 1 161
432.7745372484253 673.0399782232478 -4 15 12.0 1 162
734.6660560266758 487.83297184742094 -2 -10 12.0 1 163
344.7662499092108 193.2507972182039 7 -1 12.0 1 164
715.9178560955245 337.7110908747995 21 13 12.0 1 165
210.4255163928577 513.5892387732453 -13 2 13.0 1 166
493.1046558624153 294.11079820519365 7 10 12.0 1 167
487.08494228562046 533.0308717069469 5 -13 10.0 1 168
57.89213579049783 458.0621154111082 -15 2 13.0 1 169
106.40437201909458 508.4924293695084 17 -17 12.0 1 170
542.4030502783731 617.5347587660766 -12 5 12.0 1 171
410.39324978260925 139.20701627736167 15 0 10.0 1 172
200.79066556451218 152.1297898621741 -7 -14 13.0 1 173
524.4200170680479 285.6292897950412 -8 17 13.0 1 174
580.8010577817195 554.7739561586875 3 16 12.0 1 175
455.42598005028657 252.04067878141225 13 15 11.0 1 176
278.01300749195775 632.9982267289664 -16 -14 11.0 1 177
207.1974166647848 712.2757817367005 5 -7 10.0 1 178
488.4001811849375 495.31740641913325 9 -7 13.0 1 179
482.9573188732176 509.02790122426137 -8 -8 11.0 1 180
198.81537394046458 456.61930975634465 14 16 11.0 1 181
573.5100186814589 158.95379402039993 5 21 11.0 1 182
597.3051158238866 218.63106310692922 2 3 10.0 1 183
474.68121167335215 594.1306689397633 2 -1 11.0 1 184
261.2133871809821 525.3286723069547 2 18 12.0 1 185
686.7193560534423 387.3109943534034 17 12 10.0 1 186
138.50275315755295 383.776871638913 18 3 12.0 1 187
339.52120825077907 229.40306055337814 8 12 10.0 1 188
722.7361669504395 446.0148513214816 0 13 11.0 1 189
608.9244742825491 454.83214427469056 8 8 11.0 1 190
95.0936259082846 541.166933232407 20 -15 13.0 1 191
496.6652921554689 283.9964600001455 -13 18 11.0 1 192
333.13530885346194 166.3804094732677 22 -2 13.0 1 193
323.4596321117349 650.5704932419798 18 -13 10.0 1 194
633.6555395183423 618.6437487155587 0 -7 12.0 1 195
469.8163430183997 95.9117262248721 13 7 10.0 1 196
195.31292782821103 620.690286342061 -11 22 11.0 1 197
264.914080928057 526.3993452059324 6 16 13.0 1 198
347.9449936448109 617.8675659967798 16 21 11.0 1 199
277.5528876879863 328.09238784072227 22 -10 11.0 1 200
483.87551104032093 163.42887190587902 14 -14 11.0 1 201
274.7754265843404 65.68307519231689 17 -6 12.0 1 202
499.3503627012085 515.0369741915108 3 12 10.0 1 203
410.35893561480043 612.7479552261982 22 19 11.0 1 204
409.22158074483133 697.8572853709752 22 -10 13.0 1 205
535.1914322903228 167.43973547639087 -3 -16 10.0 1 206
653.3442967682007 318.9280116499794 1 22 11.0 1 207
101.94825010414024 376.2060010923792 9 12 12.0 1 208
663.8209406195172 315.5754106279861 -16 15 11.0 1 209
705.1584046960766 345.42575659392446 17 -10 13.0 1 210
143.16079197289633 409.08962155483727 22 -14 12.0 1 211
641.4004947742524 660.2898406060947 10 13 10.0 1 212
642.4857540821041 593.1337854111324 6 -4 11.0 1 213
509.38389692074054 736.6766447118553 13 1 11.0 1 214
230.31271275947 674.8367234358427 12 -3 13.0 1 215
430.3556624421391 619.9148329642612 -16 -17 10.0 1 216
269.33221451633267 355.61610836357073 11 15 12.0 1 217
285.7051423843382 503.21184778219794 -6 10 11.0 1 218
329.4800645526983 221.41965756414174 -12 -7 10.0 1 219
