400 400 -7.071067811865475 7.0710678118654755 5 2 -1 10 187
57.15728752538104 742.842712474619
800.0 400.0 0 0 24.0 1 0
799.4518139018296 420.9343824971775 0 0 24.0 1 1
797.8087581473094 441.8113853070614 0 0 24.0 1 2
795.0753362380551 462.57378601609236 0 0 24.0 1 3
791.2590402935223 483.16467632710373 0 0 24.0 1 4
786.3703305156273 503.5276180410083 0 0 24.0 1 5
780.4226065180615 523.6067977499789 0 0 24.0 1 6
773.4321705988807 543.3471798181201 0 0 24.0 1 7
765.4181830570403 562.6946572303201 0 0 24.0 1 8
756.4026096753471 581.5961998958187 0 0 24.0 1 9
746.4101615137755 600.0 0 0 24.0 1 10
735.4682271781696 617.8556140060108 0 0 24.0 1 11
723.606797749979 635.1141009169893 0 0 24.0 1 12
710.8583845827884 651.728156419935 0 0 24.0 1 13
697.2579301909577 667.6522425435433 0 0 24.0 1 14
682.842712474619 682.842712474619 0 0 24.0 1 15
667.6522425435433 697.2579301909577 0 0 24.0 1 16
651.728156419935 710.8583845827884 0 0 24.0 1 17
635.1141009169893 723.606797749979 0 0 24.0 1 18
617.8556140060108 735.4682271781696 0 0 24.0 1 19
600.0 746.4101615137754 0 0 24.0 1 20
581.5961998958187 756.4026096753471 0 0 24.0 1 21
562.6946572303201 765.4181830570403 0 0 24.0 1 22
543.3471798181201 773.4321705988807 0 0 24.0 1 23
523.606797749979 780.4226065180615 0 0 24.0 1 24
503.5276180410083 786.3703305156273 0 0 24.0 1 25
483.1646763271038 791.2590402935223 0 0 24.0 1 26
462.57378601609236 795.0753362380551 0 0 24.0 1 27
441.8113853070614 797.8087581473094 0 0 24.0 1 28
420.9343824971776 799.4518139018296 0 0 24.0 1 29
400.0 800.0 0 0 24.0 1 30
379.0656175028225 799.4518139018296 0 0 24.0 1 31
358.1886146929386 797.8087581473094 0 0 24.0 1 32
337.4262139839077 795.0753362380551 0 0 24.0 1 33
316.83532367289627 791.2590402935223 0 0 24.0 1 34
296.47238195899166 786.3703305156273 0 0 24.0 1 35
276.3932022500211 780.4226065180615 0 0 24.0 1 36
256.65282018187986 773.4321705988807 0 0 24.0 1 37
237.3053427696799 765.4181830570403 0 0 24.0 1 38
218.4038001041813 756.4026096753471 0 0 24.0 1 39
43.597390324652906 581.5961998958187 0 0 24.0 1 40
34.58181694295968 562.6946572303202 0 0 24.0 1 41
26.567829401119297 543.3471798181201 0 0 24.0 1 42
19.5773934819386 523.606797749979 0 0 24.0 1 43
13.629669484372698 503.5276180410084 0 0 24.0 1 44
8.740959706477724 483.16467632710373 0 0 24.0 1 45
4.924663761944942 462.5737860160924 0 0 24.0 1 46
2.1912418526906663 441.81138530706147 0 0 24.0 1 47
0.5481860981704472 420.9343824971775 0 0 24.0 1 48
0.0 400.00000000000006 0 0 24.0 1 49
0.5481860981704472 379.0656175028226 0 0 24.0 1 50
2.1912418526906663 358.1886146929386 0 0 24.0 1 51
4.924663761944885 337.4262139839077 0 0 24.0 1 52
8.740959706477781 316.8353236728962 0 0 24.0 1 53
13.629669484372698 296.47238195899166 0 0 24.0 1 54
19.577393481938543 276.3932022500211 0 0 24.0 1 55
26.567829401119297 256.65282018187986 0 0 24.0 1 56
34.58181694295968 237.30534276967992 0 0 24.0 1 57
43.59739032465285 218.40380010418136 0 0 24.0 1 58
53.58983848622455 199.99999999999994 0 0 24.0 1 59
64.53177282183037 182.14438599398918 0 0 24.0 1 60
76.39320225002103 164.8858990830108 0 0 24.0 1 61
89.14161541721171 148.27184358006497 0 0 24.0 1 62
102.74206980904228 132.3477574564567 0 0 24.0 1 63
117.15728752538092 117.15728752538104 0 0 24.0 1 64
132.34775745645675 102.74206980904228 0 0 24.0 1 65
148.27184358006485 89.14161541721177 0 0 24.0 1 66
164.8858990830107 76.39320225002109 0 0 24.0 1 67
182.1443859939892 64.53177282183032 0 0 24.0 1 68
199.99999999999983 53.58983848622461 0 0 24.0 1 69
218.40380010418124 43.597390324652906 0 0 24.0 1 70
237.30534276967995 34.58181694295962 0 0 24.0 1 71
256.65282018187975 26.567829401119354 0 0 24.0 1 72
276.393202250021 19.5773934819386 0 0 24.0 1 73
296.4723819589917 13.629669484372698 0 0 24.0 1 74
316.8353236728961 8.740959706477781 0 0 24.0 1 75
337.4262139839076 4.924663761944942 0 0 24.0 1 76
358.18861469293864 2.1912418526906663 0 0 24.0 1 77
379.0656175028223 0.5481860981704472 0 0 24.0 1 78
399.99999999999994 0.0 0 0 24.0 1 79
420.9343824971776 0.5481860981704472 0 0 24.0 1 80
441.8113853070612 2.1912418526906663 0 0 24.0 1 81
462.5737860160923 4.924663761944885 0 0 24.0 1 82
483.1646763271038 8.740959706477781 0 0 24.0 1 83
503.5276180410081 13.629669484372641 0 0 24.0 1 84
523.6067977499789 19.577393481938543 0 0 24.0 1 85
543.3471798181201 26.567829401119297 0 0 24.0 1 86
562.6946572303199 34.58181694295956 0 0 24.0 1 87
581.5961998958187 43.59739032465279 0 0 24.0 1 88
600.0 53.58983848622455 0 0 24.0 1 89
617.8556140060107 64.53177282183032 0 0 24.0 1 90
635.1141009169892 76.39320225002098 0 0 24.0 1 91
651.728156419935 89.14161541721171 0 0 24.0 1 92
667.6522425435431 102.74206980904216 0 0 24.0 1 93
682.842712474619 117.15728752538092 0 0 24.0 1 94
697.2579301909577 132.34775745645675 0 0 24.0 1 95
710.8583845827882 148.27184358006485 0 0 24.0 1 96
723.6067977499789 164.88589908301066 0 0 24.0 1 97
735.4682271781696 182.1443859939892 0 0 24.0 1 98
746.4101615137754 199.99999999999983 0 0 24.0 1 99
756.4026096753471 218.40380010418122 0 0 24.0 1 100
765.4181830570403 237.30534276967995 0 0 24.0 1 101
773.4321705988806 256.6528201818797 0 0 24.0 1 102
780.4226065180615 276.3932022500209 0 0 24.0 1 103
786.3703305156273 296.4723819589917 0 0 24.0 1 104
791.2590402935223 316.83532367289604 0 0 24.0 1 105
795.0753362380551 337.4262139839076 0 0 24.0 1 106
797.8087581473094 358.18861469293864 0 0 24.0 1 107
799.4518139018296 379.06561750282225 0 0 24.0 1 108
800.0 399.9999999999999 0 0 24.0 1 109
280.19732968626937 576.114508731392 0 0 13.0 1 110
696.5894575927051 371.0397920438237 0 0 10.0 1 111
273.9733954178321 415.69378658864343 0 0 12.0 1 112
307.7781960067128 139.8632304570849 0 0 11.0 1 113
562.3315975736564 190.54009350430692 0 0 10.0 1 114
438.526924608521 265.4055124449395 0 0 13.0 1 115
585.3014637167694 210.55774614827138 0 0 12.0 1 116
518.5937147853891 320.09674090876024 0 0 11.0 1 117
359.448217329125 600.9491301852638 0 0 10.0 1 118
156.65492123693838 317.34304238722956 0 0 11.0 1 119
698.2506821778186 421.1549185880232 0 0 12.0 1 120
619.6756962902349 167.31439997412718 0 0 11.0 1 121
233.87797971706055 102.20061387384516 0 0 11.0 1 122
664.2711352816943 464.3798653068209 0 0 11.0 1 123
176.72451944104102 427.8039526176754 0 0 12.0 1 124
462.1636576569705 250.40160540063616 0 0 11.0 1 125
313.52179208707014 572.5413560749076 0 0 13.0 1 126
144.67813637342954 292.57679043030345 0 0 12.0 1 127
353.81602345309705 134.9942636275299 0 0 11.0 1 128
393.3931108356735 101.07300386955632 0 0 12.0 1 129
472.47335236903336 578.8759715456325 0 0 11.0 1 130
420.86295453454096 238.34067571559729 0 0 12.0 1 131
382.1942313800154 611.2509280544149 0 0 10.0 1 132
524.4083295271414 387.85226176334885 0 0 11.0 1 133
608.8907870792805 450.8884964741415 0 0 13.0 1 134
71.2160205845658 347.1786512880319 0 0 10.0 1 135
170.5306065114626 511.21509543224244 0 0 11.0 1 136
520.0641249978742 245.07871066733642 0 0 13.0 1 137
327.0706361528073 624.4488981680324 0 0 11.0 1 138
225.33580840676245 389.16394098019 0 0 12.0 1 139
510.6877673625837 641.8764522566977 0 0 11.0 1 140
292.8173200163067 540.8576341967776 0 0 11.0 1 141
219.2458618217571 470.4552448824122 0 0 11.0 1 142
572.7274590617469 603.6031062780539 0 0 13.0 1 143
531.178992255735 514.3156681770693 0 0 10.0 1 144
357.8227868499026 563.6523225954684 0 0 10.0 1 145
420.5375999290601 215.13732937893093 0 0 12.0 1 146
328.6266369067488 89.0870812578562 0 0 12.0 1 147
571.460916870372 517.7503884748215 0 0 12.0 1 148
304.79810127378937 744.0720832600697 0 0 13.0 1 149
367.69800944923537 535.1946056855018 0 0 12.0 1 150
355.8525270785454 57.83629556212503 0 0 11.0 1 151
122.34713709022316 345.2470300531134 0 0 11.0 1 152
628.4039449018128 308.6345910462298 0 0 10.0 1 153
355.084744940781 51.88562244146635 0 0 13.0 1 154
237.47438455462603 575.2324864975169 -7 13 11.0 1 155
366.76110974696854 242.4684914858398 12 1 10.0 1 156
319.98849285913707 100.50349129739817 -17 0 10.0 1 157
582.5890408349474 422.7429586240208 -3 -3 10.0 1 158
579.5145764171778 440.3796589109077 19 16 12.0 1 159
440.52529267206353 167.5054825294936 14 1 13.0 1 160
548.3543293718125 594.9769036492265 16 4 13.0 1 161
239.96426116081142 87.6067185514467 -17 16 13.0 1 162
360.2913409144967 265.74940449431415 1 13 12.0 1 163
179.07462995731072 551.7101871052198 4 0 10.0 1 164
65.85304841489199 462.8157205353841 -5 -1 11.0 1 165
404.34488661075284 727.9712212379917 -6 -13 12.0 1 166
346.7830515386683 622.730681309208 6 -10 10.0 1 167
324.00282943067873 263.76333068715496 4 3 10.0 1 168
207.9268238061694 531.8972895355083 20 9 11.0 1 169
228.99751656716467 608.9453293562765 4 2 13.0 1 170
224.63405042302145 286.2995878241217 6 13 13.0 1 171
564.3394237708166 334.26147404545804 9 -12 11.0 1 172
105.01155621358203 397.38886375933083 8 2 10.0 1 173
75.59327203977938 276.8363898948094 -4 17 13.0 1 174
224.13475272099373 84.73437421835223 16 -15 13.0 1 175
588.306247082267 431.96493875783614 2 12 12.0 1 176
590.6290801289763 632.9410951489247 -10 12 10.0 1 177
333.0285755190352 199.9104492908477 17 -8 10.0 1 178
587.3678299425167 554.732983887186 8 0 12.0 1 179
234.14544560299615 560.7895108076746 -6 9 13.0 1 180
531.4469838495901 217.38923789424237 -9 7 12.0 1 181
383.9896725731494 728.6102089340577 -9 5 11.0 1 182
178.8605941373282 614.3860144102327 -13 13 11.0 1 183
317.20824421979455 512.8960813085681 -15 7 12.0 1 184
327.2841912059353 83.23918936928925 -12 -2 11.0 1 185
322.53057137709345 505.6384760815887 8 -9 12.0 1 186
342.6574742812863 566.3966187883595 7 10 10.0 1 187
433.09040680629573 639.7269800781586 13 2 12.0 1 188
40.300634470148395 467.61927563514877 -7 -15 11.0 1 189
261.68304521010936 486.2404778375639 5 -11 10.0 1 190
605.4175774280905 557.7485939194846 -13 2 13.0 1 191
370.68271934713914 85.36291214301929 22 20 10.0 1 192
447.66595007891704 636.2391948916907 17 11 12.0 1 193
140.83663977545797 549.1152330150219 -17 13 12.0 1 194
446.6495597017411 281.87795049342526 2 -15 13.0 1 195
99.67360628984096 598.5045521922622 14 6 11.0 1 196
531.3693252267686 453.908259009761 -10 -7 12.0 1 197
632.8923928748087 377.2594340209891 20 19 11.0 1 198
216.51330709614126 659.7241489103487 -16 0 12.0 1 199
376.3149681564356 681.0035929780424 6 -1 11.0 1 200
86.92649088797077 544.9481903725608 7 17 12.0 1 201
529.5190530404761 453.14898775610243 -1 5 13.0 1 202
439.6782157741601 274.1046498357497 -7 14 10.0 1 203
534.6879249234361 75.87014503471164 -10 -6 13.0 1 204
525.3442701223069 564.7355879811832 2 -8 12.0 1 205
424.504164902671 74.92224637415944 -6 -10 11.0 1 206
655.3472146298803 443.345126378427 8 20 13.0 1 207
563.4795982113798 699.2581176319965 18 -12 12.0 1 208
211.2699204330987 246.93152817555438 12 1 12.0 1 209
674.4728142512283 382.9801810523518 10 -7 13.0 1 210
615.9723339851466 499.99975476474054 -11 9 12.0 1 211
119.00546741909164 521.1530959556412 3 6 11.0 1 212
449.76586826455286 516.8433068509925 16 -16 10.0 1 213
348.5323068510962 586.0109581770125 0 0 13.0 1 214
569.8965610504754 319.50677952012313 0 2 12.0 1 215
330.8160546185868 589.782985806056 9 -16 10.0 1 216
575.0382311336691 638.6998484322858 18 3 12.0 1 217
243.17423435479046 712.8988322601953 -10 -14 11.0 1 218
504.834226780997 489.7428821424322 5 14 13.0 1 219
