400 400 -7.071067811865475 7.0710678118654755 5 2 -1 10 187
57.15728752538104 742.842712474619
800.0 400.0 0 0 24.0 1 0
799.4518139018296 420.9343824971775 0 0 24.0 1 1
797.8087581473094 441.8113853070614 0 0 24.0 1 2
795.0753362380551 462.57378601609236 0 0 24.0 1 3
791.2590402935223 483.16467632710373 0 0 24.0 1 4
786.3703305156273 503.5276180410083 0 0 24.0 1 5
780.4226065180615 523.6067977499789 0 0 24.0 1 6
773.4321705988807 543.3471798181201 0 0 24.0 1 7
765.4181830570403 562.6946572303201 0 0 24.0 1 8
756.4026096753471 581.5961998958187 0 0 24.0 1 9
746.4101615137755 600.0 0 0 24.0 1 10
735.4682271781696 617.8556140060108 0 0 24.0 1 11
723.606797749979 635.1141009169893 0 0 24.0 1 12
710.8583845827884 651.728156419935 0 0 24.0 1 13
697.2579301909577 667.6522425435433 0 0 24.0 1 14
682.842712474619 682.842712474619 0 0 24.0 1 15
667.6522425435433 697.2579301909577 0 0 24.0 1 16
651.728156419935 710.8583845827884 0 0 24.0 1 17
635.1141009169893 723.606797749979 0 0 24.0 1 18
617.8556140060108 735.4682271781696 0 0 24.0 1 19
600.0 746.4101615137754 0 0 24.0 1 20
581.5961998958187 756.4026096753471 0 0 24.0 1 21
562.6946572303201 765.4181830570403 0 0 24.0 1 22
543.3471798181201 773.4321705988807 0 0 24.0 1 23
523.606797749979 780.4226065180615 0 0 24.0 1 24
503.5276180410083 786.3703305156273 0 0 24.0 1 25
483.1646763271038 791.2590402935223 0 0 24.0 1 26
462.57378601609236 795.0753362380551 0 0 24.0 1 27
441.8113853070614 797.8087581473094 0 0 24.0 1 28
420.9343824971776 799.4518139018296 0 0 24.0 1 29
400.0 800.0 0 0 24.0 1 30
379.0656175028225 799.4518139018296 0 0 24.0 1 31
358.1886146929386 797.8087581473094 0 0 24.0 1 32
337.4262139839077 795.0753362380551 0 0 24.0 1 33
316.83532367289627 791.2590402935223 0 0 24.0 1 34
296.47238195899166 786.3703305156273 0 0 24.0 1 35
276.3932022500211 780.4226065180615 0 0 24.0 1 36
256.65282018187986 773.4321705988807 0 0 24.0 1 37
237.3053427696799 765.4181830570403 0 0 24.0 1 38
218.4038001041813 756.4026096753471 0 0 24.0 1 39
43.597390324652906 581.5961998958187 0 0 24.0 1 40
34.58181694295968 562.6946572303202 0 0 24.0 1 41
26.567829401119297 543.3471798181201 0 0 24.0 1 42
19.5773934819386 523.606797749979 0 0 24.0 1 43
13.629669484372698 503.5276180410084 0 0 24.0 1 44
8.740959706477724 483.16467632710373 0 0 24.0 1 45
4.924663761944942 462.5737860160924 0 0 24.0 1 46
2.1912418526906663 441.81138530706147 0 0 24.0 1 47
0.5481860981704472 420.9343824971775 0 0 24.0 1 48
0.0 400.00000000000006 0 0 24.0 1 49
0.5481860981704472 379.0656175028226 0 0 24.0 1 50
2.1912418526906663 358.1886146929386 0 0 24.0 1 51
4.924663761944885 337.4262139839077 0 0 24.0 1 52
8.740959706477781 316.8353236728962 0 0 24.0 1 53
13.629669484372698 296.47238195899166 0 0 24.0 1 54
19.577393481938543 276.3932022500211 0 0 24.0 1 55
26.567829401119297 256.65282018187986 0 0 24.0 1 56
34.58181694295968 237.30534276967992 0 0 24.0 1 57
43.59739032465285 218.40380010418136 0 0 24.0 1 58
53.58983848622455 199.99999999999994 0 0 24.0 1 59
64.53177282183037 182.14438599398918 0 0 24.0 1 60
76.39320225002103 164.8858990830108 0 0 24.0 1 61
89.14161541721171 148.27184358006497 0 0 24.0 1 62
102.74206980904228 132.3477574564567 0 0 24.0 1 63
117.15728752538092 117.15728752538104 0 0 24.0 1 64
132.34775745645675 102.74206980904228 0 0 24.0 1 65
148.27184358006485 89.14161541721177 0 0 24.0 1 66
164.8858990830107 76.39320225002109 0 0 24.0 1 67
182.1443859939892 64.53177282183032 0 0 24.0 1 68
199.99999999999983 53.58983848622461 0 0 24.0 1 69
218.40380010418124 43.597390324652906 0 0 24.0 1 70
237.30534276967995 34.58181694295962 0 0 24.0 1 71
256.65282018187975 26.567829401119354 0 0 24.0 1 72
276.393202250021 19.5773934819386 0 0 24.0 1 73
296.4723819589917 13.629669484372698 0 0 24.0 1 74
316.8353236728961 8.740959706477781 0 0 24.0 1 75
337.4262139839076 4.924663761944942 0 0 24.0 1 76
358.18861469293864 2.1912418526906663 0 0 24.0 1 77
379.0656175028223 0.5481860981704472 0 0 24.0 1 78
399.99999999999994 0.0 0 0 24.0 1 79
420.9343824971776 0.5481860981704472 0 0 24.0 1 80
441.8113853070612 2.1912418526906663 0 0 24.0 1 81
462.5737860160923 4.924663761944885 0 0 24.0 1 82
483.1646763271038 8.740959706477781 0 0 24.0 1 83
503.5276180410081 13.629669484372641 0 0 24.0 1 84
523.6067977499789 19.577393481938543 0 0 24.0 1 85
543.3471798181201 26.567829401119297 0 0 24.0 1 86
562.6946572303199 34.58181694295956 0 0 24.0 1 87
581.5961998958187 43.59739032465279 0 0 24.0 1 88
600.0 53.58983848622455 0 0 24.0 1 89
617.8556140060107 64.53177282183032 0 0 24.0 1 90
635.1141009169892 76.39320225002098 0 0 24.0 1 91
651.728156419935 89.14161541721171 0 0 24.0 1 92
667.6522425435431 102.74206980904216 0 0 24.0 1 93
682.842712474619 117.15728752538092 0 0 24.0 1 94
697.2579301909577 132.34775745645675 0 0 24.0 1 95
710.8583845827882 148.27184358006485 0 0 24.0 1 96
723.6067977499789 164.88589908301066 0 0 24.0 1 97
735.4682271781696 182.1443859939892 0 0 24.0 1 98
746.4101615137754 199.99999999999983 0 0 24.0 1 99
756.4026096753471 218.40380010418122 0 0 24.0 1 100
765.4181830570403 237.30534276967995 0 0 24.0 1 101
773.4321705988806 256.6528201818797 0 0 24.0 1 102
780.4226065180615 276.3932022500209 0 0 24.0 1 103
786.3703305156273 296.4723819589917 0 0 24.0 1 104
791.2590402935223 316.83532367289604 0 0 24.0 1 105
795.0753362380551 337.4262139839076 0 0 24.0 1 106
797.8087581473094 358.18861469293864 0 0 24.0 1 107
799.4518139018296 379.06561750282225 0 0 24.0 1 108
800.0 399.9999999999999 0 0 24.0 1 109
432.77440951879515 268.0081893423145 0 0 10.0 1 110
218.5081106596932 484.02793644786135 0 0 13.0 1 111
577.2093313338233 287.31968721990864 0 0 11.0 1 112
147.12605811418763 557.6666404637671 0 0 12.0 1 113
274.6418317300577 425.8714059920373 0 0 11.0 1 114
248.30554134544283 716.527710024732 0 0 10.0 1 115
274.8752458243099 132.85061128186516 0 0 13.0 1 116
241.97418799190797 238.43316324448529 0 0 10.0 1 117
673.1388057218938 550.7952015444043 0 0 11.0 1 118
544.6947394770807 140.63070272744358 0 0 10.0 1 119
614.9644540840649 305.05115334907975 0 0 10.0 1 120
299.65075289587327 289.8590511860602 0 0 13.0 1 121
377.862281694459 228.42225835434098 0 0 11.0 1 122
372.487806730108 186.7675465097301 0 0 10.0 1 123
281.63423682539724 503.1433279863213 0 0 12.0 1 124
294.8211298184618 554.6169630646493 0 0 11.0 1 125
556.8339917752239 503.66821607343786 0 0 10.0 1 126
592.3506929542264 682.7812068013518 0 0 12.0 1 127
292.6671799939063 640.1013655720006 0 0 13.0 1 128
135.63603722914604 552.1075119384002 0 0 13.0 1 129
386.25009536560134 217.5172881543434 0 0 11.0 1 130
106.4283141005663 234.51687325239396 0 0 12.0 1 131
408.9430766283767 688.8615955443349 0 0 10.0 1 132
731.6156377648673 334.6159898002553 0 0 11.0 1 133
375.85335517383294 763.1982097197601 0 0 10.0 1 134
407.5894773978508 57.08397553799341 0 0 12.0 1 135
545.9513439935023 491.0066216628788 0 0 11.0 1 136
672.1772143635044 233.62523033427513 0 0 10.0 1 137
552.2802636339819 74.89736803962205 0 0 13.0 1 138
313.96986570319933 571.6473594113071 0 0 12.0 1 139
552.9263536004305 548.2650679508699 0 0 13.0 1 140
283.1284901872723 553.5905276834919 0 0 11.0 1 141
597.6203353413428 103.88819162421902 0 0 12.0 1 142
390.0570148142795 720.8459709044148 0 0 13.0 1 143
556.0582504923931 574.3611839064346 0 0 12.0 1 144
187.10010158508277 358.0162739276523 0 0 12.0 1 145
169.6654429956314 480.51081821470495 0 0 12.0 1 146
561.899714233888 359.04291842690174 0 0 11.0 1 147
592.938862323971 365.49499449164256 0 0 10.0 1 148
739.565967067487 448.41439878303123 0 0 11.0 1 149
533.8164523127894 569.555763955163 0 0 13.0 1 150
615.9728600591175 378.9115264211736 0 0 10.0 1 151
294.25462659351587 610.9832126097317 0 0 11.0 1 152
742.6532987798722 430.40915709571084 0 0 13.0 1 153
754.7775157117692 412.56639747044954 0 0 12.0 1 154
396.6675364470121 650.977876886924 21 5 12.0 1 155
546.9482936142921 396.1014100179939 7 14 12.0 1 156
697.4742278768861 245.9412977172322 -1 14 11.0 1 157
131.00000012221773 399.9918911689463 -11 21 10.0 1 158
575.9405854496694 304.89526619758834 -1 1 13.0 1 159
392.408476964776 555.8151750568784 14 14 12.0 1 160
149.5809870051483 442.50079917700714 7 3 13.0 1 161
373.715125001949 263.50785610029845 11 2 10.0 1 162
130.86896319582178 465.55520596190723 -9 9 13.0 1 163
530.4878101264123 374.271972317852 -4 5 11.0 1 164
299.01056543437204 79.53606426601641 12 -2 11.0 1 165
582.1772241747702 525.1097877544978 -5 2 11.0 1 166
379.75847225414594 546.6092785416865 -17 -9 11.0 1 167
310.59826232671014 184.83418184805407 -7 18 10.0 1 168
507.60210181841694 605.5378011078717 1 -16 13.0 1 169
510.4398625764152 720.5059075182586 11 14 11.0 1 170
93.68688451492119 205.21479706655137 7 1 13.0 1 171
662.1323083971403 645.2909555902675 -3 -1 13.0 1 172
463.5403295437627 185.20096247545698 1 10 13.0 1 173
343.09819764365557 620.7853819631171 18 -1 13.0 1 174
428.798086802454 741.7889263807683 -5 -13 12.0 1 175
282.0154210464555 646.1882189081249 -8 -17 10.0 1 176
375.30709446096483 692.9611926792356 -5 -13 10.0 1 177
488.3367342809661 91.39406782018273 -7 -6 13.0 1 178
665.5986760250341 176.69226772512118 22 11 10.0 1 179
557.7603233454269 570.1049099172225 14 -12 10.0 1 180
250.80675430664868 163.05828683095223 -4 -15 10.0 1 181
290.1878716949132 272.85718078826807 -13 -5 10.0 1 182
437.43143212877084 63.07287451321287 -2 22 11.0 1 183
400.8541597116938 207.00189013571423 7 -17 13.0 1 184
634.6699666701336 425.0201267590389 5 -9 12.0 1 185
603.3269252987641 356.15753829276014 21 8 12.0 1 186
638.0000087514007 260.2430830537066 2 22 10.0 1 187
323.6713861429805 634.9104993538306 14 19 12.0 1 188
532.1822859412571 513.1540687882841 15 19 11.0 1 189
212.2789220624581 646.6998113050906 20 -8 13.0 1 190
311.84833033720065 597.1935169716811 16 -5 12.0 1 191
448.19766105705173 205.89439609163892 17 -2 10.0 1 192
544.1191975374991 437.82402544874486 22 -4 12.0 1 193
420.2063483173011 218.11898535669013 15 10 12.0 1 194
529.0451777614649 345.71057104267976 12 -16 13.0 1 195
525.2811929767113 680.2741919733817 5 18 13.0 1 196
547.627167884699 124.00141431097353 -1 -3 11.0 1 197
450.49610235794796 546.5439990127732 -5 -5 13.0 1 198
275.11354107515183 453.8458204247294 11 17 12.0 1 199
154.28206245530066 530.0257480992871 1 2 11.0 1 200
530.5777964265932 434.2700901716816 15 -5 10.0 1 201
604.6070069872793 387.31249860266223 0 -7 11.0 1 202
84.43732081000468 439.2962530329812 9 -15 13.0 1 203
590.5724707755782 288.0931933147433 -12 -10 12.0 1 204
731.7919301867814 411.75223650757533 12 22 11.0 1 205
340.3594436059006 524.4467919755357 -2 -8 10.0 1 206
130.77668481758508 326.7893002205958 -6 -8 12.0 1 207
666.0496771643324 596.9227495256821 19 14 13.0 1 208
634.3013041649112 118.82585668909434 18 -4 13.0 1 209
248.9777811019836 240.02409744239722 -8 3 11.0 1 210
160.6983074494713 604.8406696494918 -12 -10 10.0 1 211
502.1131812190814 191.68077808008442 -14 12 13.0 1 212
666.5499869562491 255.91632828934632 6 13 10.0 1 213
306.03000193668214 572.0047658176367 -15 -10 13.0 1 214
580.8536417352927 338.57557268413177 8 4 11.0 1 215
558.9047982537267 179.24387869881744 22 -13 13.0 1 216
98.54020855427439 546.1061057639263 -14 14 12.0 1 217
648.9937212223738 325.1526433877936 19 0 10.0 1 218
284.5640421300588 340.21254621035314 11 20 10.0 1 219
