400 400 7.071067811865475 -7.0710678118654755 5 2 -1 10 187
742.842712474619 57.15728752538092
800.0 400.0 0 0 24.0 1 0
799.4518139018296 420.9343824971775 0 0 24.0 1 1
797.8087581473094 441.8113853070614 0 0 24.0 1 2
795.0753362380551 462.57378601609236 0 0 24.0 1 3
791.2590402935223 483.16467632710373 0 0 24.0 1 4
786.3703305156273 503.5276180410083 0 0 24.0 1 5
780.4226065180615 523.6067977499789 0 0 24.0 1 6
773.4321705988807 543.3471798181201 0 0 24.0 1 7
765.4181830570403 562.6946572303201 0 0 24.0 1 8
756.4026096753471 581.5961998958187 0 0 24.0 1 9
746.4101615137755 600.0 0 0 24.0 1 10
735.4682271781696 617.8556140060108 0 0 24.0 1 11
723.606797749979 635.1141009169893 0 0 24.0 1 12
710.8583845827884 651.728156419935 0 0 24.0 1 13
697.2579301909577 667.6522425435433 0 0 24.0 1 14
682.842712474619 682.842712474619 0 0 24.0 1 15
667.6522425435433 697.2579301909577 0 0 24.0 1 16
651.728156419935 710.8583845827884 0 0 24.0 1 17
635.1141009169893 723.606797749979 0 0 24.0 1 18
617.8556140060108 735.4682271781696 0 0 24.0 1 19
600.0 746.4101615137754 0 0 24.0 1 20
581.5961998958187 756.4026096753471 0 0 24.0 1 21
562.6946572303201 765.4181830570403 0 0 24.0 1 22
543.3471798181201 773.4321705988807 0 0 24.0 1 23
523.606797749979 780.4226065180615 0 0 24.0 1 24
503.5276180410083 786.3703305156273 0 0 24.0 1 25
483.1646763271038 791.2590402935223 0 0 24.0 1 26
462.57378601609236 795.0753362380551 0 0 24.0 1 27
441.8113853070614 797.8087581473094 0 0 24.0 1 28
420.9343824971776 799.4518139018296 0 0 24.0 1 29
400.0 800.0 0 0 24.0 1 30
379.0656175028225 799.4518139018296 0 0 24.0 1 31
358.1886146929386 797.8087581473094 0 0 24.0 1 32
337.4262139839077 795.0753362380551 0 0 24.0 1 33
316.83532367289627 791.2590402935223 0 0 24.0 1 34
296.47238195899166 786.3703305156273 0 0 24.0 1 35
276.3932022500211 780.4226065180615 0 0 24.0 1 36
256.65282018187986 773.4321705988807 0 0 24.0 1 37
237.3053427696799 765.4181830570403 0 0 24.0 1 38
218.4038001041813 756.4026096753471 0 0 24.0 1 39
200.00000000000009 746.4101615137755 0 0 24.0 1 40
182.14438599398918 735.4682271781696 0 0 24.0 1 41
164.8858990830108 723.606797749979 0 0 24.0 1 42
148.27184358006508 710.8583845827884 0 0 24.0 1 43
132.3477574564567 697.2579301909577 0 0 24.0 1 44
117.15728752538104 682.842712474619 0 0 24.0 1 45
102.74206980904233 667.6522425435434 0 0 24.0 1 46
89.14161541721165 651.728156419935 0 0 24.0 1 47
76.39320225002109 635.1141009169893 0 0 24.0 1 48
64.53177282183043 617.8556140060109 0 0 24.0 1 49
53.589838486224494 600.0 0 0 24.0 1 50
43.597390324652906 581.5961998958187 0 0 24.0 1 51
34.58181694295968 562.6946572303202 0 0 24.0 1 52
26.567829401119297 543.3471798181201 0 0 24.0 1 53
19.5773934819386 523.606797749979 0 0 24.0 1 54
13.629669484372698 503.5276180410084 0 0 24.0 1 55
8.740959706477724 483.16467632710373 0 0 24.0 1 56
4.924663761944942 462.5737860160924 0 0 24.0 1 57
2.1912418526906663 441.81138530706147 0 0 24.0 1 58
0.5481860981704472 420.9343824971775 0 0 24.0 1 59
0.0 400.00000000000006 0 0 24.0 1 60
0.5481860981704472 379.0656175028226 0 0 24.0 1 61
2.1912418526906663 358.1886146929386 0 0 24.0 1 62
4.924663761944885 337.4262139839077 0 0 24.0 1 63
8.740959706477781 316.8353236728962 0 0 24.0 1 64
13.629669484372698 296.47238195899166 0 0 24.0 1 65
19.577393481938543 276.3932022500211 0 0 24.0 1 66
26.567829401119297 256.65282018187986 0 0 24.0 1 67
34.58181694295968 237.30534276967992 0 0 24.0 1 68
43.59739032465285 218.40380010418136 0 0 24.0 1 69
53.58983848622455 199.99999999999994 0 0 24.0 1 70
64.53177282183037 182.14438599398918 0 0 24.0 1 71
76.39320225002103 164.8858990830108 0 0 24.0 1 72
89.14161541721171 148.27184358006497 0 0 24.0 1 73
102.74206980904228 132.3477574564567 0 0 24.0 1 74
117.15728752538092 117.15728752538104 0 0 24.0 1 75
132.34775745645675 102.74206980904228 0 0 24.0 1 76
148.27184358006485 89.14161541721177 0 0 24.0 1 77
164.8858990830107 76.39320225002109 0 0 24.0 1 78
182.1443859939892 64.53177282183032 0 0 24.0 1 79
199.99999999999983 53.58983848622461 0 0 24.0 1 80
218.40380010418124 43.597390324652906 0 0 24.0 1 81
237.30534276967995 34.58181694295962 0 0 24.0 1 82
256.65282018187975 26.567829401119354 0 0 24.0 1 83
276.393202250021 19.5773934819386 0 0 24.0 1 84
296.4723819589917 13.629669484372698 0 0 24.0 1 85
316.8353236728961 8.740959706477781 0 0 24.0 1 86
337.4262139839076 4.924663761944942 0 0 24.0 1 87
358.18861469293864 2.1912418526906663 0 0 24.0 1 88
379.0656175028223 0.5481860981704472 0 0 24.0 1 89
399.99999999999994 0.0 0 0 24.0 1 90
420.9343824971776 0.5481860981704472 0 0 24.0 1 91
441.8113853070612 2.1912418526906663 0 0 24.0 1 92
462.5737860160923 4.924663761944885 0 0 24.0 1 93
483.1646763271038 8.740959706477781 0 0 24.0 1 94
503.5276180410081 13.629669484372641 0 0 24.0 1 95
523.6067977499789 19.577393481938543 0 0 24.0 1 96
543.3471798181201 26.567829401119297 0 0 24.0 1 97
562.6946572303199 34.58181694295956 0 0 24.0 1 98
581.5961998958187 43.59739032465279 0 0 24.0 1 99
756.4026096753471 218.40380010418122 0 0 24.0 1 100
765.4181830570403 237.30534276967995 0 0 24.0 1 101
773.4321705988806 256.6528201818797 0 0 24.0 1 102
780.4226065180615 276.3932022500209 0 0 24.0 1 103
786.3703305156273 296.4723819589917 0 0 24.0 1 104
791.2590402935223 316.83532367289604 0 0 24.0 1 105
795.0753362380551 337.4262139839076 0 0 24.0 1 106
797.8087581473094 358.18861469293864 0 0 24.0 1 107
799.4518139018296 379.06561750282225 0 0 24.0 1 108
800.0 399.9999999999999 0 0 24.0 1 109
599.7154196232761 341.8815763746234 0 0 11.0 1 110
573.1123893008389 478.30773059254614 0 0 11.0 1 111
387.09480710827876 526.3426135412255 0 0 10.0 1 112
124.71914958206969 207.3436910112179 0 0 13.0 1 113
164.23108805774308 389.55872797192325 0 0 13.0 1 114
55.26503725765855 471.1463664781025 0 0 13.0 1 115
728.2458155623742 492.38876861281244 0 0 12.0 1 116
293.4925281121103 325.460356641245 0 0 13.0 1 117
234.38803499677695 541.7627491542514 0 0 10.0 1 118
328.0299978292588 281.0827229224302 0 0 12.0 1 119
272.0323395287546 367.6228804011835 0 0 13.0 1 120
483.4050968463303 574.0476653680084 0 0 10.0 1 121
350.47059915071253 226.94845146167978 0 0 12.0 1 122
631.4949808309752 316.7769632249194 0 0 10.0 1 123
385.980820032441 273.77614095173135 0 0 11.0 1 124
708.22562138109 421.86244094882665 0 0 13.0 1 125
565.9146377464352 618.0558024485227 0 0 10.0 1 126
207.70629545366862 287.0746654118385 0 0 11.0 1 127
605.1611200512768 503.9659310510206 0 0 12.0 1 128
589.9331686171122 394.9610061457064 0 0 10.0 1 129
226.68071668543382 415.3761513820962 0 0 13.0 1 130
481.3111890271809 95.67535338230317 0 0 11.0 1 131
592.791821915336 694.5085964833038 0 0 11.0 1 132
75.45020037893522 519.9309283126195 0 0 11.0 1 133
446.21717975424775 734.8252862248662 0 0 12.0 1 134
355.18334262922235 167.27598486165996 0 0 12.0 1 135
399.01979147407883 177.00215429012388 0 0 10.0 1 136
452.75399586155373 62.09318456024124 0 0 10.0 1 137
206.61525257593044 384.561753217129 0 0 10.0 1 138
221.59676670338825 93.08423574323405 0 0 10.0 1 139
291.6984271592043 532.3320419256418 0 0 11.0 1 140
55.38709985974316 496.9842722142171 0 0 11.0 1 141
262.0204741941917 331.60664901904374 0 0 13.0 1 142
225.2219990330154 182.5289665771905 0 0 10.0 1 143
174.03071499044188 229.62722567185483 0 0 13.0 1 144
404.20850664864787 535.9348684914518 0 0 10.0 1 145
471.9886607282969 557.3106249639425 0 0 13.0 1 146
332.14300486418773 514.3871855197877 0 0 11.0 1 147
624.1006522043411 237.18753830990417 0 0 13.0 1 148
482.7484516059276 640.1430693499636 0 0 10.0 1 149
597.5386959902853 437.14113065669414 0 0 10.0 1 150
450.69379569854664 525.1204982314009 0 0 10.0 1 151
604.1534486350794 522.3330266543095 0 0 13.0 1 152
532.6846869170445 429.84583484719263 0 0 12.0 1 153
291.00066442336276 543.2450517255365 0 0 13.0 1 154
192.21527583410582 292.3825831786356 -17 1 10.0 1 155
392.5193371329423 212.14888958787222 -15 -3 11.0 1 156
229.00578009890899 616.6494328642873 -7 2 11.0 1 157
640.780997600099 445.27152741736353 17 -2 11.0 1 158
365.3326419204275 525.2923552487648 9 0 10.0 1 159
521.2117523171203 452.26577369764175 18 20 10.0 1 160
490.8929842443063 663.7791982229916 -15 -8 13.0 1 161
273.04477309227354 396.6280034389562 2 4 13.0 1 162
231.54397339512585 447.4085129538771 18 -15 10.0 1 163
418.09721268469605 205.84158299716987 4 5 13.0 1 164
463.5462506173324 239.0935861052171 19 6 13.0 1 165
246.44181731410444 735.5307504986765 18 12 10.0 1 166
443.35012263302065 694.8300643891359 22 -5 10.0 1 167
156.25285175498163 463.96348741603316 -8 7 10.0 1 168
223.38033790922748 489.49578181647075 -17 -16 12.0 1 169
311.3731415179405 618.7264957786344 20 -5 13.0 1 170
569.4205569616939 164.63501773035685 -5 -10 10.0 1 171
167.85985881426822 460.9176070628887 21 0 12.0 1 172
175.00881406120664 398.0084554096591 -5 -2 11.0 1 173
292.3037341043076 574.4319761744512 -7 11 12.0 1 174
370.6963150753243 172.8826425615265 17 -5 12.0 1 175
206.76114753145166 277.1189766618189 4 17 10.0 1 176
523.4327931369667 290.5041298568444 4 13 11.0 1 177
738.7875431726472 412.00002462671097 -3 17 10.0 1 178
231.20704526862133 121.10048685404496 -2 -6 10.0 1 179
317.8885327807552 202.3798923411312 18 1 11.0 1 180
285.1297357849936 165.63741254377945 -16 -1 11.0 1 181
191.70221340159432 694.8440809957103 -13 -11 11.0 1 182
451.73615590287113 219.25883099749018 20 16 13.0 1 183
488.9902890202635 673.9064228164245 13 -3 12.0 1 184
348.82089483014846 709.8010639007124 -12 -3 12.0 1 185
637.8508415194397 408.42479605061123 17 18 10.0 1 186
185.6043429684629 102.13509396705433 17 -12 11.0 1 187
286.93822214977865 320.8733016653216 1 13 13.0 1 188
330.2834736314432 691.7869187456873 6 -6 13.0 1 189
541.0092973946187 527.3435434102412 13 -2 10.0 1 190
451.34348520740247 105.44126811999405 2 17 12.0 1 191
326.002716727155 230.44351363560776 -3 13 13.0 1 192
616.4373657991907 444.67512379285944 21 13 10.0 1 193
648.0252075470587 422.01127940939534 10 0 11.0 1 194
257.5406194602368 329.38608567550614 12 15 12.0 1 195
520.2523681390309 318.97921280958207 -10 1 12.0 1 196
498.63911971674713 320.00422472714433 -2 -9 12.0 1 197
540.6483660471929 707.3467701607663 9 13 12.0 1 198
530.2428695624725 360.8490750028459 -1 3 12.0 1 199
279.3349054792535 363.7241821002018 22 -12 13.0 1 200
426.35696616642906 117.2256901086987 4 -4 12.0 1 201
683.4171447315684 576.722160670939 -14 3 12.0 1 202
674.2402599126082 634.7621771986815 13 -15 13.0 1 203
78.62925538726375 460.41394298550176 -8 19 13.0 1 204
275.9445315272653 575.5996604268081 -3 18 13.0 1 205
205.8376223311366 258.92919827982246 -3 19 10.0 1 206
603.0900503471229 359.95712984808534 16 3 11.0 1 207
191.3887469770412 375.8889006432501 -12 0 12.0 1 208
416.1582096231039 119.46495359442906 -14 -14 13.0 1 209
301.379733441128 272.7402537176149 -7 -12 10.0 1 210
198.07906740549623 696.8314959369471 13 13 11.0 1 211
64.57994977233278 530.7416915343732 11 -13 10.0 1 212
143.08278666527025 479.7154031057797 19 1 11.0 1 213
349.0549547006039 519.6018493144754 -9 9 12.0 1 214
460.3371428395525 238.93035917976522 -12 -9 11.0 1 215
392.00844181334617 657.8762009138286 -8 9 12.0 1 216
443.6162048250175 149.77284984106515 -16 -11 13.0 1 217
317.89592908456905 638.2497041742421 17 6 13.0 1 218
274.0190736540391 80.97365908594071 -5 -7 12.0 1 219
