400 400 7.071067811865475 -7.0710678118654755 5 2 -1 10 187
742.842712474619 57.15728752538092
800.0 400.0 0 0 24.0 1 0
799.4518139018296 420.9343824971775 0 0 24.0 1 1
797.8087581473094 441.8113853070614 0 0 24.0 1 2
795.0753362380551 462.57378601609236 0 0 24.0 1 3
791.2590402935223 483.16467632710373 0 0 24.0 1 4
786.3703305156273 503.5276180410083 0 0 24.0 1 5
780.4226065180615 523.6067977499789 0 0 24.0 1 6
773.4321705988807 543.3471798181201 0 0 24.0 1 7
765.4181830570403 562.6946572303201 0 0 24.0 1 8
756.4026096753471 581.5961998958187 0 0 24.0 1 9
746.4101615137755 600.0 0 0 24.0 1 10
735.4682271781696 617.8556140060108 0 0 24.0 1 11
723.606797749979 635.1141009169893 0 0 24.0 1 12
710.8583845827884 651.728156419935 0 0 24.0 1 13
697.2579301909577 667.6522425435433 0 0 24.0 1 14
682.842712474619 682.842712474619 0 0 24.0 1 15
667.6522425435433 697.2579301909577 0 0 24.0 1 16
651.728156419935 710.8583845827884 0 0 24.0 1 17
635.1141009169893 723.606797749979 0 0 24.0 1 18
617.8556140060108 735.4682271781696 0 0 24.0 1 19
600.0 746.4101615137754 0 0 24.0 1 20
581.5961998958187 756.4026096753471 0 0 24.0 1 21
562.6946572303201 765.4181830570403 0 0 24.0 1 22
543.3471798181201 773.4321705988807 0 0 24.0 1 23
523.606797749979 780.4226065180615 0 0 24.0 1 24
503.5276180410083 786.3703305156273 0 0 24.0 1 25
483.1646763271038 791.2590402935223 0 0 24.0 1 26
462.57378601609236 795.0753362380551 0 0 24.0 1 27
441.8113853070614 797.8087581473094 0 0 24.0 1 28
420.9343824971776 799.4518139018296 0 0 24.0 1 29
400.0 800.0 0 0 24.0 1 30
379.0656175028225 799.4518139018296 0 0 24.0 1 31
358.1886146929386 797.8087581473094 0 0 24.0 1 32
337.4262139839077 795.0753362380551 0 0 24.0 1 33
316.83532367289627 791.2590402935223 0 0 24.0 1 34
296.47238195899166 786.3703305156273 0 0 24.0 1 35
276.3932022500211 780.4226065180615 0 0 24.0 1 36
256.65282018187986 773.4321705988807 0 0 24.0 1 37
237.3053427696799 765.4181830570403 0 0 24.0 1 38
218.4038001041813 756.4026096753471 0 0 24.0 1 39
200.00000000000009 746.4101615137755 0 0 24.0 1 40
182.14438599398918 735.4682271781696 0 0 24.0 1 41
164.8858990830108 723.606797749979 0 0 24.0 1 42
148.27184358006508 710.8583845827884 0 0 24.0 1 43
132.3477574564567 697.2579301909577 0 0 24.0 1 44
117.15728752538104 682.842712474619 0 0 24.0 1 45
102.74206980904233 667.6522425435434 0 0 24.0 1 46
89.14161541721165 651.728156419935 0 0 24.0 1 47
76.39320225002109 635.1141009169893 0 0 24.0 1 48
64.53177282183043 617.8556140060109 0 0 24.0 1 49
53.589838486224494 600.0 0 0 24.0 1 50
43.597390324652906 581.5961998958187 0 0 24.0 1 51
34.58181694295968 562.6946572303202 0 0 24.0 1 52
26.567829401119297 543.3471798181201 0 0 24.0 1 53
19.5773934819386 523.606797749979 0 0 24.0 1 54
13.629669484372698 503.5276180410084 0 0 24.0 1 55
8.740959706477724 483.16467632710373 0 0 24.0 1 56
4.924663761944942 462.5737860160924 0 0 24.0 1 57
2.1912418526906663 441.81138530706147 0 0 24.0 1 58
0.5481860981704472 420.9343824971775 0 0 24.0 1 59
0.0 400.00000000000006 0 0 24.0 1 60
0.5481860981704472 379.0656175028226 0 0 24.0 1 61
2.1912418526906663 358.1886146929386 0 0 24.0 1 62
4.924663761944885 337.4262139839077 0 0 24.0 1 63
8.740959706477781 316.8353236728962 0 0 24.0 1 64
13.629669484372698 296.47238195899166 0 0 24.0 1 65
19.577393481938543 276.3932022500211 0 0 24.0 1 66
26.567829401119297 256.65282018187986 0 0 24.0 1 67
34.58181694295968 237.30534276967992 0 0 24.0 1 68
43.59739032465285 218.40380010418136 0 0 24.0 1 69
53.58983848622455 199.99999999999994 0 0 24.0 1 70
64.53177282183037 182.14438599398918 0 0 24.0 1 71
76.39320225002103 164.8858990830108 0 0 24.0 1 72
89.14161541721171 148.27184358006497 0 0 24.0 1 73
102.74206980904228 132.3477574564567 0 0 24.0 1 74
117.15728752538092 117.15728752538104 0 0 24.0 1 75
132.34775745645675 102.74206980904228 0 0 24.0 1 76
148.27184358006485 89.14161541721177 0 0 24.0 1 77
164.8858990830107 76.39320225002109 0 0 24.0 1 78
182.1443859939892 64.53177282183032 0 0 24.0 1 79
199.99999999999983 53.58983848622461 0 0 24.0 1 80
218.40380010418124 43.597390324652906 0 0 24.0 1 81
237.30534276967995 34.58181694295962 0 0 24.0 1 82
256.65282018187975 26.567829401119354 0 0 24.0 1 83
276.393202250021 19.5773934819386 0 0 24.0 1 84
296.4723819589917 13.629669484372698 0 0 24.0 1 85
316.8353236728961 8.740959706477781 0 0 24.0 1 86
337.4262139839076 4.924663761944942 0 0 24.0 1 87
358.18861469293864 2.1912418526906663 0 0 24.0 1 88
379.0656175028223 0.5481860981704472 0 0 24.0 1 89
399.99999999999994 0.0 0 0 24.0 1 90
420.9343824971776 0.5481860981704472 0 0 24.0 1 91
441.8113853070612 2.1912418526906663 0 0 24.0 1 92
462.5737860160923 4.924663761944885 0 0 24.0 1 93
483.1646763271038 8.740959706477781 0 0 24.0 1 94
503.5276180410081 13.629669484372641 0 0 24.0 1 95
523.6067977499789 19.577393481938543 0 0 24.0 1 96
543.3471798181201 26.567829401119297 0 0 24.0 1 97
562.6946572303199 34.58181694295956 0 0 24.0 1 98
581.5961998958187 43.59739032465279 0 0 24.0 1 99
756.4026096753471 218.40380010418122 0 0 24.0 1 100
765.4181830570403 237.30534276967995 0 0 24.0 1 101
773.4321705988806 256.6528201818797 0 0 24.0 1 102
780.4226065180615 276.3932022500209 0 0 24.0 1 103
786.3703305156273 296.4723819589917 0 0 24.0 1 104
791.2590402935223 316.83532367289604 0 0 24.0 1 105
795.0753362380551 337.4262139839076 0 0 24.0 1 106
797.8087581473094 358.18861469293864 0 0 24.0 1 107
799.4518139018296 379.06561750282225 0 0 24.0 1 108
800.0 399.9999999999999 0 0 24.0 1 109
618.900584440745 568.1027487327326 0 0 12.0 1 110
592.998977111886 568.18856927201 0 0 13.0 1 111
400.97365355737116 180.00215455884523 0 0 11.0 1 112
396.53476897478146 660.9769954879968 0 0 13.0 1 113
357.68042696099144 752.4685145339879 0 0 10.0 1 114
158.17734591496722 210.8682893556171 0 0 11.0 1 115
585.5257059239531 229.45905933935137 0 0 13.0 1 116
319.900739851461 51.07578398217089 0 0 11.0 1 117
178.4747170280009 374.3963087783085 0 0 12.0 1 118
598.3693676789818 384.16983996793033 0 0 13.0 1 119
222.35464059382997 455.119200660502 0 0 10.0 1 120
218.18000833000045 478.39317973600316 0 0 13.0 1 121
318.55829415064755 45.22789209360394 0 0 12.0 1 122
235.08514197139695 464.2813316710668 0 0 10.0 1 123
578.7670159456886 482.7729062548483 0 0 12.0 1 124
251.4338342681944 231.02339096860277 0 0 11.0 1 125
437.42615533399186 269.25106923222694 0 0 11.0 1 126
267.2793257311999 548.2775189353904 0 0 11.0 1 127
372.5753268221011 36.03174959746087 0 0 10.0 1 128
255.54918925778867 479.7431080151623 0 0 13.0 1 129
369.0906400637634 623.8763307460888 0 0 11.0 1 130
544.2233690870872 371.56375887762584 0 0 10.0 1 131
579.3521068525517 150.83776014903293 0 0 11.0 1 132
529.8167094171988 406.90086632898755 0 0 13.0 1 133
539.7822369898157 375.001475601088 0 0 11.0 1 134
181.01321667485996 580.8335940275151 0 0 13.0 1 135
211.51948539075997 564.2409681310849 0 0 10.0 1 136
292.45575096917446 270.933216897624 0 0 10.0 1 137
382.4932908206837 167.6586237156394 0 0 10.0 1 138
705.3699044487861 468.6893110821419 0 0 12.0 1 139
428.0292987889919 569.7007908331526 0 0 13.0 1 140
617.0734157981008 371.0149667285877 0 0 10.0 1 141
385.22958527214996 143.42479689422964 0 0 10.0 1 142
103.66438185821534 472.18172497610726 0 0 13.0 1 143
85.99899258462932 374.9327436257507 0 0 13.0 1 144
481.8274505448138 93.74313340377807 0 0 11.0 1 145
359.2854801118231 139.1584238080991 0 0 12.0 1 146
198.64376501793387 276.9078936980646 0 0 11.0 1 147
741.8839712377155 512.7623616759106 0 0 13.0 1 148
205.2243002692613 429.5199389294952 0 0 13.0 1 149
247.8832752559372 180.5700520595718 0 0 11.0 1 150
515.8164039109664 641.6827684902916 0 0 12.0 1 151
670.4707741480591 234.66833233844895 0 0 13.0 1 152
559.1968022577505 186.89819768264115 0 0 11.0 1 153
211.42564274374325 693.6676893793215 0 0 11.0 1 154
275.52030563596554 233.36025176736328 -10 -3 10.0 1 155
170.2811762969074 245.21543346810228 3 8 12.0 1 156
406.6899079060473 232.13325185669257 19 -11 11.0 1 157
262.18726992483414 375.3494132071978 -3 -10 13.0 1 158
436.4409615176948 598.6858231572295 -13 11 13.0 1 159
205.37418651039243 387.9255342350688 22 6 10.0 1 160
184.99249484965821 268.56266615217066 9 -13 12.0 1 161
87.76861726854474 433.2800786898633 22 17 11.0 1 162
293.39165305673686 499.7529967571142 -9 -1 11.0 1 163
388.45737307760146 573.616726624281 -2 -4 11.0 1 164
524.173797465284 385.6518982771016 5 -14 12.0 1 165
504.61178037861436 553.7932879095072 0 -17 10.0 1 166
729.6534150561995 335.00287743457335 1 9 11.0 1 167
75.34592338494542 283.2749789581246 -5 -5 13.0 1 168
253.75628752012034 623.387055489127 -1 2 10.0 1 169
716.7531230931562 553.5299938472344 10 -4 11.0 1 170
460.6596857909238 675.3986247600856 18 7 13.0 1 171
162.97737118804775 602.8898061290205 7 -17 13.0 1 172
148.00987174855143 397.76947005881823 17 12 11.0 1 173
289.05381234534656 463.83528369873846 -15 10 11.0 1 174
667.1755108529617 641.2825033036149 -10 9 12.0 1 175
619.539273918622 374.63255615391563 -3 -4 13.0 1 176
660.2682794872352 369.9263787888049 10 -17 13.0 1 177
706.438689864518 264.64738881677323 -13 12 10.0 1 178
270.1194799822025 517.2861906615885 4 -9 12.0 1 179
590.0983076129463 348.31215382032605 1 -6 11.0 1 180
231.12970068676347 221.11785441286236 -12 21 10.0 1 181
174.74925695672013 572.9685022148551 -12 11 10.0 1 182
452.2944622469011 189.39541975942825 6 -4 11.0 1 183
385.87023256051214 612.5308205228267 -8 15 10.0 1 184
489.92594955544337 208.01738725459575 6 21 10.0 1 185
503.299235608877 316.22489676149763 1 -17 12.0 1 186
402.10621027777347 558.9860493196362 -8 1 13.0 1 187
556.6909160085904 80.33774567461228 -14 -17 12.0 1 188
598.9042600264455 481.62165976830016 -13 14 10.0 1 189
333.01241854285934 539.7771938855655 -15 2 12.0 1 190
546.5015954283051 520.9846376072649 6 -17 12.0 1 191
204.50682305028238 368.5927115766676 -4 15 13.0 1 192
366.04390911725613 35.57856279856031 -1 -3 12.0 1 193
133.97732307333342 619.6746124630026 -12 0 10.0 1 194
142.9842336942777 472.33184547820105 -9 -12 11.0 1 195
144.9697844282113 431.7582925455226 7 1 10.0 1 196
345.26395272304603 558.8331361161614 3 21 12.0 1 197
523.0477438290632 377.9942566910986 -4 10 11.0 1 198
429.9247812781913 208.3218649259848 10 -7 12.0 1 199
310.4986551458594 308.49311900572616 -6 18 13.0 1 200
260.973338233509 267.5779953404053 8 6 11.0 1 201
309.7653633755074 677.7079587502774 -8 6 13.0 1 202
615.8212622608864 524.186081169017 7 -15 10.0 1 203
482.08558130363025 92.77702341451555 13 22 13.0 1 204
371.49198901200873 555.4068637786265 17 -7 11.0 1 205
292.1334469933589 482.82998697612777 12 -16 12.0 1 206
693.922296797759 247.78080461016077 8 -17 13.0 1 207
494.4765786051929 674.1790949271239 22 19 11.0 1 208
222.66409125483744 616.6840452583608 4 6 13.0 1 209
188.03310553702053 403.7464185190826 -12 -2 11.0 1 210
348.0920995685446 173.88151364207724 12 -17 12.0 1 211
672.0420969765494 291.1785982786396 11 -17 12.0 1 212
618.7844732820807 587.2894931668152 14 5 10.0 1 213
712.8362845286468 444.6033528146877 -3 14 10.0 1 214
623.4331183299483 458.6399320715441 3 14 11.0 1 215
277.1720890434302 484.3463353682006 8 -6 11.0 1 216
242.43113175600146 293.8300807181929 13 3 10.0 1 217
276.03182386136393 453.4498952745476 11 18 13.0 1 218
548.949952561888 733.2250165155841 -1 -2 12.0 1 219
