400 400 7.0710678118654755 7.0710678118654755 5 2 -1 10 187
742.842712474619 742.842712474619
800.0 400.0 0 0 24.0 1 0
799.4518139018296 420.9343824971775 0 0 24.0 1 1
797.8087581473094 441.8113853070614 0 0 24.0 1 2
795.0753362380551 462.57378601609236 0 0 24.0 1 3
791.2590402935223 483.16467632710373 0 0 24.0 1 4
786.3703305156273 503.5276180410083 0 0 24.0 1 5
780.4226065180615 523.6067977499789 0 0 24.0 1 6
773.4321705988807 543.3471798181201 0 0 24.0 1 7
765.4181830570403 562.6946572303201 0 0 24.0 1 8
756.4026096753471 581.5961998958187 0 0 24.0 1 9
581.5961998958187 756.4026096753471 0 0 24.0 1 10
562.6946572303201 765.4181830570403 0 0 24.0 1 11
543.3471798181201 773.4321705988807 0 0 24.0 1 12
523.606797749979 780.4226065180615 0 0 24.0 1 13
503.5276180410083 786.3703305156273 0 0 24.0 1 14
483.1646763271038 791.2590402935223 0 0 24.0 1 15
462.57378601609236 795.0753362380551 0 0 24.0 1 16
441.8113853070614 797.8087581473094 0 0 24.0 1 17
420.9343824971776 799.4518139018296 0 0 24.0 1 18
400.0 800.0 0 0 24.0 1 19
379.0656175028225 799.4518139018296 0 0 24.0 1 20
358.1886146929386 797.8087581473094 0 0 24.0 1 21
337.4262139839077 795.0753362380551 0 0 24.0 1 22
316.83532367289627 791.2590402935223 0 0 24.0 1 23
296.47238195899166 786.3703305156273 0 0 24.0 1 24
276.3932022500211 780.4226065180615 0 0 24.0 1 25
256.65282018187986 773.4321705988807 0 0 24.0 1 26
237.3053427696799 765.4181830570403 0 0 24.0 1 27
218.4038001041813 756.4026096753471 0 0 24.0 1 28
200.00000000000009 746.4101615137755 0 0 24.0 1 29
182.14438599398918 735.4682271781696 0 0 24.0 1 30
164.8858990830108 723.606797749979 0 0 24.0 1 31
148.27184358006508 710.8583845827884 0 0 24.0 1 32
132.3477574564567 697.2579301909577 0 0 24.0 1 33
117.15728752538104 682.842712474619 0 0 24.0 1 34
102.74206980904233 667.6522425435434 0 0 24.0 1 35
89.14161541721165 651.728156419935 0 0 24.0 1 36
76.39320225002109 635.1141009169893 0 0 24.0 1 37
64.53177282183043 617.8556140060109 0 0 24.0 1 38
53.589838486224494 600.0 0 0 24.0 1 39
43.597390324652906 581.5961998958187 0 0 24.0 1 40
34.58181694295968 562.6946572303202 0 0 24.0 1 41
26.567829401119297 543.3471798181201 0 0 24.0 1 42
19.5773934819386 523.606797749979 0 0 24.0 1 43
13.629669484372698 503.5276180410084 0 0 24.0 1 44
8.740959706477724 483.16467632710373 0 0 24.0 1 45
4.924663761944942 462.5737860160924 0 0 24.0 1 46
2.1912418526906663 441.81138530706147 0 0 24.0 1 47
0.5481860981704472 420.9343824971775 0 0 24.0 1 48
0.0 400.00000000000006 0 0 24.0 1 49
0.5481860981704472 379.0656175028226 0 0 24.0 1 50
2.1912418526906663 358.1886146929386 0 0 24.0 1 51
4.924663761944885 337.4262139839077 0 0 24.0 1 52
8.740959706477781 316.8353236728962 0 0 24.0 1 53
13.629669484372698 296.47238195899166 0 0 24.0 1 54
19.577393481938543 276.3932022500211 0 0 24.0 1 55
26.567829401119297 256.65282018187986 0 0 24.0 1 56
34.58181694295968 237.30534276967992 0 0 24.0 1 57
43.59739032465285 218.40380010418136 0 0 24.0 1 58
53.58983848622455 199.99999999999994 0 0 24.0 1 59
64.53177282183037 182.14438599398918 0 0 24.0 1 60
76.39320225002103 164.8858990830108 0 0 24.0 1 61
89.14161541721171 148.27184358006497 0 0 24.0 1 62
102.74206980904228 132.3477574564567 0 0 24.0 1 63
117.15728752538092 117.15728752538104 0 0 24.0 1 64
132.34775745645675 102.74206980904228 0 0 24.0 1 65
148.27184358006485 89.14161541721177 0 0 24.0 1 66
164.8858990830107 76.39320225002109 0 0 24.0 1 67
182.1443859939892 64.53177282183032 0 0 24.0 1 68
199.99999999999983 53.58983848622461 0 0 24.0 1 69
218.40380010418124 43.597390324652906 0 0 24.0 1 70
237.30534276967995 34.58181694295962 0 0 24.0 1 71
256.65282018187975 26.567829401119354 0 0 24.0 1 72
276.393202250021 19.5773934819386 0 0 24.0 1 73
296.4723819589917 13.629669484372698 0 0 24.0 1 74
316.8353236728961 8.740959706477781 0 0 24.0 1 75
337.4262139839076 4.924663761944942 0 0 24.0 1 76
358.18861469293864 2.1912418526906663 0 0 24.0 1 77
379.0656175028223 0.5481860981704472 0 0 24.0 1 78
399.99999999999994 0.0 0 0 24.0 1 79
420.9343824971776 0.5481860981704472 0 0 24.0 1 80
441.8113853070612 2.1912418526906663 0 0 24.0 1 81
462.5737860160923 4.924663761944885 0 0 24.0 1 82
483.1646763271038 8.740959706477781 0 0 24.0 1 83
503.5276180410081 13.629669484372641 0 0 24.0 1 84
523.6067977499789 19.577393481938543 0 0 24.0 1 85
543.3471798181201 26.567829401119297 0 0 24.0 1 86
562.6946572303199 34.58181694295956 0 0 24.0 1 87
581.5961998958187 43.59739032465279 0 0 24.0 1 88
600.0 53.58983848622455 0 0 24.0 1 89
617.8556140060107 64.53177282183032 0 0 24.0 1 90
635.1141009169892 76.39320225002098 0 0 24.0 1 91
651.728156419935 89.14161541721171 0 0 24.0 1 92
667.6522425435431 102.74206980904216 0 0 24.0 1 93
682.842712474619 117.15728752538092 0 0 24.0 1 94
697.2579301909577 132.34775745645675 0 0 24.0 1 95
710.8583845827882 148.27184358006485 0 0 24.0 1 96
723.6067977499789 164.88589908301066 0 0 24.0 1 97
735.4682271781696 182.1443859939892 0 0 24.0 1 98
746.4101615137754 199.99999999999983 0 0 24.0 1 99
756.4026096753471 218.40380010418122 0 0 24.0 1 100
765.4181830570403 237.30534276967995 0 0 24.0 1 101
773.4321705988806 256.6528201818797 0 0 24.0 1 102
780.4226065180615 276.3932022500209 0 0 24.0 1 103
786.3703305156273 296.4723819589917 0 0 24.0 1 104
791.2590402935223 316.83532367289604 0 0 24.0 1 105
795.0753362380551 337.4262139839076 0 0 24.0 1 106
797.8087581473094 358.18861469293864 0 0 24.0 1 107
799.4518139018296 379.06561750282225 0 0 24.0 1 108
800.0 399.9999999999999 0 0 24.0 1 109
102.4763772672735 528.2797486589143 0 0 11.0 1 110
328.80804692527624 159.3078609148061 0 0 12.0 1 111
448.65487020503565 641.1404230014767 0 0 10.0 1 112
369.32472839783503 528.3862442481025 0 0 10.0 1 113
410.63217506496807 133.21177527224359 0 0 12.0 1 114
157.15565566786802 376.2802945655533 0 0 13.0 1 115
600.487034736409 437.69547589037614 0 0 13.0 1 116
613.4052186080655 622.0860478977546 0 0 13.0 1 117
546.0579185874694 719.1677997823342 0 0 12.0 1 118
211.83316680798956 348.8312313369755 0 0 11.0 1 119
165.9376732411073 496.04075797396297 0 0 12.0 1 120
267.1572458515485 337.0571475840658 0 0 13.0 1 121
498.75467770041473 534.6718739465937 0 0 12.0 1 122
424.84387088192756 176.37580166806163 0 0 10.0 1 123
252.52166721930948 337.95049266732326 0 0 12.0 1 124
547.2994621601354 385.61707792780504 0 0 10.0 1 125
532.1209205030622 384.7336197668361 0 0 12.0 1 126
341.967969788158 253.04325987049162 0 0 13.0 1 127
649.84037105823 153.46239842675928 0 0 11.0 1 128
346.022416814917 54.18730429104045 0 0 12.0 1 129
567.4365642142752 86.96646032075273 0 0 13.0 1 130
371.35958915370406 739.7951248422428 0 0 12.0 1 131
447.35764118220686 273.5790609841181 0 0 13.0 1 132
279.4082283719857 153.96418021837383 0 0 12.0 1 133
186.535844731968 415.1345437891441 0 0 11.0 1 134
538.3065354921565 268.271862382569 0 0 10.0 1 135
343.46553913177405 604.3229177902934 0 0 11.0 1 136
86.04903367275682 405.5489406367545 0 0 10.0 1 137
582.5413874198689 412.94765920270316 0 0 11.0 1 138
362.9102723978091 763.1106609649396 0 0 13.0 1 139
221.4465254368921 473.2642936323117 0 0 13.0 1 140
138.17986460884987 167.72814052546136 0 0 11.0 1 141
64.79344717224575 456.8908335440253 0 0 13.0 1 142
117.69210729125689 298.49998170271704 0 0 12.0 1 143
616.5882389381167 448.7189362946821 0 0 13.0 1 144
565.4680934810056 503.1761117689614 0 0 13.0 1 145
87.77237114710988 358.2997868002826 0 0 10.0 1 146
468.6816670062987 123.3995144305855 0 0 10.0 1 147
123.78740397511393 565.5010628279863 0 0 13.0 1 148
446.02024761064837 135.9808021945097 0 0 13.0 1 149
312.45908302813615 229.1182050195948 0 0 13.0 1 150
604.2373553053587 303.23687325291394 0 0 10.0 1 151
530.3983755442371 69.81631830839348 0 0 13.0 1 152
474.38041627869063 272.0486276970478 0 0 12.0 1 153
632.772160140948 389.6984727677456 0 0 11.0 1 154
350.19078592430344 267.0223996563277 22 6 11.0 1 155
601.0759486238487 601.9739163481744 16 -14 13.0 1 156
573.0193822059459 418.4470426104778 12 5 10.0 1 157
311.4613642359946 253.7060835952199 -15 9 12.0 1 158
658.709949557526 182.48411092533416 -16 -6 10.0 1 159
629.6598029881743 196.27132040031043 -8 10 13.0 1 160
256.3781830930359 119.64705511027267 8 18 13.0 1 161
482.3294985954793 263.97480505061947 -3 13 13.0 1 162
637.6659104986192 207.25427375201713 17 17 13.0 1 163
85.19707965549549 411.14097583569543 18 8 13.0 1 164
385.40200256469296 146.41983817561996 14 13 13.0 1 165
377.2966648255961 564.4401367427024 1 -5 12.0 1 166
130.91290088967816 197.11793304386953 -4 9 12.0 1 167
571.4349001307787 466.8286990532504 17 22 11.0 1 168
602.3316732671199 290.6295561272266 -1 19 11.0 1 169
254.65185644145254 626.3513135903653 21 11 12.0 1 170
156.126563851823 202.20781830092213 17 -6 10.0 1 171
384.7665603502114 262.84336575857424 16 18 11.0 1 172
588.1834092154921 118.02836224890518 -3 6 11.0 1 173
111.10331196643091 326.906199693581 18 19 13.0 1 174
408.8402354472768 178.17608281062948 6 8 11.0 1 175
141.49699644200842 383.96263265068114 5 19 10.0 1 176
374.9201675485393 536.7186966153739 -14 16 13.0 1 177
365.6619920211672 633.4885462031181 -7 20 10.0 1 178
276.9974146455686 455.6359955076371 22 22 13.0 1 179
743.3467833091945 442.7666504560391 -4 -16 12.0 1 180
491.5969740760077 299.4714252557057 -10 16 10.0 1 181
547.9667939006257 659.8207611080564 17 -16 12.0 1 182
595.2885962927227 447.57482693629044 -6 15 11.0 1 183
186.7470300251395 498.7328253262371 22 -9 12.0 1 184
540.4785995257164 618.782456050053 -6 0 11.0 1 185
141.09130890471533 393.1232511077926 7 -1 12.0 1 186
316.64385093412704 723.4312174371978 -14 12 10.0 1 187
486.8028085780571 201.11744062648134 -7 14 11.0 1 188
286.8041558582966 140.62440193987567 4 -6 10.0 1 189
156.13252692002496 518.1932974985792 -2 -6 12.0 1 190
494.51440895135914 230.58032434048505 -16 17 12.0 1 191
738.922537742984 372.9534954225945 1 17 13.0 1 192
263.43176941641 684.9651178570236 13 -17 12.0 1 193
536.5871777087223 430.7236535191689 21 2 12.0 1 194
442.93539030302657 634.09517777931 7 0 10.0 1 195
576.6960576610777 615.915500154651 -4 -7 13.0 1 196
625.0571287190727 566.5811778464983 13 8 10.0 1 197
263.5825421778612 342.60420571727406 -7 21 11.0 1 198
346.5259129175955 167.05897310541576 16 18 13.0 1 199
83.33343413018054 560.4596088123591 10 8 13.0 1 200
270.9801836621013 336.0477757061188 -17 3 12.0 1 201
309.7737510160003 259.4716256613018 17 9 11.0 1 202
385.27741882547167 30.293027380386775 -9 12 12.0 1 203
234.18403444256398 679.5175586009852 17 8 13.0 1 204
620.9103492421362 157.54873149905492 1 20 10.0 1 205
131.2165727440203 521.5749531463182 -4 16 12.0 1 206
696.6014848365896 527.8927644268052 11 -15 13.0 1 207
219.7397189120759 194.97504770857137 8 -1 11.0 1 208
733.4143231327389 367.444061525775 2 1 13.0 1 209
81.70777587709955 465.68911677665716 0 7 12.0 1 210
676.6419224016838 340.3489583502458 -16 -17 11.0 1 211
543.2887256889654 237.03576745054627 15 8 10.0 1 212
529.9949420584501 398.85324840519485 11 -2 12.0 1 213
412.13415507836316 582.5972679985498 7 -15 13.0 1 214
569.9532728110039 203.23647426205113 1 -4 12.0 1 215
58.52974052166695 476.7988404326517 7 -8 12.0 1 216
244.01869907043218 337.599408974597 -1 -17 12.0 1 217
450.6621571483881 583.1211233939766 5 18 13.0 1 218
278.1239764128657 643.1670924993517 20 22 12.0 1 219
