400 400 -7.071067811865475 -7.071067811865477 5 2 -1 10 187
57.15728752538104 57.15728752538092
800.0 400.0 0 0 24.0 1 0
799.4518139018296 420.9343824971775 0 0 24.0 1 1
797.8087581473094 441.8113853070614 0 0 24.0 1 2
795.0753362380551 462.57378601609236 0 0 24.0 1 3
791.2590402935223 483.16467632710373 0 0 24.0 1 4
786.3703305156273 503.5276180410083 0 0 24.0 1 5
780.4226065180615 523.6067977499789 0 0 24.0 1 6
773.4321705988807 543.3471798181201 0 0 24.0 1 7
765.4181830570403 562.6946572303201 0 0 24.0 1 8
756.4026096753471 581.5961998958187 0 0 24.0 1 9
746.4101615137755 600.0 0 0 24.0 1 10
735.4682271781696 617.8556140060108 0 0 24.0 1 11
723.606797749979 635.1141009169893 0 0 24.0 1 12
710.8583845827884 651.728156419935 0 0 24.0 1 13
697.2579301909577 667.6522425435433 0 0 24.0 1 14
682.842712474619 682.842712474619 0 0 24.0 1 15
667.6522425435433 697.2579301909577 0 0 24.0 1 16
651.728156419935 710.8583845827884 0 0 24.0 1 17
635.1141009169893 723.606797749979 0 0 24.0 1 18
617.8556140060108 735.4682271781696 0 0 24.0 1 19
600.0 746.4101615137754 0 0 24.0 1 20
581.5961998958187 756.4026096753471 0 0 24.0 1 21
562.6946572303201 765.4181830570403 0 0 24.0 1 22
543.3471798181201 773.4321705988807 0 0 24.0 1 23
523.606797749979 780.4226065180615 0 0 24.0 1 24
503.5276180410083 786.3703305156273 0 0 24.0 1 25
483.1646763271038 791.2590402935223 0 0 24.0 1 26
462.57378601609236 795.0753362380551 0 0 24.0 1 27
441.8113853070614 797.8087581473094 0 0 24.0 1 28
420.9343824971776 799.4518139018296 0 0 24.0 1 29
400.0 800.0 0 0 24.0 1 30
379.0656175028225 799.4518139018296 0 0 24.0 1 31
358.1886146929386 797.8087581473094 0 0 24.0 1 32
337.4262139839077 795.0753362380551 0 0 24.0 1 33
316.83532367289627 791.2590402935223 0 0 24.0 1 34
296.47238195899166 786.3703305156273 0 0 24.0 1 35
276.3932022500211 780.4226065180615 0 0 24.0 1 36
256.65282018187986 773.4321705988807 0 0 24.0 1 37
237.3053427696799 765.4181830570403 0 0 24.0 1 38
218.4038001041813 756.4026096753471 0 0 24.0 1 39
200.00000000000009 746.4101615137755 0 0 24.0 1 40
182.14438599398918 735.4682271781696 0 0 24.0 1 41
164.8858990830108 723.606797749979 0 0 24.0 1 42
148.27184358006508 710.8583845827884 0 0 24.0 1 43
132.3477574564567 697.2579301909577 0 0 24.0 1 44
117.15728752538104 682.842712474619 0 0 24.0 1 45
102.74206980904233 667.6522425435434 0 0 24.0 1 46
89.14161541721165 651.728156419935 0 0 24.0 1 47
76.39320225002109 635.1141009169893 0 0 24.0 1 48
64.53177282183043 617.8556140060109 0 0 24.0 1 49
53.589838486224494 600.0 0 0 24.0 1 50
43.597390324652906 581.5961998958187 0 0 24.0 1 51
34.58181694295968 562.6946572303202 0 0 24.0 1 52
26.567829401119297 543.3471798181201 0 0 24.0 1 53
19.5773934819386 523.606797749979 0 0 24.0 1 54
13.629669484372698 503.5276180410084 0 0 24.0 1 55
8.740959706477724 483.16467632710373 0 0 24.0 1 56
4.924663761944942 462.5737860160924 0 0 24.0 1 57
2.1912418526906663 441.81138530706147 0 0 24.0 1 58
0.5481860981704472 420.9343824971775 0 0 24.0 1 59
0.0 400.00000000000006 0 0 24.0 1 60
0.5481860981704472 379.0656175028226 0 0 24.0 1 61
2.1912418526906663 358.1886146929386 0 0 24.0 1 62
4.924663761944885 337.4262139839077 0 0 24.0 1 63
8.740959706477781 316.8353236728962 0 0 24.0 1 64
13.629669484372698 296.47238195899166 0 0 24.0 1 65
19.577393481938543 276.3932022500211 0 0 24.0 1 66
26.567829401119297 256.65282018187986 0 0 24.0 1 67
34.58181694295968 237.30534276967992 0 0 24.0 1 68
43.59739032465285 218.40380010418136 0 0 24.0 1 69
218.40380010418124 43.597390324652906 0 0 24.0 1 70
237.30534276967995 34.58181694295962 0 0 24.0 1 71
256.65282018187975 26.567829401119354 0 0 24.0 1 72
276.393202250021 19.5773934819386 0 0 24.0 1 73
296.4723819589917 13.629669484372698 0 0 24.0 1 74
316.8353236728961 8.740959706477781 0 0 24.0 1 75
337.4262139839076 4.924663761944942 0 0 24.0 1 76
358.18861469293864 2.1912418526906663 0 0 24.0 1 77
379.0656175028223 0.5481860981704472 0 0 24.0 1 78
399.99999999999994 0.0 0 0 24.0 1 79
420.9343824971776 0.5481860981704472 0 0 24.0 1 80
441.8113853070612 2.1912418526906663 0 0 24.0 1 81
462.5737860160923 4.924663761944885 0 0 24.0 1 82
483.1646763271038 8.740959706477781 0 0 24.0 1 83
503.5276180410081 13.629669484372641 0 0 24.0 1 84
523.6067977499789 19.577393481938543 0 0 24.0 1 85
543.3471798181201 26.567829401119297 0 0 24.0 1 86
562.6946572303199 34.58181694295956 0 0 24.0 1 87
581.5961998958187 43.59739032465279 0 0 24.0 1 88
600.0 53.58983848622455 0 0 24.0 1 89
617.8556140060107 64.53177282183032 0 0 24.0 1 90
635.1141009169892 76.39320225002098 0 0 24.0 1 91
651.728156419935 89.14161541721171 0 0 24.0 1 92
667.6522425435431 102.74206980904216 0 0 24.0 1 93
682.842712474619 117.15728752538092 0 0 24.0 1 94
697.2579301909577 132.34775745645675 0 0 24.0 1 95
710.8583845827882 148.27184358006485 0 0 24.0 1 96
723.6067977499789 164.88589908301066 0 0 24.0 1 97
735.4682271781696 182.1443859939892 0 0 24.0 1 98
746.4101615137754 199.99999999999983 0 0 24.0 1 99
756.4026096753471 218.40380010418122 0 0 24.0 1 100
765.4181830570403 237.30534276967995 0 0 24.0 1 101
773.4321705988806 256.6528201818797 0 0 24.0 1 102
780.4226065180615 276.3932022500209 0 0 24.0 1 103
786.3703305156273 296.4723819589917 0 0 24.0 1 104
791.2590402935223 316.83532367289604 0 0 24.0 1 105
795.0753362380551 337.4262139839076 0 0 24.0 1 106
797.8087581473094 358.18861469293864 0 0 24.0 1 107
799.4518139018296 379.06561750282225 0 0 24.0 1 108
800.0 399.9999999999999 0 0 24.0 1 109
468.83575800684883 588.8455411695562 0 0 12.0 1 110
203.74263329246907 373.7884374173205 0 0 13.0 1 111
528.6736670413857 245.58469178827315 0 0 13.0 1 112
86.60854284103266 268.14479691806196 0 0 12.0 1 113
498.2436577517286 56.78405673459571 0 0 13.0 1 114
433.1251611759034 101.83440222408217 0 0 13.0 1 115
213.80048992786234 574.226124473042 0 0 11.0 1 116
151.111400615034 668.347657146825 0 0 12.0 1 117
612.8108307811651 174.5858249749357 0 0 10.0 1 118
470.0155449291977 747.0069501728567 0 0 10.0 1 119
550.7467350041074 356.13176678276864 0 0 13.0 1 120
602.9330967767128 156.46938953672927 0 0 13.0 1 121
632.1512677508206 162.66102536311735 0 0 10.0 1 122
292.2315751023551 467.19350113724306 0 0 13.0 1 123
117.50833579976609 362.27123567644617 0 0 13.0 1 124
149.36393124570722 289.2861298689572 0 0 12.0 1 125
649.9120639698845 393.36974492856103 0 0 13.0 1 126
321.37204243681566 543.9223550719 0 0 12.0 1 127
159.08921628418634 361.296068811651 0 0 11.0 1 128
361.6956263878505 55.12063708858881 0 0 13.0 1 129
301.37319973832723 615.5034901576865 0 0 12.0 1 130
334.55448316639144 89.82926584479014 0 0 13.0 1 131
450.8730254850987 677.373277872964 0 0 10.0 1 132
592.9902234077608 274.88096200408756 0 0 10.0 1 133
383.30838204434724 742.5936220801877 0 0 13.0 1 134
454.12023987776456 695.0779551840042 0 0 11.0 1 135
115.97970626490093 516.5395758814492 0 0 12.0 1 136
50.51513265289901 515.2576569924065 0 0 12.0 1 137
192.35624960866986 308.2771951834061 0 0 12.0 1 138
290.26224474437385 135.89088415683892 0 0 13.0 1 139
550.6234795474139 507.41306907927816 0 0 12.0 1 140
621.5770854189724 468.7575102605774 0 0 12.0 1 141
481.26543754281005 650.1298236136099 0 0 10.0 1 142
355.27571678950267 113.46948069829068 0 0 10.0 1 143
456.1475277590806 40.356488830198316 0 0 10.0 1 144
145.556805328893 568.1774678295554 0 0 12.0 1 145
639.5771546073814 434.15826386441273 0 0 13.0 1 146
522.2334384396473 614.6345417849162 0 0 11.0 1 147
630.7081936842054 631.7384934942212 0 0 13.0 1 148
702.8048057384001 329.0757472952322 0 0 11.0 1 149
385.4288838132457 268.8066976821145 0 0 13.0 1 150
188.2617766063054 136.540468469858 0 0 12.0 1 151
173.63981128485227 611.8043081829137 0 0 12.0 1 152
733.1629693892688 423.6312468508353 0 0 10.0 1 153
281.09559419556825 349.9725847130294 0 0 13.0 1 154
334.2897469438875 570.7956751305537 -8 -15 12.0 1 155
401.0046334432875 173.00222311299032 11 -12 13.0 1 156
84.44503159848301 416.76490134529956 -6 -15 13.0 1 157
97.71390417162888 559.9597332732236 17 3 13.0 1 158
271.2475387684135 392.0122764939686 -2 7 13.0 1 159
652.5796126573258 653.7075861496367 17 16 10.0 1 160
589.7268613103489 126.3346604019361 16 2 13.0 1 161
527.9212583419472 286.5224618516387 14 7 13.0 1 162
621.9956924454373 285.0308191919643 19 0 10.0 1 163
104.88327434595988 602.6576379987638 21 -3 11.0 1 164
134.0937767129509 392.93739302962484 10 -9 12.0 1 165
89.98630696450704 375.2510579924078 -2 -14 12.0 1 166
321.0650923726657 685.2810550279569 9 3 13.0 1 167
609.4404292689287 625.828932131485 -10 21 10.0 1 168
683.1431472657463 617.4372510782085 -14 15 12.0 1 169
553.1323286991359 259.23604897851226 11 18 13.0 1 170
412.2070086352812 650.7029894919049 2 9 12.0 1 171
526.18802217165 663.3260014894222 0 6 10.0 1 172
652.51498911113 384.3417665681637 12 -10 13.0 1 173
538.0693494925571 642.4414459837717 17 17 13.0 1 174
198.50579736382025 414.28587778227626 19 -11 11.0 1 175
556.9098806487954 268.07468266181513 -1 -13 12.0 1 176
564.4386041733716 632.7765998925004 14 -17 13.0 1 177
648.0252075470587 422.01127940939534 -5 17 13.0 1 178
605.9677215814244 403.6465965717152 8 -12 10.0 1 179
521.5972869925696 548.5870108591147 -16 17 12.0 1 180
82.21240859125703 445.2995225872174 13 18 11.0 1 181
367.89943320920935 55.492302536343914 -2 1 13.0 1 182
283.5890129428039 331.63712928519374 -9 22 12.0 1 183
756.3462661289668 336.2713673774215 -15 8 12.0 1 184
493.9341939658337 689.123446306226 -7 0 11.0 1 185
645.8826530990217 575.3445776321189 17 7 13.0 1 186
241.0580804134569 288.76391683385793 8 -10 13.0 1 187
690.7783731570269 507.4613312040794 15 -11 10.0 1 188
466.3874942500579 761.9622916923786 3 -16 10.0 1 189
442.7418214729269 197.46077738577043 21 21 13.0 1 190
121.74166811766145 491.7676453771063 -1 8 11.0 1 191
452.19583408961466 528.8277722530721 8 -13 11.0 1 192
677.5957100783664 350.3550430951184 -9 3 11.0 1 193
646.2172553603442 380.3515099099436 18 7 11.0 1 194
635.7565595781571 535.6570846504925 19 -12 10.0 1 195
487.96095249448996 655.2701918287015 0 -7 10.0 1 196
266.55579565665806 516.2826054368081 -9 -17 11.0 1 197
531.4342592256079 357.9400962695382 14 -2 10.0 1 198
701.9906754355706 365.10541660991106 -3 8 11.0 1 199
251.5011255099332 421.16800120898006 -16 -9 10.0 1 200
383.4926840380648 272.06052790583806 -7 -3 11.0 1 201
528.5105467350883 520.2540617935573 12 -17 11.0 1 202
171.53825180797895 140.15152566727363 0 -1 13.0 1 203
492.46460365059977 512.9880395074518 8 -5 12.0 1 204
92.25792793678619 507.5677325327615 8 -9 12.0 1 205
254.6075025598069 562.4346689844981 0 22 10.0 1 206
615.3359883759977 426.8218588120245 -14 -4 13.0 1 207
616.511278074109 193.78684215910013 -8 -3 12.0 1 208
490.7259857459408 201.77589573811326 3 8 10.0 1 209
545.4316652204262 205.3242933717361 18 -7 11.0 1 210
682.3506412249642 194.86805368287563 1 -3 11.0 1 211
490.22465331030537 145.52109726927225 -12 3 11.0 1 212
391.683731174388 191.1655208716239 0 -7 10.0 1 213
468.1508250913578 586.9664810584163 4 20 13.0 1 214
727.2656008197264 461.53232093870224 -3 -7 12.0 1 215
317.8329642104553 69.04746831371767 -10 18 12.0 1 216
565.8376763235938 392.6607145040591 -17 21 12.0 1 217
659.9096425900381 555.7433070430915 -1 17 12.0 1 218
418.47107608320664 619.2232180867902 13 10 10.0 1 219
