400 400 -7.071067811865475 -7.071067811865477 5 2 -1 10 187
57.15728752538104 57.15728752538092
800.0 400.0 0 0 24.0 1 0
799.4518139018296 420.9343824971775 0 0 24.0 1 1
797.8087581473094 441.8113853070614 0 0 24.0 1 2
795.0753362380551 462.57378601609236 0 0 24.0 1 3
791.2590402935223 483.16467632710373 0 0 24.0 1 4
786.3703305156273 503.5276180410083 0 0 24.0 1 5
780.4226065180615 523.6067977499789 0 0 24.0 1 6
773.4321705988807 543.3471798181201 0 0 24.0 1 7
765.4181830570403 562.6946572303201 0 0 24.0 1 8
756.4026096753471 581.5961998958187 0 0 24.0 1 9
746.4101615137755 600.0 0 0 24.0 1 10
735.4682271781696 617.8556140060108 0 0 24.0 1 11
723.606797749979 635.1141009169893 0 0 24.0 1 12
710.8583845827884 651.728156419935 0 0 24.0 1 13
697.2579301909577 667.6522425435433 0 0 24.0 1 14
682.842712474619 682.842712474619 0 0 24.0 1 15
667.6522425435433 697.2579301909577 0 0 24.0 1 16
651.728156419935 710.8583845827884 0 0 24.0 1 17
635.1141009169893 723.606797749979 0 0 24.0 1 18
617.8556140060108 735.4682271781696 0 0 24.0 1 19
600.0 746.4101615137754 0 0 24.0 1 20
581.5961998958187 756.4026096753471 0 0 24.0 1 21
562.6946572303201 765.4181830570403 0 0 24.0 1 22
543.3471798181201 773.4321705988807 0 0 24.0 1 23
523.606797749979 780.4226065180615 0 0 24.0 1 24
503.5276180410083 786.3703305156273 0 0 24.0 1 25
483.1646763271038 791.2590402935223 0 0 24.0 1 26
462.57378601609236 795.0753362380551 0 0 24.0 1 27
441.8113853070614 797.8087581473094 0 0 24.0 1 28
420.9343824971776 799.4518139018296 0 0 24.0 1 29
400.0 800.0 0 0 24.0 1 30
379.0656175028225 799.4518139018296 0 0 24.0 1 31
358.1886146929386 797.8087581473094 0 0 24.0 1 32
337.4262139839077 795.0753362380551 0 0 24.0 1 33
316.83532367289627 791.2590402935223 0 0 24.0 1 34
296.47238195899166 786.3703305156273 0 0 24.0 1 35
276.3932022500211 780.4226065180615 0 0 24.0 1 36
256.65282018187986 773.4321705988807 0 0 24.0 1 37
237.3053427696799 765.4181830570403 0 0 24.0 1 38
218.4038001041813 756.4026096753471 0 0 24.0 1 39
200.00000000000009 746.4101615137755 0 0 24.0 1 40
182.14438599398918 735.4682271781696 0 0 24.0 1 41
164.8858990830108 723.606797749979 0 0 24.0 1 42
148.27184358006508 710.8583845827884 0 0 24.0 1 43
132.3477574564567 697.2579301909577 0 0 24.0 1 44
117.15728752538104 682.842712474619 0 0 24.0 1 45
102.74206980904233 667.6522425435434 0 0 24.0 1 46
89.14161541721165 651.728156419935 0 0 24.0 1 47
76.39320225002109 635.1141009169893 0 0 24.0 1 48
64.53177282183043 617.8556140060109 0 0 24.0 1 49
53.589838486224494 600.0 0 0 24.0 1 50
43.597390324652906 581.5961998958187 0 0 24.0 1 51
34.58181694295968 562.6946572303202 0 0 24.0 1 52
26.567829401119297 543.3471798181201 0 0 24.0 1 53
19.5773934819386 523.606797749979 0 0 24.0 1 54
13.629669484372698 503.5276180410084 0 0 24.0 1 55
8.740959706477724 483.16467632710373 0 0 24.0 1 56
4.924663761944942 462.5737860160924 0 0 24.0 1 57
2.1912418526906663 441.81138530706147 0 0 24.0 1 58
0.5481860981704472 420.9343824971775 0 0 24.0 1 59
0.0 400.00000000000006 0 0 24.0 1 60
0.5481860981704472 379.0656175028226 0 0 24.0 1 61
2.1912418526906663 358.1886146929386 0 0 24.0 1 62
4.924663761944885 337.4262139839077 0 0 24.0 1 63
8.740959706477781 316.8353236728962 0 0 24.0 1 64
13.629669484372698 296.47238195899166 0 0 24.0 1 65
19.577393481938543 276.3932022500211 0 0 24.0 1 66
26.567829401119297 256.65282018187986 0 0 24.0 1 67
34.58181694295968 237.30534276967992 0 0 24.0 1 68
43.59739032465285 218.40380010418136 0 0 24.0 1 69
218.40380010418124 43.597390324652906 0 0 24.0 1 70
237.30534276967995 34.58181694295962 0 0 24.0 1 71
256.65282018187975 26.567829401119354 0 0 24.0 1 72
276.393202250021 19.5773934819386 0 0 24.0 1 73
296.4723819589917 13.629669484372698 0 0 24.0 1 74
316.8353236728961 8.740959706477781 0 0 24.0 1 75
337.4262139839076 4.924663761944942 0 0 24.0 1 76
358.18861469293864 2.1912418526906663 0 0 24.0 1 77
379.0656175028223 0.5481860981704472 0 0 24.0 1 78
399.99999999999994 0.0 0 0 24.0 1 79
420.9343824971776 0.5481860981704472 0 0 24.0 1 80
441.8113853070612 2.1912418526906663 0 0 24.0 1 81
462.5737860160923 4.924663761944885 0 0 24.0 1 82
483.1646763271038 8.740959706477781 0 0 24.0 1 83
503.5276180410081 13.629669484372641 0 0 24.0 1 84
523.6067977499789 19.577393481938543 0 0 24.0 1 85
543.3471798181201 26.567829401119297 0 0 24.0 1 86
562.6946572303199 34.58181694295956 0 0 24.0 1 87
581.5961998958187 43.59739032465279 0 0 24.0 1 88
600.0 53.58983848622455 0 0 24.0 1 89
617.8556140060107 64.53177282183032 0 0 24.0 1 90
635.1141009169892 76.39320225002098 0 0 24.0 1 91
651.728156419935 89.14161541721171 0 0 24.0 1 92
667.6522425435431 102.74206980904216 0 0 24.0 1 93
682.842712474619 117.15728752538092 0 0 24.0 1 94
697.2579301909577 132.34775745645675 0 0 24.0 1 95
710.8583845827882 148.27184358006485 0 0 24.0 1 96
723.6067977499789 164.88589908301066 0 0 24.0 1 97
735.4682271781696 182.1443859939892 0 0 24.0 1 98
746.4101615137754 199.99999999999983 0 0 24.0 1 99
756.4026096753471 218.40380010418122 0 0 24.0 1 100
765.4181830570403 237.30534276967995 0 0 24.0 1 101
773.4321705988806 256.6528201818797 0 0 24.0 1 102
780.4226065180615 276.3932022500209 0 0 24.0 1 103
786.3703305156273 296.4723819589917 0 0 24.0 1 104
791.2590402935223 316.83532367289604 0 0 24.0 1 105
795.0753362380551 337.4262139839076 0 0 24.0 1 106
797.8087581473094 358.18861469293864 0 0 24.0 1 107
799.4518139018296 379.06561750282225 0 0 24.0 1 108
800.0 399.9999999999999 0 0 24.0 1 109
556.9094425097882 298.27278215114944 0 0 11.0 1 110
166.67755863736332 539.8021400286095 0 0 12.0 1 111
341.9867816080631 125.05370253118622 0 0 10.0 1 112
216.46072631159865 413.0128787719744 0 0 12.0 1 113
516.8760573592022 267.07525732141335 0 0 13.0 1 114
289.70179222920103 325.68105650273503 0 0 12.0 1 115
192.33151885397967 644.7750026830865 0 0 12.0 1 116
412.06784822001146 581.5994687198693 0 0 10.0 1 117
323.6713861429805 634.9104993538306 0 0 12.0 1 118
213.77205152374876 684.4629171022591 0 0 12.0 1 119
661.3563801131463 463.66979326299565 0 0 10.0 1 120
569.8889559655757 686.403112135547 0 0 11.0 1 121
263.00536678393473 398.78737062721467 0 0 10.0 1 122
508.0656870272333 501.1227337809459 0 0 13.0 1 123
83.95913528522249 574.4682545059006 0 0 13.0 1 124
191.2153270618192 446.957005293107 0 0 11.0 1 125
133.43342467291774 249.73935672175833 0 0 10.0 1 126
283.0342799260328 739.4112849148926 0 0 13.0 1 127
217.11809497062114 136.19096146487846 0 0 11.0 1 128
577.4759088396731 280.42449338793494 0 0 13.0 1 129
333.8061975470378 507.2118487706383 0 0 10.0 1 130
335.6117788959263 175.03298690018372 0 0 11.0 1 131
543.1301398975038 574.8992940320829 0 0 10.0 1 132
168.73576596709208 381.5377667338862 0 0 10.0 1 133
164.92327090668036 420.8550099205443 0 0 12.0 1 134
180.46475729550997 303.02434733047346 0 0 13.0 1 135
480.3325913387065 185.55262937305952 0 0 11.0 1 136
147.81683049951306 269.3874086441561 0 0 13.0 1 137
130.55835601325964 652.1154507080489 0 0 13.0 1 138
330.61239595134987 516.9673475991815 0 0 12.0 1 139
342.90748504960715 548.3962423265467 0 0 10.0 1 140
526.8988895308667 497.4508688305697 0 0 11.0 1 141
70.84517519446939 566.7875933852408 0 0 10.0 1 142
245.21344472365465 426.27017901885876 0 0 12.0 1 143
250.274446698242 80.32632468643521 0 0 11.0 1 144
747.485873004921 449.54359758846635 0 0 13.0 1 145
522.7175545102427 197.24546413205547 0 0 10.0 1 146
369.63915979623863 277.71255427427695 0 0 13.0 1 147
554.1930899827248 313.0891778799709 0 0 12.0 1 148
246.57281878983397 477.74381046683317 0 0 12.0 1 149
544.2630088792868 570.0505344569514 0 0 11.0 1 150
561.7469973886555 485.5973646542594 0 0 13.0 1 151
478.15406137334566 152.02431028253733 0 0 10.0 1 152
412.5930530514582 181.36236596861198 0 0 11.0 1 153
422.8567833317398 623.8360280556415 0 0 13.0 1 154
422.8369667937828 671.0396150891224 -2 9 11.0 1 155
220.86912621585046 542.6643966002979 -14 22 10.0 1 156
361.5988051054695 153.97896790991163 5 -1 12.0 1 157
501.2996872416057 78.58535602005799 9 -7 11.0 1 158
70.00000014993253 399.9900523633914 14 21 11.0 1 159
534.2636710542956 564.0648244902725 -6 -17 12.0 1 160
218.61061561879717 375.7741618554023 22 17 11.0 1 161
124.93691933517431 263.65741070679496 12 3 11.0 1 162
247.11893226418275 232.2013732834608 -4 -4 12.0 1 163
169.46844316899524 113.1564863813839 7 -2 10.0 1 164
366.6881200914916 186.58416493389925 -10 11 13.0 1 165
648.2934568552216 346.4616092613513 11 -9 13.0 1 166
603.2760710531306 635.37170377342 7 -12 11.0 1 167
499.13987929867614 632.7665876637881 -17 -2 12.0 1 168
694.7830778931823 450.03935439053924 -16 -15 11.0 1 169
456.84943198575576 555.9619892246086 12 8 10.0 1 170
428.7476719204017 250.7432703052993 -1 21 10.0 1 171
514.288600389392 475.5454553301116 21 2 13.0 1 172
597.8180358408832 346.2131549906946 4 -3 10.0 1 173
525.2088658609838 421.25417393845646 0 7 10.0 1 174
427.88754755654486 538.2146326959684 21 4 13.0 1 175
601.4382478902537 201.22466881701675 -4 20 12.0 1 176
472.29693321825096 510.44072368123886 9 7 13.0 1 177
639.4227005417483 667.5028419761111 -4 11 12.0 1 178
602.2681601304539 491.49640100813286 21 -7 10.0 1 179
71.8587378936935 434.97587887788177 -8 9 13.0 1 180
682.0411259817467 479.38389795763646 -13 16 13.0 1 181
377.1364692863207 623.8353389509901 -5 -3 11.0 1 182
275.4716007242055 557.777304368557 5 7 12.0 1 183
457.8768313589923 558.7805793913184 2 9 11.0 1 184
567.2097454678137 556.4669326745717 22 -9 10.0 1 185
121.74166811766145 491.7676453771063 1 -4 11.0 1 186
620.8933605225882 592.4970734246052 -8 15 11.0 1 187
563.4052018111983 589.20554965709 1 10 12.0 1 188
312.8726709796142 523.3281336020839 5 -15 12.0 1 189
296.87967348810724 251.247863006676 7 -12 10.0 1 190
472.445140381717 522.1298556253684 7 11 13.0 1 191
220.8525328697387 382.5018566467196 17 12 11.0 1 192
473.74454391865646 540.8642688627224 8 20 13.0 1 193
639.7982180180578 445.08674567280286 -12 -8 11.0 1 194
563.0691487649049 319.1764098725544 1 8 10.0 1 195
387.1077937823049 76.2565969493117 -3 19 11.0 1 196
86.01903144126925 545.3683300548001 9 6 10.0 1 197
351.1661507342552 526.9301192227066 19 -4 12.0 1 198
599.6648893352603 600.556555531696 -15 -1 10.0 1 199
220.9187571979691 701.8789632890639 -5 8 10.0 1 200
444.61294758969433 586.7449729105424 9 10 11.0 1 201
354.4587396943579 216.56883141141537 6 21 13.0 1 202
516.2690633954448 120.19559528637501 9 16 11.0 1 203
424.3976952482356 273.3281701933132 -8 4 13.0 1 204
298.8372099996559 505.2715057332528 3 -17 12.0 1 205
510.0775112736248 463.3398887890167 7 8 12.0 1 206
278.0249087008327 464.54515553130074 20 15 13.0 1 207
527.6760676171133 433.5085326123109 -8 3 12.0 1 208
224.38211144575953 365.36826282511413 18 -5 10.0 1 209
624.2533532593618 565.9862450684752 18 8 12.0 1 210
121.36384583557464 584.1681123117099 -7 -7 13.0 1 211
626.5561933965554 479.1977981617077 1 -16 13.0 1 212
422.67694555628526 741.2473533087652 16 -5 12.0 1 213
594.8401222123651 313.93998154618714 19 -10 11.0 1 214
408.72077280609744 181.17370331318855 13 12 10.0 1 215
50.0546553677226 406.1851249135798 21 17 10.0 1 216
537.2699511165802 241.0756138270413 -2 18 10.0 1 217
150.1620279625593 591.8488668932371 -2 -16 10.0 1 218
554.825337678004 69.46389786758232 2 17 13.0 1 219
