400 400 7.0710678118654755 7.0710678118654755 5 2 -1 10 187
742.842712474619 742.842712474619
800.0 400.0 0 0 24.0 1 0
799.4518139018296 420.9343824971775 0 0 24.0 1 1
797.8087581473094 441.8113853070614 0 0 24.0 1 2
795.0753362380551 462.57378601609236 0 0 24.0 1 3
791.2590402935223 483.16467632710373 0 0 24.0 1 4
786.3703305156273 503.5276180410083 0 0 24.0 1 5
780.4226065180615 523.6067977499789 0 0 24.0 1 6
773.4321705988807 543.3471798181201 0 0 24.0 1 7
765.4181830570403 562.6946572303201 0 0 24.0 1 8
756.4026096753471 581.5961998958187 0 0 24.0 1 9
581.5961998958187 756.4026096753471 0 0 24.0 1 10
562.6946572303201 765.4181830570403 0 0 24.0 1 11
543.3471798181201 773.4321705988807 0 0 24.0 1 12
523.606797749979 780.4226065180615 0 0 24.0 1 13
503.5276180410083 786.3703305156273 0 0 24.0 1 14
483.1646763271038 791.2590402935223 0 0 24.0 1 15
462.57378601609236 795.0753362380551 0 0 24.0 1 16
441.8113853070614 797.8087581473094 0 0 24.0 1 17
420.9343824971776 799.4518139018296 0 0 24.0 1 18
400.0 800.0 0 0 24.0 1 19
379.0656175028225 799.4518139018296 0 0 24.0 1 20
358.1886146929386 797.8087581473094 0 0 24.0 1 21
337.4262139839077 795.0753362380551 0 0 24.0 1 22
316.83532367289627 791.2590402935223 0 0 24.0 1 23
296.47238195899166 786.3703305156273 0 0 24.0 1 24
276.3932022500211 780.4226065180615 0 0 24.0 1 25
256.65282018187986 773.4321705988807 0 0 24.0 1 26
237.3053427696799 765.4181830570403 0 0 24.0 1 27
218.4038001041813 756.4026096753471 0 0 24.0 1 28
200.00000000000009 746.4101615137755 0 0 24.0 1 29
182.14438599398918 735.4682271781696 0 0 24.0 1 30
164.8858990830108 723.606797749979 0 0 24.0 1 31
148.27184358006508 710.8583845827884 0 0 24.0 1 32
132.3477574564567 697.2579301909577 0 0 24.0 1 33
117.15728752538104 682.842712474619 0 0 24.0 1 34
102.74206980904233 667.6522425435434 0 0 24.0 1 35
89.14161541721165 651.728156419935 0 0 24.0 1 36
76.39320225002109 635.1141009169893 0 0 24.0 1 37
64.53177282183043 617.8556140060109 0 0 24.0 1 38
53.589838486224494 600.0 0 0 24.0 1 39
43.597390324652906 581.5961998958187 0 0 24.0 1 40
34.58181694295968 562.6946572303202 0 0 24.0 1 41
26.567829401119297 543.3471798181201 0 0 24.0 1 42
19.5773934819386 523.606797749979 0 0 24.0 1 43
13.629669484372698 503.5276180410084 0 0 24.0 1 44
8.740959706477724 483.16467632710373 0 0 24.0 1 45
4.924663761944942 462.5737860160924 0 0 24.0 1 46
2.1912418526906663 441.81138530706147 0 0 24.0 1 47
0.5481860981704472 420.9343824971775 0 0 24.0 1 48
0.0 400.00000000000006 0 0 24.0 1 49
0.5481860981704472 379.0656175028226 0 0 24.0 1 50
2.1912418526906663 358.1886146929386 0 0 24.0 1 51
4.924663761944885 337.4262139839077 0 0 24.0 1 52
8.740959706477781 316.8353236728962 0 0 24.0 1 53
13.629669484372698 296.47238195899166 0 0 24.0 1 54
19.577393481938543 276.3932022500211 0 0 24.0 1 55
26.567829401119297 256.65282018187986 0 0 24.0 1 56
34.58181694295968 237.30534276967992 0 0 24.0 1 57
43.59739032465285 218.40380010418136 0 0 24.0 1 58
53.58983848622455 199.99999999999994 0 0 24.0 1 59
64.53177282183037 182.14438599398918 0 0 24.0 1 60
76.39320225002103 164.8858990830108 0 0 24.0 1 61
89.14161541721171 148.27184358006497 0 0 24.0 1 62
102.74206980904228 132.3477574564567 0 0 24.0 1 63
117.15728752538092 117.15728752538104 0 0 24.0 1 64
132.34775745645675 102.74206980904228 0 0 24.0 1 65
148.27184358006485 89.14161541721177 0 0 24.0 1 66
164.8858990830107 76.39320225002109 0 0 24.0 1 67
182.1443859939892 64.53177282183032 0 0 24.0 1 68
199.99999999999983 53.58983848622461 0 0 24.0 1 69
218.40380010418124 43.597390324652906 0 0 24.0 1 70
237.30534276967995 34.58181694295962 0 0 24.0 1 71
256.65282018187975 26.567829401119354 0 0 24.0 1 72
276.393202250021 19.5773934819386 0 0 24.0 1 73
296.4723819589917 13.629669484372698 0 0 24.0 1 74
316.8353236728961 8.740959706477781 0 0 24.0 1 75
337.4262139839076 4.924663761944942 0 0 24.0 1 76
358.18861469293864 2.1912418526906663 0 0 24.0 1 77
379.0656175028223 0.5481860981704472 0 0 24.0 1 78
399.99999999999994 0.0 0 0 24.0 1 79
420.9343824971776 0.5481860981704472 0 0 24.0 1 80
441.8113853070612 2.1912418526906663 0 0 24.0 1 81
462.5737860160923 4.924663761944885 0 0 24.0 1 82
483.1646763271038 8.740959706477781 0 0 24.0 1 83
503.5276180410081 13.629669484372641 0 0 24.0 1 84
523.6067977499789 19.577393481938543 0 0 24.0 1 85
543.3471798181201 26.567829401119297 0 0 24.0 1 86
562.6946572303199 34.58181694295956 0 0 24.0 1 87
581.5961998958187 43.59739032465279 0 0 24.0 1 88
600.0 53.58983848622455 0 0 24.0 1 89
617.8556140060107 64.53177282183032 0 0 24.0 1 90
635.1141009169892 76.39320225002098 0 0 24.0 1 91
651.728156419935 89.14161541721171 0 0 24.0 1 92
667.6522425435431 102.74206980904216 0 0 24.0 1 93
682.842712474619 117.15728752538092 0 0 24.0 1 94
697.2579301909577 132.34775745645675 0 0 24.0 1 95
710.8583845827882 148.27184358006485 0 0 24.0 1 96
723.6067977499789 164.88589908301066 0 0 24.0 1 97
735.4682271781696 182.1443859939892 0 0 24.0 1 98
746.4101615137754 199.99999999999983 0 0 24.0 1 99
756.4026096753471 218.40380010418122 0 0 24.0 1 100
765.4181830570403 237.30534276967995 0 0 24.0 1 101
773.4321705988806 256.6528201818797 0 0 24.0 1 102
780.4226065180615 276.3932022500209 0 0 24.0 1 103
786.3703305156273 296.4723819589917 0 0 24.0 1 104
791.2590402935223 316.83532367289604 0 0 24.0 1 105
795.0753362380551 337.4262139839076 0 0 24.0 1 106
797.8087581473094 358.18861469293864 0 0 24.0 1 107
799.4518139018296 379.06561750282225 0 0 24.0 1 108
800.0 399.9999999999999 0 0 24.0 1 109
561.76321504274 323.3601783728832 0 0 10.0 1 110
572.4999487787477 283.77707768546946 0 0 12.0 1 111
226.78444047114283 199.44733874339903 0 0 11.0 1 112
482.42267030039244 639.1976241950425 0 0 10.0 1 113
167.6276047726805 121.12355793950894 0 0 10.0 1 114
344.9687129662194 699.9942623574752 0 0 12.0 1 115
591.6545830044488 327.2434139517883 0 0 12.0 1 116
271.0773224968867 89.71796180663591 0 0 12.0 1 117
371.29931660184764 141.58894997992246 0 0 10.0 1 118
113.87660858492973 214.4888011867249 0 0 13.0 1 119
175.7321839718901 427.9275257404206 0 0 13.0 1 120
585.1102801701505 329.7277851827028 0 0 10.0 1 121
85.98385075730067 343.8318772364007 0 0 10.0 1 122
507.73366431873546 641.0175461920937 0 0 12.0 1 123
550.5535551618406 348.8665762134919 0 0 13.0 1 124
374.76487234943625 129.17313956614316 0 0 10.0 1 125
479.4170857321696 521.3174616195428 0 0 11.0 1 126
588.2600972947554 416.70735666014343 0 0 10.0 1 127
559.482378538165 491.76802785180377 0 0 13.0 1 128
109.33876824785261 540.8724542141738 0 0 11.0 1 129
337.281302467001 165.23338188796052 0 0 10.0 1 130
272.2170436259909 461.93154333873895 0 0 12.0 1 131
261.4272936073522 426.05004881026224 0 0 11.0 1 132
588.0252024421127 692.831902713148 0 0 10.0 1 133
451.932865033518 753.2024596876562 0 0 10.0 1 134
241.89944525108405 349.401436897032 0 0 11.0 1 135
746.0 400.0 0 0 10.0 1 136
555.2615952498725 384.8396226806594 0 0 10.0 1 137
80.72841518749061 465.89123713596996 0 0 11.0 1 138
315.05762071457383 226.6973970151319 0 0 11.0 1 139
362.31716115301293 258.9468055787746 0 0 13.0 1 140
594.2658704302125 290.50218456064135 0 0 13.0 1 141
430.3107533415843 583.5136459009674 0 0 11.0 1 142
557.2289332605317 700.3332524808988 0 0 12.0 1 143
459.56905894727754 198.62590232074092 0 0 10.0 1 144
684.9921875455407 458.8256154919552 0 0 10.0 1 145
156.95400484883677 262.9976487757208 0 0 12.0 1 146
385.8617820114743 154.40661492599415 0 0 11.0 1 147
339.9581354386912 519.7955529224747 0 0 13.0 1 148
351.41239642091625 121.20214351892548 0 0 13.0 1 149
310.4233869593182 557.2801017171593 0 0 12.0 1 150
601.7476403874545 549.3281272838253 0 0 12.0 1 151
139.27264331548582 196.08274845833637 0 0 12.0 1 152
624.6596407547826 283.6511890222679 0 0 11.0 1 153
392.96866779701384 626.891075997826 0 0 13.0 1 154
62.329967086851354 345.75104726878953 0 0 11.0 1 155
328.9849269324677 751.9060377390718 0 0 10.0 1 156
207.8087542117825 323.113557486557 0 0 10.0 1 157
270.05865132254064 659.2590324441618 0 0 11.0 1 158
168.64206224876725 435.0642929416339 0 0 12.0 1 159
318.4020304903713 277.72665306001596 0 0 11.0 1 160
623.7126634434895 578.1814923470447 0 0 13.0 1 161
654.0000415784801 238.49155168186908 0 0 10.0 1 162
428.50332633562266 555.4077230635755 0 0 12.0 1 163
172.179422970561 613.1707875905454 0 0 10.0 1 164
353.4091978535451 535.1972527655421 0 0 10.0 1 165
421.6615346793969 657.0890466654176 0 0 13.0 1 166
171.14699888554904 207.5751994130977 0 0 12.0 1 167
198.91741679655968 130.812714393433 0 0 13.0 1 168
320.3736993058726 512.7104797158117 0 0 11.0 1 169
91.74608711225756 432.8561286428586 0 0 11.0 1 170
236.86299261131023 424.7248219460239 0 0 11.0 1 171
519.0182904421556 511.3716595019877 0 0 11.0 1 172
150.62598683641122 417.6805418097478 0 0 12.0 1 173
604.0180586453567 240.44552107013797 0 0 13.0 1 174
171.0089707556281 397.9730501724975 0 0 13.0 1 175
585.3014637167694 210.55774614827138 0 0 11.0 1 176
297.8895549906147 272.9470306526238 0 0 12.0 1 177
201.9954453113204 182.67490636712546 0 0 12.0 1 178
327.5495754340086 637.1812302443168 0 0 13.0 1 179
222.05631109106912 224.39805360565722 0 0 12.0 1 180
432.1332462788409 632.7927285882945 0 0 11.0 1 181
590.7451356688076 271.4842685945095 0 0 11.0 1 182
491.40152006274946 582.378074697094 0 0 10.0 1 183
564.5864968539802 411.67411895325694 0 0 12.0 1 184
485.9728677509734 759.873124879691 0 0 11.0 1 185
456.21080568006016 221.64825393397876 0 0 10.0 1 186
537.4597535802976 412.19902232327934 0 0 12.0 1 187
524.8915542947976 383.3236794876806 0 0 12.0 1 188
589.6910084917898 540.4041356134773 0 0 11.0 1 189
716.9374428276185 349.0916771648281 0 0 13.0 1 190
122.27875070621843 316.5080381671311 0 0 11.0 1 191
201.8166844248236 360.9183748082294 0 0 11.0 1 192
655.2723483149921 568.7365644599573 0 0 12.0 1 193
312.66278830307556 502.94275813774664 0 0 10.0 1 194
438.80211692715335 264.44412324811765 0 0 11.0 1 195
99.32121397803445 189.5688529795148 0 0 11.0 1 196
397.03905301665634 266.03271745324594 0 0 11.0 1 197
238.16821842926544 684.1469240967463 0 0 10.0 1 198
385.05716797960696 140.42975561283936 0 0 10.0 1 199
404.25216037210873 720.9718354188882 0 0 12.0 1 200
416.27321467380216 117.46826287268124 0 0 11.0 1 201
750.4558377314588 449.9670471405045 0 0 13.0 1 202
501.852490699304 505.9956137693829 0 0 13.0 1 203
556.6813419229608 174.00009492652381 0 0 10.0 1 204
136.91795506935023 251.70354813716017 0 0 11.0 1 205
215.98165857546087 356.89257582084326 0 0 12.0 1 206
565.106969782925 431.04333308619215 0 0 10.0 1 207
292.8733519362721 316.2152682487424 0 0 11.0 1 208
438.55812884564136 244.71551687331115 0 0 12.0 1 209
510.0659340042293 295.1692307965994 0 0 10.0 1 210
346.8930017491458 554.1059594460376 0 0 10.0 1 211
295.0556867025984 45.19485473497315 0 0 11.0 1 212
325.3492992036561 240.61595791731617 0 0 11.0 1 213
148.24267885775566 258.0871702372162 0 0 13.0 1 214
302.2006915089328 552.3033002225134 0 0 10.0 1 215
84.79124736122378 422.34820484752123 0 0 10.0 1 216
485.62748417728994 538.6972744990613 0 0 13.0 1 217
200.65699509924087 586.5244391417273 0 0 13.0 1 218
399.14286698405994 205.00188379629668 0 0 10.0 1 219
122.26128484619528 205.62354539524665 0 0 10.0 1 220
673.8282797324641 409.699134949023 0 0 11.0 1 221
570.7381302692046 80.79396798904924 0 0 11.0 1 222
598.8752834553298 407.0442622439985 0 0 10.0 1 223
546.2216353431876 245.1186474827784 0 0 11.0 1 224
203.51757710811611 424.46747830355434 0 0 10.0 1 225
292.9005629129871 229.9096987607907 0 0 13.0 1 226
172.87215247382886 644.8855669044796 0 0 11.0 1 227
442.10442475074086 252.9074528862553 0 0 10.0 1 228
236.19059749202208 623.3729608748097 0 0 13.0 1 229
343.03293229690195 586.4933060388781 0 0 10.0 1 230
210.2813882405509 126.32894133272436 0 0 11.0 1 231
670.2858412653845 483.87230777475605 0 0 10.0 1 232
528.6433105536066 433.76238513210114 0 0 10.0 1 233
150.244796671338 388.93933047873224 0 0 11.0 1 234
139.24090895484187 374.53048023022524 0 0 10.0 1 235
280.8133697512918 145.5288873566241 0 0 10.0 1 236
110.91558941626374 173.90443711241522 0 0 11.0 1 237
150.26302414972426 451.54069162476173 0 0 11.0 1 238
641.019785811865 280.54095744899524 0 0 13.0 1 239
39.20362888110475 351.8130869692155 0 0 12.0 1 240
174.2085774957758 210.14944423700274 0 0 12.0 1 241
431.08522533116616 704.4169981556723 0 0 12.0 1 242
395.1805407580294 762.9680052189381 0 0 10.0 1 243
311.3945818360721 261.9960874757694 0 0 11.0 1 244
101.24941406435835 558.0888591998525 0 0 11.0 1 245
401.310006604463 104.00289886099176 0 0 13.0 1 246
328.5892997844592 753.8665170579525 0 0 11.0 1 247
485.68415948207337 217.073170874662 0 0 12.0 1 248
539.1629093891534 486.7737555390239 0 0 13.0 1 249
693.4536820401293 625.3551341706923 0 0 10.0 1 250
199.19681652375576 391.1072217049007 0 0 10.0 1 251
769.0727505210464 426.17832734972774 0 0 11.0 1 252
429.0940420355843 597.8725264356617 0 0 11.0 1 253
324.70615152195865 715.1298722453423 0 0 13.0 1 254
495.37943783282105 635.4119003761174 0 0 13.0 1 255
610.1196357243905 266.39334341789174 0 0 13.0 1 256
351.21224640649524 146.65486959623743 0 0 10.0 1 257
257.907164773701 178.68884759833756 0 0 10.0 1 258
177.22682510176088 258.3380342302192 0 0 10.0 1 259
149.98195337956258 422.18054021210435 0 0 10.0 1 260
424.2642772183942 687.9795910321926 0 0 11.0 1 261
111.49551149777415 278.6156512804512 0 0 12.0 1 262
257.10544232376424 631.4414513143938 0 0 10.0 1 263
206.52345955134118 506.8074355839447 0 0 11.0 1 264
760.2837939314968 335.5671835915366 0 0 13.0 1 265
229.75677142405425 219.66352802597504 0 0 13.0 1 266
552.542936437559 657.1607523379234 0 0 13.0 1 267
257.6066866081357 660.6398747338678 0 0 10.0 1 268
648.7919057777319 366.779710725459 0 0 13.0 1 269
263.19801325373174 567.1562634850212 0 0 10.0 1 270
283.56389194718724 464.2777779758581 0 0 12.0 1 271
419.1880018072599 559.8524963416105 0 0 13.0 1 272
198.52904389721428 437.8741844404522 0 0 11.0 1 273
592.1023348709227 542.1889339475468 0 0 11.0 1 274
511.2847296995203 476.42453098125435 0 0 11.0 1 275
495.303902457892 191.77376203682542 0 0 12.0 1 276
316.836915735809 540.1888063137249 0 0 11.0 1 277
40.91537871032398 329.18873851392055 0 0 12.0 1 278
644.9723532143497 228.56620473015275 0 0 12.0 1 279
49.61146466186176 498.6097069440643 0 0 11.0 1 280
628.6550137184287 166.23540751126316 0 0 12.0 1 281
244.22601100039563 334.4602078798602 0 0 13.0 1 282
733.4234658725126 441.5306200960379 0 0 13.0 1 283
468.0261803769023 103.70886144987537 0 0 12.0 1 284
674.6826880399192 192.91204551890402 0 0 10.0 1 285
413.6856010330916 162.39380411200753 0 0 11.0 1 286
342.6574742812863 566.3966187883595 0 0 10.0 1 287
362.7070410136875 765.1003084222816 0 0 11.0 1 288
271.4140882742998 199.72602938556784 0 0 12.0 1 289
160.4259048907521 440.66021338587694 0 0 10.0 1 290
688.5069555071394 257.004417466827 0 0 13.0 1 291
621.7351559429559 165.13297247388462 0 0 11.0 1 292
259.0134429527309 493.18685922358975 0 0 10.0 1 293
294.83002885581897 744.2953342256211 0 0 10.0 1 294
211.7762163056034 503.9076862015752 0 0 10.0 1 295
702.696111268696 456.9127773246856 0 0 10.0 1 296
364.9030351365506 233.66238231424077 0 0 10.0 1 297
280.72948208395405 609.4171520101402 0 0 13.0 1 298
420.14144289085044 567.7954775262867 0 0 13.0 1 299
315.87539151527477 752.089548619796 0 0 13.0 1 300
563.4649380568458 534.993385119685 0 0 13.0 1 301
667.0936025012643 213.08556101013312 0 0 10.0 1 302
180.30983212552616 411.6717667593858 0 0 13.0 1 303
537.9710195660294 318.98149742243857 0 0 12.0 1 304
274.98746109996154 649.4250691445557 0 0 10.0 1 305
550.2420888018708 643.3584080167578 0 0 13.0 1 306
482.06176444201293 139.6255257966642 0 0 11.0 1 307
275.77385580014794 177.30544439246486 0 0 10.0 1 308
492.47803392178946 177.4493018614402 0 0 13.0 1 309
329.53717424277636 189.47924048610517 0 0 13.0 1 310
253.16248241162083 304.7963055943603 0 0 11.0 1 311
320.6152929824549 760.3596374342422 0 0 10.0 1 312
523.8302273371938 423.2824998146441 0 0 13.0 1 313
356.0589897897987 698.7861904802613 0 0 12.0 1 314
620.9914014993652 398.05052228883125 0 0 13.0 1 315
117.16890184666738 521.9449462560049 0 0 10.0 1 316
91.36160058885201 556.3916187297923 0 0 11.0 1 317
710.4762629515351 514.740969769517 0 0 10.0 1 318
595.3174367097666 544.5686650596397 0 0 10.0 1 319
485.2573646173109 264.60730529858375 0 0 12.0 1 320
745.5058965205625 449.2612978871076 0 0 12.0 1 321
166.68066719024992 332.0950006463952 0 0 11.0 1 322
286.5886587630521 749.0370577443555 0 0 11.0 1 323
704.9068769461975 506.5870366926316 0 0 10.0 1 324
219.82136561871894 425.68384146689584 0 0 12.0 1 325
139.49678556430337 635.2425881269577 0 0 10.0 1 326
111.72364078289138 420.4387063320685 0 0 10.0 1 327
272.8464743479108 385.30371086826676 0 0 11.0 1 328
112.40871157387454 470.05177243582864 0 0 10.0 1 329
94.70131292318342 525.2705538790822 0 0 10.0 1 330
464.10765391468914 183.2831139261307 0 0 13.0 1 331
466.0168553143816 616.1429499530345 0 0 13.0 1 332
535.5690150971936 389.1813981690378 0 0 10.0 1 333
459.86129996597157 255.94228668209408 0 0 13.0 1 334
551.1681203278013 613.9911199011758 0 0 11.0 1 335
386.08356931035087 250.64695196662308 0 0 13.0 1 336
243.04486677320241 381.85926810301675 0 0 12.0 1 337
564.3917857556283 370.6003269393077 0 0 11.0 1 338
376.7125283972928 250.80652270842032 0 0 13.0 1 339
530.0128085908955 474.8108922704922 0 0 10.0 1 340
185.17162823770335 430.62304174899117 0 0 10.0 1 341
265.87082146825924 363.5258520812287 0 0 12.0 1 342
595.0262215620987 90.28921087051032 0 0 13.0 1 343
668.3164162062283 298.14077953250353 0 0 13.0 1 344
203.9228878040639 156.02712021025314 0 0 11.0 1 345
725.2690683178921 547.1361043238894 0 0 11.0 1 346
586.3647414456055 307.63018271149076 0 0 11.0 1 347
388.9109386402245 757.8282167719018 0 0 13.0 1 348
552.9041124053541 405.4159403182501 0 0 11.0 1 349
306.4650208377584 232.32409930726766 0 0 11.0 1 350
357.4184139673042 632.1267079225054 0 0 11.0 1 351
218.75313547197226 463.3527749886203 0 0 12.0 1 352
513.997456555534 539.3003226804201 0 0 13.0 1 353
252.1420150965116 418.4123952890384 0 0 12.0 1 354
439.567804969008 729.6337191640664 0 0 10.0 1 355
560.3567395628824 472.537687285727 0 0 11.0 1 356
128.38306517337782 414.4305479934224 0 0 13.0 1 357
459.414200273449 59.13939387798638 0 0 12.0 1 358
52.96575613605768 436.9896416011537 0 0 13.0 1 359
655.9597366046751 479.42677909411526 0 0 11.0 1 360
623.9089695399615 595.1250198194804 0 0 10.0 1 361
368.29590407703137 710.385003345373 0 0 11.0 1 362
191.00000009495727 399.9936998301479 0 0 12.0 1 363
324.7962259692274 291.5177785463052 0 0 12.0 1 364
405.99635094699 129.06634801981403 0 0 10.0 1 365
134.53540753286848 528.6606005980843 0 0 12.0 1 366
692.9540894337736 405.1866640558862 0 0 11.0 1 367
624.920857572896 394.0327704357049 0 0 13.0 1 368
332.86014551541035 165.41901198138814 0 0 10.0 1 369
510.06972913412244 495.9200434129432 0 0 10.0 1 370
523.2353500988936 196.38995976130465 0 0 12.0 1 371
46.388818524879355 431.3708835669205 0 0 11.0 1 372
104.16822037529994 536.965536410014 0 0 10.0 1 373
413.6983828552398 56.27284903989431 0 0 11.0 1 374
257.7335835709829 174.05915208522944 0 0 13.0 1 375
338.5986159967473 559.5959587285502 0 0 10.0 1 376
611.9616633463497 158.93309378629195 0 0 10.0 1 377
555.0155939847605 369.43587688887675 0 0 10.0 1 378
234.07878917778552 618.0508009599832 0 0 11.0 1 379
621.0217746045222 527.1785168598367 0 0 10.0 1 380
733.3368719567727 509.94330263401287 0 0 13.0 1 381
167.75110329148276 289.9570539394892 0 0 13.0 1 382
416.4560496014023 595.3079579318677 0 0 11.0 1 383
738.3906563138246 366.9581519963089 0 0 13.0 1 384
514.4470814012845 322.8905611567057 0 0 10.0 1 385
499.2578877168573 188.09466329045003 0 0 13.0 1 386
333.44459648774415 538.8754055379165 0 0 10.0 1 387
381.14904268196574 72.54215323465888 0 0 10.0 1 388
626.2690236693761 519.7427614835542 0 0 11.0 1 389
255.1559627841752 246.56856618339006 0 0 10.0 1 390
127.60894179414174 569.8355422445277 0 0 11.0 1 391
623.0610072666017 171.95441894829648 0 0 11.0 1 392
252.72844135240462 334.94549966752595 0 0 12.0 1 393
269.9279196025078 166.8257005991691 0 0 11.0 1 394
566.7889302367676 367.11455108296866 0 0 12.0 1 395
311.2162490908682 543.8000193828402 0 0 13.0 1 396
76.03697752755238 549.9898665594326 0 0 10.0 1 397
215.93131295498517 536.2340575976668 0 0 12.0 1 398
282.9291560107598 161.14770780323883 0 0 11.0 1 399
202.84757757067777 584.4747200302797 0 0 10.0 1 400
476.7931645196619 677.5730712498173 0 0 10.0 1 401
167.95651459341775 131.33511416568547 0 0 12.0 1 402
321.20639089976214 82.63496228324249 0 0 12.0 1 403
334.2687680348869 615.1845838910132 0 0 11.0 1 404
511.25646148440336 182.84107253449267 0 0 10.0 1 405
422.279104406175 735.2605576366817 0 0 11.0 1 406
625.9262779926535 292.9611429788871 0 0 10.0 1 407
438.61436388541745 721.69073797939 0 0 11.0 1 408
494.38605873550205 100.52166703352583 0 0 13.0 1 409
252.37731357712406 639.0994405122965 0 0 11.0 1 410
168.8088029617522 624.1308332470614 0 0 12.0 1 411
588.590593985565 705.4743653077485 0 0 12.0 1 412
245.0436757492642 485.5426067799014 0 0 10.0 1 413
529.7065589976124 294.8087049561662 0 0 10.0 1 414
530.2428695624725 360.8490750028459 0 0 10.0 1 415
596.6223432999708 387.80762060841204 0 0 13.0 1 416
342.8280141631276 71.94457170248126 0 0 11.0 1 417
121.002165935866 229.44441203079288 0 0 13.0 1 418
354.5803984120067 184.73955358313512 0 0 11.0 1 419
353.2708351283424 100.62500914338648 0 0 11.0 1 420
585.5301078943709 151.64827549480736 0 0 11.0 1 421
711.7782636298618 252.28637731086422 0 0 10.0 1 422
528.5919487966173 600.2700943842793 0 0 11.0 1 423
237.66757969868803 662.9242957946606 0 0 12.0 1 424
266.9331614540972 180.1313654033422 0 0 11.0 1 425
445.54678969891387 216.57020430659878 0 0 11.0 1 426
535.8940337620525 659.580067778476 0 0 13.0 1 427
520.8906595841673 731.6541096161857 0 0 12.0 1 428
483.0737328510646 595.0455200977196 0 0 13.0 1 429
648.1237306633749 570.3983987063523 0 0 12.0 1 430
734.160463309596 423.70199908691563 0 0 13.0 1 431
337.6773848084544 42.390028612614685 0 0 12.0 1 432
564.7239413398961 209.29073659244958 0 0 13.0 1 433
303.01537180033074 532.2496952471797 0 0 12.0 1 434
695.0 400.0 0 0 12.0 1 435
272.1728185485863 356.5809755730583 0 0 12.0 1 436
219.37894228830723 581.4167398866746 0 0 11.0 1 437
310.9445769789115 594.5896493406959 0 0 13.0 1 438
306.99479173856025 75.04764774470982 0 0 13.0 1 439
487.8692458774808 616.8755302677616 0 0 11.0 1 440
458.7243097811448 224.56780386505974 0 0 12.0 1 441
270.5661972258308 54.4455315013023 0 0 10.0 1 442
173.65282469911344 561.4030861951212 0 0 10.0 1 443
324.6402186455905 295.3008913399183 0 0 10.0 1 444
641.9183049932954 269.23099102168396 0 0 13.0 1 445
652.3796412438546 514.1644282849226 0 0 13.0 1 446
645.9368253380671 214.5840407552978 0 0 13.0 1 447
423.67154843156095 756.2143424889744 0 0 13.0 1 448
262.40505164400713 84.71658751702199 0 0 13.0 1 449
675.6922905678334 345.64228737831877 0 0 10.0 1 450
576.477617956094 604.3419936296573 0 0 11.0 1 451
289.05381234534656 463.83528369873846 0 0 10.0 1 452
310.3449508273447 564.1065877953982 0 0 11.0 1 453
401.132978684941 144.0025071230199 0 0 12.0 1 454
376.5575396397138 88.8819339024871 0 0 11.0 1 455
277.0707065878001 427.6475825557546 0 0 13.0 1 456
404.75553138189105 758.9685012940214 0 0 10.0 1 457
617.0172560509743 148.7481132884653 0 0 11.0 1 458
167.00514679736392 230.71503793578694 0 0 12.0 1 459
529.5849694151839 618.4576290763631 0 0 11.0 1 460
531.0776192451649 686.4326408302999 0 0 11.0 1 461
583.8561606229134 451.7485478153876 0 0 10.0 1 462
495.2737632993904 221.87950699941422 0 0 12.0 1 463
559.2458061468441 625.4257598958952 0 0 13.0 1 464
191.6574607416696 208.47353620089194 0 0 10.0 1 465
614.7787998111655 513.6620743769674 0 0 12.0 1 466
130.31079093511846 630.8521832557765 0 0 10.0 1 467
545.7405587104536 127.52855278623264 0 0 10.0 1 468
311.446062555254 306.1959480457693 0 0 10.0 1 469
673.4986930927787 258.35796924450005 0 0 12.0 1 470
529.4413240969869 636.9492426998213 0 0 12.0 1 471
521.629743016819 351.34606271161016 0 0 11.0 1 472
508.93902511199616 465.27854783654334 0 0 11.0 1 473
312.0662185711153 687.8691544497553 0 0 11.0 1 474
617.9586550696331 336.57268190884383 0 0 13.0 1 475
290.5675676195369 460.4114454660321 0 0 11.0 1 476
593.2357299901797 432.80171725935014 0 0 13.0 1 477
404.3581332162734 728.9711334978635 0 0 10.0 1 478
559.9080098578655 549.6343155272104 0 0 12.0 1 479
640.1891959543311 357.0447890610244 0 0 12.0 1 480
188.19973082229308 422.5753400029964 0 0 10.0 1 481
389.0227657080959 209.31570508481659 0 0 13.0 1 482
278.2634123360018 162.367503855374 0 0 10.0 1 483
545.737758427405 435.5036021912615 0 0 13.0 1 484
57.48305645025215 418.1973454475878 0 0 11.0 1 485
504.104022065004 48.07479119862819 0 0 10.0 1 486
569.7541511655066 576.6593562823048 0 0 11.0 1 487
343.99439048392605 634.4021580590354 0 0 10.0 1 488
223.1771283900635 379.5629729261834 0 0 10.0 1 489
568.6956351589757 233.53443996336736 0 0 11.0 1 490
197.1490379706469 421.621452397236 0 0 10.0 1 491
694.0419657009545 331.1282176307399 0 0 13.0 1 492
237.02461811992544 304.29198099927123 0 0 12.0 1 493
440.56369252124136 262.8738287231712 0 0 13.0 1 494
425.1504853207827 130.16958457555404 0 0 10.0 1 495
602.4047125792465 507.1136421083355 0 0 10.0 1 496
768.551513222537 432.70752362038667 0 0 10.0 1 497
99.14898810245398 493.34703337665655 0 0 10.0 1 498
192.1596905699495 505.3157432486751 0 0 10.0 1 499
335.1738413698641 92.7646355686565 0 0 12.0 1 500
494.25776930459267 316.3849718906812 0 0 10.0 1 501
227.46721545630297 429.2820466770719 0 0 13.0 1 502
330.1205935974718 671.1399427617228 0 0 12.0 1 503
152.40250222887784 426.390890426038 0 0 12.0 1 504
137.95265188781616 608.7011915331868 0 0 10.0 1 505
457.1314886538749 527.8123351018679 0 0 13.0 1 506
435.634860499197 696.8689217772767 0 0 12.0 1 507
230.58653804047478 164.6299107641574 0 0 11.0 1 508
415.71472542935555 636.4784290473023 0 0 11.0 1 509
231.40850436789896 485.42779173390386 0 0 13.0 1 510
202.16914069899724 440.8283125811838 0 0 12.0 1 511
767.6401499221839 383.72977673189007 0 0 13.0 1 512
425.72160119193836 266.4545050100046 0 0 10.0 1 513
624.4390847442111 359.8615242045638 0 0 11.0 1 514
427.88815169502374 632.3321996517817 0 0 12.0 1 515
479.7090741151666 130.54227881965812 0 0 12.0 1 516
630.854061273571 269.8792776169056 0 0 10.0 1 517
472.41431889813623 241.7844305432647 0 0 12.0 1 518
334.7712643585439 243.01206400930985 0 0 12.0 1 519
249.9244298163784 375.8893543416842 0 0 13.0 1 520
407.395831536962 638.8855409518895 0 0 13.0 1 521
546.9594979735059 276.4406783954561 0 0 10.0 1 522
537.3631770195334 334.92037493116334 0 0 12.0 1 523
213.6645926928072 431.6246104112376 0 0 11.0 1 524
78.31529811268337 385.7538576566071 0 0 12.0 1 525
502.1386105926273 652.0946334736375 0 0 11.0 1 526
89.44098782134535 452.70768401872937 0 0 10.0 1 527
701.64121568394 462.2621634760213 0 0 11.0 1 528
671.6164997036776 414.43873570372784 0 0 11.0 1 529
143.41626731667287 172.37357771495212 0 0 12.0 1 530
619.5738818108553 246.34027714943457 0 0 11.0 1 531
493.31620584763743 687.2213183700007 0 0 13.0 1 532
716.9503288413182 405.6115102584161 0 0 10.0 1 533
488.238808978047 502.17099681482864 0 0 11.0 1 534
382.29849129891903 92.50909511059427 0 0 10.0 1 535
412.54357732383875 85.24984723129859 0 0 12.0 1 536
592.2939717815532 203.40898185197972 0 0 11.0 1 537
198.0330218105604 617.7575250617678 0 0 13.0 1 538
105.66834320518359 341.95798238845947 0 0 12.0 1 539
687.6916345565377 597.571565277465 0 0 12.0 1 540
260.2010317676989 678.926959043374 0 0 13.0 1 541
523.6231786951008 203.68059268294644 0 0 11.0 1 542
225.56251155517316 538.9264648116438 0 0 13.0 1 543
740.934293539833 512.4491328934776 0 0 11.0 1 544
485.7221916355239 232.68082637903532 0 0 12.0 1 545
702.0399181337948 215.3709452612332 0 0 13.0 1 546
285.07602924573973 523.9091640923864 0 0 13.0 1 547
605.1696365489762 499.44556419650405 0 0 12.0 1 548
177.58545944110313 164.39912532425774 0 0 11.0 1 549
672.8484766740769 216.1666276851897 0 0 10.0 1 550
281.1699499023214 303.6235547772009 0 0 11.0 1 551
187.10691370804312 690.304209079175 0 0 10.0 1 552
514.9495253392014 306.77657684738085 0 0 10.0 1 553
266.8163633519773 115.64437946612088 0 0 10.0 1 554
210.71491426677977 116.3591067582683 0 0 11.0 1 555
538.7909851426049 514.6170251016192 0 0 13.0 1 556
430.59046707825325 162.96577604925 0 0 12.0 1 557
575.650745387529 509.5254109547436 0 0 11.0 1 558
493.5114287985366 484.4488761562652 0 0 11.0 1 559
277.94977782422126 554.6374575154514 0 0 10.0 1 560
534.1103717293297 635.4897199340578 0 0 13.0 1 561
264.0981414264016 659.5759712227648 0 0 12.0 1 562
541.8058598083112 308.064706863873 0 0 10.0 1 563
541.2486629086318 255.59496121490875 0 0 10.0 1 564
570.9746971241468 482.8713034970867 0 0 11.0 1 565
592.3883817188115 384.6471312251786 0 0 11.0 1 566
298.97444416944734 488.0331589182615 0 0 10.0 1 567
390.5328525468075 274.3561656144659 0 0 12.0 1 568
521.4846481816166 578.5986569271696 0 0 11.0 1 569
615.1874243537413 341.4904076240239 0 0 13.0 1 570
505.4796689856191 689.3752571155388 0 0 10.0 1 571
714.3433179991218 503.6787269853512 0 0 10.0 1 572
614.1302956907799 652.4068471087485 0 0 12.0 1 573
541.068602954638 731.2093737508446 0 0 10.0 1 574
552.0149916295813 196.51181282477765 0 0 13.0 1 575
671.8988977650847 433.86723186403094 0 0 10.0 1 576
528.9370013168962 646.2909858102946 0 0 11.0 1 577
288.57845696610417 546.4282750972151 0 0 12.0 1 578
121.39634646936406 165.74372102464068 0 0 10.0 1 579
455.1307552331956 138.75375633816765 0 0 10.0 1 580
506.0692906929523 466.13853318523167 0 0 10.0 1 581
59.33390265970502 384.9132467729908 0 0 13.0 1 582
414.1891448093724 568.4032902575798 0 0 12.0 1 583
647.0798696087587 355.8124674357259 0 0 12.0 1 584
347.64461766827344 171.93221634588824 0 0 13.0 1 585
752.3824952006844 297.4545121609942 0 0 11.0 1 586
252.88644764894985 376.36522234809837 0 0 12.0 1 587
452.1369900620034 66.04531105661272 0 0 10.0 1 588
411.03980462234597 626.7313889030374 0 0 13.0 1 589
335.40754381816004 559.4108359064624 0 0 13.0 1 590
347.1202052920219 96.5733576107034 0 0 11.0 1 591
281.1336158088342 282.69789980857905 0 0 11.0 1 592
321.23850600917484 252.7395943767191 0 0 11.0 1 593
129.79603067763946 271.97338182065084 0 0 10.0 1 594
301.02062363648434 566.8504811341265 0 0 12.0 1 595
653.1996301390518 194.65651386652803 0 0 10.0 1 596
731.6753526471877 385.3214290081182 0 0 11.0 1 597
658.497613579764 312.20487614014644 0 0 10.0 1 598
226.3447424450603 538.3034761802014 0 0 10.0 1 599
550.0141652107951 612.3575999019303 0 0 10.0 1 600
585.6093360936524 160.504333327566 0 0 13.0 1 601
532.3637134450366 561.7431524455988 0 0 11.0 1 602
328.56735386615594 61.454025180748886 0 0 12.0 1 603
469.886608532725 118.54687433287643 0 0 10.0 1 604
543.7203641270668 142.3772973218716 0 0 13.0 1 605
132.3763181260942 364.256960114528 0 0 10.0 1 606
396.75179696603345 253.03589153453103 0 0 13.0 1 607
143.40949073485257 457.70884295367824 0 0 11.0 1 608
647.0906041733799 430.7771559640281 0 0 10.0 1 609
567.0531966126375 417.8109376928751 0 0 11.0 1 610
663.6054810505454 609.9551151082311 0 0 13.0 1 611
144.48702755102968 207.35233998230936 0 0 11.0 1 612
560.7446095659737 510.39098919514515 0 0 11.0 1 613
153.05714765979505 648.0306990638129 0 0 12.0 1 614
470.7496219119722 245.42157007100576 0 0 12.0 1 615
454.45099586858873 513.6269732454356 0 0 10.0 1 616
92.15761200430359 219.21818633195676 0 0 11.0 1 617
248.08304868337206 512.4377156592097 0 0 10.0 1 618
681.9664223326092 447.8637302866028 0 0 13.0 1 619
283.3692719656066 162.04564875134693 0 0 11.0 1 620
530.3983755442371 69.81631830839348 0 0 13.0 1 621
337.83256529706 149.60189684732893 0 0 10.0 1 622
270.10876946645635 440.30221123563587 0 0 11.0 1 623
534.9858150804293 458.2050661632829 0 0 10.0 1 624
642.1633896317036 236.840897519986 0 0 11.0 1 625
282.3221289725117 590.5988422589126 0 0 10.0 1 626
265.0124304268185 458.2009970767296 0 0 10.0 1 627
144.78132131436462 139.06240966476605 0 0 13.0 1 628
117.69210729125689 298.49998170271704 0 0 11.0 1 629
462.7927242341854 232.37519937894172 0 0 12.0 1 630
264.17179479426557 146.04193521254555 0 0 11.0 1 631
708.4887870272762 495.72705092313146 0 0 10.0 1 632
296.52311160330646 123.74371759589206 0 0 13.0 1 633
551.8728428961384 227.27293324251448 0 0 12.0 1 634
429.9852242450819 269.39798498119507 0 0 12.0 1 635
557.7682733134968 645.7095275639058 0 0 10.0 1 636
521.6607335880027 346.26299317203234 0 0 12.0 1 637
369.601433450853 653.1816090314561 0 0 11.0 1 638
458.39480218682627 611.0711895962152 0 0 13.0 1 639
93.01202629684639 397.282648047846 0 0 12.0 1 640
580.9000188672893 629.2142734949426 0 0 12.0 1 641
277.54122398321954 510.5841226237835 0 0 11.0 1 642
504.72021463446436 512.9144660657425 0 0 12.0 1 643
305.00582063694304 482.7774479380668 0 0 12.0 1 644
164.57086423675156 663.0249456492102 0 0 10.0 1 645
84.77103812439128 236.7342608051951 0 0 11.0 1 646
689.5363391636579 307.3462990285479 0 0 10.0 1 647
629.5990336884904 563.7323539478726 0 0 12.0 1 648
727.3712111796468 379.6999977642596 0 0 13.0 1 649
254.16021692490867 477.1735555265552 0 0 11.0 1 650
307.1232635695625 618.0433714425436 0 0 13.0 1 651
584.181575573148 170.84252746333416 0 0 13.0 1 652
646.2616867837919 638.7554850100863 0 0 13.0 1 653
281.6088081462195 158.45388495891444 0 0 13.0 1 654
248.32795988543796 689.6974149824032 0 0 11.0 1 655
732.0514758830449 253.3343347477274 0 0 10.0 1 656
186.337180497843 448.05413158500204 0 0 11.0 1 657
100.43758678456481 209.5075839080599 0 0 13.0 1 658
243.42088444311565 475.8879474714125 0 0 10.0 1 659
507.61481350533984 471.1340418801781 0 0 11.0 1 660
308.8901225137916 58.96042718703728 0 0 12.0 1 661
177.48601747346507 324.41873525680523 0 0 11.0 1 662
256.529398914675 303.32949454867037 0 0 12.0 1 663
731.1336086611634 493.20157302876095 0 0 13.0 1 664
188.59161658831772 507.1237388409271 0 0 13.0 1 665
223.08705390252098 336.39332186703604 0 0 12.0 1 666
420.1389495004053 183.9365308224916 0 0 13.0 1 667
549.451410561836 662.4276583766991 0 0 12.0 1 668
719.8994750035774 348.6158984467424 0 0 13.0 1 669
710.1350025880682 309.74879408174695 0 0 12.0 1 670
125.94724709613672 526.8821840362707 0 0 12.0 1 671
244.59552941273407 121.41347749488739 0 0 13.0 1 672
566.3657850768446 443.66263340392027 0 0 12.0 1 673
393.62506719477983 530.8447944387889 0 0 12.0 1 674
429.8788174785553 228.58455067852495 0 0 11.0 1 675
147.88981080960235 230.12812914910864 0 0 11.0 1 676
47.88389341301263 424.96492503536393 0 0 10.0 1 677
675.2746586323423 257.4382157980358 0 0 11.0 1 678
527.4560574127346 547.5803287325302 0 0 13.0 1 679
207.5693123879459 478.9584097177245 0 0 13.0 1 680
133.7723056659383 369.2296446304335 0 0 11.0 1 681
252.70097147067403 385.6126376873028 0 0 13.0 1 682
398.50551166451476 60.003284567901915 0 0 11.0 1 683
532.6846869170445 429.84583484719263 0 0 12.0 1 684
222.0743942088774 555.0434739157441 0 0 12.0 1 685
345.3029771146055 568.3366736260243 0 0 12.0 1 686
398.54507164986586 69.00319762345742 0 0 12.0 1 687
478.05708787607534 531.5906190893054 0 0 12.0 1 688
113.96979191670619 499.9785980289164 0 0 12.0 1 689
514.9042143199575 175.721107699558 0 0 10.0 1 690
389.8092145604298 728.8421321730606 0 0 12.0 1 691
513.869003996376 111.67058781859714 0 0 12.0 1 692
248.54993615001746 277.1672756964325 0 0 10.0 1 693
288.47264780536585 643.6917103892827 0 0 10.0 1 694
460.4880646265999 156.39746709500685 0 0 11.0 1 695
430.21892522393125 618.9242256085663 0 0 10.0 1 696
270.43200006153165 471.527151431782 0 0 10.0 1 697
185.03357401160102 403.79943387548474 0 0 13.0 1 698
303.50636257912964 301.34414392804854 0 0 10.0 1 699
391.55155266539316 253.24297721187455 0 0 10.0 1 700
238.55607622859935 620.1473585517077 0 0 13.0 1 701
521.7739539506485 442.5688165119179 0 0 11.0 1 702
461.51667266105903 735.4052757258182 0 0 13.0 1 703
83.0640919148517 349.0821233136884 0 0 13.0 1 704
281.0579128115962 306.974305187942 0 0 12.0 1 705
94.43094832004999 416.2343664926002 0 0 11.0 1 706
321.31787707449797 499.6901375861032 0 0 11.0 1 707
103.9363896678554 200.51230955997298 0 0 13.0 1 708
369.43959916227243 224.64304433345845 0 0 10.0 1 709
285.29315427093246 628.8631458817429 0 0 11.0 1 710
680.4430965022815 261.0011884071952 0 0 10.0 1 711
327.8385303656345 291.86710814831343 0 0 11.0 1 712
588.7655066284175 718.2256801506077 0 0 10.0 1 713
607.8188482213318 277.96588049254814 0 0 13.0 1 714
331.16087624651465 741.1234014852284 0 0 10.0 1 715
625.8840324341071 342.85628738603657 0 0 12.0 1 716
559.8437271903081 680.6759392571981 0 0 12.0 1 717
327.67351380854757 155.47212961464365 0 0 10.0 1 718
453.678507555653 765.0748112737958 0 0 12.0 1 719
701.0379303777196 285.7189233779308 0 0 10.0 1 720
247.21973242100776 431.53077605279543 0 0 10.0 1 721
329.182740506472 750.9257980796315 0 0 13.0 1 722
555.2595554745772 493.03478077491604 0 0 10.0 1 723
528.531600364267 419.4840372561838 0 0 10.0 1 724
425.742909256945 614.46049198626 0 0 13.0 1 725
293.6039062130986 156.20526825444142 0 0 10.0 1 726
667.9389515285874 440.6167238186601 0 0 11.0 1 727
441.6725847058787 627.2100254916833 0 0 12.0 1 728
292.331769690437 531.5581703354334 0 0 11.0 1 729
359.7904786670196 691.2373506165934 0 0 13.0 1 730
54.424493993429564 497.255178002525 0 0 13.0 1 731
419.76467950162237 222.094526660369 0 0 11.0 1 732
439.8384233047404 171.4460675713666 0 0 12.0 1 733
514.9495253392014 306.77657684738085 0 0 11.0 1 734
338.61766992477897 289.9626901703944 0 0 12.0 1 735
270.9852205806616 351.0185066440452 0 0 11.0 1 736
280.1397985114795 329.61156274549575 0 0 12.0 1 737
128.53768316660097 428.9345907080658 0 0 13.0 1 738
512.5403529266183 198.26832434356723 0 0 11.0 1 739
754.8221282012155 310.2377733188385 0 0 11.0 1 740
692.3260977055248 228.34204766379176 0 0 10.0 1 741
281.1009047371584 494.69427197923704 0 0 11.0 1 742
626.0949555018091 676.2789733161665 0 0 10.0 1 743
432.87626750021025 623.5959548722977 0 0 11.0 1 744
266.71671233645884 324.86967836087916 0 0 13.0 1 745
485.11802190939005 549.4621100688486 0 0 12.0 1 746
602.5514158471655 549.9230600618486 0 0 10.0 1 747
716.2346866160253 510.546926600717 0 0 12.0 1 748
213.18310791016083 391.7266191980917 0 0 12.0 1 749
226.2964353713124 124.13214823889439 0 0 12.0 1 750
401.33213509440327 99.00294782823823 0 0 11.0 1 751
168.04032949343883 263.780650205312 0 0 10.0 1 752
519.4515529315585 245.8691254088296 0 0 12.0 1 753
408.3546641523156 525.7227091137556 0 0 13.0 1 754
106.6051487604588 360.8150377551862 0 0 13.0 1 755
243.05207805100207 285.96776860952315 0 0 10.0 1 756
529.1119249058397 529.6885147077751 0 0 10.0 1 757
187.53334078462234 415.06382162190516 0 0 13.0 1 758
658.8090692908036 561.3780209719653 0 0 11.0 1 759
717.8849215111269 363.2688595893801 0 0 11.0 1 760
230.24984379583498 698.0501375082079 0 0 10.0 1 761
121.5530596097633 318.9611118825292 0 0 13.0 1 762
340.27156185773873 283.4087752998277 0 0 10.0 1 763
687.45862701852 183.28004763606233 0 0 12.0 1 764
594.7979170883876 148.6481122051683 0 0 12.0 1 765
142.17122125850636 248.58890115757723 0 0 11.0 1 766
548.1882619643341 334.5459014576635 0 0 13.0 1 767
437.6767844360817 656.244921734182 0 0 12.0 1 768
727.6656420494655 230.30548912733934 0 0 13.0 1 769
445.91538170709424 578.1790608424341 0 0 10.0 1 770
240.9020548271731 484.1893333016966 0 0 10.0 1 771
203.04556249747114 212.40216006557418 0 0 11.0 1 772
34.00000016628883 399.9889671666704 0 0 12.0 1 773
574.103728568791 445.6934535622421 0 0 10.0 1 774
294.0917392778679 585.9554793782987 0 0 13.0 1 775
522.3597602538994 150.37610476837702 0 0 12.0 1 776
590.0788827616359 266.9811354427941 0 0 11.0 1 777
585.398557541852 291.13138716140185 0 0 13.0 1 778
454.2223686891832 181.6311956030938 0 0 11.0 1 779
614.6271597214547 470.7897048298772 0 0 10.0 1 780
261.9933262322156 675.3509723889717 0 0 11.0 1 781
342.45654897011707 528.7235458009585 0 0 12.0 1 782
571.2649349993268 486.7889511382433 0 0 13.0 1 783
559.0959469037587 509.2587739213488 0 0 12.0 1 784
414.29824915845694 693.6521072136256 0 0 12.0 1 785
220.8564552661897 690.1527018316481 0 0 10.0 1 786
337.9138669619839 234.24623055753526 0 0 11.0 1 787
169.33174829209622 432.88096187794906 0 0 10.0 1 788
98.41588331617191 536.4112186150214 0 0 11.0 1 789
195.07227152689825 394.5570134250868 0 0 12.0 1 790
191.03763423624747 646.3000805814236 0 0 13.0 1 791
509.0378278041918 259.3061760142137 0 0 12.0 1 792
176.56511410873316 458.6331967980304 0 0 11.0 1 793
182.62377657511234 129.5252738433158 0 0 10.0 1 794
746.6190059256285 318.8133956176934 0 0 11.0 1 795
493.62519990673553 688.1723823381134 0 0 13.0 1 796
449.28287710543316 117.263023245613 0 0 12.0 1 797
303.05489138913504 226.21091542784512 0 0 11.0 1 798
622.1381217082629 133.42232860960587 0 0 10.0 1 799
546.4810976790754 484.2869386247545 0 0 11.0 1 800
175.54323870438486 217.95560346804615 0 0 11.0 1 801
639.2955176522757 604.8478831512041 0 0 12.0 1 802
166.3626924383189 592.9316161631588 0 0 11.0 1 803
586.3647414456055 307.63018271149076 0 0 11.0 1 804
243.44640372235932 653.5645312194462 0 0 12.0 1 805
630.4378174311873 303.0545911476424 0 0 11.0 1 806
419.7304676343344 634.1702556836168 0 0 10.0 1 807
191.89466521349323 594.7233155875175 0 0 13.0 1 808
645.1059406860435 430.5299498920279 0 0 13.0 1 809
506.5449206154217 216.71830453901435 0 0 13.0 1 810
562.0 400.0 0 0 13.0 1 811
472.3338572931227 155.4743099608997 0 0 12.0 1 812
557.5399901033509 516.6068244925489 0 0 12.0 1 813
115.84994985860624 252.8308829793308 0 0 10.0 1 814
225.02207147142897 200.9831049185766 0 0 10.0 1 815
436.7475111517864 189.17870025979505 0 0 13.0 1 816
319.6686959216747 284.12126344718956 0 0 13.0 1 817
516.3039260760479 737.5239203068387 0 0 12.0 1 818
55.38709985974316 496.9842722142171 0 0 10.0 1 819
95.81544199346143 608.8845486635303 0 0 10.0 1 820
518.5714210864437 114.65491400491709 0 0 13.0 1 821
293.2520558570392 301.8680662513404 0 0 11.0 1 822
163.23264226602524 287.8161405920084 0 0 13.0 1 823
484.9707049418231 498.38688582168686 0 0 11.0 1 824
409.47093490103236 274.35645105258925 0 0 10.0 1 825
202.28831864709045 245.3678847826055 0 0 13.0 1 826
229.20723045934778 601.3102825804824 0 0 12.0 1 827
243.86359745034704 304.5514599438382 0 0 10.0 1 828
129.7987579893105 368.77038559506684 0 0 11.0 1 829
213.02732950763388 562.9270403860362 0 0 13.0 1 830
332.6899260273643 288.7824027332081 0 0 12.0 1 831
119.56109365442853 260.9927346945499 0 0 10.0 1 832
490.56161633382777 559.0207333872052 0 0 13.0 1 833
159.0728859147683 591.8804984842434 0 0 10.0 1 834
358.2613358850994 606.8305681419057 0 0 12.0 1 835
258.41620893043205 512.7609422910651 0 0 11.0 1 836
316.86772016943604 178.05851210246246 0 0 13.0 1 837
516.8277697591711 509.32187435777934 0 0 12.0 1 838
142.8832067402646 560.3120538943672 0 0 11.0 1 839
286.8524513115152 607.1077792498074 0 0 12.0 1 840
276.16907088316583 423.27876702193646 0 0 12.0 1 841
468.66875067926713 249.96799448068205 0 0 10.0 1 842
269.556540602488 472.01044299551023 0 0 12.0 1 843
718.1090042127031 298.2028416958388 0 0 11.0 1 844
605.0734251781789 641.7310288020341 0 0 10.0 1 845
276.3367747230644 443.22507043494403 0 0 10.0 1 846
216.15098056147775 467.9377512984781 0 0 11.0 1 847
613.3619137497192 483.1726743651866 0 0 11.0 1 848
284.41974786396577 342.70946573673143 0 0 13.0 1 849
616.8251586259626 610.2161996298719 0 0 11.0 1 850
522.2594558940195 687.0481239173987 0 0 13.0 1 851
641.924774546888 559.9137375600903 0 0 12.0 1 852
299.0896991908709 293.1070105637836 0 0 11.0 1 853
273.02299726297895 597.7418538800589 0 0 13.0 1 854
188.71268986876032 205.7664483733427 0 0 12.0 1 855
473.04668906459716 563.4171998802453 0 0 13.0 1 856
272.83177707420117 241.76838786799166 0 0 11.0 1 857
332.23256718014443 707.6240807365482 0 0 11.0 1 858
156.2389215512259 389.2047865472427 0 0 10.0 1 859
562.541959835589 638.9583882034815 0 0 10.0 1 860
398.8703426405303 143.0024827469141 0 0 12.0 1 861
195.82925200054356 700.1388106549075 0 0 13.0 1 862
371.8432261944532 238.43516444206284 0 0 10.0 1 863
257.9697983873181 351.75663952562036 0 0 10.0 1 864
202.16914069899724 440.8283125811838 0 0 11.0 1 865
555.1422416847098 353.3643393416253 0 0 11.0 1 866
646.2298458586779 647.3294624754838 0 0 10.0 1 867
101.23331387684459 456.1646442434023 0 0 13.0 1 868
215.17694678668616 531.7931675046493 0 0 12.0 1 869
333.769299949871 677.1975728084029 0 0 10.0 1 870
644.1205003491734 663.2226838805295 0 0 13.0 1 871
441.5346452969817 605.8515806110167 0 0 11.0 1 872
522.1401811734592 493.79646124942326 0 0 11.0 1 873
423.83030698664874 276.27402670044546 0 0 11.0 1 874
606.8237493225813 493.55713076056827 0 0 13.0 1 875
447.1630822969609 583.020883147935 0 0 11.0 1 876
681.7406462037957 275.55640524049596 0 0 11.0 1 877
231.97167390244334 351.09722268773317 0 0 10.0 1 878
481.0648579950464 499.0580072394098 0 0 13.0 1 879
652.7977255991514 375.3157959031249 0 0 11.0 1 880
245.96643294404606 369.6246774499605 0 0 13.0 1 881
467.4113470403705 547.3082152841542 0 0 12.0 1 882
140.33025536027196 578.3160781274039 0 0 10.0 1 883
180.7902251180962 688.0817151369122 0 0 12.0 1 884
607.15374168816 519.1986883509842 0 0 10.0 1 885
233.00000007587494 399.99496589298894 0 0 13.0 1 886
449.84157435637803 647.02189673322 0 0 11.0 1 887
292.80393558312187 154.37222515861015 0 0 11.0 1 888
542.7892025886526 248.75435998318267 0 0 11.0 1 889
701.9141417257947 243.64191410107148 0 0 11.0 1 890
436.5032728414779 621.0056810850359 0 0 11.0 1 891
371.50879448923087 637.295704151051 0 0 11.0 1 892
525.4556061436614 212.01890816593678 0 0 13.0 1 893
173.6633623439115 459.3946668863165 0 0 11.0 1 894
108.47200013844622 560.9360907215095 0 0 11.0 1 895
579.3803655482225 679.3683669562216 0 0 11.0 1 896
464.2226846549473 750.1591734850183 0 0 11.0 1 897
132.62154410195075 298.48762971157197 0 0 10.0 1 898
739.834290094833 518.7966972425615 0 0 13.0 1 899
307.81921511643526 289.371328769392 0 0 10.0 1 900
507.22344991338207 464.2505392091962 0 0 11.0 1 901
314.4810609879037 757.9252869947097 0 0 11.0 1 902
609.826925278201 157.07272399276314 0 0 12.0 1 903
465.3460602141831 569.8643353222928 0 0 10.0 1 904
667.2968253884007 438.1104596834357 0 0 11.0 1 905
142.80330054731695 576.6178297642857 0 0 12.0 1 906
291.801822497743 636.4173309746773 0 0 11.0 1 907
173.22710985645728 117.83328279907869 0 0 12.0 1 908
685.3402881973957 611.201136198239 0 0 13.0 1 909
300.17786694208047 659.460096646415 0 0 10.0 1 910
571.1358117359301 549.1359579091651 0 0 12.0 1 911
635.2509876628359 555.5023241101567 0 0 13.0 1 912
462.0099627346109 264.51655259164625 0 0 12.0 1 913
255.46629854124564 117.86703641256014 0 0 13.0 1 914
402.4241288102676 582.9839435565625 0 0 13.0 1 915
258.03016586118645 424.09494126570485 0 0 13.0 1 916
258.36121461624055 452.3397981942357 0 0 10.0 1 917
511.1013151817358 239.7455218569896 0 0 13.0 1 918
609.5328770263313 332.9479795601334 0 0 12.0 1 919
247.14755470987728 209.81027901374367 0 0 10.0 1 920
265.4745711848483 267.24492852587684 0 0 11.0 1 921
736.2024823789977 552.0818557297343 0 0 12.0 1 922
512.8802313592279 521.7129958890471 0 0 11.0 1 923
263.27732572484206 300.6626437887083 0 0 12.0 1 924
272.29847216585694 362.8338892426772 0 0 13.0 1 925
537.111921080512 650.9906793042551 0 0 10.0 1 926
238.91848849897224 604.0900454518649 0 0 11.0 1 927
395.2050336165256 183.05298274145056 0 0 12.0 1 928
199.02036156418112 445.20160322607495 0 0 10.0 1 929
201.22796607862472 217.27157164042694 0 0 11.0 1 930
469.78875617518565 37.659649622733184 0 0 11.0 1 931
660.7598586888885 374.53834065597925 0 0 11.0 1 932
499.91209937285333 531.3109759270301 0 0 12.0 1 933
576.5564238979059 412.5231457862211 0 0 10.0 1 934
301.2728445822077 262.8360514453193 0 0 12.0 1 935
530.1203888307084 290.5985173293101 0 0 11.0 1 936
519.0114751445994 98.6492595265338 0 0 11.0 1 937
398.9099026258814 152.0023958024696 0 0 11.0 1 938
738.8807587431634 391.00937412312874 0 0 10.0 1 939
627.3928284500138 252.57713349177274 0 0 13.0 1 940
490.8596343104982 294.8071920093273 0 0 11.0 1 941
548.3056927280004 422.48158144944284 0 0 10.0 1 942
281.4400397353138 83.47585270308991 0 0 10.0 1 943
473.0197564456644 518.2755899102425 0 0 12.0 1 944
588.2073014885977 332.33899449180444 0 0 12.0 1 945
187.0861959700507 701.3780218488009 0 0 12.0 1 946
225.6823655413481 201.73411206982726 0 0 10.0 1 947
289.78956069473344 544.8366634113758 0 0 10.0 1 948
662.7891719898187 473.96520185131317 0 0 10.0 1 949
492.22964560608995 139.86601054192278 0 0 10.0 1 950
253.4947576345894 520.9802213564362 0 0 13.0 1 951
221.99772507255827 642.7265748134214 0 0 11.0 1 952
382.19274645709027 163.66993056054307 0 0 13.0 1 953
175.7967439436159 673.9505429337848 0 0 11.0 1 954
527.0793283117275 372.5984614329751 0 0 11.0 1 955
269.65671115098996 738.7914211606067 0 0 11.0 1 956
550.9053658379638 405.3451437127828 0 0 11.0 1 957
138.83603662920444 486.1300425894342 0 0 12.0 1 958
502.52947059086364 93.70486836980706 0 0 10.0 1 959
753.4288397935684 349.6308109835768 0 0 11.0 1 960
183.39685431840857 664.6640838512836 0 0 12.0 1 961
604.070712314438 457.4381787270271 0 0 10.0 1 962
217.17919116341943 391.903589910432 0 0 12.0 1 963
709.4645454924275 446.9115666245041 0 0 12.0 1 964
700.7056661048298 386.6920184682035 0 0 11.0 1 965
489.2109682085262 513.0371759701087 0 0 10.0 1 966
561.5662885433732 562.2878134867788 0 0 11.0 1 967
232.39672358612287 428.44541677201266 0 0 11.0 1 968
326.7976473130154 706.3762646829716 0 0 10.0 1 969
216.68292317488013 565.541080533785 0 0 13.0 1 970
394.58632827672244 155.0598192242184 0 0 11.0 1 971
170.24477312969165 622.7387162703717 0 0 11.0 1 972
207.74918293702328 432.6285662973087 0 0 11.0 1 973
441.9158925555757 201.37457878894395 0 0 10.0 1 974
550.9908180136101 173.75727000502127 0 0 13.0 1 975
555.3892866559886 413.7901991480549 0 0 10.0 1 976
671.2591095334391 361.3412947044819 0 0 13.0 1 977
285.36066603240795 257.35770926030773 0 0 11.0 1 978
117.13334481669858 309.47124553264166 0 0 10.0 1 979
406.7297287864405 231.13404502250623 0 0 13.0 1 980
463.3436442116391 511.22761679542214 0 0 13.0 1 981
615.8905423440668 571.9513702370082 0 0 11.0 1 982
204.00767802665112 398.2651433790808 0 0 13.0 1 983
271.0544090793178 195.2146621896087 0 0 11.0 1 984
292.12431637404734 492.34087330231057 0 0 12.0 1 985
375.7270418340777 687.9788594704052 0 0 13.0 1 986
500.19249168079045 318.74444873859545 0 0 13.0 1 987
620.2349671737187 545.5766438478063 0 0 10.0 1 988
123.18219995167158 628.5889445629505 0 0 13.0 1 989
685.9551862732396 405.0627505801483 0 0 12.0 1 990
476.5848859143111 243.7605835600633 0 0 12.0 1 991
553.071785496608 517.5501105268746 0 0 13.0 1 992
301.7150530460196 579.9029438398751 0 0 13.0 1 993
250.8986090147515 711.1169799388392 0 0 13.0 1 994
121.6689498706495 573.5391210473679 0 0 11.0 1 995
308.1216349279701 666.6127641949852 0 0 10.0 1 996
619.2637804442238 127.1934850753978 0 0 11.0 1 997
174.34572979064075 355.50111983115227 0 0 12.0 1 998
691.9781761772786 592.9993384345917 0 0 12.0 1 999
280.72857623652595 156.65800306269819 0 0 11.0 1 1000
604.7461773463702 175.28906821863626 0 0 13.0 1 1001
190.68471377561514 339.0811116910047 0 0 10.0 1 1002
697.6522969595485 578.3594968447286 0 0 12.0 1 1003
717.9890868823879 374.62401482296366 0 0 13.0 1 1004
534.2354002275098 583.0569783585436 0 0 10.0 1 1005
281.71455331669483 567.4322343604449 0 0 12.0 1 1006
205.00763885304576 398.27399468837126 0 0 10.0 1 1007
290.0925308645818 235.30528779512352 0 0 11.0 1 1008
130.67606578332413 419.09498515452765 0 0 11.0 1 1009
172.82180145725184 313.74997909060136 0 0 12.0 1 1010
554.0666213699069 544.1682218093215 0 0 11.0 1 1011
339.6319087974514 287.1297489833536 0 0 10.0 1 1012
34.684467316184225 341.3096125422577 0 0 10.0 1 1013
159.04513672405704 458.69202555434293 0 0 13.0 1 1014
421.8205315266882 548.4043948267463 0 0 13.0 1 1015
320.66507262178555 199.09711475965946 0 0 13.0 1 1016
606.0227454730692 454.07058671531985 0 0 12.0 1 1017
435.17807221838626 217.35689655780047 0 0 10.0 1 1018
670.4804824075741 383.22774205522666 0 0 13.0 1 1019
697.0244153267026 534.3595798587897 0 0 10.0 1 1020
573.4604920761078 376.83844373288974 0 0 11.0 1 1021
267.94118601617276 249.79856974986913 0 0 10.0 1 1022
360.18383832386235 731.6182643784562 0 0 13.0 1 1023
356.1791786899246 543.4563892606755 0 0 10.0 1 1024
235.51352398597535 275.98306886361166 0 0 11.0 1 1025
246.94369988484274 187.35529869037669 0 0 12.0 1 1026
103.0933641480297 184.2792323695618 0 0 11.0 1 1027
455.2399823867197 193.25246229781865 0 0 11.0 1 1028
522.9413265495108 487.67228881605945 0 0 12.0 1 1029
522.0246031085262 206.219205708598 0 0 10.0 1 1030
278.17784506626913 566.1185196397502 0 0 13.0 1 1031
110.15247187819926 181.46531066743216 0 0 10.0 1 1032
86.54697593777502 237.6540677865743 0 0 10.0 1 1033
684.0515944343064 328.14116825797726 0 0 13.0 1 1034
711.0951728747186 309.469378583548 0 0 12.0 1 1035
124.3680650454703 558.5907829390533 0 0 10.0 1 1036
629.211119215128 576.0206318252165 0 0 13.0 1 1037
520.1379115195846 650.7007822399294 0 0 12.0 1 1038
340.3287781875764 221.72115860985483 0 0 10.0 1 1039
539.1509104891967 257.7395905037962 0 0 13.0 1 1040
269.94707797780893 545.297066293473 0 0 10.0 1 1041
250.0528816050475 396.017326896405 0 0 12.0 1 1042
267.4921128534911 162.45914068529584 0 0 12.0 1 1043
506.30021786240593 492.63511041934925 0 0 10.0 1 1044
574.3920279962531 629.1973397999071 0 0 11.0 1 1045
251.17665074094842 468.90290788724633 0 0 10.0 1 1046
572.4836593972545 499.249117078853 0 0 10.0 1 1047
419.06882167181107 558.8596236935259 0 0 10.0 1 1048
534.7014324647173 252.16386067015543 0 0 12.0 1 1049
548.9682806365763 365.1080042963682 0 0 12.0 1 1050
603.0382232493866 555.9213901289114 0 0 12.0 1 1051
62.96897477718386 265.17015153439706 0 0 11.0 1 1052
589.5632658276583 180.53299052305704 0 0 12.0 1 1053
519.8481680517234 185.16886488535732 0 0 11.0 1 1054
596.7451706737427 461.0519272141334 0 0 10.0 1 1055
512.7527514857762 542.8664307399986 0 0 13.0 1 1056
116.05716193840072 618.0377598342187 0 0 13.0 1 1057
366.55465701247766 241.49003491121766 0 0 12.0 1 1058
173.82338246891194 597.0891617573019 0 0 12.0 1 1059
626.0390924704875 108.33696038901604 0 0 10.0 1 1060
484.3229699716135 302.37501992232535 0 0 13.0 1 1061
283.48133268867696 255.01931105146033 0 0 12.0 1 1062
579.9717955565844 403.18634651897446 0 0 12.0 1 1063
650.0724729634284 253.15396407816996 0 0 10.0 1 1064
326.0457729665176 179.04803168136263 0 0 13.0 1 1065
315.2894506428093 645.8131868464403 0 0 10.0 1 1066
493.1096867204747 542.23426534705 0 0 11.0 1 1067
507.7965865853025 536.586587630548 0 0 11.0 1 1068
467.1672419087829 210.55459463379157 0 0 12.0 1 1069
229.08146136172368 194.87600542658095 0 0 11.0 1 1070
523.7395573957682 240.33622221837734 0 0 11.0 1 1071
431.99650906063306 631.8021212325997 0 0 12.0 1 1072
100.25052872512367 456.349396362624 0 0 11.0 1 1073
98.87158111067401 291.73331381623154 0 0 12.0 1 1074
148.97879761620644 532.8320592093436 0 0 13.0 1 1075
720.3304858132915 324.97080662421666 0 0 11.0 1 1076
140.16266892199627 409.19572608660576 0 0 13.0 1 1077
469.50639958719825 203.95699345188382 0 0 13.0 1 1078
608.9816195248533 554.6825222860342 0 0 13.0 1 1079
534.6268530492115 177.5688636047866 0 0 13.0 1 1080
52.4214054439114 298.8411120740537 0 0 13.0 1 1081
273.384842580028 261.0302122347605 0 0 13.0 1 1082
554.6580216157438 518.7682463872568 0 0 12.0 1 1083
170.10656974566754 213.54622362125144 0 0 10.0 1 1084
399.0153959201509 176.00216395061773 0 0 12.0 1 1085
710.5574231985031 452.7170455953842 0 0 11.0 1 1086
551.0374622643703 452.7985321078051 0 0 10.0 1 1087
631.8553004151381 311.98227639045604 0 0 11.0 1 1088
237.98314552855337 296.97311580379574 0 0 10.0 1 1089
327.7316731062065 85.1884866654782 0 0 11.0 1 1090
97.00223655961202 297.0808309879901 0 0 11.0 1 1091
587.3678299425167 554.732983887186 0 0 13.0 1 1092
240.05103704114012 374.30312765363715 0 0 10.0 1 1093
503.66972319432057 282.09500225684684 0 0 12.0 1 1094
733.1120289597236 435.51585789948314 0 0 13.0 1 1095
33.91894867585165 425.9550353767098 0 0 11.0 1 1096
440.2794008616474 272.1971445302308 0 0 12.0 1 1097
196.01853069111905 338.67659355034107 0 0 10.0 1 1098
479.90869046156627 262.5387284042608 0 0 11.0 1 1099
194.42747537626914 266.71482783210445 0 0 11.0 1 1100
308.92699157441893 515.3893718516313 0 0 12.0 1 1101
197.750213112548 555.3062255802396 0 0 12.0 1 1102
602.8618397481354 199.81989615847976 0 0 12.0 1 1103
86.08973354640483 363.71853620603355 0 0 12.0 1 1104
192.03318570455923 325.2283198543349 0 0 13.0 1 1105
453.06593293981746 148.53825984610145 0 0 11.0 1 1106
161.5632328105403 206.61719814771686 0 0 13.0 1 1107
571.4694944994491 490.74256143675586 0 0 11.0 1 1108
131.3788401898479 414.2713875376126 0 0 11.0 1 1109
751.4243563758042 337.1515971097775 1 11 12.0 1 1110
321.68830899823456 84.57603285031746 -11 -11 11.0 1 1111
657.091256507572 344.5645796682496 20 -8 10.0 1 1112
211.51948539075997 564.2409681310849 15 -4 13.0 1 1113
185.10642007318143 466.67645241189757 -14 -9 12.0 1 1114
323.10888596808843 623.1227388298457 18 19 10.0 1 1115
216.14227953410878 451.743005566803 8 -14 11.0 1 1116
365.20563309610515 219.3197519601073 4 -2 13.0 1 1117
580.2042444874927 320.4045838713562 2 -14 10.0 1 1118
678.1072731440398 311.0036819616315 1 -17 13.0 1 1119
677.6464466273546 502.608238827121 9 20 12.0 1 1120
507.6910077076346 574.4352225294942 -1 -13 11.0 1 1121
440.06400493489525 690.247955218597 -1 -17 11.0 1 1122
745.6998521433505 360.0548848034508 -16 5 10.0 1 1123
401.4029462622121 83.003104523427 19 -15 12.0 1 1124
467.14094428778026 51.40697998935036 -11 -5 11.0 1 1125
293.4925281121103 325.460356641245 14 16 11.0 1 1126
270.09336690114156 511.19922066686695 12 3 11.0 1 1127
366.34023201688433 225.21149917879947 8 -10 10.0 1 1128
355.0280690227477 204.09562173300657 -13 20 11.0 1 1129
455.18632191032424 177.7490835249266 13 -10 12.0 1 1130
352.80817012961313 97.66090032302395 3 -8 10.0 1 1131
208.7656905790215 681.1217510266351 1 21 10.0 1 1132
243.9015047072883 353.0717593835943 20 6 10.0 1 1133
465.78847707503047 113.45528048112948 22 1 10.0 1 1134
288.51622041170987 256.14115637643425 -8 8 10.0 1 1135
435.148653479031 744.2100698100086 3 17 12.0 1 1136
373.123368120778 718.8693253651545 4 22 10.0 1 1137
265.6312115038868 492.2714943960852 4 5 11.0 1 1138
714.001762908941 374.94220899446253 20 -10 12.0 1 1139
654.7968207283787 588.5936906333571 -2 2 11.0 1 1140
117.44160947697623 344.27966309292106 -12 -17 13.0 1 1141
638.1653002334388 520.6908851766196 -17 -7 10.0 1 1142
525.8622204412736 97.10942328030035 -11 19 13.0 1 1143
177.76116890637195 142.68715159530439 16 20 11.0 1 1144
68.05184452023974 405.8670327751671 11 11 10.0 1 1145
312.2769690692333 494.5815512894547 -7 -16 10.0 1 1146
228.8294080684037 289.01969337856855 -3 -4 11.0 1 1147
450.1895660384061 610.0880945243601 9 -9 13.0 1 1148
420.48610256501104 643.1384782417128 13 14 13.0 1 1149
87.53355645209984 293.8646069563648 -6 0 11.0 1 1150
427.6611432030151 33.041063391689136 22 -14 10.0 1 1151
559.678418460121 362.5994294418588 -2 22 13.0 1 1152
252.75442240803267 232.5254052711041 15 -16 11.0 1 1153
325.46017924917936 163.46709505348832 -3 -12 12.0 1 1154
230.2955251489846 489.8019555218097 20 -11 10.0 1 1155
559.6978846005899 658.674671458372 -12 -8 11.0 1 1156
109.82263955697044 525.1123474574596 3 -1 12.0 1 1157
594.9792174230502 488.1992334042362 16 9 13.0 1 1158
433.8280393309749 731.2773215223493 -17 14 11.0 1 1159
223.71507587039358 436.3816646763024 15 -16 13.0 1 1160
221.67589945733465 142.76564155298115 9 7 12.0 1 1161
179.07462995731072 551.7101871052198 16 -12 11.0 1 1162
475.75834453402547 596.9306305110099 7 3 13.0 1 1163
405.0174309295355 274.09993889251945 12 19 12.0 1 1164
586.3626126578633 141.09851950339254 13 -6 10.0 1 1165
504.68601980311985 134.92295976871026 -9 -11 12.0 1 1166
265.9258965840324 483.5950644069638 5 -4 12.0 1 1167
241.9793283574773 360.0191629196433 -3 20 12.0 1 1168
249.0402274875587 92.00625479891323 7 1 11.0 1 1169
93.14331817918298 316.5555464879909 -11 -16 13.0 1 1170
613.7489238815319 152.53202724496433 -8 -14 12.0 1 1171
681.8472222166524 220.78464538785474 -5 -14 11.0 1 1172
518.9589869185523 537.7416401503616 14 4 13.0 1 1173
265.10128222445064 370.90814645793955 -12 -1 13.0 1 1174
