400 400 -7.071067811865475 7.0710678118654755 5 2 -1 10 187
57.15728752538104 742.842712474619
800.0 400.0 0 0 24.0 1 0
799.4518139018296 420.9343824971775 0 0 24.0 1 1
797.8087581473094 441.8113853070614 0 0 24.0 1 2
795.0753362380551 462.57378601609236 0 0 24.0 1 3
791.2590402935223 483.16467632710373 0 0 24.0 1 4
786.3703305156273 503.5276180410083 0 0 24.0 1 5
780.4226065180615 523.6067977499789 0 0 24.0 1 6
773.4321705988807 543.3471798181201 0 0 24.0 1 7
765.4181830570403 562.6946572303201 0 0 24.0 1 8
756.4026096753471 581.5961998958187 0 0 24.0 1 9
746.4101615137755 600.0 0 0 24.0 1 10
735.4682271781696 617.8556140060108 0 0 24.0 1 11
723.606797749979 635.1141009169893 0 0 24.0 1 12
710.8583845827884 651.728156419935 0 0 24.0 1 13
697.2579301909577 667.6522425435433 0 0 24.0 1 14
682.842712474619 682.842712474619 0 0 24.0 1 15
667.6522425435433 697.2579301909577 0 0 24.0 1 16
651.728156419935 710.8583845827884 0 0 24.0 1 17
635.1141009169893 723.606797749979 0 0 24.0 1 18
617.8556140060108 735.4682271781696 0 0 24.0 1 19
600.0 746.4101615137754 0 0 24.0 1 20
581.5961998958187 756.4026096753471 0 0 24.0 1 21
562.6946572303201 765.4181830570403 0 0 24.0 1 22
543.3471798181201 773.4321705988807 0 0 24.0 1 23
523.606797749979 780.4226065180615 0 0 24.0 1 24
503.5276180410083 786.3703305156273 0 0 24.0 1 25
483.1646763271038 791.2590402935223 0 0 24.0 1 26
462.57378601609236 795.0753362380551 0 0 24.0 1 27
441.8113853070614 797.8087581473094 0 0 24.0 1 28
420.9343824971776 799.4518139018296 0 0 24.0 1 29
400.0 800.0 0 0 24.0 1 30
379.0656175028225 799.4518139018296 0 0 24.0 1 31
358.1886146929386 797.8087581473094 0 0 24.0 1 32
337.4262139839077 795.0753362380551 0 0 24.0 1 33
316.83532367289627 791.2590402935223 0 0 24.0 1 34
296.47238195899166 786.3703305156273 0 0 24.0 1 35
276.3932022500211 780.4226065180615 0 0 24.0 1 36
256.65282018187986 773.4321705988807 0 0 24.0 1 37
237.3053427696799 765.4181830570403 0 0 24.0 1 38
218.4038001041813 756.4026096753471 0 0 24.0 1 39
43.597390324652906 581.5961998958187 0 0 24.0 1 40
34.58181694295968 562.6946572303202 0 0 24.0 1 41
26.567829401119297 543.3471798181201 0 0 24.0 1 42
19.5773934819386 523.606797749979 0 0 24.0 1 43
13.629669484372698 503.5276180410084 0 0 24.0 1 44
8.740959706477724 483.16467632710373 0 0 24.0 1 45
4.924663761944942 462.5737860160924 0 0 24.0 1 46
2.1912418526906663 441.81138530706147 0 0 24.0 1 47
0.5481860981704472 420.9343824971775 0 0 24.0 1 48
0.0 400.00000000000006 0 0 24.0 1 49
0.5481860981704472 379.0656175028226 0 0 24.0 1 50
2.1912418526906663 358.1886146929386 0 0 24.0 1 51
4.924663761944885 337.4262139839077 0 0 24.0 1 52
8.740959706477781 316.8353236728962 0 0 24.0 1 53
13.629669484372698 296.47238195899166 0 0 24.0 1 54
19.577393481938543 276.3932022500211 0 0 24.0 1 55
26.567829401119297 256.65282018187986 0 0 24.0 1 56
34.58181694295968 237.30534276967992 0 0 24.0 1 57
43.59739032465285 218.40380010418136 0 0 24.0 1 58
53.58983848622455 199.99999999999994 0 0 24.0 1 59
64.53177282183037 182.14438599398918 0 0 24.0 1 60
76.39320225002103 164.8858990830108 0 0 24.0 1 61
89.14161541721171 148.27184358006497 0 0 24.0 1 62
102.74206980904228 132.3477574564567 0 0 24.0 1 63
117.15728752538092 117.15728752538104 0 0 24.0 1 64
132.34775745645675 102.74206980904228 0 0 24.0 1 65
148.27184358006485 89.14161541721177 0 0 24.0 1 66
164.8858990830107 76.39320225002109 0 0 24.0 1 67
182.1443859939892 64.53177282183032 0 0 24.0 1 68
199.99999999999983 53.58983848622461 0 0 24.0 1 69
218.40380010418124 43.597390324652906 0 0 24.0 1 70
237.30534276967995 34.58181694295962 0 0 24.0 1 71
256.65282018187975 26.567829401119354 0 0 24.0 1 72
276.393202250021 19.5773934819386 0 0 24.0 1 73
296.4723819589917 13.629669484372698 0 0 24.0 1 74
316.8353236728961 8.740959706477781 0 0 24.0 1 75
337.4262139839076 4.924663761944942 0 0 24.0 1 76
358.18861469293864 2.1912418526906663 0 0 24.0 1 77
379.0656175028223 0.5481860981704472 0 0 24.0 1 78
399.99999999999994 0.0 0 0 24.0 1 79
420.9343824971776 0.5481860981704472 0 0 24.0 1 80
441.8113853070612 2.1912418526906663 0 0 24.0 1 81
462.5737860160923 4.924663761944885 0 0 24.0 1 82
483.1646763271038 8.740959706477781 0 0 24.0 1 83
503.5276180410081 13.629669484372641 0 0 24.0 1 84
523.6067977499789 19.577393481938543 0 0 24.0 1 85
543.3471798181201 26.567829401119297 0 0 24.0 1 86
562.6946572303199 34.58181694295956 0 0 24.0 1 87
581.5961998958187 43.59739032465279 0 0 24.0 1 88
600.0 53.58983848622455 0 0 24.0 1 89
617.8556140060107 64.53177282183032 0 0 24.0 1 90
635.1141009169892 76.39320225002098 0 0 24.0 1 91
651.728156419935 89.14161541721171 0 0 24.0 1 92
667.6522425435431 102.74206980904216 0 0 24.0 1 93
682.842712474619 117.15728752538092 0 0 24.0 1 94
697.2579301909577 132.34775745645675 0 0 24.0 1 95
710.8583845827882 148.27184358006485 0 0 24.0 1 96
723.6067977499789 164.88589908301066 0 0 24.0 1 97
735.4682271781696 182.1443859939892 0 0 24.0 1 98
746.4101615137754 199.99999999999983 0 0 24.0 1 99
756.4026096753471 218.40380010418122 0 0 24.0 1 100
765.4181830570403 237.30534276967995 0 0 24.0 1 101
773.4321705988806 256.6528201818797 0 0 24.0 1 102
780.4226065180615 276.3932022500209 0 0 24.0 1 103
786.3703305156273 296.4723819589917 0 0 24.0 1 104
791.2590402935223 316.83532367289604 0 0 24.0 1 105
795.0753362380551 337.4262139839076 0 0 24.0 1 106
797.8087581473094 358.18861469293864 0 0 24.0 1 107
799.4518139018296 379.06561750282225 0 0 24.0 1 108
800.0 399.9999999999999 0 0 24.0 1 109
603.9051438651638 445.8660256107593 0 0 11.0 1 110
128.02470758815878 318.23545806712144 0 0 13.0 1 111
199.18716474761547 364.0805735304882 0 0 13.0 1 112
177.82899884954816 533.1204201007716 0 0 11.0 1 113
338.02076009876595 44.36033148527247 0 0 12.0 1 114
277.63488008222964 274.89293614064127 0 0 11.0 1 115
194.94741855957534 269.606599689179 0 0 13.0 1 116
220.0877789720245 119.7847385940928 0 0 11.0 1 117
346.8650054606 721.6405950051983 0 0 12.0 1 118
386.13087137795617 684.6623390462202 0 0 12.0 1 119
413.327678528694 600.5576550148006 0 0 13.0 1 120
324.9771521302854 265.50995465270427 0 0 13.0 1 121
529.383864465728 552.5116900959206 0 0 13.0 1 122
178.83600183466288 364.4685221877452 0 0 12.0 1 123
281.0188724975314 324.3396319184125 0 0 13.0 1 124
505.31850413506567 533.4466660758228 0 0 10.0 1 125
224.92764352242727 445.94202865992855 0 0 11.0 1 126
461.959083631557 552.9250533939345 0 0 11.0 1 127
103.67849664339593 431.5842785018447 0 0 10.0 1 128
366.76559971457743 640.716585713715 0 0 11.0 1 129
264.3495242054431 261.3098834930537 0 0 10.0 1 130
485.3098600709816 56.433081082200886 0 0 11.0 1 131
252.04113842567247 649.4156676747252 0 0 11.0 1 132
221.95022763814978 286.77774705521307 0 0 10.0 1 133
333.8767744326289 537.9736171902678 0 0 12.0 1 134
699.0989952644379 238.32195253590015 0 0 11.0 1 135
722.3130686614334 538.9794436960019 0 0 11.0 1 136
276.5250089251216 259.56166271612767 0 0 13.0 1 137
647.1350811147195 316.0640024636565 0 0 11.0 1 138
536.058395103792 620.3840128543367 0 0 12.0 1 139
63.9085002463645 544.9086049665514 0 0 10.0 1 140
389.59238933831125 735.8387732831256 0 0 13.0 1 141
637.5437446974266 385.2701203289445 0 0 13.0 1 142
180.25967578003002 521.3061824957924 0 0 11.0 1 143
329.46070650852846 565.6025605892736 0 0 12.0 1 144
207.6433490451937 699.5578722608552 0 0 10.0 1 145
568.6760203943912 389.5405476285362 0 0 12.0 1 146
611.8634135309912 116.39835330697355 0 0 11.0 1 147
310.56983765313066 531.4657600389264 0 0 12.0 1 148
461.0926947363691 186.57159830554693 0 0 12.0 1 149
216.5106978248701 680.2796389095788 0 0 12.0 1 150
429.526958795307 260.08159983654673 0 0 13.0 1 151
139.50697348367163 458.58654398719426 0 0 12.0 1 152
88.336432580441 572.0517966872593 0 0 13.0 1 153
414.6873171627687 701.6426407432481 0 0 11.0 1 154
390.64649197667705 540.6894164024346 -5 2 10.0 1 155
177.68421610013883 500.55691039898863 9 22 10.0 1 156
346.77301745913024 690.1583849031317 -11 12 13.0 1 157
611.2916285517456 366.0611181098854 2 5 13.0 1 158
511.81101538817006 464.3373673526233 -13 -2 13.0 1 159
139.13381022902342 473.41546863143253 -3 -8 10.0 1 160
259.895583858344 341.05296803395714 12 -11 13.0 1 161
224.1418134961868 442.83571219893577 0 17 11.0 1 162
408.57173780643717 676.8673424421481 -6 1 11.0 1 163
64.2940246977173 251.7080644595156 15 22 11.0 1 164
418.83966243586303 197.87610947910505 -3 -3 13.0 1 165
458.7785845644325 538.0039057295186 2 -3 11.0 1 166
508.80754908309166 548.3809868633128 -17 -11 11.0 1 167
628.2406190704739 271.352342398601 -10 -14 13.0 1 168
190.47905494713063 675.3488216501978 -3 -6 13.0 1 169
209.7339527480259 584.4554994114015 6 -6 11.0 1 170
162.03774499506275 248.67926383682504 18 8 11.0 1 171
507.9168881637601 315.60245709115406 -12 11 13.0 1 172
233.1552860437321 112.96891906127803 8 4 13.0 1 173
406.5495198535389 104.07246868584855 -16 18 10.0 1 174
240.6934508309129 125.93719079043717 8 -9 13.0 1 175
136.55197449519932 454.37037665514083 -7 -8 10.0 1 176
497.32069922847535 578.1507269187545 7 -10 11.0 1 177
746.2729712645953 490.8792020849038 -5 -5 10.0 1 178
237.01771745546472 563.7002613821165 -11 13 13.0 1 179
300.62210275801687 160.82426222594853 16 11 12.0 1 180
612.2789726103987 365.90252520385684 -16 3 13.0 1 181
551.9484316612069 450.11660518929364 5 1 12.0 1 182
449.7723474276514 760.5810774729327 -11 22 13.0 1 183
669.3472248430053 225.37734262309613 8 -8 11.0 1 184
109.34745959748994 560.4527991577812 3 8 13.0 1 185
296.4664080529906 261.40059401804734 18 22 11.0 1 186
58.973552352845616 464.10898536993614 10 4 11.0 1 187
659.1850406091803 651.2849273721317 15 -4 11.0 1 188
730.2139395658501 462.08666617238424 -9 10 11.0 1 189
348.4937064532681 104.45456910133447 0 -10 11.0 1 190
329.4954082449647 211.77114317550613 -12 -11 11.0 1 191
634.1760146108263 540.3231776328844 21 22 11.0 1 192
386.1795349871563 683.6635238214966 2 6 11.0 1 193
484.3229699716135 302.37501992232535 0 -1 13.0 1 194
584.3251958417509 255.84653254985437 -15 18 12.0 1 195
470.8610631022651 210.8368171762359 9 -1 12.0 1 196
285.32640190563234 282.75680872608666 -14 17 11.0 1 197
401.29230381251085 108.00285968719459 9 -15 13.0 1 198
372.51357628407715 152.52172517307957 20 -4 12.0 1 199
631.920457739439 205.00794559282915 -3 -17 12.0 1 200
128.6810054055211 234.1386025253582 12 -11 12.0 1 201
226.06287000497653 273.6240734590076 -7 -2 11.0 1 202
481.62832719066705 537.6111049299925 -15 14 11.0 1 203
586.4290177857255 494.47338952027525 -6 9 12.0 1 204
249.20095153478454 461.876061461486 6 9 12.0 1 205
148.30470627241735 246.13486712258072 12 12 12.0 1 206
421.3454303460517 170.99263635563625 -3 4 12.0 1 207
217.13670776029 341.4763607483744 13 16 10.0 1 208
329.20436865159115 541.2514728488882 21 -16 12.0 1 209
432.3042537755256 716.3549196519732 -12 6 10.0 1 210
53.90564554367728 312.4346083577464 3 -10 11.0 1 211
259.2749235419361 536.4274637156027 -3 -4 13.0 1 212
179.51786274134656 433.41597147856567 -9 -2 11.0 1 213
510.2216703971005 571.660080900811 -4 7 13.0 1 214
600.1526451364466 339.8342402617264 -8 17 10.0 1 215
547.4206052890148 413.08300944815466 17 -5 13.0 1 216
241.17467837823622 543.4242560090283 -16 -3 13.0 1 217
184.84506872708246 547.7476075912775 -16 16 12.0 1 218
547.3883476872602 564.6744514671882 5 0 10.0 1 219
