400 400 -7.071067811865475 7.0710678118654755 5 2 -1 10 187
57.15728752538104 742.842712474619
800.0 400.0 0 0 24.0 1 0
799.4518139018296 420.9343824971775 0 0 24.0 1 1
797.8087581473094 441.8113853070614 0 0 24.0 1 2
795.0753362380551 462.57378601609236 0 0 24.0 1 3
791.2590402935223 483.16467632710373 0 0 24.0 1 4
786.3703305156273 503.5276180410083 0 0 24.0 1 5
780.4226065180615 523.6067977499789 0 0 24.0 1 6
773.4321705988807 543.3471798181201 0 0 24.0 1 7
765.4181830570403 562.6946572303201 0 0 24.0 1 8
756.4026096753471 581.5961998958187 0 0 24.0 1 9
746.4101615137755 600.0 0 0 24.0 1 10
735.4682271781696 617.8556140060108 0 0 24.0 1 11
723.606797749979 635.1141009169893 0 0 24.0 1 12
710.8583845827884 651.728156419935 0 0 24.0 1 13
697.2579301909577 667.6522425435433 0 0 24.0 1 14
682.842712474619 682.842712474619 0 0 24.0 1 15
667.6522425435433 697.2579301909577 0 0 24.0 1 16
651.728156419935 710.8583845827884 0 0 24.0 1 17
635.1141009169893 723.606797749979 0 0 24.0 1 18
617.8556140060108 735.4682271781696 0 0 24.0 1 19
600.0 746.4101615137754 0 0 24.0 1 20
581.5961998958187 756.4026096753471 0 0 24.0 1 21
562.6946572303201 765.4181830570403 0 0 24.0 1 22
543.3471798181201 773.4321705988807 0 0 24.0 1 23
523.606797749979 780.4226065180615 0 0 24.0 1 24
503.5276180410083 786.3703305156273 0 0 24.0 1 25
483.1646763271038 791.2590402935223 0 0 24.0 1 26
462.57378601609236 795.0753362380551 0 0 24.0 1 27
441.8113853070614 797.8087581473094 0 0 24.0 1 28
420.9343824971776 799.4518139018296 0 0 24.0 1 29
400.0 800.0 0 0 24.0 1 30
379.0656175028225 799.4518139018296 0 0 24.0 1 31
358.1886146929386 797.8087581473094 0 0 24.0 1 32
337.4262139839077 795.0753362380551 0 0 24.0 1 33
316.83532367289627 791.2590402935223 0 0 24.0 1 34
296.47238195899166 786.3703305156273 0 0 24.0 1 35
276.3932022500211 780.4226065180615 0 0 24.0 1 36
256.65282018187986 773.4321705988807 0 0 24.0 1 37
237.3053427696799 765.4181830570403 0 0 24.0 1 38
218.4038001041813 756.4026096753471 0 0 24.0 1 39
43.597390324652906 581.5961998958187 0 0 24.0 1 40
34.58181694295968 562.6946572303202 0 0 24.0 1 41
26.567829401119297 543.3471798181201 0 0 24.0 1 42
19.5773934819386 523.606797749979 0 0 24.0 1 43
13.629669484372698 503.5276180410084 0 0 24.0 1 44
8.740959706477724 483.16467632710373 0 0 24.0 1 45
4.924663761944942 462.5737860160924 0 0 24.0 1 46
2.1912418526906663 441.81138530706147 0 0 24.0 1 47
0.5481860981704472 420.9343824971775 0 0 24.0 1 48
0.0 400.00000000000006 0 0 24.0 1 49
0.5481860981704472 379.0656175028226 0 0 24.0 1 50
2.1912418526906663 358.1886146929386 0 0 24.0 1 51
4.924663761944885 337.4262139839077 0 0 24.0 1 52
8.740959706477781 316.8353236728962 0 0 24.0 1 53
13.629669484372698 296.47238195899166 0 0 24.0 1 54
19.577393481938543 276.3932022500211 0 0 24.0 1 55
26.567829401119297 256.65282018187986 0 0 24.0 1 56
34.58181694295968 237.30534276967992 0 0 24.0 1 57
43.59739032465285 218.40380010418136 0 0 24.0 1 58
53.58983848622455 199.99999999999994 0 0 24.0 1 59
64.53177282183037 182.14438599398918 0 0 24.0 1 60
76.39320225002103 164.8858990830108 0 0 24.0 1 61
89.14161541721171 148.27184358006497 0 0 24.0 1 62
102.74206980904228 132.3477574564567 0 0 24.0 1 63
117.15728752538092 117.15728752538104 0 0 24.0 1 64
132.34775745645675 102.74206980904228 0 0 24.0 1 65
148.27184358006485 89.14161541721177 0 0 24.0 1 66
164.8858990830107 76.39320225002109 0 0 24.0 1 67
182.1443859939892 64.53177282183032 0 0 24.0 1 68
199.99999999999983 53.58983848622461 0 0 24.0 1 69
218.40380010418124 43.597390324652906 0 0 24.0 1 70
237.30534276967995 34.58181694295962 0 0 24.0 1 71
256.65282018187975 26.567829401119354 0 0 24.0 1 72
276.393202250021 19.5773934819386 0 0 24.0 1 73
296.4723819589917 13.629669484372698 0 0 24.0 1 74
316.8353236728961 8.740959706477781 0 0 24.0 1 75
337.4262139839076 4.924663761944942 0 0 24.0 1 76
358.18861469293864 2.1912418526906663 0 0 24.0 1 77
379.0656175028223 0.5481860981704472 0 0 24.0 1 78
399.99999999999994 0.0 0 0 24.0 1 79
420.9343824971776 0.5481860981704472 0 0 24.0 1 80
441.8113853070612 2.1912418526906663 0 0 24.0 1 81
462.5737860160923 4.924663761944885 0 0 24.0 1 82
483.1646763271038 8.740959706477781 0 0 24.0 1 83
503.5276180410081 13.629669484372641 0 0 24.0 1 84
523.6067977499789 19.577393481938543 0 0 24.0 1 85
543.3471798181201 26.567829401119297 0 0 24.0 1 86
562.6946572303199 34.58181694295956 0 0 24.0 1 87
581.5961998958187 43.59739032465279 0 0 24.0 1 88
600.0 53.58983848622455 0 0 24.0 1 89
617.8556140060107 64.53177282183032 0 0 24.0 1 90
635.1141009169892 76.39320225002098 0 0 24.0 1 91
651.728156419935 89.14161541721171 0 0 24.0 1 92
667.6522425435431 102.74206980904216 0 0 24.0 1 93
682.842712474619 117.15728752538092 0 0 24.0 1 94
697.2579301909577 132.34775745645675 0 0 24.0 1 95
710.8583845827882 148.27184358006485 0 0 24.0 1 96
723.6067977499789 164.88589908301066 0 0 24.0 1 97
735.4682271781696 182.1443859939892 0 0 24.0 1 98
746.4101615137754 199.99999999999983 0 0 24.0 1 99
756.4026096753471 218.40380010418122 0 0 24.0 1 100
765.4181830570403 237.30534276967995 0 0 24.0 1 101
773.4321705988806 256.6528201818797 0 0 24.0 1 102
780.4226065180615 276.3932022500209 0 0 24.0 1 103
786.3703305156273 296.4723819589917 0 0 24.0 1 104
791.2590402935223 316.83532367289604 0 0 24.0 1 105
795.0753362380551 337.4262139839076 0 0 24.0 1 106
797.8087581473094 358.18861469293864 0 0 24.0 1 107
799.4518139018296 379.06561750282225 0 0 24.0 1 108
800.0 399.9999999999999 0 0 24.0 1 109
639.7719713446878 483.81766972114065 0 0 10.0 1 110
41.4083793491734 431.8127269974405 0 0 10.0 1 111
214.53068408500798 573.542884769226 0 0 13.0 1 112
508.9522568602732 276.0871042826734 0 0 10.0 1 113
661.8135143603911 507.4368823926928 0 0 12.0 1 114
450.801643730015 283.60329474453056 0 0 10.0 1 115
539.051591599237 596.8391599090969 0 0 11.0 1 116
261.14882641384474 183.73777122727284 0 0 10.0 1 117
607.0280316374575 325.5728939409849 0 0 10.0 1 118
343.529613641469 636.3474041840067 0 0 13.0 1 119
254.96550980308578 383.2370452091168 0 0 12.0 1 120
256.5128989153113 450.1542801993244 0 0 12.0 1 121
260.049356164711 396.2828384366446 0 0 10.0 1 122
318.1314879956631 612.794611638067 0 0 13.0 1 123
424.38386253997044 260.10923101350886 0 0 13.0 1 124
448.41713165541336 148.6202447247146 0 0 10.0 1 125
313.2547422749675 50.60729792650551 0 0 12.0 1 126
503.0698366244184 305.2550329663063 0 0 12.0 1 127
214.5872500130395 472.2711017092785 0 0 13.0 1 128
463.853135884889 585.307250364539 0 0 10.0 1 129
281.54152057863666 451.0743443734566 0 0 10.0 1 130
393.90133307908326 124.06738818728275 0 0 11.0 1 131
263.1929409145322 407.26832748198115 0 0 12.0 1 132
138.04864548613904 573.140081634362 0 0 12.0 1 133
200.0312316386986 403.53435709347417 0 0 11.0 1 134
131.16829976929614 409.51403968191136 0 0 11.0 1 135
339.86625719870347 87.73739740931592 0 0 13.0 1 136
451.8124856363306 191.33647579851186 0 0 11.0 1 137
633.1212757208119 273.98622771180453 0 0 12.0 1 138
768.2486554003385 364.0426948195127 0 0 11.0 1 139
424.0709504544898 183.3329989494997 0 0 13.0 1 140
438.92825840384074 551.0648559316289 0 0 12.0 1 141
69.54142820142567 502.53356682007353 0 0 13.0 1 142
719.3941343342423 272.23698910529697 0 0 13.0 1 143
385.874280224439 45.28114789199276 0 0 12.0 1 144
462.0578750598367 738.3560552776582 0 0 13.0 1 145
319.9304899608762 197.23690285928592 0 0 12.0 1 146
660.1898039772465 188.98752191805795 0 0 11.0 1 147
341.64032980657265 530.5494116988444 0 0 11.0 1 148
258.1561376007953 629.7396759370821 0 0 10.0 1 149
615.9619935318424 318.0157493798199 0 0 11.0 1 150
483.5434540704121 673.5260340113623 0 0 13.0 1 151
152.9856077287575 501.3552663203483 0 0 11.0 1 152
452.5131570587027 619.8143951967842 0 0 13.0 1 153
637.0536982596248 130.39557840896828 0 0 12.0 1 154
642.232631455734 436.7199163674233 19 11 10.0 1 155
218.17998908512917 360.78924087809247 4 3 10.0 1 156
485.60276974978905 203.86696909708297 14 9 11.0 1 157
465.6869156509959 537.0738089944937 9 12 10.0 1 158
713.4165204941461 293.5524322431812 -14 0 11.0 1 159
463.16831160242066 211.2918538872805 19 8 13.0 1 160
510.0653938962133 332.7199207307884 -10 22 13.0 1 161
496.57379558028987 127.61332263266547 -10 1 11.0 1 162
281.6793501347548 215.71428754386284 8 -5 10.0 1 163
90.9868204712343 239.95358524002225 20 16 10.0 1 164
631.7635029130365 279.97217523641075 -9 20 11.0 1 165
602.8861502457798 128.41537223464417 18 22 12.0 1 166
45.54519936894633 343.05446189910947 5 -1 12.0 1 167
457.47644581249085 237.88751381598084 -6 -10 11.0 1 168
293.2998533607205 61.41459170963043 -9 -8 12.0 1 169
111.40747797273565 216.4833625255112 1 5 13.0 1 170
249.92045939725222 93.80213669512943 -9 -4 11.0 1 171
273.883832645445 256.557634111125 -12 -3 12.0 1 172
615.0962792333612 141.87291761621776 18 9 12.0 1 173
667.9389515285874 440.6167238186601 10 20 11.0 1 174
426.6637575505276 593.1684343604998 -11 10 11.0 1 175
387.7367704815612 651.7014366303421 -17 22 11.0 1 176
686.8959052405219 448.7005087881168 -1 -7 12.0 1 177
457.86331729701595 662.7029434768192 10 -4 13.0 1 178
381.14904268196574 72.54215323465888 3 16 13.0 1 179
647.2993993322673 569.8322910694541 6 -6 13.0 1 180
527.7613456653587 424.02162679288676 11 18 11.0 1 181
706.8075980944033 410.8672789392338 -10 10 12.0 1 182
161.603124986005 309.4907187987792 -17 -1 13.0 1 183
226.66363406146738 347.88949968362317 -12 -6 11.0 1 184
556.9928570827162 479.5565385433897 -3 -14 13.0 1 185
432.7105965903121 720.3342268174068 19 -17 11.0 1 186
484.9847591000022 286.23888748471825 20 18 13.0 1 187
77.14925127399232 362.68520337645856 -1 -5 13.0 1 188
575.2532730142093 347.31897592294706 -6 -12 10.0 1 189
359.50288802545936 223.58859469489647 6 9 11.0 1 190
130.85627935825374 378.51378025064344 -16 11 12.0 1 191
275.51047508918646 609.853182457355 -6 -8 11.0 1 192
40.35250720672673 384.07263588937445 -11 6 11.0 1 193
534.8035824134324 382.0001619867029 12 18 10.0 1 194
627.742110345569 438.6591667699484 -3 22 10.0 1 195
644.8323904119309 595.0028220441434 18 -3 10.0 1 196
414.4251699249202 541.2654043728937 -17 -16 13.0 1 197
566.5049960534326 567.2485763444532 2 -5 12.0 1 198
258.72320855703094 146.73952499535218 9 14 11.0 1 199
143.67859410742113 467.2631911319396 -3 -4 13.0 1 200
281.15710405366264 352.4566925520739 -15 4 11.0 1 201
465.6794866714341 520.2298009254648 3 -16 10.0 1 202
255.59790287893907 576.4427225675224 14 22 12.0 1 203
454.07969671883455 556.9438957169054 8 -12 11.0 1 204
387.42611986175416 84.2502612221682 20 8 11.0 1 205
225.70229642160953 138.81747660438782 20 -3 11.0 1 206
90.6428843861699 563.7014814199656 15 -1 13.0 1 207
653.0056334014173 422.453272971833 11 17 10.0 1 208
588.9292104547686 420.1433223907516 7 -5 11.0 1 209
599.9119744292545 705.3853344216075 20 21 12.0 1 210
685.0 400.0 19 18 12.0 1 211
585.7640010080647 378.535239822544 16 -11 12.0 1 212
580.6155889393167 581.4221845092374 -6 -17 11.0 1 213
342.39885119086415 608.1780671825632 -11 -15 11.0 1 214
515.7673922714562 492.20580722854066 -14 8 12.0 1 215
335.3388654108163 118.32654070069106 -2 6 10.0 1 216
680.4613120167096 382.6088395480395 -2 -4 12.0 1 217
204.2296341803353 275.50918159625326 -10 17 10.0 1 218
197.93581172503326 230.09984162226687 -17 -6 13.0 1 219
