400 400 -7.071067811865475 -7.071067811865477 5 2 -1 10 187
57.15728752538104 57.15728752538092
800.0 400.0 0 0 24.0 1 0
799.4518139018296 420.9343824971775 0 0 24.0 1 1
797.8087581473094 441.8113853070614 0 0 24.0 1 2
795.0753362380551 462.57378601609236 0 0 24.0 1 3
791.2590402935223 483.16467632710373 0 0 24.0 1 4
786.3703305156273 503.5276180410083 0 0 24.0 1 5
780.4226065180615 523.6067977499789 0 0 24.0 1 6
773.4321705988807 543.3471798181201 0 0 24.0 1 7
765.4181830570403 562.6946572303201 0 0 24.0 1 8
756.4026096753471 581.5961998958187 0 0 24.0 1 9
746.4101615137755 600.0 0 0 24.0 1 10
735.4682271781696 617.8556140060108 0 0 24.0 1 11
723.606797749979 635.1141009169893 0 0 24.0 1 12
710.8583845827884 651.728156419935 0 0 24.0 1 13
697.2579301909577 667.6522425435433 0 0 24.0 1 14
682.842712474619 682.842712474619 0 0 24.0 1 15
667.6522425435433 697.2579301909577 0 0 24.0 1 16
651.728156419935 710.8583845827884 0 0 24.0 1 17
635.1141009169893 723.606797749979 0 0 24.0 1 18
617.8556140060108 735.4682271781696 0 0 24.0 1 19
600.0 746.4101615137754 0 0 24.0 1 20
581.5961998958187 756.4026096753471 0 0 24.0 1 21
562.6946572303201 765.4181830570403 0 0 24.0 1 22
543.3471798181201 773.4321705988807 0 0 24.0 1 23
523.606797749979 780.4226065180615 0 0 24.0 1 24
503.5276180410083 786.3703305156273 0 0 24.0 1 25
483.1646763271038 791.2590402935223 0 0 24.0 1 26
462.57378601609236 795.0753362380551 0 0 24.0 1 27
441.8113853070614 797.8087581473094 0 0 24.0 1 28
420.9343824971776 799.4518139018296 0 0 24.0 1 29
400.0 800.0 0 0 24.0 1 30
379.0656175028225 799.4518139018296 0 0 24.0 1 31
358.1886146929386 797.8087581473094 0 0 24.0 1 32
337.4262139839077 795.0753362380551 0 0 24.0 1 33
316.83532367289627 791.2590402935223 0 0 24.0 1 34
296.47238195899166 786.3703305156273 0 0 24.0 1 35
276.3932022500211 780.4226065180615 0 0 24.0 1 36
256.65282018187986 773.4321705988807 0 0 24.0 1 37
237.3053427696799 765.4181830570403 0 0 24.0 1 38
218.4038001041813 756.4026096753471 0 0 24.0 1 39
200.00000000000009 746.4101615137755 0 0 24.0 1 40
182.14438599398918 735.4682271781696 0 0 24.0 1 41
164.8858990830108 723.606797749979 0 0 24.0 1 42
148.27184358006508 710.8583845827884 0 0 24.0 1 43
132.3477574564567 697.2579301909577 0 0 24.0 1 44
117.15728752538104 682.842712474619 0 0 24.0 1 45
102.74206980904233 667.6522425435434 0 0 24.0 1 46
89.14161541721165 651.728156419935 0 0 24.0 1 47
76.39320225002109 635.1141009169893 0 0 24.0 1 48
64.53177282183043 617.8556140060109 0 0 24.0 1 49
53.589838486224494 600.0 0 0 24.0 1 50
43.597390324652906 581.5961998958187 0 0 24.0 1 51
34.58181694295968 562.6946572303202 0 0 24.0 1 52
26.567829401119297 543.3471798181201 0 0 24.0 1 53
19.5773934819386 523.606797749979 0 0 24.0 1 54
13.629669484372698 503.5276180410084 0 0 24.0 1 55
8.740959706477724 483.16467632710373 0 0 24.0 1 56
4.924663761944942 462.5737860160924 0 0 24.0 1 57
2.1912418526906663 441.81138530706147 0 0 24.0 1 58
0.5481860981704472 420.9343824971775 0 0 24.0 1 59
0.0 400.00000000000006 0 0 24.0 1 60
0.5481860981704472 379.0656175028226 0 0 24.0 1 61
2.1912418526906663 358.1886146929386 0 0 24.0 1 62
4.924663761944885 337.4262139839077 0 0 24.0 1 63
8.740959706477781 316.8353236728962 0 0 24.0 1 64
13.629669484372698 296.47238195899166 0 0 24.0 1 65
19.577393481938543 276.3932022500211 0 0 24.0 1 66
26.567829401119297 256.65282018187986 0 0 24.0 1 67
34.58181694295968 237.30534276967992 0 0 24.0 1 68
43.59739032465285 218.40380010418136 0 0 24.0 1 69
218.40380010418124 43.597390324652906 0 0 24.0 1 70
237.30534276967995 34.58181694295962 0 0 24.0 1 71
256.65282018187975 26.567829401119354 0 0 24.0 1 72
276.393202250021 19.5773934819386 0 0 24.0 1 73
296.4723819589917 13.629669484372698 0 0 24.0 1 74
316.8353236728961 8.740959706477781 0 0 24.0 1 75
337.4262139839076 4.924663761944942 0 0 24.0 1 76
358.18861469293864 2.1912418526906663 0 0 24.0 1 77
379.0656175028223 0.5481860981704472 0 0 24.0 1 78
399.99999999999994 0.0 0 0 24.0 1 79
420.9343824971776 0.5481860981704472 0 0 24.0 1 80
441.8113853070612 2.1912418526906663 0 0 24.0 1 81
462.5737860160923 4.924663761944885 0 0 24.0 1 82
483.1646763271038 8.740959706477781 0 0 24.0 1 83
503.5276180410081 13.629669484372641 0 0 24.0 1 84
523.6067977499789 19.577393481938543 0 0 24.0 1 85
543.3471798181201 26.567829401119297 0 0 24.0 1 86
562.6946572303199 34.58181694295956 0 0 24.0 1 87
581.5961998958187 43.59739032465279 0 0 24.0 1 88
600.0 53.58983848622455 0 0 24.0 1 89
617.8556140060107 64.53177282183032 0 0 24.0 1 90
635.1141009169892 76.39320225002098 0 0 24.0 1 91
651.728156419935 89.14161541721171 0 0 24.0 1 92
667.6522425435431 102.74206980904216 0 0 24.0 1 93
682.842712474619 117.15728752538092 0 0 24.0 1 94
697.2579301909577 132.34775745645675 0 0 24.0 1 95
710.8583845827882 148.27184358006485 0 0 24.0 1 96
723.6067977499789 164.88589908301066 0 0 24.0 1 97
735.4682271781696 182.1443859939892 0 0 24.0 1 98
746.4101615137754 199.99999999999983 0 0 24.0 1 99
756.4026096753471 218.40380010418122 0 0 24.0 1 100
765.4181830570403 237.30534276967995 0 0 24.0 1 101
773.4321705988806 256.6528201818797 0 0 24.0 1 102
780.4226065180615 276.3932022500209 0 0 24.0 1 103
786.3703305156273 296.4723819589917 0 0 24.0 1 104
791.2590402935223 316.83532367289604 0 0 24.0 1 105
795.0753362380551 337.4262139839076 0 0 24.0 1 106
797.8087581473094 358.18861469293864 0 0 24.0 1 107
799.4518139018296 379.06561750282225 0 0 24.0 1 108
800.0 399.9999999999999 0 0 24.0 1 109
451.41135635102285 568.3237132377615 0 0 12.0 1 110
487.5513302492593 153.06121290573827 0 0 11.0 1 111
587.2616232211092 533.5405723688323 0 0 10.0 1 112
71.18892975905067 361.99631482340857 0 0 11.0 1 113
216.51778511266065 641.129170404653 0 0 12.0 1 114
315.140905133423 306.8606741573395 0 0 12.0 1 115
725.3781982128364 263.11308270047107 0 0 11.0 1 116
662.9339782180898 208.97454855855182 0 0 11.0 1 117
204.00000008905084 399.99409170674153 0 0 10.0 1 118
272.3637263515245 171.19226051304233 0 0 13.0 1 119
214.09557765540202 644.3123937763316 0 0 12.0 1 120
553.4481775377856 421.8782268553057 0 0 10.0 1 121
178.52915360565754 433.5658188842991 0 0 10.0 1 122
767.4811466579167 419.53476006974944 0 0 12.0 1 123
257.27626019740876 215.82906283356692 0 0 13.0 1 124
80.56787318766948 454.2136178478359 0 0 13.0 1 125
225.53103257364725 464.47153949753533 0 0 13.0 1 126
594.193611230342 489.91574588090117 0 0 13.0 1 127
259.7704971307254 522.1952802895272 0 0 11.0 1 128
265.6664335815923 521.3074314842715 0 0 12.0 1 129
534.463828073387 420.38330051416153 0 0 13.0 1 130
349.3707886288969 531.5966677235414 0 0 11.0 1 131
205.618423980961 384.4821746254647 0 0 13.0 1 132
512.6194673931366 308.6662408302042 0 0 10.0 1 133
220.8327312164442 210.21040651120762 0 0 11.0 1 134
710.5446072075916 502.42581185561886 0 0 13.0 1 135
179.31124045336946 411.7248202446557 0 0 13.0 1 136
547.3039332512101 330.2106652222344 0 0 13.0 1 137
278.0718586347371 734.4690244898808 0 0 12.0 1 138
242.05147985404548 381.7444533441751 0 0 11.0 1 139
413.409312887954 531.3171364593096 0 0 10.0 1 140
427.63131140548103 670.5928872494865 0 0 11.0 1 141
145.61309528396893 466.75554440641554 0 0 12.0 1 142
392.5755359223622 64.08203779321377 0 0 13.0 1 143
231.9194469328651 425.4740589746913 0 0 11.0 1 144
642.6362544666738 195.99841172583115 0 0 11.0 1 145
327.9501736626587 184.73778193849492 0 0 12.0 1 146
284.30507910714067 266.0459583304967 0 0 10.0 1 147
412.4015426374371 654.6982562567161 0 0 13.0 1 148
279.3174174013287 663.6962537794477 0 0 13.0 1 149
506.9567813610403 166.3137853426381 0 0 11.0 1 150
558.5993292362862 730.9611046117052 0 0 13.0 1 151
453.8918618571687 144.62445844292793 0 0 12.0 1 152
216.0433631522116 283.0215585688931 0 0 13.0 1 153
253.75628752012034 623.387055489127 0 0 13.0 1 154
156.03810259921232 404.3119156540385 10 8 10.0 1 155
635.0727481348925 132.6485401492833 -7 6 13.0 1 156
308.25665354807063 529.8620744551744 2 5 11.0 1 157
466.08968920699414 563.1200569535301 -2 -2 12.0 1 158
219.1137501737679 595.0286251394957 -9 5 11.0 1 159
288.98235440866847 233.6417048435591 21 9 12.0 1 160
716.6989267261185 546.6382958524977 7 6 11.0 1 161
673.7300678591656 346.0291750126368 -1 9 13.0 1 162
636.583092027869 562.4728917897778 9 -15 11.0 1 163
541.9627425575572 202.78037692578178 21 -15 10.0 1 164
242.00618942964732 398.60149313211616 19 -5 11.0 1 165
242.6996345129276 529.8945534563841 -3 -10 13.0 1 166
632.3063760512503 507.5627614276201 19 21 10.0 1 167
738.6590121179848 345.60263323219954 -2 6 13.0 1 168
203.29644335615353 155.24765414063734 18 -6 10.0 1 169
698.7649929405311 456.1736503464429 -13 21 13.0 1 170
513.39069788687 258.92005942470576 2 21 12.0 1 171
84.43732081000468 439.2962530329812 21 -1 13.0 1 172
163.19895688686262 466.6428239237358 -15 -8 10.0 1 173
396.221478103345 229.04175137690345 15 10 12.0 1 174
239.41460155292748 539.9333048476843 7 -12 12.0 1 175
299.4247717319585 116.30011727384982 18 14 10.0 1 176
412.47804800075994 183.3590566903598 10 4 10.0 1 177
645.2204243669826 380.4310584528184 18 -2 10.0 1 178
135.7269241489658 464.3718989950858 11 -15 10.0 1 179
134.0351638341532 322.5938896257262 -11 -1 10.0 1 180
174.71673753690868 382.0152382838719 -1 -2 10.0 1 181
234.62432646825428 321.64257148220435 6 16 10.0 1 182
280.81181686766433 726.9528666361756 7 -5 13.0 1 183
328.9889327716338 558.8503331160764 10 12 13.0 1 184
469.81428504485484 628.5759514990056 0 19 12.0 1 185
633.85191114088 284.09364272932254 12 -17 10.0 1 186
230.52977128945008 476.65403825496674 -17 -3 10.0 1 187
383.1031053307864 106.48595442374909 4 -16 10.0 1 188
768.8274675438355 370.56703913635283 12 -5 12.0 1 189
504.64374175074335 494.50231379391585 -4 -7 11.0 1 190
482.0744387999697 239.80079121397 -7 -3 13.0 1 191
394.2327823682635 139.0637257858 1 -5 10.0 1 192
260.60994511467726 555.7286505401839 -3 -7 13.0 1 193
657.786003325695 154.4753037078249 -6 20 12.0 1 194
252.1583618113351 517.744851342604 -14 -14 10.0 1 195
527.1209460482232 209.523583938051 16 20 10.0 1 196
287.12618364588786 213.49664458337975 -12 12 13.0 1 197
189.00826563073156 398.13237373972476 -8 -10 11.0 1 198
570.0652304302903 243.67080439440542 9 4 10.0 1 199
674.1955033895006 451.55410673242625 -10 7 13.0 1 200
570.7133756541033 366.34077581433263 -15 -14 12.0 1 201
561.5935084021107 433.35473043358286 -6 15 11.0 1 202
590.0533017176749 690.3252357378022 -3 -13 12.0 1 203
194.31130069868763 660.6072888077658 -6 -14 10.0 1 204
209.07168817346383 519.0436043770054 2 -7 10.0 1 205
386.4365063199509 164.39008586396187 10 -5 10.0 1 206
270.00405354122836 416.18807907962434 6 11 10.0 1 207
226.0271715256678 403.0748906713225 9 -16 11.0 1 208
97.1973323649118 329.06661947239286 5 12 13.0 1 209
549.8443379117771 183.86190896609367 -17 -6 10.0 1 210
133.2232380008088 559.8472998121234 14 6 13.0 1 211
553.4760305618134 617.2581598996671 3 16 12.0 1 212
369.4508715542238 538.6749824272694 -17 21 10.0 1 213
298.21741056718844 484.0494169423662 5 16 10.0 1 214
430.05747835358176 756.735963977595 15 -5 12.0 1 215
385.71511718471436 41.28431575556448 11 -9 12.0 1 216
401.8280315618411 537.9878918623258 17 0 12.0 1 217
249.78652266647762 198.91068843080856 -14 -17 12.0 1 218
591.9714475183697 330.9857743816405 -6 -3 10.0 1 219
