400 400 -7.071067811865475 -7.071067811865477 5 2 -1 10 187
57.15728752538104 57.15728752538092
800.0 400.0 0 0 24.0 1 0
799.4518139018296 420.9343824971775 0 0 24.0 1 1
797.8087581473094 441.8113853070614 0 0 24.0 1 2
795.0753362380551 462.57378601609236 0 0 24.0 1 3
791.2590402935223 483.16467632710373 0 0 24.0 1 4
786.3703305156273 503.5276180410083 0 0 24.0 1 5
780.4226065180615 523.6067977499789 0 0 24.0 1 6
773.4321705988807 543.3471798181201 0 0 24.0 1 7
765.4181830570403 562.6946572303201 0 0 24.0 1 8
756.4026096753471 581.5961998958187 0 0 24.0 1 9
746.4101615137755 600.0 0 0 24.0 1 10
735.4682271781696 617.8556140060108 0 0 24.0 1 11
723.606797749979 635.1141009169893 0 0 24.0 1 12
710.8583845827884 651.728156419935 0 0 24.0 1 13
697.2579301909577 667.6522425435433 0 0 24.0 1 14
682.842712474619 682.842712474619 0 0 24.0 1 15
667.6522425435433 697.2579301909577 0 0 24.0 1 16
651.728156419935 710.8583845827884 0 0 24.0 1 17
635.1141009169893 723.606797749979 0 0 24.0 1 18
617.8556140060108 735.4682271781696 0 0 24.0 1 19
600.0 746.4101615137754 0 0 24.0 1 20
581.5961998958187 756.4026096753471 0 0 24.0 1 21
562.6946572303201 765.4181830570403 0 0 24.0 1 22
543.3471798181201 773.4321705988807 0 0 24.0 1 23
523.606797749979 780.4226065180615 0 0 24.0 1 24
503.5276180410083 786.3703305156273 0 0 24.0 1 25
483.1646763271038 791.2590402935223 0 0 24.0 1 26
462.57378601609236 795.0753362380551 0 0 24.0 1 27
441.8113853070614 797.8087581473094 0 0 24.0 1 28
420.9343824971776 799.4518139018296 0 0 24.0 1 29
400.0 800.0 0 0 24.0 1 30
379.0656175028225 799.4518139018296 0 0 24.0 1 31
358.1886146929386 797.8087581473094 0 0 24.0 1 32
337.4262139839077 795.0753362380551 0 0 24.0 1 33
316.83532367289627 791.2590402935223 0 0 24.0 1 34
296.47238195899166 786.3703305156273 0 0 24.0 1 35
276.3932022500211 780.4226065180615 0 0 24.0 1 36
256.65282018187986 773.4321705988807 0 0 24.0 1 37
237.3053427696799 765.4181830570403 0 0 24.0 1 38
218.4038001041813 756.4026096753471 0 0 24.0 1 39
200.00000000000009 746.4101615137755 0 0 24.0 1 40
182.14438599398918 735.4682271781696 0 0 24.0 1 41
164.8858990830108 723.606797749979 0 0 24.0 1 42
148.27184358006508 710.8583845827884 0 0 24.0 1 43
132.3477574564567 697.2579301909577 0 0 24.0 1 44
117.15728752538104 682.842712474619 0 0 24.0 1 45
102.74206980904233 667.6522425435434 0 0 24.0 1 46
89.14161541721165 651.728156419935 0 0 24.0 1 47
76.39320225002109 635.1141009169893 0 0 24.0 1 48
64.53177282183043 617.8556140060109 0 0 24.0 1 49
53.589838486224494 600.0 0 0 24.0 1 50
43.597390324652906 581.5961998958187 0 0 24.0 1 51
34.58181694295968 562.6946572303202 0 0 24.0 1 52
26.567829401119297 543.3471798181201 0 0 24.0 1 53
19.5773934819386 523.606797749979 0 0 24.0 1 54
13.629669484372698 503.5276180410084 0 0 24.0 1 55
8.740959706477724 483.16467632710373 0 0 24.0 1 56
4.924663761944942 462.5737860160924 0 0 24.0 1 57
2.1912418526906663 441.81138530706147 0 0 24.0 1 58
0.5481860981704472 420.9343824971775 0 0 24.0 1 59
0.0 400.00000000000006 0 0 24.0 1 60
0.5481860981704472 379.0656175028226 0 0 24.0 1 61
2.1912418526906663 358.1886146929386 0 0 24.0 1 62
4.924663761944885 337.4262139839077 0 0 24.0 1 63
8.740959706477781 316.8353236728962 0 0 24.0 1 64
13.629669484372698 296.47238195899166 0 0 24.0 1 65
19.577393481938543 276.3932022500211 0 0 24.0 1 66
26.567829401119297 256.65282018187986 0 0 24.0 1 67
34.58181694295968 237.30534276967992 0 0 24.0 1 68
43.59739032465285 218.40380010418136 0 0 24.0 1 69
218.40380010418124 43.597390324652906 0 0 24.0 1 70
237.30534276967995 34.58181694295962 0 0 24.0 1 71
256.65282018187975 26.567829401119354 0 0 24.0 1 72
276.393202250021 19.5773934819386 0 0 24.0 1 73
296.4723819589917 13.629669484372698 0 0 24.0 1 74
316.8353236728961 8.740959706477781 0 0 24.0 1 75
337.4262139839076 4.924663761944942 0 0 24.0 1 76
358.18861469293864 2.1912418526906663 0 0 24.0 1 77
379.0656175028223 0.5481860981704472 0 0 24.0 1 78
399.99999999999994 0.0 0 0 24.0 1 79
420.9343824971776 0.5481860981704472 0 0 24.0 1 80
441.8113853070612 2.1912418526906663 0 0 24.0 1 81
462.5737860160923 4.924663761944885 0 0 24.0 1 82
483.1646763271038 8.740959706477781 0 0 24.0 1 83
503.5276180410081 13.629669484372641 0 0 24.0 1 84
523.6067977499789 19.577393481938543 0 0 24.0 1 85
543.3471798181201 26.567829401119297 0 0 24.0 1 86
562.6946572303199 34.58181694295956 0 0 24.0 1 87
581.5961998958187 43.59739032465279 0 0 24.0 1 88
600.0 53.58983848622455 0 0 24.0 1 89
617.8556140060107 64.53177282183032 0 0 24.0 1 90
635.1141009169892 76.39320225002098 0 0 24.0 1 91
651.728156419935 89.14161541721171 0 0 24.0 1 92
667.6522425435431 102.74206980904216 0 0 24.0 1 93
682.842712474619 117.15728752538092 0 0 24.0 1 94
697.2579301909577 132.34775745645675 0 0 24.0 1 95
710.8583845827882 148.27184358006485 0 0 24.0 1 96
723.6067977499789 164.88589908301066 0 0 24.0 1 97
735.4682271781696 182.1443859939892 0 0 24.0 1 98
746.4101615137754 199.99999999999983 0 0 24.0 1 99
756.4026096753471 218.40380010418122 0 0 24.0 1 100
765.4181830570403 237.30534276967995 0 0 24.0 1 101
773.4321705988806 256.6528201818797 0 0 24.0 1 102
780.4226065180615 276.3932022500209 0 0 24.0 1 103
786.3703305156273 296.4723819589917 0 0 24.0 1 104
791.2590402935223 316.83532367289604 0 0 24.0 1 105
795.0753362380551 337.4262139839076 0 0 24.0 1 106
797.8087581473094 358.18861469293864 0 0 24.0 1 107
799.4518139018296 379.06561750282225 0 0 24.0 1 108
800.0 399.9999999999999 0 0 24.0 1 109
583.6116328933032 591.0805282237175 0 0 10.0 1 110
235.2323740941446 408.75382506953935 0 0 10.0 1 111
553.5528006559929 72.18063295360218 0 0 10.0 1 112
541.836936980787 629.743951624212 0 0 13.0 1 113
631.1276847448371 447.70737201409423 0 0 11.0 1 114
166.33108680109413 329.7515907337241 0 0 11.0 1 115
347.2558040161503 544.6860386838248 0 0 10.0 1 116
303.695072838837 308.27017385559327 0 0 12.0 1 117
243.1876506889985 197.64909907894048 0 0 13.0 1 118
600.8615816413856 421.415532225957 0 0 13.0 1 119
168.00908827644417 397.9464962446263 0 0 11.0 1 120
582.7414637710965 550.9124163837987 0 0 12.0 1 121
697.8938219930951 522.2426718390357 0 0 10.0 1 122
395.5585795249845 199.04907617986896 0 0 10.0 1 123
77.12350972785157 532.483100920605 0 0 13.0 1 124
562.5207735884392 697.5029380564422 0 0 13.0 1 125
201.7925727963686 255.9902232439854 0 0 10.0 1 126
277.0707065878001 427.6475825557546 0 0 12.0 1 127
574.2932567991757 344.22491027047454 0 0 11.0 1 128
540.9797215621979 522.8564939604136 0 0 10.0 1 129
499.4525428558553 617.325083042672 0 0 13.0 1 130
267.9743365418873 216.57365459551576 0 0 11.0 1 131
442.93539030302657 634.09517777931 0 0 10.0 1 132
139.3147098783806 365.18363151896614 0 0 13.0 1 133
225.82165868595985 305.84106299936406 0 0 10.0 1 134
209.71658644489375 245.67170536218447 0 0 12.0 1 135
324.33771111265753 279.83670260712574 0 0 13.0 1 136
456.1475277590806 40.356488830198316 0 0 12.0 1 137
622.2595493880019 250.25123471012412 0 0 12.0 1 138
445.3292985011893 563.8452156682949 0 0 12.0 1 139
285.1025464744287 175.71764408821815 0 0 12.0 1 140
250.18748109581608 506.82794194209464 0 0 13.0 1 141
153.00967588052464 397.81372660527023 0 0 13.0 1 142
687.2291003506228 273.13217936855756 0 0 11.0 1 143
387.1528071711594 663.687219327025 0 0 10.0 1 144
639.6616173855979 412.74006091505396 0 0 13.0 1 145
248.9828237634504 307.68092027354845 0 0 11.0 1 146
411.09798739238096 207.31934535133385 0 0 10.0 1 147
293.0781360545395 729.0649100260136 0 0 13.0 1 148
459.414200273449 59.13939387798638 0 0 11.0 1 149
712.0037709191006 565.1140422019321 0 0 13.0 1 150
407.47532829538613 270.2151030863907 0 0 10.0 1 151
546.4646766877363 542.0003467698473 0 0 12.0 1 152
452.21999598758515 560.729810611027 0 0 12.0 1 153
486.8399610547217 736.9908324628645 0 0 11.0 1 154
659.9023125621306 301.334971115108 -6 -16 11.0 1 155
543.3409780973941 312.37943164939884 3 8 11.0 1 156
672.9189438151254 270.69706071849566 -8 7 10.0 1 157
452.37378925838715 99.53039055718455 0 22 12.0 1 158
567.894711660781 405.946914859255 5 13 10.0 1 159
714.2192288915601 497.5052623953878 20 1 12.0 1 160
521.3541437929646 311.83440702702393 -13 -8 13.0 1 161
249.35484516993444 729.1656685108967 14 -14 10.0 1 162
462.4676436335802 166.20138259846783 8 11 11.0 1 163
191.52332499523976 414.7809329529492 -13 9 11.0 1 164
516.5230376075018 255.02282349721142 16 5 10.0 1 165
571.1755483425461 541.3609976253305 -7 -12 11.0 1 166
456.39606666197443 618.8503682086418 3 -3 11.0 1 167
245.21344472365465 426.27017901885876 -3 -12 12.0 1 168
637.4203007536229 372.56642950581823 7 20 10.0 1 169
47.59316166493301 336.9649280584058 20 -4 10.0 1 170
404.9202393906986 558.9238536039767 10 -4 12.0 1 171
623.2928479738257 446.09017296276903 -11 10 13.0 1 172
680.66621439949 631.7810952054967 -7 -15 12.0 1 173
257.30873743181564 357.1024058169053 -8 2 12.0 1 174
429.7705298283037 209.30989655007767 9 -17 11.0 1 175
276.16907088316583 423.27876702193646 -7 21 13.0 1 176
485.9080666330342 533.7938865844555 14 -12 10.0 1 177
567.7212799284717 519.6059039477367 15 -8 11.0 1 178
526.62967300494 95.2625295198144 14 0 12.0 1 179
254.94011549801348 90.287827316603 5 11 13.0 1 180
592.8315979971006 176.74907656655802 -4 4 11.0 1 181
189.53199374143495 184.81585016190294 -15 18 10.0 1 182
495.97597197638015 227.96043244884305 -8 16 12.0 1 183
221.82782754567842 368.1303127893057 2 -5 12.0 1 184
755.3175340852265 377.9670707441354 10 -9 10.0 1 185
601.2092045160878 417.8565399224814 -2 6 13.0 1 186
359.91083813246894 191.8249316062106 -8 -17 11.0 1 187
185.32245989305562 608.1214880151285 17 -9 13.0 1 188
557.6672543503911 272.1327371622859 -17 -8 12.0 1 189
522.0039475405872 120.46460548883323 -15 -8 12.0 1 190
445.3859496741162 246.57211605389784 -6 14 10.0 1 191
182.01549537947218 235.64746504740768 22 9 13.0 1 192
647.7239339557945 327.9108014646771 14 -2 13.0 1 193
688.5248425191419 321.5499187425253 8 21 12.0 1 194
259.18398001891586 637.3749113042213 -17 -16 11.0 1 195
370.1974837753461 648.2172637563294 9 -3 10.0 1 196
58.656265572072925 378.8232446584284 -8 0 10.0 1 197
526.2933185709817 293.8162079960951 21 3 13.0 1 198
166.6646439773892 435.36398775310084 -16 16 12.0 1 199
659.4132100007809 463.19641190044547 1 -15 12.0 1 200
494.04734203599844 533.1318799385178 6 11 10.0 1 201
672.5807732624553 363.6032687231124 -10 1 10.0 1 202
177.0820485144486 225.65383025289785 -8 19 11.0 1 203
307.57281812409474 492.83434736388426 -1 12 10.0 1 204
168.9626090594246 362.8822954996981 -13 -13 12.0 1 205
225.77628602177688 340.8214778180943 15 13 12.0 1 206
299.7688883343458 275.28542886147125 -3 6 12.0 1 207
620.2176192151079 135.72703470231818 -15 13 13.0 1 208
440.61095380772656 694.2103846413765 -15 5 11.0 1 209
469.69899745699 508.54975704021865 9 19 12.0 1 210
464.966766711268 529.6314746621501 19 10 11.0 1 211
472.58356004983045 544.8296475535747 8 3 11.0 1 212
260.85957625503727 272.09010014829886 11 -5 13.0 1 213
322.1702270967069 86.51710341739243 -4 -7 11.0 1 214
526.0261314458604 415.69758557201436 22 -5 10.0 1 215
273.89180646543565 507.9477814660814 4 -17 13.0 1 216
535.7392826842438 391.582925902254 -4 -2 13.0 1 217
614.4025903154204 151.77524445366453 -3 -10 11.0 1 218
498.51885007036094 55.82266753777384 -1 -10 13.0 1 219
