400 400 -7.071067811865475 7.0710678118654755 5 2 -1 10 187
57.15728752538104 742.842712474619
800.0 400.0 0 0 24.0 1 0
799.4518139018296 420.9343824971775 0 0 24.0 1 1
797.8087581473094 441.8113853070614 0 0 24.0 1 2
795.0753362380551 462.57378601609236 0 0 24.0 1 3
791.2590402935223 483.16467632710373 0 0 24.0 1 4
786.3703305156273 503.5276180410083 0 0 24.0 1 5
780.4226065180615 523.6067977499789 0 0 24.0 1 6
773.4321705988807 543.3471798181201 0 0 24.0 1 7
765.4181830570403 562.6946572303201 0 0 24.0 1 8
756.4026096753471 581.5961998958187 0 0 24.0 1 9
746.4101615137755 600.0 0 0 24.0 1 10
735.4682271781696 617.8556140060108 0 0 24.0 1 11
723.606797749979 635.1141009169893 0 0 24.0 1 12
710.8583845827884 651.728156419935 0 0 24.0 1 13
697.2579301909577 667.6522425435433 0 0 24.0 1 14
682.842712474619 682.842712474619 0 0 24.0 1 15
667.6522425435433 697.2579301909577 0 0 24.0 1 16
651.728156419935 710.8583845827884 0 0 24.0 1 17
635.1141009169893 723.606797749979 0 0 24.0 1 18
617.8556140060108 735.4682271781696 0 0 24.0 1 19
600.0 746.4101615137754 0 0 24.0 1 20
581.5961998958187 756.4026096753471 0 0 24.0 1 21
562.6946572303201 765.4181830570403 0 0 24.0 1 22
543.3471798181201 773.4321705988807 0 0 24.0 1 23
523.606797749979 780.4226065180615 0 0 24.0 1 24
503.5276180410083 786.3703305156273 0 0 24.0 1 25
483.1646763271038 791.2590402935223 0 0 24.0 1 26
462.57378601609236 795.0753362380551 0 0 24.0 1 27
441.8113853070614 797.8087581473094 0 0 24.0 1 28
420.9343824971776 799.4518139018296 0 0 24.0 1 29
400.0 800.0 0 0 24.0 1 30
379.0656175028225 799.4518139018296 0 0 24.0 1 31
358.1886146929386 797.8087581473094 0 0 24.0 1 32
337.4262139839077 795.0753362380551 0 0 24.0 1 33
316.83532367289627 791.2590402935223 0 0 24.0 1 34
296.47238195899166 786.3703305156273 0 0 24.0 1 35
276.3932022500211 780.4226065180615 0 0 24.0 1 36
256.65282018187986 773.4321705988807 0 0 24.0 1 37
237.3053427696799 765.4181830570403 0 0 24.0 1 38
218.4038001041813 756.4026096753471 0 0 24.0 1 39
43.597390324652906 581.5961998958187 0 0 24.0 1 40
34.58181694295968 562.6946572303202 0 0 24.0 1 41
26.567829401119297 543.3471798181201 0 0 24.0 1 42
19.5773934819386 523.606797749979 0 0 24.0 1 43
13.629669484372698 503.5276180410084 0 0 24.0 1 44
8.740959706477724 483.16467632710373 0 0 24.0 1 45
4.924663761944942 462.5737860160924 0 0 24.0 1 46
2.1912418526906663 441.81138530706147 0 0 24.0 1 47
0.5481860981704472 420.9343824971775 0 0 24.0 1 48
0.0 400.00000000000006 0 0 24.0 1 49
0.5481860981704472 379.0656175028226 0 0 24.0 1 50
2.1912418526906663 358.1886146929386 0 0 24.0 1 51
4.924663761944885 337.4262139839077 0 0 24.0 1 52
8.740959706477781 316.8353236728962 0 0 24.0 1 53
13.629669484372698 296.47238195899166 0 0 24.0 1 54
19.577393481938543 276.3932022500211 0 0 24.0 1 55
26.567829401119297 256.65282018187986 0 0 24.0 1 56
34.58181694295968 237.30534276967992 0 0 24.0 1 57
43.59739032465285 218.40380010418136 0 0 24.0 1 58
53.58983848622455 199.99999999999994 0 0 24.0 1 59
64.53177282183037 182.14438599398918 0 0 24.0 1 60
76.39320225002103 164.8858990830108 0 0 24.0 1 61
89.14161541721171 148.27184358006497 0 0 24.0 1 62
102.74206980904228 132.3477574564567 0 0 24.0 1 63
117.15728752538092 117.15728752538104 0 0 24.0 1 64
132.34775745645675 102.74206980904228 0 0 24.0 1 65
148.27184358006485 89.14161541721177 0 0 24.0 1 66
164.8858990830107 76.39320225002109 0 0 24.0 1 67
182.1443859939892 64.53177282183032 0 0 24.0 1 68
199.99999999999983 53.58983848622461 0 0 24.0 1 69
218.40380010418124 43.597390324652906 0 0 24.0 1 70
237.30534276967995 34.58181694295962 0 0 24.0 1 71
256.65282018187975 26.567829401119354 0 0 24.0 1 72
276.393202250021 19.5773934819386 0 0 24.0 1 73
296.4723819589917 13.629669484372698 0 0 24.0 1 74
316.8353236728961 8.740959706477781 0 0 24.0 1 75
337.4262139839076 4.924663761944942 0 0 24.0 1 76
358.18861469293864 2.1912418526906663 0 0 24.0 1 77
379.0656175028223 0.5481860981704472 0 0 24.0 1 78
399.99999999999994 0.0 0 0 24.0 1 79
420.9343824971776 0.5481860981704472 0 0 24.0 1 80
441.8113853070612 2.1912418526906663 0 0 24.0 1 81
462.5737860160923 4.924663761944885 0 0 24.0 1 82
483.1646763271038 8.740959706477781 0 0 24.0 1 83
503.5276180410081 13.629669484372641 0 0 24.0 1 84
523.6067977499789 19.577393481938543 0 0 24.0 1 85
543.3471798181201 26.567829401119297 0 0 24.0 1 86
562.6946572303199 34.58181694295956 0 0 24.0 1 87
581.5961998958187 43.59739032465279 0 0 24.0 1 88
600.0 53.58983848622455 0 0 24.0 1 89
617.8556140060107 64.53177282183032 0 0 24.0 1 90
635.1141009169892 76.39320225002098 0 0 24.0 1 91
651.728156419935 89.14161541721171 0 0 24.0 1 92
667.6522425435431 102.74206980904216 0 0 24.0 1 93
682.842712474619 117.15728752538092 0 0 24.0 1 94
697.2579301909577 132.34775745645675 0 0 24.0 1 95
710.8583845827882 148.27184358006485 0 0 24.0 1 96
723.6067977499789 164.88589908301066 0 0 24.0 1 97
735.4682271781696 182.1443859939892 0 0 24.0 1 98
746.4101615137754 199.99999999999983 0 0 24.0 1 99
756.4026096753471 218.40380010418122 0 0 24.0 1 100
765.4181830570403 237.30534276967995 0 0 24.0 1 101
773.4321705988806 256.6528201818797 0 0 24.0 1 102
780.4226065180615 276.3932022500209 0 0 24.0 1 103
786.3703305156273 296.4723819589917 0 0 24.0 1 104
791.2590402935223 316.83532367289604 0 0 24.0 1 105
795.0753362380551 337.4262139839076 0 0 24.0 1 106
797.8087581473094 358.18861469293864 0 0 24.0 1 107
799.4518139018296 379.06561750282225 0 0 24.0 1 108
800.0 399.9999999999999 0 0 24.0 1 109
184.0277757374072 378.9050160685453 0 0 12.0 1 110
146.84866488836462 239.0204934434309 0 0 10.0 1 111
517.6400289466233 170.381134073357 0 0 12.0 1 112
564.7124434256878 590.7191940543468 0 0 12.0 1 113
286.2923779782325 729.9569315746448 0 0 13.0 1 114
525.5023485317562 547.9363393930429 0 0 11.0 1 115
269.25298051420395 196.36008029961098 0 0 12.0 1 116
304.25998035845805 220.99483627828732 0 0 11.0 1 117
568.1635915459418 515.4859579272288 0 0 10.0 1 118
251.51343740400173 275.1491260406052 0 0 12.0 1 119
122.55638645632598 283.2693643304019 0 0 10.0 1 120
102.41022915891483 604.355886361882 0 0 13.0 1 121
172.85331405521242 594.4360642069779 0 0 12.0 1 122
500.124984149435 307.9620320244119 0 0 11.0 1 123
276.7481784997546 179.05206835801417 0 0 12.0 1 124
639.0275609902639 453.7663936585456 0 0 12.0 1 125
498.7940423889932 54.86127834095197 0 0 13.0 1 126
544.770504888708 702.1034606128644 0 0 13.0 1 127
552.0260407472305 579.2012358627067 0 0 13.0 1 128
566.7470110672378 357.81665849956346 0 0 11.0 1 129
423.6021711025727 86.8882986548652 0 0 13.0 1 130
189.87271747323797 169.3692883896025 0 0 11.0 1 131
295.9617878584695 590.4338478695263 0 0 12.0 1 132
90.36993976461923 508.22765727222634 0 0 12.0 1 133
178.63077251279972 481.8025985022491 0 0 10.0 1 134
401.2391954366542 120.002742165803 0 0 13.0 1 135
602.2569063216075 253.05734504503985 0 0 10.0 1 136
701.6688500751304 437.5753229440343 0 0 10.0 1 137
498.9874911109469 545.5248315702863 0 0 13.0 1 138
416.34174618011235 252.90497176388052 0 0 12.0 1 139
265.9528397761461 446.8546565020004 0 0 10.0 1 140
477.0640267195731 553.7697492544125 0 0 12.0 1 141
110.51256431998394 321.27881744150085 0 0 13.0 1 142
345.8870607758258 727.5603605574411 0 0 11.0 1 143
669.2645985749732 504.96464144776826 0 0 12.0 1 144
585.5257059239531 229.45905933935137 0 0 10.0 1 145
182.54290077020192 596.3705935076882 0 0 11.0 1 146
409.9698676104887 604.7574216965756 0 0 11.0 1 147
457.7529353653269 686.231721611509 0 0 13.0 1 148
134.53540753286848 528.6606005980843 0 0 10.0 1 149
175.05605011558166 153.10686641707449 0 0 11.0 1 150
721.2361606333695 548.7391310366309 0 0 10.0 1 151
721.3290009106674 448.7100931404595 0 0 10.0 1 152
204.60894375925653 107.20940052466403 0 0 11.0 1 153
241.3244007906882 624.6042168249871 0 0 13.0 1 154
234.48804345609176 434.1583407238617 19 17 10.0 1 155
767.8306365504739 370.64658767922754 -1 9 10.0 1 156
694.2375217063847 336.55489916404235 5 -15 12.0 1 157
557.1095539571234 416.750762830204 -10 7 10.0 1 158
580.581909508589 483.61324032850155 11 3 13.0 1 159
193.02061054948638 682.2402032714201 1 -13 13.0 1 160
279.5186882857811 110.03404764072525 10 7 12.0 1 161
257.4438453192861 300.2315542736664 7 3 10.0 1 162
446.84565251314103 37.01035160680124 -6 15 10.0 1 163
632.5038851989514 544.9756647420278 2 3 13.0 1 164
688.4459757040181 382.1137175422897 -15 5 10.0 1 165
517.5181870064429 160.25330925595924 14 22 13.0 1 166
533.7431167624167 391.70670640369144 7 -1 10.0 1 167
674.4816483055388 355.91117212405675 3 20 12.0 1 168
216.61489459882992 632.3486671298153 6 21 13.0 1 169
275.8560841008889 502.5148191494012 6 5 13.0 1 170
334.65646874627816 561.2644502774677 -13 0 10.0 1 171
156.8305540287865 333.8742066508607 11 -7 10.0 1 172
130.41737067937663 542.6541480945415 0 -14 10.0 1 173
488.8912869907193 174.91703952290484 -10 -14 13.0 1 174
701.7531792401999 279.29366703262065 14 -9 11.0 1 175
537.5787936022457 462.2340385235498 20 15 12.0 1 176
438.60577111280537 610.4889413645897 15 7 11.0 1 177
257.8482653545888 366.70008502562496 -10 -14 11.0 1 178
710.4176946862797 557.304973938066 -17 0 12.0 1 179
360.5118416141722 173.4151696443564 13 11 13.0 1 180
540.1061929981619 341.0571914177666 -5 -11 11.0 1 181
662.1665512541317 379.07873322394806 3 -9 12.0 1 182
278.28339838332124 509.913915820003 -13 1 11.0 1 183
188.2617766063054 136.540468469858 10 -9 13.0 1 184
517.7974510173685 355.28131784353815 -14 20 10.0 1 185
228.28228472137735 265.69800351636655 -6 4 12.0 1 186
371.0454932720859 596.882291078053 4 -7 13.0 1 187
240.21879519909132 468.89097613163915 5 -2 12.0 1 188
86.84534993425319 305.85561545052366 0 10 11.0 1 189
435.92790790477915 229.74963896195194 2 -8 11.0 1 190
456.61174967289776 518.1359801202544 6 2 12.0 1 191
261.31516821329035 664.8915201215245 11 -2 13.0 1 192
597.0077144095939 306.66211667758955 22 15 12.0 1 193
49.33441753759786 359.4703901288919 7 18 12.0 1 194
440.478221741856 524.5893798227487 -1 0 11.0 1 195
561.8093500315389 538.5161876546236 14 10 12.0 1 196
288.4820304992885 541.2931083897527 -16 4 11.0 1 197
629.1298977606958 139.4074253702284 20 14 12.0 1 198
36.20230001929025 461.74328699336866 -15 -11 11.0 1 199
475.6263831508177 557.8152406186605 -3 -8 13.0 1 200
379.62170517478205 547.5998817750763 3 8 11.0 1 201
700.6618610875636 462.06001359460566 -3 14 10.0 1 202
211.38613528659292 449.4955557385971 -17 3 11.0 1 203
248.17122212692365 103.62688683085969 -4 21 13.0 1 204
629.8990506784028 213.55315369476165 -8 -1 11.0 1 205
421.2720204523187 117.80060038002182 -4 19 11.0 1 206
728.8941290552441 528.2094063358553 3 9 10.0 1 207
441.0899636382244 205.28838019211744 14 0 13.0 1 208
242.79959941979203 233.47962870140438 15 9 11.0 1 209
329.3429254310694 507.9285773711512 13 2 13.0 1 210
285.19801540494603 481.8627163795399 12 1 13.0 1 211
676.9798228813422 525.2923689480739 2 17 11.0 1 212
372.9551252594334 156.49727978877308 13 12 12.0 1 213
330.47355983947085 590.7225055377692 -16 15 11.0 1 214
194.15286935613437 288.7212562719757 15 5 13.0 1 215
427.7147181838392 150.53478319414876 -6 -8 13.0 1 216
497.57979179934983 70.13004951588039 14 -11 12.0 1 217
637.7761810322613 603.5472616708789 18 -7 12.0 1 218
670.0559898329998 160.4363083534595 22 -9 11.0 1 219
