400 400 7.0710678118654755 7.0710678118654755 5 2 -1 10 187
742.842712474619 742.842712474619
800.0 400.0 0 0 24.0 1 0
799.4518139018296 420.9343824971775 0 0 24.0 1 1
797.8087581473094 441.8113853070614 0 0 24.0 1 2
795.0753362380551 462.57378601609236 0 0 24.0 1 3
791.2590402935223 483.16467632710373 0 0 24.0 1 4
786.3703305156273 503.5276180410083 0 0 24.0 1 5
780.4226065180615 523.6067977499789 0 0 24.0 1 6
773.4321705988807 543.3471798181201 0 0 24.0 1 7
765.4181830570403 562.6946572303201 0 0 24.0 1 8
756.4026096753471 581.5961998958187 0 0 24.0 1 9
581.5961998958187 756.4026096753471 0 0 24.0 1 10
562.6946572303201 765.4181830570403 0 0 24.0 1 11
543.3471798181201 773.4321705988807 0 0 24.0 1 12
523.606797749979 780.4226065180615 0 0 24.0 1 13
503.5276180410083 786.3703305156273 0 0 24.0 1 14
483.1646763271038 791.2590402935223 0 0 24.0 1 15
462.57378601609236 795.0753362380551 0 0 24.0 1 16
441.8113853070614 797.8087581473094 0 0 24.0 1 17
420.9343824971776 799.4518139018296 0 0 24.0 1 18
400.0 800.0 0 0 24.0 1 19
379.0656175028225 799.4518139018296 0 0 24.0 1 20
358.1886146929386 797.8087581473094 0 0 24.0 1 21
337.4262139839077 795.0753362380551 0 0 24.0 1 22
316.83532367289627 791.2590402935223 0 0 24.0 1 23
296.47238195899166 786.3703305156273 0 0 24.0 1 24
276.3932022500211 780.4226065180615 0 0 24.0 1 25
256.65282018187986 773.4321705988807 0 0 24.0 1 26
237.3053427696799 765.4181830570403 0 0 24.0 1 27
218.4038001041813 756.4026096753471 0 0 24.0 1 28
200.00000000000009 746.4101615137755 0 0 24.0 1 29
182.14438599398918 735.4682271781696 0 0 24.0 1 30
164.8858990830108 723.606797749979 0 0 24.0 1 31
148.27184358006508 710.8583845827884 0 0 24.0 1 32
132.3477574564567 697.2579301909577 0 0 24.0 1 33
117.15728752538104 682.842712474619 0 0 24.0 1 34
102.74206980904233 667.6522425435434 0 0 24.0 1 35
89.14161541721165 651.728156419935 0 0 24.0 1 36
76.39320225002109 635.1141009169893 0 0 24.0 1 37
64.53177282183043 617.8556140060109 0 0 24.0 1 38
53.589838486224494 600.0 0 0 24.0 1 39
43.597390324652906 581.5961998958187 0 0 24.0 1 40
34.58181694295968 562.6946572303202 0 0 24.0 1 41
26.567829401119297 543.3471798181201 0 0 24.0 1 42
19.5773934819386 523.606797749979 0 0 24.0 1 43
13.629669484372698 503.5276180410084 0 0 24.0 1 44
8.740959706477724 483.16467632710373 0 0 24.0 1 45
4.924663761944942 462.5737860160924 0 0 24.0 1 46
2.1912418526906663 441.81138530706147 0 0 24.0 1 47
0.5481860981704472 420.9343824971775 0 0 24.0 1 48
0.0 400.00000000000006 0 0 24.0 1 49
0.5481860981704472 379.0656175028226 0 0 24.0 1 50
2.1912418526906663 358.1886146929386 0 0 24.0 1 51
4.924663761944885 337.4262139839077 0 0 24.0 1 52
8.740959706477781 316.8353236728962 0 0 24.0 1 53
13.629669484372698 296.47238195899166 0 0 24.0 1 54
19.577393481938543 276.3932022500211 0 0 24.0 1 55
26.567829401119297 256.65282018187986 0 0 24.0 1 56
34.58181694295968 237.30534276967992 0 0 24.0 1 57
43.59739032465285 218.40380010418136 0 0 24.0 1 58
53.58983848622455 199.99999999999994 0 0 24.0 1 59
64.53177282183037 182.14438599398918 0 0 24.0 1 60
76.39320225002103 164.8858990830108 0 0 24.0 1 61
89.14161541721171 148.27184358006497 0 0 24.0 1 62
102.74206980904228 132.3477574564567 0 0 24.0 1 63
117.15728752538092 117.15728752538104 0 0 24.0 1 64
132.34775745645675 102.74206980904228 0 0 24.0 1 65
148.27184358006485 89.14161541721177 0 0 24.0 1 66
164.8858990830107 76.39320225002109 0 0 24.0 1 67
182.1443859939892 64.53177282183032 0 0 24.0 1 68
199.99999999999983 53.58983848622461 0 0 24.0 1 69
218.40380010418124 43.597390324652906 0 0 24.0 1 70
237.30534276967995 34.58181694295962 0 0 24.0 1 71
256.65282018187975 26.567829401119354 0 0 24.0 1 72
276.393202250021 19.5773934819386 0 0 24.0 1 73
296.4723819589917 13.629669484372698 0 0 24.0 1 74
316.8353236728961 8.740959706477781 0 0 24.0 1 75
337.4262139839076 4.924663761944942 0 0 24.0 1 76
358.18861469293864 2.1912418526906663 0 0 24.0 1 77
379.0656175028223 0.5481860981704472 0 0 24.0 1 78
399.99999999999994 0.0 0 0 24.0 1 79
420.9343824971776 0.5481860981704472 0 0 24.0 1 80
441.8113853070612 2.1912418526906663 0 0 24.0 1 81
462.5737860160923 4.924663761944885 0 0 24.0 1 82
483.1646763271038 8.740959706477781 0 0 24.0 1 83
503.5276180410081 13.629669484372641 0 0 24.0 1 84
523.6067977499789 19.577393481938543 0 0 24.0 1 85
543.3471798181201 26.567829401119297 0 0 24.0 1 86
562.6946572303199 34.58181694295956 0 0 24.0 1 87
581.5961998958187 43.59739032465279 0 0 24.0 1 88
600.0 53.58983848622455 0 0 24.0 1 89
617.8556140060107 64.53177282183032 0 0 24.0 1 90
635.1141009169892 76.39320225002098 0 0 24.0 1 91
651.728156419935 89.14161541721171 0 0 24.0 1 92
667.6522425435431 102.74206980904216 0 0 24.0 1 93
682.842712474619 117.15728752538092 0 0 24.0 1 94
697.2579301909577 132.34775745645675 0 0 24.0 1 95
710.8583845827882 148.27184358006485 0 0 24.0 1 96
723.6067977499789 164.88589908301066 0 0 24.0 1 97
735.4682271781696 182.1443859939892 0 0 24.0 1 98
746.4101615137754 199.99999999999983 0 0 24.0 1 99
756.4026096753471 218.40380010418122 0 0 24.0 1 100
765.4181830570403 237.30534276967995 0 0 24.0 1 101
773.4321705988806 256.6528201818797 0 0 24.0 1 102
780.4226065180615 276.3932022500209 0 0 24.0 1 103
786.3703305156273 296.4723819589917 0 0 24.0 1 104
791.2590402935223 316.83532367289604 0 0 24.0 1 105
795.0753362380551 337.4262139839076 0 0 24.0 1 106
797.8087581473094 358.18861469293864 0 0 24.0 1 107
799.4518139018296 379.06561750282225 0 0 24.0 1 108
800.0 399.9999999999999 0 0 24.0 1 109
240.30485857210914 336.1136806168493 0 0 13.0 1 110
518.9587680372241 488.05005114743483 0 0 11.0 1 111
319.5677776799497 609.0613728373992 0 0 10.0 1 112
251.79517820772185 454.7661464548956 0 0 10.0 1 113
500.2270364324197 293.8371949881955 0 0 10.0 1 114
651.7615988983473 258.0947593633424 0 0 11.0 1 115
527.9628975855427 269.1776133778629 0 0 10.0 1 116
273.81304164303424 696.2445806097005 0 0 11.0 1 117
243.4983043750057 282.0033082391645 0 0 13.0 1 118
576.9148633992819 336.3986548222962 0 0 12.0 1 119
81.01484960978217 374.5348506674293 0 0 11.0 1 120
335.95309193040947 263.2557366222428 0 0 11.0 1 121
357.948378554708 654.5499187464452 0 0 13.0 1 122
304.99669372949694 315.7184967049531 0 0 10.0 1 123
306.28366623809956 245.15088380546666 0 0 13.0 1 124
655.562178859251 523.8707904903823 0 0 10.0 1 125
284.7991404278939 297.800381831203 0 0 12.0 1 126
48.22022869439496 412.44959839417396 0 0 12.0 1 127
547.1142647392995 376.36965700174267 0 0 12.0 1 128
247.6123863757886 293.35097180978136 0 0 10.0 1 129
273.8990246880735 372.8054412541609 0 0 10.0 1 130
522.8807117620211 542.2825733421317 0 0 13.0 1 131
557.8454991513725 393.01441500988756 0 0 10.0 1 132
497.2031450897137 177.28819388126712 0 0 13.0 1 133
584.8877636009072 428.02703820697207 0 0 10.0 1 134
191.78676169426083 355.0973564894285 0 0 11.0 1 135
704.3942817508666 468.46985641414784 0 0 13.0 1 136
133.55750946023278 509.32702883992624 0 0 13.0 1 137
728.4618071541715 440.91260491603737 0 0 13.0 1 138
587.1813216672131 248.19699337985662 0 0 12.0 1 139
351.1203821323764 253.96307673360448 0 0 10.0 1 140
410.86797729098447 211.31272679482953 0 0 11.0 1 141
584.650086651832 224.1325911390319 0 0 10.0 1 142
526.3988627995757 387.65789795156246 0 0 12.0 1 143
47.78311736886968 330.54305225818985 0 0 11.0 1 144
127.01220586632735 296.35799956566086 0 0 10.0 1 145
440.0575524915354 210.18063194608436 0 0 13.0 1 146
433.52328221988506 728.2928411482741 0 0 10.0 1 147
220.76406366113926 619.0056600289862 0 0 12.0 1 148
383.7486114173196 274.0440856127243 0 0 12.0 1 149
196.06154570030824 429.07072166033265 0 0 12.0 1 150
513.0283889278707 678.9723701307532 0 0 13.0 1 151
125.9518942229181 325.47728051128746 0 0 11.0 1 152
189.51647054690966 223.02066835652798 0 0 12.0 1 153
444.6320388583153 529.525986224193 0 0 12.0 1 154
543.4193763255197 610.8456366501307 9 -14 10.0 1 155
183.2502210230227 130.3047399129316 6 -1 13.0 1 156
476.11738882091663 597.8639510347588 -2 -12 12.0 1 157
376.3663367846227 543.0610008458704 7 10 12.0 1 158
208.44143260360025 453.91025187326596 -5 0 12.0 1 159
160.46053724355994 385.13911905854627 -2 15 11.0 1 160
292.22072718495303 665.9936622392715 7 19 12.0 1 161
636.7194263550953 319.601534926874 9 4 12.0 1 162
300.67651405638696 672.460722196813 -15 18 13.0 1 163
403.00697945317347 626.9800829909271 20 4 10.0 1 164
398.5846316352169 78.00311067901299 -4 15 11.0 1 165
366.14434156879315 681.9748116271903 12 -9 13.0 1 166
494.76839687440327 160.03552147483245 21 21 11.0 1 167
189.2017977295995 241.0656804854052 22 21 13.0 1 168
637.8897826675588 213.95578132502575 1 14 11.0 1 169
543.4802940770908 554.7074827264394 -6 18 12.0 1 170
247.26934804900085 320.89659960139034 -17 21 11.0 1 171
558.1259671249816 289.3420652606003 10 13 13.0 1 172
434.54774036782726 609.166091026909 -3 7 10.0 1 173
294.31181635740177 326.03373851323545 16 21 13.0 1 174
554.2122057140054 527.3522501129103 6 -6 13.0 1 175
233.05887485361956 395.56595727799754 12 5 10.0 1 176
667.4962223644561 198.33004432800246 -7 -13 12.0 1 177
261.2427421974454 710.3972026406092 14 14 12.0 1 178
447.4393099996818 193.37591653741308 -11 12 13.0 1 179
280.6559677790626 448.9693983345503 -12 15 13.0 1 180
631.4599584752893 373.25513838851737 18 22 10.0 1 181
531.6181146687709 83.25772007665557 -10 15 11.0 1 182
197.1441946438188 199.81378111044924 -11 21 10.0 1 183
484.8358014673994 218.88432759867524 9 -16 12.0 1 184
208.59633844612597 446.62229449276435 -1 -6 11.0 1 185
649.2091145743693 238.4332422400609 3 10 10.0 1 186
353.7677754933069 243.69394951838007 22 -1 12.0 1 187
248.5946490585399 413.4320402878082 -8 8 12.0 1 188
484.9316815208881 633.003453781343 -13 3 10.0 1 189
664.315558962648 492.39743118865897 -11 -12 13.0 1 190
440.9032209071917 647.6447587158216 -9 -11 12.0 1 191
620.1823901688094 490.35327918537416 9 7 11.0 1 192
151.87577838180675 205.9397757231902 -14 -6 12.0 1 193
587.9597986802453 89.45191341745209 15 -15 10.0 1 194
651.6157279202897 299.3494885102775 6 4 11.0 1 195
209.4435194379015 369.38582492069116 0 14 13.0 1 196
141.7164587414701 324.8294451600012 15 16 11.0 1 197
450.4975552812319 137.81877086522968 -4 -5 11.0 1 198
135.24607426720314 565.0737980694474 17 -12 12.0 1 199
182.34748712046212 510.287731127368 0 3 11.0 1 200
308.0984923392078 154.64696274618214 -3 -1 11.0 1 201
613.6108832872535 361.7980296157471 -10 4 12.0 1 202
349.8041010146391 610.0865814968948 15 6 13.0 1 203
156.38392151842345 545.96988150046 -16 21 11.0 1 204
86.41880483324718 251.4206136848356 13 15 11.0 1 205
115.0305346931284 603.2053243463756 -11 -12 13.0 1 206
310.17240132322 537.2115247199132 -5 1 12.0 1 207
482.6937686246787 297.11297151415005 14 9 11.0 1 208
596.7535966004315 172.2083798187592 -13 -10 11.0 1 209
261.2783412475993 520.8813525444784 3 19 13.0 1 210
389.7162894652361 731.8406926488028 -16 9 12.0 1 211
182.01059469811744 520.3395993683359 12 1 12.0 1 212
309.48912954190763 580.5873260473127 -9 5 13.0 1 213
551.0270411995365 240.02864998221244 7 13 12.0 1 214
233.4734434126455 468.3293930249539 -14 -15 13.0 1 215
204.8243635980435 235.89189247605321 12 -7 11.0 1 216
260.59201186784696 421.12848420842045 -13 -5 11.0 1 217
691.8972907168252 392.25586207655925 -6 15 12.0 1 218
467.5971359173154 523.7401600765734 -9 18 11.0 1 219
