400 400 7.0710678118654755 7.0710678118654755 5 2 -1 10 187
742.842712474619 742.842712474619
800.0 400.0 0 0 24.0 1 0
799.4518139018296 420.9343824971775 0 0 24.0 1 1
797.8087581473094 441.8113853070614 0 0 24.0 1 2
795.0753362380551 462.57378601609236 0 0 24.0 1 3
791.2590402935223 483.16467632710373 0 0 24.0 1 4
786.3703305156273 503.5276180410083 0 0 24.0 1 5
780.4226065180615 523.6067977499789 0 0 24.0 1 6
773.4321705988807 543.3471798181201 0 0 24.0 1 7
765.4181830570403 562.6946572303201 0 0 24.0 1 8
756.4026096753471 581.5961998958187 0 0 24.0 1 9
581.5961998958187 756.4026096753471 0 0 24.0 1 10
562.6946572303201 765.4181830570403 0 0 24.0 1 11
543.3471798181201 773.4321705988807 0 0 24.0 1 12
523.606797749979 780.4226065180615 0 0 24.0 1 13
503.5276180410083 786.3703305156273 0 0 24.0 1 14
483.1646763271038 791.2590402935223 0 0 24.0 1 15
462.57378601609236 795.0753362380551 0 0 24.0 1 16
441.8113853070614 797.8087581473094 0 0 24.0 1 17
420.9343824971776 799.4518139018296 0 0 24.0 1 18
400.0 800.0 0 0 24.0 1 19
379.0656175028225 799.4518139018296 0 0 24.0 1 20
358.1886146929386 797.8087581473094 0 0 24.0 1 21
337.4262139839077 795.0753362380551 0 0 24.0 1 22
316.83532367289627 791.2590402935223 0 0 24.0 1 23
296.47238195899166 786.3703305156273 0 0 24.0 1 24
276.3932022500211 780.4226065180615 0 0 24.0 1 25
256.65282018187986 773.4321705988807 0 0 24.0 1 26
237.3053427696799 765.4181830570403 0 0 24.0 1 27
218.4038001041813 756.4026096753471 0 0 24.0 1 28
200.00000000000009 746.4101615137755 0 0 24.0 1 29
182.14438599398918 735.4682271781696 0 0 24.0 1 30
164.8858990830108 723.606797749979 0 0 24.0 1 31
148.27184358006508 710.8583845827884 0 0 24.0 1 32
132.3477574564567 697.2579301909577 0 0 24.0 1 33
117.15728752538104 682.842712474619 0 0 24.0 1 34
102.74206980904233 667.6522425435434 0 0 24.0 1 35
89.14161541721165 651.728156419935 0 0 24.0 1 36
76.39320225002109 635.1141009169893 0 0 24.0 1 37
64.53177282183043 617.8556140060109 0 0 24.0 1 38
53.589838486224494 600.0 0 0 24.0 1 39
43.597390324652906 581.5961998958187 0 0 24.0 1 40
34.58181694295968 562.6946572303202 0 0 24.0 1 41
26.567829401119297 543.3471798181201 0 0 24.0 1 42
19.5773934819386 523.606797749979 0 0 24.0 1 43
13.629669484372698 503.5276180410084 0 0 24.0 1 44
8.740959706477724 483.16467632710373 0 0 24.0 1 45
4.924663761944942 462.5737860160924 0 0 24.0 1 46
2.1912418526906663 441.81138530706147 0 0 24.0 1 47
0.5481860981704472 420.9343824971775 0 0 24.0 1 48
0.0 400.00000000000006 0 0 24.0 1 49
0.5481860981704472 379.0656175028226 0 0 24.0 1 50
2.1912418526906663 358.1886146929386 0 0 24.0 1 51
4.924663761944885 337.4262139839077 0 0 24.0 1 52
8.740959706477781 316.8353236728962 0 0 24.0 1 53
13.629669484372698 296.47238195899166 0 0 24.0 1 54
19.577393481938543 276.3932022500211 0 0 24.0 1 55
26.567829401119297 256.65282018187986 0 0 24.0 1 56
34.58181694295968 237.30534276967992 0 0 24.0 1 57
43.59739032465285 218.40380010418136 0 0 24.0 1 58
53.58983848622455 199.99999999999994 0 0 24.0 1 59
64.53177282183037 182.14438599398918 0 0 24.0 1 60
76.39320225002103 164.8858990830108 0 0 24.0 1 61
89.14161541721171 148.27184358006497 0 0 24.0 1 62
102.74206980904228 132.3477574564567 0 0 24.0 1 63
117.15728752538092 117.15728752538104 0 0 24.0 1 64
132.34775745645675 102.74206980904228 0 0 24.0 1 65
148.27184358006485 89.14161541721177 0 0 24.0 1 66
164.8858990830107 76.39320225002109 0 0 24.0 1 67
182.1443859939892 64.53177282183032 0 0 24.0 1 68
199.99999999999983 53.58983848622461 0 0 24.0 1 69
218.40380010418124 43.597390324652906 0 0 24.0 1 70
237.30534276967995 34.58181694295962 0 0 24.0 1 71
256.65282018187975 26.567829401119354 0 0 24.0 1 72
276.393202250021 19.5773934819386 0 0 24.0 1 73
296.4723819589917 13.629669484372698 0 0 24.0 1 74
316.8353236728961 8.740959706477781 0 0 24.0 1 75
337.4262139839076 4.924663761944942 0 0 24.0 1 76
358.18861469293864 2.1912418526906663 0 0 24.0 1 77
379.0656175028223 0.5481860981704472 0 0 24.0 1 78
399.99999999999994 0.0 0 0 24.0 1 79
420.9343824971776 0.5481860981704472 0 0 24.0 1 80
441.8113853070612 2.1912418526906663 0 0 24.0 1 81
462.5737860160923 4.924663761944885 0 0 24.0 1 82
483.1646763271038 8.740959706477781 0 0 24.0 1 83
503.5276180410081 13.629669484372641 0 0 24.0 1 84
523.6067977499789 19.577393481938543 0 0 24.0 1 85
543.3471798181201 26.567829401119297 0 0 24.0 1 86
562.6946572303199 34.58181694295956 0 0 24.0 1 87
581.5961998958187 43.59739032465279 0 0 24.0 1 88
600.0 53.58983848622455 0 0 24.0 1 89
617.8556140060107 64.53177282183032 0 0 24.0 1 90
635.1141009169892 76.39320225002098 0 0 24.0 1 91
651.728156419935 89.14161541721171 0 0 24.0 1 92
667.6522425435431 102.74206980904216 0 0 24.0 1 93
682.842712474619 117.15728752538092 0 0 24.0 1 94
697.2579301909577 132.34775745645675 0 0 24.0 1 95
710.8583845827882 148.27184358006485 0 0 24.0 1 96
723.6067977499789 164.88589908301066 0 0 24.0 1 97
735.4682271781696 182.1443859939892 0 0 24.0 1 98
746.4101615137754 199.99999999999983 0 0 24.0 1 99
756.4026096753471 218.40380010418122 0 0 24.0 1 100
765.4181830570403 237.30534276967995 0 0 24.0 1 101
773.4321705988806 256.6528201818797 0 0 24.0 1 102
780.4226065180615 276.3932022500209 0 0 24.0 1 103
786.3703305156273 296.4723819589917 0 0 24.0 1 104
791.2590402935223 316.83532367289604 0 0 24.0 1 105
795.0753362380551 337.4262139839076 0 0 24.0 1 106
797.8087581473094 358.18861469293864 0 0 24.0 1 107
799.4518139018296 379.06561750282225 0 0 24.0 1 108
800.0 399.9999999999999 0 0 24.0 1 109
327.67351380854757 155.47212961464365 0 0 11.0 1 110
303.64792888168483 271.0144256468533 0 0 11.0 1 111
708.068965260853 339.25864141207154 0 0 10.0 1 112
485.82610834531044 293.2157355866557 0 0 10.0 1 113
577.1135301340018 212.39723497914002 0 0 13.0 1 114
257.82314403656903 377.1583356921219 0 0 12.0 1 115
430.9810321577421 767.6971248819345 0 0 12.0 1 116
526.3034419310645 153.47121759038717 0 0 12.0 1 117
476.39329277542697 92.3426178052477 0 0 11.0 1 118
423.0888451040083 674.0290226084878 0 0 13.0 1 119
625.9205058287756 394.0062494154192 0 0 13.0 1 120
592.6730518742426 497.6375700305237 0 0 12.0 1 121
440.18998603586414 88.58265137851254 0 0 13.0 1 122
193.0281400247998 188.39033770074178 0 0 10.0 1 123
113.03753705585325 213.94478007583552 0 0 11.0 1 124
517.6262146860278 68.23491199549568 0 0 10.0 1 125
615.6218847095948 460.68939639082106 0 0 13.0 1 126
286.5814920591936 487.09329512931083 0 0 12.0 1 127
237.1694818487612 569.443861967907 0 0 10.0 1 128
410.14992779968014 727.8429181264426 0 0 11.0 1 129
571.4226003800188 348.470473716981 0 0 13.0 1 130
674.5970528210996 647.9847950620486 0 0 13.0 1 131
420.0748890045532 536.5320432406065 0 0 13.0 1 132
571.6530396378578 463.43685035595655 0 0 10.0 1 133
300.7503113527227 322.3759102892761 0 0 10.0 1 134
431.46355575848827 662.1183790943178 0 0 10.0 1 135
444.92574872161885 51.88697654094875 0 0 11.0 1 136
235.7709888884197 280.67761354501647 0 0 13.0 1 137
207.12054755571359 237.822576093982 0 0 11.0 1 138
278.08788050744533 151.27035737404944 0 0 11.0 1 139
742.990074132386 464.4888288516729 0 0 12.0 1 140
76.08000015382913 578.8178785794549 0 0 11.0 1 141
682.6604075550189 202.1917746886378 0 0 11.0 1 142
282.99779186541343 264.53235333988084 0 0 12.0 1 143
132.15819231671702 347.1817639734981 0 0 11.0 1 144
280.2930085192597 256.3363783324743 0 0 12.0 1 145
583.6003763071778 597.9669210243537 0 0 10.0 1 146
689.2056380114916 475.90190341728 0 0 13.0 1 147
434.9302241391518 526.2571956032155 0 0 12.0 1 148
322.3345300315742 271.67200315370167 0 0 12.0 1 149
606.0556971048054 599.7749976615008 0 0 11.0 1 150
747.0353209835209 452.6069005916963 0 0 11.0 1 151
332.5159351824839 620.9228394614402 0 0 12.0 1 152
169.95357455459168 164.79871994440555 0 0 12.0 1 153
112.40559841887062 415.27940375774136 0 0 12.0 1 154
566.9630658772605 461.7036030784714 0 0 12.0 1 155
380.1720113575554 55.57025264011372 0 0 13.0 1 156
638.8673650712906 276.2931614505536 0 0 10.0 1 157
738.0960699927424 504.9144768631224 0 0 11.0 1 158
238.12372477069678 709.187760944522 0 0 10.0 1 159
455.2929840695104 82.78290412922433 0 0 10.0 1 160
392.97327506937853 82.07764291143445 0 0 12.0 1 161
108.1128099388909 454.87137940885026 0 0 10.0 1 162
565.4200475502893 270.63150357038216 0 0 11.0 1 163
599.4126169928592 112.36375717921209 0 0 10.0 1 164
614.0799077267443 639.1877779229295 0 0 12.0 1 165
607.9919072935202 398.16519744831174 0 0 13.0 1 166
120.48193226503167 362.66838056406255 0 0 11.0 1 167
497.86263325741345 543.8711403024422 0 0 12.0 1 168
672.2098142599104 616.8082494292712 0 0 11.0 1 169
260.6830157837869 372.52677833053747 0 0 12.0 1 170
595.7043396176106 138.02898737678066 0 0 12.0 1 171
565.1647951794054 314.4629294788215 0 0 12.0 1 172
507.1527395444049 190.85103297379416 0 0 10.0 1 173
685.9403679083571 176.3773133145177 0 0 10.0 1 174
543.5729619820211 479.2641444015459 0 0 10.0 1 175
210.11887344299728 406.71995367867345 0 0 11.0 1 176
380.4969407173266 693.3524001582679 0 0 13.0 1 177
412.07553032331606 190.34747421647725 0 0 10.0 1 178
269.5107065127441 591.824253641704 0 0 11.0 1 179
414.24381930563845 271.78879295635534 0 0 10.0 1 180
186.45096706081736 570.0758963837612 0 0 13.0 1 181
223.18046444084692 641.1137736518704 0 0 12.0 1 182
578.8997878552404 235.5498072200888 0 0 11.0 1 183
160.97081836516685 453.75918830285616 0 0 12.0 1 184
297.8920194944201 54.78418298537923 0 0 11.0 1 185
603.0 400.0 0 0 11.0 1 186
340.81175629935274 92.64718675822604 0 0 13.0 1 187
659.4753636094714 181.84057279197717 0 0 12.0 1 188
138.18601635007087 502.05115366988576 0 0 11.0 1 189
666.9502469104007 440.4668466089971 0 0 10.0 1 190
450.8218836634831 547.4894441676943 0 0 11.0 1 191
296.4506312021946 536.0827991392596 0 0 10.0 1 192
369.63915979623863 277.71255427427695 0 0 12.0 1 193
576.7085711865681 308.4845320768036 0 0 11.0 1 194
582.2867301197522 695.2635230133392 0 0 10.0 1 195
558.1285768052036 346.2938253311519 0 0 12.0 1 196
213.46700188201115 336.6403865769814 0 0 13.0 1 197
373.1158630556285 546.5545740697174 0 0 13.0 1 198
540.674651618563 176.6020537426632 0 0 11.0 1 199
696.9990250366121 357.672950406367 0 0 10.0 1 200
641.9183049932954 269.23099102168396 0 0 10.0 1 201
550.5956837083185 436.6870555976369 0 0 11.0 1 202
205.53996800106862 498.5357597777304 0 0 10.0 1 203
386.3618979241439 253.63401292729063 0 0 12.0 1 204
282.3212956731886 223.66020713417265 0 0 12.0 1 205
192.33151885397967 644.7750026830865 0 0 12.0 1 206
482.81040783830076 654.8851434541729 0 0 10.0 1 207
388.2174220160971 273.5477526650742 0 0 10.0 1 208
361.43168361938615 679.3501118159162 0 0 13.0 1 209
745.9003546965159 372.3966556224714 0 0 11.0 1 210
506.2545836692476 562.3143969254571 0 0 13.0 1 211
266.3412193659568 425.12628821415365 0 0 12.0 1 212
376.9332200942056 93.86780034635751 0 0 13.0 1 213
446.72166734577695 225.13409194348213 0 0 12.0 1 214
149.3157663631946 299.7133358520309 0 0 11.0 1 215
410.0722641010979 266.379082865452 0 0 11.0 1 216
265.3144436992771 232.414795032602 0 0 10.0 1 217
642.7021976372068 643.7860604342877 0 0 12.0 1 218
739.9721962843951 297.80457077948745 0 0 10.0 1 219
739.0 400.0 0 0 10.0 1 220
680.0037143028806 462.98348971429624 0 0 12.0 1 221
260.85337792207827 257.73539595421494 0 0 12.0 1 222
548.4166904598865 413.1714081606422 0 0 10.0 1 223
624.7263240146194 423.9599518963677 0 0 10.0 1 224
233.0387495925979 660.0095014848434 0 0 11.0 1 225
155.9928748782238 567.5605051609891 0 0 11.0 1 226
374.48654373564324 126.18607860547564 0 0 10.0 1 227
345.25130848370156 49.24712292376961 0 0 10.0 1 228
276.76753264290505 148.57653452972508 0 0 13.0 1 229
333.47813817112825 548.8080706777039 0 0 13.0 1 230
390.9552907344848 691.8598863055736 0 0 13.0 1 231
402.8347735814058 613.9812236125922 0 0 13.0 1 232
719.0079045256267 248.8611338861886 0 0 12.0 1 233
142.71328275151023 583.4653785527278 0 0 10.0 1 234
632.6710359812231 476.74105169610584 0 0 13.0 1 235
138.57914964223903 449.14406371297696 0 0 12.0 1 236
324.53988599681423 258.912186229192 0 0 11.0 1 237
267.58672510769225 288.66391136610673 0 0 12.0 1 238
477.6247583426705 234.27915975278785 0 0 11.0 1 239
527.5672862882441 447.14432594759614 0 0 13.0 1 240
237.90169863359017 652.4364092085858 0 0 11.0 1 241
311.0912562004508 226.44817697302597 0 0 12.0 1 242
254.67372979874497 480.2263995788906 0 0 13.0 1 243
271.1347907991778 563.2720363614919 0 0 10.0 1 244
353.6984770563947 276.38701939883987 0 0 12.0 1 245
391.5438163373779 672.8690032925397 0 0 13.0 1 246
501.5192168128075 225.36366753245707 0 0 13.0 1 247
313.23477380605067 684.0436507361374 0 0 10.0 1 248
179.70152584849382 427.43323324943975 0 0 11.0 1 249
110.37826147274421 371.7113349121967 0 0 11.0 1 250
568.174065542962 174.88117875497053 0 0 11.0 1 251
74.11049627215294 269.62733660764013 0 0 12.0 1 252
111.08859656536725 459.6255059972734 0 0 10.0 1 253
655.959887013809 404.5316928269859 0 0 11.0 1 254
447.66595007891704 636.2391948916907 0 0 13.0 1 255
488.52396762298906 175.84713440090937 0 0 11.0 1 256
272.80096293243577 349.1138037471416 0 0 10.0 1 257
230.50111507708 599.7852046821454 0 0 13.0 1 258
684.0633116261142 303.5218419122489 0 0 11.0 1 259
609.2874835014867 589.0046275878317 0 0 10.0 1 260
604.9275661311073 429.218019090634 0 0 11.0 1 261
611.2433463163316 511.7910937287869 0 0 10.0 1 262
251.98534904561495 382.8926009325918 0 0 11.0 1 263
97.32199938667196 278.9131388435632 0 0 10.0 1 264
477.15611444599756 139.17259729162635 0 0 11.0 1 265
353.112048237387 251.2131726949362 0 0 13.0 1 266
503.8203598795408 49.03371547329135 0 0 12.0 1 267
659.6576236163471 561.9071292374472 0 0 12.0 1 268
176.82060436733204 146.15958287727884 0 0 11.0 1 269
67.7511520501377 456.3888556009898 0 0 12.0 1 270
712.2120893016734 534.6239625545318 0 0 13.0 1 271
684.265699057112 577.2512689364208 0 0 13.0 1 272
556.0999098432574 353.07646489311674 0 0 13.0 1 273
532.6785803890157 171.7624169731122 0 0 10.0 1 274
548.4982363268894 421.1724776019087 0 0 11.0 1 275
214.83467310600102 353.1512890653489 0 0 10.0 1 276
299.14244388643544 274.50596279185544 0 0 13.0 1 277
110.78397709610687 236.97211252164627 0 0 11.0 1 278
578.6607781641474 223.70103135360847 0 0 13.0 1 279
476.41215993376227 579.4050774483742 0 0 12.0 1 280
418.68706357081584 255.20085064096443 0 0 11.0 1 281
82.01623678745386 517.5045800519596 0 0 13.0 1 282
600.0675557125805 587.2137098376971 0 0 10.0 1 283
462.8472100759038 287.3446486593947 0 0 12.0 1 284
702.2052588441791 345.9538944333381 0 0 12.0 1 285
633.9908957052103 397.9358471293507 0 0 12.0 1 286
424.0693895816712 762.2011381610579 0 0 13.0 1 287
725.3458719222414 455.2273810999263 0 0 12.0 1 288
411.09798739238096 207.31934535133385 0 0 13.0 1 289
307.6154022865344 601.8640287553013 0 0 10.0 1 290
477.79665242209194 299.617327830366 0 0 11.0 1 291
549.3237056954094 337.1793750636723 0 0 10.0 1 292
360.3709794617819 43.193973241508274 0 0 11.0 1 293
117.65554247319449 194.85954249857514 0 0 11.0 1 294
579.8486635135434 433.81505925460215 0 0 10.0 1 295
85.00216398965989 374.85316503408643 0 0 11.0 1 296
306.30327960582156 304.2037339591196 0 0 10.0 1 297
437.8632963951111 536.8589448523405 0 0 10.0 1 298
562.8932219771614 277.19202699376865 0 0 13.0 1 299
261.3634742232682 117.14860134594068 0 0 12.0 1 300
120.01096860950162 397.5216333986869 0 0 11.0 1 301
409.0944646007872 586.7787212549251 0 0 10.0 1 302
295.5892188200165 196.18785911191253 0 0 12.0 1 303
225.1713576699366 392.25753133511256 0 0 13.0 1 304
547.3578237338381 362.72169820891656 0 0 10.0 1 305
362.5720933560415 185.23698688030305 0 0 13.0 1 306
546.424520118143 412.99461073566715 0 0 12.0 1 307
622.921561061137 394.08581247627643 0 0 12.0 1 308
488.1104609422862 520.1563426230088 0 0 13.0 1 309
235.9349531062458 226.20799676696788 0 0 12.0 1 310
248.43161826190686 436.9191773648286 0 0 10.0 1 311
559.489007070836 178.43227531168074 0 0 12.0 1 312
656.0744961103474 438.8181973027047 0 0 11.0 1 313
273.2769317271144 747.6223007338649 0 0 11.0 1 314
586.9468214749726 140.28691611625584 0 0 10.0 1 315
753.6102356594611 431.38154293307366 0 0 12.0 1 316
552.9062211791353 288.91135285405016 0 0 13.0 1 317
577.4600174140791 321.6166968073254 0 0 12.0 1 318
396.3319611997385 234.0405305764092 0 0 13.0 1 319
303.60353908780735 179.11830695233226 0 0 12.0 1 320
485.1422771965388 297.82469655641955 0 0 13.0 1 321
327.2841912059353 83.23918936928925 0 0 12.0 1 322
526.1623974136837 304.8840209069385 0 0 10.0 1 323
416.20417129117675 592.3185504125023 0 0 10.0 1 324
425.9826979786001 198.66967589120398 0 0 13.0 1 325
548.478026449917 471.96718461589114 0 0 10.0 1 326
608.0684212446441 565.7212481269717 0 0 13.0 1 327
357.3189155161847 523.8520287572449 0 0 10.0 1 328
321.3317643578932 684.3172676798895 0 0 10.0 1 329
280.2153530353975 455.4584380555885 0 0 10.0 1 330
457.15958328965576 683.2909847456374 0 0 10.0 1 331
597.0076601936731 428.0888202851989 0 0 13.0 1 332
738.6590121179848 345.60263323219954 0 0 13.0 1 333
175.7135661318781 382.0948168755362 0 0 11.0 1 334
342.98930254837546 658.7948615720168 0 0 10.0 1 335
58.97114108929043 483.0681490708644 0 0 12.0 1 336
460.31145328874334 219.82639315871003 0 0 11.0 1 337
179.1502028831261 134.95214184333497 0 0 13.0 1 338
434.3847793283564 608.1794585220651 0 0 13.0 1 339
631.7007886341271 341.3847754732306 0 0 12.0 1 340
638.5878811048619 557.7080308351235 0 0 10.0 1 341
529.5919215518636 167.70291894107743 0 0 12.0 1 342
379.788391548343 131.76038531977252 0 0 13.0 1 343
425.26618871514967 610.4890013939219 0 0 11.0 1 344
287.57329721145874 269.8299708070364 0 0 13.0 1 345
294.5116080323006 689.3720773676497 0 0 12.0 1 346
204.61619571655447 280.5589307493932 0 0 13.0 1 347
77.32621078136907 519.237685952431 0 0 13.0 1 348
200.6114145868867 477.71867218987745 0 0 13.0 1 349
496.7358794722293 512.0096853969974 0 0 12.0 1 350
321.8060504948744 537.2942324381831 0 0 12.0 1 351
291.1674002021778 599.209601227569 0 0 10.0 1 352
748.5865135983513 288.44982054094913 0 0 11.0 1 353
520.4900524956095 110.03767960370214 0 0 10.0 1 354
518.3262049851226 584.2821456729293 0 0 13.0 1 355
436.7967246656713 533.003763307204 0 0 12.0 1 356
522.3065979111632 504.70002916617096 0 0 12.0 1 357
493.47229891518816 545.5744803717661 0 0 10.0 1 358
123.92753064894288 524.8719010282523 0 0 11.0 1 359
401.32770939641523 100.00293803478894 0 0 12.0 1 360
261.0217059888955 402.45637817996453 0 0 13.0 1 361
631.9140942208098 553.29661738519 0 0 11.0 1 362
492.2704812383313 298.7322445590565 0 0 12.0 1 363
297.7180244373663 640.1237128544467 0 0 12.0 1 364
670.4266418690625 555.6066559226238 0 0 10.0 1 365
422.08133186310613 662.0713925310265 0 0 11.0 1 366
209.82251711156945 103.79648043579783 0 0 10.0 1 367
302.60710049132183 287.2364281991187 0 0 11.0 1 368
609.8623721354631 451.1251871554166 0 0 13.0 1 369
526.7972067537162 653.0048781337138 0 0 11.0 1 370
363.07288857175274 667.462873015239 0 0 13.0 1 371
160.23938275792537 136.84444444454647 0 0 12.0 1 372
162.26723161766833 165.39579961715808 0 0 12.0 1 373
695.3589506066601 208.51347228451664 0 0 12.0 1 374
410.05709309419524 724.8443548508958 0 0 10.0 1 375
200.71279700373324 133.21617230063447 0 0 11.0 1 376
310.36231163618515 239.31059516946485 0 0 12.0 1 377
604.4730859882512 115.9388145021548 0 0 12.0 1 378
277.1897502877228 497.80921513644876 0 0 13.0 1 379
242.16423084292225 494.5720359017065 0 0 12.0 1 380
578.153999345235 712.8276722371248 0 0 12.0 1 381
209.2219607953235 292.4605200067486 0 0 11.0 1 382
307.238689296032 275.8213414612563 0 0 11.0 1 383
255.2913325327117 219.9433379187491 0 0 13.0 1 384
711.4194374745078 594.1827334318401 0 0 10.0 1 385
596.3503161081364 451.5320615174175 0 0 11.0 1 386
252.39564130551932 309.7672271600219 0 0 11.0 1 387
219.26505914452684 158.05190400838322 0 0 11.0 1 388
466.190570591034 507.21384409129894 0 0 13.0 1 389
240.45256055893216 452.6176260182725 0 0 13.0 1 390
346.8629505435084 124.06983859125086 0 0 11.0 1 391
221.58511773022266 462.3628878794231 0 0 10.0 1 392
284.70997646613444 684.5298059493254 0 0 11.0 1 393
158.06667719115111 152.64546231235354 0 0 13.0 1 394
130.08240595689512 440.9083417652395 0 0 13.0 1 395
237.47438455462603 575.2324864975169 0 0 12.0 1 396
258.996023869031 669.3211442038244 0 0 13.0 1 397
174.6691925068417 129.57435921406926 0 0 11.0 1 398
229.83753509917787 564.965861737744 0 0 12.0 1 399
557.8304938540155 521.204518108021 0 0 11.0 1 400
143.2219637799588 374.91932786029815 0 0 10.0 1 401
467.669698942492 608.2830090166563 0 0 11.0 1 402
407.179217224164 631.8888933089471 0 0 12.0 1 403
125.23118163086508 512.7434984911739 0 0 12.0 1 404
551.3480556343479 428.45638866234276 0 0 11.0 1 405
205.40853995926062 436.58091960590014 0 0 12.0 1 406
88.4824599346012 369.57267294679576 0 0 11.0 1 407
715.8981407516824 363.4984292169465 0 0 12.0 1 408
230.27690065057882 631.4369666825646 0 0 11.0 1 409
171.7280213728376 488.97698451644845 0 0 10.0 1 410
290.39511255904813 544.0408575684561 0 0 12.0 1 411
257.9421928680682 558.7091031821013 0 0 13.0 1 412
249.77099200648158 728.2563710840711 0 0 13.0 1 413
195.03255794862952 289.1968064588476 0 0 11.0 1 414
260.43447964137204 515.249579292184 0 0 10.0 1 415
459.053917590614 120.16319967309346 0 0 11.0 1 416
295.20384747305195 159.87135444610394 0 0 10.0 1 417
532.9696111183488 63.305654162361805 0 0 11.0 1 418
323.28067451659905 280.5088074485321 0 0 11.0 1 419
261.83357107040433 623.7834621164911 0 0 12.0 1 420
120.5296058530464 584.7195138455774 0 0 13.0 1 421
425.19325451676207 646.7170442568847 0 0 10.0 1 422
470.64221287601583 273.3718919039708 0 0 13.0 1 423
605.4202375736147 518.2012097873777 0 0 11.0 1 424
554.9081313170159 579.3668610749214 0 0 13.0 1 425
497.85684305450366 720.38888599233 0 0 11.0 1 426
601.6582470836212 376.69868280201297 0 0 10.0 1 427
662.5074219914245 538.9203131274046 0 0 10.0 1 428
106.52591501078706 548.7076374627216 0 0 10.0 1 429
385.5538103649182 571.3922623837706 0 0 10.0 1 430
226.15728914753433 379.9074172027084 0 0 11.0 1 431
106.69480818565756 194.7292898274286 0 0 12.0 1 432
466.45938632917023 592.8708116039079 0 0 10.0 1 433
159.0359281419395 625.4691022592308 0 0 10.0 1 434
329.0916802044584 160.26679373984672 0 0 11.0 1 435
424.3482366551361 688.9760602053144 0 0 13.0 1 436
353.5801086040348 580.1143905488586 0 0 11.0 1 437
80.04733655340345 499.273829146603 0 0 13.0 1 438
77.26754141425607 428.63145429769645 0 0 11.0 1 439
222.04102890698766 469.3657307862925 0 0 11.0 1 440
185.40589174009887 361.615514851208 0 0 10.0 1 441
561.2968001107344 721.8436612301659 0 0 10.0 1 442
423.12976341828954 557.3086585163511 0 0 13.0 1 443
531.9272361535011 111.75669242652248 0 0 12.0 1 444
358.51437178060763 134.21824244082825 0 0 11.0 1 445
307.7044591440518 266.86272821591996 0 0 10.0 1 446
612.0417828567574 575.1093439052516 0 0 10.0 1 447
413.60142875217946 561.4280060457273 0 0 10.0 1 448
719.9875496823388 397.1772268435565 0 0 13.0 1 449
551.3318221957268 159.67796690498616 0 0 10.0 1 450
719.0079045256267 248.8611338861886 0 0 10.0 1 451
474.1585741835529 628.2553523470206 0 0 10.0 1 452
684.6671102707435 265.13104015339775 0 0 13.0 1 453
362.5038096295659 767.0899558796239 0 0 13.0 1 454
245.36341604328885 618.8870185785329 0 0 13.0 1 455
229.2032893712627 242.98890600214463 0 0 11.0 1 456
108.52234281135935 470.99841800928584 0 0 13.0 1 457
542.2732272051376 174.06344071701164 0 0 10.0 1 458
609.2680031086029 193.49841919506332 0 0 12.0 1 459
740.0062172808371 505.50721402054114 0 0 11.0 1 460
175.80106196391858 268.33817491963237 0 0 12.0 1 461
473.51638417876734 192.6468199971848 0 0 10.0 1 462
215.19857437467672 566.881494141346 0 0 10.0 1 463
510.2800317001928 313.7543357135881 0 0 10.0 1 464
404.1155766647238 214.04553775529672 0 0 12.0 1 465
401.00020774529946 174.00221331954103 0 0 12.0 1 466
262.22938029389263 185.42074577025124 0 0 10.0 1 467
576.5253903773248 225.80819034141396 0 0 10.0 1 468
240.6780243454701 74.94537678485887 0 0 10.0 1 469
119.69327649225522 211.1293014881537 0 0 12.0 1 470
359.6901852650117 279.5669528906998 0 0 11.0 1 471
624.0943491001365 332.63737904901427 0 0 12.0 1 472
393.3151523315655 232.13305027001346 0 0 10.0 1 473
754.4157907001759 450.5316465432221 0 0 13.0 1 474
661.6252177886522 556.7713156704386 0 0 12.0 1 475
258.5295280532155 732.1251354040432 0 0 10.0 1 476
603.8721498738055 407.2212537576668 0 0 11.0 1 477
521.3568211985114 224.9528007976348 0 0 13.0 1 478
196.01853069111905 338.67659355034107 0 0 11.0 1 479
566.5244967663265 468.3344128292746 0 0 13.0 1 480
245.05464432521575 395.88457112628515 0 0 11.0 1 481
411.8179406309695 642.7124559622824 0 0 11.0 1 482
406.5603191875981 611.898471471969 0 0 10.0 1 483
620.4121461327835 290.75492762993616 0 0 13.0 1 484
669.5097039342565 331.8199480399921 0 0 10.0 1 485
273.4265376444969 370.34939077624136 0 0 13.0 1 486
501.63541003170826 586.0490350087485 0 0 11.0 1 487
348.291430854111 569.2785393275971 0 0 11.0 1 488
543.3574934196965 328.9462943934544 0 0 13.0 1 489
218.32957293561594 370.81342893993354 0 0 12.0 1 490
361.2019693347248 264.4429536449825 0 0 13.0 1 491
502.3620646715474 550.4859053738188 0 0 12.0 1 492
290.32378117513804 229.1780838876902 0 0 11.0 1 493
270.0640125644382 720.6752861839302 0 0 12.0 1 494
565.5530066662618 499.2028325389989 0 0 12.0 1 495
145.44328772347694 534.7029332827146 0 0 11.0 1 496
276.01795731032485 600.8094945227829 0 0 11.0 1 497
66.24437498040703 273.2870063182909 0 0 10.0 1 498
539.6664311199761 219.78543893955464 0 0 10.0 1 499
223.41109438406204 439.71597176659986 0 0 12.0 1 500
173.89930544704376 363.67540884372164 0 0 12.0 1 501
663.6208636603556 357.65569409037107 0 0 10.0 1 502
751.9863046505727 396.89494952791216 0 0 13.0 1 503
320.6852634263299 551.4931436146512 0 0 12.0 1 504
174.37898236908325 603.7428683492739 0 0 12.0 1 505
238.4558224656744 133.07776655969946 0 0 12.0 1 506
356.0479628401221 147.8012322998054 0 0 11.0 1 507
216.8714780446218 382.11300901664674 0 0 11.0 1 508
287.9729051017895 547.2240809401347 0 0 12.0 1 509
424.4821545908857 639.753256717376 0 0 10.0 1 510
522.7283106600507 615.5035075411304 0 0 13.0 1 511
564.2189949758267 383.9649855276205 0 0 10.0 1 512
510.9186486414021 48.06527113175491 0 0 13.0 1 513
225.1713576699366 392.25753133511256 0 0 11.0 1 514
426.39028311411187 591.1872196491099 0 0 11.0 1 515
551.4003862331897 116.94713736045526 0 0 12.0 1 516
665.6893029193604 274.1223041431712 0 0 13.0 1 517
691.8012768411238 221.62955728627614 0 0 13.0 1 518
292.3038816437829 222.05184437313295 0 0 11.0 1 519
436.6911075826179 209.5012792054478 0 0 12.0 1 520
606.6324518230022 181.13010747566338 0 0 13.0 1 521
465.78847707503047 113.45528048112948 0 0 10.0 1 522
150.7942573368172 253.65281750682212 0 0 13.0 1 523
544.7206852856807 561.6939184089586 0 0 12.0 1 524
595.1058553985965 138.8301219719587 0 0 12.0 1 525
342.46425437911597 748.2795399902914 0 0 11.0 1 526
481.55940753032485 578.2247542944089 0 0 10.0 1 527
123.27123471184251 387.7447781704353 0 0 12.0 1 528
198.04326778488863 516.2001648578598 0 0 10.0 1 529
439.418941799325 45.18293864665776 0 0 10.0 1 530
510.2746690355394 539.7265091852732 0 0 10.0 1 531
352.3813741763847 555.889276329934 0 0 10.0 1 532
408.45287122632124 253.24323195153406 0 0 12.0 1 533
228.32354182102463 204.73814067482988 0 0 13.0 1 534
559.3784421814267 284.2091878954914 0 0 11.0 1 535
66.80502127279726 450.49857573218213 0 0 11.0 1 536
296.095583985762 493.82895252927085 0 0 13.0 1 537
316.6583073999744 566.2833794297037 0 0 10.0 1 538
247.93958869290051 255.1634324035683 0 0 10.0 1 539
545.8560855719198 189.61463382250943 0 0 11.0 1 540
724.0263837252497 485.0405941297284 0 0 11.0 1 541
362.67835676917116 160.89522182409084 0 0 10.0 1 542
664.833920179208 409.38055022442006 0 0 10.0 1 543
82.21240859125703 445.2995225872174 0 0 10.0 1 544
423.6969931726473 264.0498160553818 0 0 12.0 1 545
416.7907374019443 108.483154624816 0 0 11.0 1 546
177.9096254697968 648.1226824396232 0 0 11.0 1 547
389.12776386234304 750.8315756618367 0 0 13.0 1 548
352.52474223897565 635.2575182656748 0 0 12.0 1 549
444.58283647777284 220.45231638476602 0 0 10.0 1 550
114.12279131447991 425.3618129118484 0 0 12.0 1 551
518.8414592369992 647.995378115038 0 0 10.0 1 552
659.0118146880102 633.9099823693377 0 0 13.0 1 553
205.1631541996845 460.45331685345377 0 0 11.0 1 554
469.89884893260245 155.80714400724736 0 0 10.0 1 555
573.2009739908237 259.5349772767968 0 0 11.0 1 556
480.33845536551564 647.2766317092722 0 0 11.0 1 557
428.0424518717774 732.8207038226724 0 0 12.0 1 558
160.3477092313779 299.1695505844003 0 0 13.0 1 559
353.95561350325545 541.7071433349018 0 0 13.0 1 560
143.16079197289633 409.08962155483727 0 0 12.0 1 561
335.4653795749496 633.2365382323162 0 0 10.0 1 562
599.2152066342676 123.2432449863851 0 0 10.0 1 563
78.92970754468331 258.1731079708174 0 0 12.0 1 564
384.22804521839765 230.7332122288395 0 0 11.0 1 565
236.80094781588062 107.44048577049307 0 0 13.0 1 566
257.7457581255324 733.9651638550351 0 0 13.0 1 567
82.67227231816167 213.64787834778735 0 0 12.0 1 568
203.4429696558188 436.9504238443436 0 0 12.0 1 569
434.64072496054786 739.2359358532166 0 0 10.0 1 570
228.7324488816751 486.7837884280928 0 0 11.0 1 571
525.4452257486574 329.2928904786204 0 0 13.0 1 572
697.9864608959579 442.4861050544968 0 0 11.0 1 573
276.3807041461771 375.622352603153 0 0 12.0 1 574
552.6165698100543 410.8250921202928 0 0 13.0 1 575
676.8109092566398 628.597288952674 0 0 10.0 1 576
304.61346587100377 635.4090251176829 0 0 12.0 1 577
595.6336057638039 464.52512918121556 0 0 12.0 1 578
586.9653557379646 587.8003081833903 0 0 11.0 1 579
380.1054050546408 272.54332072441207 0 0 13.0 1 580
373.4161555276087 621.4097992706459 0 0 11.0 1 581
457.547855070023 713.7662256789912 0 0 13.0 1 582
363.3064841777643 240.15762171250287 0 0 11.0 1 583
639.2394384068123 380.9083497100667 0 0 11.0 1 584
608.9549411121509 646.3063795049117 0 0 11.0 1 585
553.7852898292915 145.91520188700625 0 0 13.0 1 586
363.41835085811306 758.1365423215842 0 0 10.0 1 587
561.9117686112561 348.1870751146485 0 0 13.0 1 588
82.04965830553084 405.6196277786239 0 0 13.0 1 589
76.56442891864162 491.024344871444 0 0 10.0 1 590
386.7496769429245 67.26372464234811 0 0 13.0 1 591
285.961475522121 667.7241396193257 0 0 11.0 1 592
288.2118423412186 473.88780553823096 0 0 13.0 1 593
378.3741364529686 232.38937376811344 0 0 12.0 1 594
539.9635438820723 571.0298406242935 0 0 13.0 1 595
285.8665775701815 186.60468167165286 0 0 12.0 1 596
552.231710422704 210.5943339237762 0 0 12.0 1 597
563.5875683594653 140.21526704165757 0 0 11.0 1 598
256.7548088969776 524.8231357796245 0 0 10.0 1 599
372.6157704197354 187.75932536317322 0 0 11.0 1 600
461.31304781935387 703.8761428067389 0 0 10.0 1 601
690.0948366256786 222.67265929044996 0 0 12.0 1 602
293.8797770198543 571.8793131084836 0 0 12.0 1 603
514.2845608597202 77.66005654107818 0 0 11.0 1 604
744.6454691216156 430.5859545206859 0 0 10.0 1 605
409.47736953356707 162.1887734636478 0 0 11.0 1 606
496.4631596513872 227.08713515162907 0 0 12.0 1 607
600.0686866485466 324.04922236918384 0 0 13.0 1 608
637.0460233961692 157.6568903557132 0 0 12.0 1 609
359.6914377673675 87.58966116541853 0 0 10.0 1 610
108.54138055309414 228.8396273955221 0 0 13.0 1 611
624.7403510184488 534.6691301824751 0 0 12.0 1 612
177.26168875208288 423.74120263225916 0 0 10.0 1 613
628.677126588758 412.15614145644736 0 0 10.0 1 614
509.9205185496377 328.7365479240673 0 0 13.0 1 615
699.2322731920435 605.4970721940394 0 0 10.0 1 616
151.92058118318232 315.7349303714169 0 0 11.0 1 617
418.975833365211 70.54603091160709 0 0 10.0 1 618
460.5214145692667 85.77530590589328 0 0 13.0 1 619
373.2515516401862 45.006309196427594 0 0 11.0 1 620
168.65479549657428 290.38523660898534 0 0 11.0 1 621
471.822442879157 560.6783641280624 0 0 12.0 1 622
526.3034419310645 153.47121759038717 0 0 12.0 1 623
717.7511695080791 428.19918928352257 0 0 10.0 1 624
271.4020142493149 600.2662179721448 0 0 13.0 1 625
271.6038287824059 515.9457770540275 0 0 12.0 1 626
457.1818748296489 71.94629526407363 0 0 13.0 1 627
553.9193427235948 649.3147326884966 0 0 13.0 1 628
194.4520736869126 313.5184991550818 0 0 11.0 1 629
163.08488391473784 295.3471081608026 0 0 13.0 1 630
218.95755455391202 174.73430588103244 0 0 12.0 1 631
505.58687177823464 292.05365912599615 0 0 12.0 1 632
636.2700634589297 645.8809816010854 0 0 12.0 1 633
699.6841865877941 437.3281168720341 0 0 10.0 1 634
462.1547611693215 224.69231145216534 0 0 11.0 1 635
62.32114914230891 538.5568247450454 0 0 12.0 1 636
64.48679292392904 258.8373708181605 0 0 13.0 1 637
223.48319345876754 685.8982633883688 0 0 12.0 1 638
413.16807830494946 171.3789123598728 0 0 11.0 1 639
546.766044340159 350.15295165466193 0 0 10.0 1 640
196.9299004983467 310.29752128068793 0 0 11.0 1 641
566.4902813839929 434.3654798406611 0 0 13.0 1 642
531.6181146687709 83.25772007665557 0 0 13.0 1 643
643.0741052739351 307.7233542803168 0 0 13.0 1 644
607.7879681289294 292.3888467636786 0 0 10.0 1 645
739.9290962459168 284.5478041549911 0 0 11.0 1 646
184.86861778973918 577.6499039918194 0 0 13.0 1 647
642.6905760363381 539.6469989049187 0 0 11.0 1 648
437.1181399694287 112.38525127314853 0 0 10.0 1 649
622.2245813045151 473.2955350893419 0 0 11.0 1 650
419.6542622977027 223.08841198628875 0 0 13.0 1 651
243.2927568311768 486.50918990735795 0 0 10.0 1 652
730.3955146989191 300.6833152645723 0 0 12.0 1 653
224.13475272099373 84.73437421835223 0 0 11.0 1 654
590.9162955030761 301.1265045050893 0 0 12.0 1 655
529.0 400.0 0 0 13.0 1 656
447.9389093432852 237.9417975819296 0 0 10.0 1 657
552.3197742340108 67.20173321169477 0 0 11.0 1 658
376.3177137281823 756.213628763611 0 0 12.0 1 659
610.1122187462797 128.88774366783878 0 0 13.0 1 660
187.3826314710058 314.9420515189447 0 0 13.0 1 661
138.66735797656548 623.6990170140482 0 0 10.0 1 662
726.7078065677858 317.3500808974005 0 0 12.0 1 663
340.00789147948376 534.2011434946163 0 0 13.0 1 664
504.86172511651205 311.8352757300911 0 0 13.0 1 665
208.0676884544608 394.9021784273984 0 0 11.0 1 666
631.9024047555824 624.8338823855916 0 0 10.0 1 667
580.7520142683211 470.460693567014 0 0 12.0 1 668
624.8618197621386 592.4919790881156 0 0 11.0 1 669
291.26662082565355 311.8124030641054 0 0 10.0 1 670
284.72593323202216 322.32832220962536 0 0 11.0 1 671
209.98741323966595 351.9248830199392 0 0 10.0 1 672
274.0788318621982 404.4563903342782 0 0 12.0 1 673
410.9829823416827 209.31603607308168 0 0 10.0 1 674
258.21682242001685 337.3698909842641 0 0 13.0 1 675
347.0279962413957 720.6539674131577 0 0 13.0 1 676
113.04481740153255 405.07180242913546 0 0 11.0 1 677
550.6550772478467 70.83887273943577 0 0 10.0 1 678
743.6473787559167 496.7237254978711 0 0 11.0 1 679
347.99754946428754 129.96158580994302 0 0 12.0 1 680
140.32977001123362 358.28223810436157 0 0 13.0 1 681
289.1972628450459 216.91872449928104 0 0 11.0 1 682
251.12546702908404 283.5638654339141 0 0 11.0 1 683
367.992209413807 56.48798952323307 0 0 13.0 1 684
114.65334541056654 611.1925347038066 0 0 13.0 1 685
734.0353475979906 355.3974602170505 0 0 10.0 1 686
75.34592338494542 283.2749789581246 0 0 10.0 1 687
303.8949516103532 298.1971529178891 0 0 10.0 1 688
441.5962974481502 550.3520802603177 0 0 11.0 1 689
216.65367415806512 696.959803340895 0 0 13.0 1 690
486.64401380961567 637.7011040591926 0 0 11.0 1 691
744.6717081395294 319.2695001366951 0 0 10.0 1 692
313.82690985582155 231.78823306616363 0 0 12.0 1 693
230.61261364594228 685.5379367862372 0 0 11.0 1 694
177.58545944110313 164.39912532425774 0 0 12.0 1 695
366.3716924192744 566.640742104853 0 0 10.0 1 696
244.78535059040516 308.8495057135916 0 0 11.0 1 697
150.7476433614708 341.6111079901369 0 0 13.0 1 698
418.19020830198275 158.68461233909994 0 0 11.0 1 699
267.4866694064781 434.773800698399 0 0 12.0 1 700
706.6438851633849 227.1603989477388 0 0 11.0 1 701
516.652789677278 119.27214840613203 0 0 11.0 1 702
250.0591292096348 364.8754321503167 0 0 13.0 1 703
74.84184027647814 434.6579163426283 0 0 12.0 1 704
269.0500826999122 673.2418693375892 0 0 11.0 1 705
249.57109022374578 174.58451006302258 0 0 12.0 1 706
568.8179043783235 489.3393259506205 0 0 13.0 1 707
527.511344184881 598.5871524146636 0 0 12.0 1 708
254.21351899992828 211.87689679995248 0 0 10.0 1 709
714.8189665388088 355.1333274307491 0 0 10.0 1 710
611.9794817943555 568.8363091819899 0 0 13.0 1 711
209.02466552625972 439.41347006599426 0 0 10.0 1 712
759.7322524516596 322.4325677487295 0 0 11.0 1 713
365.5594354158968 533.6332575039919 0 0 12.0 1 714
515.3109404884138 286.2134146585043 0 0 10.0 1 715
181.21165825130157 431.18752178123066 0 0 10.0 1 716
54.30135213338258 360.04446392310024 0 0 11.0 1 717
566.1094595905133 351.6611188115858 0 0 10.0 1 718
302.75252114042996 313.7275950523142 0 0 13.0 1 719
85.25201776712208 274.0845216808832 0 0 11.0 1 720
747.545108645862 344.1752970779424 0 0 10.0 1 721
284.0020507029135 672.3242107468055 0 0 12.0 1 722
591.7810470044544 497.18554424334536 0 0 12.0 1 723
215.57233495232762 510.50536803732007 0 0 10.0 1 724
630.5128131216434 504.2729254732325 0 0 13.0 1 725
142.23066377089452 597.9393071120701 0 0 10.0 1 726
751.4872503908759 317.6731343201891 0 0 10.0 1 727
514.9851801615139 491.582795017537 0 0 13.0 1 728
225.2622278471074 595.2196480455893 0 0 11.0 1 729
272.1764347013316 307.1283888675498 0 0 13.0 1 730
490.7707873858475 541.3671254477266 0 0 12.0 1 731
116.9932324200106 493.3336461514596 0 0 13.0 1 732
275.5277586806311 157.02744776223633 0 0 13.0 1 733
599.0330972218928 570.3814139225888 0 0 13.0 1 734
690.2857618039773 215.41891620785037 0 0 13.0 1 735
285.10904677659903 494.87396306373154 0 0 10.0 1 736
665.6945499552521 604.0377566140053 0 0 10.0 1 737
187.63233180349593 299.3770726684045 0 0 10.0 1 738
661.4434072834924 321.4102755571833 0 0 11.0 1 739
171.76025399914982 588.4744501131848 0 0 13.0 1 740
669.9467620136518 260.1974761374286 0 0 12.0 1 741
137.53139165011874 328.6261278136274 0 0 13.0 1 742
481.26174758904364 157.2397718348935 0 0 12.0 1 743
600.0686866485466 324.04922236918384 0 0 10.0 1 744
730.8835726961271 391.2215422854148 0 0 10.0 1 745
158.17734591496722 210.8682893556171 0 0 11.0 1 746
276.3740974902352 187.32034364179037 0 0 11.0 1 747
385.46982089029564 572.3887290255367 0 0 13.0 1 748
471.6862522399525 246.9572568208806 0 0 11.0 1 749
225.8807396643777 191.03473211996263 0 0 11.0 1 750
61.255060567481166 360.8481672349919 0 0 11.0 1 751
593.715113650206 120.58193554552037 0 0 11.0 1 752
627.1730571047517 463.940614054615 0 0 12.0 1 753
481.85938023450075 695.8851835892149 0 0 11.0 1 754
651.9010615069226 533.307371182863 0 0 13.0 1 755
603.3352192418577 318.6625017850582 0 0 12.0 1 756
615.315494566131 382.81751473906 0 0 11.0 1 757
454.658402532869 116.21582314625988 0 0 10.0 1 758
349.92027247460936 225.02565647792065 0 0 13.0 1 759
607.2304848647618 485.03838040976393 0 0 12.0 1 760
459.6368049989305 524.4485897450008 0 0 10.0 1 761
319.4233265605542 206.07372612914745 0 0 13.0 1 762
279.7761818738332 748.8656382551403 0 0 13.0 1 763
134.7376618105427 492.71942589480363 0 0 11.0 1 764
460.396145148382 535.1158971076889 0 0 10.0 1 765
673.587610374236 252.11213893724985 0 0 10.0 1 766
492.25970096978085 153.71328176905962 0 0 10.0 1 767
198.62802091185304 178.97890137336907 0 0 11.0 1 768
390.45021761652214 160.19007181430496 0 0 11.0 1 769
342.5990590264947 622.7220958399865 0 0 13.0 1 770
421.2845015308993 720.2935684564727 0 0 13.0 1 771
297.09189576465525 267.20722127055467 0 0 12.0 1 772
574.6503868856018 421.7541343360199 0 0 12.0 1 773
661.9589468656951 404.6379043776184 0 0 13.0 1 774
676.6821273439928 641.1140817297955 0 0 13.0 1 775
344.0951344368845 222.60032129011623 0 0 12.0 1 776
510.2216703971005 571.660080900811 0 0 13.0 1 777
488.70180631773775 520.9627610298746 0 0 11.0 1 778
270.3466165345665 670.5365042946428 0 0 13.0 1 779
226.20661494169505 628.3962769179387 0 0 13.0 1 780
327.7122852291396 108.8394149387546 0 0 12.0 1 781
461.11526379413016 702.8958971847817 0 0 11.0 1 782
289.128768651206 256.9315895831571 0 0 13.0 1 783
363.2151194739915 760.1261897789263 0 0 12.0 1 784
335.62840731969925 669.4165883085179 0 0 10.0 1 785
273.4395045421918 270.60355109403463 0 0 11.0 1 786
559.7912181330033 444.9751776824835 0 0 12.0 1 787
169.751482180324 451.7843609774451 0 0 11.0 1 788
89.15042770360492 527.5482003132473 0 0 10.0 1 789
676.1279323276549 582.5222314909996 0 0 13.0 1 790
621.4698344738139 433.57249496450135 0 0 11.0 1 791
248.83470889979222 336.39925498400635 0 0 13.0 1 792
420.3798031617481 569.7812228224559 0 0 12.0 1 793
220.43527214764504 114.82372379296748 0 0 11.0 1 794
322.15397752232843 152.97571620505434 0 0 11.0 1 795
585.1871510870959 461.07961257445163 0 0 13.0 1 796
738.0568599672998 298.3803196765044 0 0 11.0 1 797
335.1549628034936 243.9355224563139 0 0 13.0 1 798
232.77194043862306 297.7709625627994 0 0 10.0 1 799
249.46714291076748 130.1465973226339 0 0 12.0 1 800
155.17389102646393 367.30173758625335 0 0 11.0 1 801
706.2816688658133 359.1033092197881 0 0 12.0 1 802
676.8605564834256 434.4852470440315 0 0 12.0 1 803
325.76074304252944 164.4208567669823 0 0 11.0 1 804
244.81020913015192 466.91135038072997 0 0 12.0 1 805
373.4161555276087 621.4097992706459 0 0 12.0 1 806
286.66823579259346 242.54552651119494 0 0 10.0 1 807
548.8618986492171 430.72678197517934 0 0 12.0 1 808
619.8066186202773 688.8841470394663 0 0 13.0 1 809
247.90827312245648 442.8031145526433 0 0 13.0 1 810
348.2087694965235 253.90869826394263 0 0 11.0 1 811
157.13468999413513 322.27329161893476 0 0 11.0 1 812
99.18147378736217 426.68734320340843 0 0 11.0 1 813
520.4595864299757 219.50488084959417 0 0 10.0 1 814
307.35056475985834 521.758293966706 0 0 12.0 1 815
289.4138690650113 550.7969086050159 0 0 13.0 1 816
301.57925212378825 67.25030971090723 0 0 12.0 1 817
166.7506529575227 505.5023322218897 0 0 12.0 1 818
91.41819434548933 301.24135876288176 0 0 11.0 1 819
590.8802971857688 406.7610758221292 0 0 10.0 1 820
451.7873948233401 752.2130970554779 0 0 12.0 1 821
219.4523137525468 665.4120061163233 0 0 12.0 1 822
545.6885286936107 373.9451999222607 0 0 12.0 1 823
464.89750828672794 226.75649097823586 0 0 10.0 1 824
482.9392302718478 615.5970409859872 0 0 11.0 1 825
215.06522064622527 395.08803650556615 0 0 13.0 1 826
343.8769418865391 250.16608411980587 0 0 10.0 1 827
566.6003414639206 579.6366505591358 0 0 10.0 1 828
395.9638688441899 703.9732054726092 0 0 11.0 1 829
521.2088111251401 513.421444646196 0 0 11.0 1 830
249.20095153478454 461.876061461486 0 0 13.0 1 831
340.50856416549817 648.9915039963198 0 0 12.0 1 832
352.1194366709851 191.42518930777814 0 0 12.0 1 833
382.0835126033319 529.7690235740604 0 0 10.0 1 834
172.52726947771362 308.99913808795395 0 0 10.0 1 835
311.1044675625488 297.0748606381218 0 0 10.0 1 836
236.8883831409301 639.7803170521299 0 0 10.0 1 837
373.1065211687086 562.7935526866801 0 0 11.0 1 838
339.5899434633924 136.84486501448646 0 0 13.0 1 839
346.20394767058247 248.2535510999662 0 0 11.0 1 840
431.0393485331782 624.8678697427356 0 0 11.0 1 841
429.5304526661181 600.8406143321967 0 0 12.0 1 842
502.84942296446866 139.57343415873288 0 0 12.0 1 843
496.9723130807847 154.4549522068053 0 0 13.0 1 844
454.3829544012721 567.387258387815 0 0 13.0 1 845
41.68690180456878 335.9084743387143 0 0 12.0 1 846
468.5350999735492 182.54439517084043 0 0 10.0 1 847
87.60061732180941 380.61893443885407 0 0 13.0 1 848
550.2661051380105 161.37037558875386 0 0 10.0 1 849
399.2219869547621 223.00170990740776 0 0 13.0 1 850
184.9753676344359 318.3641777400753 0 0 13.0 1 851
280.3944520433983 194.23675523067521 0 0 11.0 1 852
164.7539938374564 324.71177658775247 0 0 10.0 1 853
102.71269217100308 268.6788036766828 0 0 10.0 1 854
380.2392080937331 137.74342505241702 0 0 13.0 1 855
671.6284360338444 645.3038783586751 0 0 12.0 1 856
542.3222509123009 567.7628591055126 0 0 11.0 1 857
584.8530251483403 94.58493964195696 0 0 11.0 1 858
138.23088233757414 300.617259857483 0 0 12.0 1 859
246.75008396820053 423.22634788868913 0 0 12.0 1 860
251.29822225621075 510.058081465364 0 0 11.0 1 861
181.81187072352122 312.7134589823232 0 0 10.0 1 862
115.45713880377622 610.5976261553452 0 0 13.0 1 863
569.2877890764014 596.0169494447453 0 0 11.0 1 864
289.6376535465633 593.7760369222459 0 0 13.0 1 865
476.52735689671897 546.1799016499949 0 0 11.0 1 866
595.6242603390573 387.86951085913074 0 0 12.0 1 867
161.41957858442967 590.0115325899164 0 0 12.0 1 868
249.00591521440978 398.66345229714904 0 0 10.0 1 869
228.68883211512147 224.85011059689776 0 0 10.0 1 870
584.2430863010356 686.9416058194927 0 0 12.0 1 871
202.03091932231163 403.4990135225394 0 0 13.0 1 872
750.3855626530915 498.62026913508424 0 0 11.0 1 873
127.0426311868236 404.82439743259226 0 0 10.0 1 874
351.5356743689543 640.1587165628763 0 0 10.0 1 875
759.6973270270868 467.6301185092043 0 0 11.0 1 876
173.24679534855323 687.2959870591636 0 0 13.0 1 877
478.05758955960926 506.4472297062896 0 0 12.0 1 878
571.7802903433976 678.2454525226567 0 0 10.0 1 879
761.9859155781458 396.8067378667733 0 0 11.0 1 880
505.5144103817674 472.46177752296705 0 0 13.0 1 881
129.41677406912913 265.87797405033245 0 0 11.0 1 882
579.4002965062125 600.440848165944 0 0 10.0 1 883
329.11277322224356 220.48955161395497 0 0 12.0 1 884
214.73034444425753 322.05030641332485 0 0 11.0 1 885
697.3395894099413 239.27299987392428 0 0 11.0 1 886
674.5945345719105 306.7377805151739 0 0 10.0 1 887
528.147358984173 385.19275902196887 0 0 12.0 1 888
623.0012174470401 513.0064467945876 0 0 11.0 1 889
381.7230876942608 203.84966358283165 0 0 11.0 1 890
494.01260122105634 546.4159513565739 0 0 12.0 1 891
414.37533782192315 39.286332858726325 0 0 13.0 1 892
258.5822083157025 316.95177187238346 0 0 11.0 1 893
190.2321177308869 263.99472227765756 0 0 13.0 1 894
380.06649536821993 535.5420797874033 0 0 12.0 1 895
226.02078690742866 693.2784230244183 0 0 10.0 1 896
264.92725102475913 449.91344993357575 0 0 11.0 1 897
313.4414579981944 589.1338647797418 0 0 10.0 1 898
73.28319007369134 428.98492904211247 0 0 13.0 1 899
441.50292809690006 203.3314794905307 0 0 12.0 1 900
226.03146795532993 548.9159153959797 0 0 11.0 1 901
425.0199121490708 696.9478135902887 0 0 13.0 1 902
642.3341908923047 607.4491261118543 0 0 13.0 1 903
347.5904451981038 603.3549570712921 0 0 10.0 1 904
287.22794885013434 341.5922566824219 0 0 12.0 1 905
341.23338712724853 251.1830479701181 0 0 10.0 1 906
464.7959607759318 283.8514594705387 0 0 12.0 1 907
434.70231596107726 260.24396518598 0 0 11.0 1 908
143.81505109285632 379.5483019422791 0 0 10.0 1 909
367.702949576896 576.0622064327478 0 0 12.0 1 910
239.76254328904406 384.34888288956586 0 0 12.0 1 911
285.2996456591957 319.72653792134076 0 0 10.0 1 912
344.20151532437376 79.82578319311233 0 0 12.0 1 913
354.1674929430249 182.7826404338909 0 0 10.0 1 914
328.8026139320735 236.85916447101718 0 0 12.0 1 915
99.00376349544518 365.2111280709752 0 0 13.0 1 916
144.3820674690647 221.10485593898807 0 0 10.0 1 917
504.45973588179424 171.76949463424967 0 0 13.0 1 918
456.934501998188 255.83529390929857 0 0 13.0 1 919
576.439085825024 385.91990791117416 0 0 12.0 1 920
469.94008971092705 692.7616502399649 0 0 12.0 1 921
684.1222958716205 226.32351630505835 0 0 10.0 1 922
592.6218318984013 520.1075762643807 0 0 11.0 1 923
253.9536972821118 365.7877585879708 0 0 10.0 1 924
379.16878312753664 603.9388643775687 0 0 13.0 1 925
188.97388858491067 597.4562744027809 0 0 11.0 1 926
241.22522621250636 535.9101585928374 0 0 13.0 1 927
471.59781713098744 754.8489151485146 0 0 11.0 1 928
44.05178351521124 493.4069974964293 0 0 12.0 1 929
198.70120637758995 230.74340282824312 0 0 13.0 1 930
286.6135549282286 258.91664139953934 0 0 11.0 1 931
263.558139274914 420.67894199122 0 0 13.0 1 932
150.44865215707816 515.5384126158094 0 0 11.0 1 933
431.31282296959387 626.8490844541253 0 0 11.0 1 934
269.9144385896817 671.4382926422916 0 0 13.0 1 935
652.3205883201298 493.2487035287012 0 0 11.0 1 936
507.7231649195345 304.4399678750642 0 0 12.0 1 937
301.3632917489857 320.0012513510099 0 0 13.0 1 938
487.5559311020662 303.90650943560104 0 0 11.0 1 939
249.6393565197102 524.1639113921319 0 0 13.0 1 940
383.3930593770187 221.7720293468369 0 0 13.0 1 941
466.11748619144413 232.58292195918543 0 0 13.0 1 942
201.94724950256682 444.54332745093797 0 0 10.0 1 943
272.6373867515097 699.0046232861885 0 0 10.0 1 944
152.8075055088622 266.37039748899645 0 0 12.0 1 945
201.43455570040237 523.8053485520855 0 0 11.0 1 946
232.57287205543153 86.96141319601969 0 0 12.0 1 947
195.31361587173478 442.24315509637336 0 0 11.0 1 948
196.9373562468994 275.86474025482784 0 0 10.0 1 949
383.01924345697216 174.63883673705794 0 0 11.0 1 950
191.81812993379606 272.7352799251176 0 0 12.0 1 951
686.3717330815541 551.5494325026232 0 0 11.0 1 952
726.948761927795 405.78852950947027 0 0 11.0 1 953
172.72308034696982 381.85608110054335 0 0 10.0 1 954
613.3487580237696 563.8392732213952 0 0 11.0 1 955
432.15200148992295 233.0681312625058 0 0 12.0 1 956
169.99043844172127 576.6227663461548 0 0 11.0 1 957
217.96869459086034 319.59102132818424 0 0 11.0 1 958
492.25970096978085 153.71328176905962 0 0 13.0 1 959
662.7052452474808 201.9420435340681 0 0 10.0 1 960
511.91704276285475 531.9226119329712 0 0 13.0 1 961
293.11376931432574 171.79103065433904 0 0 13.0 1 962
666.979116344522 206.0356954594526 0 0 10.0 1 963
332.0024964519803 244.19133685434227 0 0 11.0 1 964
274.4003644093175 225.50148556653048 0 0 12.0 1 965
569.9695182000044 172.47777496943644 0 0 11.0 1 966
64.59061142698607 441.7677154878857 0 0 12.0 1 967
269.33221451633267 355.61610836357073 0 0 12.0 1 968
611.7625219046338 562.6211373610131 0 0 12.0 1 969
608.771658563375 337.24337022515004 0 0 12.0 1 970
619.0254469301 222.37158561460402 0 0 13.0 1 971
158.08784436643995 280.08957944897276 0 0 11.0 1 972
658.7467359506675 388.54894612380303 0 0 12.0 1 973
581.9216497463472 427.57740657798325 0 0 12.0 1 974
638.6367333981354 188.3079843898991 0 0 12.0 1 975
179.03063170440706 516.9296295856898 0 0 12.0 1 976
136.33295207002203 508.18820562284367 0 0 13.0 1 977
181.0023309110459 258.01049005787445 0 0 12.0 1 978
313.5506661883732 292.43368239301896 0 0 11.0 1 979
430.7600534329862 539.6524941159299 0 0 12.0 1 980
502.25460708501276 111.59057690517523 0 0 11.0 1 981
58.89534818728504 451.69735497805 0 0 12.0 1 982
356.1467737734256 208.96886497347904 0 0 12.0 1 983
501.3182972527139 282.6986673485305 0 0 10.0 1 984
408.18689981692364 30.090585857310657 0 0 13.0 1 985
373.39667423478954 160.47283440446657 0 0 13.0 1 986
259.3048845354406 680.7149523705752 0 0 10.0 1 987
256.5717259192786 440.3649624578725 0 0 10.0 1 988
626.3524536392089 470.23935315412433 0 0 13.0 1 989
570.3713589086224 106.92219452229182 0 0 11.0 1 990
235.10890926446538 728.9907722050052 0 0 13.0 1 991
246.18800228160603 419.1538340255097 0 0 11.0 1 992
476.5003170662481 171.46400395394272 0 0 12.0 1 993
69.09549082332563 260.7764179223066 0 0 12.0 1 994
232.85916742592107 309.64546449433925 0 0 11.0 1 995
286.7514936782737 158.20716343138304 0 0 12.0 1 996
380.40190108094606 59.563641015300846 0 0 13.0 1 997
205.20965984024033 148.6422402621214 0 0 10.0 1 998
515.2532160920482 699.5958881233847 0 0 11.0 1 999
263.1716465682282 375.5254888271464 0 0 13.0 1 1000
357.0417375739679 212.86745956585702 0 0 12.0 1 1001
441.23021367531294 185.93442714838977 0 0 10.0 1 1002
626.8299831046241 292.53298755080266 0 0 11.0 1 1003
146.00000011540263 399.9923433342467 0 0 12.0 1 1004
684.9419166890475 516.9277730634253 0 0 10.0 1 1005
333.1726058019658 211.4950945341195 0 0 10.0 1 1006
278.48735914641503 322.7298368528468 0 0 11.0 1 1007
511.58388406787424 244.9837530568902 0 0 11.0 1 1008
277.7648914720844 549.3572169102273 0 0 13.0 1 1009
183.76151361620487 519.3730162408793 0 0 10.0 1 1010
343.0190452805175 129.94598540429678 0 0 10.0 1 1011
160.63192679234922 516.0126093528489 0 0 10.0 1 1012
74.69811478038014 461.15295146238867 0 0 11.0 1 1013
253.21215958322242 301.09433835326394 0 0 13.0 1 1014
680.3632893282373 498.0072752251133 0 0 12.0 1 1015
504.01375378591047 568.4788978577554 0 0 13.0 1 1016
229.6855309664345 632.24336726334 0 0 10.0 1 1017
269.25137657877644 391.8884358194565 0 0 13.0 1 1018
260.7629016000934 510.8919763967381 0 0 11.0 1 1019
750.2931055148719 443.63187170803985 0 0 12.0 1 1020
276.9974146455686 455.6359955076371 0 0 13.0 1 1021
322.1047058427015 510.2602518959028 0 0 10.0 1 1022
564.6066504529072 92.25716803364139 0 0 10.0 1 1023
183.47375756755142 566.2690179741388 0 0 10.0 1 1024
342.13217920563665 609.1418545306306 0 0 11.0 1 1025
352.2511973514205 221.2682125484473 0 0 11.0 1 1026
342.86257796068077 238.82830582667216 0 0 10.0 1 1027
191.92658329002717 565.7149759636648 0 0 11.0 1 1028
198.0492373699668 685.8599123227109 0 0 12.0 1 1029
230.93341945147972 575.9332013624226 0 0 11.0 1 1030
173.47722605299268 235.41739799312617 0 0 13.0 1 1031
690.8378100009963 326.4244043597037 0 0 11.0 1 1032
438.2864210981934 677.3700595945637 0 0 10.0 1 1033
659.9338580623794 290.6455788145406 0 0 11.0 1 1034
212.8870490159511 278.68329227167055 0 0 12.0 1 1035
32.74769238296432 364.1288061257752 0 0 11.0 1 1036
354.42694334870293 163.34815338253185 0 0 13.0 1 1037
531.8001628785266 440.89886386189517 0 0 10.0 1 1038
553.3585060650831 471.0082292237023 0 0 10.0 1 1039
618.6966370968886 296.3863864035627 0 0 12.0 1 1040
488.16787684664877 607.0058585942779 0 0 11.0 1 1041
363.6583121458171 118.3348056221551 0 0 11.0 1 1042
607.2174769632712 216.17966042633873 0 0 11.0 1 1043
307.37992416790695 489.7915449964936 0 0 11.0 1 1044
225.23076933064561 122.43970743054405 0 0 10.0 1 1045
566.317716650984 680.3826262948597 0 0 11.0 1 1046
365.9170117602762 181.6439835666284 0 0 12.0 1 1047
149.22669809593268 366.50744781102065 0 0 12.0 1 1048
647.6141917422804 464.9862450662999 0 0 12.0 1 1049
314.86080285059643 297.8221300439523 0 0 10.0 1 1050
624.9077252788743 319.1450984177063 0 0 11.0 1 1051
136.52808796389655 637.9234153420797 0 0 13.0 1 1052
383.50541234672 113.4743840803265 0 0 13.0 1 1053
326.68925533929166 204.27944738149642 0 0 13.0 1 1054
676.4563364228447 355.59398631199963 0 0 13.0 1 1055
741.4367565821289 489.6099394859526 0 0 10.0 1 1056
475.49540900680506 286.87863500251063 0 0 13.0 1 1057
618.425870512985 472.04261995960957 0 0 11.0 1 1058
337.7744337396929 603.7080727501591 0 0 13.0 1 1059
523.945544189987 471.3197172978692 0 0 11.0 1 1060
656.4137074016901 184.41472532540516 0 0 12.0 1 1061
364.6820216628363 126.26903644970002 0 0 12.0 1 1062
440.66282541372607 188.88028365552205 0 0 12.0 1 1063
494.5201937285101 501.9163037866117 0 0 10.0 1 1064
243.5536872467202 482.78617774666833 0 0 11.0 1 1065
562.9936581194413 398.5621499234366 0 0 11.0 1 1066
759.2912556743844 364.91733197255155 0 0 12.0 1 1067
598.2465960189472 651.1937243780194 0 0 13.0 1 1068
622.9650578284352 403.9475292985072 0 0 13.0 1 1069
579.6120456039428 422.37214951602044 0 0 13.0 1 1070
468.75858236949114 74.17603318580461 0 0 11.0 1 1071
41.896484232973364 329.382211905959 0 0 10.0 1 1072
570.7588607463312 624.4223952207424 0 0 13.0 1 1073
267.34494350836474 653.3744975075452 0 0 11.0 1 1074
514.9398907386693 485.0753872573188 0 0 11.0 1 1075
356.54336523026626 581.8805126848117 0 0 13.0 1 1076
188.01082452496922 478.33638670130637 0 0 13.0 1 1077
268.8048166838208 99.38093228367211 0 0 11.0 1 1078
233.12512702238453 74.25657831860258 0 0 13.0 1 1079
487.70058889246485 524.1475199426669 0 0 11.0 1 1080
382.72441873394536 754.5794047768707 0 0 12.0 1 1081
249.83602814896764 308.2024969951668 0 0 11.0 1 1082
193.12984617812424 209.82708011466656 0 0 13.0 1 1083
581.2586342589001 263.34603003718377 0 0 13.0 1 1084
645.124569237597 535.3290270270295 0 0 12.0 1 1085
600.7222982378512 520.2770093996153 0 0 10.0 1 1086
474.63729378875587 292.3418634013623 0 0 10.0 1 1087
484.09501975701494 726.3388233907624 0 0 11.0 1 1088
210.88531507252188 694.5091440766835 0 0 10.0 1 1089
602.2681601304539 491.49640100813286 0 0 12.0 1 1090
564.7567722176761 225.48579998059537 0 0 11.0 1 1091
672.1601459836078 556.6041344862304 0 0 11.0 1 1092
667.2828137043066 261.57710630712506 0 0 12.0 1 1093
727.1460280646381 323.37444080771064 0 0 11.0 1 1094
238.8998130125258 192.11606663188027 0 0 11.0 1 1095
172.0372745882657 637.2214067550697 0 0 12.0 1 1096
196.97619017144245 338.9644968670062 0 0 11.0 1 1097
295.94603752093815 552.9633057056692 0 0 13.0 1 1098
503.8737533090656 188.08906735732725 0 0 11.0 1 1099
259.73218051634205 627.1870128711146 0 0 11.0 1 1100
267.1418646691555 222.14411486708966 0 0 11.0 1 1101
598.6042319548926 634.105444297238 0 0 10.0 1 1102
609.8917172190424 455.08599679448076 0 0 11.0 1 1103
306.3981331851542 738.2893591716652 0 0 12.0 1 1104
483.5647271607311 134.8567625328668 0 0 12.0 1 1105
499.27564781158924 134.98425376670673 0 0 13.0 1 1106
609.6202065149953 497.05858550695405 0 0 12.0 1 1107
374.6798625274537 525.4706764083599 0 0 13.0 1 1108
182.4505195571768 610.9057219685081 0 0 11.0 1 1109
174.64055632648515 529.6654200130624 16 6 12.0 1 1110
503.33089701262134 313.12235199680504 -1 19 13.0 1 1111
440.0954371521392 191.8261401626543 2 -1 12.0 1 1112
459.7319526822002 283.41057582794485 -1 -4 10.0 1 1113
118.01104695671233 397.5039307801061 -5 5 11.0 1 1114
248.293448661675 149.33264616023058 19 19 11.0 1 1115
332.87857281191583 522.8605470125976 5 0 12.0 1 1116
534.9668549155057 136.5613011074173 6 -4 11.0 1 1117
42.96549599464686 302.91054151118436 -16 -9 11.0 1 1118
510.46754700260453 234.47682621690893 -17 -4 12.0 1 1119
298.30378313608634 288.38064918855764 -2 21 11.0 1 1120
484.7739024981786 511.41537351384375 3 -17 13.0 1 1121
358.18753497800066 243.48892125864035 -15 -8 10.0 1 1122
630.5728732066326 232.48537335134543 -4 4 10.0 1 1123
106.95619902104431 311.90158510049 5 5 11.0 1 1124
617.5484110897836 361.0938458298623 9 -1 11.0 1 1125
326.8065520782752 144.26826716003788 2 2 10.0 1 1126
116.96476070302083 458.4127838413967 6 18 12.0 1 1127
315.52485521815976 104.85096999297605 12 -11 13.0 1 1128
524.2709412761952 194.678951019803 4 -2 12.0 1 1129
639.7685497871967 136.85167199287667 17 -3 13.0 1 1130
572.3228841860096 274.80485797837395 -1 -1 13.0 1 1131
558.5488269878865 310.6340699104786 10 -5 11.0 1 1132
517.2086644598917 579.0478399074631 -9 -15 13.0 1 1133
582.8402433147332 267.16383992071604 -1 -5 13.0 1 1134
319.38793059053876 535.8885361814021 13 -7 12.0 1 1135
606.6049940716889 514.0630370656392 22 10 11.0 1 1136
335.0293183758845 694.92848375377 2 12 10.0 1 1137
275.84990626231837 202.83064582718524 0 -5 12.0 1 1138
539.5766664414788 439.285546770844 4 20 11.0 1 1139
468.9379551070533 625.7067972960892 -16 -8 10.0 1 1140
280.598434201156 299.6044518677031 -16 22 10.0 1 1141
537.7354486060709 391.4591454008165 2 3 13.0 1 1142
514.042567667518 527.4177882393176 -3 -16 11.0 1 1143
127.08495406236494 270.6888338121624 11 13 12.0 1 1144
578.5907575873921 498.59686254826437 9 9 12.0 1 1145
248.2345650217295 310.8750722532896 11 -13 13.0 1 1146
354.91543099748753 256.9357429759002 1 -2 13.0 1 1147
435.68841395224456 658.5485198363612 0 0 11.0 1 1148
62.42954469241505 488.58435360395066 -4 -1 10.0 1 1149
380.2406833528105 222.09393094771585 21 -7 10.0 1 1150
49.49663020164121 294.6273861005861 8 12 12.0 1 1151
508.4035074868824 151.62592815565182 0 1 12.0 1 1152
429.5566735913072 646.2324167249652 -14 4 11.0 1 1153
626.6911160545784 555.6796001469996 -14 -5 10.0 1 1154
179.94930530862146 240.11975805046544 -5 -12 13.0 1 1155
367.8444925282964 618.6481725037673 5 19 10.0 1 1156
257.653371106078 639.955073383615 20 -7 13.0 1 1157
559.0351697578651 342.82645034557476 -9 -3 13.0 1 1158
353.1352292705705 177.89035756078033 0 1 11.0 1 1159
372.9996614886176 190.73466192350256 13 7 11.0 1 1160
485.61289412979346 550.3310758250627 -9 -6 13.0 1 1161
753.2000875602137 330.3602258227572 8 -12 11.0 1 1162
603.1792779688794 491.90854695862 22 -5 13.0 1 1163
572.6436162446167 550.4499311066027 9 -12 12.0 1 1164
191.07368170303286 394.4508088089909 -9 18 12.0 1 1165
187.28098267050933 621.3585771240316 7 10 12.0 1 1166
357.31994134428817 264.5658366838522 16 20 11.0 1 1167
188.29856550277975 411.2473388772263 16 6 13.0 1 1168
378.36080582127425 112.81409283306499 15 22 13.0 1 1169
445.8231162060453 711.6492291361672 13 -12 13.0 1 1170
365.1848109752488 572.5221800614949 5 12 13.0 1 1171
289.396086885653 322.5934472812929 -2 2 13.0 1 1172
641.1326379132922 578.4798334069626 21 -1 12.0 1 1173
236.92373640777495 417.38195192718973 6 0 11.0 1 1174
