400 400 -7.071067811865475 7.0710678118654755 5 2 -1 10 187
57.15728752538104 742.842712474619
800.0 400.0 0 0 24.0 1 0
799.4518139018296 420.9343824971775 0 0 24.0 1 1
797.8087581473094 441.8113853070614 0 0 24.0 1 2
795.0753362380551 462.57378601609236 0 0 24.0 1 3
791.2590402935223 483.16467632710373 0 0 24.0 1 4
786.3703305156273 503.5276180410083 0 0 24.0 1 5
780.4226065180615 523.6067977499789 0 0 24.0 1 6
773.4321705988807 543.3471798181201 0 0 24.0 1 7
765.4181830570403 562.6946572303201 0 0 24.0 1 8
756.4026096753471 581.5961998958187 0 0 24.0 1 9
746.4101615137755 600.0 0 0 24.0 1 10
735.4682271781696 617.8556140060108 0 0 24.0 1 11
723.606797749979 635.1141009169893 0 0 24.0 1 12
710.8583845827884 651.728156419935 0 0 24.0 1 13
697.2579301909577 667.6522425435433 0 0 24.0 1 14
682.842712474619 682.842712474619 0 0 24.0 1 15
667.6522425435433 697.2579301909577 0 0 24.0 1 16
651.728156419935 710.8583845827884 0 0 24.0 1 17
635.1141009169893 723.606797749979 0 0 24.0 1 18
617.8556140060108 735.4682271781696 0 0 24.0 1 19
600.0 746.4101615137754 0 0 24.0 1 20
581.5961998958187 756.4026096753471 0 0 24.0 1 21
562.6946572303201 765.4181830570403 0 0 24.0 1 22
543.3471798181201 773.4321705988807 0 0 24.0 1 23
523.606797749979 780.4226065180615 0 0 24.0 1 24
503.5276180410083 786.3703305156273 0 0 24.0 1 25
483.1646763271038 791.2590402935223 0 0 24.0 1 26
462.57378601609236 795.0753362380551 0 0 24.0 1 27
441.8113853070614 797.8087581473094 0 0 24.0 1 28
420.9343824971776 799.4518139018296 0 0 24.0 1 29
400.0 800.0 0 0 24.0 1 30
379.0656175028225 799.4518139018296 0 0 24.0 1 31
358.1886146929386 797.8087581473094 0 0 24.0 1 32
337.4262139839077 795.0753362380551 0 0 24.0 1 33
316.83532367289627 791.2590402935223 0 0 24.0 1 34
296.47238195899166 786.3703305156273 0 0 24.0 1 35
276.3932022500211 780.4226065180615 0 0 24.0 1 36
256.65282018187986 773.4321705988807 0 0 24.0 1 37
237.3053427696799 765.4181830570403 0 0 24.0 1 38
218.4038001041813 756.4026096753471 0 0 24.0 1 39
43.597390324652906 581.5961998958187 0 0 24.0 1 40
34.58181694295968 562.6946572303202 0 0 24.0 1 41
26.567829401119297 543.3471798181201 0 0 24.0 1 42
19.5773934819386 523.606797749979 0 0 24.0 1 43
13.629669484372698 503.5276180410084 0 0 24.0 1 44
8.740959706477724 483.16467632710373 0 0 24.0 1 45
4.924663761944942 462.5737860160924 0 0 24.0 1 46
2.1912418526906663 441.81138530706147 0 0 24.0 1 47
0.5481860981704472 420.9343824971775 0 0 24.0 1 48
0.0 400.00000000000006 0 0 24.0 1 49
0.5481860981704472 379.0656175028226 0 0 24.0 1 50
2.1912418526906663 358.1886146929386 0 0 24.0 1 51
4.924663761944885 337.4262139839077 0 0 24.0 1 52
8.740959706477781 316.8353236728962 0 0 24.0 1 53
13.629669484372698 296.47238195899166 0 0 24.0 1 54
19.577393481938543 276.3932022500211 0 0 24.0 1 55
26.567829401119297 256.65282018187986 0 0 24.0 1 56
34.58181694295968 237.30534276967992 0 0 24.0 1 57
43.59739032465285 218.40380010418136 0 0 24.0 1 58
53.58983848622455 199.99999999999994 0 0 24.0 1 59
64.53177282183037 182.14438599398918 0 0 24.0 1 60
76.39320225002103 164.8858990830108 0 0 24.0 1 61
89.14161541721171 148.27184358006497 0 0 24.0 1 62
102.74206980904228 132.3477574564567 0 0 24.0 1 63
117.15728752538092 117.15728752538104 0 0 24.0 1 64
132.34775745645675 102.74206980904228 0 0 24.0 1 65
148.27184358006485 89.14161541721177 0 0 24.0 1 66
164.8858990830107 76.39320225002109 0 0 24.0 1 67
182.1443859939892 64.53177282183032 0 0 24.0 1 68
199.99999999999983 53.58983848622461 0 0 24.0 1 69
218.40380010418124 43.597390324652906 0 0 24.0 1 70
237.30534276967995 34.58181694295962 0 0 24.0 1 71
256.65282018187975 26.567829401119354 0 0 24.0 1 72
276.393202250021 19.5773934819386 0 0 24.0 1 73
296.4723819589917 13.629669484372698 0 0 24.0 1 74
316.8353236728961 8.740959706477781 0 0 24.0 1 75
337.4262139839076 4.924663761944942 0 0 24.0 1 76
358.18861469293864 2.1912418526906663 0 0 24.0 1 77
379.0656175028223 0.5481860981704472 0 0 24.0 1 78
399.99999999999994 0.0 0 0 24.0 1 79
420.9343824971776 0.5481860981704472 0 0 24.0 1 80
441.8113853070612 2.1912418526906663 0 0 24.0 1 81
462.5737860160923 4.924663761944885 0 0 24.0 1 82
483.1646763271038 8.740959706477781 0 0 24.0 1 83
503.5276180410081 13.629669484372641 0 0 24.0 1 84
523.6067977499789 19.577393481938543 0 0 24.0 1 85
543.3471798181201 26.567829401119297 0 0 24.0 1 86
562.6946572303199 34.58181694295956 0 0 24.0 1 87
581.5961998958187 43.59739032465279 0 0 24.0 1 88
600.0 53.58983848622455 0 0 24.0 1 89
617.8556140060107 64.53177282183032 0 0 24.0 1 90
635.1141009169892 76.39320225002098 0 0 24.0 1 91
651.728156419935 89.14161541721171 0 0 24.0 1 92
667.6522425435431 102.74206980904216 0 0 24.0 1 93
682.842712474619 117.15728752538092 0 0 24.0 1 94
697.2579301909577 132.34775745645675 0 0 24.0 1 95
710.8583845827882 148.27184358006485 0 0 24.0 1 96
723.6067977499789 164.88589908301066 0 0 24.0 1 97
735.4682271781696 182.1443859939892 0 0 24.0 1 98
746.4101615137754 199.99999999999983 0 0 24.0 1 99
756.4026096753471 218.40380010418122 0 0 24.0 1 100
765.4181830570403 237.30534276967995 0 0 24.0 1 101
773.4321705988806 256.6528201818797 0 0 24.0 1 102
780.4226065180615 276.3932022500209 0 0 24.0 1 103
786.3703305156273 296.4723819589917 0 0 24.0 1 104
791.2590402935223 316.83532367289604 0 0 24.0 1 105
795.0753362380551 337.4262139839076 0 0 24.0 1 106
797.8087581473094 358.18861469293864 0 0 24.0 1 107
799.4518139018296 379.06561750282225 0 0 24.0 1 108
800.0 399.9999999999999 0 0 24.0 1 109
314.061567263763 170.56681630845276 0 0 12.0 1 110
222.20893512509755 194.14972127624353 0 0 11.0 1 111
235.33946376647057 104.82054982216908 0 0 11.0 1 112
510.29190750186024 487.84472175151507 0 0 11.0 1 113
466.07431338809954 86.89588774611855 0 0 10.0 1 114
681.3214108988409 608.226472308123 0 0 13.0 1 115
152.24497309063148 536.7715125350966 0 0 13.0 1 116
401.0090591412756 172.00223290643962 0 0 10.0 1 117
230.30442403078206 206.99116212858183 0 0 12.0 1 118
399.31429358724796 244.00150703703733 0 0 12.0 1 119
543.9773214565938 714.621249927885 0 0 13.0 1 120
305.49069813815174 230.57747534171835 0 0 11.0 1 121
198.47663826459402 304.5152647023583 0 0 10.0 1 122
265.81661864121327 626.1942089601819 0 0 13.0 1 123
186.47262238557562 630.2217605030137 0 0 11.0 1 124
378.7623203592934 607.918159292253 0 0 10.0 1 125
471.7370263030613 549.6990282439865 0 0 13.0 1 126
176.37899928485996 518.332785140718 0 0 13.0 1 127
416.54000903814415 596.3044271049894 0 0 11.0 1 128
116.47050467496837 219.7029526566426 0 0 10.0 1 129
587.0003832758292 601.6329751173973 0 0 13.0 1 130
525.3064561249995 725.7288627883529 0 0 10.0 1 131
558.7299330705912 237.72305047417962 0 0 13.0 1 132
729.1497969518311 566.7975154688113 0 0 10.0 1 133
68.00000015084123 399.98999207468466 0 0 13.0 1 134
250.4664310698667 712.018768286488 0 0 12.0 1 135
213.11871149371896 264.2193533443291 0 0 12.0 1 136
99.00000013675663 399.9909265496388 0 0 10.0 1 137
116.71112104616316 420.08509549587353 0 0 13.0 1 138
128.5658812091708 616.1770551104951 0 0 11.0 1 139
537.7026695421714 131.22132748121635 0 0 12.0 1 140
259.386537190457 606.7071698725258 0 0 10.0 1 141
497.8622563951982 586.9330863524178 0 0 13.0 1 142
413.26035317091527 67.26412421594421 0 0 11.0 1 143
207.16061489545504 483.14428153818517 0 0 12.0 1 144
324.3135822014094 252.258448089858 0 0 10.0 1 145
508.8035204296384 150.70941866545127 0 0 10.0 1 146
253.05949873917538 706.6080382005952 0 0 13.0 1 147
65.32802753959294 385.1787028415012 0 0 11.0 1 148
502.83864353128456 152.51623609487956 0 0 12.0 1 149
313.6865373431463 181.42510170611098 0 0 12.0 1 150
211.96274759508648 438.8071089880559 0 0 13.0 1 151
146.5982975013829 245.09171367934397 0 0 11.0 1 152
612.307629266151 256.9564033051932 0 0 11.0 1 153
644.8301545172545 529.5654098865019 0 0 10.0 1 154
573.6782066615615 228.61773565848793 6 -9 12.0 1 155
323.96615903626866 608.5733804403189 -9 -15 10.0 1 156
682.290779452584 420.02288281073766 -3 22 11.0 1 157
62.99411126819837 517.7965659944658 -1 13 12.0 1 158
581.1047333038797 148.40294998762283 11 4 10.0 1 159
179.6591286293875 629.2899919395506 10 -7 13.0 1 160
600.7871268557276 695.1838913101831 22 4 10.0 1 161
133.94996352967433 520.3385976905929 -8 18 11.0 1 162
700.8584011189347 237.37090519787606 -9 16 10.0 1 163
274.6296269614032 570.9569231244031 16 16 10.0 1 164
213.31453954738686 516.3981909464053 14 -12 11.0 1 165
346.29813236044697 532.5334275268845 -4 5 12.0 1 166
407.40668375312384 214.14752884133821 -16 21 12.0 1 167
181.21165825130157 431.18752178123066 11 5 11.0 1 168
307.238689296032 275.8213414612563 3 9 12.0 1 169
212.82496531131068 490.7166268623781 -7 -17 13.0 1 170
276.8800412635951 71.30184703782413 -4 -1 13.0 1 171
545.09664721138 524.2093513710475 -9 -12 13.0 1 172
257.34232541513904 186.22959072397344 13 19 11.0 1 173
427.3778345742837 106.27316402135955 -12 18 11.0 1 174
278.505891134879 261.81468416987957 -9 19 12.0 1 175
528.3219464729939 574.9927942898852 -6 22 11.0 1 176
740.0417353862624 463.93448361799096 -14 7 13.0 1 177
495.7574750422559 271.8184647715135 -11 13 12.0 1 178
173.1629841183872 574.1865902586217 -3 -1 10.0 1 179
326.76161342464127 625.3999528212868 14 12 11.0 1 180
226.675245680007 480.2466793077076 -7 -4 11.0 1 181
56.61306707271416 332.284312786536 22 9 13.0 1 182
541.5202598139358 426.6085712167361 3 -9 10.0 1 183
258.4051984941236 75.55137203786563 -9 17 12.0 1 184
318.13644210740813 169.08149080429638 16 14 12.0 1 185
544.6078919406864 356.5309582752186 -15 21 13.0 1 186
396.6277062053429 653.9776124672459 1 -12 10.0 1 187
454.70784296134195 226.41701719777612 20 19 11.0 1 188
195.26679814930537 700.9656393343976 -9 5 11.0 1 189
261.3023911340655 103.87169453955897 -4 21 10.0 1 190
492.71725573070034 284.64181654616823 6 -17 10.0 1 191
285.2310899533786 345.6208009739888 -4 5 10.0 1 192
444.63454324483416 168.25928810559628 7 0 13.0 1 193
168.4241020262186 522.5422518058028 4 -14 11.0 1 194
214.66760877107146 688.6189611951497 4 -15 11.0 1 195
567.2311411136264 297.7760035909653 -6 -12 12.0 1 196
383.79277450095833 118.46611954931035 8 -6 11.0 1 197
748.2945307885441 331.3274449085522 1 14 11.0 1 198
403.7394218082705 231.04137570239325 13 15 10.0 1 199
427.98992671841677 239.42115954367569 0 -4 13.0 1 200
559.0841419125734 703.8770076724138 4 15 11.0 1 201
56.52539720436255 276.50831107163907 -17 13 13.0 1 202
381.0340978202704 70.54545904706532 8 -4 11.0 1 203
417.0763442768414 216.794109084509 -11 14 12.0 1 204
107.0327232244307 568.5650460169812 -14 10 12.0 1 205
524.7387422473199 563.9397638846558 12 5 13.0 1 206
131.07047884797726 630.2018954156193 -17 18 10.0 1 207
212.386730428829 621.1362952588632 5 22 13.0 1 208
504.534639094376 220.17644973639145 11 -5 11.0 1 209
522.2841064267585 180.80237839928733 8 -17 12.0 1 210
340.0184816412386 239.86500240304252 -16 -13 10.0 1 211
582.9928799745875 398.38572660115886 4 -9 10.0 1 212
266.8032614271931 449.2202075733872 4 -3 11.0 1 213
523.0802522651821 532.7111581681779 22 10 10.0 1 214
378.7806084480464 576.7306917945066 -3 19 10.0 1 215
255.53993909693975 282.8364783565972 4 -7 11.0 1 216
333.86913617246086 603.5256957964361 11 2 13.0 1 217
539.695550065085 457.3249796512248 19 11 12.0 1 218
517.8801922512785 336.2798283523842 -15 -11 11.0 1 219
