400 400 -7.071067811865475 7.0710678118654755 5 2 -1 10 187
57.15728752538104 742.842712474619
800.0 400.0 0 0 24.0 1 0
799.4518139018296 420.9343824971775 0 0 24.0 1 1
797.8087581473094 441.8113853070614 0 0 24.0 1 2
795.0753362380551 462.57378601609236 0 0 24.0 1 3
791.2590402935223 483.16467632710373 0 0 24.0 1 4
786.3703305156273 503.5276180410083 0 0 24.0 1 5
780.4226065180615 523.6067977499789 0 0 24.0 1 6
773.4321705988807 543.3471798181201 0 0 24.0 1 7
765.4181830570403 562.6946572303201 0 0 24.0 1 8
756.4026096753471 581.5961998958187 0 0 24.0 1 9
746.4101615137755 600.0 0 0 24.0 1 10
735.4682271781696 617.8556140060108 0 0 24.0 1 11
723.606797749979 635.1141009169893 0 0 24.0 1 12
710.8583845827884 651.728156419935 0 0 24.0 1 13
697.2579301909577 667.6522425435433 0 0 24.0 1 14
682.842712474619 682.842712474619 0 0 24.0 1 15
667.6522425435433 697.2579301909577 0 0 24.0 1 16
651.728156419935 710.8583845827884 0 0 24.0 1 17
635.1141009169893 723.606797749979 0 0 24.0 1 18
617.8556140060108 735.4682271781696 0 0 24.0 1 19
600.0 746.4101615137754 0 0 24.0 1 20
581.5961998958187 756.4026096753471 0 0 24.0 1 21
562.6946572303201 765.4181830570403 0 0 24.0 1 22
543.3471798181201 773.4321705988807 0 0 24.0 1 23
523.606797749979 780.4226065180615 0 0 24.0 1 24
503.5276180410083 786.3703305156273 0 0 24.0 1 25
483.1646763271038 791.2590402935223 0 0 24.0 1 26
462.57378601609236 795.0753362380551 0 0 24.0 1 27
441.8113853070614 797.8087581473094 0 0 24.0 1 28
420.9343824971776 799.4518139018296 0 0 24.0 1 29
400.0 800.0 0 0 24.0 1 30
379.0656175028225 799.4518139018296 0 0 24.0 1 31
358.1886146929386 797.8087581473094 0 0 24.0 1 32
337.4262139839077 795.0753362380551 0 0 24.0 1 33
316.83532367289627 791.2590402935223 0 0 24.0 1 34
296.47238195899166 786.3703305156273 0 0 24.0 1 35
276.3932022500211 780.4226065180615 0 0 24.0 1 36
256.65282018187986 773.4321705988807 0 0 24.0 1 37
237.3053427696799 765.4181830570403 0 0 24.0 1 38
218.4038001041813 756.4026096753471 0 0 24.0 1 39
43.597390324652906 581.5961998958187 0 0 24.0 1 40
34.58181694295968 562.6946572303202 0 0 24.0 1 41
26.567829401119297 543.3471798181201 0 0 24.0 1 42
19.5773934819386 523.606797749979 0 0 24.0 1 43
13.629669484372698 503.5276180410084 0 0 24.0 1 44
8.740959706477724 483.16467632710373 0 0 24.0 1 45
4.924663761944942 462.5737860160924 0 0 24.0 1 46
2.1912418526906663 441.81138530706147 0 0 24.0 1 47
0.5481860981704472 420.9343824971775 0 0 24.0 1 48
0.0 400.00000000000006 0 0 24.0 1 49
0.5481860981704472 379.0656175028226 0 0 24.0 1 50
2.1912418526906663 358.1886146929386 0 0 24.0 1 51
4.924663761944885 337.4262139839077 0 0 24.0 1 52
8.740959706477781 316.8353236728962 0 0 24.0 1 53
13.629669484372698 296.47238195899166 0 0 24.0 1 54
19.577393481938543 276.3932022500211 0 0 24.0 1 55
26.567829401119297 256.65282018187986 0 0 24.0 1 56
34.58181694295968 237.30534276967992 0 0 24.0 1 57
43.59739032465285 218.40380010418136 0 0 24.0 1 58
53.58983848622455 199.99999999999994 0 0 24.0 1 59
64.53177282183037 182.14438599398918 0 0 24.0 1 60
76.39320225002103 164.8858990830108 0 0 24.0 1 61
89.14161541721171 148.27184358006497 0 0 24.0 1 62
102.74206980904228 132.3477574564567 0 0 24.0 1 63
117.15728752538092 117.15728752538104 0 0 24.0 1 64
132.34775745645675 102.74206980904228 0 0 24.0 1 65
148.27184358006485 89.14161541721177 0 0 24.0 1 66
164.8858990830107 76.39320225002109 0 0 24.0 1 67
182.1443859939892 64.53177282183032 0 0 24.0 1 68
199.99999999999983 53.58983848622461 0 0 24.0 1 69
218.40380010418124 43.597390324652906 0 0 24.0 1 70
237.30534276967995 34.58181694295962 0 0 24.0 1 71
256.65282018187975 26.567829401119354 0 0 24.0 1 72
276.393202250021 19.5773934819386 0 0 24.0 1 73
296.4723819589917 13.629669484372698 0 0 24.0 1 74
316.8353236728961 8.740959706477781 0 0 24.0 1 75
337.4262139839076 4.924663761944942 0 0 24.0 1 76
358.18861469293864 2.1912418526906663 0 0 24.0 1 77
379.0656175028223 0.5481860981704472 0 0 24.0 1 78
399.99999999999994 0.0 0 0 24.0 1 79
420.9343824971776 0.5481860981704472 0 0 24.0 1 80
441.8113853070612 2.1912418526906663 0 0 24.0 1 81
462.5737860160923 4.924663761944885 0 0 24.0 1 82
483.1646763271038 8.740959706477781 0 0 24.0 1 83
503.5276180410081 13.629669484372641 0 0 24.0 1 84
523.6067977499789 19.577393481938543 0 0 24.0 1 85
543.3471798181201 26.567829401119297 0 0 24.0 1 86
562.6946572303199 34.58181694295956 0 0 24.0 1 87
581.5961998958187 43.59739032465279 0 0 24.0 1 88
600.0 53.58983848622455 0 0 24.0 1 89
617.8556140060107 64.53177282183032 0 0 24.0 1 90
635.1141009169892 76.39320225002098 0 0 24.0 1 91
651.728156419935 89.14161541721171 0 0 24.0 1 92
667.6522425435431 102.74206980904216 0 0 24.0 1 93
682.842712474619 117.15728752538092 0 0 24.0 1 94
697.2579301909577 132.34775745645675 0 0 24.0 1 95
710.8583845827882 148.27184358006485 0 0 24.0 1 96
723.6067977499789 164.88589908301066 0 0 24.0 1 97
735.4682271781696 182.1443859939892 0 0 24.0 1 98
746.4101615137754 199.99999999999983 0 0 24.0 1 99
756.4026096753471 218.40380010418122 0 0 24.0 1 100
765.4181830570403 237.30534276967995 0 0 24.0 1 101
773.4321705988806 256.6528201818797 0 0 24.0 1 102
780.4226065180615 276.3932022500209 0 0 24.0 1 103
786.3703305156273 296.4723819589917 0 0 24.0 1 104
791.2590402935223 316.83532367289604 0 0 24.0 1 105
795.0753362380551 337.4262139839076 0 0 24.0 1 106
797.8087581473094 358.18861469293864 0 0 24.0 1 107
799.4518139018296 379.06561750282225 0 0 24.0 1 108
800.0 399.9999999999999 0 0 24.0 1 109
334.83803895600715 589.087066804954 0 0 10.0 1 110
506.6053399052437 499.75621035147367 0 0 10.0 1 111
503.68703430271563 476.74632836499393 0 0 11.0 1 112
514.0413304292571 712.8635085047872 0 0 10.0 1 113
251.90294965978418 134.51315723650714 0 0 13.0 1 114
101.89473713005606 304.5942755950062 0 0 10.0 1 115
345.3443214208797 612.0701695172046 0 0 13.0 1 116
490.30779446965835 490.7110922546187 0 0 11.0 1 117
252.27470260997976 111.63697097056621 0 0 10.0 1 118
483.251014008895 527.1741666632448 0 0 11.0 1 119
633.6884143899623 262.77491125925536 0 0 11.0 1 120
337.1623263124607 563.329197529218 0 0 12.0 1 121
530.0 400.0 0 0 12.0 1 122
593.6240502301574 222.01481192956115 0 0 10.0 1 123
377.6806061297495 271.9303132772449 0 0 12.0 1 124
322.4572663576485 625.0136094978953 0 0 13.0 1 125
289.1111494095246 133.12050881582672 0 0 10.0 1 126
544.7681695818289 353.673149514274 0 0 12.0 1 127
277.93967584327015 522.5980312515418 0 0 13.0 1 128
579.7074572649424 216.2767575853047 0 0 13.0 1 129
66.02173928869456 537.0383937889353 0 0 12.0 1 130
527.6505218519706 515.2794182450605 0 0 11.0 1 131
290.62745037574206 592.0381352458132 0 0 12.0 1 132
421.24693529284536 235.3653507287678 0 0 11.0 1 133
270.7339284142049 735.9914920601057 0 0 11.0 1 134
229.359882093893 517.1791370551512 0 0 11.0 1 135
410.768825836246 747.8333399634207 0 0 13.0 1 136
242.5210044686508 476.32408510055853 0 0 10.0 1 137
375.82231979499477 531.8007578882023 0 0 12.0 1 138
546.3148503386536 441.18209040805715 0 0 11.0 1 139
473.0197564456644 518.2755899102425 0 0 13.0 1 140
491.2156244483383 507.52074151762395 0 0 13.0 1 141
426.91198888291547 583.0320869529871 0 0 11.0 1 142
563.8807422065642 267.09363320809024 0 0 12.0 1 143
306.5429057741618 609.0616453079397 0 0 12.0 1 144
289.1569602259147 104.07801613661661 0 0 11.0 1 145
225.6438436516021 515.2429205782855 0 0 10.0 1 146
214.23664611765096 378.52964009660843 0 0 12.0 1 147
580.1234362233808 327.9476043210105 0 0 10.0 1 148
137.6701085302234 463.8985762083572 0 0 10.0 1 149
330.4698861626341 613.9872969822343 0 0 13.0 1 150
377.03945328147813 193.27115998393796 0 0 12.0 1 151
530.8627750324808 218.20084128137907 0 0 13.0 1 152
416.24108830677847 225.75526679233192 0 0 12.0 1 153
301.89560651115534 604.7059549162797 0 0 13.0 1 154
703.8059771158751 426.9616073086971 -13 12 13.0 1 155
578.5515168874986 672.755120606696 -7 18 13.0 1 156
220.1503172350742 433.8096378175744 8 -3 10.0 1 157
551.9484316612069 450.11660518929364 -9 18 12.0 1 158
426.5771702050867 621.4106005228518 10 1 13.0 1 159
448.1981465790839 557.8034811604014 -8 -3 10.0 1 160
407.48955908300127 553.8177704452324 -7 17 12.0 1 161
354.35109632935576 648.8476995948893 -5 4 10.0 1 162
256.6021318275558 458.83919954926586 8 13 12.0 1 163
603.9196057456976 275.34931050122805 3 12 13.0 1 164
410.89909175118805 255.41020160813838 -16 -11 12.0 1 165
507.44335891328234 141.43487353196372 -1 15 11.0 1 166
219.92098682416193 222.29083024892512 -1 0 11.0 1 167
541.9673403619629 134.5828297367509 -3 -16 10.0 1 168
236.4467648353096 433.7541000052361 -5 4 10.0 1 169
565.6765914287333 350.1977204080319 19 -16 11.0 1 170
286.82781385391996 288.317162093198 4 20 12.0 1 171
195.54563599922142 591.3071170684382 12 -3 12.0 1 172
179.324187852893 256.9224478360958 -9 -11 12.0 1 173
241.34356828335422 432.7434982086722 0 5 11.0 1 174
360.84548325963897 577.7383577588946 8 15 10.0 1 175
215.66014480942167 270.98907880215484 1 -15 13.0 1 176
293.25451903709234 525.8189266128015 15 -7 12.0 1 177
451.6265177543072 225.4757820113088 0 6 11.0 1 178
558.9003521075248 405.62833013465206 10 -3 10.0 1 179
587.5690768314728 174.907038278428 -17 18 11.0 1 180
631.1004666763197 122.66703351028161 19 14 11.0 1 181
622.1524131969288 364.31659614357113 -15 -4 11.0 1 182
582.5699324161906 564.8763772574702 -13 -11 12.0 1 183
384.1352690138 229.73752524195032 -10 9 10.0 1 184
611.2681237104825 275.9404179281091 -9 1 10.0 1 185
579.9638888701359 278.74820123916766 -4 18 13.0 1 186
622.4703208429461 360.21361609750625 -16 15 12.0 1 187
241.81824375100592 216.8537961354814 21 -13 13.0 1 188
751.4223249140339 297.7339276591931 8 12 12.0 1 189
189.406130979066 555.866039696894 14 -5 10.0 1 190
493.8588064187064 224.52486085585855 -1 15 11.0 1 191
202.7989168912581 92.85714590643806 13 -10 10.0 1 192
121.41245523856577 502.946490488 -4 -17 11.0 1 193
234.83143386714787 127.08912670687221 13 17 11.0 1 194
726.6351862641749 501.3580539186098 19 -9 13.0 1 195
97.68263748745153 188.42208923553395 8 -3 11.0 1 196
293.36618958442426 115.31555982763115 -14 -14 13.0 1 197
699.706643958302 386.7362310314321 -15 -6 10.0 1 198
529.358653156351 590.1744958020787 -15 5 13.0 1 199
509.8949843997919 194.544183816156 -8 5 13.0 1 200
589.0232867560783 279.8076663679026 6 -11 11.0 1 201
533.8110697069588 407.1132006775718 -15 8 11.0 1 202
479.805772403365 121.1971329216604 -15 7 12.0 1 203
107.79805816210603 535.2849776810568 -16 21 10.0 1 204
645.7140178909631 530.0331550485471 13 10 13.0 1 205
463.1835621773702 100.59419265722585 -3 -2 13.0 1 206
289.6858642780013 468.7807491956031 3 8 10.0 1 207
543.2225177917238 543.8621228725593 -12 13 12.0 1 208
523.8076003399741 341.3427063524301 18 -1 10.0 1 209
289.6251381976215 335.18187072966515 1 1 10.0 1 210
641.1860778733286 679.2673912938649 -7 -12 12.0 1 211
220.79698044408838 611.2232889196728 18 9 11.0 1 212
536.9917911931955 685.8710358635165 17 22 10.0 1 213
401.2568982286064 116.00278133960023 -11 -9 12.0 1 214
318.06152454794244 301.66340335057066 -12 -17 13.0 1 215
733.3207017725059 503.4326339695755 5 -3 11.0 1 216
206.2638235358462 463.8928315936167 0 -15 10.0 1 217
432.94620770803635 46.532112635873375 18 -1 11.0 1 218
153.3209269180526 446.37278192465124 -1 -3 10.0 1 219
