400 400 7.071067811865475 -7.0710678118654755 5 2 -1 10 187
742.842712474619 57.15728752538092
800.0 400.0 0 0 24.0 1 0
799.4518139018296 420.9343824971775 0 0 24.0 1 1
797.8087581473094 441.8113853070614 0 0 24.0 1 2
795.0753362380551 462.57378601609236 0 0 24.0 1 3
791.2590402935223 483.16467632710373 0 0 24.0 1 4
786.3703305156273 503.5276180410083 0 0 24.0 1 5
780.4226065180615 523.6067977499789 0 0 24.0 1 6
773.4321705988807 543.3471798181201 0 0 24.0 1 7
765.4181830570403 562.6946572303201 0 0 24.0 1 8
756.4026096753471 581.5961998958187 0 0 24.0 1 9
746.4101615137755 600.0 0 0 24.0 1 10
735.4682271781696 617.8556140060108 0 0 24.0 1 11
723.606797749979 635.1141009169893 0 0 24.0 1 12
710.8583845827884 651.728156419935 0 0 24.0 1 13
697.2579301909577 667.6522425435433 0 0 24.0 1 14
682.842712474619 682.842712474619 0 0 24.0 1 15
667.6522425435433 697.2579301909577 0 0 24.0 1 16
651.728156419935 710.8583845827884 0 0 24.0 1 17
635.1141009169893 723.606797749979 0 0 24.0 1 18
617.8556140060108 735.4682271781696 0 0 24.0 1 19
600.0 746.4101615137754 0 0 24.0 1 20
581.5961998958187 756.4026096753471 0 0 24.0 1 21
562.6946572303201 765.4181830570403 0 0 24.0 1 22
543.3471798181201 773.4321705988807 0 0 24.0 1 23
523.606797749979 780.4226065180615 0 0 24.0 1 24
503.5276180410083 786.3703305156273 0 0 24.0 1 25
483.1646763271038 791.2590402935223 0 0 24.0 1 26
462.57378601609236 795.0753362380551 0 0 24.0 1 27
441.8113853070614 797.8087581473094 0 0 24.0 1 28
420.9343824971776 799.4518139018296 0 0 24.0 1 29
400.0 800.0 0 0 24.0 1 30
379.0656175028225 799.4518139018296 0 0 24.0 1 31
358.1886146929386 797.8087581473094 0 0 24.0 1 32
337.4262139839077 795.0753362380551 0 0 24.0 1 33
316.83532367289627 791.2590402935223 0 0 24.0 1 34
296.47238195899166 786.3703305156273 0 0 24.0 1 35
276.3932022500211 780.4226065180615 0 0 24.0 1 36
256.65282018187986 773.4321705988807 0 0 24.0 1 37
237.3053427696799 765.4181830570403 0 0 24.0 1 38
218.4038001041813 756.4026096753471 0 0 24.0 1 39
200.00000000000009 746.4101615137755 0 0 24.0 1 40
182.14438599398918 735.4682271781696 0 0 24.0 1 41
164.8858990830108 723.606797749979 0 0 24.0 1 42
148.27184358006508 710.8583845827884 0 0 24.0 1 43
132.3477574564567 697.2579301909577 0 0 24.0 1 44
117.15728752538104 682.842712474619 0 0 24.0 1 45
102.74206980904233 667.6522425435434 0 0 24.0 1 46
89.14161541721165 651.728156419935 0 0 24.0 1 47
76.39320225002109 635.1141009169893 0 0 24.0 1 48
64.53177282183043 617.8556140060109 0 0 24.0 1 49
53.589838486224494 600.0 0 0 24.0 1 50
43.597390324652906 581.5961998958187 0 0 24.0 1 51
34.58181694295968 562.6946572303202 0 0 24.0 1 52
26.567829401119297 543.3471798181201 0 0 24.0 1 53
19.5773934819386 523.606797749979 0 0 24.0 1 54
13.629669484372698 503.5276180410084 0 0 24.0 1 55
8.740959706477724 483.16467632710373 0 0 24.0 1 56
4.924663761944942 462.5737860160924 0 0 24.0 1 57
2.1912418526906663 441.81138530706147 0 0 24.0 1 58
0.5481860981704472 420.9343824971775 0 0 24.0 1 59
0.0 400.00000000000006 0 0 24.0 1 60
0.5481860981704472 379.0656175028226 0 0 24.0 1 61
2.1912418526906663 358.1886146929386 0 0 24.0 1 62
4.924663761944885 337.4262139839077 0 0 24.0 1 63
8.740959706477781 316.8353236728962 0 0 24.0 1 64
13.629669484372698 296.47238195899166 0 0 24.0 1 65
19.577393481938543 276.3932022500211 0 0 24.0 1 66
26.567829401119297 256.65282018187986 0 0 24.0 1 67
34.58181694295968 237.30534276967992 0 0 24.0 1 68
43.59739032465285 218.40380010418136 0 0 24.0 1 69
53.58983848622455 199.99999999999994 0 0 24.0 1 70
64.53177282183037 182.14438599398918 0 0 24.0 1 71
76.39320225002103 164.8858990830108 0 0 24.0 1 72
89.14161541721171 148.27184358006497 0 0 24.0 1 73
102.74206980904228 132.3477574564567 0 0 24.0 1 74
117.15728752538092 117.15728752538104 0 0 24.0 1 75
132.34775745645675 102.74206980904228 0 0 24.0 1 76
148.27184358006485 89.14161541721177 0 0 24.0 1 77
164.8858990830107 76.39320225002109 0 0 24.0 1 78
182.1443859939892 64.53177282183032 0 0 24.0 1 79
199.99999999999983 53.58983848622461 0 0 24.0 1 80
218.40380010418124 43.597390324652906 0 0 24.0 1 81
237.30534276967995 34.58181694295962 0 0 24.0 1 82
256.65282018187975 26.567829401119354 0 0 24.0 1 83
276.393202250021 19.5773934819386 0 0 24.0 1 84
296.4723819589917 13.629669484372698 0 0 24.0 1 85
316.8353236728961 8.740959706477781 0 0 24.0 1 86
337.4262139839076 4.924663761944942 0 0 24.0 1 87
358.18861469293864 2.1912418526906663 0 0 24.0 1 88
379.0656175028223 0.5481860981704472 0 0 24.0 1 89
399.99999999999994 0.0 0 0 24.0 1 90
420.9343824971776 0.5481860981704472 0 0 24.0 1 91
441.8113853070612 2.1912418526906663 0 0 24.0 1 92
462.5737860160923 4.924663761944885 0 0 24.0 1 93
483.1646763271038 8.740959706477781 0 0 24.0 1 94
503.5276180410081 13.629669484372641 0 0 24.0 1 95
523.6067977499789 19.577393481938543 0 0 24.0 1 96
543.3471798181201 26.567829401119297 0 0 24.0 1 97
562.6946572303199 34.58181694295956 0 0 24.0 1 98
581.5961998958187 43.59739032465279 0 0 24.0 1 99
756.4026096753471 218.40380010418122 0 0 24.0 1 100
765.4181830570403 237.30534276967995 0 0 24.0 1 101
773.4321705988806 256.6528201818797 0 0 24.0 1 102
780.4226065180615 276.3932022500209 0 0 24.0 1 103
786.3703305156273 296.4723819589917 0 0 24.0 1 104
791.2590402935223 316.83532367289604 0 0 24.0 1 105
795.0753362380551 337.4262139839076 0 0 24.0 1 106
797.8087581473094 358.18861469293864 0 0 24.0 1 107
799.4518139018296 379.06561750282225 0 0 24.0 1 108
800.0 399.9999999999999 0 0 24.0 1 109
508.2860690800327 477.2212875002378 0 0 13.0 1 110
185.74737677732966 365.57888086937817 0 0 13.0 1 111
310.2663678716324 646.1541697088448 0 0 10.0 1 112
324.70615152195865 715.1298722453423 0 0 10.0 1 113
743.3467833091945 442.7666504560391 0 0 13.0 1 114
591.6545830044488 327.2434139517883 0 0 13.0 1 115
595.4326213661931 626.2898373898797 0 0 12.0 1 116
572.2738697865279 241.64055510082628 0 0 11.0 1 117
273.4027684388823 389.893518858636 0 0 10.0 1 118
411.38877179243775 114.22684542270287 0 0 11.0 1 119
379.48493809541816 548.5904850084661 0 0 12.0 1 120
604.0628938706155 668.1927205297525 0 0 13.0 1 121
616.694045719478 411.51913841069467 0 0 12.0 1 122
359.8194014569949 88.58144001886166 0 0 12.0 1 123
606.4693994291079 216.84327176053966 0 0 13.0 1 124
93.9248239676138 350.8269726705402 0 0 13.0 1 125
249.0000000686055 399.9954482026427 0 0 13.0 1 126
714.9985939023027 374.86266045158783 0 0 10.0 1 127
155.71398289672467 587.585558740054 0 0 10.0 1 128
126.26808351849127 471.8320116616563 0 0 13.0 1 129
403.98281612715203 220.04406879544842 0 0 10.0 1 130
304.2055918358026 302.0590414358163 0 0 13.0 1 131
297.04111965687355 51.90738451025743 0 0 13.0 1 132
479.60257560844866 217.6146114500912 0 0 11.0 1 133
169.75416227150558 527.1056812605315 0 0 12.0 1 134
578.4845367261316 307.56477863033933 0 0 10.0 1 135
502.9229378502743 109.70554799605873 0 0 12.0 1 136
520.3001697418719 682.4479937264148 0 0 12.0 1 137
586.308359304757 131.26556742172102 0 0 11.0 1 138
440.5861886396401 676.0321743777481 0 0 10.0 1 139
524.9405522650711 267.66006498528486 0 0 10.0 1 140
138.7674026481077 223.98144961174086 0 0 13.0 1 141
754.2624324895446 444.12628385204033 0 0 12.0 1 142
510.11748358685935 472.78832192390314 0 0 10.0 1 143
246.81177577876045 225.7663409098482 0 0 12.0 1 144
714.6553610402261 566.5172776880675 0 0 11.0 1 145
166.341314646536 439.6562574998059 0 0 13.0 1 146
523.0660722013074 222.48734728774232 0 0 13.0 1 147
84.01237885929464 397.2029862642324 0 0 13.0 1 148
534.5513639777689 257.4800699841529 0 0 13.0 1 149
685.2832612135655 420.2351395189787 0 0 10.0 1 150
327.356494444545 562.5020649118483 0 0 11.0 1 151
395.65850365805954 726.9711782550764 0 0 12.0 1 152
213.92428079901893 607.8865717737383 0 0 12.0 1 153
538.5794913532559 467.16937230816507 0 0 12.0 1 154
47.03083855901667 453.4955238468517 -14 9 10.0 1 155
515.089567521593 233.99279700057386 6 -1 13.0 1 156
488.9902890202635 673.9064228164245 9 5 13.0 1 157
668.2988258972532 450.4454162650622 2 5 12.0 1 158
483.11810433889605 88.91258345746547 2 -17 11.0 1 159
238.40548621452746 433.3498592866106 9 17 10.0 1 160
690.5039317986273 470.7705137012479 4 20 12.0 1 161
571.9705549443379 441.89425058568855 -12 9 13.0 1 162
476.3051278896079 142.04937011561577 -8 13 11.0 1 163
346.8930017491458 554.1059594460376 18 12 12.0 1 164
442.3698702624297 656.5244512594168 4 22 10.0 1 165
296.3401662298563 631.884969031514 -12 20 11.0 1 166
534.7270007304897 276.1547930916718 21 -3 12.0 1 167
479.3024786741109 516.5852343830135 -9 -9 10.0 1 168
529.74595812142 262.57006748471883 -14 1 12.0 1 169
640.4983782387603 247.07671836987603 -8 -3 12.0 1 170
495.4030499825941 574.640367767646 -11 12 12.0 1 171
160.46053724355994 385.13911905854627 -14 5 12.0 1 172
618.5581753117154 261.02761423788735 16 -8 11.0 1 173
206.00000008814214 399.99415199544825 -11 20 13.0 1 174
630.4448035525065 290.82036583846485 2 3 12.0 1 175
303.5962988949889 626.3234994720073 -16 4 11.0 1 176
398.53188498808214 66.0032266049389 -9 6 10.0 1 177
446.4627380526225 610.9436274758102 -11 12 12.0 1 178
667.2604476098505 529.5409323086039 -13 9 12.0 1 179
526.3701229080956 746.6865905053046 -15 18 10.0 1 180
182.8778299594062 349.1378011007833 0 -9 12.0 1 181
485.2573646173109 264.60730529858375 -3 6 13.0 1 182
96.10011535034698 500.22404955861435 2 8 11.0 1 183
628.7280069271515 438.82652247025123 10 -4 12.0 1 184
647.4600419772199 442.00628077600453 3 0 11.0 1 185
162.5876620436772 563.0318428593407 -2 22 11.0 1 186
568.5883154506159 428.61782475178 15 15 12.0 1 187
225.23396163405394 588.4299122588361 14 -7 13.0 1 188
526.7206477022377 279.30668019345325 12 22 13.0 1 189
239.53774881288672 150.0782803677044 -10 2 12.0 1 190
266.09411332624666 444.16122183676447 0 -16 13.0 1 191
476.7124865349957 610.4547324476646 -1 21 10.0 1 192
286.73494044999757 590.9319938751345 -17 7 13.0 1 193
507.62485833218847 546.7681500495812 6 21 11.0 1 194
535.7024057817948 518.257587769382 -1 7 11.0 1 195
503.6990426398472 739.5165806784393 -16 7 10.0 1 196
612.1304425827702 275.4340522869993 11 -14 12.0 1 197
280.57906357078423 694.724684989855 -14 -16 10.0 1 198
527.8103522967514 476.58664273736184 -8 1 13.0 1 199
236.6538120008115 453.8704266377552 -14 -13 12.0 1 200
511.27012344052616 531.1600534824917 22 -6 11.0 1 201
635.14068686461 235.44649082793927 -11 5 10.0 1 202
543.630267899947 119.65138462444747 19 17 11.0 1 203
181.80072637010022 597.0408003114687 -9 -6 12.0 1 204
175.18914860707142 492.2446805836878 -10 9 13.0 1 205
722.6701947290878 519.2474126909784 7 8 10.0 1 206
310.86030056091664 298.61403458116166 -8 13 11.0 1 207
418.5612437791754 200.86316204837937 -14 4 11.0 1 208
231.7949996948122 598.2601267838083 10 -16 13.0 1 209
180.0343548025685 403.8877928028216 -7 14 10.0 1 210
470.9996182071316 151.96158721995994 -17 -14 13.0 1 211
104.20403129884085 618.9263458338052 20 10 12.0 1 212
311.97680903064645 220.41181037837504 22 -6 11.0 1 213
326.26013622617904 529.4736748942361 -13 9 13.0 1 214
502.6857111376879 52.86941257194388 22 19 10.0 1 215
249.24857972923888 634.7658605639848 -1 12 12.0 1 216
765.3088007950329 347.93772899983145 2 13 12.0 1 217
569.3271146306095 570.08329797741 15 18 13.0 1 218
411.468413553224 112.22843175433013 22 18 12.0 1 219
