400 400 -7.071067811865475 7.0710678118654755 5 2 -1 10 187
57.15728752538104 742.842712474619
800.0 400.0 0 0 24.0 1 0
799.4518139018296 420.9343824971775 0 0 24.0 1 1
797.8087581473094 441.8113853070614 0 0 24.0 1 2
795.0753362380551 462.57378601609236 0 0 24.0 1 3
791.2590402935223 483.16467632710373 0 0 24.0 1 4
786.3703305156273 503.5276180410083 0 0 24.0 1 5
780.4226065180615 523.6067977499789 0 0 24.0 1 6
773.4321705988807 543.3471798181201 0 0 24.0 1 7
765.4181830570403 562.6946572303201 0 0 24.0 1 8
756.4026096753471 581.5961998958187 0 0 24.0 1 9
746.4101615137755 600.0 0 0 24.0 1 10
735.4682271781696 617.8556140060108 0 0 24.0 1 11
723.606797749979 635.1141009169893 0 0 24.0 1 12
710.8583845827884 651.728156419935 0 0 24.0 1 13
697.2579301909577 667.6522425435433 0 0 24.0 1 14
682.842712474619 682.842712474619 0 0 24.0 1 15
667.6522425435433 697.2579301909577 0 0 24.0 1 16
651.728156419935 710.8583845827884 0 0 24.0 1 17
635.1141009169893 723.606797749979 0 0 24.0 1 18
617.8556140060108 735.4682271781696 0 0 24.0 1 19
600.0 746.4101615137754 0 0 24.0 1 20
581.5961998958187 756.4026096753471 0 0 24.0 1 21
562.6946572303201 765.4181830570403 0 0 24.0 1 22
543.3471798181201 773.4321705988807 0 0 24.0 1 23
523.606797749979 780.4226065180615 0 0 24.0 1 24
503.5276180410083 786.3703305156273 0 0 24.0 1 25
483.1646763271038 791.2590402935223 0 0 24.0 1 26
462.57378601609236 795.0753362380551 0 0 24.0 1 27
441.8113853070614 797.8087581473094 0 0 24.0 1 28
420.9343824971776 799.4518139018296 0 0 24.0 1 29
400.0 800.0 0 0 24.0 1 30
379.0656175028225 799.4518139018296 0 0 24.0 1 31
358.1886146929386 797.8087581473094 0 0 24.0 1 32
337.4262139839077 795.0753362380551 0 0 24.0 1 33
316.83532367289627 791.2590402935223 0 0 24.0 1 34
296.47238195899166 786.3703305156273 0 0 24.0 1 35
276.3932022500211 780.4226065180615 0 0 24.0 1 36
256.65282018187986 773.4321705988807 0 0 24.0 1 37
237.3053427696799 765.4181830570403 0 0 24.0 1 38
218.4038001041813 756.4026096753471 0 0 24.0 1 39
43.597390324652906 581.5961998958187 0 0 24.0 1 40
34.58181694295968 562.6946572303202 0 0 24.0 1 41
26.567829401119297 543.3471798181201 0 0 24.0 1 42
19.5773934819386 523.606797749979 0 0 24.0 1 43
13.629669484372698 503.5276180410084 0 0 24.0 1 44
8.740959706477724 483.16467632710373 0 0 24.0 1 45
4.924663761944942 462.5737860160924 0 0 24.0 1 46
2.1912418526906663 441.81138530706147 0 0 24.0 1 47
0.5481860981704472 420.9343824971775 0 0 24.0 1 48
0.0 400.00000000000006 0 0 24.0 1 49
0.5481860981704472 379.0656175028226 0 0 24.0 1 50
2.1912418526906663 358.1886146929386 0 0 24.0 1 51
4.924663761944885 337.4262139839077 0 0 24.0 1 52
8.740959706477781 316.8353236728962 0 0 24.0 1 53
13.629669484372698 296.47238195899166 0 0 24.0 1 54
19.577393481938543 276.3932022500211 0 0 24.0 1 55
26.567829401119297 256.65282018187986 0 0 24.0 1 56
34.58181694295968 237.30534276967992 0 0 24.0 1 57
43.59739032465285 218.40380010418136 0 0 24.0 1 58
53.58983848622455 199.99999999999994 0 0 24.0 1 59
64.53177282183037 182.14438599398918 0 0 24.0 1 60
76.39320225002103 164.8858990830108 0 0 24.0 1 61
89.14161541721171 148.27184358006497 0 0 24.0 1 62
102.74206980904228 132.3477574564567 0 0 24.0 1 63
117.15728752538092 117.15728752538104 0 0 24.0 1 64
132.34775745645675 102.74206980904228 0 0 24.0 1 65
148.27184358006485 89.14161541721177 0 0 24.0 1 66
164.8858990830107 76.39320225002109 0 0 24.0 1 67
182.1443859939892 64.53177282183032 0 0 24.0 1 68
199.99999999999983 53.58983848622461 0 0 24.0 1 69
218.40380010418124 43.597390324652906 0 0 24.0 1 70
237.30534276967995 34.58181694295962 0 0 24.0 1 71
256.65282018187975 26.567829401119354 0 0 24.0 1 72
276.393202250021 19.5773934819386 0 0 24.0 1 73
296.4723819589917 13.629669484372698 0 0 24.0 1 74
316.8353236728961 8.740959706477781 0 0 24.0 1 75
337.4262139839076 4.924663761944942 0 0 24.0 1 76
358.18861469293864 2.1912418526906663 0 0 24.0 1 77
379.0656175028223 0.5481860981704472 0 0 24.0 1 78
399.99999999999994 0.0 0 0 24.0 1 79
420.9343824971776 0.5481860981704472 0 0 24.0 1 80
441.8113853070612 2.1912418526906663 0 0 24.0 1 81
462.5737860160923 4.924663761944885 0 0 24.0 1 82
483.1646763271038 8.740959706477781 0 0 24.0 1 83
503.5276180410081 13.629669484372641 0 0 24.0 1 84
523.6067977499789 19.577393481938543 0 0 24.0 1 85
543.3471798181201 26.567829401119297 0 0 24.0 1 86
562.6946572303199 34.58181694295956 0 0 24.0 1 87
581.5961998958187 43.59739032465279 0 0 24.0 1 88
600.0 53.58983848622455 0 0 24.0 1 89
617.8556140060107 64.53177282183032 0 0 24.0 1 90
635.1141009169892 76.39320225002098 0 0 24.0 1 91
651.728156419935 89.14161541721171 0 0 24.0 1 92
667.6522425435431 102.74206980904216 0 0 24.0 1 93
682.842712474619 117.15728752538092 0 0 24.0 1 94
697.2579301909577 132.34775745645675 0 0 24.0 1 95
710.8583845827882 148.27184358006485 0 0 24.0 1 96
723.6067977499789 164.88589908301066 0 0 24.0 1 97
735.4682271781696 182.1443859939892 0 0 24.0 1 98
746.4101615137754 199.99999999999983 0 0 24.0 1 99
756.4026096753471 218.40380010418122 0 0 24.0 1 100
765.4181830570403 237.30534276967995 0 0 24.0 1 101
773.4321705988806 256.6528201818797 0 0 24.0 1 102
780.4226065180615 276.3932022500209 0 0 24.0 1 103
786.3703305156273 296.4723819589917 0 0 24.0 1 104
791.2590402935223 316.83532367289604 0 0 24.0 1 105
795.0753362380551 337.4262139839076 0 0 24.0 1 106
797.8087581473094 358.18861469293864 0 0 24.0 1 107
799.4518139018296 379.06561750282225 0 0 24.0 1 108
800.0 399.9999999999999 0 0 24.0 1 109
273.0215810182947 61.00076532106078 0 0 13.0 1 110
459.81560349090614 231.2899126340731 0 0 10.0 1 111
629.9875373734731 280.89192868287506 0 0 11.0 1 112
285.67061234069126 330.10871930313834 0 0 12.0 1 113
551.0358270147693 302.08075287276415 0 0 11.0 1 114
310.23689858247127 496.7811222496746 0 0 10.0 1 115
295.3219708204115 134.91980419677287 0 0 12.0 1 116
584.868355733524 536.834538945338 0 0 12.0 1 117
302.1539829424845 491.554120311324 0 0 12.0 1 118
362.1800359740273 203.6084260435949 0 0 10.0 1 119
302.42835295844344 209.53799934475668 0 0 11.0 1 120
287.7508768489333 516.8081091012805 0 0 12.0 1 121
609.6202065149953 497.05858550695405 0 0 13.0 1 122
409.7162948159259 156.1935324585297 0 0 13.0 1 123
233.58343691183228 229.8543931512721 0 0 10.0 1 124
410.5127124237887 136.2093957748026 0 0 11.0 1 125
483.65731884563 617.4636820334848 0 0 12.0 1 126
324.39589437714494 544.4057450829716 0 0 13.0 1 127
518.1966907756904 265.57328282787 0 0 12.0 1 128
576.0 400.0 0 0 13.0 1 129
460.2294752533995 673.4454430241984 0 0 10.0 1 130
569.8363086860494 493.76368301158476 0 0 10.0 1 131
513.0842930627065 269.076577105134 0 0 13.0 1 132
670.6424210280795 623.5031989481577 0 0 13.0 1 133
458.81066066717085 720.6513779666179 0 0 11.0 1 134
153.14464393966418 272.1468295882936 0 0 13.0 1 135
439.1777985218141 552.0332203927292 0 0 13.0 1 136
567.0531966126375 417.8109376928751 0 0 12.0 1 137
672.0420969765494 291.1785982786396 0 0 11.0 1 138
572.2686573376593 310.78391569296434 0 0 13.0 1 139
260.13994958151716 503.5140874322883 0 0 11.0 1 140
241.8065382897554 423.9755849173565 0 0 13.0 1 141
216.51778511266065 641.129170404653 0 0 12.0 1 142
581.7843295743479 614.2789245847683 0 0 12.0 1 143
280.11275106739834 441.90522095601443 0 0 12.0 1 144
716.1293761796546 498.0979995528065 0 0 10.0 1 145
191.0738729328414 454.8258463565998 0 0 10.0 1 146
31.13008874841688 390.20262416515624 0 0 13.0 1 147
272.6831103508398 426.27564671066284 0 0 12.0 1 148
208.41725252060058 309.225274066816 0 0 11.0 1 149
429.6376811698725 751.7536181119862 0 0 13.0 1 150
640.0425716625915 330.1461254502685 0 0 12.0 1 151
625.1144453728879 363.8408174254854 0 0 10.0 1 152
373.7805027196584 275.73601502299164 0 0 10.0 1 153
632.6472369121266 433.170214909657 0 0 12.0 1 154
708.3964779526509 520.2190184055754 0 0 10.0 1 155
455.88145053625556 211.09191789136173 0 0 10.0 1 156
82.13749998134006 279.3209583983723 0 0 11.0 1 157
223.38033790922748 489.49578181647075 0 0 12.0 1 158
595.3696353432495 630.29265204484 0 0 12.0 1 159
141.9129057970449 500.5984682083928 0 0 12.0 1 160
426.62266590910747 193.71080091315483 0 0 12.0 1 161
443.64106305337646 696.8087896534926 0 0 10.0 1 162
618.0784616647098 535.9808242288364 0 0 12.0 1 163
290.2210067023431 287.761091280461 0 0 10.0 1 164
471.7223331734993 577.022334534797 0 0 11.0 1 165
228.2041223435717 522.503781248815 0 0 12.0 1 166
212.2987418566166 343.57094993364717 0 0 10.0 1 167
588.4402717033458 268.1278497924252 0 0 10.0 1 168
227.06099011782146 395.40665035385376 0 0 10.0 1 169
508.87534007474574 617.244471330362 0 0 13.0 1 170
392.5591278928735 213.14809762197928 0 0 13.0 1 171
311.9653881586514 507.568151038972 0 0 13.0 1 172
254.96550980308578 383.2370452091168 0 0 13.0 1 173
560.4053802518458 301.94841160766055 0 0 10.0 1 174
436.9821639164725 601.6366027090696 0 0 11.0 1 175
401.06659321512024 159.00236022128047 0 0 12.0 1 176
489.0769996726175 556.4138361185624 0 0 13.0 1 177
215.04765226735452 419.7136771857152 0 0 11.0 1 178
330.1010770284168 284.5048028383315 0 0 13.0 1 179
501.2251411866293 202.420975830563 0 0 10.0 1 180
137.48839046483556 538.9123999477994 0 0 12.0 1 181
411.20205446184207 761.8266352493054 0 0 10.0 1 182
188.92163620763668 311.19164263010646 0 0 12.0 1 183
533.2271923649502 200.3740617691364 0 0 10.0 1 184
543.1648885046875 377.00402862585696 0 0 10.0 1 185
257.02293037656693 351.43501712245785 0 0 10.0 1 186
525.3915037221759 155.25120879912083 0 0 11.0 1 187
626.8577353987932 408.035414720541 0 0 12.0 1 188
535.953127906917 557.419017314699 0 0 10.0 1 189
558.8122401626097 126.80652940721006 0 0 10.0 1 190
638.728535929943 583.3294469875092 0 0 11.0 1 191
246.60424581997978 571.3760269102502 0 0 11.0 1 192
479.60257560844866 217.6146114500912 0 0 13.0 1 193
204.27603225728694 410.39848311290734 0 0 13.0 1 194
377.7920800609944 257.7227766225995 0 0 10.0 1 195
182.4505195571768 610.9057219685081 0 0 11.0 1 196
605.2318916044687 279.48497741587744 0 0 13.0 1 197
249.5924519384548 183.0355570926103 0 0 10.0 1 198
166.00059122685315 362.40642749328396 0 0 10.0 1 199
129.84851836298122 643.9552765761042 0 0 12.0 1 200
458.2694582683932 717.7005984147779 0 0 10.0 1 201
100.00000013630228 399.99095669399213 0 0 11.0 1 202
198.91133222078116 149.7913916533267 0 0 12.0 1 203
300.32434836851803 187.1860801736892 0 0 13.0 1 204
457.2997614635717 206.29729651804604 0 0 12.0 1 205
128.5797615125025 624.1317785129766 0 0 13.0 1 206
301.42589123832147 243.44922522759344 0 0 12.0 1 207
649.0288365255601 315.4208147430715 0 0 11.0 1 208
269.5357049453869 225.34872541002497 0 0 12.0 1 209
433.33036654499216 520.474423285511 0 0 12.0 1 210
425.4331225866571 584.2529681592459 0 0 11.0 1 211
251.48576731279766 467.1753130944063 0 0 10.0 1 212
638.9159331552096 393.66147615170433 0 0 11.0 1 213
540.1562083827325 305.56887561944393 0 0 11.0 1 214
115.13964009164738 239.4273517908986 0 0 11.0 1 215
546.5015954283051 520.9846376072649 0 0 12.0 1 216
211.1565550833955 428.62085449509436 0 0 10.0 1 217
371.81735333523466 527.9325542110724 0 0 13.0 1 218
596.7109344556751 155.2535837533569 0 0 13.0 1 219
674.2464693660659 524.0559310966125 0 0 10.0 1 220
201.9791191379572 271.6110178301087 0 0 11.0 1 221
520.8119024905211 621.1526265198331 0 0 13.0 1 222
233.45764475889104 241.36947358486051 0 0 10.0 1 223
337.1547770273411 212.23824151463435 0 0 13.0 1 224
275.17515412179927 456.46023247812064 0 0 13.0 1 225
183.9318445251911 542.8129972716553 0 0 12.0 1 226
318.49327236325973 666.8288840248563 0 0 11.0 1 227
459.4668820492896 118.20629897150667 0 0 12.0 1 228
534.0715834358916 483.5991059461328 0 0 11.0 1 229
497.26047399972674 666.8265357818605 0 0 13.0 1 230
392.11649530957504 561.8080664052198 0 0 12.0 1 231
124.30934813552193 345.63397683719035 0 0 12.0 1 232
321.50822704581805 641.5678819266111 0 0 10.0 1 233
291.07134745720424 92.73700409061479 0 0 12.0 1 234
323.8423135929242 745.7108716848828 0 0 13.0 1 235
56.09413473554645 372.5453858758222 0 0 10.0 1 236
569.9501407371148 350.5434568187901 0 0 13.0 1 237
169.33174829209622 432.88096187794906 0 0 12.0 1 238
644.3263428365019 222.49327281440816 0 0 12.0 1 239
252.0057976935937 398.6900062250202 0 0 12.0 1 240
423.2919689330252 250.80722476197786 0 0 10.0 1 241
391.0945595163718 582.7831861244151 0 0 10.0 1 242
661.3434071257138 418.5370858530504 0 0 10.0 1 243
376.1850398555111 758.2092233225108 0 0 12.0 1 244
432.1332462788409 632.7927285882945 0 0 11.0 1 245
709.5256898164916 556.8529481508876 0 0 10.0 1 246
366.1417515434959 239.53312176197346 0 0 12.0 1 247
286.2917333335189 711.9205509287652 0 0 12.0 1 248
133.97732307333342 619.6746124630026 0 0 12.0 1 249
515.9036935885107 558.0580077457028 0 0 12.0 1 250
618.9914793138506 398.068164621059 0 0 11.0 1 251
396.34889451365865 674.9757615294984 0 0 13.0 1 252
234.08455985412277 484.0717950397149 0 0 10.0 1 253
244.71380538407595 132.853602379322 0 0 10.0 1 254
590.6847961087675 466.658146786104 0 0 11.0 1 255
329.79635502479124 137.21596655771714 0 0 10.0 1 256
487.5289735506386 536.3182995388793 0 0 13.0 1 257
529.6229886977994 362.278907743145 0 0 11.0 1 258
538.4044781935842 82.88771639061082 0 0 12.0 1 259
483.11302034072526 119.03518752370042 0 0 11.0 1 260
381.57322869365373 257.18384510419133 0 0 12.0 1 261
287.252420144178 243.35714750855993 0 0 10.0 1 262
358.9666528077703 164.54880671739645 0 0 11.0 1 263
551.5153669271788 128.40454056644768 0 0 10.0 1 264
236.23096576630132 408.7007715842694 0 0 12.0 1 265
200.20895175807715 122.42561890117872 0 0 13.0 1 266
244.60189781892765 672.8505631999337 0 0 10.0 1 267
291.9344657557268 568.2909394723905 0 0 10.0 1 268
663.604903572507 625.6578268364058 0 0 13.0 1 269
557.1369273116264 512.0579585529766 0 0 10.0 1 270
474.1847149440289 190.7617910880683 0 0 11.0 1 271
196.4456849561028 340.757778341711 0 0 13.0 1 272
574.5614360572516 412.3816413140604 0 0 12.0 1 273
586.9404819236657 419.9312874182174 0 0 11.0 1 274
143.59194338048462 436.5500820875056 0 0 11.0 1 275
551.1672082348589 336.4038117928534 0 0 12.0 1 276
207.06217789476779 365.48917849007694 0 0 13.0 1 277
511.07411961180253 488.4677339625187 0 0 11.0 1 278
544.909126135793 405.1327538963808 0 0 12.0 1 279
493.1096867204747 542.23426534705 0 0 10.0 1 280
576.6639602436318 180.1958936893205 0 0 12.0 1 281
450.6566158400794 109.38185316186701 0 0 10.0 1 282
76.14008432336021 342.07112103691486 0 0 12.0 1 283
667.6014609364481 535.6077361535051 0 0 13.0 1 284
612.8282632942532 166.41889985884558 0 0 13.0 1 285
680.5094631324146 241.89104676469287 0 0 13.0 1 286
405.2661679903455 162.0582687406485 0 0 12.0 1 287
226.68071668543382 415.3761513820962 0 0 13.0 1 288
94.18616646158301 541.5870729146463 0 0 13.0 1 289
320.6660439942484 245.13837329900778 0 0 11.0 1 290
699.9664373803164 442.7684047558556 0 0 11.0 1 291
62.60594048868421 442.01486173337616 0 0 11.0 1 292
195.96913239498699 167.93879026354782 0 0 10.0 1 293
659.9417877141558 643.2411704460591 0 0 10.0 1 294
504.02985654378165 627.3274927224602 0 0 11.0 1 295
569.2999050457653 469.47331970976245 0 0 12.0 1 296
548.5185632311898 303.71274032488475 0 0 12.0 1 297
505.80857539776025 64.2790662286659 0 0 10.0 1 298
593.9232442746035 365.31894854517134 0 0 11.0 1 299
313.1646133853341 667.2463575644792 0 0 10.0 1 300
540.0488383741708 645.9173090086288 0 0 12.0 1 301
515.5708375399006 587.1987753975061 0 0 13.0 1 302
305.56395325815527 645.4604511439106 0 0 13.0 1 303
512.9567441531157 98.46264916211862 0 0 10.0 1 304
699.4248882740671 381.4329247843838 0 0 10.0 1 305
432.8534014891405 47.52779682563147 0 0 13.0 1 306
120.5827434791754 429.7824908020751 0 0 13.0 1 307
535.5364455693551 211.70801418428547 0 0 11.0 1 308
129.8005150943792 505.3196959582451 0 0 13.0 1 309
290.15818878494844 499.1906069595149 0 0 13.0 1 310
377.6444524548948 736.2576831746132 0 0 13.0 1 311
209.72098618895126 432.29391433528497 0 0 12.0 1 312
89.86771811708115 309.73944530364463 0 0 12.0 1 313
323.6236642571527 609.512900172032 0 0 13.0 1 314
288.34343554177224 117.24779114322439 0 0 10.0 1 315
501.61517206660625 320.5307807646633 0 0 10.0 1 316
346.4996447836852 230.23041499806823 0 0 12.0 1 317
223.9528673399024 481.5070983544255 0 0 11.0 1 318
242.2557398457627 426.77215696189427 0 0 11.0 1 319
520.3247124495507 433.8668506645207 0 0 10.0 1 320
640.5179739725081 633.1868439602885 0 0 12.0 1 321
339.53845671351024 549.2159568659329 0 0 11.0 1 322
313.23477380605067 684.0436507361374 0 0 11.0 1 323
555.5726112654575 219.8856956706468 0 0 11.0 1 324
120.01096860950162 397.5216333986869 0 0 13.0 1 325
350.0483790581613 273.50559077460036 0 0 10.0 1 326
93.9248239676138 350.8269726705402 0 0 12.0 1 327
412.99557072890207 174.37394844249457 0 0 13.0 1 328
350.07764748571606 140.7631223775453 0 0 13.0 1 329
413.80215048995973 275.7643342600342 0 0 11.0 1 330
227.58103587095016 306.7921633731078 0 0 12.0 1 331
727.930266197556 237.46464842502698 0 0 12.0 1 332
541.7348874650436 357.3945816207441 0 0 10.0 1 333
386.8652866055465 597.5638613310783 0 0 12.0 1 334
210.90307099161734 105.47945497877623 0 0 13.0 1 335
587.3355788386133 280.8808122039035 0 0 12.0 1 336
557.623386047606 471.30124943426574 0 0 11.0 1 337
555.472193440069 710.2215290190766 0 0 12.0 1 338
433.31316431517087 208.88162546916 0 0 11.0 1 339
352.9867097017989 280.9464383760945 0 0 12.0 1 340
263.0681544097192 274.1204160189608 0 0 12.0 1 341
609.1732588443125 157.82950678406294 0 0 13.0 1 342
712.6959994834353 528.3168418683044 0 0 12.0 1 343
286.43607623691446 522.4427834522398 0 0 13.0 1 344
37.749395230992604 335.20417185891995 0 0 10.0 1 345
462.22970956410137 529.8593979947835 0 0 10.0 1 346
46.57267871364098 450.3798428773726 0 0 10.0 1 347
119.33563482925729 372.58624207986077 0 0 13.0 1 348
436.55759362335743 165.83650508999176 0 0 10.0 1 349
620.0821481302979 645.8939773039463 0 0 13.0 1 350
177.91779106912207 320.15331893947075 0 0 12.0 1 351
553.3364478089121 543.4849600945854 0 0 13.0 1 352
261.8494904037774 130.32716729654805 0 0 13.0 1 353
119.53644483613186 503.63973284818854 0 0 11.0 1 354
445.2412353653336 707.691778607454 0 0 10.0 1 355
50.72643393681784 331.1234724343052 0 0 12.0 1 356
267.9969635408803 255.1166042447503 0 0 11.0 1 357
401.048890423168 163.00232104748326 0 0 12.0 1 358
578.0517886846425 700.1642226285462 0 0 11.0 1 359
564.9419622201237 395.62403165285025 0 0 11.0 1 360
281.2375214603619 146.43447850482116 0 0 10.0 1 361
72.33947343070531 230.29561193554082 0 0 12.0 1 362
267.3742016481546 509.5189372279317 0 0 11.0 1 363
369.6112868074282 225.62819576978734 0 0 12.0 1 364
251.6809232166393 97.39390048756195 0 0 12.0 1 365
555.720319164236 567.9052774613963 0 0 10.0 1 366
254.00800305756155 496.49526842679415 0 0 13.0 1 367
659.6194734866447 592.1632873014963 0 0 10.0 1 368
197.38638877223593 582.9664574320782 0 0 13.0 1 369
365.1459034290607 176.70380219935757 0 0 11.0 1 370
306.5233128787037 545.5716626436179 0 0 12.0 1 371
292.7420323121551 97.44962672726177 0 0 13.0 1 372
289.79462405438153 629.9560286504463 0 0 11.0 1 373
379.21140393669043 550.5716914752456 0 0 13.0 1 374
538.3398189547399 709.4884399966658 0 0 12.0 1 375
562.7450415409442 312.0281212327692 0 0 11.0 1 376
643.2213360739206 436.8697935770863 0 0 12.0 1 377
424.7869117019756 642.7377370914512 0 0 13.0 1 378
434.1327964420648 734.2618018964245 0 0 10.0 1 379
345.58976252826596 557.8877007821367 0 0 10.0 1 380
617.9352707525652 247.48699149906568 0 0 10.0 1 381
610.7717918951142 590.3450859395184 0 0 12.0 1 382
761.5940982189069 358.21832778291986 0 0 11.0 1 383
341.28009944449894 592.2315616093051 0 0 12.0 1 384
164.2298653229481 319.9160216125298 0 0 11.0 1 385
65.06559209027131 373.26159320080075 0 0 12.0 1 386
133.11159131331613 632.5652108736163 0 0 12.0 1 387
287.89837197180793 536.9752714668924 0 0 10.0 1 388
268.1857268101426 675.0454460328867 0 0 13.0 1 389
684.7777241008234 193.1047418234161 0 0 10.0 1 390
329.1867120696286 64.38939490461519 0 0 12.0 1 391
247.53661720852486 358.5401771858571 0 0 10.0 1 392
554.9742902482209 506.4282357368579 0 0 11.0 1 393
700.1030299728199 286.0738335537758 0 0 10.0 1 394
464.21214121815905 558.4859644264412 0 0 11.0 1 395
326.19760262179636 242.4271402137103 0 0 12.0 1 396
240.16852361136446 539.27634097516 0 0 12.0 1 397
666.5133497631092 649.3905258786841 0 0 10.0 1 398
317.389793678318 280.8339234031382 0 0 12.0 1 399
186.7955187189856 496.43572554657106 0 0 11.0 1 400
367.9303978704639 534.2219826230162 0 0 12.0 1 401
211.59739761101233 561.271384358965 0 0 12.0 1 402
377.0231306668684 566.421343209482 0 0 13.0 1 403
641.4492842405515 258.2176204892676 0 0 11.0 1 404
313.3097306119417 502.1802191885782 0 0 10.0 1 405
243.3187200745507 80.33302247350758 0 0 11.0 1 406
529.7950165734559 53.51298195647172 0 0 13.0 1 407
226.52760299889317 619.7892797173929 0 0 11.0 1 408
516.4971916872883 613.2543184298391 0 0 13.0 1 409
473.50767364426076 51.671675117556845 0 0 10.0 1 410
248.6001115327119 91.10831385080508 0 0 13.0 1 411
249.60207518009716 713.8223449817856 0 0 11.0 1 412
417.3656267123949 525.8071341732485 0 0 13.0 1 413
586.7452909167804 343.8644825408452 0 0 13.0 1 414
527.0817926648544 642.7472306187796 0 0 12.0 1 415
526.4938746464101 444.2187706402868 0 0 12.0 1 416
622.4078999087563 681.8079595365905 0 0 10.0 1 417
162.50729132343966 596.1153061988545 0 0 12.0 1 418
165.3053172997285 241.8626991749926 0 0 13.0 1 419
540.0742923554452 333.63590864691 0 0 11.0 1 420
632.824782617088 633.8645347189388 0 0 12.0 1 421
519.2590609605418 446.48952977617415 0 0 10.0 1 422
277.3086457097639 587.4108630320766 0 0 13.0 1 423
567.1248377330337 333.1472617411438 0 0 12.0 1 424
255.99623656225964 295.3724887242016 0 0 13.0 1 425
156.46071582266765 468.5391644418909 0 0 11.0 1 426
386.72386847418926 169.38182133294572 0 0 13.0 1 427
455.57731108786595 675.4490197699795 0 0 12.0 1 428
667.9663906339678 308.98893753722143 0 0 11.0 1 429
345.39808843343866 730.5202433335626 0 0 12.0 1 430
480.85951275367034 295.6652541229 0 0 12.0 1 431
513.2786306494968 284.19001840007536 0 0 10.0 1 432
384.1356634007498 725.6137632598869 0 0 13.0 1 433
41.699737332114296 316.06596773582174 0 0 10.0 1 434
234.38276893027663 595.2099709871344 0 0 11.0 1 435
627.7708470933283 299.39462631455683 0 0 12.0 1 436
637.1620608026403 330.9843719448653 0 0 12.0 1 437
314.1316207567512 710.3395260777099 0 0 13.0 1 438
656.3654665356478 325.39606198088677 0 0 13.0 1 439
254.25847345734283 503.9250087371464 0 0 11.0 1 440
544.0876271490614 220.72714733526144 0 0 11.0 1 441
106.95085884870076 366.1296461417085 0 0 10.0 1 442
140.4700926977394 427.6627405670519 0 0 10.0 1 443
553.6298690350044 327.21357722564323 0 0 10.0 1 444
415.22228566869734 712.629624346479 0 0 10.0 1 445
396.64131386964004 248.03711233502528 0 0 12.0 1 446
619.0570987093464 329.9001604492303 0 0 10.0 1 447
457.6030128731438 535.2438276149283 0 0 10.0 1 448
70.70885692802966 455.8868776579543 0 0 13.0 1 449
637.2360501024336 357.57292690043806 0 0 11.0 1 450
544.415269131906 456.2959149633359 0 0 13.0 1 451
274.3233854978498 231.7579464958956 0 0 11.0 1 452
174.7552047173807 548.8784141441967 0 0 10.0 1 453
644.2053804296359 326.59201563033605 0 0 10.0 1 454
661.6235586177161 538.4525679653595 0 0 12.0 1 455
568.2820728819551 336.11616834791164 0 0 13.0 1 456
565.2439194315625 454.5018081433568 0 0 10.0 1 457
619.288270489977 526.1810382962301 0 0 11.0 1 458
547.8048307286501 194.66434305441476 0 0 13.0 1 459
372.16713862070173 101.29390393324616 0 0 13.0 1 460
290.62663208504523 644.6660303167155 0 0 11.0 1 461
544.2882716101867 596.7660912752626 0 0 10.0 1 462
287.3587518562553 489.7103629276982 0 0 11.0 1 463
311.427909779437 281.4294099113931 0 0 10.0 1 464
588.4402717033458 268.1278497924252 0 0 12.0 1 465
559.9497375017887 374.3079492233712 0 0 12.0 1 466
171.5274085683044 286.75126947958535 0 0 13.0 1 467
174.21532140867728 288.0836074857079 0 0 10.0 1 468
417.4727410358189 571.1102081136459 0 0 12.0 1 469
371.64922191503763 677.5558202992278 0 0 12.0 1 470
111.23037847707974 435.9597787188602 0 0 11.0 1 471
221.39972928809328 185.65694949069695 0 0 11.0 1 472
339.81561958184363 282.51876595097144 0 0 11.0 1 473
413.0337781444437 667.6828732423526 0 0 13.0 1 474
450.4071038306143 595.6096211422374 0 0 10.0 1 475
337.6773848084544 42.390028612614685 0 0 13.0 1 476
689.848425507456 606.6975815795839 0 0 10.0 1 477
44.06471115194961 453.9450660640521 0 0 11.0 1 478
602.4047125792465 507.1136421083355 0 0 10.0 1 479
357.45940621232086 657.5098015225667 0 0 11.0 1 480
578.7092746161961 371.2946840088283 0 0 11.0 1 481
656.4784921928099 553.6872897883973 0 0 12.0 1 482
51.39485922982766 508.16402280152266 0 0 10.0 1 483
294.2626323631929 253.09659947693962 0 0 10.0 1 484
419.60836114405134 59.564231941994024 0 0 13.0 1 485
213.14823957172678 285.7746979655769 0 0 13.0 1 486
160.69038650452006 334.92382241830734 0 0 12.0 1 487
428.1585889423252 181.80950096583683 0 0 13.0 1 488
615.8791964418695 304.64711570375664 0 0 10.0 1 489
412.2520824513355 237.46112318707972 0 0 12.0 1 490
275.7040673839748 413.2484389688946 0 0 12.0 1 491
591.2448688169534 531.3369717603779 0 0 10.0 1 492
217.13620844137188 492.65977410291157 0 0 11.0 1 493
347.7354021318395 260.4671658365692 0 0 11.0 1 494
412.09015889082616 543.4915609295354 0 0 10.0 1 495
661.9804314752653 636.5908990727113 0 0 12.0 1 496
247.96855741646488 579.196653054596 0 0 12.0 1 497
548.2750544874222 554.3065397731152 0 0 13.0 1 498
680.8298834580984 434.979659188032 0 0 12.0 1 499
554.9742902482209 506.4282357368579 0 0 12.0 1 500
189.2395517201673 315.68491569781855 0 0 11.0 1 501
171.6246187325823 359.1504561719278 0 0 12.0 1 502
473.04668906459716 563.4171998802453 0 0 11.0 1 503
128.60756769645144 549.8203847557595 0 0 10.0 1 504
507.18368685071835 222.9105952545801 0 0 13.0 1 505
268.1858992753157 407.00306005563147 0 0 10.0 1 506
265.3181224690368 168.300211772357 0 0 12.0 1 507
662.7428245367782 388.3720958708888 0 0 10.0 1 508
515.0886170798659 202.02118745016173 0 0 10.0 1 509
578.8997878552404 235.5498072200888 0 0 12.0 1 510
456.2725054219855 189.38802234076854 0 0 10.0 1 511
270.89525829981005 220.63175958234064 0 0 12.0 1 512
571.9790684131121 662.7150548174925 0 0 13.0 1 513
216.61489459882992 632.3486671298153 0 0 11.0 1 514
326.9629982159298 168.2359036209583 0 0 11.0 1 515
115.7935293950805 292.09873927383876 0 0 13.0 1 516
222.11683583579207 284.6675244914536 0 0 12.0 1 517
611.0 400.0 0 0 13.0 1 518
142.42342708206604 198.5470052745498 0 0 11.0 1 519
697.15571651007 304.9080437398255 0 0 11.0 1 520
610.9822185223603 516.479626833979 0 0 11.0 1 521
329.07806880039766 514.8698379685411 0 0 11.0 1 522
538.6326894338082 364.9289660781254 0 0 12.0 1 523
495.59415650110725 76.84251943852234 0 0 13.0 1 524
258.52810097730685 230.21571984746964 0 0 10.0 1 525
595.1674948750322 521.6949010608263 0 0 11.0 1 526
637.5986034520448 233.72641930349263 0 0 11.0 1 527
278.71544857977227 243.49422506886802 0 0 12.0 1 528
515.8626043373017 334.6941280115036 0 0 12.0 1 529
586.9706987171182 403.31025999471234 0 0 10.0 1 530
270.55245724394945 309.4056642255132 0 0 12.0 1 531
492.9819920207382 550.6099238425389 0 0 13.0 1 532
554.5242764297082 287.73581161441047 0 0 12.0 1 533
348.17008311492816 515.942484515757 0 0 12.0 1 534
700.236494942914 346.3059863262805 0 0 13.0 1 535
297.04262384246505 496.33679823803493 0 0 12.0 1 536
592.2047008289562 132.98248563202554 0 0 13.0 1 537
537.430267069727 567.934277898062 0 0 13.0 1 538
74.88678646429219 356.5788256206118 0 0 11.0 1 539
180.1664124775562 556.758393067204 0 0 10.0 1 540
404.1859273445058 715.9722741195286 0 0 13.0 1 541
706.8963550755713 443.7564537106113 0 0 11.0 1 542
499.8143117557303 659.4631056021836 0 0 13.0 1 543
429.38580285964696 748.7642105926209 0 0 13.0 1 544
119.88169290275209 478.8335843975899 0 0 11.0 1 545
687.0263941485491 506.07473338209127 0 0 12.0 1 546
157.23454555857668 671.221190414483 0 0 13.0 1 547
254.24902795414815 541.299873134017 0 0 10.0 1 548
573.8815782986685 681.6490666207932 0 0 13.0 1 549
126.54894824474457 429.14656573156816 0 0 12.0 1 550
578.055097149797 572.627872543736 0 0 13.0 1 551
684.4621887593287 338.6627098230443 0 0 10.0 1 552
223.31893150973963 525.9873010947529 0 0 13.0 1 553
245.918702774321 659.7363159923 0 0 10.0 1 554
428.00733183047254 633.3250722998662 0 0 11.0 1 555
281.7781897772528 247.44639110248247 0 0 13.0 1 556
588.7277630018367 477.44566787317785 0 0 12.0 1 557
315.2227389959488 511.4128180087506 0 0 10.0 1 558
500.2979934163841 180.86234345360228 0 0 10.0 1 559
145.16098932095372 237.94729673305378 0 0 12.0 1 560
532.1278608972003 587.0380399136232 0 0 13.0 1 561
201.5035513880236 312.3178473779697 0 0 13.0 1 562
319.18866621956624 299.4488770195612 0 0 13.0 1 563
254.8707792489487 302.2119164509671 0 0 10.0 1 564
234.9310006180311 91.37040737635743 0 0 10.0 1 565
414.49480046310254 36.28871235616725 0 0 11.0 1 566
592.9066675169743 420.56739233582005 0 0 12.0 1 567
138.65603420455898 418.5292078166157 0 0 12.0 1 568
528.3926760487843 515.9496474209038 0 0 11.0 1 569
510.5664716172127 507.1963402086102 0 0 11.0 1 570
170.77050662613547 428.5453913541468 0 0 12.0 1 571
289.7961582756733 585.7716697163471 0 0 12.0 1 572
365.54829124430006 686.9391569023169 0 0 13.0 1 573
212.0645498845699 420.03163972096866 0 0 12.0 1 574
229.49480780093583 466.4603598633064 0 0 10.0 1 575
340.9323891642059 142.6927569030534 0 0 10.0 1 576
579.2850644025782 78.62659462525 0 0 11.0 1 577
501.320207665813 509.24841197269893 0 0 11.0 1 578
427.46213650192885 269.8661033444805 0 0 12.0 1 579
385.7738031114884 539.2753220139494 0 0 10.0 1 580
213.9569485184902 329.3672668272826 0 0 10.0 1 581
100.04684745804792 405.3015356402113 0 0 12.0 1 582
382.43243707874444 760.5722961252122 0 0 10.0 1 583
605.8905542821097 638.3989925679335 0 0 10.0 1 584
187.39397952077724 585.2638120518637 0 0 12.0 1 585
647.5245743065623 384.65121782175726 0 0 11.0 1 586
645.3013391917441 524.3070914740464 0 0 12.0 1 587
582.8210528145643 391.9091009291736 0 0 10.0 1 588
406.43888607222914 109.07124455264164 0 0 11.0 1 589
250.9160603390594 485.77866247017977 0 0 11.0 1 590
66.95719589025055 355.51977258696814 0 0 13.0 1 591
572.2852482014796 518.3164961117197 0 0 10.0 1 592
559.8227837053471 626.242519895518 0 0 11.0 1 593
529.240720296083 520.9373235082934 0 0 11.0 1 594
534.366106779777 305.969423330251 0 0 11.0 1 595
602.640415331626 618.4968239453979 0 0 12.0 1 596
419.0963752052928 687.3661922600129 0 0 10.0 1 597
567.8776545682863 477.73090181292855 0 0 13.0 1 598
406.74598859856786 617.8955980230623 0 0 11.0 1 599
475.8904430920355 115.96366315681627 0 0 13.0 1 600
316.46575725245725 164.36886816764937 0 0 13.0 1 601
717.409539134143 325.65496340271926 0 0 13.0 1 602
79.84278057306818 357.24073376663904 0 0 11.0 1 603
484.06490473355876 588.0667216498913 0 0 13.0 1 604
767.4811466579167 419.53476006974944 0 0 13.0 1 605
528.5255874177444 374.65885995216996 0 0 13.0 1 606
449.76586826455286 516.8433068509925 0 0 11.0 1 607
514.550976401033 252.19244334077507 0 0 10.0 1 608
453.72167945664114 270.71743676598186 0 0 10.0 1 609
672.3988539359628 149.60258712523813 0 0 12.0 1 610
529.5294148890048 358.5496600917188 0 0 12.0 1 611
568.076348608267 157.56373819390734 0 0 10.0 1 612
571.3023536226959 291.0756976459117 0 0 11.0 1 613
433.7876643994215 95.87109026856382 0 0 10.0 1 614
183.9665461710406 353.41087222612066 0 0 11.0 1 615
544.6335770803123 545.2794836890378 0 0 13.0 1 616
210.36664433622738 453.3684402966502 0 0 10.0 1 617
142.4050405735291 232.9855189569635 0 0 13.0 1 618
303.7314133328794 747.9272326523394 0 0 11.0 1 619
219.38814828513122 704.4591253684578 0 0 13.0 1 620
159.36307445537523 425.64897784377996 0 0 10.0 1 621
535.8082498518388 407.2193678518639 0 0 11.0 1 622
590.0309810348485 86.0298959344488 0 0 11.0 1 623
276.5433049488404 599.9586068341271 0 0 10.0 1 624
654.0 400.0 0 0 13.0 1 625
471.9909026261432 505.83624114202644 0 0 13.0 1 626
487.81276602015373 208.14088991166008 0 0 13.0 1 627
211.15550988499297 289.1002319515365 0 0 11.0 1 628
340.85428267094954 518.0075595952736 0 0 13.0 1 629
674.7836446483783 168.96981012483718 0 0 13.0 1 630
411.98608499833483 99.23874290990756 0 0 12.0 1 631
101.69466003776142 292.74831399920436 0 0 11.0 1 632
269.64043606662415 599.1240419715814 0 0 13.0 1 633
333.62981267137303 175.60971894049652 0 0 11.0 1 634
706.0 400.0 0 0 12.0 1 635
168.9607148278085 238.30631209870074 0 0 12.0 1 636
109.31152069937775 301.261922229103 0 0 12.0 1 637
296.31242968531944 497.0200379418508 0 0 12.0 1 638
563.6668176891225 640.6120794713257 0 0 12.0 1 639
607.2862091347018 565.0982359159681 0 0 12.0 1 640
463.3270034429715 124.176341415509 0 0 10.0 1 641
500.861339004343 274.509003134683 0 0 13.0 1 642
706.8920145550182 391.8580467722729 0 0 10.0 1 643
470.6198533864547 674.0471424913525 0 0 10.0 1 644
241.23129790045726 513.2143949929807 0 0 11.0 1 645
263.26560378648355 630.4944790925047 0 0 10.0 1 646
433.4501211527254 241.4910431714725 0 0 12.0 1 647
288.73238866027305 86.13933239930896 0 0 13.0 1 648
679.1094012997066 452.4780154552296 0 0 12.0 1 649
278.04143612486433 331.2533004609352 0 0 10.0 1 650
693.0481003216579 179.0660485623191 0 0 12.0 1 651
534.036952066978 502.9324802022892 0 0 13.0 1 652
672.8824746195207 441.36610986697485 0 0 10.0 1 653
603.2013748578312 418.03333734745644 0 0 13.0 1 654
500.9922047158959 693.0879980255462 0 0 10.0 1 655
534.2436218612925 126.13205738976615 0 0 11.0 1 656
552.8861258474541 232.20598186062642 0 0 12.0 1 657
399.270338047969 234.00160364197563 0 0 10.0 1 658
499.53173652910573 633.6866137019848 0 0 13.0 1 659
459.2853967618143 199.58482659540405 0 0 13.0 1 660
519.6186072551674 316.2898524769308 0 0 13.0 1 661
528.5458494712185 687.5777539792027 0 0 11.0 1 662
533.2146322145483 188.44891452903713 0 0 12.0 1 663
156.09267180119068 454.8563145947512 0 0 11.0 1 664
769.7681149671962 413.09737201145447 0 0 12.0 1 665
392.41111722585197 644.8824388522792 0 0 12.0 1 666
291.3830048275705 467.72258382336304 0 0 12.0 1 667
187.69668278703355 256.95000349398623 0 0 13.0 1 668
91.19332575729555 410.9287667721584 0 0 10.0 1 669
321.6030862133199 265.1299740167451 0 0 11.0 1 670
347.19098702219145 719.6673398211173 0 0 10.0 1 671
569.1463449141156 189.5492599153069 0 0 13.0 1 672
151.97412904984495 422.00380283989637 0 0 10.0 1 673
562.1092756043422 212.31786775764877 0 0 10.0 1 674
320.8392373040153 585.8428735501848 0 0 12.0 1 675
686.0750982626686 297.15527162754273 0 0 10.0 1 676
304.0942482835285 614.5392430015975 0 0 13.0 1 677
412.938068203553 175.37229380336848 0 0 10.0 1 678
604.9707820488649 289.2029851201904 0 0 12.0 1 679
565.5767051264438 625.7971539224325 0 0 11.0 1 680
522.629596325948 170.7359991081569 0 0 13.0 1 681
376.6923183462141 541.0877456617894 0 0 13.0 1 682
353.96104020853403 181.8041838592688 0 0 13.0 1 683
713.6130643716436 223.23222619655104 0 0 11.0 1 684
492.37851261087815 601.8668135375447 0 0 10.0 1 685
534.822694080741 694.6164305683085 0 0 12.0 1 686
72.04339225505731 373.81864334245074 0 0 13.0 1 687
347.77515893993404 560.7282363999893 0 0 10.0 1 688
315.9294261549228 588.0641874822514 0 0 13.0 1 689
122.95370111214112 256.5101109048475 0 0 12.0 1 690
599.8565643761006 209.64939276224626 0 0 10.0 1 691
530.5862597802854 692.1424802328409 0 0 10.0 1 692
503.2346997145539 308.42163588026983 0 0 11.0 1 693
199.39306880173507 616.2911444216212 0 0 12.0 1 694
336.96553074216604 686.1392243041544 0 0 13.0 1 695
366.0247740576956 263.1545250212147 0 0 12.0 1 696
521.0053079199404 280.59432402435635 0 0 10.0 1 697
308.5616684884876 520.1666822808667 0 0 13.0 1 698
571.8916633167403 456.6944096203884 0 0 13.0 1 699
708.5390058981242 533.0401512303608 0 0 12.0 1 700
507.5367229319852 198.9531069102299 0 0 13.0 1 701
220.5772214550231 663.758348757343 0 0 10.0 1 702
170.24477312969165 622.7387162703717 0 0 11.0 1 703
332.7111754030117 198.96215758132567 0 0 10.0 1 704
498.87809891140387 704.3404697960273 0 0 13.0 1 705
680.5488559302639 349.82690525570473 0 0 13.0 1 706
76.27245361165433 446.1462426355766 0 0 10.0 1 707
369.0053831263599 658.1459543065827 0 0 13.0 1 708
438.94768843354115 635.8051686576946 0 0 12.0 1 709
642.6362544666738 195.99841172583115 0 0 11.0 1 710
110.57086833076056 204.98262195078593 0 0 12.0 1 711
431.36847877400385 531.3050590777251 0 0 13.0 1 712
241.68604072058162 180.0507097140919 0 0 12.0 1 713
416.11256657946586 642.4652247193859 0 0 10.0 1 714
69.20709005069529 411.7068666717943 0 0 12.0 1 715
212.40553727047296 369.8616929271053 0 0 13.0 1 716
478.10605692565485 703.0980763243581 0 0 13.0 1 717
470.96173094059395 535.5486360754498 0 0 10.0 1 718
320.9879367823023 730.6918412451123 0 0 10.0 1 719
142.2526301648208 388.5853890540517 0 0 12.0 1 720
306.4010178698851 83.55216773659765 0 0 13.0 1 721
330.3701629060522 670.1715858232881 0 0 12.0 1 722
650.9347918357159 252.6475984370602 0 0 12.0 1 723
203.8744120568401 545.1576858245882 0 0 13.0 1 724
265.5447424733278 354.3296187509206 0 0 13.0 1 725
343.68645238890645 76.87032888412568 0 0 13.0 1 726
728.8625984077162 486.30985672867956 0 0 10.0 1 727
641.393862272512 372.1072902506855 0 0 11.0 1 728
545.7941505762387 407.7502037233245 0 0 12.0 1 729
304.2055918358026 302.0590414358163 0 0 13.0 1 730
514.6750195483721 732.7966945322331 0 0 13.0 1 731
313.79405359661865 77.31666481719674 0 0 12.0 1 732
612.2001320485504 251.50049172277446 0 0 12.0 1 733
41.76689563651473 444.60989731102586 0 0 12.0 1 734
707.2585580553869 432.7594032565382 0 0 10.0 1 735
152.6634743234518 206.55583992724354 0 0 12.0 1 736
377.58850779906027 586.6593823447598 0 0 11.0 1 737
80.67304092425974 227.37528216550075 0 0 10.0 1 738
608.8907870792805 450.8884964741415 0 0 12.0 1 739
751.779395860684 412.4602025622486 0 0 12.0 1 740
61.23052874950827 278.19997804326044 0 0 13.0 1 741
479.42443896261653 523.6962347667608 0 0 13.0 1 742
75.96741652131448 270.37020078651403 0 0 13.0 1 743
570.9732057787552 403.0270291930257 0 0 11.0 1 744
192.33151885397967 644.7750026830865 0 0 11.0 1 745
470.8610631022651 210.8368171762359 0 0 12.0 1 746
578.2190029026939 465.8633965444358 0 0 10.0 1 747
307.5264096387051 653.67032756255 0 0 11.0 1 748
616.0684992018179 179.10318324458814 0 0 10.0 1 749
536.6980354038147 174.1468461217833 0 0 11.0 1 750
367.78782561672733 715.3591219887282 0 0 12.0 1 751
341.57223825323274 591.2751856809007 0 0 13.0 1 752
617.3843766118448 129.53182663189443 0 0 10.0 1 753
523.8148818791958 360.37835155826065 0 0 11.0 1 754
193.57124328981445 133.62400933438647 0 0 11.0 1 755
141.64852236252204 418.31704131489874 0 0 13.0 1 756
110.13843997391518 425.7152876562644 0 0 12.0 1 757
307.696835077391 584.1633127017149 0 0 13.0 1 758
590.6592389159969 435.8476584447695 0 0 12.0 1 759
241.60182192313832 293.2712916693413 0 0 10.0 1 760
253.0318539096322 693.2309056609829 0 0 13.0 1 761
302.80356845783064 177.285263856501 0 0 11.0 1 762
367.32537582364193 105.80895843868092 0 0 13.0 1 763
490.9252399347386 728.654226722874 0 0 13.0 1 764
587.2796821126569 538.6193372794075 0 0 10.0 1 765
146.21601472051924 330.9877632903824 0 0 10.0 1 766
265.42813967912684 389.2568901253217 0 0 12.0 1 767
330.3701629060522 670.1715858232881 0 0 13.0 1 768
523.4377295089328 468.14783146718275 0 0 11.0 1 769
144.47286272677525 147.8356049777238 0 0 10.0 1 770
748.0274929429947 437.1061201934898 0 0 11.0 1 771
281.12791233129946 585.1200334196296 0 0 10.0 1 772
435.6402014935908 642.3938448836857 0 0 11.0 1 773
199.88719917372322 653.5426333882783 0 0 11.0 1 774
550.771114078427 140.63911019671843 0 0 13.0 1 775
136.91564942439703 323.4322229510793 0 0 10.0 1 776
514.9398907386693 485.0753872573188 0 0 12.0 1 777
416.76715977929365 270.0774755751119 0 0 12.0 1 778
570.4835681259697 345.4440379148358 0 0 12.0 1 779
41.76689563651473 444.60989731102586 0 0 11.0 1 780
693.068312048345 376.6127283948317 0 0 13.0 1 781
155.83018503875235 241.6898567311934 0 0 13.0 1 782
621.1254059592746 441.5758925261502 0 0 13.0 1 783
373.52602518181914 262.5258982305164 0 0 11.0 1 784
579.4713552935733 141.1273814612909 0 0 13.0 1 785
526.1204912746193 256.5614358666098 0 0 13.0 1 786
337.50569716329863 41.40487717628582 0 0 10.0 1 787
522.8636955120521 324.8966556994847 0 0 12.0 1 788
330.1719744748234 191.37582390514928 0 0 13.0 1 789
257.1786126639007 268.7062403638623 0 0 11.0 1 790
383.69546827505735 183.61339633602466 0 0 10.0 1 791
200.1143369346754 132.41501966490063 0 0 11.0 1 792
219.48703536036797 149.20911181422287 0 0 13.0 1 793
60.33474213544781 307.6338124646943 0 0 12.0 1 794
276.38273928265176 203.6768662313604 0 0 10.0 1 795
63.317306364375156 345.90966993759423 0 0 10.0 1 796
137.1714362137908 352.9878094737272 0 0 10.0 1 797
358.51437178060763 134.21824244082825 0 0 13.0 1 798
249.46653344639165 359.0649850695804 0 0 11.0 1 799
233.97452030064258 207.77216619178623 0 0 12.0 1 800
288.61488493235925 266.32368892968196 0 0 11.0 1 801
75.96741652131448 270.37020078651403 0 0 11.0 1 802
196.78947779870344 657.4674419546602 0 0 10.0 1 803
152.17256876736786 512.0962279857578 0 0 12.0 1 804
170.30111652558546 424.4831152145172 0 0 12.0 1 805
479.22272506357444 269.10783127512445 0 0 12.0 1 806
289.94279410716064 210.66323275427678 0 0 11.0 1 807
335.1171477266 721.5186082964221 0 0 13.0 1 808
270.0640125644382 720.6752861839302 0 0 13.0 1 809
644.2944479984583 317.028784044534 0 0 10.0 1 810
523.7673927466724 273.4668719556379 0 0 10.0 1 811
58.62454874622432 366.65631572124903 0 0 10.0 1 812
559.2687372420779 194.49216721177282 0 0 10.0 1 813
389.877969286368 607.7535667425045 0 0 11.0 1 814
586.3422827508465 472.63989027527214 0 0 11.0 1 815
596.6333269947958 262.39427804426975 0 0 12.0 1 816
516.4647175740199 89.09813516094215 0 0 10.0 1 817
748.7990351695893 484.9719545777525 0 0 11.0 1 818
573.2043746816473 548.2708487570619 0 0 13.0 1 819
286.23992139592866 478.1194247034341 0 0 11.0 1 820
353.33240258519083 568.6627859117989 0 0 10.0 1 821
259.895583858344 341.05296803395714 0 0 12.0 1 822
398.95825371908825 163.0022895370375 0 0 11.0 1 823
598.8548627938792 606.9438173592713 0 0 12.0 1 824
212.0662782783262 395.00838304349423 0 0 12.0 1 825
284.19732671296686 536.4944719011604 0 0 12.0 1 826
410.89260544355915 751.8314243308164 0 0 13.0 1 827
769.7681149671962 413.09737201145447 0 0 10.0 1 828
437.1803675529634 764.1066056371767 0 0 10.0 1 829
231.628780026633 215.1997503121815 0 0 13.0 1 830
152.64665712992027 371.41112504842516 0 0 10.0 1 831
299.47839052376787 532.1037699246614 0 0 10.0 1 832
521.5587453289655 440.0932841514349 0 0 11.0 1 833
347.9374008177617 636.3334207563323 0 0 12.0 1 834
159.42596965149858 298.7817411635711 0 0 10.0 1 835
747.3216804593221 478.12586180588664 0 0 12.0 1 836
210.88531507252188 694.5091440766835 0 0 12.0 1 837
412.3055404247126 186.35409277298157 0 0 13.0 1 838
527.6760593497439 208.6918091954224 0 0 13.0 1 839
484.5731724570578 294.7746299576535 0 0 11.0 1 840
430.9044708923271 68.43716481055162 0 0 10.0 1 841
421.8205315266882 548.4043948267463 0 0 12.0 1 842
722.7341694305384 302.9863108526402 0 0 12.0 1 843
417.70259419618475 763.5692755978222 0 0 10.0 1 844
756.3957671845344 450.8139462445809 0 0 12.0 1 845
517.3096152779929 464.764605791507 0 0 13.0 1 846
518.4569397644584 451.07791520451354 0 0 13.0 1 847
287.9943269007247 508.5851241818062 0 0 11.0 1 848
161.43984761453322 570.1118858099659 0 0 11.0 1 849
439.4631539892707 542.641717170045 0 0 12.0 1 850
447.90913837078693 125.14419332935898 0 0 11.0 1 851
630.3588871934182 494.52927108049647 0 0 12.0 1 852
477.1155638584262 292.86835289795556 0 0 10.0 1 853
605.6318086025102 376.23954354688027 0 0 10.0 1 854
355.46957516839984 249.44754646862373 0 0 11.0 1 855
386.8121619067583 670.67892590009 0 0 12.0 1 856
227.7505091361549 230.0173158902762 0 0 12.0 1 857
160.78656581643784 205.9872867410319 0 0 13.0 1 858
576.0627384579914 615.1416094730931 0 0 13.0 1 859
499.13987929867614 632.7665876637881 0 0 12.0 1 860
423.294832670469 219.49695079901045 0 0 12.0 1 861
493.49334296452605 656.4917051705912 0 0 12.0 1 862
174.07694872712332 292.95433262596225 0 0 10.0 1 863
510.9332069850055 273.8341425423584 0 0 11.0 1 864
159.85461223595672 549.7304001719667 0 0 10.0 1 865
614.2536607277048 365.5853393917997 0 0 11.0 1 866
523.479224441643 259.56538485369657 0 0 13.0 1 867
299.0667631045175 98.44323637198846 0 0 12.0 1 868
189.09680730964914 648.587697428929 0 0 10.0 1 869
370.7702672148444 559.3412147603639 0 0 12.0 1 870
258.13127300387 573.3472362066886 0 0 10.0 1 871
262.16870140324306 370.2757148591991 0 0 11.0 1 872
590.8852172743912 462.9589852690501 0 0 10.0 1 873
177.48601747346507 324.41873525680523 0 0 12.0 1 874
593.8599974433947 516.1649748902266 0 0 11.0 1 875
246.93647327888235 692.355189431783 0 0 10.0 1 876
724.7478582845298 335.9700965203684 0 0 10.0 1 877
506.25868700874986 503.01985942126174 0 0 10.0 1 878
595.4326213661931 626.2898373898797 0 0 13.0 1 879
305.71211681491445 296.51186017482166 0 0 11.0 1 880
457.0066526712453 710.8154461271511 0 0 12.0 1 881
503.0736469661192 588.6818043720799 0 0 10.0 1 882
619.1192316944221 312.3486320606107 0 0 12.0 1 883
373.2969454627101 622.4026683256712 0 0 11.0 1 884
604.3503536391521 383.692548710682 0 0 13.0 1 885
634.2358419056764 635.2818955354172 0 0 13.0 1 886
669.3453061824157 561.3973544935008 0 0 13.0 1 887
522.199758921592 198.1009685028063 0 0 13.0 1 888
287.9326168305791 207.20502695983436 0 0 10.0 1 889
512.2506484609795 459.40363557973194 0 0 10.0 1 890
505.7189288396755 288.0200549875487 0 0 10.0 1 891
252.33952309250512 497.5980714945289 0 0 10.0 1 892
275.7724664622418 691.6445094822208 0 0 11.0 1 893
543.4864180071197 494.84538917357077 0 0 13.0 1 894
471.23302321106746 595.4222515585457 0 0 13.0 1 895
691.0565432007031 441.49805609974106 0 0 11.0 1 896
77.86038292955777 356.9759705082281 0 0 10.0 1 897
84.70597524811836 510.2074314906207 0 0 10.0 1 898
749.272925855161 478.56477114187476 0 0 10.0 1 899
591.3120475520411 275.96895363883465 0 0 13.0 1 900
226.99471121658075 240.9585901314827 0 0 10.0 1 901
153.06605003767987 553.963061660927 0 0 10.0 1 902
596.5832834616865 464.8383579636486 0 0 13.0 1 903
106.39979158290714 294.43998097082573 0 0 13.0 1 904
105.64448699655588 220.0560310416622 0 0 11.0 1 905
440.7596063234962 739.5624456449117 0 0 12.0 1 906
203.00771720025648 398.25629206979045 0 0 13.0 1 907
230.221058579732 462.73843359706393 0 0 10.0 1 908
439.7171783110813 193.79004450074245 0 0 13.0 1 909
553.3585060650831 471.0082292237023 0 0 12.0 1 910
237.06990476319535 436.6440181492938 0 0 13.0 1 911
719.0917064885346 505.24487089751665 0 0 11.0 1 912
103.57671265581973 293.4249807878529 0 0 12.0 1 913
202.00775637386184 398.2474407605 0 0 12.0 1 914
115.43980941574279 232.890760474918 0 0 11.0 1 915
469.4472333810106 538.5715763629881 0 0 13.0 1 916
193.0000000940486 399.9937601188546 0 0 11.0 1 917
407.24531819398965 274.20848452988633 0 0 10.0 1 918
704.1808730724641 485.6153984799083 0 0 13.0 1 919
552.6930895831036 179.75281978293955 0 0 10.0 1 920
62.14621971261863 320.85568153350584 0 0 10.0 1 921
396.6192172503614 247.03735649512413 0 0 11.0 1 922
626.168586125413 138.15315421026804 0 0 11.0 1 923
111.1717069825574 530.6415598216369 0 0 12.0 1 924
518.4597171919245 478.30258873632005 0 0 13.0 1 925
613.1572923171431 319.08047990735474 0 0 11.0 1 926
312.8555906571681 668.1974122177337 0 0 13.0 1 927
269.8585627255977 486.01863928331363 0 0 10.0 1 928
177.15781555998072 584.0172840632108 0 0 13.0 1 929
528.5291715808924 701.7685405285474 0 0 12.0 1 930
704.2754652587325 432.44135079773685 0 0 10.0 1 931
208.58989326089787 224.03929120930002 0 0 11.0 1 932
147.15828937409637 408.9481488458125 0 0 11.0 1 933
563.0 400.0 0 0 10.0 1 934
577.6097048455073 218.4213868741922 0 0 13.0 1 935
460.1746557290381 597.0152552669254 0 0 10.0 1 936
161.15876813541274 239.06875393073452 0 0 13.0 1 937
654.2967189365022 318.6232297388891 0 0 11.0 1 938
181.68619678679568 427.1860870039493 0 0 12.0 1 939
438.01294666177773 675.388844883174 0 0 12.0 1 940
485.68415948207337 217.073170874662 0 0 11.0 1 941
493.9256307700462 538.0832208649877 0 0 13.0 1 942
502.8896297881613 653.9482704844731 0 0 12.0 1 943
547.4073534345323 694.1293459575684 0 0 10.0 1 944
221.1683328520724 121.46771313707126 0 0 11.0 1 945
205.028612424183 258.34140327265504 0 0 12.0 1 946
624.4810048480382 664.6077823164221 0 0 11.0 1 947
390.64649197667705 540.6894164024346 0 0 10.0 1 948
129.6861071946247 592.754764808562 0 0 11.0 1 949
704.0 400.0 0 0 12.0 1 950
610.8088962116128 459.33472236424024 0 0 12.0 1 951
374.67913736725495 63.95260168313507 0 0 11.0 1 952
419.6060408134479 592.0015707321725 0 0 12.0 1 953
553.9961148400178 155.4469451955669 0 0 11.0 1 954
203.98026480639035 570.8106068563283 0 0 11.0 1 955
186.7470300251395 498.7328253262371 0 0 11.0 1 956
629.4198296221819 596.3938435290909 0 0 13.0 1 957
527.6792218018754 409.0562862182842 0 0 12.0 1 958
202.12661793326885 204.73063560949086 0 0 13.0 1 959
491.64978999329946 221.1108835222665 0 0 13.0 1 960
243.07537550455 630.6852015777389 0 0 10.0 1 961
106.32496482324166 209.59261118872058 0 0 12.0 1 962
708.1566013272649 570.1279196911229 0 0 12.0 1 963
510.7826168303759 69.04953269678839 0 0 13.0 1 964
478.2907631878504 135.33690019297381 0 0 13.0 1 965
285.7535685692955 561.7150361139908 0 0 10.0 1 966
188.9123853129042 604.6411955734039 0 0 12.0 1 967
142.09095636068173 393.14980226181655 0 0 13.0 1 968
411.32799749377745 203.32596390783817 0 0 10.0 1 969
614.3541319454866 671.6032144837334 0 0 13.0 1 970
298.1145627564469 95.59836124342235 0 0 11.0 1 971
478.7186237483087 503.4571325485692 0 0 11.0 1 972
336.6472589375198 36.479119994641394 0 0 11.0 1 973
301.8628854029704 68.20924253594785 0 0 12.0 1 974
677.8766727845693 190.5040460481936 0 0 12.0 1 975
279.71148521576816 499.3311291137055 0 0 12.0 1 976
190.85704860965137 372.06747623764966 0 0 12.0 1 977
575.5589946871553 272.4537754990946 0 0 11.0 1 978
69.65865518620723 480.46487374385725 0 0 13.0 1 979
252.26787302576446 722.8005865231171 0 0 11.0 1 980
171.0501963321319 233.65401297162396 0 0 13.0 1 981
100.14050222332588 190.1422348515052 0 0 10.0 1 982
503.07549878289024 179.94445803239043 0 0 13.0 1 983
619.7545026868625 423.42986446503215 0 0 11.0 1 984
514.1130334056061 295.10378649841056 0 0 13.0 1 985
483.5632644453884 221.6010626846951 0 0 12.0 1 986
272.9850383203658 490.5715159943846 0 0 13.0 1 987
502.61846673743247 518.8210851846526 0 0 11.0 1 988
118.93573030613265 188.0875739805403 0 0 12.0 1 989
274.63894789222394 305.48224180382056 0 0 12.0 1 990
456.2369187558609 573.0936421964906 0 0 11.0 1 991
161.72109829894404 436.1132247817682 0 0 10.0 1 992
560.6031243425579 693.9925789053337 0 0 11.0 1 993
63.4078870856431 475.7017141407566 0 0 11.0 1 994
328.0923317921282 208.0252952785013 0 0 11.0 1 995
231.1654825498245 392.522987403623 0 0 12.0 1 996
188.31109159558653 315.31348360838166 0 0 13.0 1 997
63.9085002463645 544.9086049665514 0 0 13.0 1 998
678.910084519708 606.4416739740534 0 0 12.0 1 999
494.15079729965777 673.2336497722027 0 0 10.0 1 1000
513.4988666467951 219.75847517873962 0 0 13.0 1 1001
531.6691974831841 409.33929516260554 0 0 12.0 1 1002
383.20210507548626 599.2933283532216 0 0 12.0 1 1003
401.4073719602001 82.00311431687629 0 0 10.0 1 1004
300.7283522862417 64.37351123578537 0 0 13.0 1 1005
503.0094064860765 282.8459895036185 0 0 11.0 1 1006
709.8689827881987 355.8387782573096 0 0 13.0 1 1007
382.3188695814213 573.0993287887657 0 0 13.0 1 1008
155.17380067985394 645.9047216432659 0 0 10.0 1 1009
373.51151624712725 194.70177733727505 0 0 12.0 1 1010
528.710449290068 596.6179550385692 0 0 13.0 1 1011
138.02889935786834 423.2409644453524 0 0 12.0 1 1012
212.0293577403767 403.3222956678657 0 0 10.0 1 1013
389.1207424409577 563.6387538297821 0 0 11.0 1 1014
276.794347508624 438.2278327161546 0 0 10.0 1 1015
554.526459478288 640.6607016550583 0 0 13.0 1 1016
529.1096556860713 317.90434354593344 0 0 11.0 1 1017
550.4698044666111 106.30145055894502 0 0 13.0 1 1018
238.99747187286277 149.2367930962152 0 0 11.0 1 1019
323.0331131533592 64.72086505549385 0 0 10.0 1 1020
523.0802522651821 532.7111581681779 0 0 10.0 1 1021
292.6671799939063 640.1013655720006 0 0 13.0 1 1022
458.0627321023902 98.54068410346633 0 0 11.0 1 1023
248.58090999232724 324.9449589884311 0 0 12.0 1 1024
373.2750729880104 661.6386406404906 0 0 10.0 1 1025
258.35682362849104 260.2208506701032 0 0 10.0 1 1026
660.2776884780312 572.0451245474075 0 0 13.0 1 1027
640.0551859622831 605.4981938913666 0 0 13.0 1 1028
167.72162587041242 302.27202595103415 0 0 11.0 1 1029
415.757254174626 723.6166079497099 0 0 12.0 1 1030
260.94247487474854 596.8349681993524 0 0 13.0 1 1031
712.5699349631757 238.12339342228577 0 0 10.0 1 1032
633.9512101068376 217.03598362096903 0 0 11.0 1 1033
268.063639773532 514.9686776917595 0 0 13.0 1 1034
227.26640353274945 603.5978994279878 0 0 13.0 1 1035
397.1274394937711 270.03174081285056 0 0 11.0 1 1036
460.832554838256 550.1445978776812 0 0 12.0 1 1037
127.38447350122107 414.4836014786923 0 0 13.0 1 1038
520.7870708642462 225.77461863426564 0 0 11.0 1 1039
622.5648405938318 279.6925117399492 0 0 12.0 1 1040
306.23824207148266 293.35698452240706 0 0 10.0 1 1041
412.6216457698393 264.586950192898 0 0 13.0 1 1042
292.01425851287 615.4531959277344 0 0 10.0 1 1043
180.69386131764475 427.3096601266945 0 0 12.0 1 1044
384.2495677305765 554.1976779440154 0 0 12.0 1 1045
398.9714403808719 166.002260555556 0 0 11.0 1 1046
282.1217286056496 336.27627495916556 0 0 12.0 1 1047
185.1295543667537 132.64313812177897 0 0 13.0 1 1048
251.3525367559796 343.56480113335647 0 0 12.0 1 1049
354.5028779790183 625.4551216712716 0 0 12.0 1 1050
274.2640238599146 456.8723509633624 0 0 13.0 1 1051
465.1171660844689 116.37920619050567 0 0 13.0 1 1052
260.59706993164446 463.05412824198874 0 0 10.0 1 1053
483.42668312339623 256.4869743088509 0 0 11.0 1 1054
543.1884542394035 415.26651802246437 0 0 11.0 1 1055
542.3888620504117 296.55237091170807 0 0 10.0 1 1056
683.4021803925318 474.37878829853855 0 0 11.0 1 1057
377.7343180048316 227.43047950089786 0 0 13.0 1 1058
467.847669455305 541.5828158693126 0 0 12.0 1 1059
544.0529678201274 722.2696735068525 0 0 10.0 1 1060
529.7700956566587 690.3165897313856 0 0 13.0 1 1061
210.90075684655972 504.39097776530343 0 0 13.0 1 1062
713.1303601525606 535.0199153855746 0 0 11.0 1 1063
456.0343845520455 562.6165666464321 0 0 12.0 1 1064
562.9773478319617 563.7051743032571 0 0 13.0 1 1065
435.9225798832776 563.0906749465755 0 0 10.0 1 1066
245.2399058761788 440.61173804192583 0 0 12.0 1 1067
566.2108001526291 265.20396922526686 0 0 11.0 1 1068
272.0410460288458 269.17375607849914 0 0 11.0 1 1069
649.8356313385306 264.9512780005754 0 0 12.0 1 1070
684.9419166890475 516.9277730634253 0 0 12.0 1 1071
301.49246027437147 524.8089124109481 0 0 12.0 1 1072
637.4074233589766 563.0389994266759 0 0 11.0 1 1073
711.8331210110854 332.7608399778389 0 0 10.0 1 1074
500.99558093805155 47.17016476637713 0 0 10.0 1 1075
427.5334744015541 525.0036310967764 0 0 11.0 1 1076
527.3160975289358 426.27948458403495 0 0 13.0 1 1077
546.6536531119931 599.9917649027259 0 0 11.0 1 1078
536.0889786189113 102.6638436071699 0 0 13.0 1 1079
632.9036926101678 251.90587463187995 0 0 11.0 1 1080
582.0312156894468 267.75161054053586 0 0 12.0 1 1081
204.88844088504632 549.82482938329 0 0 11.0 1 1082
467.642136626513 735.2440027093701 0 0 12.0 1 1083
724.4924801794989 440.41819277203695 0 0 10.0 1 1084
359.76980972281586 582.6212796753478 0 0 10.0 1 1085
393.95986881241276 594.9064309232426 0 0 12.0 1 1086
576.6788540188817 675.1610120321822 0 0 12.0 1 1087
404.6726801760723 550.9276848691854 0 0 10.0 1 1088
263.6732595073579 133.88720469197312 0 0 11.0 1 1089
449.25942503518047 227.91133376888692 0 0 12.0 1 1090
681.1045985732328 492.7157196001932 0 0 13.0 1 1091
237.7305278931798 365.0054515363621 0 0 13.0 1 1092
418.1680791883689 673.3970023584845 0 0 10.0 1 1093
627.0890390054307 530.6696918324596 0 0 10.0 1 1094
154.89021579488357 356.1571706328018 0 0 10.0 1 1095
531.2137953421717 445.8687247686557 0 0 11.0 1 1096
501.0128261258174 144.2239085487555 0 0 12.0 1 1097
450.54958272541194 518.683358927386 0 0 13.0 1 1098
405.4463027217796 575.9157121654082 0 0 10.0 1 1099
255.00256337864187 740.4052634335069 0 0 10.0 1 1100
98.84194608896547 566.2522979225203 0 0 13.0 1 1101
139.03480740519274 526.4799124523541 0 0 10.0 1 1102
122.33775733664118 294.58330777740167 0 0 12.0 1 1103
242.2225157992415 408.3824506726498 0 0 13.0 1 1104
158.17734591496722 210.8682893556171 0 0 11.0 1 1105
330.3125582966678 139.14820209773393 0 0 12.0 1 1106
289.6788860447128 739.5265112118118 0 0 13.0 1 1107
218.44950696769232 647.5649782980743 0 0 10.0 1 1108
271.1661377868984 321.24191503562605 0 0 11.0 1 1109
523.918167263114 705.850106787869 1 7 11.0 1 1110
271.0698468961437 702.6846801881724 -10 19 12.0 1 1111
301.29561884460605 66.29137688586661 8 -14 12.0 1 1112
502.55506016775615 252.07278940645193 17 4 10.0 1 1113
280.61250479864606 601.2526421927093 7 11 13.0 1 1114
515.4063863550581 479.2550691657452 -8 -8 12.0 1 1115
264.44428590719554 123.43418798269755 19 -14 11.0 1 1116
243.80478116951528 212.5458626370253 -6 -16 12.0 1 1117
558.4961279445131 387.3517816829192 -2 -15 12.0 1 1118
691.4755168548099 471.007204382523 -8 -10 11.0 1 1119
399.10770255263674 197.0019610802473 -3 17 13.0 1 1120
424.1773974797959 636.7687763433007 8 3 13.0 1 1121
242.94384522696492 352.7838560669293 11 -13 13.0 1 1122
332.26531575221986 644.8019864091252 -17 21 13.0 1 1123
480.46163785758716 272.2231443755384 15 -17 12.0 1 1124
662.8685184512158 315.8801925390764 -10 -17 12.0 1 1125
543.3784676003719 299.66249440728006 -12 5 13.0 1 1126
286.36192713129145 617.0515800326873 8 3 12.0 1 1127
384.5736358835512 716.6244262373748 -3 19 10.0 1 1128
701.0507361813628 250.78721822625428 10 -15 11.0 1 1129
245.30676629346914 110.76998176984353 20 -5 10.0 1 1130
438.93603745256905 230.41230885617867 -7 -3 10.0 1 1131
296.4949946741617 606.5132292917289 22 10 10.0 1 1132
652.9603570878659 404.47858705166965 4 -10 12.0 1 1133
752.4608992839255 317.44508206068826 -5 17 11.0 1 1134
700.5555202077107 545.6790282527735 13 -4 13.0 1 1135
276.5215337062083 574.7829178201719 2 -12 12.0 1 1136
477.35498619426494 561.4224461185156 22 20 13.0 1 1137
389.3860901863002 559.6475647119826 17 10 10.0 1 1138
337.57627491217215 128.073027181636 16 12 13.0 1 1139
294.29870351702584 630.9615464137231 3 -12 13.0 1 1140
101.98392425291598 365.5555723475002 6 5 11.0 1 1141
262.55326184561955 739.2114298939839 20 -12 10.0 1 1142
310.03560985597625 275.01036640579395 -10 3 12.0 1 1143
397.31809706094197 601.982195741668 -6 1 10.0 1 1144
350.3816264449519 670.4866299944449 -13 -1 13.0 1 1145
499.3946749982175 607.4143162416681 -5 6 11.0 1 1146
497.57198694951154 533.059037132862 14 -10 13.0 1 1147
233.75293437721922 550.1263240468334 -11 2 12.0 1 1148
202.03565348697128 633.3369184455591 5 12 11.0 1 1149
618.7358378232993 531.0710999867601 -1 -11 11.0 1 1150
491.06953004620385 515.3921171361526 -5 5 12.0 1 1151
156.5957918397697 347.50817730454315 -10 15 11.0 1 1152
236.68352318549722 686.7537766113953 1 12 12.0 1 1153
192.45448528193378 321.2036846012901 1 20 10.0 1 1154
639.3848109322989 187.64437305569817 3 -3 11.0 1 1155
83.66649725631737 465.28487605803156 2 -6 12.0 1 1156
716.7550843372074 428.110790571035 -13 -11 13.0 1 1157
135.6697151132791 647.332772781338 -12 -12 10.0 1 1158
621.5260546780665 374.40298652634925 -4 -8 12.0 1 1159
591.3021426896504 374.4561122311298 14 19 10.0 1 1160
522.2499078487435 434.40872027515303 14 7 12.0 1 1161
718.6758540740245 331.28537251653756 8 -12 13.0 1 1162
310.11228330581724 596.4082441943473 6 -4 10.0 1 1163
605.0112362343864 522.8470309679831 22 19 12.0 1 1164
540.9234972720002 531.8695109440714 3 12 11.0 1 1165
620.0470242336911 370.6179114782944 10 -12 13.0 1 1166
530.3535614086646 599.1279714858701 5 22 12.0 1 1167
435.2782022976211 655.5766977692765 -9 -13 10.0 1 1168
483.6634633273335 496.87324142443015 -6 7 11.0 1 1169
673.6136798485576 414.54490287801997 4 -13 12.0 1 1170
200.38107321513644 320.1421007710616 20 1 11.0 1 1171
676.2959195009464 330.10318414171854 -1 13 13.0 1 1172
538.282356391861 104.78145398584064 -3 3 10.0 1 1173
383.5523006679819 251.9105905654171 15 3 10.0 1 1174
