400 400 7.071067811865475 -7.0710678118654755 5 2 -1 10 187
742.842712474619 57.15728752538092
800.0 400.0 0 0 24.0 1 0
799.4518139018296 420.9343824971775 0 0 24.0 1 1
797.8087581473094 441.8113853070614 0 0 24.0 1 2
795.0753362380551 462.57378601609236 0 0 24.0 1 3
791.2590402935223 483.16467632710373 0 0 24.0 1 4
786.3703305156273 503.5276180410083 0 0 24.0 1 5
780.4226065180615 523.6067977499789 0 0 24.0 1 6
773.4321705988807 543.3471798181201 0 0 24.0 1 7
765.4181830570403 562.6946572303201 0 0 24.0 1 8
756.4026096753471 581.5961998958187 0 0 24.0 1 9
746.4101615137755 600.0 0 0 24.0 1 10
735.4682271781696 617.8556140060108 0 0 24.0 1 11
723.606797749979 635.1141009169893 0 0 24.0 1 12
710.8583845827884 651.728156419935 0 0 24.0 1 13
697.2579301909577 667.6522425435433 0 0 24.0 1 14
682.842712474619 682.842712474619 0 0 24.0 1 15
667.6522425435433 697.2579301909577 0 0 24.0 1 16
651.728156419935 710.8583845827884 0 0 24.0 1 17
635.1141009169893 723.606797749979 0 0 24.0 1 18
617.8556140060108 735.4682271781696 0 0 24.0 1 19
600.0 746.4101615137754 0 0 24.0 1 20
581.5961998958187 756.4026096753471 0 0 24.0 1 21
562.6946572303201 765.4181830570403 0 0 24.0 1 22
543.3471798181201 773.4321705988807 0 0 24.0 1 23
523.606797749979 780.4226065180615 0 0 24.0 1 24
503.5276180410083 786.3703305156273 0 0 24.0 1 25
483.1646763271038 791.2590402935223 0 0 24.0 1 26
462.57378601609236 795.0753362380551 0 0 24.0 1 27
441.8113853070614 797.8087581473094 0 0 24.0 1 28
420.9343824971776 799.4518139018296 0 0 24.0 1 29
400.0 800.0 0 0 24.0 1 30
379.0656175028225 799.4518139018296 0 0 24.0 1 31
358.1886146929386 797.8087581473094 0 0 24.0 1 32
337.4262139839077 795.0753362380551 0 0 24.0 1 33
316.83532367289627 791.2590402935223 0 0 24.0 1 34
296.47238195899166 786.3703305156273 0 0 24.0 1 35
276.3932022500211 780.4226065180615 0 0 24.0 1 36
256.65282018187986 773.4321705988807 0 0 24.0 1 37
237.3053427696799 765.4181830570403 0 0 24.0 1 38
218.4038001041813 756.4026096753471 0 0 24.0 1 39
200.00000000000009 746.4101615137755 0 0 24.0 1 40
182.14438599398918 735.4682271781696 0 0 24.0 1 41
164.8858990830108 723.606797749979 0 0 24.0 1 42
148.27184358006508 710.8583845827884 0 0 24.0 1 43
132.3477574564567 697.2579301909577 0 0 24.0 1 44
117.15728752538104 682.842712474619 0 0 24.0 1 45
102.74206980904233 667.6522425435434 0 0 24.0 1 46
89.14161541721165 651.728156419935 0 0 24.0 1 47
76.39320225002109 635.1141009169893 0 0 24.0 1 48
64.53177282183043 617.8556140060109 0 0 24.0 1 49
53.589838486224494 600.0 0 0 24.0 1 50
43.597390324652906 581.5961998958187 0 0 24.0 1 51
34.58181694295968 562.6946572303202 0 0 24.0 1 52
26.567829401119297 543.3471798181201 0 0 24.0 1 53
19.5773934819386 523.606797749979 0 0 24.0 1 54
13.629669484372698 503.5276180410084 0 0 24.0 1 55
8.740959706477724 483.16467632710373 0 0 24.0 1 56
4.924663761944942 462.5737860160924 0 0 24.0 1 57
2.1912418526906663 441.81138530706147 0 0 24.0 1 58
0.5481860981704472 420.9343824971775 0 0 24.0 1 59
0.0 400.00000000000006 0 0 24.0 1 60
0.5481860981704472 379.0656175028226 0 0 24.0 1 61
2.1912418526906663 358.1886146929386 0 0 24.0 1 62
4.924663761944885 337.4262139839077 0 0 24.0 1 63
8.740959706477781 316.8353236728962 0 0 24.0 1 64
13.629669484372698 296.47238195899166 0 0 24.0 1 65
19.577393481938543 276.3932022500211 0 0 24.0 1 66
26.567829401119297 256.65282018187986 0 0 24.0 1 67
34.58181694295968 237.30534276967992 0 0 24.0 1 68
43.59739032465285 218.40380010418136 0 0 24.0 1 69
53.58983848622455 199.99999999999994 0 0 24.0 1 70
64.53177282183037 182.14438599398918 0 0 24.0 1 71
76.39320225002103 164.8858990830108 0 0 24.0 1 72
89.14161541721171 148.27184358006497 0 0 24.0 1 73
102.74206980904228 132.3477574564567 0 0 24.0 1 74
117.15728752538092 117.15728752538104 0 0 24.0 1 75
132.34775745645675 102.74206980904228 0 0 24.0 1 76
148.27184358006485 89.14161541721177 0 0 24.0 1 77
164.8858990830107 76.39320225002109 0 0 24.0 1 78
182.1443859939892 64.53177282183032 0 0 24.0 1 79
199.99999999999983 53.58983848622461 0 0 24.0 1 80
218.40380010418124 43.597390324652906 0 0 24.0 1 81
237.30534276967995 34.58181694295962 0 0 24.0 1 82
256.65282018187975 26.567829401119354 0 0 24.0 1 83
276.393202250021 19.5773934819386 0 0 24.0 1 84
296.4723819589917 13.629669484372698 0 0 24.0 1 85
316.8353236728961 8.740959706477781 0 0 24.0 1 86
337.4262139839076 4.924663761944942 0 0 24.0 1 87
358.18861469293864 2.1912418526906663 0 0 24.0 1 88
379.0656175028223 0.5481860981704472 0 0 24.0 1 89
399.99999999999994 0.0 0 0 24.0 1 90
420.9343824971776 0.5481860981704472 0 0 24.0 1 91
441.8113853070612 2.1912418526906663 0 0 24.0 1 92
462.5737860160923 4.924663761944885 0 0 24.0 1 93
483.1646763271038 8.740959706477781 0 0 24.0 1 94
503.5276180410081 13.629669484372641 0 0 24.0 1 95
523.6067977499789 19.577393481938543 0 0 24.0 1 96
543.3471798181201 26.567829401119297 0 0 24.0 1 97
562.6946572303199 34.58181694295956 0 0 24.0 1 98
581.5961998958187 43.59739032465279 0 0 24.0 1 99
756.4026096753471 218.40380010418122 0 0 24.0 1 100
765.4181830570403 237.30534276967995 0 0 24.0 1 101
773.4321705988806 256.6528201818797 0 0 24.0 1 102
780.4226065180615 276.3932022500209 0 0 24.0 1 103
786.3703305156273 296.4723819589917 0 0 24.0 1 104
791.2590402935223 316.83532367289604 0 0 24.0 1 105
795.0753362380551 337.4262139839076 0 0 24.0 1 106
797.8087581473094 358.18861469293864 0 0 24.0 1 107
799.4518139018296 379.06561750282225 0 0 24.0 1 108
800.0 399.9999999999999 0 0 24.0 1 109
588.8425820736538 428.6265470456239 0 0 11.0 1 110
586.0 400.0 0 0 12.0 1 111
524.1751032479362 434.95058988578535 0 0 10.0 1 112
477.7700318723269 167.67087538886292 0 0 12.0 1 113
468.4332727274079 739.164985197199 0 0 12.0 1 114
216.7969397998187 559.6422210234145 0 0 12.0 1 115
513.2036627999546 140.62781427324524 0 0 13.0 1 116
624.1188677687123 293.817453835056 0 0 11.0 1 117
479.6744274849523 539.903486750492 0 0 10.0 1 118
400.8453083157177 209.00187054881565 0 0 12.0 1 119
566.3841648365611 247.05455321703732 0 0 12.0 1 120
615.2199794007372 345.55405922618075 0 0 13.0 1 121
548.2931225535522 323.20058722023214 0 0 11.0 1 122
251.6000648686171 488.9182728858436 0 0 13.0 1 123
431.31304432717957 199.42958030914906 0 0 12.0 1 124
509.35732039956326 236.14037570216612 0 0 11.0 1 125
620.0819800534166 516.4685453492382 0 0 10.0 1 126
155.1587248292746 328.7416673449826 0 0 11.0 1 127
598.1765229908211 316.62694838697246 0 0 13.0 1 128
276.19192470094305 432.4893904335406 0 0 13.0 1 129
328.87444292871214 272.4964505149014 0 0 13.0 1 130
497.4898274194758 571.1862539742044 0 0 10.0 1 131
173.5521759694162 644.1523765844063 0 0 13.0 1 132
491.7207842861584 272.578268219538 0 0 12.0 1 133
153.1746008427511 375.89144693548036 0 0 12.0 1 134
313.298051985206 496.86471086231535 0 0 13.0 1 135
160.01672891468587 458.45536416097866 0 0 13.0 1 136
638.8673650712906 276.2931614505536 0 0 13.0 1 137
558.789058318281 526.4714788337416 0 0 12.0 1 138
389.7782395286986 729.8416523316414 0 0 11.0 1 139
489.0769996726175 556.4138361185624 0 0 13.0 1 140
445.62909105184735 676.2571013562949 0 0 13.0 1 141
350.0889334710402 529.7300483232075 0 0 13.0 1 142
222.37005526829725 348.3027782698893 0 0 10.0 1 143
409.7785889777406 715.8486650242555 0 0 13.0 1 144
498.58672711579675 550.600986838053 0 0 13.0 1 145
446.19196495247917 134.99565593404145 0 0 12.0 1 146
221.10930654524415 469.7289021516657 0 0 10.0 1 147
161.62895212205507 631.0914181305106 0 0 12.0 1 148
491.89455013865523 56.064843822539444 0 0 10.0 1 149
543.9785856387773 348.2393307862304 0 0 10.0 1 150
202.75143447071386 373.65605578811505 0 0 12.0 1 151
418.40080811171975 80.52948452034627 0 0 11.0 1 152
323.4596321117349 650.5704932419798 0 0 13.0 1 153
344.22677890515456 633.4295349965498 0 0 11.0 1 154
349.4728579533313 705.8545535325504 5 -6 11.0 1 155
623.464562922021 454.43885669326767 14 -14 11.0 1 156
238.25042240762596 485.5924888567249 22 4 11.0 1 157
516.4378543266744 191.28194596585527 12 9 10.0 1 158
633.9176918758119 393.79408125313313 3 -3 12.0 1 159
591.6524282271156 291.9752493423367 9 4 12.0 1 160
487.6351711889548 654.3247466737804 -10 -16 13.0 1 161
226.57055947001044 89.10093413222546 -13 -5 12.0 1 162
538.440734978329 563.187508402635 -12 16 13.0 1 163
539.5253381312449 115.35692522149463 -10 0 12.0 1 164
421.4524243807875 578.7170766552167 21 -1 10.0 1 165
619.7848722360882 390.2732360897169 3 2 11.0 1 166
469.78875617518565 37.659649622733184 0 9 11.0 1 167
425.6316571527939 59.964681023277194 22 5 10.0 1 168
648.8514005904514 507.3032172125827 -16 16 10.0 1 169
346.48475090324865 122.10592285168678 11 17 12.0 1 170
346.10967695538835 217.8027632422835 -13 15 11.0 1 171
270.4284813009291 534.8340518638238 18 12 10.0 1 172
396.0447051491156 221.04370465769424 7 5 12.0 1 173
192.26420428821754 542.6528625019231 -17 11 10.0 1 174
285.5245846131279 574.8610284540357 20 -13 13.0 1 175
188.80676022524767 580.7800195636785 17 17 13.0 1 176
376.5583067310497 249.81848643496613 -13 19 11.0 1 177
601.0352544956806 664.213600047115 -15 15 12.0 1 178
406.12782106791013 525.8509030915538 9 -4 13.0 1 179
614.2224583252491 341.7527824777278 13 -11 10.0 1 180
570.3790357855626 477.0712927410849 8 12 12.0 1 181
110.42882104532242 518.8172223156143 4 17 13.0 1 182
575.5310319368887 257.64531329397346 5 22 10.0 1 183
187.78259871899297 306.2568690861243 -5 5 11.0 1 184
620.6008960343602 251.3687628093023 -17 6 13.0 1 185
354.80432807261207 203.12097308491207 20 -11 13.0 1 186
248.0500576751735 450.11202477930715 3 -15 13.0 1 187
696.4306393913266 381.61859553653994 10 7 10.0 1 188
223.14112370401745 516.8971251798878 -16 -6 12.0 1 189
363.2151194739915 760.1261897789263 17 -2 11.0 1 190
303.88926298069816 143.40941905516758 2 13 12.0 1 191
361.13614010674024 151.01485908954913 -13 -16 11.0 1 192
203.40658167211726 476.62915809375767 11 -11 13.0 1 193
335.1451844610884 612.3154561057997 22 6 10.0 1 194
200.63869563659836 169.1752389310819 -9 20 12.0 1 195
227.95405561640328 585.4971509785429 -11 -17 13.0 1 196
496.39132192663294 203.3538379290452 -4 -8 13.0 1 197
386.22572616189876 563.4205292496417 -5 7 12.0 1 198
434.32387900925994 685.9473226483467 -9 -17 12.0 1 199
553.1319488324466 734.6260692874614 -13 12 13.0 1 200
375.792042033036 261.0936474776272 20 6 13.0 1 201
561.8093500315389 538.5161876546236 22 -2 12.0 1 202
246.6922165306178 284.4114039893856 6 -11 10.0 1 203
177.3183555432987 486.7979563242089 -17 21 11.0 1 204
579.9810867739058 477.60675488437715 12 -8 11.0 1 205
447.88985191366675 538.9804377734042 22 -7 13.0 1 206
438.2033523048342 257.01572158914564 1 17 13.0 1 207
368.9000079311539 264.5238379148652 11 -4 13.0 1 208
211.2565285524099 610.8670244156557 -5 10 10.0 1 209
570.9247218907959 194.88115774860162 14 -3 12.0 1 210
328.87274705456946 675.9817274538964 21 12 10.0 1 211
527.4598206023951 77.25707733242967 16 16 12.0 1 212
250.37681686436613 346.20499030244 1 9 10.0 1 213
631.1615091264995 682.4700987686294 17 9 12.0 1 214
516.5496043813985 492.8288194395443 22 5 10.0 1 215
311.413183788497 555.5422000407266 2 -6 10.0 1 216
617.0237527907317 695.9555553197597 15 21 13.0 1 217
139.10310559335397 550.1126593228146 -5 16 12.0 1 218
567.9805474619118 594.5033050474885 9 19 10.0 1 219
