400 400 -7.071067811865475 -7.071067811865477 5 2 -1 10 187
57.15728752538104 57.15728752538092
800.0 400.0 0 0 24.0 1 0
799.4518139018296 420.9343824971775 0 0 24.0 1 1
797.8087581473094 441.8113853070614 0 0 24.0 1 2
795.0753362380551 462.57378601609236 0 0 24.0 1 3
791.2590402935223 483.16467632710373 0 0 24.0 1 4
786.3703305156273 503.5276180410083 0 0 24.0 1 5
780.4226065180615 523.6067977499789 0 0 24.0 1 6
773.4321705988807 543.3471798181201 0 0 24.0 1 7
765.4181830570403 562.6946572303201 0 0 24.0 1 8
756.4026096753471 581.5961998958187 0 0 24.0 1 9
746.4101615137755 600.0 0 0 24.0 1 10
735.4682271781696 617.8556140060108 0 0 24.0 1 11
723.606797749979 635.1141009169893 0 0 24.0 1 12
710.8583845827884 651.728156419935 0 0 24.0 1 13
697.2579301909577 667.6522425435433 0 0 24.0 1 14
682.842712474619 682.842712474619 0 0 24.0 1 15
667.6522425435433 697.2579301909577 0 0 24.0 1 16
651.728156419935 710.8583845827884 0 0 24.0 1 17
635.1141009169893 723.606797749979 0 0 24.0 1 18
617.8556140060108 735.4682271781696 0 0 24.0 1 19
600.0 746.4101615137754 0 0 24.0 1 20
581.5961998958187 756.4026096753471 0 0 24.0 1 21
562.6946572303201 765.4181830570403 0 0 24.0 1 22
543.3471798181201 773.4321705988807 0 0 24.0 1 23
523.606797749979 780.4226065180615 0 0 24.0 1 24
503.5276180410083 786.3703305156273 0 0 24.0 1 25
483.1646763271038 791.2590402935223 0 0 24.0 1 26
462.57378601609236 795.0753362380551 0 0 24.0 1 27
441.8113853070614 797.8087581473094 0 0 24.0 1 28
420.9343824971776 799.4518139018296 0 0 24.0 1 29
400.0 800.0 0 0 24.0 1 30
379.0656175028225 799.4518139018296 0 0 24.0 1 31
358.1886146929386 797.8087581473094 0 0 24.0 1 32
337.4262139839077 795.0753362380551 0 0 24.0 1 33
316.83532367289627 791.2590402935223 0 0 24.0 1 34
296.47238195899166 786.3703305156273 0 0 24.0 1 35
276.3932022500211 780.4226065180615 0 0 24.0 1 36
256.65282018187986 773.4321705988807 0 0 24.0 1 37
237.3053427696799 765.4181830570403 0 0 24.0 1 38
218.4038001041813 756.4026096753471 0 0 24.0 1 39
200.00000000000009 746.4101615137755 0 0 24.0 1 40
182.14438599398918 735.4682271781696 0 0 24.0 1 41
164.8858990830108 723.606797749979 0 0 24.0 1 42
148.27184358006508 710.8583845827884 0 0 24.0 1 43
132.3477574564567 697.2579301909577 0 0 24.0 1 44
117.15728752538104 682.842712474619 0 0 24.0 1 45
102.74206980904233 667.6522425435434 0 0 24.0 1 46
89.14161541721165 651.728156419935 0 0 24.0 1 47
76.39320225002109 635.1141009169893 0 0 24.0 1 48
64.53177282183043 617.8556140060109 0 0 24.0 1 49
53.589838486224494 600.0 0 0 24.0 1 50
43.597390324652906 581.5961998958187 0 0 24.0 1 51
34.58181694295968 562.6946572303202 0 0 24.0 1 52
26.567829401119297 543.3471798181201 0 0 24.0 1 53
19.5773934819386 523.606797749979 0 0 24.0 1 54
13.629669484372698 503.5276180410084 0 0 24.0 1 55
8.740959706477724 483.16467632710373 0 0 24.0 1 56
4.924663761944942 462.5737860160924 0 0 24.0 1 57
2.1912418526906663 441.81138530706147 0 0 24.0 1 58
0.5481860981704472 420.9343824971775 0 0 24.0 1 59
0.0 400.00000000000006 0 0 24.0 1 60
0.5481860981704472 379.0656175028226 0 0 24.0 1 61
2.1912418526906663 358.1886146929386 0 0 24.0 1 62
4.924663761944885 337.4262139839077 0 0 24.0 1 63
8.740959706477781 316.8353236728962 0 0 24.0 1 64
13.629669484372698 296.47238195899166 0 0 24.0 1 65
19.577393481938543 276.3932022500211 0 0 24.0 1 66
26.567829401119297 256.65282018187986 0 0 24.0 1 67
34.58181694295968 237.30534276967992 0 0 24.0 1 68
43.59739032465285 218.40380010418136 0 0 24.0 1 69
218.40380010418124 43.597390324652906 0 0 24.0 1 70
237.30534276967995 34.58181694295962 0 0 24.0 1 71
256.65282018187975 26.567829401119354 0 0 24.0 1 72
276.393202250021 19.5773934819386 0 0 24.0 1 73
296.4723819589917 13.629669484372698 0 0 24.0 1 74
316.8353236728961 8.740959706477781 0 0 24.0 1 75
337.4262139839076 4.924663761944942 0 0 24.0 1 76
358.18861469293864 2.1912418526906663 0 0 24.0 1 77
379.0656175028223 0.5481860981704472 0 0 24.0 1 78
399.99999999999994 0.0 0 0 24.0 1 79
420.9343824971776 0.5481860981704472 0 0 24.0 1 80
441.8113853070612 2.1912418526906663 0 0 24.0 1 81
462.5737860160923 4.924663761944885 0 0 24.0 1 82
483.1646763271038 8.740959706477781 0 0 24.0 1 83
503.5276180410081 13.629669484372641 0 0 24.0 1 84
523.6067977499789 19.577393481938543 0 0 24.0 1 85
543.3471798181201 26.567829401119297 0 0 24.0 1 86
562.6946572303199 34.58181694295956 0 0 24.0 1 87
581.5961998958187 43.59739032465279 0 0 24.0 1 88
600.0 53.58983848622455 0 0 24.0 1 89
617.8556140060107 64.53177282183032 0 0 24.0 1 90
635.1141009169892 76.39320225002098 0 0 24.0 1 91
651.728156419935 89.14161541721171 0 0 24.0 1 92
667.6522425435431 102.74206980904216 0 0 24.0 1 93
682.842712474619 117.15728752538092 0 0 24.0 1 94
697.2579301909577 132.34775745645675 0 0 24.0 1 95
710.8583845827882 148.27184358006485 0 0 24.0 1 96
723.6067977499789 164.88589908301066 0 0 24.0 1 97
735.4682271781696 182.1443859939892 0 0 24.0 1 98
746.4101615137754 199.99999999999983 0 0 24.0 1 99
756.4026096753471 218.40380010418122 0 0 24.0 1 100
765.4181830570403 237.30534276967995 0 0 24.0 1 101
773.4321705988806 256.6528201818797 0 0 24.0 1 102
780.4226065180615 276.3932022500209 0 0 24.0 1 103
786.3703305156273 296.4723819589917 0 0 24.0 1 104
791.2590402935223 316.83532367289604 0 0 24.0 1 105
795.0753362380551 337.4262139839076 0 0 24.0 1 106
797.8087581473094 358.18861469293864 0 0 24.0 1 107
799.4518139018296 379.06561750282225 0 0 24.0 1 108
800.0 399.9999999999999 0 0 24.0 1 109
139.01022431099972 397.6898082752046 0 0 10.0 1 110
172.59689879152336 434.46490331869995 0 0 12.0 1 111
598.8451540277661 364.4387188128153 0 0 11.0 1 112
520.8938122408481 238.17081177403577 0 0 10.0 1 113
279.35963664904534 200.66384489874991 0 0 10.0 1 114
599.0301951466324 573.4444620617603 0 0 13.0 1 115
365.93492681369753 606.2051667364615 0 0 12.0 1 116
647.933129739564 506.90726438153996 0 0 11.0 1 117
361.7487447502902 608.5206020320811 0 0 13.0 1 118
276.27071861002935 495.0108674137936 0 0 11.0 1 119
639.0560860211917 564.1712147004723 0 0 10.0 1 120
284.6084887157642 640.777488822232 0 0 12.0 1 121
498.71173557714985 686.4698819410984 0 0 12.0 1 122
545.5031350882577 526.7984135527263 0 0 11.0 1 123
527.4888318957275 532.6747818609963 0 0 10.0 1 124
405.73082987184654 141.06341010011744 0 0 12.0 1 125
468.2221684868863 260.8212094931598 0 0 11.0 1 126
572.7176703996861 542.6345201264596 0 0 12.0 1 127
433.31743258361985 42.54937587684094 0 0 10.0 1 128
698.147654885207 335.7117749004416 0 0 13.0 1 129
349.5989947920061 582.1558087847427 0 0 12.0 1 130
544.8286377962725 83.56886108652941 0 0 13.0 1 131
554.425274448046 301.80715600592043 0 0 10.0 1 132
159.03763412463184 404.2589002976364 0 0 11.0 1 133
494.4442253596534 572.8851881920918 0 0 11.0 1 134
520.81139483853 466.69787760617885 0 0 13.0 1 135
545.6151667666352 690.5533052772331 0 0 11.0 1 136
652.8414407748666 408.95577059161616 0 0 13.0 1 137
718.9945971117966 498.9871052889347 0 0 13.0 1 138
520.9140904809778 698.4355587445268 0 0 10.0 1 139
229.00636621902714 93.4674940460987 0 0 11.0 1 140
93.73482203411396 432.6441536193563 0 0 10.0 1 141
111.99247312451928 190.7449774484033 0 0 11.0 1 142
245.18462618940035 69.45923090807042 0 0 11.0 1 143
260.178095801067 483.7784883259682 0 0 11.0 1 144
270.0720945144942 637.8229160029568 0 0 12.0 1 145
60.01880413796408 354.59310118253 0 0 12.0 1 146
641.0027419492419 329.86670995206964 0 0 12.0 1 147
603.8446744380398 421.73358468475834 0 0 11.0 1 148
470.27619174063943 268.6140917965976 0 0 12.0 1 149
417.8143775519418 163.6704674560607 0 0 12.0 1 150
234.61197533605312 186.58303418482004 0 0 12.0 1 151
146.86392287116033 308.98831692676964 0 0 12.0 1 152
430.63896612569124 240.92374861485845 0 0 13.0 1 153
333.13530885346194 166.3804094732677 0 0 10.0 1 154
665.2459017046215 596.3278167476589 14 -5 13.0 1 155
588.4136904668592 676.9932873638973 17 14 12.0 1 156
301.5308266074303 565.990427107662 8 -17 11.0 1 157
552.7296288061261 88.41909480081591 19 -14 11.0 1 158
77.82433677047601 271.1130649653878 2 15 13.0 1 159
676.9798228813422 525.2923689480739 -17 -4 11.0 1 160
446.84565251314103 37.01035160680124 6 12 12.0 1 161
576.4676571419247 266.95802924324937 -8 -1 10.0 1 162
266.37426411786157 351.95665800595276 13 21 11.0 1 163
577.9860775630146 270.6904636396351 -16 -7 12.0 1 164
409.99520329053865 722.845312667198 11 -15 12.0 1 165
324.3755588541727 70.5687569440608 14 -3 12.0 1 166
531.4489694877291 600.8013157840708 2 -9 13.0 1 167
531.3167335201413 472.4976930501944 5 7 11.0 1 168
466.05986442472323 727.4020377337124 -17 -15 13.0 1 169
312.7492431838164 236.86721532750323 -10 -3 11.0 1 170
555.8106299635984 82.13360103599086 16 9 12.0 1 171
411.2829721250408 631.7254723590515 -1 -14 13.0 1 172
534.8043617087799 91.13630180241569 -14 10 13.0 1 173
651.6999317781623 246.142454384361 -15 -12 10.0 1 174
224.7483151008206 347.31369305029307 -9 13 11.0 1 175
337.4909106146512 709.7557323831384 10 -13 12.0 1 176
290.84198399421746 683.726148850756 16 -1 12.0 1 177
171.73526398884604 470.82520945086003 -16 5 10.0 1 178
580.6790094290538 335.04543471213225 -11 19 10.0 1 179
413.0530732542512 173.37560308162062 10 -3 11.0 1 180
147.00000011494828 399.99237347860003 -6 -12 11.0 1 181
284.3344389301935 685.456613134828 17 -1 10.0 1 182
102.41022915891483 604.355886361882 -10 -15 12.0 1 183
234.63856773597743 643.0876317700904 0 -12 12.0 1 184
181.40136705010258 457.3640799842202 -12 -5 12.0 1 185
240.74020552572816 231.29813912107343 -7 5 10.0 1 186
509.01400488560824 167.2663609642977 14 7 11.0 1 187
621.6232022452383 691.2716193290487 8 17 12.0 1 188
626.5625593758216 209.51271252632816 -12 -7 11.0 1 189
686.3717330815541 551.5494325026232 -9 2 13.0 1 190
683.9001046697888 392.4680302388453 -8 10 12.0 1 191
727.1044351897272 467.5180603928283 -7 14 10.0 1 192
598.0413289426325 217.95431334240286 20 -8 11.0 1 193
486.7647308228231 506.0230233734308 -11 10 11.0 1 194
266.3672273300456 713.7248508941238 6 0 10.0 1 195
131.71203342127927 438.243522184224 -7 21 13.0 1 196
107.04575435069347 405.1778331419397 10 -16 13.0 1 197
593.6924733945099 201.9792289927214 -12 0 12.0 1 198
352.8956643500411 685.1353740997002 1 14 13.0 1 199
563.4802829113216 386.95403896854555 18 -14 11.0 1 200
656.6250459775637 137.64035032609655 -13 3 13.0 1 201
452.5147458742297 757.1599102163694 20 3 10.0 1 202
597.7950790499754 342.44040737102125 -15 2 13.0 1 203
517.6402411153399 526.8454716193081 10 17 13.0 1 204
366.7294406968748 142.13749810478987 15 -17 11.0 1 205
94.03765607507586 555.0356220356033 -11 11 11.0 1 206
168.57326498235008 297.7714994775407 0 0 12.0 1 207
399.4285779893733 270.0012558641978 6 20 12.0 1 208
456.96144595709916 586.4950231895652 -17 -8 11.0 1 209
353.49490349741313 212.68669027726546 20 14 10.0 1 210
555.6058969436659 191.7050052537094 -14 1 13.0 1 211
396.4424442961319 239.03930977591494 -2 4 13.0 1 212
454.20745935145396 197.11690225486876 -2 22 10.0 1 213
70.23382446299598 341.0146673172233 14 -14 13.0 1 214
704.8482944388185 512.6610730365348 -6 9 12.0 1 215
583.9928410673448 398.376905435045 19 12 11.0 1 216
277.8395040500068 311.2429539177216 13 12 12.0 1 217
289.0965552328531 660.364025815358 0 19 13.0 1 218
749.4688527930803 350.1951716448252 -9 18 13.0 1 219
