400 400 -7.071067811865475 7.0710678118654755 5 2 -1 10 187
57.15728752538104 742.842712474619
800.0 400.0 0 0 24.0 1 0
799.4518139018296 420.9343824971775 0 0 24.0 1 1
797.8087581473094 441.8113853070614 0 0 24.0 1 2
795.0753362380551 462.57378601609236 0 0 24.0 1 3
791.2590402935223 483.16467632710373 0 0 24.0 1 4
786.3703305156273 503.5276180410083 0 0 24.0 1 5
780.4226065180615 523.6067977499789 0 0 24.0 1 6
773.4321705988807 543.3471798181201 0 0 24.0 1 7
765.4181830570403 562.6946572303201 0 0 24.0 1 8
756.4026096753471 581.5961998958187 0 0 24.0 1 9
746.4101615137755 600.0 0 0 24.0 1 10
735.4682271781696 617.8556140060108 0 0 24.0 1 11
723.606797749979 635.1141009169893 0 0 24.0 1 12
710.8583845827884 651.728156419935 0 0 24.0 1 13
697.2579301909577 667.6522425435433 0 0 24.0 1 14
682.842712474619 682.842712474619 0 0 24.0 1 15
667.6522425435433 697.2579301909577 0 0 24.0 1 16
651.728156419935 710.8583845827884 0 0 24.0 1 17
635.1141009169893 723.606797749979 0 0 24.0 1 18
617.8556140060108 735.4682271781696 0 0 24.0 1 19
600.0 746.4101615137754 0 0 24.0 1 20
581.5961998958187 756.4026096753471 0 0 24.0 1 21
562.6946572303201 765.4181830570403 0 0 24.0 1 22
543.3471798181201 773.4321705988807 0 0 24.0 1 23
523.606797749979 780.4226065180615 0 0 24.0 1 24
503.5276180410083 786.3703305156273 0 0 24.0 1 25
483.1646763271038 791.2590402935223 0 0 24.0 1 26
462.57378601609236 795.0753362380551 0 0 24.0 1 27
441.8113853070614 797.8087581473094 0 0 24.0 1 28
420.9343824971776 799.4518139018296 0 0 24.0 1 29
400.0 800.0 0 0 24.0 1 30
379.0656175028225 799.4518139018296 0 0 24.0 1 31
358.1886146929386 797.8087581473094 0 0 24.0 1 32
337.4262139839077 795.0753362380551 0 0 24.0 1 33
316.83532367289627 791.2590402935223 0 0 24.0 1 34
296.47238195899166 786.3703305156273 0 0 24.0 1 35
276.3932022500211 780.4226065180615 0 0 24.0 1 36
256.65282018187986 773.4321705988807 0 0 24.0 1 37
237.3053427696799 765.4181830570403 0 0 24.0 1 38
218.4038001041813 756.4026096753471 0 0 24.0 1 39
43.597390324652906 581.5961998958187 0 0 24.0 1 40
34.58181694295968 562.6946572303202 0 0 24.0 1 41
26.567829401119297 543.3471798181201 0 0 24.0 1 42
19.5773934819386 523.606797749979 0 0 24.0 1 43
13.629669484372698 503.5276180410084 0 0 24.0 1 44
8.740959706477724 483.16467632710373 0 0 24.0 1 45
4.924663761944942 462.5737860160924 0 0 24.0 1 46
2.1912418526906663 441.81138530706147 0 0 24.0 1 47
0.5481860981704472 420.9343824971775 0 0 24.0 1 48
0.0 400.00000000000006 0 0 24.0 1 49
0.5481860981704472 379.0656175028226 0 0 24.0 1 50
2.1912418526906663 358.1886146929386 0 0 24.0 1 51
4.924663761944885 337.4262139839077 0 0 24.0 1 52
8.740959706477781 316.8353236728962 0 0 24.0 1 53
13.629669484372698 296.47238195899166 0 0 24.0 1 54
19.577393481938543 276.3932022500211 0 0 24.0 1 55
26.567829401119297 256.65282018187986 0 0 24.0 1 56
34.58181694295968 237.30534276967992 0 0 24.0 1 57
43.59739032465285 218.40380010418136 0 0 24.0 1 58
53.58983848622455 199.99999999999994 0 0 24.0 1 59
64.53177282183037 182.14438599398918 0 0 24.0 1 60
76.39320225002103 164.8858990830108 0 0 24.0 1 61
89.14161541721171 148.27184358006497 0 0 24.0 1 62
102.74206980904228 132.3477574564567 0 0 24.0 1 63
117.15728752538092 117.15728752538104 0 0 24.0 1 64
132.34775745645675 102.74206980904228 0 0 24.0 1 65
148.27184358006485 89.14161541721177 0 0 24.0 1 66
164.8858990830107 76.39320225002109 0 0 24.0 1 67
182.1443859939892 64.53177282183032 0 0 24.0 1 68
199.99999999999983 53.58983848622461 0 0 24.0 1 69
218.40380010418124 43.597390324652906 0 0 24.0 1 70
237.30534276967995 34.58181694295962 0 0 24.0 1 71
256.65282018187975 26.567829401119354 0 0 24.0 1 72
276.393202250021 19.5773934819386 0 0 24.0 1 73
296.4723819589917 13.629669484372698 0 0 24.0 1 74
316.8353236728961 8.740959706477781 0 0 24.0 1 75
337.4262139839076 4.924663761944942 0 0 24.0 1 76
358.18861469293864 2.1912418526906663 0 0 24.0 1 77
379.0656175028223 0.5481860981704472 0 0 24.0 1 78
399.99999999999994 0.0 0 0 24.0 1 79
420.9343824971776 0.5481860981704472 0 0 24.0 1 80
441.8113853070612 2.1912418526906663 0 0 24.0 1 81
462.5737860160923 4.924663761944885 0 0 24.0 1 82
483.1646763271038 8.740959706477781 0 0 24.0 1 83
503.5276180410081 13.629669484372641 0 0 24.0 1 84
523.6067977499789 19.577393481938543 0 0 24.0 1 85
543.3471798181201 26.567829401119297 0 0 24.0 1 86
562.6946572303199 34.58181694295956 0 0 24.0 1 87
581.5961998958187 43.59739032465279 0 0 24.0 1 88
600.0 53.58983848622455 0 0 24.0 1 89
617.8556140060107 64.53177282183032 0 0 24.0 1 90
635.1141009169892 76.39320225002098 0 0 24.0 1 91
651.728156419935 89.14161541721171 0 0 24.0 1 92
667.6522425435431 102.74206980904216 0 0 24.0 1 93
682.842712474619 117.15728752538092 0 0 24.0 1 94
697.2579301909577 132.34775745645675 0 0 24.0 1 95
710.8583845827882 148.27184358006485 0 0 24.0 1 96
723.6067977499789 164.88589908301066 0 0 24.0 1 97
735.4682271781696 182.1443859939892 0 0 24.0 1 98
746.4101615137754 199.99999999999983 0 0 24.0 1 99
756.4026096753471 218.40380010418122 0 0 24.0 1 100
765.4181830570403 237.30534276967995 0 0 24.0 1 101
773.4321705988806 256.6528201818797 0 0 24.0 1 102
780.4226065180615 276.3932022500209 0 0 24.0 1 103
786.3703305156273 296.4723819589917 0 0 24.0 1 104
791.2590402935223 316.83532367289604 0 0 24.0 1 105
795.0753362380551 337.4262139839076 0 0 24.0 1 106
797.8087581473094 358.18861469293864 0 0 24.0 1 107
799.4518139018296 379.06561750282225 0 0 24.0 1 108
800.0 399.9999999999999 0 0 24.0 1 109
529.5294148890048 358.5496600917188 0 0 12.0 1 110
585.1942673138258 712.2051943099204 0 0 12.0 1 111
534.8310373888863 681.3620289886976 0 0 13.0 1 112
192.67143392983596 580.6650649441934 0 0 13.0 1 113
726.9044229158696 540.9592078512156 0 0 11.0 1 114
716.5538262301534 439.429368484036 0 0 12.0 1 115
398.72528936090964 110.00280154321047 0 0 11.0 1 116
181.81187072352122 312.7134589823232 0 0 10.0 1 117
270.5215760589844 194.36844178543353 0 0 11.0 1 118
569.8687885283609 107.78673082163613 0 0 10.0 1 119
212.22523225963528 595.4012195459693 0 0 13.0 1 120
460.62888199026304 218.87811101744006 0 0 13.0 1 121
185.03840818518685 305.04467342775524 0 0 12.0 1 122
288.06411471829267 84.25428334465016 0 0 13.0 1 123
497.14288847719945 60.62961352188313 0 0 11.0 1 124
378.2414848819154 727.2775076595642 0 0 13.0 1 125
511.06609542909325 309.9260168187531 0 0 13.0 1 126
545.8238918821996 487.38073332450676 0 0 11.0 1 127
292.3917024263658 605.534557418708 0 0 11.0 1 128
730.0 400.0 0 0 12.0 1 129
763.0 400.0 0 0 11.0 1 130
137.0000001194917 399.9920720350664 0 0 11.0 1 131
598.0739333172681 621.3045795735516 0 0 11.0 1 132
625.7604627184558 643.4259917780942 0 0 11.0 1 133
361.13614010674024 151.01485908954913 0 0 11.0 1 134
85.69721278426601 286.9966462956917 0 0 12.0 1 135
707.4647665388967 519.855818954199 0 0 11.0 1 136
430.21892522393125 618.9242256085663 0 0 12.0 1 137
279.4298161256421 309.0943854291522 0 0 11.0 1 138
361.7060220890975 573.8320202257321 0 0 10.0 1 139
289.9205794363985 463.33657054484206 0 0 10.0 1 140
565.8234465934352 475.01056298864944 0 0 13.0 1 141
514.9506206804806 210.0780296933178 0 0 13.0 1 142
453.20488024262374 231.18578046157347 0 0 12.0 1 143
93.68688451492119 205.21479706655137 0 0 13.0 1 144
215.89564021731363 475.54194006647685 0 0 10.0 1 145
515.8161525288461 173.94111649082433 0 0 11.0 1 146
596.0176719514939 427.94767043451947 0 0 13.0 1 147
425.33099255276113 63.95336511684576 0 0 13.0 1 148
224.86947982293 326.3162100424464 0 0 11.0 1 149
434.1869961623473 532.6659311707253 0 0 12.0 1 150
215.648922224395 346.3466671773987 0 0 11.0 1 151
478.6236190811328 543.924725195447 0 0 11.0 1 152
288.5317145030407 536.201399876684 0 0 10.0 1 153
354.02198931647814 712.6372059329886 0 0 10.0 1 154
478.4717506802 106.30256326419101 6 7 11.0 1 155
622.9088768402082 219.22214564323176 19 21 12.0 1 156
654.3750411014443 256.6216945816469 2 7 12.0 1 157
252.0057976935937 398.6900062250202 -12 -4 11.0 1 158
185.8620957653186 652.4003921747715 12 8 10.0 1 159
568.2835663115143 121.96107950598326 4 13 10.0 1 160
733.9404155736722 554.6214695522038 17 20 11.0 1 161
520.7459912301981 346.6670308173554 -1 -10 10.0 1 162
510.6232041181975 530.3974950320121 6 -12 10.0 1 163
717.2556831697968 483.26362649119676 -3 -4 10.0 1 164
664.010400011347 487.0776015163977 7 2 10.0 1 165
314.1773888048803 224.90151511891568 18 8 13.0 1 166
486.1314116197368 505.2491326918729 18 -10 13.0 1 167
134.0414974383806 611.8161346903986 20 -4 12.0 1 168
425.5564910027857 60.96185204666932 -11 4 13.0 1 169
330.6139715054178 296.02606552722443 0 -5 10.0 1 170
551.973702736092 678.1959627253457 10 -1 12.0 1 171
711.8489762884427 355.5565979266854 10 -9 10.0 1 172
528.3804529625539 316.76863994184953 9 -12 10.0 1 173
202.0698037186627 394.74287150325455 -3 6 10.0 1 174
451.027502204082 539.9899782799198 -17 21 10.0 1 175
123.34635089391764 546.3958962412836 -3 -10 12.0 1 176
277.74943008607653 437.93149292765725 5 -9 12.0 1 177
373.3266877310846 46.00348248520163 9 9 11.0 1 178
461.572666746143 578.6891342800911 21 11 13.0 1 179
608.8658761781071 695.6671198634567 -5 22 10.0 1 180
540.7883113256203 714.9661115010315 2 1 12.0 1 181
61.14120139531212 469.93364432222575 0 21 11.0 1 182
363.7567239685721 662.50985684829 -6 -1 13.0 1 183
506.9567813610403 166.3137853426381 4 -10 12.0 1 184
683.1390705349036 359.6482127207366 4 15 13.0 1 185
114.66107645920471 474.8778920148007 8 12 13.0 1 186
630.0912824171526 321.8526919489216 15 20 10.0 1 187
232.1523228209495 373.03414630319946 8 1 10.0 1 188
315.2932690202374 282.31495538207867 -11 10 13.0 1 189
121.60911687256612 613.7744516810357 11 -3 13.0 1 190
420.4989832971969 570.7740954705404 4 22 10.0 1 191
406.83882330405277 620.8941612986091 -15 16 12.0 1 192
731.8832209520067 391.195021265129 15 14 10.0 1 193
486.6020508083274 275.08368883211494 13 -5 12.0 1 194
107.91385850136766 312.1894884171551 -5 22 10.0 1 195
601.6127581045386 387.4981693548184 -3 6 12.0 1 196
115.7003941349505 563.5779144780172 14 -16 11.0 1 197
461.93013507120156 267.7855591470329 -4 -4 12.0 1 198
468.82884077785536 741.1254764411135 2 -11 10.0 1 199
645.7621852247003 139.6829849710548 4 11 10.0 1 200
233.15200349435608 510.28030677347897 20 10 10.0 1 201
543.1301398975038 574.8992940320829 10 21 11.0 1 202
548.3272831005081 362.4764462234489 12 5 10.0 1 203
330.05108521021464 692.7595418081729 -1 14 13.0 1 204
162.95442889903018 130.38843270101512 0 0 12.0 1 205
231.55629068378326 339.43832241595453 17 -7 13.0 1 206
154.52428947250755 234.59844153992157 0 -6 10.0 1 207
386.8121619067583 670.67892590009 -2 -13 10.0 1 208
130.72204092467882 438.3846421922839 9 1 10.0 1 209
146.55719167657446 601.848316587321 5 -8 10.0 1 210
748.02149329864 459.07656220689086 -7 11 12.0 1 211
560.254363165728 462.47030563673405 11 -6 10.0 1 212
200.09753219113833 88.649709548992 13 -15 12.0 1 213
674.8324623709964 501.5682904606299 10 1 10.0 1 214
211.5323364377151 596.122257256471 20 8 11.0 1 215
518.2264087989271 247.44995489181596 -2 -5 13.0 1 216
704.4102411343761 322.9908765631565 -17 -12 10.0 1 217
359.5169445082919 693.2185570833731 -3 -7 10.0 1 218
521.5755924996583 733.5331697273257 -4 1 10.0 1 219
