400 400 -7.071067811865475 7.0710678118654755 5 2 -1 10 187
57.15728752538104 742.842712474619
800.0 400.0 0 0 24.0 1 0
799.4518139018296 420.9343824971775 0 0 24.0 1 1
797.8087581473094 441.8113853070614 0 0 24.0 1 2
795.0753362380551 462.57378601609236 0 0 24.0 1 3
791.2590402935223 483.16467632710373 0 0 24.0 1 4
786.3703305156273 503.5276180410083 0 0 24.0 1 5
780.4226065180615 523.6067977499789 0 0 24.0 1 6
773.4321705988807 543.3471798181201 0 0 24.0 1 7
765.4181830570403 562.6946572303201 0 0 24.0 1 8
756.4026096753471 581.5961998958187 0 0 24.0 1 9
746.4101615137755 600.0 0 0 24.0 1 10
735.4682271781696 617.8556140060108 0 0 24.0 1 11
723.606797749979 635.1141009169893 0 0 24.0 1 12
710.8583845827884 651.728156419935 0 0 24.0 1 13
697.2579301909577 667.6522425435433 0 0 24.0 1 14
682.842712474619 682.842712474619 0 0 24.0 1 15
667.6522425435433 697.2579301909577 0 0 24.0 1 16
651.728156419935 710.8583845827884 0 0 24.0 1 17
635.1141009169893 723.606797749979 0 0 24.0 1 18
617.8556140060108 735.4682271781696 0 0 24.0 1 19
600.0 746.4101615137754 0 0 24.0 1 20
581.5961998958187 756.4026096753471 0 0 24.0 1 21
562.6946572303201 765.4181830570403 0 0 24.0 1 22
543.3471798181201 773.4321705988807 0 0 24.0 1 23
523.606797749979 780.4226065180615 0 0 24.0 1 24
503.5276180410083 786.3703305156273 0 0 24.0 1 25
483.1646763271038 791.2590402935223 0 0 24.0 1 26
462.57378601609236 795.0753362380551 0 0 24.0 1 27
441.8113853070614 797.8087581473094 0 0 24.0 1 28
420.9343824971776 799.4518139018296 0 0 24.0 1 29
400.0 800.0 0 0 24.0 1 30
379.0656175028225 799.4518139018296 0 0 24.0 1 31
358.1886146929386 797.8087581473094 0 0 24.0 1 32
337.4262139839077 795.0753362380551 0 0 24.0 1 33
316.83532367289627 791.2590402935223 0 0 24.0 1 34
296.47238195899166 786.3703305156273 0 0 24.0 1 35
276.3932022500211 780.4226065180615 0 0 24.0 1 36
256.65282018187986 773.4321705988807 0 0 24.0 1 37
237.3053427696799 765.4181830570403 0 0 24.0 1 38
218.4038001041813 756.4026096753471 0 0 24.0 1 39
43.597390324652906 581.5961998958187 0 0 24.0 1 40
34.58181694295968 562.6946572303202 0 0 24.0 1 41
26.567829401119297 543.3471798181201 0 0 24.0 1 42
19.5773934819386 523.606797749979 0 0 24.0 1 43
13.629669484372698 503.5276180410084 0 0 24.0 1 44
8.740959706477724 483.16467632710373 0 0 24.0 1 45
4.924663761944942 462.5737860160924 0 0 24.0 1 46
2.1912418526906663 441.81138530706147 0 0 24.0 1 47
0.5481860981704472 420.9343824971775 0 0 24.0 1 48
0.0 400.00000000000006 0 0 24.0 1 49
0.5481860981704472 379.0656175028226 0 0 24.0 1 50
2.1912418526906663 358.1886146929386 0 0 24.0 1 51
4.924663761944885 337.4262139839077 0 0 24.0 1 52
8.740959706477781 316.8353236728962 0 0 24.0 1 53
13.629669484372698 296.47238195899166 0 0 24.0 1 54
19.577393481938543 276.3932022500211 0 0 24.0 1 55
26.567829401119297 256.65282018187986 0 0 24.0 1 56
34.58181694295968 237.30534276967992 0 0 24.0 1 57
43.59739032465285 218.40380010418136 0 0 24.0 1 58
53.58983848622455 199.99999999999994 0 0 24.0 1 59
64.53177282183037 182.14438599398918 0 0 24.0 1 60
76.39320225002103 164.8858990830108 0 0 24.0 1 61
89.14161541721171 148.27184358006497 0 0 24.0 1 62
102.74206980904228 132.3477574564567 0 0 24.0 1 63
117.15728752538092 117.15728752538104 0 0 24.0 1 64
132.34775745645675 102.74206980904228 0 0 24.0 1 65
148.27184358006485 89.14161541721177 0 0 24.0 1 66
164.8858990830107 76.39320225002109 0 0 24.0 1 67
182.1443859939892 64.53177282183032 0 0 24.0 1 68
199.99999999999983 53.58983848622461 0 0 24.0 1 69
218.40380010418124 43.597390324652906 0 0 24.0 1 70
237.30534276967995 34.58181694295962 0 0 24.0 1 71
256.65282018187975 26.567829401119354 0 0 24.0 1 72
276.393202250021 19.5773934819386 0 0 24.0 1 73
296.4723819589917 13.629669484372698 0 0 24.0 1 74
316.8353236728961 8.740959706477781 0 0 24.0 1 75
337.4262139839076 4.924663761944942 0 0 24.0 1 76
358.18861469293864 2.1912418526906663 0 0 24.0 1 77
379.0656175028223 0.5481860981704472 0 0 24.0 1 78
399.99999999999994 0.0 0 0 24.0 1 79
420.9343824971776 0.5481860981704472 0 0 24.0 1 80
441.8113853070612 2.1912418526906663 0 0 24.0 1 81
462.5737860160923 4.924663761944885 0 0 24.0 1 82
483.1646763271038 8.740959706477781 0 0 24.0 1 83
503.5276180410081 13.629669484372641 0 0 24.0 1 84
523.6067977499789 19.577393481938543 0 0 24.0 1 85
543.3471798181201 26.567829401119297 0 0 24.0 1 86
562.6946572303199 34.58181694295956 0 0 24.0 1 87
581.5961998958187 43.59739032465279 0 0 24.0 1 88
600.0 53.58983848622455 0 0 24.0 1 89
617.8556140060107 64.53177282183032 0 0 24.0 1 90
635.1141009169892 76.39320225002098 0 0 24.0 1 91
651.728156419935 89.14161541721171 0 0 24.0 1 92
667.6522425435431 102.74206980904216 0 0 24.0 1 93
682.842712474619 117.15728752538092 0 0 24.0 1 94
697.2579301909577 132.34775745645675 0 0 24.0 1 95
710.8583845827882 148.27184358006485 0 0 24.0 1 96
723.6067977499789 164.88589908301066 0 0 24.0 1 97
735.4682271781696 182.1443859939892 0 0 24.0 1 98
746.4101615137754 199.99999999999983 0 0 24.0 1 99
756.4026096753471 218.40380010418122 0 0 24.0 1 100
765.4181830570403 237.30534276967995 0 0 24.0 1 101
773.4321705988806 256.6528201818797 0 0 24.0 1 102
780.4226065180615 276.3932022500209 0 0 24.0 1 103
786.3703305156273 296.4723819589917 0 0 24.0 1 104
791.2590402935223 316.83532367289604 0 0 24.0 1 105
795.0753362380551 337.4262139839076 0 0 24.0 1 106
797.8087581473094 358.18861469293864 0 0 24.0 1 107
799.4518139018296 379.06561750282225 0 0 24.0 1 108
800.0 399.9999999999999 0 0 24.0 1 109
546.9770494598189 658.082829595628 0 0 10.0 1 110
216.15351360082195 501.49122838293385 0 0 12.0 1 111
676.3562100838201 491.14957568802777 0 0 13.0 1 112
444.69918970056125 621.5355105623323 0 0 12.0 1 113
556.0703545819283 298.81677796852296 0 0 12.0 1 114
275.6847568157939 468.6274020494124 0 0 11.0 1 115
385.8388897227552 690.6552303945616 0 0 10.0 1 116
569.5739664556158 412.0278801336587 0 0 12.0 1 117
581.2324494394438 208.03437997865493 0 0 10.0 1 118
126.82379241733355 461.4390723461213 0 0 13.0 1 119
592.7931698961067 712.2815935040214 0 0 11.0 1 120
279.6076733771953 669.3152199381757 0 0 11.0 1 121
194.22889133832405 552.2965884061254 0 0 11.0 1 122
308.3547454372576 248.57296372136796 0 0 10.0 1 123
327.40241834043354 759.7479550145943 0 0 12.0 1 124
684.8818277924777 464.0807630542666 0 0 10.0 1 125
243.1151565195916 490.26708085524734 0 0 13.0 1 126
681.989028157561 397.5124311558842 0 0 12.0 1 127
452.47345470962443 717.6956665597393 0 0 13.0 1 128
464.67019487858886 174.07353874686274 0 0 11.0 1 129
706.0271149620473 375.57859733746034 0 0 13.0 1 130
645.955290671558 582.0494300751018 0 0 12.0 1 131
456.2215586174548 740.3882141711491 0 0 12.0 1 132
696.8989503018831 199.9624702471061 0 0 12.0 1 133
200.50078946912896 414.14443344779824 0 0 10.0 1 134
722.5543601943173 240.12916238527245 0 0 13.0 1 135
640.7565317425381 668.993108505226 0 0 11.0 1 136
179.7583384528772 259.9478292957849 0 0 10.0 1 137
476.9020401233477 501.0696602589868 0 0 12.0 1 138
508.70460267590437 314.9864166319654 0 0 11.0 1 139
565.3251350501189 253.34189514159155 0 0 10.0 1 140
462.8979476794525 146.69218689958882 0 0 11.0 1 141
162.7230802214874 520.2317068847536 0 0 10.0 1 142
501.1170205605558 620.9623229262313 0 0 10.0 1 143
677.1559159425137 367.97503695449075 0 0 10.0 1 144
544.2424726962399 675.5269661402936 0 0 11.0 1 145
437.9835181483692 58.103447883614194 0 0 10.0 1 146
167.14577638009666 408.240785300689 0 0 10.0 1 147
408.16945408266935 663.8735682481122 0 0 11.0 1 148
198.36600868293203 341.3166672252798 0 0 12.0 1 149
492.04684459212837 203.48949544456264 0 0 10.0 1 150
317.33762817633556 271.2524474621507 0 0 10.0 1 151
375.3883920998485 548.9807663981132 0 0 11.0 1 152
341.23338712724853 251.1830479701181 0 0 13.0 1 153
590.0820661336658 481.96223602584735 0 0 13.0 1 154
460.1746557290381 597.0152552669254 -17 3 10.0 1 155
186.03584745807007 181.24136262306413 -12 5 10.0 1 156
407.14912457922844 546.8260536068128 -8 20 10.0 1 157
430.2578037170077 605.7874274930882 -5 8 13.0 1 158
694.4483509636354 583.6005681222031 -7 21 11.0 1 159
573.9339108636947 519.448711385516 -17 -3 12.0 1 160
254.38312870326735 483.7838098545942 -8 5 12.0 1 161
489.0495572014771 594.592333770426 -1 21 11.0 1 162
581.7843295743479 614.2789245847683 0 -5 13.0 1 163
84.61142042306415 250.56424834584328 22 -10 12.0 1 164
260.93058169298325 179.13647451028046 17 -7 12.0 1 165
561.0829112598315 589.8770541694211 -17 12 11.0 1 166
582.7321778721994 583.548225733955 3 -4 12.0 1 167
535.8559177162006 218.14244689458474 -8 13 13.0 1 168
302.7948791253001 318.26772684101473 11 18 10.0 1 169
525.4556061436614 212.01890816593678 1 -13 12.0 1 170
484.68082005813557 568.9679221458371 16 -12 12.0 1 171
153.0198958754131 199.68817267418228 1 2 12.0 1 172
627.3367627054869 234.8364558306248 9 17 13.0 1 173
620.769275277215 368.5368931353995 21 -9 10.0 1 174
133.53223161422562 146.19115773577684 -17 21 10.0 1 175
564.9853597509922 624.9907355155667 -9 22 10.0 1 176
221.397406192372 618.2317884387777 -5 6 13.0 1 177
355.34841698267974 232.86162578854803 20 9 13.0 1 178
363.7326100090626 531.0750793371694 -4 11 12.0 1 179
214.47737859206399 151.64268292251256 5 13 10.0 1 180
79.11139684861956 318.81191979387694 -5 -14 11.0 1 181
658.9985850973982 432.2603923960295 -9 -4 12.0 1 182
515.0455155510829 586.347871872972 5 -12 13.0 1 183
351.6092292706366 246.4443641274662 -15 22 10.0 1 184
478.85467727957484 706.0031697076586 21 5 11.0 1 185
283.8811057906399 337.22737533290933 -16 -15 13.0 1 186
218.1356838088481 520.2055343830921 19 1 11.0 1 187
608.3569522031294 339.3668368908331 -9 -15 11.0 1 188
461.1695556477436 533.6685657208066 1 -17 12.0 1 189
311.4649009044764 719.9773995583841 -16 -15 10.0 1 190
231.90451139126574 538.808885556332 10 -15 12.0 1 191
321.5779285460386 246.91839199672035 -3 12 11.0 1 192
541.1258789672396 320.45450178844794 0 12 12.0 1 193
540.3325957066155 386.2973512690575 7 14 11.0 1 194
300.3908716253219 51.97410793960046 7 16 11.0 1 195
193.4989625482552 343.84555644160395 -3 4 11.0 1 196
254.51339582904941 507.6784472715183 7 9 11.0 1 197
380.4215554870071 248.2578354232033 8 -1 10.0 1 198
333.8767744326289 537.9736171902678 8 -1 12.0 1 199
336.82162012578704 526.0535295676787 2 -1 10.0 1 200
291.4878919166943 480.31265404229265 -10 19 12.0 1 201
610.6370082701313 666.8933321516456 8 -11 12.0 1 202
240.56245473759793 242.6606560306689 -3 6 13.0 1 203
389.05068792996536 624.7334255628055 -5 13 10.0 1 204
202.11738341353214 585.1579597340956 21 -17 10.0 1 205
188.1122236356949 145.70770710186628 10 7 12.0 1 206
273.94490540480115 315.0640645745543 -8 1 12.0 1 207
255.8424274155298 247.29572937683372 20 14 13.0 1 208
543.1639408101084 87.20600061427047 9 7 11.0 1 209
62.909430745339705 435.9297664836422 14 15 12.0 1 210
490.4758424440925 523.382016250472 20 14 13.0 1 211
526.405344186425 130.13764812202612 14 3 11.0 1 212
595.6593968883888 476.27188478903577 18 13 13.0 1 213
532.218588027539 695.7942612357514 -6 19 12.0 1 214
377.4454416458879 739.2510750129629 10 -13 12.0 1 215
355.8294984043638 667.3760774429716 19 -4 10.0 1 216
211.94444044210476 656.4353846866046 -10 18 12.0 1 217
520.9140904809778 698.4355587445268 -13 15 12.0 1 218
78.34577575610587 306.38611200223204 8 -2 12.0 1 219
