400 400 -7.071067811865475 7.0710678118654755 5 2 -1 10 187
57.15728752538104 742.842712474619
800.0 400.0 0 0 24.0 1 0
799.4518139018296 420.9343824971775 0 0 24.0 1 1
797.8087581473094 441.8113853070614 0 0 24.0 1 2
795.0753362380551 462.57378601609236 0 0 24.0 1 3
791.2590402935223 483.16467632710373 0 0 24.0 1 4
786.3703305156273 503.5276180410083 0 0 24.0 1 5
780.4226065180615 523.6067977499789 0 0 24.0 1 6
773.4321705988807 543.3471798181201 0 0 24.0 1 7
765.4181830570403 562.6946572303201 0 0 24.0 1 8
756.4026096753471 581.5961998958187 0 0 24.0 1 9
746.4101615137755 600.0 0 0 24.0 1 10
735.4682271781696 617.8556140060108 0 0 24.0 1 11
723.606797749979 635.1141009169893 0 0 24.0 1 12
710.8583845827884 651.728156419935 0 0 24.0 1 13
697.2579301909577 667.6522425435433 0 0 24.0 1 14
682.842712474619 682.842712474619 0 0 24.0 1 15
667.6522425435433 697.2579301909577 0 0 24.0 1 16
651.728156419935 710.8583845827884 0 0 24.0 1 17
635.1141009169893 723.606797749979 0 0 24.0 1 18
617.8556140060108 735.4682271781696 0 0 24.0 1 19
600.0 746.4101615137754 0 0 24.0 1 20
581.5961998958187 756.4026096753471 0 0 24.0 1 21
562.6946572303201 765.4181830570403 0 0 24.0 1 22
543.3471798181201 773.4321705988807 0 0 24.0 1 23
523.606797749979 780.4226065180615 0 0 24.0 1 24
503.5276180410083 786.3703305156273 0 0 24.0 1 25
483.1646763271038 791.2590402935223 0 0 24.0 1 26
462.57378601609236 795.0753362380551 0 0 24.0 1 27
441.8113853070614 797.8087581473094 0 0 24.0 1 28
420.9343824971776 799.4518139018296 0 0 24.0 1 29
400.0 800.0 0 0 24.0 1 30
379.0656175028225 799.4518139018296 0 0 24.0 1 31
358.1886146929386 797.8087581473094 0 0 24.0 1 32
337.4262139839077 795.0753362380551 0 0 24.0 1 33
316.83532367289627 791.2590402935223 0 0 24.0 1 34
296.47238195899166 786.3703305156273 0 0 24.0 1 35
276.3932022500211 780.4226065180615 0 0 24.0 1 36
256.65282018187986 773.4321705988807 0 0 24.0 1 37
237.3053427696799 765.4181830570403 0 0 24.0 1 38
218.4038001041813 756.4026096753471 0 0 24.0 1 39
43.597390324652906 581.5961998958187 0 0 24.0 1 40
34.58181694295968 562.6946572303202 0 0 24.0 1 41
26.567829401119297 543.3471798181201 0 0 24.0 1 42
19.5773934819386 523.606797749979 0 0 24.0 1 43
13.629669484372698 503.5276180410084 0 0 24.0 1 44
8.740959706477724 483.16467632710373 0 0 24.0 1 45
4.924663761944942 462.5737860160924 0 0 24.0 1 46
2.1912418526906663 441.81138530706147 0 0 24.0 1 47
0.5481860981704472 420.9343824971775 0 0 24.0 1 48
0.0 400.00000000000006 0 0 24.0 1 49
0.5481860981704472 379.0656175028226 0 0 24.0 1 50
2.1912418526906663 358.1886146929386 0 0 24.0 1 51
4.924663761944885 337.4262139839077 0 0 24.0 1 52
8.740959706477781 316.8353236728962 0 0 24.0 1 53
13.629669484372698 296.47238195899166 0 0 24.0 1 54
19.577393481938543 276.3932022500211 0 0 24.0 1 55
26.567829401119297 256.65282018187986 0 0 24.0 1 56
34.58181694295968 237.30534276967992 0 0 24.0 1 57
43.59739032465285 218.40380010418136 0 0 24.0 1 58
53.58983848622455 199.99999999999994 0 0 24.0 1 59
64.53177282183037 182.14438599398918 0 0 24.0 1 60
76.39320225002103 164.8858990830108 0 0 24.0 1 61
89.14161541721171 148.27184358006497 0 0 24.0 1 62
102.74206980904228 132.3477574564567 0 0 24.0 1 63
117.15728752538092 117.15728752538104 0 0 24.0 1 64
132.34775745645675 102.74206980904228 0 0 24.0 1 65
148.27184358006485 89.14161541721177 0 0 24.0 1 66
164.8858990830107 76.39320225002109 0 0 24.0 1 67
182.1443859939892 64.53177282183032 0 0 24.0 1 68
199.99999999999983 53.58983848622461 0 0 24.0 1 69
218.40380010418124 43.597390324652906 0 0 24.0 1 70
237.30534276967995 34.58181694295962 0 0 24.0 1 71
256.65282018187975 26.567829401119354 0 0 24.0 1 72
276.393202250021 19.5773934819386 0 0 24.0 1 73
296.4723819589917 13.629669484372698 0 0 24.0 1 74
316.8353236728961 8.740959706477781 0 0 24.0 1 75
337.4262139839076 4.924663761944942 0 0 24.0 1 76
358.18861469293864 2.1912418526906663 0 0 24.0 1 77
379.0656175028223 0.5481860981704472 0 0 24.0 1 78
399.99999999999994 0.0 0 0 24.0 1 79
420.9343824971776 0.5481860981704472 0 0 24.0 1 80
441.8113853070612 2.1912418526906663 0 0 24.0 1 81
462.5737860160923 4.924663761944885 0 0 24.0 1 82
483.1646763271038 8.740959706477781 0 0 24.0 1 83
503.5276180410081 13.629669484372641 0 0 24.0 1 84
523.6067977499789 19.577393481938543 0 0 24.0 1 85
543.3471798181201 26.567829401119297 0 0 24.0 1 86
562.6946572303199 34.58181694295956 0 0 24.0 1 87
581.5961998958187 43.59739032465279 0 0 24.0 1 88
600.0 53.58983848622455 0 0 24.0 1 89
617.8556140060107 64.53177282183032 0 0 24.0 1 90
635.1141009169892 76.39320225002098 0 0 24.0 1 91
651.728156419935 89.14161541721171 0 0 24.0 1 92
667.6522425435431 102.74206980904216 0 0 24.0 1 93
682.842712474619 117.15728752538092 0 0 24.0 1 94
697.2579301909577 132.34775745645675 0 0 24.0 1 95
710.8583845827882 148.27184358006485 0 0 24.0 1 96
723.6067977499789 164.88589908301066 0 0 24.0 1 97
735.4682271781696 182.1443859939892 0 0 24.0 1 98
746.4101615137754 199.99999999999983 0 0 24.0 1 99
756.4026096753471 218.40380010418122 0 0 24.0 1 100
765.4181830570403 237.30534276967995 0 0 24.0 1 101
773.4321705988806 256.6528201818797 0 0 24.0 1 102
780.4226065180615 276.3932022500209 0 0 24.0 1 103
786.3703305156273 296.4723819589917 0 0 24.0 1 104
791.2590402935223 316.83532367289604 0 0 24.0 1 105
795.0753362380551 337.4262139839076 0 0 24.0 1 106
797.8087581473094 358.18861469293864 0 0 24.0 1 107
799.4518139018296 379.06561750282225 0 0 24.0 1 108
800.0 399.9999999999999 0 0 24.0 1 109
260.0431263587279 114.45477850161632 0 0 10.0 1 110
200.09366814888395 260.0948232343368 0 0 13.0 1 111
319.51220694628466 279.3902360115803 0 0 12.0 1 112
601.3152086313962 633.101237177535 0 0 10.0 1 113
350.9206801327155 560.6711559719565 0 0 11.0 1 114
353.6856233219342 198.2477298444396 0 0 13.0 1 115
619.8410370992754 257.47309584813456 0 0 11.0 1 116
694.8102795675408 247.32092788692864 0 0 13.0 1 117
142.51029024912265 448.4050552360901 0 0 12.0 1 118
274.5858562324501 530.5078256008135 0 0 10.0 1 119
297.51611843260696 309.08215786282346 0 0 12.0 1 120
385.5161633850586 36.28827558502917 0 0 13.0 1 121
156.72822007679125 510.035635559549 0 0 13.0 1 122
527.6687808541836 452.38971650244383 0 0 11.0 1 123
433.2867780130967 227.1764182482413 0 0 12.0 1 124
305.37506970794493 206.9426961567532 0 0 13.0 1 125
98.80060454663783 340.6036686441902 0 0 12.0 1 126
179.44513633938377 227.50202286505794 0 0 11.0 1 127
175.52986902285312 186.1936383100294 0 0 11.0 1 128
691.26649730264 353.215092721571 0 0 13.0 1 129
550.0801562473426 206.34838833417055 0 0 10.0 1 130
511.91654895563664 250.1878307017064 0 0 10.0 1 131
516.3216727618436 293.0735372048314 0 0 12.0 1 132
544.3369789013727 523.559040630885 0 0 12.0 1 133
217.77110704597806 110.59262177209166 0 0 12.0 1 134
160.80867368967768 488.3884009240404 0 0 12.0 1 135
568.6700925898033 557.833456104044 0 0 10.0 1 136
233.28764118264397 420.7602846211976 0 0 10.0 1 137
274.42465747113124 64.74661321806565 0 0 13.0 1 138
206.83052797401936 636.0308350135716 0 0 13.0 1 139
621.8267308560737 437.65503256813156 0 0 13.0 1 140
588.8245586709542 583.069074512107 0 0 11.0 1 141
601.359860659067 383.93119433930616 0 0 10.0 1 142
391.55155266539316 253.24297721187455 0 0 11.0 1 143
180.23014166224496 668.5334418023258 0 0 12.0 1 144
598.5903382880542 152.9152421968603 0 0 12.0 1 145
234.58576341227095 652.6700028378889 0 0 10.0 1 146
468.1508250913578 586.9664810584163 0 0 10.0 1 147
499.36329818822014 688.3607722509406 0 0 13.0 1 148
78.26859976161666 570.2495406767642 0 0 10.0 1 149
352.4425222918509 127.11305213689883 0 0 12.0 1 150
463.8030088653836 97.65884160484569 0 0 10.0 1 151
65.71012688538167 510.2464545144758 0 0 12.0 1 152
252.37731357712406 639.0994405122965 0 0 11.0 1 153
427.61289539722793 256.6349833195638 0 0 11.0 1 154
207.1211324114497 99.58904407835178 1 -17 11.0 1 155
446.6273914088713 737.7971082919507 -12 8 11.0 1 156
313.3176396449305 540.3964686282168 -7 -2 12.0 1 157
470.3482219948801 162.18677988354167 -4 20 10.0 1 158
505.32886312662777 194.4110153912615 9 -15 13.0 1 159
128.1000814526455 433.85903563219136 18 -5 11.0 1 160
348.4369403582578 262.34008978507165 -15 -6 13.0 1 161
449.21423392020677 697.963016462861 22 10 13.0 1 162
547.7217944400728 288.63002447964317 11 5 11.0 1 163
591.95350088978 439.6213767574681 5 -17 13.0 1 164
573.666435198959 389.2310963749426 5 -11 11.0 1 165
355.7679897221815 700.764906973508 9 -15 12.0 1 166
363.04487988142915 707.7894070578486 0 0 11.0 1 167
256.0847443533688 700.2955197670535 19 17 12.0 1 168
376.71060848781235 219.49624867335294 -16 -1 10.0 1 169
457.20185081411137 268.9391429013218 -6 22 10.0 1 170
246.2214383415121 135.44725672515386 14 11 12.0 1 171
618.2487609480784 223.00147360887846 8 -10 13.0 1 172
507.83504051153 180.00771823112362 1 -12 13.0 1 173
382.7938351842771 171.64731687073572 8 -14 12.0 1 174
670.8771207531299 227.76009332186038 -13 13 13.0 1 175
185.03357401160102 403.79943387548474 -1 17 12.0 1 176
399.33187580295953 248.00146839506203 -5 5 12.0 1 177
247.36444997291366 586.503053240232 -1 15 10.0 1 178
219.46770134571287 523.9721305076237 -5 -10 12.0 1 179
598.0609294682084 170.6948142361596 12 -3 13.0 1 180
722.8509743001433 225.48281347257458 -1 4 10.0 1 181
460.40195435615954 261.6070669797174 22 3 11.0 1 182
241.98618574664152 352.4959527502642 -11 -17 13.0 1 183
305.5346681037987 606.4105158894297 -17 14 11.0 1 184
337.5394041029393 166.19949965796891 2 -6 12.0 1 185
554.324888264507 514.227093380456 12 11 13.0 1 186
68.84416939693426 560.4986475257459 4 10 11.0 1 187
556.1169091688031 108.12929117230743 8 14 13.0 1 188
534.8035824134324 382.0001619867029 -2 8 11.0 1 189
222.20893512509755 194.14972127624353 -1 10 13.0 1 190
373.3835525574998 193.70999848383192 12 9 10.0 1 191
198.2027881042214 363.90449791053965 17 11 13.0 1 192
758.3117829679671 377.78139999197924 -15 16 11.0 1 193
61.650508856528404 379.0090056701966 5 12 11.0 1 194
730.6182191991752 236.13239144490424 -3 -15 10.0 1 195
232.71395142696784 496.2516387020041 18 -2 11.0 1 196
583.2608048141021 535.6446733892915 10 -11 11.0 1 197
114.26073023741213 279.77907954293886 -12 -7 12.0 1 198
268.1858992753157 407.00306005563147 11 17 12.0 1 199
407.70528055524494 648.8807518703786 21 -8 13.0 1 200
246.3992913792137 279.8674802095939 4 14 11.0 1 201
615.3285290493419 663.1228317296823 14 6 13.0 1 202
457.19932485428006 746.3080092002126 3 -13 12.0 1 203
570.3681684537827 615.8696068873604 9 -4 12.0 1 204
138.18324714321488 507.42899014478866 -6 -14 10.0 1 205
756.8330122708505 352.3533699648017 -4 14 12.0 1 206
56.690096354596164 526.8633519145051 12 11 11.0 1 207
229.4428832309079 248.6914743994434 12 -8 11.0 1 208
607.978338890907 111.0691941793346 -9 -16 13.0 1 209
47.0000001603824 399.9893590432641 6 -12 13.0 1 210
99.32705060616547 523.3725151839445 -13 2 11.0 1 211
733.9870049809412 397.0537305179621 -3 -8 13.0 1 212
618.4374588273362 241.30193264864303 9 5 12.0 1 213
638.0643558383415 421.12729228452 -3 -17 11.0 1 214
249.2252277460306 644.2047666442318 6 -3 11.0 1 215
261.97377236504235 423.4256373416575 12 -1 12.0 1 216
320.3736993058726 512.7104797158117 -16 17 12.0 1 217
323.27347068656604 519.4865670253973 -8 4 10.0 1 218
133.20624285035757 620.3113504701416 11 -2 13.0 1 219
