400 400 7.071067811865475 -7.0710678118654755 5 2 -1 10 187
742.842712474619 57.15728752538092
800.0 400.0 0 0 24.0 1 0
799.4518139018296 420.9343824971775 0 0 24.0 1 1
797.8087581473094 441.8113853070614 0 0 24.0 1 2
795.0753362380551 462.57378601609236 0 0 24.0 1 3
791.2590402935223 483.16467632710373 0 0 24.0 1 4
786.3703305156273 503.5276180410083 0 0 24.0 1 5
780.4226065180615 523.6067977499789 0 0 24.0 1 6
773.4321705988807 543.3471798181201 0 0 24.0 1 7
765.4181830570403 562.6946572303201 0 0 24.0 1 8
756.4026096753471 581.5961998958187 0 0 24.0 1 9
746.4101615137755 600.0 0 0 24.0 1 10
735.4682271781696 617.8556140060108 0 0 24.0 1 11
723.606797749979 635.1141009169893 0 0 24.0 1 12
710.8583845827884 651.728156419935 0 0 24.0 1 13
697.2579301909577 667.6522425435433 0 0 24.0 1 14
682.842712474619 682.842712474619 0 0 24.0 1 15
667.6522425435433 697.2579301909577 0 0 24.0 1 16
651.728156419935 710.8583845827884 0 0 24.0 1 17
635.1141009169893 723.606797749979 0 0 24.0 1 18
617.8556140060108 735.4682271781696 0 0 24.0 1 19
600.0 746.4101615137754 0 0 24.0 1 20
581.5961998958187 756.4026096753471 0 0 24.0 1 21
562.6946572303201 765.4181830570403 0 0 24.0 1 22
543.3471798181201 773.4321705988807 0 0 24.0 1 23
523.606797749979 780.4226065180615 0 0 24.0 1 24
503.5276180410083 786.3703305156273 0 0 24.0 1 25
483.1646763271038 791.2590402935223 0 0 24.0 1 26
462.57378601609236 795.0753362380551 0 0 24.0 1 27
441.8113853070614 797.8087581473094 0 0 24.0 1 28
420.9343824971776 799.4518139018296 0 0 24.0 1 29
400.0 800.0 0 0 24.0 1 30
379.0656175028225 799.4518139018296 0 0 24.0 1 31
358.1886146929386 797.8087581473094 0 0 24.0 1 32
337.4262139839077 795.0753362380551 0 0 24.0 1 33
316.83532367289627 791.2590402935223 0 0 24.0 1 34
296.47238195899166 786.3703305156273 0 0 24.0 1 35
276.3932022500211 780.4226065180615 0 0 24.0 1 36
256.65282018187986 773.4321705988807 0 0 24.0 1 37
237.3053427696799 765.4181830570403 0 0 24.0 1 38
218.4038001041813 756.4026096753471 0 0 24.0 1 39
200.00000000000009 746.4101615137755 0 0 24.0 1 40
182.14438599398918 735.4682271781696 0 0 24.0 1 41
164.8858990830108 723.606797749979 0 0 24.0 1 42
148.27184358006508 710.8583845827884 0 0 24.0 1 43
132.3477574564567 697.2579301909577 0 0 24.0 1 44
117.15728752538104 682.842712474619 0 0 24.0 1 45
102.74206980904233 667.6522425435434 0 0 24.0 1 46
89.14161541721165 651.728156419935 0 0 24.0 1 47
76.39320225002109 635.1141009169893 0 0 24.0 1 48
64.53177282183043 617.8556140060109 0 0 24.0 1 49
53.589838486224494 600.0 0 0 24.0 1 50
43.597390324652906 581.5961998958187 0 0 24.0 1 51
34.58181694295968 562.6946572303202 0 0 24.0 1 52
26.567829401119297 543.3471798181201 0 0 24.0 1 53
19.5773934819386 523.606797749979 0 0 24.0 1 54
13.629669484372698 503.5276180410084 0 0 24.0 1 55
8.740959706477724 483.16467632710373 0 0 24.0 1 56
4.924663761944942 462.5737860160924 0 0 24.0 1 57
2.1912418526906663 441.81138530706147 0 0 24.0 1 58
0.5481860981704472 420.9343824971775 0 0 24.0 1 59
0.0 400.00000000000006 0 0 24.0 1 60
0.5481860981704472 379.0656175028226 0 0 24.0 1 61
2.1912418526906663 358.1886146929386 0 0 24.0 1 62
4.924663761944885 337.4262139839077 0 0 24.0 1 63
8.740959706477781 316.8353236728962 0 0 24.0 1 64
13.629669484372698 296.47238195899166 0 0 24.0 1 65
19.577393481938543 276.3932022500211 0 0 24.0 1 66
26.567829401119297 256.65282018187986 0 0 24.0 1 67
34.58181694295968 237.30534276967992 0 0 24.0 1 68
43.59739032465285 218.40380010418136 0 0 24.0 1 69
53.58983848622455 199.99999999999994 0 0 24.0 1 70
64.53177282183037 182.14438599398918 0 0 24.0 1 71
76.39320225002103 164.8858990830108 0 0 24.0 1 72
89.14161541721171 148.27184358006497 0 0 24.0 1 73
102.74206980904228 132.3477574564567 0 0 24.0 1 74
117.15728752538092 117.15728752538104 0 0 24.0 1 75
132.34775745645675 102.74206980904228 0 0 24.0 1 76
148.27184358006485 89.14161541721177 0 0 24.0 1 77
164.8858990830107 76.39320225002109 0 0 24.0 1 78
182.1443859939892 64.53177282183032 0 0 24.0 1 79
199.99999999999983 53.58983848622461 0 0 24.0 1 80
218.40380010418124 43.597390324652906 0 0 24.0 1 81
237.30534276967995 34.58181694295962 0 0 24.0 1 82
256.65282018187975 26.567829401119354 0 0 24.0 1 83
276.393202250021 19.5773934819386 0 0 24.0 1 84
296.4723819589917 13.629669484372698 0 0 24.0 1 85
316.8353236728961 8.740959706477781 0 0 24.0 1 86
337.4262139839076 4.924663761944942 0 0 24.0 1 87
358.18861469293864 2.1912418526906663 0 0 24.0 1 88
379.0656175028223 0.5481860981704472 0 0 24.0 1 89
399.99999999999994 0.0 0 0 24.0 1 90
420.9343824971776 0.5481860981704472 0 0 24.0 1 91
441.8113853070612 2.1912418526906663 0 0 24.0 1 92
462.5737860160923 4.924663761944885 0 0 24.0 1 93
483.1646763271038 8.740959706477781 0 0 24.0 1 94
503.5276180410081 13.629669484372641 0 0 24.0 1 95
523.6067977499789 19.577393481938543 0 0 24.0 1 96
543.3471798181201 26.567829401119297 0 0 24.0 1 97
562.6946572303199 34.58181694295956 0 0 24.0 1 98
581.5961998958187 43.59739032465279 0 0 24.0 1 99
756.4026096753471 218.40380010418122 0 0 24.0 1 100
765.4181830570403 237.30534276967995 0 0 24.0 1 101
773.4321705988806 256.6528201818797 0 0 24.0 1 102
780.4226065180615 276.3932022500209 0 0 24.0 1 103
786.3703305156273 296.4723819589917 0 0 24.0 1 104
791.2590402935223 316.83532367289604 0 0 24.0 1 105
795.0753362380551 337.4262139839076 0 0 24.0 1 106
797.8087581473094 358.18861469293864 0 0 24.0 1 107
799.4518139018296 379.06561750282225 0 0 24.0 1 108
800.0 399.9999999999999 0 0 24.0 1 109
175.16340141238317 674.7244145239932 0 0 13.0 1 110
444.98994355966374 141.8916797573192 0 0 12.0 1 111
375.41702338311774 272.34547692833667 0 0 13.0 1 112
618.2030369623168 364.9509677676854 0 0 13.0 1 113
367.98999256210504 617.6588142571441 0 0 12.0 1 114
309.16555505300084 286.9774199057083 0 0 13.0 1 115
562.8641907795576 347.8822932035582 0 0 11.0 1 116
523.5391924526393 362.86419614240526 0 0 11.0 1 117
632.9999560824918 230.7220614918859 0 0 11.0 1 118
285.9561967690529 304.10938030953696 0 0 13.0 1 119
582.9713254825275 403.2394522942907 0 0 13.0 1 120
343.5308519026611 240.713354881331 0 0 10.0 1 121
681.3390808361546 260.5571027471543 0 0 11.0 1 122
331.7974110275322 277.73632241154934 0 0 12.0 1 123
108.3709007742782 513.6726373618301 0 0 12.0 1 124
181.86252402134275 216.58505629676537 0 0 11.0 1 125
496.815753963509 110.77394691266608 0 0 13.0 1 126
451.1697663938574 709.8026065209879 0 0 12.0 1 127
159.18647115505814 243.86594117475087 0 0 10.0 1 128
169.1888852585874 543.9104906246465 0 0 12.0 1 129
596.0996553900776 508.26322162162364 0 0 13.0 1 130
581.2449547172444 463.35823852936613 0 0 10.0 1 131
630.9018596023744 377.45379783277554 0 0 13.0 1 132
412.42054547541085 184.35740205123375 0 0 11.0 1 133
283.74731403467064 238.48742152437006 0 0 12.0 1 134
602.4658765977531 596.2945970053771 0 0 12.0 1 135
442.94016695227475 540.588555942903 0 0 12.0 1 136
351.83948880934895 727.4775796323394 0 0 12.0 1 137
400.69926028211205 242.00154736498885 0 0 11.0 1 138
519.4486598578152 273.4772049859316 0 0 12.0 1 139
641.5493404087273 204.10483378064484 0 0 11.0 1 140
270.63372873360856 123.79469979989449 0 0 10.0 1 141
326.4263888468939 262.4393815734622 0 0 12.0 1 142
559.242661794741 384.45089505708654 0 0 13.0 1 143
360.0565884430386 144.09860517536995 0 0 10.0 1 144
52.96575613605768 436.9896416011537 0 0 12.0 1 145
257.6045372624754 671.9789186532041 0 0 12.0 1 146
356.20104678696123 119.39769833901568 0 0 11.0 1 147
140.12456614397297 353.516036333573 0 0 13.0 1 148
303.0739775101983 665.884084074821 0 0 12.0 1 149
191.64954783516794 439.16744927500423 0 0 11.0 1 150
254.85138223829986 321.5342191661367 0 0 12.0 1 151
372.64599364398066 585.9993503651958 0 0 11.0 1 152
105.00000013403059 399.99110741575896 0 0 13.0 1 153
604.3655518694067 228.17531839368112 0 0 11.0 1 154
234.8920945108878 431.03835602924863 5 13 13.0 1 155
461.643962394193 569.1154100025876 4 3 11.0 1 156
475.73373556387304 565.494414701951 8 -11 10.0 1 157
369.12374888128943 265.4984865629597 -12 11 13.0 1 158
403.86811272853663 524.9401364811138 21 0 13.0 1 159
271.9898495770109 634.3126146597398 -10 17 12.0 1 160
257.06087404336415 94.8157830575883 10 22 13.0 1 161
535.5303094604682 565.6126058533882 -8 -3 10.0 1 162
255.29663342107585 374.1168838675577 11 -7 10.0 1 163
201.80338234130613 324.7530681778086 -12 11 11.0 1 164
416.70932830463124 651.4454182275113 15 -10 10.0 1 165
303.05489138913504 226.21091542784512 -6 -3 10.0 1 166
700.2456700184728 421.2964230601839 6 -6 13.0 1 167
295.11561149905395 292.7653738348354 -13 -1 10.0 1 168
589.9101334250508 292.9572925301337 -15 12 13.0 1 169
233.98624347688428 509.7289052396116 20 13 11.0 1 170
87.19582835609555 411.0702394811831 -16 22 11.0 1 171
555.8833084380409 246.17739389020022 -7 0 10.0 1 172
163.242668231906 305.28481719358473 6 12 13.0 1 173
123.9475447300847 446.85127468331495 5 -1 10.0 1 174
113.90456728279935 366.93334945360016 -9 -6 10.0 1 175
434.0188523384802 568.6022469766423 -3 20 13.0 1 176
512.6019746877885 339.13297036645656 0 -6 13.0 1 177
267.0918727541082 192.99413121365416 14 19 12.0 1 178
127.3276697798504 351.22705327424137 10 6 13.0 1 179
158.0390267022065 634.5717105722351 7 11 11.0 1 180
444.845306691724 587.7176029777847 5 2 10.0 1 181
420.9792687447388 211.16178807525205 17 -3 12.0 1 182
519.5680441113238 667.4929584631949 20 17 12.0 1 183
511.2844357186232 507.8924203398349 -5 -16 11.0 1 184
638.5746935323928 590.0187243561141 -8 17 10.0 1 185
47.79781808091934 479.2125182748207 14 -16 10.0 1 186
267.0015490693851 151.33272822895086 1 -2 12.0 1 187
426.44447064193974 248.2874758878899 8 19 11.0 1 188
477.52621260198316 193.04424057400067 17 -4 10.0 1 189
175.12115676918495 603.0726615454934 -4 -3 13.0 1 190
159.72405763478153 225.42488287128026 17 19 11.0 1 191
342.29175167678403 216.87775100915223 21 7 12.0 1 192
471.97358682246306 281.0848924656359 -10 -14 13.0 1 193
30.057778531592476 406.5385606229272 13 19 13.0 1 194
273.37485246490166 283.5952234153831 18 -11 12.0 1 195
73.1641802135955 473.5074615569666 17 17 10.0 1 196
328.94870682154783 293.5306910998778 3 6 11.0 1 197
338.08217571304164 545.3622476283624 -12 10 12.0 1 198
469.69530488044074 139.15030289911698 22 -17 12.0 1 199
437.3180780388323 625.9388436092555 -16 6 11.0 1 200
635.916988387571 393.7410392125616 -2 10 13.0 1 201
396.78702717201963 641.9786701459586 -17 -5 10.0 1 202
576.7726747417 493.54903240902667 -6 15 10.0 1 203
294.6776512263799 329.03379079584477 14 -5 13.0 1 204
545.7788541480749 465.9433520779336 -9 9 10.0 1 205
608.8870746136483 130.46857315082514 -3 -17 12.0 1 206
539.6664311199761 219.78543893955464 9 18 11.0 1 207
311.74097175489146 267.7451553506295 7 11 11.0 1 208
599.8293961195918 482.0012953951295 -17 -15 12.0 1 209
341.5715444884737 202.45983804163367 21 -8 11.0 1 210
474.1134150380814 687.604244946755 -15 19 13.0 1 211
78.13717139849842 499.86650872359763 19 -12 11.0 1 212
468.8739010671253 516.1093697846811 5 -1 10.0 1 213
538.0693494925571 642.4414459837717 20 1 11.0 1 214
98.9330668927833 318.1299701391609 -3 -15 11.0 1 215
571.0157889038346 513.0424696545466 -6 -6 13.0 1 216
654.412425615221 504.39979737805834 -3 -17 12.0 1 217
169.32532373180246 412.25535509735505 1 -11 13.0 1 218
453.401686810405 664.6663179284501 -14 -17 13.0 1 219
