400 400 7.071067811865475 -7.0710678118654755 5 2 -1 10 187
742.842712474619 57.15728752538092
800.0 400.0 0 0 24.0 1 0
799.4518139018296 420.9343824971775 0 0 24.0 1 1
797.8087581473094 441.8113853070614 0 0 24.0 1 2
795.0753362380551 462.57378601609236 0 0 24.0 1 3
791.2590402935223 483.16467632710373 0 0 24.0 1 4
786.3703305156273 503.5276180410083 0 0 24.0 1 5
780.4226065180615 523.6067977499789 0 0 24.0 1 6
773.4321705988807 543.3471798181201 0 0 24.0 1 7
765.4181830570403 562.6946572303201 0 0 24.0 1 8
756.4026096753471 581.5961998958187 0 0 24.0 1 9
746.4101615137755 600.0 0 0 24.0 1 10
735.4682271781696 617.8556140060108 0 0 24.0 1 11
723.606797749979 635.1141009169893 0 0 24.0 1 12
710.8583845827884 651.728156419935 0 0 24.0 1 13
697.2579301909577 667.6522425435433 0 0 24.0 1 14
682.842712474619 682.842712474619 0 0 24.0 1 15
667.6522425435433 697.2579301909577 0 0 24.0 1 16
651.728156419935 710.8583845827884 0 0 24.0 1 17
635.1141009169893 723.606797749979 0 0 24.0 1 18
617.8556140060108 735.4682271781696 0 0 24.0 1 19
600.0 746.4101615137754 0 0 24.0 1 20
581.5961998958187 756.4026096753471 0 0 24.0 1 21
562.6946572303201 765.4181830570403 0 0 24.0 1 22
543.3471798181201 773.4321705988807 0 0 24.0 1 23
523.606797749979 780.4226065180615 0 0 24.0 1 24
503.5276180410083 786.3703305156273 0 0 24.0 1 25
483.1646763271038 791.2590402935223 0 0 24.0 1 26
462.57378601609236 795.0753362380551 0 0 24.0 1 27
441.8113853070614 797.8087581473094 0 0 24.0 1 28
420.9343824971776 799.4518139018296 0 0 24.0 1 29
400.0 800.0 0 0 24.0 1 30
379.0656175028225 799.4518139018296 0 0 24.0 1 31
358.1886146929386 797.8087581473094 0 0 24.0 1 32
337.4262139839077 795.0753362380551 0 0 24.0 1 33
316.83532367289627 791.2590402935223 0 0 24.0 1 34
296.47238195899166 786.3703305156273 0 0 24.0 1 35
276.3932022500211 780.4226065180615 0 0 24.0 1 36
256.65282018187986 773.4321705988807 0 0 24.0 1 37
237.3053427696799 765.4181830570403 0 0 24.0 1 38
218.4038001041813 756.4026096753471 0 0 24.0 1 39
200.00000000000009 746.4101615137755 0 0 24.0 1 40
182.14438599398918 735.4682271781696 0 0 24.0 1 41
164.8858990830108 723.606797749979 0 0 24.0 1 42
148.27184358006508 710.8583845827884 0 0 24.0 1 43
132.3477574564567 697.2579301909577 0 0 24.0 1 44
117.15728752538104 682.842712474619 0 0 24.0 1 45
102.74206980904233 667.6522425435434 0 0 24.0 1 46
89.14161541721165 651.728156419935 0 0 24.0 1 47
76.39320225002109 635.1141009169893 0 0 24.0 1 48
64.53177282183043 617.8556140060109 0 0 24.0 1 49
53.589838486224494 600.0 0 0 24.0 1 50
43.597390324652906 581.5961998958187 0 0 24.0 1 51
34.58181694295968 562.6946572303202 0 0 24.0 1 52
26.567829401119297 543.3471798181201 0 0 24.0 1 53
19.5773934819386 523.606797749979 0 0 24.0 1 54
13.629669484372698 503.5276180410084 0 0 24.0 1 55
8.740959706477724 483.16467632710373 0 0 24.0 1 56
4.924663761944942 462.5737860160924 0 0 24.0 1 57
2.1912418526906663 441.81138530706147 0 0 24.0 1 58
0.5481860981704472 420.9343824971775 0 0 24.0 1 59
0.0 400.00000000000006 0 0 24.0 1 60
0.5481860981704472 379.0656175028226 0 0 24.0 1 61
2.1912418526906663 358.1886146929386 0 0 24.0 1 62
4.924663761944885 337.4262139839077 0 0 24.0 1 63
8.740959706477781 316.8353236728962 0 0 24.0 1 64
13.629669484372698 296.47238195899166 0 0 24.0 1 65
19.577393481938543 276.3932022500211 0 0 24.0 1 66
26.567829401119297 256.65282018187986 0 0 24.0 1 67
34.58181694295968 237.30534276967992 0 0 24.0 1 68
43.59739032465285 218.40380010418136 0 0 24.0 1 69
53.58983848622455 199.99999999999994 0 0 24.0 1 70
64.53177282183037 182.14438599398918 0 0 24.0 1 71
76.39320225002103 164.8858990830108 0 0 24.0 1 72
89.14161541721171 148.27184358006497 0 0 24.0 1 73
102.74206980904228 132.3477574564567 0 0 24.0 1 74
117.15728752538092 117.15728752538104 0 0 24.0 1 75
132.34775745645675 102.74206980904228 0 0 24.0 1 76
148.27184358006485 89.14161541721177 0 0 24.0 1 77
164.8858990830107 76.39320225002109 0 0 24.0 1 78
182.1443859939892 64.53177282183032 0 0 24.0 1 79
199.99999999999983 53.58983848622461 0 0 24.0 1 80
218.40380010418124 43.597390324652906 0 0 24.0 1 81
237.30534276967995 34.58181694295962 0 0 24.0 1 82
256.65282018187975 26.567829401119354 0 0 24.0 1 83
276.393202250021 19.5773934819386 0 0 24.0 1 84
296.4723819589917 13.629669484372698 0 0 24.0 1 85
316.8353236728961 8.740959706477781 0 0 24.0 1 86
337.4262139839076 4.924663761944942 0 0 24.0 1 87
358.18861469293864 2.1912418526906663 0 0 24.0 1 88
379.0656175028223 0.5481860981704472 0 0 24.0 1 89
399.99999999999994 0.0 0 0 24.0 1 90
420.9343824971776 0.5481860981704472 0 0 24.0 1 91
441.8113853070612 2.1912418526906663 0 0 24.0 1 92
462.5737860160923 4.924663761944885 0 0 24.0 1 93
483.1646763271038 8.740959706477781 0 0 24.0 1 94
503.5276180410081 13.629669484372641 0 0 24.0 1 95
523.6067977499789 19.577393481938543 0 0 24.0 1 96
543.3471798181201 26.567829401119297 0 0 24.0 1 97
562.6946572303199 34.58181694295956 0 0 24.0 1 98
581.5961998958187 43.59739032465279 0 0 24.0 1 99
756.4026096753471 218.40380010418122 0 0 24.0 1 100
765.4181830570403 237.30534276967995 0 0 24.0 1 101
773.4321705988806 256.6528201818797 0 0 24.0 1 102
780.4226065180615 276.3932022500209 0 0 24.0 1 103
786.3703305156273 296.4723819589917 0 0 24.0 1 104
791.2590402935223 316.83532367289604 0 0 24.0 1 105
795.0753362380551 337.4262139839076 0 0 24.0 1 106
797.8087581473094 358.18861469293864 0 0 24.0 1 107
799.4518139018296 379.06561750282225 0 0 24.0 1 108
800.0 399.9999999999999 0 0 24.0 1 109
627.1528870430845 520.2105066455993 0 0 12.0 1 110
479.07744196595866 533.3107579009302 0 0 12.0 1 111
532.0429067488122 130.6216957932126 0 0 11.0 1 112
390.64554041717264 701.8550878913809 0 0 12.0 1 113
518.2881168811608 510.6883977872516 0 0 11.0 1 114
248.61549972533098 578.4341141054276 0 0 12.0 1 115
327.64269645910804 538.204271367752 0 0 12.0 1 116
283.5720527936984 571.1535366544514 0 0 10.0 1 117
612.8364570461226 650.8817302077892 0 0 11.0 1 118
474.32216738646105 593.1973484160144 0 0 10.0 1 119
326.3328704705583 708.3215108079429 0 0 11.0 1 120
459.1947309839061 613.9625757550675 0 0 11.0 1 121
478.97366406200274 200.02960122902704 0 0 12.0 1 122
142.6460184151764 418.24631914765973 0 0 13.0 1 123
541.9364793917523 600.922959907211 0 0 10.0 1 124
538.5676111358961 560.4463061092124 0 0 10.0 1 125
496.6652921554689 283.9964600001455 0 0 13.0 1 126
241.83001350640293 715.5808222509969 0 0 13.0 1 127
351.2659534671822 87.78053758848222 0 0 12.0 1 128
389.6549624474202 220.2975231165811 0 0 11.0 1 129
132.06942332924922 433.3647431412105 0 0 11.0 1 130
414.9330984434033 546.2395383296857 0 0 13.0 1 131
456.5726856844431 656.8433982691578 0 0 13.0 1 132
588.373380032114 362.85878710547047 0 0 11.0 1 133
475.5724959376389 41.88717160962307 0 0 13.0 1 134
248.106404660293 731.8935607913738 0 0 11.0 1 135
340.0416005322492 540.7621765008826 0 0 12.0 1 136
674.7654196644387 512.7517811683031 0 0 12.0 1 137
78.4833079950991 440.0376917694526 0 0 13.0 1 138
245.14127870177722 683.4568334647788 0 0 12.0 1 139
344.93814291782604 559.7785714501862 0 0 11.0 1 140
363.7567239685721 662.50985684829 0 0 10.0 1 141
154.73344513670344 562.1120509570142 0 0 13.0 1 142
162.22931074671695 638.8181302414428 0 0 13.0 1 143
590.970098422706 365.847086384585 0 0 13.0 1 144
607.0610209110454 586.9939400603016 0 0 11.0 1 145
176.98026510507847 370.2141334287733 0 0 11.0 1 146
408.9485640991703 583.7822711813167 0 0 12.0 1 147
603.3535226457903 383.7720972535567 0 0 13.0 1 148
622.8331169773783 310.8630156548584 0 0 11.0 1 149
394.7961946691556 567.9193866415628 0 0 13.0 1 150
253.29173771747315 668.5380527561063 0 0 13.0 1 151
625.8580104925152 169.09491322977982 0 0 12.0 1 152
393.3931108356735 101.07300386955632 0 0 12.0 1 153
299.9592907521607 511.7669740719023 0 0 11.0 1 154
273.8150626638035 237.17075941508492 5 -11 13.0 1 155
425.05767910188683 131.16526876531213 6 21 12.0 1 156
209.60473781086645 114.69552380670387 19 15 10.0 1 157
107.5622392181794 381.8573411839752 11 7 12.0 1 158
363.00109275937484 623.9644633931902 -16 8 11.0 1 159
70.59222084734319 552.5107046528684 20 22 13.0 1 160
209.1080419827004 496.72776418547846 20 7 13.0 1 161
400.8630111076699 205.00190972261282 -5 -7 11.0 1 162
62.05011718211489 518.1265283641983 2 -11 10.0 1 163
505.72507891033854 331.4565270109349 12 13 11.0 1 164
388.10256278058387 101.23679780198825 -10 -2 13.0 1 165
91.21277110623265 427.39429269224047 -13 -13 10.0 1 166
187.72205533237732 365.89612620698756 3 -15 10.0 1 167
600.4847791558003 222.15216243414721 1 -9 10.0 1 168
567.6841990941366 273.58002778770305 -7 7 13.0 1 169
281.1336158088342 282.69789980857905 13 -4 13.0 1 170
190.70681917132063 588.9983186661027 5 8 10.0 1 171
502.803326288298 164.45706101845946 3 17 11.0 1 172
497.26473617179596 523.2419210229657 -1 -4 12.0 1 173
255.06394673730932 286.64418645418095 2 10 13.0 1 174
453.60173432930713 277.18772831312674 3 -6 12.0 1 175
545.4775470618946 240.33696952376786 -3 21 11.0 1 176
668.2664991061603 499.1417442721507 -17 9 13.0 1 177
159.49552526919203 318.30790959671714 -10 -15 11.0 1 178
730.5856440344658 316.3690729555299 9 -5 13.0 1 179
174.92922886707035 626.0622657181609 10 0 11.0 1 180
43.895300829738346 480.0902193083367 -6 -3 10.0 1 181
752.4221746534517 509.3600055437632 -5 5 11.0 1 182
603.4846344647939 127.61423763946613 22 -1 12.0 1 183
496.9503473263942 226.21383785441506 -5 7 10.0 1 184
148.35762262714022 461.2953008813501 2 5 10.0 1 185
430.22539722706546 758.7289023238386 14 9 12.0 1 186
616.694045719478 411.51913841069467 22 -15 13.0 1 187
265.2049488489256 91.13223835243144 2 4 13.0 1 188
263.4033535978919 71.24879286655471 13 18 10.0 1 189
333.30452310741396 679.1428189333742 20 -14 12.0 1 190
393.6501184951006 604.9016325090499 -10 9 10.0 1 191
521.960636144528 331.25697685421426 6 0 13.0 1 192
468.7119709770286 543.3864186192402 -5 -10 10.0 1 193
174.10243459181876 497.3975869447312 -13 2 12.0 1 194
148.9858655444214 422.26890889820834 -17 21 12.0 1 195
524.3628871913855 430.2964072032098 20 20 13.0 1 196
210.70688781491523 432.1265883542731 1 18 10.0 1 197
427.21014630296594 39.02408953204207 10 19 12.0 1 198
364.1296607025387 751.1727762208868 -9 -4 10.0 1 199
688.5248425191419 321.5499187425253 22 21 13.0 1 200
181.09712936878606 215.9414950907891 -6 18 12.0 1 201
575.1832407441552 569.8435520188369 11 1 13.0 1 202
629.211119215128 576.0206318252165 -15 0 10.0 1 203
604.1589667665874 551.1129256178949 -15 15 12.0 1 204
240.13430782093204 610.0927425307868 10 14 12.0 1 205
542.8346912608087 222.28604170625914 5 19 13.0 1 206
690.9667164153725 615.3656656444015 -12 5 11.0 1 207
548.9598572467995 595.772727745754 -10 18 11.0 1 208
456.84943198575576 555.9619892246086 17 7 10.0 1 209
182.24117234082385 467.5654717773895 -11 15 10.0 1 210
187.20856676397997 390.5763095678799 17 22 10.0 1 211
267.0438004657768 443.8480216818938 -7 15 13.0 1 212
560.2911217899511 309.6520267226816 -1 -14 10.0 1 213
719.8994750035774 348.6158984467424 6 -14 12.0 1 214
306.68436588908224 121.20223740051767 -15 10 10.0 1 215
222.14602759349182 336.0549884727117 4 -2 12.0 1 216
521.3359331383698 517.6375421769814 0 13 13.0 1 217
485.810818863373 309.1071874898934 -5 17 10.0 1 218
223.30584557786256 332.91665040380104 17 -1 11.0 1 219
