400 400 7.071067811865475 -7.0710678118654755 5 2 -1 10 187
742.842712474619 57.15728752538092
800.0 400.0 0 0 24.0 1 0
799.4518139018296 420.9343824971775 0 0 24.0 1 1
797.8087581473094 441.8113853070614 0 0 24.0 1 2
795.0753362380551 462.57378601609236 0 0 24.0 1 3
791.2590402935223 483.16467632710373 0 0 24.0 1 4
786.3703305156273 503.5276180410083 0 0 24.0 1 5
780.4226065180615 523.6067977499789 0 0 24.0 1 6
773.4321705988807 543.3471798181201 0 0 24.0 1 7
765.4181830570403 562.6946572303201 0 0 24.0 1 8
756.4026096753471 581.5961998958187 0 0 24.0 1 9
746.4101615137755 600.0 0 0 24.0 1 10
735.4682271781696 617.8556140060108 0 0 24.0 1 11
723.606797749979 635.1141009169893 0 0 24.0 1 12
710.8583845827884 651.728156419935 0 0 24.0 1 13
697.2579301909577 667.6522425435433 0 0 24.0 1 14
682.842712474619 682.842712474619 0 0 24.0 1 15
667.6522425435433 697.2579301909577 0 0 24.0 1 16
651.728156419935 710.8583845827884 0 0 24.0 1 17
635.1141009169893 723.606797749979 0 0 24.0 1 18
617.8556140060108 735.4682271781696 0 0 24.0 1 19
600.0 746.4101615137754 0 0 24.0 1 20
581.5961998958187 756.4026096753471 0 0 24.0 1 21
562.6946572303201 765.4181830570403 0 0 24.0 1 22
543.3471798181201 773.4321705988807 0 0 24.0 1 23
523.606797749979 780.4226065180615 0 0 24.0 1 24
503.5276180410083 786.3703305156273 0 0 24.0 1 25
483.1646763271038 791.2590402935223 0 0 24.0 1 26
462.57378601609236 795.0753362380551 0 0 24.0 1 27
441.8113853070614 797.8087581473094 0 0 24.0 1 28
420.9343824971776 799.4518139018296 0 0 24.0 1 29
400.0 800.0 0 0 24.0 1 30
379.0656175028225 799.4518139018296 0 0 24.0 1 31
358.1886146929386 797.8087581473094 0 0 24.0 1 32
337.4262139839077 795.0753362380551 0 0 24.0 1 33
316.83532367289627 791.2590402935223 0 0 24.0 1 34
296.47238195899166 786.3703305156273 0 0 24.0 1 35
276.3932022500211 780.4226065180615 0 0 24.0 1 36
256.65282018187986 773.4321705988807 0 0 24.0 1 37
237.3053427696799 765.4181830570403 0 0 24.0 1 38
218.4038001041813 756.4026096753471 0 0 24.0 1 39
200.00000000000009 746.4101615137755 0 0 24.0 1 40
182.14438599398918 735.4682271781696 0 0 24.0 1 41
164.8858990830108 723.606797749979 0 0 24.0 1 42
148.27184358006508 710.8583845827884 0 0 24.0 1 43
132.3477574564567 697.2579301909577 0 0 24.0 1 44
117.15728752538104 682.842712474619 0 0 24.0 1 45
102.74206980904233 667.6522425435434 0 0 24.0 1 46
89.14161541721165 651.728156419935 0 0 24.0 1 47
76.39320225002109 635.1141009169893 0 0 24.0 1 48
64.53177282183043 617.8556140060109 0 0 24.0 1 49
53.589838486224494 600.0 0 0 24.0 1 50
43.597390324652906 581.5961998958187 0 0 24.0 1 51
34.58181694295968 562.6946572303202 0 0 24.0 1 52
26.567829401119297 543.3471798181201 0 0 24.0 1 53
19.5773934819386 523.606797749979 0 0 24.0 1 54
13.629669484372698 503.5276180410084 0 0 24.0 1 55
8.740959706477724 483.16467632710373 0 0 24.0 1 56
4.924663761944942 462.5737860160924 0 0 24.0 1 57
2.1912418526906663 441.81138530706147 0 0 24.0 1 58
0.5481860981704472 420.9343824971775 0 0 24.0 1 59
0.0 400.00000000000006 0 0 24.0 1 60
0.5481860981704472 379.0656175028226 0 0 24.0 1 61
2.1912418526906663 358.1886146929386 0 0 24.0 1 62
4.924663761944885 337.4262139839077 0 0 24.0 1 63
8.740959706477781 316.8353236728962 0 0 24.0 1 64
13.629669484372698 296.47238195899166 0 0 24.0 1 65
19.577393481938543 276.3932022500211 0 0 24.0 1 66
26.567829401119297 256.65282018187986 0 0 24.0 1 67
34.58181694295968 237.30534276967992 0 0 24.0 1 68
43.59739032465285 218.40380010418136 0 0 24.0 1 69
53.58983848622455 199.99999999999994 0 0 24.0 1 70
64.53177282183037 182.14438599398918 0 0 24.0 1 71
76.39320225002103 164.8858990830108 0 0 24.0 1 72
89.14161541721171 148.27184358006497 0 0 24.0 1 73
102.74206980904228 132.3477574564567 0 0 24.0 1 74
117.15728752538092 117.15728752538104 0 0 24.0 1 75
132.34775745645675 102.74206980904228 0 0 24.0 1 76
148.27184358006485 89.14161541721177 0 0 24.0 1 77
164.8858990830107 76.39320225002109 0 0 24.0 1 78
182.1443859939892 64.53177282183032 0 0 24.0 1 79
199.99999999999983 53.58983848622461 0 0 24.0 1 80
218.40380010418124 43.597390324652906 0 0 24.0 1 81
237.30534276967995 34.58181694295962 0 0 24.0 1 82
256.65282018187975 26.567829401119354 0 0 24.0 1 83
276.393202250021 19.5773934819386 0 0 24.0 1 84
296.4723819589917 13.629669484372698 0 0 24.0 1 85
316.8353236728961 8.740959706477781 0 0 24.0 1 86
337.4262139839076 4.924663761944942 0 0 24.0 1 87
358.18861469293864 2.1912418526906663 0 0 24.0 1 88
379.0656175028223 0.5481860981704472 0 0 24.0 1 89
399.99999999999994 0.0 0 0 24.0 1 90
420.9343824971776 0.5481860981704472 0 0 24.0 1 91
441.8113853070612 2.1912418526906663 0 0 24.0 1 92
462.5737860160923 4.924663761944885 0 0 24.0 1 93
483.1646763271038 8.740959706477781 0 0 24.0 1 94
503.5276180410081 13.629669484372641 0 0 24.0 1 95
523.6067977499789 19.577393481938543 0 0 24.0 1 96
543.3471798181201 26.567829401119297 0 0 24.0 1 97
562.6946572303199 34.58181694295956 0 0 24.0 1 98
581.5961998958187 43.59739032465279 0 0 24.0 1 99
756.4026096753471 218.40380010418122 0 0 24.0 1 100
765.4181830570403 237.30534276967995 0 0 24.0 1 101
773.4321705988806 256.6528201818797 0 0 24.0 1 102
780.4226065180615 276.3932022500209 0 0 24.0 1 103
786.3703305156273 296.4723819589917 0 0 24.0 1 104
791.2590402935223 316.83532367289604 0 0 24.0 1 105
795.0753362380551 337.4262139839076 0 0 24.0 1 106
797.8087581473094 358.18861469293864 0 0 24.0 1 107
799.4518139018296 379.06561750282225 0 0 24.0 1 108
800.0 399.9999999999999 0 0 24.0 1 109
303.1929646128234 110.77102859577514 0 0 13.0 1 110
270.3565396229891 332.8540903593197 0 0 12.0 1 111
586.8660327534583 523.5195765981387 0 0 11.0 1 112
273.04477309227354 396.6280034389562 0 0 12.0 1 113
616.1523903822334 341.22803277031994 0 0 11.0 1 114
585.3841919662688 333.35390957442735 0 0 10.0 1 115
457.17521599313955 262.406414843795 0 0 13.0 1 116
271.1662743102197 281.56490754472117 0 0 13.0 1 117
221.36941907262073 104.84560725351383 0 0 12.0 1 118
744.760537077133 296.365198536945 0 0 13.0 1 119
109.85467860046214 332.0316803947687 0 0 13.0 1 120
566.0619844983157 585.5381828747958 0 0 10.0 1 121
501.01208179932627 649.3141779573841 0 0 12.0 1 122
622.7376372552383 547.2309238915313 0 0 10.0 1 123
676.5192648426298 636.7131094191691 0 0 10.0 1 124
220.53998212267726 586.7487670199484 0 0 10.0 1 125
35.01429836595747 396.7692721090026 0 0 13.0 1 126
106.7361605196196 420.7923171682634 0 0 12.0 1 127
543.1055808592836 595.153254461531 0 0 13.0 1 128
715.7589991663358 428.0223918585475 0 0 13.0 1 129
669.4727159644331 428.73073877838783 0 0 11.0 1 130
458.6159638686784 195.22410107694367 0 0 12.0 1 131
578.6086053536061 275.00813589021175 0 0 10.0 1 132
355.46711557552345 602.1529673411603 0 0 12.0 1 133
624.8755646664343 254.20912094389334 0 0 10.0 1 134
539.2155122700754 377.63840024997126 0 0 13.0 1 135
584.8877636009072 428.02703820697207 0 0 13.0 1 136
693.8157454063667 410.40710100369625 0 0 12.0 1 137
518.1255703871772 707.0624523133756 0 0 11.0 1 138
318.444191570465 519.890158526065 0 0 12.0 1 139
137.85721017322692 580.0143264905221 0 0 11.0 1 140
730.171010961567 492.93063822344476 0 0 10.0 1 141
432.21122777669854 247.36174527623277 0 0 10.0 1 142
476.72292743327586 519.4888798427213 0 0 13.0 1 143
547.9881692834723 438.8394355279058 0 0 10.0 1 144
451.67423571234065 69.00940592889128 0 0 13.0 1 145
393.30472435855876 97.0739805099517 0 0 12.0 1 146
290.2219640483533 619.0291825821366 0 0 13.0 1 147
452.73983449280956 544.6876285577694 0 0 12.0 1 148
186.72501541611908 157.42469014603864 0 0 13.0 1 149
569.8646702653115 145.4769287556489 0 0 13.0 1 150
48.033119530858016 459.7353752212266 0 0 13.0 1 151
303.68613870175625 615.4521759505405 0 0 10.0 1 152
385.46982089029564 572.3887290255367 0 0 12.0 1 153
286.5311890435131 576.7054864460101 0 0 13.0 1 154
137.5963644905181 449.3288158321987 20 15 12.0 1 155
656.7853520975688 631.8992948418077 20 6 13.0 1 156
564.728153297526 584.047916345681 -4 12 10.0 1 157
265.2767325644012 276.1507318896227 5 -7 11.0 1 158
269.51740370259637 463.23995622617707 -6 -14 11.0 1 159
624.4361479782037 454.6755473745427 -8 14 11.0 1 160
339.3784240964845 566.2949925132273 8 7 10.0 1 161
602.2569063216075 253.05734504503985 17 15 13.0 1 162
696.6376920669633 225.81021945824298 8 -17 11.0 1 163
552.8190885249016 419.0348675440174 3 21 12.0 1 164
381.14084118451336 149.70950451770597 11 19 10.0 1 165
320.72618041473646 188.3595938192258 -12 21 12.0 1 166
506.7805901448333 470.5826151989364 4 -13 11.0 1 167
215.40347623833495 211.26705794931024 2 10 13.0 1 168
540.0477072818293 428.90743304243847 11 1 11.0 1 169
242.9236806399668 435.3274665990198 17 4 10.0 1 170
681.9558130386489 404.99194287972665 -2 -1 12.0 1 171
370.2352184150828 209.30899922334518 10 4 11.0 1 172
44.00000016174539 399.989268610204 0 -6 12.0 1 173
437.42831676461253 569.9268110221805 0 22 10.0 1 174
593.3395259548681 695.345268632404 -8 -7 13.0 1 175
693.2632125761827 420.8011574076215 -8 -17 12.0 1 176
727.7120212167964 429.0831764083979 17 -17 11.0 1 177
441.931965119635 231.12812459972588 -16 21 10.0 1 178
178.25028156162904 552.2762698929259 1 -9 11.0 1 179
588.6606272338755 343.2887336438282 -16 1 12.0 1 180
461.85902755042883 508.62071952677945 -10 14 10.0 1 181
175.9298863582517 508.59826965736613 -7 -10 12.0 1 182
352.6534348378603 33.04182422604714 8 -3 12.0 1 183
492.86930448524583 266.0436926291759 13 4 11.0 1 184
372.8716977989902 189.74288307005946 -16 22 13.0 1 185
564.7924493943424 689.3655968193405 0 13 13.0 1 186
592.3476288231249 151.80977117114102 9 -9 11.0 1 187
45.68121133943242 378.01828027409965 -13 -6 11.0 1 188
430.3298428954619 537.6993123800428 17 16 12.0 1 189
758.6999656678954 309.2567653769679 4 19 11.0 1 190
542.499282587688 235.0213514966429 15 18 12.0 1 191
298.7564977899782 114.41506821919103 6 -6 13.0 1 192
520.170006155419 298.9645130629511 18 18 13.0 1 193
394.0781060333127 132.06543490649193 10 21 13.0 1 194
492.61736908195087 489.79433692799165 12 -10 13.0 1 195
102.18644361059575 410.53971682234044 10 11 13.0 1 196
432.8942385375152 256.7276402405647 0 18 10.0 1 197
53.0135932410609 396.92859567622986 21 19 11.0 1 198
323.3822222657994 697.2855800994603 3 22 11.0 1 199
271.0793956630073 353.64832497757413 11 -11 10.0 1 200
448.67844968198875 752.6562186273738 -13 9 12.0 1 201
534.0819350952268 422.76037524118175 17 -13 12.0 1 202
558.3905929257567 171.53464141663133 3 9 13.0 1 203
721.685131181911 385.7635546404038 -8 -10 11.0 1 204
603.0946958060052 434.4752742623782 6 -4 13.0 1 205
251.44811223491217 732.3075934152405 -16 2 10.0 1 206
670.1642175680834 652.8068344523648 8 13 11.0 1 207
477.1922033877057 182.27916099704404 8 -17 13.0 1 208
365.30012509530377 177.69183847281172 -4 -2 13.0 1 209
161.22935563686826 474.0849471243306 14 -12 10.0 1 210
618.9084188563681 215.94809385989814 3 -8 11.0 1 211
595.3338055895786 503.3716808119745 -6 14 13.0 1 212
216.84807639066622 163.66047118985625 22 -12 11.0 1 213
403.4075204643412 246.03770330277254 12 -12 12.0 1 214
358.0900948983516 201.37331535171103 21 -4 10.0 1 215
701.8749103628086 196.60988594957158 2 -3 12.0 1 216
694.8102795675408 247.32092788692864 -16 -13 13.0 1 217
233.34395916755892 278.9142285235142 12 -2 10.0 1 218
603.4770892924541 219.49771709734344 11 5 10.0 1 219
