400 400 -7.071067811865475 -7.071067811865477 5 2 -1 10 187
57.15728752538104 57.15728752538092
800.0 400.0 0 0 24.0 1 0
799.4518139018296 420.9343824971775 0 0 24.0 1 1
797.8087581473094 441.8113853070614 0 0 24.0 1 2
795.0753362380551 462.57378601609236 0 0 24.0 1 3
791.2590402935223 483.16467632710373 0 0 24.0 1 4
786.3703305156273 503.5276180410083 0 0 24.0 1 5
780.4226065180615 523.6067977499789 0 0 24.0 1 6
773.4321705988807 543.3471798181201 0 0 24.0 1 7
765.4181830570403 562.6946572303201 0 0 24.0 1 8
756.4026096753471 581.5961998958187 0 0 24.0 1 9
746.4101615137755 600.0 0 0 24.0 1 10
735.4682271781696 617.8556140060108 0 0 24.0 1 11
723.606797749979 635.1141009169893 0 0 24.0 1 12
710.8583845827884 651.728156419935 0 0 24.0 1 13
697.2579301909577 667.6522425435433 0 0 24.0 1 14
682.842712474619 682.842712474619 0 0 24.0 1 15
667.6522425435433 697.2579301909577 0 0 24.0 1 16
651.728156419935 710.8583845827884 0 0 24.0 1 17
635.1141009169893 723.606797749979 0 0 24.0 1 18
617.8556140060108 735.4682271781696 0 0 24.0 1 19
600.0 746.4101615137754 0 0 24.0 1 20
581.5961998958187 756.4026096753471 0 0 24.0 1 21
562.6946572303201 765.4181830570403 0 0 24.0 1 22
543.3471798181201 773.4321705988807 0 0 24.0 1 23
523.606797749979 780.4226065180615 0 0 24.0 1 24
503.5276180410083 786.3703305156273 0 0 24.0 1 25
483.1646763271038 791.2590402935223 0 0 24.0 1 26
462.57378601609236 795.0753362380551 0 0 24.0 1 27
441.8113853070614 797.8087581473094 0 0 24.0 1 28
420.9343824971776 799.4518139018296 0 0 24.0 1 29
400.0 800.0 0 0 24.0 1 30
379.0656175028225 799.4518139018296 0 0 24.0 1 31
358.1886146929386 797.8087581473094 0 0 24.0 1 32
337.4262139839077 795.0753362380551 0 0 24.0 1 33
316.83532367289627 791.2590402935223 0 0 24.0 1 34
296.47238195899166 786.3703305156273 0 0 24.0 1 35
276.3932022500211 780.4226065180615 0 0 24.0 1 36
256.65282018187986 773.4321705988807 0 0 24.0 1 37
237.3053427696799 765.4181830570403 0 0 24.0 1 38
218.4038001041813 756.4026096753471 0 0 24.0 1 39
200.00000000000009 746.4101615137755 0 0 24.0 1 40
182.14438599398918 735.4682271781696 0 0 24.0 1 41
164.8858990830108 723.606797749979 0 0 24.0 1 42
148.27184358006508 710.8583845827884 0 0 24.0 1 43
132.3477574564567 697.2579301909577 0 0 24.0 1 44
117.15728752538104 682.842712474619 0 0 24.0 1 45
102.74206980904233 667.6522425435434 0 0 24.0 1 46
89.14161541721165 651.728156419935 0 0 24.0 1 47
76.39320225002109 635.1141009169893 0 0 24.0 1 48
64.53177282183043 617.8556140060109 0 0 24.0 1 49
53.589838486224494 600.0 0 0 24.0 1 50
43.597390324652906 581.5961998958187 0 0 24.0 1 51
34.58181694295968 562.6946572303202 0 0 24.0 1 52
26.567829401119297 543.3471798181201 0 0 24.0 1 53
19.5773934819386 523.606797749979 0 0 24.0 1 54
13.629669484372698 503.5276180410084 0 0 24.0 1 55
8.740959706477724 483.16467632710373 0 0 24.0 1 56
4.924663761944942 462.5737860160924 0 0 24.0 1 57
2.1912418526906663 441.81138530706147 0 0 24.0 1 58
0.5481860981704472 420.9343824971775 0 0 24.0 1 59
0.0 400.00000000000006 0 0 24.0 1 60
0.5481860981704472 379.0656175028226 0 0 24.0 1 61
2.1912418526906663 358.1886146929386 0 0 24.0 1 62
4.924663761944885 337.4262139839077 0 0 24.0 1 63
8.740959706477781 316.8353236728962 0 0 24.0 1 64
13.629669484372698 296.47238195899166 0 0 24.0 1 65
19.577393481938543 276.3932022500211 0 0 24.0 1 66
26.567829401119297 256.65282018187986 0 0 24.0 1 67
34.58181694295968 237.30534276967992 0 0 24.0 1 68
43.59739032465285 218.40380010418136 0 0 24.0 1 69
218.40380010418124 43.597390324652906 0 0 24.0 1 70
237.30534276967995 34.58181694295962 0 0 24.0 1 71
256.65282018187975 26.567829401119354 0 0 24.0 1 72
276.393202250021 19.5773934819386 0 0 24.0 1 73
296.4723819589917 13.629669484372698 0 0 24.0 1 74
316.8353236728961 8.740959706477781 0 0 24.0 1 75
337.4262139839076 4.924663761944942 0 0 24.0 1 76
358.18861469293864 2.1912418526906663 0 0 24.0 1 77
379.0656175028223 0.5481860981704472 0 0 24.0 1 78
399.99999999999994 0.0 0 0 24.0 1 79
420.9343824971776 0.5481860981704472 0 0 24.0 1 80
441.8113853070612 2.1912418526906663 0 0 24.0 1 81
462.5737860160923 4.924663761944885 0 0 24.0 1 82
483.1646763271038 8.740959706477781 0 0 24.0 1 83
503.5276180410081 13.629669484372641 0 0 24.0 1 84
523.6067977499789 19.577393481938543 0 0 24.0 1 85
543.3471798181201 26.567829401119297 0 0 24.0 1 86
562.6946572303199 34.58181694295956 0 0 24.0 1 87
581.5961998958187 43.59739032465279 0 0 24.0 1 88
600.0 53.58983848622455 0 0 24.0 1 89
617.8556140060107 64.53177282183032 0 0 24.0 1 90
635.1141009169892 76.39320225002098 0 0 24.0 1 91
651.728156419935 89.14161541721171 0 0 24.0 1 92
667.6522425435431 102.74206980904216 0 0 24.0 1 93
682.842712474619 117.15728752538092 0 0 24.0 1 94
697.2579301909577 132.34775745645675 0 0 24.0 1 95
710.8583845827882 148.27184358006485 0 0 24.0 1 96
723.6067977499789 164.88589908301066 0 0 24.0 1 97
735.4682271781696 182.1443859939892 0 0 24.0 1 98
746.4101615137754 199.99999999999983 0 0 24.0 1 99
756.4026096753471 218.40380010418122 0 0 24.0 1 100
765.4181830570403 237.30534276967995 0 0 24.0 1 101
773.4321705988806 256.6528201818797 0 0 24.0 1 102
780.4226065180615 276.3932022500209 0 0 24.0 1 103
786.3703305156273 296.4723819589917 0 0 24.0 1 104
791.2590402935223 316.83532367289604 0 0 24.0 1 105
795.0753362380551 337.4262139839076 0 0 24.0 1 106
797.8087581473094 358.18861469293864 0 0 24.0 1 107
799.4518139018296 379.06561750282225 0 0 24.0 1 108
800.0 399.9999999999999 0 0 24.0 1 109
757.3137000070535 377.843290242698 0 0 12.0 1 110
490.8929840755669 143.63606836015578 0 0 11.0 1 111
432.2657903143212 546.4886301915349 0 0 13.0 1 112
290.05917590379386 701.5858338799205 0 0 12.0 1 113
299.03488904104654 233.17360409981217 0 0 11.0 1 114
136.42053845803696 497.40055160649155 0 0 13.0 1 115
174.3619620975668 334.3305561806702 0 0 11.0 1 116
453.02237591712463 286.802704749172 0 0 11.0 1 117
591.7243432863984 377.84653093984485 0 0 12.0 1 118
260.5579436919311 443.26560912060904 0 0 11.0 1 119
476.3623704105601 746.6897581199659 0 0 10.0 1 120
278.7568481929689 732.5899850264545 0 0 12.0 1 121
444.513884314444 702.7449654465624 0 0 10.0 1 122
274.68372504599307 725.7250853582691 0 0 13.0 1 123
249.00832358050565 225.17862358386859 0 0 10.0 1 124
153.08134372215693 481.4320402663742 0 0 12.0 1 125
141.09130890471533 393.1232511077926 0 0 12.0 1 126
168.8354864766228 187.4936055373854 0 0 10.0 1 127
328.8503778568844 90.0617299059507 0 0 11.0 1 128
268.7675127563482 531.810600073912 0 0 11.0 1 129
661.2588447207186 608.0860784752201 0 0 10.0 1 130
275.1120080115932 320.58344343209257 0 0 11.0 1 131
316.99387459649563 244.80340485211116 0 0 13.0 1 132
373.37533654464573 715.8799254398562 0 0 11.0 1 133
108.91893416590244 623.5191560311683 0 0 11.0 1 134
565.3292201135027 729.8897527609201 0 0 10.0 1 135
77.45045915525327 240.119439265297 0 0 13.0 1 136
191.662823651389 383.36807434216473 0 0 11.0 1 137
662.1777693263944 216.52570405902637 0 0 12.0 1 138
660.6719612751506 643.9244321607952 0 0 13.0 1 139
642.9965486338215 123.63669318802317 0 0 11.0 1 140
720.508726331456 524.9406112734681 0 0 13.0 1 141
295.3993769037028 321.13486418025786 0 0 11.0 1 142
156.82046358494125 494.7877263624206 0 0 11.0 1 143
312.83649992847586 123.40910308674034 0 0 11.0 1 144
150.47972629537495 384.51991568598567 0 0 10.0 1 145
544.0461623969697 620.0447752133775 0 0 13.0 1 146
202.38447510387982 328.9499871919019 0 0 13.0 1 147
228.33005169121796 389.3497019919581 0 0 12.0 1 148
643.0501248880238 263.00497530232707 0 0 12.0 1 149
208.1987161545592 300.6608460110483 0 0 10.0 1 150
438.11319506661545 659.2130096307169 0 0 13.0 1 151
129.01061604705336 397.60129518230053 0 0 13.0 1 152
227.1693992965659 392.3460166912827 0 0 13.0 1 153
287.11609973250177 521.7095931321664 0 0 13.0 1 154
650.1059643262447 625.8672322592173 -17 6 13.0 1 155
481.54489963611445 193.51893708299536 -6 0 10.0 1 156
156.13324532138586 183.6553537465726 8 18 12.0 1 157
359.2301578046734 739.5612168186587 6 -6 10.0 1 158
458.77250347720684 522.6449869950734 -10 22 12.0 1 159
534.806207957 58.65517977233918 13 -6 12.0 1 160
700.1381761862312 244.56166754753576 10 -12 12.0 1 161
312.2769690692333 494.5815512894547 11 -14 13.0 1 162
630.0026640399112 631.0298130859819 -13 14 11.0 1 163
611.8465334704686 584.6132342399798 19 22 12.0 1 164
502.003300402786 166.29007999886056 13 4 11.0 1 165
362.8313274460367 602.619075559475 -13 -3 11.0 1 166
530.9539215202195 396.525746342566 -1 9 11.0 1 167
451.1857712656065 221.1816093911339 4 20 11.0 1 168
230.35304083247956 135.77299675238783 19 -14 10.0 1 169
92.59130681619354 307.583035350514 18 -16 11.0 1 170
55.21518953963778 506.9786636475334 7 21 11.0 1 171
406.32825229091935 114.07002041943474 -11 12 13.0 1 172
489.85866820529884 724.7990451777375 22 14 12.0 1 173
455.92792469676283 572.1425782283779 -12 20 11.0 1 174
531.5618524603883 202.8693859970222 3 -11 11.0 1 175
165.93279518346705 448.3067658757571 15 20 13.0 1 176
407.27205192964885 634.8874565844939 -10 -10 13.0 1 177
635.6475217832124 159.0866432149715 20 -4 10.0 1 178
89.04856519817639 405.49592528035237 -7 -8 13.0 1 179
734.6189015412497 352.3115241245069 20 13 11.0 1 180
586.4046356851915 248.82688137413106 9 -14 10.0 1 181
545.9322178718645 591.7936072631167 6 -11 11.0 1 182
238.66067949449052 540.5902687202087 -5 -9 10.0 1 183
631.854601817269 408.21240623420925 -2 14 13.0 1 184
490.70052165369856 501.33812397980813 6 14 11.0 1 185
181.9362592138545 370.8760415748006 16 7 13.0 1 186
415.4058323367156 234.71642450015486 -17 -7 11.0 1 187
396.6192172503614 247.03735649512413 22 9 11.0 1 188
423.1728045407502 675.0254917816096 13 -8 13.0 1 189
130.4923514317711 331.8118238752199 3 21 12.0 1 190
518.7621733069083 274.2043474860125 18 -9 12.0 1 191
526.18802217165 663.3260014894222 22 -4 11.0 1 192
89.77872762449556 421.9945940113263 10 -17 10.0 1 193
519.8875204369344 747.923817010971 -12 -15 10.0 1 194
284.77401889554403 261.71416096173994 13 5 10.0 1 195
677.8257728672447 409.8407281599577 21 4 12.0 1 196
457.04689769843486 186.48969237298095 20 22 12.0 1 197
522.3045300428585 55.03970963168018 20 -6 10.0 1 198
74.80356594816897 323.8207424558817 -14 14 13.0 1 199
199.25164344266918 624.279061304284 3 -13 12.0 1 200
685.006078791954 453.5867059225936 14 1 13.0 1 201
386.25009536560134 217.5172881543434 -4 20 11.0 1 202
106.60660063247957 282.62745973793244 -13 -4 12.0 1 203
425.2963853684492 583.262360803551 -12 18 12.0 1 204
357.0658103783756 555.169763038855 -6 20 11.0 1 205
184.4109294961813 237.4535368600735 -13 13 10.0 1 206
189.25535817413166 176.76089961279976 21 4 12.0 1 207
572.2155327003939 702.400083162554 -14 12 11.0 1 208
526.913521223965 683.9259729762922 0 -9 13.0 1 209
459.13742354189293 693.0934409652095 -2 -12 11.0 1 210
603.4917272896673 234.96934550009308 -11 -10 11.0 1 211
457.52524693322187 748.2812742099004 0 21 13.0 1 212
265.5866719318253 148.6873317207482 10 -15 10.0 1 213
533.6907579006643 349.2478448541742 -9 -12 11.0 1 214
337.6887241886555 708.7754927236981 13 -14 12.0 1 215
566.8857029079741 274.18202765538064 0 -7 13.0 1 216
202.38447510387982 328.9499871919019 12 17 10.0 1 217
524.5418224083614 338.2720932543135 -10 2 10.0 1 218
648.4870487869948 435.4286125205272 2 4 12.0 1 219
