400 400 7.0710678118654755 7.0710678118654755 5 2 -1 10 187
742.842712474619 742.842712474619
800.0 400.0 0 0 24.0 1 0
799.4518139018296 420.9343824971775 0 0 24.0 1 1
797.8087581473094 441.8113853070614 0 0 24.0 1 2
795.0753362380551 462.57378601609236 0 0 24.0 1 3
791.2590402935223 483.16467632710373 0 0 24.0 1 4
786.3703305156273 503.5276180410083 0 0 24.0 1 5
780.4226065180615 523.6067977499789 0 0 24.0 1 6
773.4321705988807 543.3471798181201 0 0 24.0 1 7
765.4181830570403 562.6946572303201 0 0 24.0 1 8
756.4026096753471 581.5961998958187 0 0 24.0 1 9
581.5961998958187 756.4026096753471 0 0 24.0 1 10
562.6946572303201 765.4181830570403 0 0 24.0 1 11
543.3471798181201 773.4321705988807 0 0 24.0 1 12
523.606797749979 780.4226065180615 0 0 24.0 1 13
503.5276180410083 786.3703305156273 0 0 24.0 1 14
483.1646763271038 791.2590402935223 0 0 24.0 1 15
462.57378601609236 795.0753362380551 0 0 24.0 1 16
441.8113853070614 797.8087581473094 0 0 24.0 1 17
420.9343824971776 799.4518139018296 0 0 24.0 1 18
400.0 800.0 0 0 24.0 1 19
379.0656175028225 799.4518139018296 0 0 24.0 1 20
358.1886146929386 797.8087581473094 0 0 24.0 1 21
337.4262139839077 795.0753362380551 0 0 24.0 1 22
316.83532367289627 791.2590402935223 0 0 24.0 1 23
296.47238195899166 786.3703305156273 0 0 24.0 1 24
276.3932022500211 780.4226065180615 0 0 24.0 1 25
256.65282018187986 773.4321705988807 0 0 24.0 1 26
237.3053427696799 765.4181830570403 0 0 24.0 1 27
218.4038001041813 756.4026096753471 0 0 24.0 1 28
200.00000000000009 746.4101615137755 0 0 24.0 1 29
182.14438599398918 735.4682271781696 0 0 24.0 1 30
164.8858990830108 723.606797749979 0 0 24.0 1 31
148.27184358006508 710.8583845827884 0 0 24.0 1 32
132.3477574564567 697.2579301909577 0 0 24.0 1 33
117.15728752538104 682.842712474619 0 0 24.0 1 34
102.74206980904233 667.6522425435434 0 0 24.0 1 35
89.14161541721165 651.728156419935 0 0 24.0 1 36
76.39320225002109 635.1141009169893 0 0 24.0 1 37
64.53177282183043 617.8556140060109 0 0 24.0 1 38
53.589838486224494 600.0 0 0 24.0 1 39
43.597390324652906 581.5961998958187 0 0 24.0 1 40
34.58181694295968 562.6946572303202 0 0 24.0 1 41
26.567829401119297 543.3471798181201 0 0 24.0 1 42
19.5773934819386 523.606797749979 0 0 24.0 1 43
13.629669484372698 503.5276180410084 0 0 24.0 1 44
8.740959706477724 483.16467632710373 0 0 24.0 1 45
4.924663761944942 462.5737860160924 0 0 24.0 1 46
2.1912418526906663 441.81138530706147 0 0 24.0 1 47
0.5481860981704472 420.9343824971775 0 0 24.0 1 48
0.0 400.00000000000006 0 0 24.0 1 49
0.5481860981704472 379.0656175028226 0 0 24.0 1 50
2.1912418526906663 358.1886146929386 0 0 24.0 1 51
4.924663761944885 337.4262139839077 0 0 24.0 1 52
8.740959706477781 316.8353236728962 0 0 24.0 1 53
13.629669484372698 296.47238195899166 0 0 24.0 1 54
19.577393481938543 276.3932022500211 0 0 24.0 1 55
26.567829401119297 256.65282018187986 0 0 24.0 1 56
34.58181694295968 237.30534276967992 0 0 24.0 1 57
43.59739032465285 218.40380010418136 0 0 24.0 1 58
53.58983848622455 199.99999999999994 0 0 24.0 1 59
64.53177282183037 182.14438599398918 0 0 24.0 1 60
76.39320225002103 164.8858990830108 0 0 24.0 1 61
89.14161541721171 148.27184358006497 0 0 24.0 1 62
102.74206980904228 132.3477574564567 0 0 24.0 1 63
117.15728752538092 117.15728752538104 0 0 24.0 1 64
132.34775745645675 102.74206980904228 0 0 24.0 1 65
148.27184358006485 89.14161541721177 0 0 24.0 1 66
164.8858990830107 76.39320225002109 0 0 24.0 1 67
182.1443859939892 64.53177282183032 0 0 24.0 1 68
199.99999999999983 53.58983848622461 0 0 24.0 1 69
218.40380010418124 43.597390324652906 0 0 24.0 1 70
237.30534276967995 34.58181694295962 0 0 24.0 1 71
256.65282018187975 26.567829401119354 0 0 24.0 1 72
276.393202250021 19.5773934819386 0 0 24.0 1 73
296.4723819589917 13.629669484372698 0 0 24.0 1 74
316.8353236728961 8.740959706477781 0 0 24.0 1 75
337.4262139839076 4.924663761944942 0 0 24.0 1 76
358.18861469293864 2.1912418526906663 0 0 24.0 1 77
379.0656175028223 0.5481860981704472 0 0 24.0 1 78
399.99999999999994 0.0 0 0 24.0 1 79
420.9343824971776 0.5481860981704472 0 0 24.0 1 80
441.8113853070612 2.1912418526906663 0 0 24.0 1 81
462.5737860160923 4.924663761944885 0 0 24.0 1 82
483.1646763271038 8.740959706477781 0 0 24.0 1 83
503.5276180410081 13.629669484372641 0 0 24.0 1 84
523.6067977499789 19.577393481938543 0 0 24.0 1 85
543.3471798181201 26.567829401119297 0 0 24.0 1 86
562.6946572303199 34.58181694295956 0 0 24.0 1 87
581.5961998958187 43.59739032465279 0 0 24.0 1 88
600.0 53.58983848622455 0 0 24.0 1 89
617.8556140060107 64.53177282183032 0 0 24.0 1 90
635.1141009169892 76.39320225002098 0 0 24.0 1 91
651.728156419935 89.14161541721171 0 0 24.0 1 92
667.6522425435431 102.74206980904216 0 0 24.0 1 93
682.842712474619 117.15728752538092 0 0 24.0 1 94
697.2579301909577 132.34775745645675 0 0 24.0 1 95
710.8583845827882 148.27184358006485 0 0 24.0 1 96
723.6067977499789 164.88589908301066 0 0 24.0 1 97
735.4682271781696 182.1443859939892 0 0 24.0 1 98
746.4101615137754 199.99999999999983 0 0 24.0 1 99
756.4026096753471 218.40380010418122 0 0 24.0 1 100
765.4181830570403 237.30534276967995 0 0 24.0 1 101
773.4321705988806 256.6528201818797 0 0 24.0 1 102
780.4226065180615 276.3932022500209 0 0 24.0 1 103
786.3703305156273 296.4723819589917 0 0 24.0 1 104
791.2590402935223 316.83532367289604 0 0 24.0 1 105
795.0753362380551 337.4262139839076 0 0 24.0 1 106
797.8087581473094 358.18861469293864 0 0 24.0 1 107
799.4518139018296 379.06561750282225 0 0 24.0 1 108
800.0 399.9999999999999 0 0 24.0 1 109
276.71068927421334 556.2073809420042 0 0 13.0 1 110
256.03397862748807 429.7116928189803 0 0 13.0 1 111
126.88186078664711 544.5250221679125 0 0 10.0 1 112
311.2554143580899 163.07512051444306 0 0 11.0 1 113
526.1204912746193 256.5614358666098 0 0 11.0 1 114
527.0796459496536 523.2061832267792 0 0 10.0 1 115
510.8308605401025 535.4308692726306 0 0 13.0 1 116
45.88890130770392 425.1063693698419 0 0 11.0 1 117
253.11492495313482 558.3691091358311 0 0 12.0 1 118
186.5090380741847 651.637853225603 0 0 12.0 1 119
493.85682062298343 523.3527349617556 0 0 12.0 1 120
306.64022922697416 275.02018882552244 0 0 10.0 1 121
462.0020061271836 257.94102901891523 0 0 11.0 1 122
175.24778943010713 273.30965370658055 0 0 10.0 1 123
322.07675003288557 548.8353691652713 0 0 12.0 1 124
198.89150913208923 339.5403035003363 0 0 13.0 1 125
327.7122852291396 108.8394149387546 0 0 10.0 1 126
272.917199662675 78.1833412353804 0 0 10.0 1 127
47.51987792399399 343.37170723671886 0 0 11.0 1 128
302.60482992012015 274.3211201310607 0 0 12.0 1 129
589.8807615632984 320.1169831056573 0 0 11.0 1 130
138.84234116605177 468.5323079457498 0 0 11.0 1 131
695.1106165365056 602.6665340095485 0 0 13.0 1 132
556.9094425097882 298.27278215114944 0 0 12.0 1 133
77.66728687085646 233.05503287967838 0 0 11.0 1 134
397.1274394937711 270.03174081285056 0 0 13.0 1 135
235.2155332926951 143.34638219579074 0 0 10.0 1 136
583.0459918933094 357.1261752138381 0 0 11.0 1 137
292.8216514435725 222.9073643521083 0 0 11.0 1 138
564.551521952836 295.3682809899152 0 0 13.0 1 139
674.7374998947533 539.223942450932 0 0 10.0 1 140
464.32680436113833 195.89693230947302 0 0 13.0 1 141
543.6127840358938 472.77615173571445 0 0 13.0 1 142
546.4219248902659 628.03863688294 0 0 12.0 1 143
265.6511008869431 477.3005388539411 0 0 12.0 1 144
446.6757572958451 521.331668087352 0 0 11.0 1 145
541.4440942637845 412.55261717322946 0 0 12.0 1 146
107.5622392181794 381.8573411839752 0 0 13.0 1 147
218.41730276377479 323.60154409664176 0 0 11.0 1 148
141.369890963876 190.23950157390786 0 0 13.0 1 149
347.3143088070035 687.2076216668287 0 0 13.0 1 150
574.9053230076466 552.4208909027591 0 0 10.0 1 151
88.6174771520694 586.5741795234753 0 0 12.0 1 152
585.1102801701505 329.7277851827028 0 0 12.0 1 153
284.8174079551741 329.58714258151997 0 0 12.0 1 154
533.8164523127894 569.555763955163 17 -11 11.0 1 155
678.4310245401508 355.27680049994245 3 -5 13.0 1 156
89.97546685751848 350.1924819953214 8 20 13.0 1 157
639.2235678072476 537.6520417777056 20 15 13.0 1 158
368.4560904367953 61.46642445767901 1 -4 11.0 1 159
340.3287781875764 221.72115860985483 9 -14 11.0 1 160
692.9284014330406 526.3089531026343 -10 13 10.0 1 161
445.6658415891209 577.210696381334 11 5 10.0 1 162
168.27633795463956 476.42083778844346 8 19 10.0 1 163
457.240002275517 200.03104706105296 15 -6 12.0 1 164
571.7574924596785 409.130376989122 -14 15 13.0 1 165
523.78142079549 491.6196478155741 0 -13 13.0 1 166
224.1503658847775 505.3655834774447 11 10 13.0 1 167
643.7293363462227 445.82587265104553 18 15 13.0 1 168
624.2663172199856 211.44332692639915 0 0 12.0 1 169
177.22976986471852 132.64737785936393 -2 -6 13.0 1 170
430.8502899775168 202.39367518142762 -17 11 10.0 1 171
259.33208263198304 176.59781329775495 12 18 12.0 1 172
377.4413163625031 620.8508677649769 16 -12 13.0 1 173
725.9608695982363 485.54829916930885 18 2 10.0 1 174
297.7167699281616 291.6526841768963 -7 7 11.0 1 175
220.72462327237034 78.6211903389297 -16 4 10.0 1 176
196.6672327168134 318.65637241331393 8 17 10.0 1 177
505.98261891252236 323.00204880360087 -5 6 12.0 1 178
373.98695545414927 276.71447159761374 14 0 10.0 1 179
154.5039605792761 278.3131287741427 -16 -17 13.0 1 180
669.6370261613567 548.8619297297325 0 0 13.0 1 181
307.8198874823222 253.6038700776955 -17 19 13.0 1 182
218.00712959617604 398.3890617091465 19 1 12.0 1 183
647.8658791473438 481.7527122150352 -11 -7 10.0 1 184
259.04287889855686 354.88802807687193 -4 -4 12.0 1 185
464.64820872052314 236.30330147120353 5 -1 13.0 1 186
625.4407278428882 618.5691612045689 6 21 11.0 1 187
500.19249168079045 318.74444873859545 19 -7 13.0 1 188
242.76126661063273 552.4368089475356 15 -15 10.0 1 189
144.47125386462503 462.24194645480725 -12 16 11.0 1 190
404.75553138189105 758.9685012940214 13 -5 13.0 1 191
290.94658817978205 554.3643526542639 -5 15 11.0 1 192
702.8098919450033 426.87320859620957 -15 6 11.0 1 193
245.08269076253742 122.28678947766207 12 17 13.0 1 194
400.92054518151457 192.00203703745368 -3 -8 13.0 1 195
536.1206543864644 210.89641079714877 -3 -6 11.0 1 196
614.6699975888612 180.53293610384645 -3 -10 10.0 1 197
574.778476860655 454.23544990381754 -9 -11 11.0 1 198
613.7064375167856 487.695829797569 13 21 13.0 1 199
189.0969370995031 657.6992395394077 -17 7 13.0 1 200
314.63988268857634 129.13167336770437 5 21 12.0 1 201
266.5003289281465 333.82721236258124 19 15 12.0 1 202
341.6800448656264 569.2329247904339 -5 -17 13.0 1 203
305.79056724142583 543.9047698282017 19 -11 13.0 1 204
513.4782743271037 330.63371672244074 11 5 11.0 1 205
96.83839350133906 340.21672186011324 13 5 11.0 1 206
624.1349882526652 501.3879038198229 -1 -17 10.0 1 207
695.4670355546743 503.2871284358938 11 5 12.0 1 208
734.9352137695371 373.27168959409335 13 10 13.0 1 209
496.3559592612701 271.01733017633546 3 21 10.0 1 210
648.0642515593912 355.6364214892547 21 3 13.0 1 211
359.7904786670196 691.2373506165934 -8 -4 11.0 1 212
210.14008573501485 136.2231758563833 20 18 13.0 1 213
613.8949364374571 513.1943292149223 8 13 13.0 1 214
239.72391591470065 112.68035766714092 9 4 13.0 1 215
442.94016695227475 540.588555942903 6 -8 13.0 1 216
729.0534157158106 310.5301748869603 -8 15 13.0 1 217
126.32775515516045 215.59961387896664 -9 20 11.0 1 218
568.4455348322949 339.44340007016496 -10 9 10.0 1 219
