400 400 -7.071067811865475 7.0710678118654755 5 2 -1 10 187
57.15728752538104 742.842712474619
800.0 400.0 0 0 24.0 1 0
799.4518139018296 420.9343824971775 0 0 24.0 1 1
797.8087581473094 441.8113853070614 0 0 24.0 1 2
795.0753362380551 462.57378601609236 0 0 24.0 1 3
791.2590402935223 483.16467632710373 0 0 24.0 1 4
786.3703305156273 503.5276180410083 0 0 24.0 1 5
780.4226065180615 523.6067977499789 0 0 24.0 1 6
773.4321705988807 543.3471798181201 0 0 24.0 1 7
765.4181830570403 562.6946572303201 0 0 24.0 1 8
756.4026096753471 581.5961998958187 0 0 24.0 1 9
746.4101615137755 600.0 0 0 24.0 1 10
735.4682271781696 617.8556140060108 0 0 24.0 1 11
723.606797749979 635.1141009169893 0 0 24.0 1 12
710.8583845827884 651.728156419935 0 0 24.0 1 13
697.2579301909577 667.6522425435433 0 0 24.0 1 14
682.842712474619 682.842712474619 0 0 24.0 1 15
667.6522425435433 697.2579301909577 0 0 24.0 1 16
651.728156419935 710.8583845827884 0 0 24.0 1 17
635.1141009169893 723.606797749979 0 0 24.0 1 18
617.8556140060108 735.4682271781696 0 0 24.0 1 19
600.0 746.4101615137754 0 0 24.0 1 20
581.5961998958187 756.4026096753471 0 0 24.0 1 21
562.6946572303201 765.4181830570403 0 0 24.0 1 22
543.3471798181201 773.4321705988807 0 0 24.0 1 23
523.606797749979 780.4226065180615 0 0 24.0 1 24
503.5276180410083 786.3703305156273 0 0 24.0 1 25
483.1646763271038 791.2590402935223 0 0 24.0 1 26
462.57378601609236 795.0753362380551 0 0 24.0 1 27
441.8113853070614 797.8087581473094 0 0 24.0 1 28
420.9343824971776 799.4518139018296 0 0 24.0 1 29
400.0 800.0 0 0 24.0 1 30
379.0656175028225 799.4518139018296 0 0 24.0 1 31
358.1886146929386 797.8087581473094 0 0 24.0 1 32
337.4262139839077 795.0753362380551 0 0 24.0 1 33
316.83532367289627 791.2590402935223 0 0 24.0 1 34
296.47238195899166 786.3703305156273 0 0 24.0 1 35
276.3932022500211 780.4226065180615 0 0 24.0 1 36
256.65282018187986 773.4321705988807 0 0 24.0 1 37
237.3053427696799 765.4181830570403 0 0 24.0 1 38
218.4038001041813 756.4026096753471 0 0 24.0 1 39
43.597390324652906 581.5961998958187 0 0 24.0 1 40
34.58181694295968 562.6946572303202 0 0 24.0 1 41
26.567829401119297 543.3471798181201 0 0 24.0 1 42
19.5773934819386 523.606797749979 0 0 24.0 1 43
13.629669484372698 503.5276180410084 0 0 24.0 1 44
8.740959706477724 483.16467632710373 0 0 24.0 1 45
4.924663761944942 462.5737860160924 0 0 24.0 1 46
2.1912418526906663 441.81138530706147 0 0 24.0 1 47
0.5481860981704472 420.9343824971775 0 0 24.0 1 48
0.0 400.00000000000006 0 0 24.0 1 49
0.5481860981704472 379.0656175028226 0 0 24.0 1 50
2.1912418526906663 358.1886146929386 0 0 24.0 1 51
4.924663761944885 337.4262139839077 0 0 24.0 1 52
8.740959706477781 316.8353236728962 0 0 24.0 1 53
13.629669484372698 296.47238195899166 0 0 24.0 1 54
19.577393481938543 276.3932022500211 0 0 24.0 1 55
26.567829401119297 256.65282018187986 0 0 24.0 1 56
34.58181694295968 237.30534276967992 0 0 24.0 1 57
43.59739032465285 218.40380010418136 0 0 24.0 1 58
53.58983848622455 199.99999999999994 0 0 24.0 1 59
64.53177282183037 182.14438599398918 0 0 24.0 1 60
76.39320225002103 164.8858990830108 0 0 24.0 1 61
89.14161541721171 148.27184358006497 0 0 24.0 1 62
102.74206980904228 132.3477574564567 0 0 24.0 1 63
117.15728752538092 117.15728752538104 0 0 24.0 1 64
132.34775745645675 102.74206980904228 0 0 24.0 1 65
148.27184358006485 89.14161541721177 0 0 24.0 1 66
164.8858990830107 76.39320225002109 0 0 24.0 1 67
182.1443859939892 64.53177282183032 0 0 24.0 1 68
199.99999999999983 53.58983848622461 0 0 24.0 1 69
218.40380010418124 43.597390324652906 0 0 24.0 1 70
237.30534276967995 34.58181694295962 0 0 24.0 1 71
256.65282018187975 26.567829401119354 0 0 24.0 1 72
276.393202250021 19.5773934819386 0 0 24.0 1 73
296.4723819589917 13.629669484372698 0 0 24.0 1 74
316.8353236728961 8.740959706477781 0 0 24.0 1 75
337.4262139839076 4.924663761944942 0 0 24.0 1 76
358.18861469293864 2.1912418526906663 0 0 24.0 1 77
379.0656175028223 0.5481860981704472 0 0 24.0 1 78
399.99999999999994 0.0 0 0 24.0 1 79
420.9343824971776 0.5481860981704472 0 0 24.0 1 80
441.8113853070612 2.1912418526906663 0 0 24.0 1 81
462.5737860160923 4.924663761944885 0 0 24.0 1 82
483.1646763271038 8.740959706477781 0 0 24.0 1 83
503.5276180410081 13.629669484372641 0 0 24.0 1 84
523.6067977499789 19.577393481938543 0 0 24.0 1 85
543.3471798181201 26.567829401119297 0 0 24.0 1 86
562.6946572303199 34.58181694295956 0 0 24.0 1 87
581.5961998958187 43.59739032465279 0 0 24.0 1 88
600.0 53.58983848622455 0 0 24.0 1 89
617.8556140060107 64.53177282183032 0 0 24.0 1 90
635.1141009169892 76.39320225002098 0 0 24.0 1 91
651.728156419935 89.14161541721171 0 0 24.0 1 92
667.6522425435431 102.74206980904216 0 0 24.0 1 93
682.842712474619 117.15728752538092 0 0 24.0 1 94
697.2579301909577 132.34775745645675 0 0 24.0 1 95
710.8583845827882 148.27184358006485 0 0 24.0 1 96
723.6067977499789 164.88589908301066 0 0 24.0 1 97
735.4682271781696 182.1443859939892 0 0 24.0 1 98
746.4101615137754 199.99999999999983 0 0 24.0 1 99
756.4026096753471 218.40380010418122 0 0 24.0 1 100
765.4181830570403 237.30534276967995 0 0 24.0 1 101
773.4321705988806 256.6528201818797 0 0 24.0 1 102
780.4226065180615 276.3932022500209 0 0 24.0 1 103
786.3703305156273 296.4723819589917 0 0 24.0 1 104
791.2590402935223 316.83532367289604 0 0 24.0 1 105
795.0753362380551 337.4262139839076 0 0 24.0 1 106
797.8087581473094 358.18861469293864 0 0 24.0 1 107
799.4518139018296 379.06561750282225 0 0 24.0 1 108
800.0 399.9999999999999 0 0 24.0 1 109
199.9308968145018 172.44483317105176 0 0 10.0 1 110
290.8839528597946 560.40476382108 0 0 13.0 1 111
613.1458119954204 680.1300819776643 0 0 10.0 1 112
442.93548651725973 711.0507096881893 0 0 11.0 1 113
528.7632990272242 549.093973129787 0 0 11.0 1 114
330.14633963879146 279.82734864312545 0 0 10.0 1 115
308.10281754497805 89.30576468684131 0 0 10.0 1 116
80.82409987423722 530.964669964495 0 0 12.0 1 117
240.77251209027517 292.71250262048966 0 0 12.0 1 118
357.9294333420624 242.52280348863195 0 0 11.0 1 119
658.0903555229298 291.42114208535946 0 0 13.0 1 120
719.9498587672612 405.66461603373233 0 0 12.0 1 121
498.0190903212747 654.7965029834393 0 0 11.0 1 122
534.1447335062074 455.04716589024895 0 0 13.0 1 123
551.4351247599395 351.53967613664184 0 0 11.0 1 124
338.87560563268113 702.8940547670563 0 0 11.0 1 125
362.11551901620555 674.3970956489673 0 0 10.0 1 126
531.8700187257034 579.8313047310802 0 0 11.0 1 127
241.30642774967725 495.086014357694 0 0 11.0 1 128
497.79471736213327 552.3062482502293 0 0 13.0 1 129
379.6745471413384 641.1449273073981 0 0 10.0 1 130
236.76319343535408 204.09506136246497 0 0 11.0 1 131
333.7324527085701 728.3802859125044 0 0 12.0 1 132
450.0850019910773 225.02716617842134 0 0 13.0 1 133
238.0373286163895 69.55773109621009 0 0 12.0 1 134
611.3373628789111 127.30691418485242 0 0 11.0 1 135
760.4024914665257 474.3911563609605 0 0 11.0 1 136
224.0085410972831 685.047375699713 0 0 12.0 1 137
375.2802260944418 71.92998799332776 0 0 13.0 1 138
236.8576648143296 430.6688517908052 0 0 12.0 1 139
308.45935945590446 290.1395834307157 0 0 12.0 1 140
497.14288847719945 60.62961352188313 0 0 13.0 1 141
285.7091223936339 475.5420101398331 0 0 11.0 1 142
147.3528216276093 636.4009375202844 0 0 13.0 1 143
585.9461176581144 419.8252699319503 0 0 10.0 1 144
169.3478838648477 155.67316700293395 0 0 12.0 1 145
270.6857769032126 330.0941225298309 0 0 11.0 1 146
527.9663608414813 259.5556676366476 0 0 13.0 1 147
45.2221056434949 412.5557029259425 0 0 12.0 1 148
272.0006829860097 505.6985091850969 0 0 13.0 1 149
136.75246642340915 369.5740889069585 0 0 13.0 1 150
76.15668542021348 506.8012528108984 0 0 13.0 1 151
490.5903031481846 269.3309639756992 0 0 11.0 1 152
94.03121685865102 576.0457433254271 0 0 11.0 1 153
634.2829042505361 358.10106473985167 0 0 13.0 1 154
379.4036825793193 178.95748891060217 -9 6 12.0 1 155
263.1456298236104 269.6470891632115 7 -8 12.0 1 156
565.5167849132722 76.93159561483952 20 -4 13.0 1 157
409.5171904139602 161.18956662946147 5 -9 10.0 1 158
422.3664602336997 256.735414506535 8 -14 10.0 1 159
257.40243062964726 109.0671328129676 11 0 13.0 1 160
173.2520633496883 304.5988824760095 -6 -14 11.0 1 161
371.1421462542216 609.0172822452423 1 -17 10.0 1 162
346.8002085770353 231.18417671156223 -14 -8 10.0 1 163
333.7714411107851 555.482404108818 -15 22 12.0 1 164
400.6195977183271 260.0013710829015 12 6 12.0 1 165
272.0636270029792 222.25500157707057 20 20 10.0 1 166
301.78464830144344 137.79064720966028 -8 16 12.0 1 167
126.66950824916489 186.2257211934825 19 -11 11.0 1 168
397.8889971915335 558.9859857570555 -15 10 12.0 1 169
441.34192831077746 79.65667641802406 -2 -2 13.0 1 170
403.8547622064911 690.9744676227305 -17 12 10.0 1 171
280.59879625470694 214.0313130008844 7 18 11.0 1 172
442.75407477345703 578.963932372603 18 -2 12.0 1 173
531.3869532115838 247.88665894873952 -5 -3 10.0 1 174
388.98806856828645 565.6343483886819 11 1 13.0 1 175
679.5471121684084 261.44527406723614 -11 -14 10.0 1 176
681.0 400.0 10 -6 12.0 1 177
268.9646302617315 337.9135129230581 -7 14 11.0 1 178
91.61905991572837 226.1690597369361 -13 -3 11.0 1 179
518.8942532446398 617.6422673687247 -4 -1 13.0 1 180
246.60738225830357 347.89717068767 10 -1 11.0 1 181
582.447736849726 181.05292119232757 12 17 13.0 1 182
667.7267251424083 373.8580673147268 7 10 10.0 1 183
198.86586301309634 186.94118432101084 6 -16 10.0 1 184
426.7281910420126 113.24295334966627 10 22 13.0 1 185
492.79463203705325 602.7761235084345 7 -5 12.0 1 186
46.1258487858521 371.74959995917936 9 5 10.0 1 187
403.4043776187911 656.977450787085 -8 -14 10.0 1 188
234.86825669251212 237.04139374604992 22 6 11.0 1 189
198.0665815333566 236.22303426191004 0 1 10.0 1 190
408.9198772080631 176.17766914225678 0 20 13.0 1 191
577.7848595705836 605.855638026914 4 5 10.0 1 192
269.00424065325524 183.55344531924345 -11 19 13.0 1 193
357.83216638366474 230.15632538094016 -8 -17 13.0 1 194
316.5444421562722 498.3675244427357 22 16 11.0 1 195
420.82035352243736 713.3089735057085 20 -10 12.0 1 196
534.5592190443572 558.6121576997573 18 4 11.0 1 197
147.434722509179 503.6329127545134 -15 -10 11.0 1 198
454.8017731575752 274.4381998425251 -3 -8 13.0 1 199
322.3822673096734 724.8561028701986 8 16 11.0 1 200
579.5648165620036 283.58489508206407 3 0 10.0 1 201
620.9840079001492 264.91829045948987 15 16 10.0 1 202
746.3347874370045 378.5240830006039 -14 15 11.0 1 203
608.288898619604 694.8503598638339 20 -12 11.0 1 204
624.4811021465838 162.2244024735612 17 -14 13.0 1 205
710.8745585178913 252.71453273894866 22 16 13.0 1 206
96.18025924756512 302.7654118683929 -7 18 13.0 1 207
312.6638313254437 639.5775315868528 20 -12 10.0 1 208
768.551513222537 432.70752362038667 5 22 13.0 1 209
481.35007845930824 715.6868143186605 -14 -14 11.0 1 210
461.3823933754739 522.4793933014798 18 16 11.0 1 211
267.1432042034884 745.3245890617753 19 5 12.0 1 212
238.88824693973083 216.75425509484035 -12 -4 11.0 1 213
562.1928934446829 723.6316815703335 16 -13 11.0 1 214
64.21021829919516 411.8837075580752 13 7 12.0 1 215
195.3708038550486 557.1333576458894 -11 -17 11.0 1 216
677.8960209293175 243.36411154638827 18 21 11.0 1 217
539.7789690413293 519.6571761899097 4 10 13.0 1 218
543.6674120672615 603.3732399060793 13 20 12.0 1 219
