400 400 7.0710678118654755 7.0710678118654755 5 2 -1 10 187
742.842712474619 742.842712474619
800.0 400.0 0 0 24.0 1 0
799.4518139018296 420.9343824971775 0 0 24.0 1 1
797.8087581473094 441.8113853070614 0 0 24.0 1 2
795.0753362380551 462.57378601609236 0 0 24.0 1 3
791.2590402935223 483.16467632710373 0 0 24.0 1 4
786.3703305156273 503.5276180410083 0 0 24.0 1 5
780.4226065180615 523.6067977499789 0 0 24.0 1 6
773.4321705988807 543.3471798181201 0 0 24.0 1 7
765.4181830570403 562.6946572303201 0 0 24.0 1 8
756.4026096753471 581.5961998958187 0 0 24.0 1 9
581.5961998958187 756.4026096753471 0 0 24.0 1 10
562.6946572303201 765.4181830570403 0 0 24.0 1 11
543.3471798181201 773.4321705988807 0 0 24.0 1 12
523.606797749979 780.4226065180615 0 0 24.0 1 13
503.5276180410083 786.3703305156273 0 0 24.0 1 14
483.1646763271038 791.2590402935223 0 0 24.0 1 15
462.57378601609236 795.0753362380551 0 0 24.0 1 16
441.8113853070614 797.8087581473094 0 0 24.0 1 17
420.9343824971776 799.4518139018296 0 0 24.0 1 18
400.0 800.0 0 0 24.0 1 19
379.0656175028225 799.4518139018296 0 0 24.0 1 20
358.1886146929386 797.8087581473094 0 0 24.0 1 21
337.4262139839077 795.0753362380551 0 0 24.0 1 22
316.83532367289627 791.2590402935223 0 0 24.0 1 23
296.47238195899166 786.3703305156273 0 0 24.0 1 24
276.3932022500211 780.4226065180615 0 0 24.0 1 25
256.65282018187986 773.4321705988807 0 0 24.0 1 26
237.3053427696799 765.4181830570403 0 0 24.0 1 27
218.4038001041813 756.4026096753471 0 0 24.0 1 28
200.00000000000009 746.4101615137755 0 0 24.0 1 29
182.14438599398918 735.4682271781696 0 0 24.0 1 30
164.8858990830108 723.606797749979 0 0 24.0 1 31
148.27184358006508 710.8583845827884 0 0 24.0 1 32
132.3477574564567 697.2579301909577 0 0 24.0 1 33
117.15728752538104 682.842712474619 0 0 24.0 1 34
102.74206980904233 667.6522425435434 0 0 24.0 1 35
89.14161541721165 651.728156419935 0 0 24.0 1 36
76.39320225002109 635.1141009169893 0 0 24.0 1 37
64.53177282183043 617.8556140060109 0 0 24.0 1 38
53.589838486224494 600.0 0 0 24.0 1 39
43.597390324652906 581.5961998958187 0 0 24.0 1 40
34.58181694295968 562.6946572303202 0 0 24.0 1 41
26.567829401119297 543.3471798181201 0 0 24.0 1 42
19.5773934819386 523.606797749979 0 0 24.0 1 43
13.629669484372698 503.5276180410084 0 0 24.0 1 44
8.740959706477724 483.16467632710373 0 0 24.0 1 45
4.924663761944942 462.5737860160924 0 0 24.0 1 46
2.1912418526906663 441.81138530706147 0 0 24.0 1 47
0.5481860981704472 420.9343824971775 0 0 24.0 1 48
0.0 400.00000000000006 0 0 24.0 1 49
0.5481860981704472 379.0656175028226 0 0 24.0 1 50
2.1912418526906663 358.1886146929386 0 0 24.0 1 51
4.924663761944885 337.4262139839077 0 0 24.0 1 52
8.740959706477781 316.8353236728962 0 0 24.0 1 53
13.629669484372698 296.47238195899166 0 0 24.0 1 54
19.577393481938543 276.3932022500211 0 0 24.0 1 55
26.567829401119297 256.65282018187986 0 0 24.0 1 56
34.58181694295968 237.30534276967992 0 0 24.0 1 57
43.59739032465285 218.40380010418136 0 0 24.0 1 58
53.58983848622455 199.99999999999994 0 0 24.0 1 59
64.53177282183037 182.14438599398918 0 0 24.0 1 60
76.39320225002103 164.8858990830108 0 0 24.0 1 61
89.14161541721171 148.27184358006497 0 0 24.0 1 62
102.74206980904228 132.3477574564567 0 0 24.0 1 63
117.15728752538092 117.15728752538104 0 0 24.0 1 64
132.34775745645675 102.74206980904228 0 0 24.0 1 65
148.27184358006485 89.14161541721177 0 0 24.0 1 66
164.8858990830107 76.39320225002109 0 0 24.0 1 67
182.1443859939892 64.53177282183032 0 0 24.0 1 68
199.99999999999983 53.58983848622461 0 0 24.0 1 69
218.40380010418124 43.597390324652906 0 0 24.0 1 70
237.30534276967995 34.58181694295962 0 0 24.0 1 71
256.65282018187975 26.567829401119354 0 0 24.0 1 72
276.393202250021 19.5773934819386 0 0 24.0 1 73
296.4723819589917 13.629669484372698 0 0 24.0 1 74
316.8353236728961 8.740959706477781 0 0 24.0 1 75
337.4262139839076 4.924663761944942 0 0 24.0 1 76
358.18861469293864 2.1912418526906663 0 0 24.0 1 77
379.0656175028223 0.5481860981704472 0 0 24.0 1 78
399.99999999999994 0.0 0 0 24.0 1 79
420.9343824971776 0.5481860981704472 0 0 24.0 1 80
441.8113853070612 2.1912418526906663 0 0 24.0 1 81
462.5737860160923 4.924663761944885 0 0 24.0 1 82
483.1646763271038 8.740959706477781 0 0 24.0 1 83
503.5276180410081 13.629669484372641 0 0 24.0 1 84
523.6067977499789 19.577393481938543 0 0 24.0 1 85
543.3471798181201 26.567829401119297 0 0 24.0 1 86
562.6946572303199 34.58181694295956 0 0 24.0 1 87
581.5961998958187 43.59739032465279 0 0 24.0 1 88
600.0 53.58983848622455 0 0 24.0 1 89
617.8556140060107 64.53177282183032 0 0 24.0 1 90
635.1141009169892 76.39320225002098 0 0 24.0 1 91
651.728156419935 89.14161541721171 0 0 24.0 1 92
667.6522425435431 102.74206980904216 0 0 24.0 1 93
682.842712474619 117.15728752538092 0 0 24.0 1 94
697.2579301909577 132.34775745645675 0 0 24.0 1 95
710.8583845827882 148.27184358006485 0 0 24.0 1 96
723.6067977499789 164.88589908301066 0 0 24.0 1 97
735.4682271781696 182.1443859939892 0 0 24.0 1 98
746.4101615137754 199.99999999999983 0 0 24.0 1 99
756.4026096753471 218.40380010418122 0 0 24.0 1 100
765.4181830570403 237.30534276967995 0 0 24.0 1 101
773.4321705988806 256.6528201818797 0 0 24.0 1 102
780.4226065180615 276.3932022500209 0 0 24.0 1 103
786.3703305156273 296.4723819589917 0 0 24.0 1 104
791.2590402935223 316.83532367289604 0 0 24.0 1 105
795.0753362380551 337.4262139839076 0 0 24.0 1 106
797.8087581473094 358.18861469293864 0 0 24.0 1 107
799.4518139018296 379.06561750282225 0 0 24.0 1 108
800.0 399.9999999999999 0 0 24.0 1 109
475.23490223330555 253.1507252794725 0 0 10.0 1 110
120.6739368283923 305.12139106705337 0 0 10.0 1 111
478.85701553107253 594.6318861377349 0 0 12.0 1 112
125.12307504519276 434.2297550004271 0 0 13.0 1 113
676.2076069768721 565.5093890028893 0 0 10.0 1 114
645.0756986737933 140.41012747113564 0 0 11.0 1 115
91.05666814218961 364.2926100002419 0 0 13.0 1 116
168.2731996876174 345.7165769595804 0 0 11.0 1 117
483.11940189739886 655.8362074222855 0 0 13.0 1 118
518.3273495467876 446.1263303247978 0 0 10.0 1 119
165.02384166509552 202.4267097652876 0 0 11.0 1 120
628.7227610845703 276.3638460568648 0 0 11.0 1 121
555.2606373588737 583.0140281151047 0 0 10.0 1 122
114.06840239328073 199.88972667534242 0 0 10.0 1 123
445.4661300123765 675.270468851451 0 0 10.0 1 124
188.21946684018974 154.79599152023127 0 0 13.0 1 125
379.2365389269498 712.3105484678158 0 0 10.0 1 126
271.81114567741986 733.1915629596049 0 0 10.0 1 127
642.3116031128392 257.71125484815775 0 0 12.0 1 128
474.4951901308413 237.2380061335884 0 0 13.0 1 129
205.6815773042128 549.2157853614067 0 0 13.0 1 130
211.61788121475794 589.2119904286801 0 0 11.0 1 131
186.7955187189856 496.43572554657106 0 0 11.0 1 132
574.1308826593324 504.3428756757346 0 0 10.0 1 133
259.37757443734506 457.7003763321833 0 0 13.0 1 134
141.31710928875748 358.44086077316626 0 0 11.0 1 135
370.74167979841155 532.8154761275256 0 0 10.0 1 136
478.6596650461815 684.3196389538059 0 0 13.0 1 137
659.1850406091803 651.2849273721317 0 0 11.0 1 138
449.3144012503154 735.3939323084467 0 0 13.0 1 139
176.5465019495525 360.03083427167076 0 0 12.0 1 140
116.3584059404053 587.4765215149143 0 0 10.0 1 141
571.1858614293466 383.28471218636804 0 0 10.0 1 142
693.9193303600888 609.6006375006455 0 0 10.0 1 143
63.81093273671047 504.3116055510575 0 0 12.0 1 144
565.3953759115684 294.83170807191476 0 0 10.0 1 145
173.18566356032665 137.3895341281489 0 0 12.0 1 146
385.4722109424984 618.5176041995261 0 0 12.0 1 147
320.5412112451096 617.9685777574504 0 0 13.0 1 148
282.59411469739473 189.53181215130994 0 0 10.0 1 149
273.66247104044874 426.07352635135004 0 0 10.0 1 150
142.84849528790778 317.7011323024015 0 0 10.0 1 151
467.95870209044296 126.3110984892109 0 0 13.0 1 152
515.230833936013 546.0063522947237 0 0 13.0 1 153
71.17866252771654 237.01065058434443 0 0 12.0 1 154
115.7273582919808 528.580967395428 16 -16 10.0 1 155
580.1854421644813 691.8599089152026 13 -1 13.0 1 156
379.5258096596153 241.3153834491015 -15 -4 13.0 1 157
116.34984371041963 372.29460635730607 21 7 11.0 1 158
276.1187657050234 234.1614044030971 10 11 10.0 1 159
305.35303007023356 597.4916481350892 18 -11 10.0 1 160
504.0963110645667 312.47881386344807 19 -14 11.0 1 161
84.75618647523686 286.65831290136737 3 -14 11.0 1 162
588.0252024421127 692.831902713148 22 5 12.0 1 163
642.6039237621447 484.80764219816194 14 7 12.0 1 164
363.1276737063184 275.3387327447203 3 20 11.0 1 165
441.5979154829804 77.6731264268044 -2 -11 13.0 1 166
687.3738133480035 166.94144211845207 20 6 13.0 1 167
143.4733137535428 236.87410002267663 -12 15 13.0 1 168
238.77164779092502 500.52571036280455 21 1 12.0 1 169
154.24347176814152 255.67838404652008 -2 -10 13.0 1 170
160.86461421321104 244.95398339652962 -4 2 12.0 1 171
267.309717715095 515.6256415642838 -16 14 13.0 1 172
709.8909593226567 391.7784837114157 22 20 13.0 1 173
323.19846825448553 677.5707562434176 -9 19 10.0 1 174
578.6086053536061 275.00813589021175 1 -10 13.0 1 175
445.2806006977297 646.8818891706169 15 7 11.0 1 176
522.4341018298705 718.2622985983619 -8 22 10.0 1 177
666.7719433844945 559.85534155248 -1 9 12.0 1 178
315.24101027527655 131.03919679469237 -11 -5 12.0 1 179
484.770655451219 248.04627028476494 -14 9 10.0 1 180
525.9361497007056 500.3049659715881 9 3 10.0 1 181
539.9200741313564 361.95564621293033 14 -11 12.0 1 182
301.53800729436773 322.99197449332945 11 21 11.0 1 183
437.7916052224581 157.93225209724886 4 21 13.0 1 184
428.3938954766026 528.9099945685507 16 16 12.0 1 185
576.3080033703567 476.0229435602062 9 11 11.0 1 186
719.2450828737815 258.9908617822503 13 18 10.0 1 187
477.8597362491017 681.4282527949536 -10 22 13.0 1 188
645.367423791401 371.6481509955528 -4 21 10.0 1 189
140.21753893291265 480.6044224712717 21 -8 10.0 1 190
509.9205185496377 328.7365479240673 1 -10 13.0 1 191
321.12698652770536 520.478411949192 -4 16 13.0 1 192
270.5661972258308 54.4455315013023 -16 -14 11.0 1 193
224.99226030989038 492.6082666318663 -10 13 12.0 1 194
727.6388057694774 508.0639299394144 22 -12 11.0 1 195
157.36885525300647 573.0148190149141 12 -17 12.0 1 196
700.8113583922325 410.6548891228319 -1 3 12.0 1 197
374.29122990861833 651.6904033537801 -8 4 13.0 1 198
383.87657510694703 275.0358644661674 -6 7 10.0 1 199
528.6580173469243 178.6787073678664 -5 -9 13.0 1 200
296.0828312778167 178.1301686917185 13 0 10.0 1 201
397.82261345541826 563.9855450575918 19 -11 11.0 1 202
401.27460102055863 112.00282051339741 -3 15 10.0 1 203
487.0790442335632 291.656841215658 -2 3 13.0 1 204
598.253830046672 599.1391947152176 -9 -6 12.0 1 205
668.4783516988816 428.62472129212074 18 -11 13.0 1 206
356.7579238197112 596.2934610414165 6 -13 10.0 1 207
528.9797868155522 402.28354833859834 -13 -11 11.0 1 208
250.88356455338968 167.74951306897782 5 -7 13.0 1 209
306.1617161107221 494.25166564424893 14 20 10.0 1 210
677.5313369107803 497.0173027480919 0 22 11.0 1 211
609.6603341263062 296.0839555504271 11 7 11.0 1 212
290.9478827454514 212.392335651498 6 -12 11.0 1 213
353.76320481935255 526.835163781275 7 -13 10.0 1 214
312.25719920684514 528.9852740004561 9 16 12.0 1 215
524.2955331939268 413.2521857833892 5 -15 11.0 1 216
551.3089034867157 318.209928929926 7 13 10.0 1 217
351.69398877554033 728.4669378789628 -13 14 13.0 1 218
325.27033939700027 531.2115765706687 22 11 11.0 1 219
