400 400 -7.071067811865475 -7.071067811865477 5 2 -1 10 187
57.15728752538104 57.15728752538092
800.0 400.0 0 0 24.0 1 0
799.4518139018296 420.9343824971775 0 0 24.0 1 1
797.8087581473094 441.8113853070614 0 0 24.0 1 2
795.0753362380551 462.57378601609236 0 0 24.0 1 3
791.2590402935223 483.16467632710373 0 0 24.0 1 4
786.3703305156273 503.5276180410083 0 0 24.0 1 5
780.4226065180615 523.6067977499789 0 0 24.0 1 6
773.4321705988807 543.3471798181201 0 0 24.0 1 7
765.4181830570403 562.6946572303201 0 0 24.0 1 8
756.4026096753471 581.5961998958187 0 0 24.0 1 9
746.4101615137755 600.0 0 0 24.0 1 10
735.4682271781696 617.8556140060108 0 0 24.0 1 11
723.606797749979 635.1141009169893 0 0 24.0 1 12
710.8583845827884 651.728156419935 0 0 24.0 1 13
697.2579301909577 667.6522425435433 0 0 24.0 1 14
682.842712474619 682.842712474619 0 0 24.0 1 15
667.6522425435433 697.2579301909577 0 0 24.0 1 16
651.728156419935 710.8583845827884 0 0 24.0 1 17
635.1141009169893 723.606797749979 0 0 24.0 1 18
617.8556140060108 735.4682271781696 0 0 24.0 1 19
600.0 746.4101615137754 0 0 24.0 1 20
581.5961998958187 756.4026096753471 0 0 24.0 1 21
562.6946572303201 765.4181830570403 0 0 24.0 1 22
543.3471798181201 773.4321705988807 0 0 24.0 1 23
523.606797749979 780.4226065180615 0 0 24.0 1 24
503.5276180410083 786.3703305156273 0 0 24.0 1 25
483.1646763271038 791.2590402935223 0 0 24.0 1 26
462.57378601609236 795.0753362380551 0 0 24.0 1 27
441.8113853070614 797.8087581473094 0 0 24.0 1 28
420.9343824971776 799.4518139018296 0 0 24.0 1 29
400.0 800.0 0 0 24.0 1 30
379.0656175028225 799.4518139018296 0 0 24.0 1 31
358.1886146929386 797.8087581473094 0 0 24.0 1 32
337.4262139839077 795.0753362380551 0 0 24.0 1 33
316.83532367289627 791.2590402935223 0 0 24.0 1 34
296.47238195899166 786.3703305156273 0 0 24.0 1 35
276.3932022500211 780.4226065180615 0 0 24.0 1 36
256.65282018187986 773.4321705988807 0 0 24.0 1 37
237.3053427696799 765.4181830570403 0 0 24.0 1 38
218.4038001041813 756.4026096753471 0 0 24.0 1 39
200.00000000000009 746.4101615137755 0 0 24.0 1 40
182.14438599398918 735.4682271781696 0 0 24.0 1 41
164.8858990830108 723.606797749979 0 0 24.0 1 42
148.27184358006508 710.8583845827884 0 0 24.0 1 43
132.3477574564567 697.2579301909577 0 0 24.0 1 44
117.15728752538104 682.842712474619 0 0 24.0 1 45
102.74206980904233 667.6522425435434 0 0 24.0 1 46
89.14161541721165 651.728156419935 0 0 24.0 1 47
76.39320225002109 635.1141009169893 0 0 24.0 1 48
64.53177282183043 617.8556140060109 0 0 24.0 1 49
53.589838486224494 600.0 0 0 24.0 1 50
43.597390324652906 581.5961998958187 0 0 24.0 1 51
34.58181694295968 562.6946572303202 0 0 24.0 1 52
26.567829401119297 543.3471798181201 0 0 24.0 1 53
19.5773934819386 523.606797749979 0 0 24.0 1 54
13.629669484372698 503.5276180410084 0 0 24.0 1 55
8.740959706477724 483.16467632710373 0 0 24.0 1 56
4.924663761944942 462.5737860160924 0 0 24.0 1 57
2.1912418526906663 441.81138530706147 0 0 24.0 1 58
0.5481860981704472 420.9343824971775 0 0 24.0 1 59
0.0 400.00000000000006 0 0 24.0 1 60
0.5481860981704472 379.0656175028226 0 0 24.0 1 61
2.1912418526906663 358.1886146929386 0 0 24.0 1 62
4.924663761944885 337.4262139839077 0 0 24.0 1 63
8.740959706477781 316.8353236728962 0 0 24.0 1 64
13.629669484372698 296.47238195899166 0 0 24.0 1 65
19.577393481938543 276.3932022500211 0 0 24.0 1 66
26.567829401119297 256.65282018187986 0 0 24.0 1 67
34.58181694295968 237.30534276967992 0 0 24.0 1 68
43.59739032465285 218.40380010418136 0 0 24.0 1 69
218.40380010418124 43.597390324652906 0 0 24.0 1 70
237.30534276967995 34.58181694295962 0 0 24.0 1 71
256.65282018187975 26.567829401119354 0 0 24.0 1 72
276.393202250021 19.5773934819386 0 0 24.0 1 73
296.4723819589917 13.629669484372698 0 0 24.0 1 74
316.8353236728961 8.740959706477781 0 0 24.0 1 75
337.4262139839076 4.924663761944942 0 0 24.0 1 76
358.18861469293864 2.1912418526906663 0 0 24.0 1 77
379.0656175028223 0.5481860981704472 0 0 24.0 1 78
399.99999999999994 0.0 0 0 24.0 1 79
420.9343824971776 0.5481860981704472 0 0 24.0 1 80
441.8113853070612 2.1912418526906663 0 0 24.0 1 81
462.5737860160923 4.924663761944885 0 0 24.0 1 82
483.1646763271038 8.740959706477781 0 0 24.0 1 83
503.5276180410081 13.629669484372641 0 0 24.0 1 84
523.6067977499789 19.577393481938543 0 0 24.0 1 85
543.3471798181201 26.567829401119297 0 0 24.0 1 86
562.6946572303199 34.58181694295956 0 0 24.0 1 87
581.5961998958187 43.59739032465279 0 0 24.0 1 88
600.0 53.58983848622455 0 0 24.0 1 89
617.8556140060107 64.53177282183032 0 0 24.0 1 90
635.1141009169892 76.39320225002098 0 0 24.0 1 91
651.728156419935 89.14161541721171 0 0 24.0 1 92
667.6522425435431 102.74206980904216 0 0 24.0 1 93
682.842712474619 117.15728752538092 0 0 24.0 1 94
697.2579301909577 132.34775745645675 0 0 24.0 1 95
710.8583845827882 148.27184358006485 0 0 24.0 1 96
723.6067977499789 164.88589908301066 0 0 24.0 1 97
735.4682271781696 182.1443859939892 0 0 24.0 1 98
746.4101615137754 199.99999999999983 0 0 24.0 1 99
756.4026096753471 218.40380010418122 0 0 24.0 1 100
765.4181830570403 237.30534276967995 0 0 24.0 1 101
773.4321705988806 256.6528201818797 0 0 24.0 1 102
780.4226065180615 276.3932022500209 0 0 24.0 1 103
786.3703305156273 296.4723819589917 0 0 24.0 1 104
791.2590402935223 316.83532367289604 0 0 24.0 1 105
795.0753362380551 337.4262139839076 0 0 24.0 1 106
797.8087581473094 358.18861469293864 0 0 24.0 1 107
799.4518139018296 379.06561750282225 0 0 24.0 1 108
800.0 399.9999999999999 0 0 24.0 1 109
534.3666748897422 291.0293769905195 0 0 11.0 1 110
143.6998919461834 192.12923579396275 0 0 10.0 1 111
654.7629169941957 552.6592811610501 0 0 11.0 1 112
294.4656929794691 218.44419579177227 0 0 11.0 1 113
282.36689281905797 170.3775879950805 0 0 13.0 1 114
463.9720854595114 609.4482568128963 0 0 11.0 1 115
616.0806545279289 641.4231777166017 0 0 13.0 1 116
450.90618406656097 597.5463500644378 0 0 11.0 1 117
652.6862787611361 456.83875901046247 0 0 10.0 1 118
483.4423461133025 237.1308044008695 0 0 10.0 1 119
304.8034950327724 181.86787159607917 0 0 10.0 1 120
192.32130106163487 472.5917213411274 0 0 11.0 1 121
220.30425149066357 371.130674277543 0 0 12.0 1 122
38.00000016447143 399.98908774408386 0 0 10.0 1 123
97.37960421781042 309.0225519338394 0 0 12.0 1 124
502.22714076821626 181.75561475640367 0 0 13.0 1 125
759.7743821302449 412.74338898411787 0 0 12.0 1 126
656.9236891150838 354.05200797101384 0 0 13.0 1 127
323.2897974993324 540.4120537286831 0 0 10.0 1 128
344.25776168746273 135.81672485202944 0 0 12.0 1 129
551.305300379974 204.76755885118416 0 0 10.0 1 130
687.4478927431046 382.17560779300845 0 0 10.0 1 131
237.3244097133923 648.4867246452086 0 0 10.0 1 132
694.9202039713138 536.5542869686583 0 0 12.0 1 133
158.85963225128427 218.18877085830445 0 0 13.0 1 134
427.0601199388823 547.5389775920021 0 0 11.0 1 135
551.4942904246218 677.3183729375685 0 0 11.0 1 136
630.4914824883499 506.7224273539668 0 0 10.0 1 137
121.3702422595934 591.335982244643 0 0 12.0 1 138
450.28597266335237 77.90169054572704 0 0 13.0 1 139
202.8863917059881 302.2952128843482 0 0 11.0 1 140
578.8591614321216 561.5252313782532 0 0 13.0 1 141
654.8229425608157 148.54569412187982 0 0 11.0 1 142
620.5326642983443 374.5177713401324 0 0 11.0 1 143
659.5112605028305 204.3500430047785 0 0 12.0 1 144
156.81722327390546 566.994422373283 0 0 11.0 1 145
525.3442701223069 564.7355879811832 0 0 10.0 1 146
297.8706143270975 544.5634413746282 0 0 13.0 1 147
609.0100752955005 435.47940846419505 0 0 12.0 1 148
229.8500735194232 335.40121890736395 0 0 10.0 1 149
545.8363841878069 297.9424228828334 0 0 13.0 1 150
275.86471485520246 258.810655564877 0 0 12.0 1 151
587.5465585993118 221.3738866863108 0 0 12.0 1 152
416.5607273005478 112.47653606831165 0 0 12.0 1 153
512.0711679028514 663.1274469242821 0 0 10.0 1 154
667.3643309192687 509.71469615366857 0 0 10.0 1 155
53.14158794551764 484.4881174310501 0 0 12.0 1 156
131.27879930460807 373.75278497007946 0 0 13.0 1 157
203.5630916468978 517.7010664211456 0 0 13.0 1 158
339.7251860343066 574.9055367945825 0 0 12.0 1 159
516.4454780191553 537.2605210863285 0 0 11.0 1 160
457.8106111951216 236.9449993614226 0 0 10.0 1 161
492.05432344071346 124.99817903171532 0 0 12.0 1 162
302.42835295844344 209.53799934475668 0 0 10.0 1 163
316.90067190841773 109.65795745237386 0 0 12.0 1 164
240.21107726450398 113.5536696499156 0 0 12.0 1 165
42.117709775074104 460.73933110729763 0 0 13.0 1 166
585.9345755935941 395.0670902268494 0 0 11.0 1 167
231.62476557464637 132.5943522806461 0 0 12.0 1 168
575.9012048455656 570.5396321500617 0 0 13.0 1 169
511.5123879099173 466.820560777564 0 0 11.0 1 170
553.5682969736338 64.47387856588898 0 0 13.0 1 171
296.909071486112 682.7954392456577 0 0 11.0 1 172
411.6155101205231 198.33423710346858 0 0 11.0 1 173
393.21646805086357 618.8949147291802 0 0 11.0 1 174
699.8838590592516 329.7599040737348 0 0 12.0 1 175
359.99424642956853 250.25174564869909 0 0 12.0 1 176
185.88613540390332 586.5777397969125 0 0 10.0 1 177
267.2405150610474 116.54997061431794 0 0 13.0 1 178
288.2472368095523 724.2843195704962 0 0 10.0 1 179
369.9217551500041 694.4678236866359 0 0 13.0 1 180
538.7909851426049 514.6170251016192 0 0 10.0 1 181
410.313608021823 141.2054299457344 0 0 12.0 1 182
265.1668087416987 503.5374837201597 0 0 13.0 1 183
367.8444925282964 618.6481725037673 0 0 10.0 1 184
514.0188078072126 750.942604233544 0 0 12.0 1 185
128.317833095131 601.0790893799624 0 0 10.0 1 186
445.94969741043064 43.95277657607011 0 0 13.0 1 187
576.6772706042639 525.9926269740722 0 0 12.0 1 188
261.47685055607053 328.2550554524238 0 0 11.0 1 189
252.13570667737386 695.0188989881841 0 0 10.0 1 190
171.0501963321319 233.65401297162396 0 0 10.0 1 191
149.5318983600873 435.7033620391464 0 0 13.0 1 192
161.6285279779284 478.61323887253815 0 0 13.0 1 193
759.2764415352722 315.84871624418224 0 0 13.0 1 194
341.9037271047787 578.7982748118225 0 0 13.0 1 195
560.790718582219 586.1782608625766 0 0 11.0 1 196
631.7213582833406 476.4278229136728 0 0 13.0 1 197
326.7061172691959 601.0572225866138 0 0 13.0 1 198
730.3389191021179 480.4748316335261 0 0 12.0 1 199
511.7287728422255 588.3551998729272 0 0 13.0 1 200
633.705275884498 518.4307562407279 0 0 13.0 1 201
556.4385754319771 726.4520977368863 0 0 10.0 1 202
513.6106432068823 567.0228180522604 0 0 10.0 1 203
417.37239688814833 661.4234110143173 0 0 11.0 1 204
308.9291706149248 111.01020081131838 0 0 12.0 1 205
680.0 400.0 0 0 13.0 1 206
275.0134225808399 357.54584278254595 0 0 13.0 1 207
372.6239635279162 153.51561382700294 0 0 13.0 1 208
293.4333959333205 230.75591916496586 0 0 12.0 1 209
590.2036549082347 620.2352598008529 0 0 11.0 1 210
605.8334029691426 421.9456196572925 0 0 11.0 1 211
87.46918456941734 453.042335980753 0 0 13.0 1 212
517.756368499424 579.8845120565634 0 0 12.0 1 213
533.8689676347083 394.075516527373 0 0 13.0 1 214
556.8184489768153 197.65382617774554 0 0 10.0 1 215
80.57427476106005 547.889168148236 0 0 13.0 1 216
203.50325049207393 240.63241410870478 0 0 11.0 1 217
525.9347348209106 357.228016581097 0 0 12.0 1 218
217.22192685464353 309.4010155836683 0 0 12.0 1 219
420.21555503562763 597.9705314803228 0 0 10.0 1 220
337.031915980282 101.57074474025552 0 0 10.0 1 221
598.9337453710671 564.2844026456543 0 0 13.0 1 222
295.65737603409775 289.47119459656534 0 0 10.0 1 223
449.7480435148001 553.1212988661263 0 0 11.0 1 224
594.9799757458107 656.2553590818407 0 0 11.0 1 225
234.70290877193887 292.82784115479416 0 0 13.0 1 226
475.68508716175916 607.6361422809548 0 0 12.0 1 227
172.84348939213046 520.203659214089 0 0 11.0 1 228
742.77410873175 470.7524584954788 0 0 12.0 1 229
273.0204463430647 334.23380083138846 0 0 13.0 1 230
560.929241515008 381.4048601671237 0 0 11.0 1 231
288.82249938086693 551.6033091857914 0 0 10.0 1 232
491.3110896917156 542.2085964325345 0 0 11.0 1 233
351.69398877554033 728.4669378789628 0 0 12.0 1 234
587.765011793887 569.5679814883738 0 0 11.0 1 235
212.60655921164306 208.40746791823918 0 0 12.0 1 236
338.19545436678584 590.210930650875 0 0 13.0 1 237
542.0064164745821 429.3117328052698 0 0 10.0 1 238
465.2483844707483 90.80968914929207 0 0 10.0 1 239
212.91163351255736 461.700430509522 0 0 10.0 1 240
270.07316036398225 590.9974249622139 0 0 12.0 1 241
562.9887332823079 221.11827141088807 0 0 10.0 1 242
624.4423063511143 469.6466159967056 0 0 10.0 1 243
249.37809604919238 410.6790472530877 0 0 10.0 1 244
280.100730865699 557.5695568980901 0 0 11.0 1 245
164.0346528682361 126.7942991938379 0 0 10.0 1 246
130.6104143868015 536.503667215021 0 0 10.0 1 247
207.61208117089987 384.64133180879327 0 0 10.0 1 248
603.2638856076856 326.92611405114883 0 0 12.0 1 249
418.9917590741846 229.0517239418071 0 0 12.0 1 250
419.9583643638651 700.3375828828607 0 0 11.0 1 251
240.44862465643226 495.5999928136815 0 0 13.0 1 252
217.90446135350348 301.561111317517 0 0 10.0 1 253
681.5963595792176 624.2843959613151 0 0 11.0 1 254
89.2834857034494 315.50593072054426 0 0 10.0 1 255
630.7741158478926 389.7868978942027 0 0 11.0 1 256
214.3627483143808 532.3737541456389 0 0 10.0 1 257
549.5722845903717 550.2402465467121 0 0 10.0 1 258
64.36404586896282 488.0767068784266 0 0 13.0 1 259
331.56763001691877 124.36797947535433 0 0 10.0 1 260
466.01224740521764 112.48063857800406 0 0 11.0 1 261
553.2101339501116 292.7822083094935 0 0 12.0 1 262
471.8451597665552 726.181349893151 0 0 13.0 1 263
646.1850410011251 547.5192380243144 0 0 10.0 1 264
718.0529995217389 471.54222176606476 0 0 11.0 1 265
562.0220131347858 515.5416256582505 0 0 11.0 1 266
360.86049090548295 666.1373683416897 0 0 12.0 1 267
167.92840713931363 258.13113171980325 0 0 11.0 1 268
508.3894896226712 542.4525132784145 0 0 13.0 1 269
423.9284394714268 683.9937143397055 0 0 13.0 1 270
563.2262894386936 439.7640344542129 0 0 12.0 1 271
192.2636497556667 653.8298815883657 0 0 13.0 1 272
287.66561329289294 497.8876170061266 0 0 13.0 1 273
227.5826566700948 115.11184700121765 0 0 13.0 1 274
241.37271616670432 521.8088043766585 0 0 10.0 1 275
589.4749399281272 470.0231900104001 0 0 12.0 1 276
653.4176493612401 466.5093601850413 0 0 13.0 1 277
135.5716071628106 304.92831619487833 0 0 13.0 1 278
470.9713139779653 575.1686975239613 0 0 10.0 1 279
193.05170906535744 504.86374435061214 0 0 11.0 1 280
425.9826979786001 198.66967589120398 0 0 13.0 1 281
602.0612417535077 97.23399368319019 0 0 10.0 1 282
564.8080923338979 358.3071624704988 0 0 12.0 1 283
413.9125676938794 274.7704489341145 0 0 12.0 1 284
596.091938619815 88.59680218674265 0 0 12.0 1 285
583.2102717601888 540.694691874135 0 0 10.0 1 286
408.5535847273708 528.7161069497974 0 0 11.0 1 287
144.7581320819996 250.1080760623507 0 0 10.0 1 288
110.74092234318255 524.7164223072778 0 0 12.0 1 289
45.05543615869004 406.27348384091664 0 0 13.0 1 290
265.1527212410678 460.99353581578 0 0 12.0 1 291
497.9247226764082 224.46724325998707 0 0 10.0 1 292
462.39444617222534 625.5281203904765 0 0 10.0 1 293
343.7620020626975 635.3747811215211 0 0 13.0 1 294
334.5091536859265 215.2651926434371 0 0 11.0 1 295
636.0852110233424 556.0537507913984 0 0 12.0 1 296
651.2260567393384 345.8292660636508 0 0 13.0 1 297
296.5661622460326 597.5612340705685 0 0 11.0 1 298
238.10135525139768 405.7296447155005 0 0 13.0 1 299
78.37101755470906 545.4778252903401 0 0 12.0 1 300
719.057982746443 212.64471278938925 0 0 12.0 1 301
508.1483298471377 324.3168529243484 0 0 11.0 1 302
523.688376359343 626.4181652464958 0 0 11.0 1 303
524.7627818498024 638.3175366293857 0 0 10.0 1 304
275.2300342788465 638.313775627726 0 0 11.0 1 305
503.2651393859283 654.8750889898909 0 0 13.0 1 306
195.3738132667919 313.90630857591105 0 0 11.0 1 307
87.0122613384786 397.22954019210357 0 0 12.0 1 308
625.1279241703669 665.3703407669018 0 0 13.0 1 309
279.9959644676903 361.5938617411207 0 0 12.0 1 310
170.5840048047396 551.6354218135336 0 0 12.0 1 311
308.800030565626 156.51988669468454 0 0 13.0 1 312
291.7577955484518 237.80066222247012 0 0 10.0 1 313
190.29574884709314 411.1412319066864 0 0 11.0 1 314
454.2965103604296 52.21286831931263 0 0 11.0 1 315
565.3660642329326 591.4760162529751 0 0 12.0 1 316
157.05665288480986 489.7748856444175 0 0 10.0 1 317
288.98235440866847 233.6417048435591 0 0 11.0 1 318
410.82392560117984 256.4073726315305 0 0 10.0 1 319
180.40240812928312 531.578484732809 0 0 12.0 1 320
189.02571250171675 562.0057098209558 0 0 12.0 1 321
681.6944186136068 562.0902665860664 0 0 12.0 1 322
592.682215468453 501.96844532583907 0 0 13.0 1 323
685.2791256635088 333.18068796624766 0 0 11.0 1 324
377.6094449122907 102.84235994532423 0 0 13.0 1 325
270.1272942690957 394.24845184894076 0 0 10.0 1 326
357.0193775509381 263.6120749703582 0 0 11.0 1 327
308.2960716570117 179.2934311660297 0 0 13.0 1 328
675.2190965339272 360.77693404323344 0 0 10.0 1 329
516.2519425994757 472.4878323710139 0 0 10.0 1 330
485.53540961509543 306.1240515255487 0 0 10.0 1 331
280.2884602816792 155.76006211459006 0 0 10.0 1 332
631.6728968060779 412.3153922178855 0 0 11.0 1 333
474.7765623017492 630.1574802832456 0 0 13.0 1 334
356.47131749865844 542.500013332271 0 0 13.0 1 335
473.9523563564786 614.6160501670935 0 0 10.0 1 336
493.2620208422329 618.9661970908362 0 0 13.0 1 337
385.47637262512745 35.289067550922084 0 0 11.0 1 338
603.3771103117006 503.06187947666393 0 0 13.0 1 339
150.3710777770297 543.6293883221615 0 0 12.0 1 340
33.440226831086704 357.6333539874252 0 0 12.0 1 341
690.7540259238224 289.6229353122251 0 0 13.0 1 342
195.78029439490288 218.82794960985987 0 0 13.0 1 343
532.9724536515378 416.5628068240151 0 0 13.0 1 344
541.5616979062306 465.546057744956 0 0 12.0 1 345
300.0189634525881 101.28811150055463 0 0 10.0 1 346
118.55571861381651 632.4093726057853 0 0 12.0 1 347
551.305300379974 204.76755885118416 0 0 11.0 1 348
656.4670057158669 582.892523026879 0 0 11.0 1 349
466.97745602065703 199.91246819204113 0 0 13.0 1 350
518.9834081812814 324.34321856193867 0 0 10.0 1 351
461.45201784774093 152.51535501683964 0 0 13.0 1 352
576.2179071079087 425.1246734209317 0 0 10.0 1 353
621.0382514205178 563.6065139563823 0 0 12.0 1 354
741.8797035108021 390.9298110622715 0 0 12.0 1 355
541.7420020964767 381.07369973601845 0 0 10.0 1 356
191.00000009495727 399.9936998301479 0 0 11.0 1 357
624.8618197621386 592.4919790881156 0 0 10.0 1 358
644.260046336015 505.323453057369 0 0 13.0 1 359
533.2161324971378 575.0813012360402 0 0 10.0 1 360
567.2831470536188 496.25668138803326 0 0 12.0 1 361
672.9909182307272 296.3662286532789 0 0 12.0 1 362
256.6329651641861 641.6751814365441 0 0 11.0 1 363
673.8841918537566 193.5140453865816 0 0 13.0 1 364
315.2589086270899 620.2610892394026 0 0 12.0 1 365
110.0625544831941 573.7247181237869 0 0 12.0 1 366
471.7492291787188 509.6040515321386 0 0 11.0 1 367
723.537823708839 478.81799686460056 0 0 10.0 1 368
312.38632925851664 627.7275668407383 0 0 11.0 1 369
718.8877936255726 391.53979452884386 0 0 10.0 1 370
532.8396011156175 711.888826948712 0 0 11.0 1 371
136.907839989504 469.03995467127385 0 0 13.0 1 372
704.9903879481462 334.23630743914026 0 0 11.0 1 373
316.5237694858116 150.5992803957012 0 0 13.0 1 374
538.1398402061221 295.85402289177443 0 0 10.0 1 375
248.13652056858862 116.06077478624883 0 0 10.0 1 376
572.421773740676 306.79736087363653 0 0 10.0 1 377
524.6247356928985 465.9520678483638 0 0 13.0 1 378
712.810654305791 332.5500589119387 0 0 12.0 1 379
697.5847242289223 370.9426101379305 0 0 10.0 1 380
276.79904958311784 511.254329427564 0 0 11.0 1 381
295.6340229736702 148.81930241489573 0 0 10.0 1 382
175.50665663115848 224.42170184479113 0 0 11.0 1 383
732.0508591516325 560.9447946864474 0 0 11.0 1 384
672.0152387031549 271.1252161465801 0 0 12.0 1 385
205.72503093597948 374.05320067573143 0 0 10.0 1 386
504.8728940221835 195.30101099562833 0 0 12.0 1 387
576.6606840816996 389.0454256227864 0 0 13.0 1 388
304.14516496089396 113.61590372434125 0 0 13.0 1 389
595.1674948750322 521.6949010608263 0 0 12.0 1 390
400.72581447004035 236.00160612568462 0 0 12.0 1 391
459.4193080369655 278.77976310694567 0 0 11.0 1 392
395.2298451133927 553.9261044214327 0 0 10.0 1 393
628.4039449018128 308.6345910462298 0 0 10.0 1 394
295.6098436165124 285.42384519355255 0 0 12.0 1 395
250.7287151423287 433.57206453198773 0 0 13.0 1 396
265.97534236620413 714.6448651196199 0 0 11.0 1 397
264.92725102475913 449.91344993357575 0 0 12.0 1 398
368.8629927649567 611.7226647774037 0 0 10.0 1 399
170.18872570184718 484.9221891230976 0 0 13.0 1 400
648.7980030462708 232.37078512327327 0 0 13.0 1 401
273.82521040093457 173.81219646136626 0 0 12.0 1 402
379.17020199061415 713.3083457472657 0 0 12.0 1 403
464.8282608728494 513.8345140640649 0 0 12.0 1 404
641.1735779049637 356.8687431145532 0 0 11.0 1 405
265.0210813561216 402.38569103809505 0 0 12.0 1 406
456.7887669396184 187.45580236224347 0 0 11.0 1 407
418.9324686547589 196.88042528934693 0 0 10.0 1 408
540.0448027649193 605.8845628465983 0 0 13.0 1 409
285.48516227132353 234.8111627864192 0 0 12.0 1 410
653.4872895220748 504.02016175122907 0 0 10.0 1 411
216.15552508816523 557.3696573180223 0 0 10.0 1 412
224.33616038418828 553.0725822981711 0 0 10.0 1 413
364.1296607025387 751.1727762208868 0 0 12.0 1 414
619.5675057804833 506.4242002804693 0 0 12.0 1 415
715.8019576476594 411.18586366383676 0 0 11.0 1 416
603.4008693327164 106.61103232279635 0 0 11.0 1 417
445.10019989813713 645.8982959866702 0 0 10.0 1 418
297.030305296807 290.92552098345266 0 0 10.0 1 419
43.85869527827214 329.76915869003597 0 0 13.0 1 420
172.97662995247072 442.67773954021686 0 0 13.0 1 421
564.1626776077103 171.93944821458715 0 0 11.0 1 422
420.4271827251404 216.13121470485066 0 0 13.0 1 423
239.5083188849163 86.71670920259044 0 0 12.0 1 424
214.97715912763834 464.6726244675499 0 0 13.0 1 425
543.7931980770609 339.50606487612885 0 0 11.0 1 426
181.3022733449303 501.25366341967293 0 0 11.0 1 427
410.7516377061475 130.2141547696845 0 0 12.0 1 428
383.15041817075155 653.4405089802723 0 0 12.0 1 429
527.8177715551228 161.03636830119433 0 0 10.0 1 430
339.9222542631543 115.2691367849651 0 0 10.0 1 431
305.4068883655388 282.3006234880135 0 0 13.0 1 432
214.5872500130395 472.2711017092785 0 0 10.0 1 433
543.3574934196965 328.9462943934544 0 0 13.0 1 434
536.6195515168415 380.52955718692886 0 0 11.0 1 435
564.6066504529072 92.25716803364139 0 0 12.0 1 436
530.9179001640614 404.6371776581095 0 0 13.0 1 437
638.2108331647235 147.68155247194414 0 0 12.0 1 438
243.3726465052539 239.8629582600208 0 0 13.0 1 439
535.8789248588392 184.21789281961787 0 0 13.0 1 440
465.71417960922713 562.1932384481124 0 0 11.0 1 441
301.84136026543104 721.342311943913 0 0 10.0 1 442
751.3252022415722 378.2146317470103 0 0 10.0 1 443
267.2403380473893 80.48337733659531 0 0 10.0 1 444
229.83992612758297 623.6214418604209 0 0 11.0 1 445
410.5522115234479 740.8366923204783 0 0 10.0 1 446
463.99831443353304 121.25241570613275 0 0 11.0 1 447
608.6166744373872 431.62409123888295 0 0 11.0 1 448
605.4930168227532 250.70626256576048 0 0 10.0 1 449
565.4764264775849 668.0346102282473 0 0 12.0 1 450
256.1166628853713 482.7863835468014 0 0 10.0 1 451
513.3961533751582 308.03635283592973 0 0 10.0 1 452
302.88417709963016 490.8708806075082 0 0 10.0 1 453
495.79218390040046 241.73169141109815 0 0 11.0 1 454
467.3758318528013 661.45840449705 0 0 13.0 1 455
98.75619209838476 421.35809450617535 0 0 10.0 1 456
685.218640563215 595.8732423667705 0 0 13.0 1 457
491.40152006274946 582.378074697094 0 0 12.0 1 458
189.28340561334173 128.0909768873263 0 0 13.0 1 459
139.53059934088088 531.9836782343912 0 0 13.0 1 460
606.0769205220063 630.2461787482405 0 0 10.0 1 461
509.50969539191794 487.2217095405114 0 0 12.0 1 462
239.9071174041886 169.06436190539205 0 0 11.0 1 463
287.20414117328494 141.54092348779125 0 0 13.0 1 464
520.5385808832109 697.508740239109 0 0 11.0 1 465
313.27785032474213 75.38442927717995 0 0 11.0 1 466
269.2761579741659 565.6269215013211 0 0 13.0 1 467
671.1554540062839 326.272666109196 0 0 12.0 1 468
106.18401010661916 241.16623758478582 0 0 10.0 1 469
344.4549796958823 234.04895083364147 0 0 12.0 1 470
400.6904088861359 244.00152777809026 0 0 10.0 1 471
626.9633552300735 277.31489339488894 0 0 11.0 1 472
139.10839467981128 507.0493824057611 0 0 11.0 1 473
591.3167140951157 362.27845565399343 0 0 12.0 1 474
526.2933185709817 293.8162079960951 0 0 11.0 1 475
675.8084296617064 317.092158829556 0 0 13.0 1 476
117.87811495942714 367.39260848896686 0 0 13.0 1 477
260.4110579793372 419.89792113644125 0 0 13.0 1 478
252.597161489152 323.65602054552784 0 0 12.0 1 479
602.6365945054278 165.39733469706098 0 0 13.0 1 480
666.6335563912744 364.39737922369903 0 0 13.0 1 481
150.44865215707816 515.5384126158094 0 0 13.0 1 482
703.4975099006797 235.94433419083987 0 0 13.0 1 483
349.09478246045455 222.141464002282 0 0 12.0 1 484
353.90936427206975 199.2223784925341 0 0 13.0 1 485
275.11354107515183 453.8458204247294 0 0 12.0 1 486
758.8997764017608 454.4054271076517 0 0 11.0 1 487
384.97953182277445 525.1015009331901 0 0 12.0 1 488
649.3734800817881 417.6880590200863 0 0 11.0 1 489
629.9854996053386 312.6920967421459 0 0 13.0 1 490
502.1386105926273 652.0946334736375 0 0 10.0 1 491
510.9850375320748 306.68697066323506 0 0 10.0 1 492
130.9612743567023 242.00580990355883 0 0 10.0 1 493
602.2681601304539 491.49640100813286 0 0 10.0 1 494
332.49438483852924 575.4622236313885 0 0 13.0 1 495
495.22130699438065 623.5663272818201 0 0 11.0 1 496
709.7540951459684 315.7776719610389 0 0 13.0 1 497
237.1784216000866 685.8848257731789 0 0 13.0 1 498
326.0613068358795 165.3746184804763 0 0 10.0 1 499
248.73415993723904 139.7700139682069 0 0 11.0 1 500
316.12129243410016 261.4057634059978 0 0 10.0 1 501
621.3667615001882 481.80927149729916 0 0 13.0 1 502
428.677121638826 92.33358536474611 0 0 12.0 1 503
136.03876520585294 432.8704506502296 0 0 10.0 1 504
127.01220586632735 296.35799956566086 0 0 13.0 1 505
245.66560323227938 502.00928376546807 0 0 12.0 1 506
527.5569244510103 331.0490679932515 0 0 13.0 1 507
441.1741194656008 559.7801360815306 0 0 12.0 1 508
91.34116875855557 549.5952067970948 0 0 12.0 1 509
486.85594020388544 262.0686922729322 0 0 10.0 1 510
202.98465080122406 191.30416348167273 0 0 12.0 1 511
283.98007472010187 183.07748632738267 0 0 12.0 1 512
322.1056305324653 265.9945254653557 0 0 10.0 1 513
673.6342441789509 563.9673760618687 0 0 13.0 1 514
94.62262842089171 322.736419139188 0 0 10.0 1 515
678.106309059997 605.8467411960302 0 0 10.0 1 516
417.6376243215552 665.4146081290396 0 0 10.0 1 517
310.5679570335694 284.59675181845824 0 0 13.0 1 518
271.26773545224904 56.31845544980473 0 0 13.0 1 519
48.55961022680731 287.52488081328204 0 0 13.0 1 520
409.59291956677083 709.8515384731621 0 0 11.0 1 521
743.0556716152378 436.5760327621542 0 0 11.0 1 522
498.89895743230534 236.59866518659322 0 0 10.0 1 523
705.4133860395486 381.06158328007143 0 0 11.0 1 524
534.4351745208508 238.6705735101361 0 0 10.0 1 525
376.4348440321941 147.09550533014843 0 0 13.0 1 526
199.25164344266918 624.279061304284 0 0 10.0 1 527
374.7213211608581 172.39949825154707 0 0 11.0 1 528
286.71365108319134 457.40386005399887 0 0 13.0 1 529
240.23879216816545 288.19053496186757 0 0 10.0 1 530
369.52072399120306 584.4993597115707 0 0 12.0 1 531
240.77251209027517 292.71250262048966 0 0 12.0 1 532
117.5628282240263 474.1164219265146 0 0 10.0 1 533
153.35109999015998 464.72495750431926 0 0 10.0 1 534
451.8270395637906 154.4089619508617 0 0 11.0 1 535
213.82904820686642 548.2712942832791 0 0 10.0 1 536
282.94535780185674 292.3932588549181 0 0 11.0 1 537
671.0 400.0 0 0 11.0 1 538
503.11482268131283 737.6038112098283 0 0 10.0 1 539
439.7545890699682 597.0293700134017 0 0 10.0 1 540
326.98940808143095 105.92780908814211 0 0 12.0 1 541
550.9016357594726 446.82623543608287 0 0 12.0 1 542
348.6579040493528 710.7876914927529 0 0 12.0 1 543
409.24036510240416 589.7751713285336 0 0 12.0 1 544
536.5051528654523 101.75455872523463 0 0 12.0 1 545
246.21993516771005 275.2775414763777 0 0 11.0 1 546
99.45925330770137 230.58849042159025 0 0 13.0 1 547
568.5194443612884 227.71478045937133 0 0 11.0 1 548
373.5799200641928 658.6541694544775 0 0 12.0 1 549
366.43898565111914 552.3471637933382 0 0 10.0 1 550
629.8797814773386 570.1507745146376 0 0 10.0 1 551
576.6693826840246 710.2207749684821 0 0 12.0 1 552
276.28536410000174 324.3713753653363 0 0 10.0 1 553
519.3603104642352 210.45022741801725 0 0 11.0 1 554
54.86636578159312 424.46986986469096 0 0 10.0 1 555
63.396795280688934 488.3305302411886 0 0 10.0 1 556
206.47471372337927 548.6067413395233 0 0 12.0 1 557
596.1212121694776 545.1635978376629 0 0 12.0 1 558
449.81923645157434 213.54077207233178 0 0 12.0 1 559
572.3358540697648 359.63475006834756 0 0 11.0 1 560
524.8885850282834 83.76774147846135 0 0 11.0 1 561
718.3303405159769 259.39489942757336 0 0 11.0 1 562
563.8611058289964 285.32856503689146 0 0 11.0 1 563
246.68274558212528 522.1057717627003 0 0 10.0 1 564
557.8957399723341 473.1090644078355 0 0 13.0 1 565
207.34819824356165 295.8545090750542 0 0 10.0 1 566
594.5073711795824 139.63125656713675 0 0 12.0 1 567
274.98940562269394 742.9247020752991 0 0 12.0 1 568
278.99076630544863 218.66945827947941 0 0 12.0 1 569
443.34569817188327 714.0225317552739 0 0 13.0 1 570
209.41960746113872 478.19919423966945 0 0 10.0 1 571
355.37244244935226 168.25794273144197 0 0 10.0 1 572
313.49184984943923 107.52548836261298 0 0 13.0 1 573
314.6378310323694 647.7040575144898 0 0 12.0 1 574
517.8508973815256 598.6760327426766 0 0 13.0 1 575
163.08488391473784 295.3471081608026 0 0 11.0 1 576
31.44750099776155 432.6964138584805 0 0 12.0 1 577
600.5722674126231 291.5806034652507 0 0 10.0 1 578
480.2377742008023 553.267412033025 0 0 11.0 1 579
712.0553431613689 309.18996308534906 0 0 13.0 1 580
556.0064246711153 725.5502963619226 0 0 11.0 1 581
131.73051245195222 499.13365750696295 0 0 12.0 1 582
712.7419169706113 223.7232477904495 0 0 13.0 1 583
368.42033003831284 236.01303574640175 0 0 12.0 1 584
232.88614321184602 440.7057596586572 0 0 13.0 1 585
705.269829524284 432.54736828400394 0 0 13.0 1 586
537.7771908490229 381.60310673640953 0 0 12.0 1 587
162.50044887980062 328.5999774670638 0 0 12.0 1 588
691.7163679091464 507.8079806595764 0 0 12.0 1 589
558.5818391245145 248.9609312135215 0 0 12.0 1 590
463.6987611406661 574.7525903360072 0 0 13.0 1 591
59.213346547695096 412.060548444356 0 0 13.0 1 592
251.3395873269821 163.9045072351274 0 0 12.0 1 593
262.6291517071769 469.60783030169944 0 0 10.0 1 594
83.79375130856943 422.41892701476024 0 0 13.0 1 595
415.9857020470565 122.45998967705083 0 0 11.0 1 596
638.8973197156305 146.9544099718633 0 0 11.0 1 597
181.04492027322783 627.8479165185472 0 0 11.0 1 598
414.3567346515649 209.54033453209954 0 0 11.0 1 599
324.05603429400594 294.4892703425533 0 0 11.0 1 600
168.76105863034508 456.3254116207001 0 0 10.0 1 601
172.84348939213046 520.203659214089 0 0 12.0 1 602
243.0103930648298 304.02988322221984 0 0 13.0 1 603
507.60125320710495 96.51034563224323 0 0 11.0 1 604
565.5247008981813 298.8191055951391 0 0 13.0 1 605
620.0672762340872 344.3277992988425 0 0 10.0 1 606
477.22233235620627 525.0828181065154 0 0 10.0 1 607
454.12851526906724 595.6504634156698 0 0 13.0 1 608
208.4824190869617 178.25686887477704 0 0 12.0 1 609
208.44143260360025 453.91025187326596 0 0 12.0 1 610
238.59643433312604 84.9366905048779 0 0 12.0 1 611
264.44862185160054 599.2657117571149 0 0 13.0 1 612
685.9304518697232 251.91969511925006 0 0 11.0 1 613
286.2116897575477 343.59769107414644 0 0 13.0 1 614
238.3896589820823 316.2975646944944 0 0 10.0 1 615
154.90595955302192 510.85987253003253 0 0 10.0 1 616
575.65922526199 553.0778775014778 0 0 13.0 1 617
433.0153978240804 267.0376613227727 0 0 12.0 1 618
134.00608822468234 469.80142475955995 0 0 13.0 1 619
291.0984623877343 292.53160880666223 0 0 11.0 1 620
573.5539879259168 246.0421704653812 0 0 12.0 1 621
517.9354286216992 615.8870877931705 0 0 10.0 1 622
517.5579433201659 510.0051360725155 0 0 13.0 1 623
553.5119729777045 387.7495243972928 0 0 13.0 1 624
332.06460089162647 267.3886070204147 0 0 13.0 1 625
97.37754691084234 462.45519102765246 0 0 10.0 1 626
293.59092922933337 487.86984498520104 0 0 13.0 1 627
605.8217852357322 233.07968151726973 0 0 13.0 1 628
155.5249885986711 131.67003745328753 0 0 13.0 1 629
72.63618477528433 520.9707918529023 0 0 11.0 1 630
288.6506634237678 172.82094012864445 0 0 13.0 1 631
608.5551000033367 617.0386377182601 0 0 11.0 1 632
308.7811344498789 507.5179918327576 0 0 13.0 1 633
379.1934951653683 541.4782292671437 0 0 13.0 1 634
606.978238717599 188.39657682976727 0 0 10.0 1 635
292.81884042431614 535.7983763968177 0 0 13.0 1 636
347.38158931486464 660.7437494111228 0 0 10.0 1 637
222.20893512509755 194.14972127624353 0 0 11.0 1 638
301.42589123832147 243.44922522759344 0 0 11.0 1 639
510.39982174350155 672.4846405928288 0 0 12.0 1 640
411.9605252726178 192.34416493822508 0 0 11.0 1 641
36.06150930027826 438.7914293009234 0 0 10.0 1 642
289.5710922659026 298.48420646690386 0 0 10.0 1 643
626.3511054031826 176.6411472926195 0 0 13.0 1 644
748.1253781941762 424.69253039204045 0 0 13.0 1 645
194.18324656284426 233.07347722848525 0 0 11.0 1 646
546.8893063146425 552.864422578974 0 0 11.0 1 647
133.55643380788797 298.84256806922383 0 0 12.0 1 648
96.08631480570813 512.3052623505454 0 0 10.0 1 649
238.81203141837102 462.8286462095738 0 0 11.0 1 650
683.7201429604286 550.1461970164878 0 0 10.0 1 651
118.92696352800579 548.7344888329974 0 0 13.0 1 652
626.5640049201461 541.2719068836548 0 0 10.0 1 653
231.6301206067706 721.5907083749612 0 0 11.0 1 654
596.9691318035951 403.4872792457665 0 0 12.0 1 655
116.27808901863995 387.43507942383985 0 0 10.0 1 656
377.7343180048316 227.43047950089786 0 0 11.0 1 657
491.56808550915724 277.4264069377598 0 0 11.0 1 658
273.9290997762664 439.1168520816466 0 0 12.0 1 659
151.16686123916722 171.25107857209002 0 0 12.0 1 660
176.93360637712328 194.9380970631458 0 0 13.0 1 661
391.0917732186119 245.25620046150038 0 0 10.0 1 662
123.38088655767223 513.502713969229 0 0 11.0 1 663
634.0594315660034 496.0478135878137 0 0 12.0 1 664
650.3235260353673 556.0869383171467 0 0 13.0 1 665
299.39176709821794 324.1449838680343 0 0 10.0 1 666
678.6066302107575 414.81032081375025 0 0 12.0 1 667
535.6382439970857 578.26459762215 0 0 13.0 1 668
150.44934822533833 465.48642759260537 0 0 13.0 1 669
292.18914564351473 493.9458337709806 0 0 12.0 1 670
421.6478512023597 112.81474526306107 0 0 13.0 1 671
341.5260300767201 235.05820771735455 0 0 12.0 1 672
496.1753464771132 541.3906034006759 0 0 13.0 1 673
529.9506894455147 436.57619871768236 0 0 12.0 1 674
621.7573662481548 431.6175665521837 0 0 12.0 1 675
375.5106182133479 639.7525186097272 0 0 12.0 1 676
223.38669219793354 292.0336186249973 0 0 11.0 1 677
510.5037389811331 659.447342771495 0 0 11.0 1 678
286.62632139299336 295.7771186393546 0 0 12.0 1 679
316.46575725245725 164.36886816764937 0 0 11.0 1 680
351.9311953995609 518.6313197443441 0 0 10.0 1 681
177.91779106912207 320.15331893947075 0 0 13.0 1 682
463.6985627843031 246.70781787966422 0 0 10.0 1 683
646.379860318754 486.1276055008571 0 0 13.0 1 684
470.87018433813967 287.45482252944777 0 0 13.0 1 685
191.01371776548535 554.676222599971 0 0 11.0 1 686
588.2206513788692 503.913360038612 0 0 11.0 1 687
277.5940002258716 598.2568314568152 0 0 13.0 1 688
299.0332907666783 318.111517130955 0 0 11.0 1 689
591.7406474488441 304.9656687512453 0 0 10.0 1 690
187.88345214438576 371.6703313500333 0 0 13.0 1 691
594.1489168859694 443.6714789308187 0 0 12.0 1 692
91.0121046440571 397.2649454292652 0 0 11.0 1 693
414.7325654016059 204.5544794151388 0 0 10.0 1 694
410.2737074069933 731.8410024938381 0 0 10.0 1 695
258.63446615897675 600.1019386258977 0 0 10.0 1 696
491.183810541843 590.2800901173564 0 0 10.0 1 697
456.61174967289776 518.1359801202544 0 0 10.0 1 698
228.768756734085 280.1631887540016 0 0 11.0 1 699
648.3502064958726 469.9011797715707 0 0 13.0 1 700
753.9368727881354 460.0806964087077 0 0 10.0 1 701
104.83936837552835 543.053142359904 0 0 10.0 1 702
566.7117329362563 420.765310048019 0 0 13.0 1 703
391.6415460217114 525.7224572106862 0 0 11.0 1 704
484.9184765387334 259.6972831968654 0 0 10.0 1 705
378.2461727633412 231.39759491467032 0 0 10.0 1 706
235.13032086366474 513.2165575412089 0 0 12.0 1 707
290.75752625368546 248.22687349274977 0 0 13.0 1 708
248.99974481470366 449.7988246244365 0 0 10.0 1 709
568.2835663115143 121.96107950598326 0 0 10.0 1 710
717.6983207793189 331.4961535824377 0 0 10.0 1 711
48.22022869439496 412.44959839417396 0 0 12.0 1 712
358.9698761908364 697.1809700169322 0 0 13.0 1 713
644.2235933736208 380.5106069956931 0 0 10.0 1 714
104.44595455315891 610.7529506792409 0 0 12.0 1 715
299.76029102167394 311.0730595154623 0 0 10.0 1 716
646.5260371702606 614.834617781044 0 0 13.0 1 717
168.90789345161892 122.6600672621563 0 0 11.0 1 718
273.3180013128969 408.9817152393519 0 0 10.0 1 719
163.19895688686262 466.6428239237358 0 0 13.0 1 720
353.35400103225356 281.87654432628125 0 0 13.0 1 721
394.5793694470371 574.916027751628 0 0 10.0 1 722
363.3339914802294 649.3182781490922 0 0 11.0 1 723
372.67789216469316 524.0262166779099 0 0 10.0 1 724
149.08848855244617 393.3356603399843 0 0 12.0 1 725
107.5965406794025 561.4193822852377 0 0 11.0 1 726
604.572798040328 344.3765310147671 0 0 10.0 1 727
202.6652548015104 679.3259714696204 0 0 11.0 1 728
648.6263487981341 537.2622988417014 0 0 13.0 1 729
459.24230733703416 553.9978864185622 0 0 12.0 1 730
162.9123019132746 277.2057679858791 0 0 13.0 1 731
608.9244742825491 454.83214427469056 0 0 10.0 1 732
197.27968424564264 533.990572729777 0 0 13.0 1 733
392.5285839898035 270.2148778064197 0 0 10.0 1 734
240.848908144485 517.7918925953626 0 0 10.0 1 735
462.7257939969218 593.0659855268548 0 0 11.0 1 736
144.89188873034843 244.04856023610725 0 0 10.0 1 737
170.89212643456656 270.8544144373282 0 0 11.0 1 738
106.65680203213185 306.1183287005173 0 0 11.0 1 739
440.4097791087309 620.3248732040565 0 0 11.0 1 740
633.782309515988 257.09502542818615 0 0 11.0 1 741
407.1977580797674 547.8248702980156 0 0 10.0 1 742
599.0076535057892 232.68008532718014 0 0 10.0 1 743
282.8474766110273 589.7479545702568 0 0 11.0 1 744
578.1330247700026 230.33967615765428 0 0 11.0 1 745
581.8132166877101 570.1321669692941 0 0 10.0 1 746
250.2417928946752 142.3636683140387 0 0 11.0 1 747
576.686229370261 187.9670394704646 0 0 10.0 1 748
594.8315306232961 157.59192530985348 0 0 10.0 1 749
716.8013309313545 411.2212619665704 0 0 13.0 1 750
588.8478330310028 289.10592459696284 0 0 11.0 1 751
311.694745355607 529.8121026799463 0 0 12.0 1 752
154.47205067464893 384.7675970350099 0 0 10.0 1 753
643.1739219851269 257.20488920704804 0 0 13.0 1 754
479.1024791291231 643.4723758368218 0 0 13.0 1 755
436.8802370031469 208.5193270364037 0 0 10.0 1 756
489.921785803681 505.99562461666477 0 0 13.0 1 757
103.40868891024786 466.7052785472174 0 0 12.0 1 758
136.25511783600422 374.23884450767054 0 0 10.0 1 759
440.85436545028085 32.262429409701326 0 0 13.0 1 760
622.1381217082629 133.42232860960587 0 0 13.0 1 761
446.75173122534017 211.71756420888977 0 0 12.0 1 762
50.32780445675479 359.58520488773354 0 0 12.0 1 763
236.5910180737861 334.6279522591016 0 0 10.0 1 764
386.6663960433416 168.38347423914894 0 0 11.0 1 765
545.6047111631925 66.39054556700097 0 0 11.0 1 766
418.83966243586303 197.87610947910505 0 0 10.0 1 767
462.53345419938125 213.18841816982038 0 0 11.0 1 768
632.8909560383105 674.521042172657 0 0 13.0 1 769
570.6171967807236 225.57015117048383 0 0 10.0 1 770
580.3053787306125 228.2706478181135 0 0 10.0 1 771
450.45897277724487 257.6803173617041 0 0 13.0 1 772
517.6087516775556 502.48990940013107 0 0 12.0 1 773
668.5402445675866 332.0652000254597 0 0 13.0 1 774
489.921785803681 505.99562461666477 0 0 13.0 1 775
605.9959077136307 457.9800483376594 0 0 13.0 1 776
530.3018304251532 721.6060213799714 0 0 13.0 1 777
130.05745236567594 260.18933883036425 0 0 10.0 1 778
158.0853156561433 393.5746207262 0 0 12.0 1 779
428.98829026006075 610.0087594073125 0 0 11.0 1 780
327.12530762436575 533.3914510422488 0 0 13.0 1 781
524.4806176754826 366.1536438721932 0 0 13.0 1 782
532.2349723828883 65.16584391837085 0 0 11.0 1 783
161.27374515423548 467.18463550035153 0 0 11.0 1 784
206.12137604179722 406.86142638769815 0 0 12.0 1 785
284.5640421300588 340.21254621035314 0 0 11.0 1 786
541.8407599063416 210.13110094280435 0 0 13.0 1 787
333.0653317079023 641.9106243649229 0 0 12.0 1 788
612.5556399642016 563.2302052912041 0 0 11.0 1 789
248.67542222531512 159.67340521425155 0 0 11.0 1 790
676.3995261170696 519.181802143865 0 0 12.0 1 791
660.3920664655107 259.24499397243073 0 0 13.0 1 792
672.9126160722763 637.8291487362017 0 0 11.0 1 793
176.55909750623132 279.21025253453774 0 0 11.0 1 794
335.70606115584644 66.13432427411135 0 0 12.0 1 795
88.22450760080909 427.65939875055244 0 0 10.0 1 796
195.03255794862952 289.1968064588476 0 0 10.0 1 797
182.62791867389944 217.22861750274163 0 0 13.0 1 798
533.8007304682241 467.80386807675256 0 0 12.0 1 799
604.3503536391521 383.692548710682 0 0 11.0 1 800
166.83346073738096 481.50070532390214 0 0 12.0 1 801
271.96927367866726 58.19137939830716 0 0 10.0 1 802
173.87644429955725 241.74660333064327 0 0 10.0 1 803
520.0641249978742 245.07871066733642 0 0 10.0 1 804
615.5376067646939 432.6732317065236 0 0 11.0 1 805
275.8077120359137 256.2075258914937 0 0 10.0 1 806
625.924811903418 184.82105268775666 0 0 12.0 1 807
97.49828522285895 574.0508907098415 0 0 10.0 1 808
252.78786684452382 457.3810757289749 0 0 12.0 1 809
50.46443618763766 288.13450205548645 0 0 12.0 1 810
546.7939498861201 615.8067104536633 0 0 10.0 1 811
290.3886962942482 203.50480387570428 0 0 10.0 1 812
181.21346844918645 356.85543357542156 0 0 11.0 1 813
517.0624112550431 350.7517323030023 0 0 11.0 1 814
448.03887281435544 150.58414906280277 0 0 10.0 1 815
548.7150499866608 263.29654756567055 0 0 10.0 1 816
247.33408319733581 500.9064806977333 0 0 13.0 1 817
446.9042078940626 655.734227826137 0 0 12.0 1 818
404.4641060604381 736.970431576839 0 0 11.0 1 819
703.9476516436878 531.0603870751472 0 0 11.0 1 820
110.92219099266993 441.20704235348126 0 0 12.0 1 821
301.2796290183509 686.4669062095054 0 0 12.0 1 822
248.82672417810193 630.9169562359515 0 0 12.0 1 823
187.69959809290978 507.57573773899003 0 0 11.0 1 824
604.8715231575005 407.2566520604004 0 0 11.0 1 825
513.0876014665994 560.0849599260705 0 0 10.0 1 826
275.22467411266916 432.74321379630265 0 0 10.0 1 827
639.8710804709606 367.97087647633896 0 0 13.0 1 828
594.7045144255652 377.5021764984953 0 0 11.0 1 829
273.79923679267114 489.9909293533949 0 0 12.0 1 830
634.6699666701336 425.0201267590389 0 0 10.0 1 831
389.29628557851856 131.21303882520016 0 0 12.0 1 832
243.30497534580385 644.0218622349663 0 0 13.0 1 833
110.94526377242147 272.31539065179004 0 0 11.0 1 834
519.6395981057752 335.32878101436006 0 0 12.0 1 835
261.33824531698144 242.2884982373626 0 0 11.0 1 836
453.4330670750046 200.01523222265635 0 0 10.0 1 837
521.6238561355441 363.43994503942224 0 0 12.0 1 838
738.5350277726491 488.8483819265819 0 0 13.0 1 839
419.55085861870225 60.56257730286791 0 0 13.0 1 840
61.05293762759419 405.9907352734387 0 0 11.0 1 841
741.9130307230691 372.7148497939703 0 0 13.0 1 842
206.20174875734781 475.5396439976379 0 0 10.0 1 843
688.0890542855137 358.94276189417604 0 0 11.0 1 844
330.82876156854434 141.08043763775072 0 0 10.0 1 845
329.65095069176897 719.3430933360357 0 0 11.0 1 846
573.8752714143347 198.6957775142523 0 0 12.0 1 847
326.26013622617904 529.4736748942361 0 0 10.0 1 848
359.5877879993693 736.5826096535827 0 0 11.0 1 849
462.8485471100646 39.436468668621444 0 0 10.0 1 850
93.14563757966795 555.4876209336663 0 0 13.0 1 851
355.69929187315444 207.01956767729004 0 0 10.0 1 852
423.24532709533173 568.4032504681279 0 0 12.0 1 853
425.10549410273654 66.9448781870222 0 0 12.0 1 854
166.67755863736332 539.8021400286095 0 0 10.0 1 855
362.5787243385629 63.07174631997577 0 0 13.0 1 856
607.7879681289294 292.3888467636786 0 0 10.0 1 857
210.1860454702169 391.59389116383653 0 0 10.0 1 858
631.6753908452265 350.04488738165463 0 0 12.0 1 859
525.1658943596292 272.0371190963795 0 0 10.0 1 860
644.0671683558136 480.4997970853029 0 0 13.0 1 861
177.1395198830968 407.8871035281273 0 0 13.0 1 862
262.3054326796725 131.21717664540432 0 0 12.0 1 863
569.8965610504754 319.50677952012313 0 0 11.0 1 864
147.90461249480686 176.35538102022994 0 0 10.0 1 865
697.6995231004577 437.08091080003385 0 0 13.0 1 866
187.10010158508277 358.0162739276523 0 0 11.0 1 867
274.47527698070246 294.4559622198931 0 0 11.0 1 868
172.03560406811644 404.02916708656056 0 0 12.0 1 869
714.2847155582048 573.5111453667986 0 0 12.0 1 870
265.3494141020959 244.0986859665668 0 0 10.0 1 871
480.6313493592619 118.31296533119479 0 0 10.0 1 872
557.134529842034 664.9013769902356 0 0 12.0 1 873
633.8089837077783 230.13429087206606 0 0 10.0 1 874
430.4327649054563 267.44870117494423 0 0 11.0 1 875
256.5475767700733 308.7782796179442 0 0 12.0 1 876
628.4059361031432 581.9195656130667 0 0 11.0 1 877
209.0814475017853 420.3496022562221 0 0 10.0 1 878
194.1215804654493 570.0090479061498 0 0 13.0 1 879
388.10256278058387 101.23679780198825 0 0 10.0 1 880
274.0738883579221 63.81015124381446 0 0 13.0 1 881
197.35299831497304 618.490715381841 0 0 10.0 1 882
560.6141538057343 433.1525805521672 0 0 11.0 1 883
411.20205446184207 761.8266352493054 0 0 12.0 1 884
147.00000011494828 399.99237347860003 0 0 13.0 1 885
471.5500028443962 150.0388088263162 0 0 13.0 1 886
570.6365855392644 517.1842808379233 0 0 13.0 1 887
722.2986535163659 312.3667988628878 0 0 13.0 1 888
637.5017033198027 328.6071367698954 0 0 12.0 1 889
486.927770191383 518.5435058092771 0 0 10.0 1 890
298.01912460978565 252.8915330287017 0 0 11.0 1 891
681.9370114738522 171.35065807837324 0 0 10.0 1 892
86.94128645417726 522.025578765415 0 0 10.0 1 893
611.1737864121193 698.9341598619479 0 0 10.0 1 894
585.398557541852 291.13138716140185 0 0 10.0 1 895
686.3957793513962 191.92920058377643 0 0 13.0 1 896
209.32094472569207 309.65345673631214 0 0 13.0 1 897
577.6565381154086 494.0167775710718 0 0 12.0 1 898
158.00000010995052 399.992705066487 0 0 12.0 1 899
633.4054273083746 152.77154997251012 0 0 12.0 1 900
478.2942807311822 253.62375327674633 0 0 13.0 1 901
418.6412052020319 152.70158619874704 0 0 11.0 1 902
694.1306849630487 194.16477424122021 0 0 11.0 1 903
265.9534569018091 656.0322719569251 0 0 11.0 1 904
612.12720969004 512.2588388908321 0 0 11.0 1 905
235.82662511627393 105.69386180494377 0 0 13.0 1 906
596.0036850220188 333.43007091945174 0 0 10.0 1 907
488.3372017625617 742.8010192294656 0 0 12.0 1 908
328.57527715494587 724.2260152524889 0 0 10.0 1 909
591.2483528073706 416.97255279760606 0 0 12.0 1 910
424.1935674961103 601.553147561161 0 0 11.0 1 911
279.0769134270205 698.4319137318657 0 0 11.0 1 912
295.1741777404218 501.6245392983571 0 0 11.0 1 913
528.9370013168962 646.2909858102946 0 0 12.0 1 914
703.1592955592555 229.12448532333266 0 0 13.0 1 915
114.6899259753489 588.5793245826491 0 0 10.0 1 916
489.9600980667947 245.24800241737532 0 0 12.0 1 917
626.1017894315409 363.68222451945684 0 0 12.0 1 918
143.52748122381558 582.884791911738 0 0 12.0 1 919
385.34135967356957 242.68145607150964 0 0 13.0 1 920
745.7121725208792 471.3589081397257 0 0 11.0 1 921
620.5457805535227 149.17025957826016 0 0 11.0 1 922
141.04425428818246 511.6508923512772 0 0 10.0 1 923
334.7411303223985 536.1700404949702 0 0 12.0 1 924
630.5571639710317 385.7033520839755 0 0 13.0 1 925
466.90173941939815 263.51499253522775 0 0 12.0 1 926
262.67154393944304 700.0681508524749 0 0 10.0 1 927
356.9730585270758 595.3168766581259 0 0 13.0 1 928
527.0543245411645 216.73462243132659 0 0 11.0 1 929
268.1600482219867 605.3149461563164 0 0 12.0 1 930
614.6583712889253 692.7298816922964 0 0 12.0 1 931
539.0021983446983 96.2988494336231 0 0 12.0 1 932
594.3740429980169 528.4824167293139 0 0 11.0 1 933
597.1165534520828 302.3011547909998 0 0 12.0 1 934
550.970617478042 490.4647592065482 0 0 11.0 1 935
300.9711638006587 104.13298662912081 0 0 10.0 1 936
366.6005663448421 41.55268471989541 0 0 13.0 1 937
590.5780351881292 478.20493912683645 0 0 10.0 1 938
709.8909593226567 391.7784837114157 0 0 12.0 1 939
271.01731823273997 480.42056829024364 0 0 11.0 1 940
518.3866050267025 187.7887567769993 0 0 10.0 1 941
635.262880389969 612.4626487423498 0 0 11.0 1 942
602.258076395565 589.2634949819055 0 0 13.0 1 943
658.712764316668 204.9520428724561 0 0 10.0 1 944
287.95288954523147 199.13824396183105 0 0 10.0 1 945
361.7402975268152 233.3350811758414 0 0 10.0 1 946
144.99272989680023 603.0942938502058 0 0 10.0 1 947
523.5429560049221 256.9680524443372 0 0 10.0 1 948
66.32704835290758 385.2229455195863 0 0 13.0 1 949
167.57648738846413 135.64548275976966 0 0 10.0 1 950
696.0942301923476 556.6946292851196 0 0 10.0 1 951
482.9592341118778 671.6132645427514 0 0 10.0 1 952
78.97380480104437 531.72388544255 0 0 13.0 1 953
618.0712556208418 676.3130968158213 0 0 12.0 1 954
565.5530066662618 499.2028325389989 0 0 13.0 1 955
652.1456180638193 350.28493899013495 0 0 10.0 1 956
508.1883071143989 270.16822344387145 0 0 13.0 1 957
267.7863069027952 427.2862485072268 0 0 10.0 1 958
521.3568211985114 224.9528007976348 0 0 12.0 1 959
567.90106062938 462.05025253396843 0 0 13.0 1 960
496.93465206917733 585.1612087566602 0 0 10.0 1 961
227.91142191400152 634.6625690056665 0 0 13.0 1 962
526.564850228165 631.6837039731586 0 0 10.0 1 963
699.5681553500347 209.5166141098456 0 0 12.0 1 964
549.270272781675 433.5765642030917 0 0 10.0 1 965
659.5290733089189 427.6705639157167 0 0 11.0 1 966
513.3220464425335 61.46327556662885 0 0 11.0 1 967
64.80069423306327 481.6481807106787 0 0 12.0 1 968
196.91115681157666 359.951007848037 0 0 11.0 1 969
422.1114719470441 550.3831200911029 0 0 10.0 1 970
479.10975173921435 617.0314428366542 0 0 12.0 1 971
283.3600897312528 738.4658495808678 0 0 13.0 1 972
551.2736844586883 139.77457389737418 0 0 12.0 1 973
185.82303501735856 173.12508364558153 0 0 13.0 1 974
382.87040956154584 751.5829591027 0 0 11.0 1 975
714.3061934859583 287.0061208013134 0 0 10.0 1 976
248.31989519457153 504.1592329379121 0 0 10.0 1 977
552.7619737533568 332.52571323104814 0 0 10.0 1 978
340.0701542963534 509.6969169755336 0 0 11.0 1 979
580.9929577890729 398.4033689333867 0 0 11.0 1 980
764.56717253905 432.35392877043654 0 0 13.0 1 981
37.51122300711813 419.2584151529865 0 0 12.0 1 982
528.8350631382896 272.86807440240295 0 0 12.0 1 983
485.03301900321236 599.6456502887036 0 0 10.0 1 984
628.5397966854463 125.73997496723138 0 0 12.0 1 985
85.51362814748074 326.3296401594305 0 0 10.0 1 986
495.1357162421335 159.10542659682793 0 0 10.0 1 987
560.8019427365653 213.8314333402484 0 0 13.0 1 988
546.7501660131949 547.4055249137554 0 0 13.0 1 989
266.3477609174992 343.76763397976174 0 0 13.0 1 990
667.243523324104 650.0737875934203 0 0 12.0 1 991
192.85621775948022 693.2105957824378 0 0 11.0 1 992
380.6097732390889 191.9014197401615 0 0 10.0 1 993
573.4853918816693 191.80821629165183 0 0 10.0 1 994
390.5216402902478 705.8531685257037 0 0 11.0 1 995
530.7606090159429 297.737283774683 0 0 13.0 1 996
385.63189228808363 150.41322655080705 0 0 12.0 1 997
276.87780386128395 241.12292544869936 0 0 10.0 1 998
454.1928229112999 668.587300416279 0 0 11.0 1 999
308.5887665852234 126.89198765764996 0 0 11.0 1 1000
159.5853272943949 527.2194369892304 0 0 11.0 1 1001
647.6136638080967 180.3446483794878 0 0 11.0 1 1002
283.80938792045333 162.94358969945506 0 0 12.0 1 1003
194.58307701110334 629.4948534276394 0 0 10.0 1 1004
714.0539450276599 230.23805016269517 0 0 10.0 1 1005
607.6960611205375 672.9676651089171 0 0 12.0 1 1006
535.5847402078003 468.7079196511093 0 0 12.0 1 1007
472.0555032802923 109.8121221570002 0 0 11.0 1 1008
671.1136256558102 291.5500023800777 0 0 12.0 1 1009
356.9319899926504 692.8500410005211 0 0 11.0 1 1010
285.9296031195428 317.1209039893957 0 0 13.0 1 1011
215.28909568294478 560.9561487684632 0 0 11.0 1 1012
632.850518557299 161.94614893348816 0 0 11.0 1 1013
171.90718291492644 654.8287008839372 0 0 12.0 1 1014
337.2383687147729 102.54920131487762 0 0 10.0 1 1015
573.5639421369244 412.31088907798005 0 0 10.0 1 1016
715.3967732015475 447.8108298824818 0 0 12.0 1 1017
214.61127909675355 547.6483056518366 0 0 12.0 1 1018
323.4805950536304 66.67016235168279 0 0 10.0 1 1019
374.29122990861833 651.6904033537801 0 0 11.0 1 1020
326.6731590078071 640.0503580295302 0 0 11.0 1 1021
265.01880421369384 530.8589958088434 0 0 11.0 1 1022
542.9944362642951 398.7385732457143 0 0 11.0 1 1023
545.9513439935023 491.0066216628788 0 0 11.0 1 1024
552.4182391537876 624.075166792884 0 0 13.0 1 1025
265.30000973649624 246.7945411448665 0 0 10.0 1 1026
166.9598511015834 472.30690839334665 0 0 12.0 1 1027
536.7701419620779 322.9096097579403 0 0 12.0 1 1028
373.664493880641 579.073842638832 0 0 12.0 1 1029
480.334797131409 284.123685035054 0 0 10.0 1 1030
684.5495534624231 544.1962261098938 0 0 10.0 1 1031
694.4109702714204 201.63876239587336 0 0 12.0 1 1032
96.96668055000077 530.6552995600052 0 0 10.0 1 1033
510.7023495799094 158.13022140522077 0 0 10.0 1 1034
275.4600383960561 338.26833904965633 0 0 11.0 1 1035
204.50991257726704 424.34390518080914 0 0 11.0 1 1036
246.86879278861878 243.4374457988596 0 0 13.0 1 1037
572.487185404404 302.77772440810304 0 0 11.0 1 1038
580.0416138069472 345.8796036804046 0 0 13.0 1 1039
424.1803177816524 686.9831218590708 0 0 13.0 1 1040
644.6136093256478 426.08030162170996 0 0 13.0 1 1041
501.27077325668387 46.20877556955526 0 0 13.0 1 1042
173.12856479071544 502.6175028251974 0 0 12.0 1 1043
626.7445441966709 687.3028222573596 0 0 10.0 1 1044
740.0746660202949 532.5677997523717 0 0 10.0 1 1045
620.4905168989633 499.73932001787455 0 0 10.0 1 1046
275.0850038779131 503.1515571565403 0 0 11.0 1 1047
178.63077251279972 481.8025985022491 0 0 13.0 1 1048
385.4235983657195 206.5483819778285 0 0 13.0 1 1049
462.7257939969218 593.0659855268548 0 0 10.0 1 1050
135.93322200515865 185.83012172711312 0 0 12.0 1 1051
82.01553860224777 543.829351349373 0 0 13.0 1 1052
598.2909462536073 708.819851424498 0 0 13.0 1 1053
575.5825735259098 520.5809266593124 0 0 10.0 1 1054
547.8554001015066 695.023356127652 0 0 11.0 1 1055
368.0538069640417 593.3790080399351 0 0 12.0 1 1056
240.6073113587236 554.5249844125703 0 0 10.0 1 1057
550.2803080143938 562.0395909125266 0 0 12.0 1 1058
68.73705367610165 456.221529619978 0 0 13.0 1 1059
176.12971640745423 339.122285488094 0 0 12.0 1 1060
706.1599733058893 602.3735920157004 0 0 11.0 1 1061
521.2088111251401 513.421444646196 0 0 10.0 1 1062
549.1494939860656 452.13855045645755 0 0 10.0 1 1063
201.83350261947325 103.05044314575298 0 0 10.0 1 1064
269.6712153668549 379.06180771777844 0 0 10.0 1 1065
650.4553116802541 515.9661021641529 0 0 13.0 1 1066
628.7672825356775 664.8877695199261 0 0 12.0 1 1067
92.05005506134654 364.40742475908354 0 0 11.0 1 1068
603.8980672010256 604.8086379811313 0 0 11.0 1 1069
468.50390343930593 206.78453681555857 0 0 12.0 1 1070
63.11880733934004 391.05226109392316 0 0 11.0 1 1071
406.7044071473726 97.07418247233818 0 0 10.0 1 1072
398.6813338216307 100.00289814814874 0 0 12.0 1 1073
644.4274446284076 561.5680176038154 0 0 12.0 1 1074
520.5663189566461 489.2399167034813 0 0 10.0 1 1075
503.9329629882678 279.6715361833313 0 0 13.0 1 1076
430.07157786410437 243.8696051219907 0 0 11.0 1 1077
702.9390055373444 356.8264094144944 0 0 11.0 1 1078
203.37802432075546 387.8016935605567 0 0 12.0 1 1079
317.91853590752265 294.0819502991329 0 0 12.0 1 1080
442.2180173021203 273.878475211097 0 0 12.0 1 1081
139.65167853275534 661.495222727277 0 0 11.0 1 1082
185.60811617636514 123.34837764698892 0 0 11.0 1 1083
478.8580875587769 133.4190516436475 0 0 12.0 1 1084
257.4904480157853 322.96086972675243 0 0 11.0 1 1085
533.2161324971378 575.0813012360402 0 0 11.0 1 1086
531.7368046739932 314.5926566723554 0 0 13.0 1 1087
527.797610051064 523.902263358004 0 0 11.0 1 1088
554.3932014851168 413.7018004355674 0 0 12.0 1 1089
271.83278862468217 421.7523775315391 0 0 11.0 1 1090
323.6159813921241 92.34031511861735 0 0 11.0 1 1091
536.6648183566385 265.1418247804495 0 0 11.0 1 1092
284.9768553529036 575.6976840925718 0 0 13.0 1 1093
294.3558403955399 202.47706072086876 0 0 12.0 1 1094
674.3817524101643 222.11336771885493 0 0 13.0 1 1095
612.7278043256897 470.1632472650111 0 0 11.0 1 1096
538.7956604243855 506.58688778343554 0 0 11.0 1 1097
45.49995638437173 418.83398727082704 0 0 11.0 1 1098
591.4318692807958 642.558940102525 0 0 12.0 1 1099
400.69926028211205 242.00154736498885 0 0 12.0 1 1100
373.3196517399447 229.06972469242857 0 0 12.0 1 1101
621.1329432344254 614.3926804172204 0 0 13.0 1 1102
542.825345036694 268.7105456818816 0 0 12.0 1 1103
279.80893672282957 343.0517049570119 0 0 12.0 1 1104
523.2584817767724 179.05578380485935 0 0 10.0 1 1105
179.76064461255 545.5700049409922 0 0 11.0 1 1106
571.6159628881733 236.5467611762767 0 0 11.0 1 1107
80.52035028436734 368.79497768665 0 0 12.0 1 1108
445.7693197680079 162.3675750913318 0 0 12.0 1 1109
590.575299419648 578.3313075461276 15 10 11.0 1 1110
226.65315793922036 435.7753035983641 -9 -17 12.0 1 1111
139.73664493364606 276.6833911851085 7 1 10.0 1 1112
566.130997177389 102.20562165002781 9 16 13.0 1 1113
335.7260366281741 567.0624363298859 -8 21 13.0 1 1114
110.09398899241882 546.8996418704696 -10 0 11.0 1 1115
548.6047683877855 359.59427252959495 9 17 11.0 1 1116
567.1256934964092 619.6474506415776 -2 -4 11.0 1 1117
250.2237834895955 735.0463922620693 21 7 10.0 1 1118
473.46387354604906 213.98102439909493 9 -6 13.0 1 1119
644.6081429332646 628.8926744366005 3 -14 13.0 1 1120
425.2424492491243 255.18349971116763 -4 1 13.0 1 1121
721.7321999769684 518.9007632354813 9 21 13.0 1 1122
730.1704876282874 423.4189901425942 -4 -1 11.0 1 1123
180.88341059894046 312.3420268928862 -8 16 11.0 1 1124
238.74437113724366 301.42199961412797 -10 -3 11.0 1 1125
147.48548301091944 384.3341546742175 14 3 12.0 1 1126
424.0758117760993 635.7739495519423 -10 -15 13.0 1 1127
479.9927363006298 129.58335454499496 14 15 10.0 1 1128
124.93663163577685 200.1496975630818 -6 2 10.0 1 1129
528.9191535966711 404.5663810526422 -14 18 10.0 1 1130
124.83182339352578 368.1963118008585 -15 19 10.0 1 1131
669.0 400.0 -14 4 12.0 1 1132
54.21647479619503 412.2373893306369 16 11 13.0 1 1133
210.06698336639352 394.9552807354463 13 0 13.0 1 1134
258.4341501400021 620.4611307088317 12 -10 12.0 1 1135
711.7746584828488 427.6687970085974 -16 22 13.0 1 1136
189.00409426880336 379.39107560613644 6 -10 10.0 1 1137
721.4711234981335 368.6102443964935 -6 -16 13.0 1 1138
212.91812808155544 594.6801818354675 12 -4 10.0 1 1139
328.0841851556241 531.6363003706404 9 21 11.0 1 1140
507.9874043750901 474.1601004336616 -16 -3 12.0 1 1141
314.05215523255697 78.28278258720513 -4 5 10.0 1 1142
692.2657186558556 420.7304051715411 20 8 12.0 1 1143
270.9852205806616 351.0185066440452 17 -5 11.0 1 1144
652.1196776376007 438.21868846405283 4 20 12.0 1 1145
508.4252557378761 260.09659075570687 -16 -5 12.0 1 1146
494.4715539648099 193.59233180069592 -8 -1 12.0 1 1147
538.7424754386587 247.7287764902601 -13 6 11.0 1 1148
462.8841097292812 644.0278441972467 -8 -2 10.0 1 1149
552.1170678233589 717.4340839872486 -9 -7 13.0 1 1150
489.36669045290887 499.8478574506933 -11 20 13.0 1 1151
685.9628077081993 578.3094854673845 3 -15 10.0 1 1152
298.78081475128243 202.4179245539065 16 -2 10.0 1 1153
298.2170500243973 277.847508849537 14 10 13.0 1 1154
330.5114895212274 715.4367558028732 21 6 12.0 1 1155
431.570139928696 572.1288071906691 15 -10 13.0 1 1156
344.1052737344605 285.96149959026815 8 -10 11.0 1 1157
362.6872496867333 710.7680142229245 15 17 12.0 1 1158
278.8008946238448 358.83233239519603 -16 12 10.0 1 1159
265.3030240213064 252.15980024974522 0 -13 12.0 1 1160
499.365280972192 251.1123210694809 16 14 13.0 1 1161
563.9846760098633 180.48912092121682 14 -13 12.0 1 1162
271.92954522161835 228.55333595296028 -11 -17 11.0 1 1163
276.4868962961717 348.03353760888325 4 -17 13.0 1 1164
552.6561579181721 171.26194577713548 -12 5 13.0 1 1165
540.6437914683135 211.73337013316043 6 19 11.0 1 1166
75.5063015876463 440.40841113768823 -5 15 12.0 1 1167
176.56511410873316 458.6331967980304 22 7 10.0 1 1168
339.65870870066436 531.8481268897239 -1 2 11.0 1 1169
655.562178859251 523.8707904903823 16 -4 11.0 1 1170
170.05377217672716 600.3739811199237 3 -2 11.0 1 1171
570.0942300627372 262.0545292538946 -2 -9 13.0 1 1172
403.4043776187911 656.977450787085 9 8 13.0 1 1173
156.43844741439358 540.1383962448867 7 1 11.0 1 1174
