400 400 -7.071067811865475 -7.071067811865477 5 2 -1 10 187
57.15728752538104 57.15728752538092
800.0 400.0 0 0 24.0 1 0
799.4518139018296 420.9343824971775 0 0 24.0 1 1
797.8087581473094 441.8113853070614 0 0 24.0 1 2
795.0753362380551 462.57378601609236 0 0 24.0 1 3
791.2590402935223 483.16467632710373 0 0 24.0 1 4
786.3703305156273 503.5276180410083 0 0 24.0 1 5
780.4226065180615 523.6067977499789 0 0 24.0 1 6
773.4321705988807 543.3471798181201 0 0 24.0 1 7
765.4181830570403 562.6946572303201 0 0 24.0 1 8
756.4026096753471 581.5961998958187 0 0 24.0 1 9
746.4101615137755 600.0 0 0 24.0 1 10
735.4682271781696 617.8556140060108 0 0 24.0 1 11
723.606797749979 635.1141009169893 0 0 24.0 1 12
710.8583845827884 651.728156419935 0 0 24.0 1 13
697.2579301909577 667.6522425435433 0 0 24.0 1 14
682.842712474619 682.842712474619 0 0 24.0 1 15
667.6522425435433 697.2579301909577 0 0 24.0 1 16
651.728156419935 710.8583845827884 0 0 24.0 1 17
635.1141009169893 723.606797749979 0 0 24.0 1 18
617.8556140060108 735.4682271781696 0 0 24.0 1 19
600.0 746.4101615137754 0 0 24.0 1 20
581.5961998958187 756.4026096753471 0 0 24.0 1 21
562.6946572303201 765.4181830570403 0 0 24.0 1 22
543.3471798181201 773.4321705988807 0 0 24.0 1 23
523.606797749979 780.4226065180615 0 0 24.0 1 24
503.5276180410083 786.3703305156273 0 0 24.0 1 25
483.1646763271038 791.2590402935223 0 0 24.0 1 26
462.57378601609236 795.0753362380551 0 0 24.0 1 27
441.8113853070614 797.8087581473094 0 0 24.0 1 28
420.9343824971776 799.4518139018296 0 0 24.0 1 29
400.0 800.0 0 0 24.0 1 30
379.0656175028225 799.4518139018296 0 0 24.0 1 31
358.1886146929386 797.8087581473094 0 0 24.0 1 32
337.4262139839077 795.0753362380551 0 0 24.0 1 33
316.83532367289627 791.2590402935223 0 0 24.0 1 34
296.47238195899166 786.3703305156273 0 0 24.0 1 35
276.3932022500211 780.4226065180615 0 0 24.0 1 36
256.65282018187986 773.4321705988807 0 0 24.0 1 37
237.3053427696799 765.4181830570403 0 0 24.0 1 38
218.4038001041813 756.4026096753471 0 0 24.0 1 39
200.00000000000009 746.4101615137755 0 0 24.0 1 40
182.14438599398918 735.4682271781696 0 0 24.0 1 41
164.8858990830108 723.606797749979 0 0 24.0 1 42
148.27184358006508 710.8583845827884 0 0 24.0 1 43
132.3477574564567 697.2579301909577 0 0 24.0 1 44
117.15728752538104 682.842712474619 0 0 24.0 1 45
102.74206980904233 667.6522425435434 0 0 24.0 1 46
89.14161541721165 651.728156419935 0 0 24.0 1 47
76.39320225002109 635.1141009169893 0 0 24.0 1 48
64.53177282183043 617.8556140060109 0 0 24.0 1 49
53.589838486224494 600.0 0 0 24.0 1 50
43.597390324652906 581.5961998958187 0 0 24.0 1 51
34.58181694295968 562.6946572303202 0 0 24.0 1 52
26.567829401119297 543.3471798181201 0 0 24.0 1 53
19.5773934819386 523.606797749979 0 0 24.0 1 54
13.629669484372698 503.5276180410084 0 0 24.0 1 55
8.740959706477724 483.16467632710373 0 0 24.0 1 56
4.924663761944942 462.5737860160924 0 0 24.0 1 57
2.1912418526906663 441.81138530706147 0 0 24.0 1 58
0.5481860981704472 420.9343824971775 0 0 24.0 1 59
0.0 400.00000000000006 0 0 24.0 1 60
0.5481860981704472 379.0656175028226 0 0 24.0 1 61
2.1912418526906663 358.1886146929386 0 0 24.0 1 62
4.924663761944885 337.4262139839077 0 0 24.0 1 63
8.740959706477781 316.8353236728962 0 0 24.0 1 64
13.629669484372698 296.47238195899166 0 0 24.0 1 65
19.577393481938543 276.3932022500211 0 0 24.0 1 66
26.567829401119297 256.65282018187986 0 0 24.0 1 67
34.58181694295968 237.30534276967992 0 0 24.0 1 68
43.59739032465285 218.40380010418136 0 0 24.0 1 69
218.40380010418124 43.597390324652906 0 0 24.0 1 70
237.30534276967995 34.58181694295962 0 0 24.0 1 71
256.65282018187975 26.567829401119354 0 0 24.0 1 72
276.393202250021 19.5773934819386 0 0 24.0 1 73
296.4723819589917 13.629669484372698 0 0 24.0 1 74
316.8353236728961 8.740959706477781 0 0 24.0 1 75
337.4262139839076 4.924663761944942 0 0 24.0 1 76
358.18861469293864 2.1912418526906663 0 0 24.0 1 77
379.0656175028223 0.5481860981704472 0 0 24.0 1 78
399.99999999999994 0.0 0 0 24.0 1 79
420.9343824971776 0.5481860981704472 0 0 24.0 1 80
441.8113853070612 2.1912418526906663 0 0 24.0 1 81
462.5737860160923 4.924663761944885 0 0 24.0 1 82
483.1646763271038 8.740959706477781 0 0 24.0 1 83
503.5276180410081 13.629669484372641 0 0 24.0 1 84
523.6067977499789 19.577393481938543 0 0 24.0 1 85
543.3471798181201 26.567829401119297 0 0 24.0 1 86
562.6946572303199 34.58181694295956 0 0 24.0 1 87
581.5961998958187 43.59739032465279 0 0 24.0 1 88
600.0 53.58983848622455 0 0 24.0 1 89
617.8556140060107 64.53177282183032 0 0 24.0 1 90
635.1141009169892 76.39320225002098 0 0 24.0 1 91
651.728156419935 89.14161541721171 0 0 24.0 1 92
667.6522425435431 102.74206980904216 0 0 24.0 1 93
682.842712474619 117.15728752538092 0 0 24.0 1 94
697.2579301909577 132.34775745645675 0 0 24.0 1 95
710.8583845827882 148.27184358006485 0 0 24.0 1 96
723.6067977499789 164.88589908301066 0 0 24.0 1 97
735.4682271781696 182.1443859939892 0 0 24.0 1 98
746.4101615137754 199.99999999999983 0 0 24.0 1 99
756.4026096753471 218.40380010418122 0 0 24.0 1 100
765.4181830570403 237.30534276967995 0 0 24.0 1 101
773.4321705988806 256.6528201818797 0 0 24.0 1 102
780.4226065180615 276.3932022500209 0 0 24.0 1 103
786.3703305156273 296.4723819589917 0 0 24.0 1 104
791.2590402935223 316.83532367289604 0 0 24.0 1 105
795.0753362380551 337.4262139839076 0 0 24.0 1 106
797.8087581473094 358.18861469293864 0 0 24.0 1 107
799.4518139018296 379.06561750282225 0 0 24.0 1 108
800.0 399.9999999999999 0 0 24.0 1 109
600.9676131623902 428.6534196879164 0 0 13.0 1 110
461.55469424552007 191.91343239809896 0 0 13.0 1 111
567.8963830097713 720.7098448321102 0 0 13.0 1 112
404.10644771138226 709.972800560297 0 0 12.0 1 113
591.696415076596 585.853395037006 0 0 13.0 1 114
551.6888735232543 552.3662877714298 0 0 13.0 1 115
601.7814782681429 602.6825967564137 0 0 13.0 1 116
121.93708789036054 534.7665274061291 0 0 13.0 1 117
265.7590816992383 583.0529318360354 0 0 12.0 1 118
541.4596597181775 670.211333353021 0 0 11.0 1 119
342.55127323721433 287.85882204410905 0 0 11.0 1 120
398.9099026258814 152.0023958024696 0 0 11.0 1 121
220.77699380156682 436.98802575424077 0 0 11.0 1 122
301.19856512769513 520.7239680725154 0 0 11.0 1 123
511.23913452511124 334.6788322968411 0 0 13.0 1 124
376.4251594418951 630.7991050516875 0 0 11.0 1 125
575.2230502169923 529.6953456090595 0 0 12.0 1 126
197.22351556483764 192.67972274734836 0 0 10.0 1 127
473.35008365495923 534.2712375298987 0 0 13.0 1 128
361.0454370532481 197.71667882490274 0 0 10.0 1 129
588.1152391091912 138.66370934198244 0 0 12.0 1 130
639.041559804489 648.765215989368 0 0 13.0 1 131
150.37515536774842 144.78158972690815 0 0 12.0 1 132
385.7600455447629 271.7883636438846 0 0 11.0 1 133
380.85260888905697 538.6844526745683 0 0 13.0 1 134
653.9106569934027 393.263660847418 0 0 12.0 1 135
500.4719324638718 474.3665972529011 0 0 11.0 1 136
681.3543325727144 568.5934148849308 0 0 10.0 1 137
307.1992554499873 602.773326182127 0 0 13.0 1 138
393.8129466019685 120.06836482767812 0 0 11.0 1 139
387.49345243556047 656.69551275396 0 0 13.0 1 140
250.38849406219992 267.2732231574065 0 0 13.0 1 141
82.68713656670843 465.48699641734436 0 0 12.0 1 142
280.3321518362171 628.5686026466667 0 0 10.0 1 143
610.8728713663795 550.3782967109894 0 0 10.0 1 144
477.8964352121297 212.5402833106737 0 0 12.0 1 145
161.72109829894404 436.1132247817682 0 0 11.0 1 146
296.67172190484655 313.11923719320464 0 0 12.0 1 147
71.41752175677107 294.84033571973526 0 0 10.0 1 148
317.8861904718921 571.3397860532738 0 0 12.0 1 149
177.2701561060026 212.7236890609078 0 0 10.0 1 150
226.730265558042 269.3608055505035 0 0 10.0 1 151
292.15106787004135 731.9180739857768 0 0 11.0 1 152
462.2581027500967 283.6044303164489 0 0 13.0 1 153
277.83286004783605 307.89033755404165 0 0 11.0 1 154
505.4707085234708 593.0697533109654 1 -13 13.0 1 155
563.4522114579348 470.4796039256078 -8 3 12.0 1 156
762.8099420223782 461.5868977114329 -11 2 11.0 1 157
405.91047624920395 590.9085285431418 -3 17 13.0 1 158
46.567947422710574 317.2063757828894 -4 -11 13.0 1 159
495.20019512224036 502.6495146052205 -2 -8 10.0 1 160
728.175499787633 423.2774856704336 -10 21 10.0 1 161
385.28705770299763 144.42314398802642 -16 17 10.0 1 162
614.7173991996333 273.91495536367006 7 -3 12.0 1 163
356.50806876228654 715.011828217948 20 -14 10.0 1 164
278.41527701439327 366.93710332543037 4 -7 10.0 1 165
165.90474036005608 661.5347193282514 -16 -12 12.0 1 166
454.0910142712821 119.16167965339213 18 17 11.0 1 167
437.42896002838484 259.9140515569332 2 1 12.0 1 168
678.106309059997 605.8467411960302 -11 -10 12.0 1 169
204.1158321224249 164.91407363495796 1 2 10.0 1 170
348.6579040493528 710.7876914927529 11 -4 13.0 1 171
294.94056159621164 86.11544414820185 13 -5 10.0 1 172
611.8735370288429 526.9590654773716 9 -6 11.0 1 173
693.1051493895623 609.0200263164331 -5 -17 13.0 1 174
527.0523236933736 665.1296042393496 -12 -2 13.0 1 175
344.4361261118122 281.3675595861842 -2 0 11.0 1 176
166.30074667696658 143.49725343330795 16 4 10.0 1 177
356.7864899588418 693.8393992471445 -17 -16 12.0 1 178
533.9922654851825 555.1485507188138 3 1 12.0 1 179
410.2118176033367 729.8419603101404 -6 4 12.0 1 180
308.41366623697184 235.81734723836624 -14 3 12.0 1 181
628.4911163250458 526.1459859073383 -10 20 10.0 1 182
404.01372147273815 702.9734147411936 17 10 10.0 1 183
565.7214572844621 346.9679474702873 11 1 10.0 1 184
555.3409680553734 257.2057996849331 -3 -10 12.0 1 185
400.9338222754787 189.00206641780156 19 11 10.0 1 186
171.65990373387248 214.80604643462135 -1 -15 11.0 1 187
639.266517601174 436.2702847384345 20 10 10.0 1 188
675.3266645899243 589.0799507239922 15 -14 12.0 1 189
30.057778531592476 406.5385606229272 -17 -11 12.0 1 190
548.1337884382613 731.3991260141288 -7 9 12.0 1 191
570.8327870562322 392.4396516879163 14 12 13.0 1 192
343.5548701550275 38.37872391577372 -13 -5 13.0 1 193
474.0214159039351 515.2815249186818 -12 1 13.0 1 194
230.58959543248284 545.014188355037 0 18 10.0 1 195
704.373980868166 311.4252870709405 17 -11 11.0 1 196
616.3484871980264 650.5081477459872 3 8 13.0 1 197
409.59683217474645 159.19115296108876 -12 0 11.0 1 198
423.90283570260544 82.89961456129663 -14 17 12.0 1 199
239.81603842318768 283.61658858085354 9 0 11.0 1 200
106.0115170399767 397.39771506862127 -13 17 13.0 1 201
144.0000001163113 399.99228304554 15 20 13.0 1 202
618.6682812221123 498.91502811690043 10 14 12.0 1 203
483.7386403020437 606.6805267081661 19 13 13.0 1 204
446.87883431980225 131.0550708921685 -2 19 13.0 1 205
552.0509850325647 375.5766924715998 9 -6 13.0 1 206
712.2303793831438 433.2894906878737 4 -8 13.0 1 207
496.8031321469577 178.20470337146767 1 -15 13.0 1 208
217.09854263239933 191.97101910356875 0 7 12.0 1 209
131.30220177388617 554.6010777078822 6 10 12.0 1 210
622.465875393455 458.3860795517538 8 -1 10.0 1 211
165.01252570451086 496.42036571299053 -11 7 12.0 1 212
548.7683416036617 96.50044392701955 9 2 11.0 1 213
424.20350030263825 78.91093046772801 11 -15 13.0 1 214
215.98165857546087 356.89257582084326 -15 -1 11.0 1 215
391.48477737473223 186.1694807010886 9 -17 10.0 1 216
257.18619839785873 361.1642166044737 -5 -11 11.0 1 217
392.00844181334617 657.8762009138286 8 -5 12.0 1 218
262.3922692314618 310.7805378141434 7 -4 12.0 1 219
