400 400 -7.071067811865475 7.0710678118654755 5 2 -1 10 187
57.15728752538104 742.842712474619
800.0 400.0 0 0 24.0 1 0
799.4518139018296 420.9343824971775 0 0 24.0 1 1
797.8087581473094 441.8113853070614 0 0 24.0 1 2
795.0753362380551 462.57378601609236 0 0 24.0 1 3
791.2590402935223 483.16467632710373 0 0 24.0 1 4
786.3703305156273 503.5276180410083 0 0 24.0 1 5
780.4226065180615 523.6067977499789 0 0 24.0 1 6
773.4321705988807 543.3471798181201 0 0 24.0 1 7
765.4181830570403 562.6946572303201 0 0 24.0 1 8
756.4026096753471 581.5961998958187 0 0 24.0 1 9
746.4101615137755 600.0 0 0 24.0 1 10
735.4682271781696 617.8556140060108 0 0 24.0 1 11
723.606797749979 635.1141009169893 0 0 24.0 1 12
710.8583845827884 651.728156419935 0 0 24.0 1 13
697.2579301909577 667.6522425435433 0 0 24.0 1 14
682.842712474619 682.842712474619 0 0 24.0 1 15
667.6522425435433 697.2579301909577 0 0 24.0 1 16
651.728156419935 710.8583845827884 0 0 24.0 1 17
635.1141009169893 723.606797749979 0 0 24.0 1 18
617.8556140060108 735.4682271781696 0 0 24.0 1 19
600.0 746.4101615137754 0 0 24.0 1 20
581.5961998958187 756.4026096753471 0 0 24.0 1 21
562.6946572303201 765.4181830570403 0 0 24.0 1 22
543.3471798181201 773.4321705988807 0 0 24.0 1 23
523.606797749979 780.4226065180615 0 0 24.0 1 24
503.5276180410083 786.3703305156273 0 0 24.0 1 25
483.1646763271038 791.2590402935223 0 0 24.0 1 26
462.57378601609236 795.0753362380551 0 0 24.0 1 27
441.8113853070614 797.8087581473094 0 0 24.0 1 28
420.9343824971776 799.4518139018296 0 0 24.0 1 29
400.0 800.0 0 0 24.0 1 30
379.0656175028225 799.4518139018296 0 0 24.0 1 31
358.1886146929386 797.8087581473094 0 0 24.0 1 32
337.4262139839077 795.0753362380551 0 0 24.0 1 33
316.83532367289627 791.2590402935223 0 0 24.0 1 34
296.47238195899166 786.3703305156273 0 0 24.0 1 35
276.3932022500211 780.4226065180615 0 0 24.0 1 36
256.65282018187986 773.4321705988807 0 0 24.0 1 37
237.3053427696799 765.4181830570403 0 0 24.0 1 38
218.4038001041813 756.4026096753471 0 0 24.0 1 39
43.597390324652906 581.5961998958187 0 0 24.0 1 40
34.58181694295968 562.6946572303202 0 0 24.0 1 41
26.567829401119297 543.3471798181201 0 0 24.0 1 42
19.5773934819386 523.606797749979 0 0 24.0 1 43
13.629669484372698 503.5276180410084 0 0 24.0 1 44
8.740959706477724 483.16467632710373 0 0 24.0 1 45
4.924663761944942 462.5737860160924 0 0 24.0 1 46
2.1912418526906663 441.81138530706147 0 0 24.0 1 47
0.5481860981704472 420.9343824971775 0 0 24.0 1 48
0.0 400.00000000000006 0 0 24.0 1 49
0.5481860981704472 379.0656175028226 0 0 24.0 1 50
2.1912418526906663 358.1886146929386 0 0 24.0 1 51
4.924663761944885 337.4262139839077 0 0 24.0 1 52
8.740959706477781 316.8353236728962 0 0 24.0 1 53
13.629669484372698 296.47238195899166 0 0 24.0 1 54
19.577393481938543 276.3932022500211 0 0 24.0 1 55
26.567829401119297 256.65282018187986 0 0 24.0 1 56
34.58181694295968 237.30534276967992 0 0 24.0 1 57
43.59739032465285 218.40380010418136 0 0 24.0 1 58
53.58983848622455 199.99999999999994 0 0 24.0 1 59
64.53177282183037 182.14438599398918 0 0 24.0 1 60
76.39320225002103 164.8858990830108 0 0 24.0 1 61
89.14161541721171 148.27184358006497 0 0 24.0 1 62
102.74206980904228 132.3477574564567 0 0 24.0 1 63
117.15728752538092 117.15728752538104 0 0 24.0 1 64
132.34775745645675 102.74206980904228 0 0 24.0 1 65
148.27184358006485 89.14161541721177 0 0 24.0 1 66
164.8858990830107 76.39320225002109 0 0 24.0 1 67
182.1443859939892 64.53177282183032 0 0 24.0 1 68
199.99999999999983 53.58983848622461 0 0 24.0 1 69
218.40380010418124 43.597390324652906 0 0 24.0 1 70
237.30534276967995 34.58181694295962 0 0 24.0 1 71
256.65282018187975 26.567829401119354 0 0 24.0 1 72
276.393202250021 19.5773934819386 0 0 24.0 1 73
296.4723819589917 13.629669484372698 0 0 24.0 1 74
316.8353236728961 8.740959706477781 0 0 24.0 1 75
337.4262139839076 4.924663761944942 0 0 24.0 1 76
358.18861469293864 2.1912418526906663 0 0 24.0 1 77
379.0656175028223 0.5481860981704472 0 0 24.0 1 78
399.99999999999994 0.0 0 0 24.0 1 79
420.9343824971776 0.5481860981704472 0 0 24.0 1 80
441.8113853070612 2.1912418526906663 0 0 24.0 1 81
462.5737860160923 4.924663761944885 0 0 24.0 1 82
483.1646763271038 8.740959706477781 0 0 24.0 1 83
503.5276180410081 13.629669484372641 0 0 24.0 1 84
523.6067977499789 19.577393481938543 0 0 24.0 1 85
543.3471798181201 26.567829401119297 0 0 24.0 1 86
562.6946572303199 34.58181694295956 0 0 24.0 1 87
581.5961998958187 43.59739032465279 0 0 24.0 1 88
600.0 53.58983848622455 0 0 24.0 1 89
617.8556140060107 64.53177282183032 0 0 24.0 1 90
635.1141009169892 76.39320225002098 0 0 24.0 1 91
651.728156419935 89.14161541721171 0 0 24.0 1 92
667.6522425435431 102.74206980904216 0 0 24.0 1 93
682.842712474619 117.15728752538092 0 0 24.0 1 94
697.2579301909577 132.34775745645675 0 0 24.0 1 95
710.8583845827882 148.27184358006485 0 0 24.0 1 96
723.6067977499789 164.88589908301066 0 0 24.0 1 97
735.4682271781696 182.1443859939892 0 0 24.0 1 98
746.4101615137754 199.99999999999983 0 0 24.0 1 99
756.4026096753471 218.40380010418122 0 0 24.0 1 100
765.4181830570403 237.30534276967995 0 0 24.0 1 101
773.4321705988806 256.6528201818797 0 0 24.0 1 102
780.4226065180615 276.3932022500209 0 0 24.0 1 103
786.3703305156273 296.4723819589917 0 0 24.0 1 104
791.2590402935223 316.83532367289604 0 0 24.0 1 105
795.0753362380551 337.4262139839076 0 0 24.0 1 106
797.8087581473094 358.18861469293864 0 0 24.0 1 107
799.4518139018296 379.06561750282225 0 0 24.0 1 108
800.0 399.9999999999999 0 0 24.0 1 109
557.6927354235421 701.2191912787775 0 0 12.0 1 110
431.01722496674915 238.9598442767703 0 0 13.0 1 111
383.9208765477524 186.6049162023469 0 0 10.0 1 112
338.47123871271447 131.97162177401395 0 0 11.0 1 113
323.2907457386426 534.6873799235341 0 0 11.0 1 114
554.2379204371205 423.3808447074206 0 0 11.0 1 115
214.50687718515198 479.9768803367305 0 0 11.0 1 116
325.09356942151436 563.6735368286227 0 0 13.0 1 117
206.45886403306284 559.8212397919236 0 0 13.0 1 118
582.7497668174624 257.0786134682317 0 0 10.0 1 119
214.3652116747342 185.0680913325484 0 0 10.0 1 120
292.7991341367211 694.0696760262153 0 0 10.0 1 121
353.7350076587651 534.2518174315173 0 0 13.0 1 122
694.3265034449305 555.7591389610294 0 0 13.0 1 123
556.9271688213955 227.77089768073108 0 0 12.0 1 124
542.523199476188 650.2621377896999 0 0 12.0 1 125
727.0342818636828 237.9087340850679 0 0 10.0 1 126
471.4143608173436 559.7654188773348 0 0 10.0 1 127
565.3944579052347 186.588019796841 0 0 12.0 1 128
543.9254112238979 351.1177332355394 0 0 13.0 1 129
597.0534557036297 293.4826981412989 0 0 13.0 1 130
430.7184606643548 161.97400105364017 0 0 10.0 1 131
456.02403714764006 265.17675548452394 0 0 10.0 1 132
593.5677666421973 318.5658565640196 0 0 13.0 1 133
168.50752797883064 316.769984996228 0 0 12.0 1 134
167.6477164367535 144.97565543081046 0 0 11.0 1 135
405.1555342090357 167.05704460744158 0 0 13.0 1 136
701.026158956013 244.10179082430363 0 0 13.0 1 137
538.7978550391832 375.1775215475592 0 0 10.0 1 138
181.69453770169468 382.5722884255219 0 0 11.0 1 139
133.7354681948185 582.8447404290523 0 0 11.0 1 140
324.7401717212027 246.45209787351067 0 0 11.0 1 141
411.1997563512208 251.42151751456979 0 0 13.0 1 142
468.7562790497226 216.45552557694177 0 0 12.0 1 143
490.1271629987965 611.6059887852618 0 0 13.0 1 144
540.7191916833117 557.2231188216141 0 0 10.0 1 145
50.04535533589382 324.52982921697367 0 0 11.0 1 146
194.9956910759477 492.72665917939526 0 0 13.0 1 147
389.3333367229338 526.5512635042957 0 0 10.0 1 148
239.68836219262212 124.20808789321597 0 0 12.0 1 149
701.738104046183 236.895381528864 0 0 12.0 1 150
433.6036185510999 628.5427680331893 0 0 11.0 1 151
528.3261258998272 339.2019292120079 0 0 10.0 1 152
535.5568128279051 345.77500119003884 0 0 10.0 1 153
396.09714600186675 525.9395399811722 0 0 10.0 1 154
537.8120223804934 740.1423914883271 -10 -4 11.0 1 155
345.5610792142344 729.5336157415221 12 18 13.0 1 156
716.2078364453496 433.7135606329422 4 -13 13.0 1 157
505.13720252787357 688.4357270599689 -1 16 12.0 1 158
421.97981975433953 273.90127866006435 14 2 13.0 1 159
382.58585345315737 97.50083057957818 20 16 10.0 1 160
434.5523247748188 178.68091620319896 14 3 11.0 1 161
208.00000008723347 399.99421228415497 -15 12 12.0 1 162
235.66968930599378 219.63495630468915 17 11 11.0 1 163
79.18407409166616 303.55238891720313 -7 -15 11.0 1 164
611.3808265194054 252.07384889759 6 0 11.0 1 165
272.9740171988139 439.41319187014386 -4 -11 13.0 1 166
222.7103654637069 242.7187694415267 -15 -13 12.0 1 167
78.31529811268337 385.7538576566071 -1 9 10.0 1 168
620.044649829191 348.4601893528054 13 0 10.0 1 169
339.1916723159393 536.0270093925022 2 6 10.0 1 170
164.25844701253882 201.78314855931134 3 -11 11.0 1 171
532.8576532308913 264.1734783704587 -8 -17 11.0 1 172
319.20870525887807 609.9946825375661 -1 -12 11.0 1 173
571.9393124339113 643.394479887597 -9 4 13.0 1 174
175.09554250944694 305.374501317668 -12 -13 12.0 1 175
666.1352466008196 546.9286579150606 -5 17 13.0 1 176
331.68381253542645 227.00029326526231 -3 14 13.0 1 177
427.64661459791927 185.77660094827615 -2 17 10.0 1 178
378.39080146050713 556.5153108755842 10 -12 10.0 1 179
352.91687565576035 240.8171510432582 -3 -3 10.0 1 180
479.5305800847327 122.15852211848227 5 10 12.0 1 181
569.4060331316111 545.0192950562492 6 -10 12.0 1 182
372.5299767750763 242.37577018737838 20 -13 12.0 1 183
310.3133857187123 693.6074100201824 20 2 10.0 1 184
721.989309947195 257.77874884628113 11 -5 10.0 1 185
297.4493990489464 252.06969801768884 10 2 12.0 1 186
268.6271469941637 451.2071625176295 -13 -16 11.0 1 187
257.6066866081357 660.6398747338678 -7 7 13.0 1 188
39.903924991777785 425.53070237327586 -2 9 10.0 1 189
96.25923875586636 214.31868710386013 -14 -1 13.0 1 190
539.5120020724019 262.3322794633756 8 7 13.0 1 191
101.00000013584798 399.9909868383455 16 -2 13.0 1 192
223.58944332412125 521.1417165690934 -13 4 13.0 1 193
210.98033644997892 279.80196843776173 2 3 12.0 1 194
200.9151104250789 161.0728003283396 17 22 12.0 1 195
613.966468050606 403.7882119725585 6 2 12.0 1 196
408.24292224137974 193.1641853234248 1 -2 10.0 1 197
338.80224680678225 259.77220316890805 -2 4 10.0 1 198
453.70487924492284 166.0859432499016 20 13 12.0 1 199
550.7085003785954 315.05326425556484 1 18 10.0 1 200
585.2915297460189 643.5221735374013 14 19 11.0 1 201
125.59323128094474 245.31992603710415 22 5 12.0 1 202
623.6592927981526 571.757156313879 -17 8 13.0 1 203
456.1397842819678 241.65757163421384 -13 11 10.0 1 204
562.7945592166567 710.9645180554439 -5 7 13.0 1 205
212.6179756853372 499.1563258886649 17 -9 12.0 1 206
533.7431167624167 391.70670640369144 10 3 12.0 1 207
641.3340629548827 237.39966156957507 -7 8 11.0 1 208
185.79875601376398 349.8220459290239 -16 13 12.0 1 209
431.3584285948622 157.015126075591 13 12 13.0 1 210
338.9321153829069 620.7073027074397 -9 13 13.0 1 211
383.9447206543941 557.1821491300286 -17 -16 11.0 1 212
406.1954917533476 120.06855145958644 -15 -10 13.0 1 213
223.18046444084692 641.1137736518704 2 -3 10.0 1 214
375.06241053825704 550.9540215821943 4 14 11.0 1 215
141.90777783074742 536.5738073560856 17 16 13.0 1 216
724.9936266617431 485.2944466495186 0 19 11.0 1 217
243.1876506889985 197.64909907894048 -6 7 12.0 1 218
707.6622786951768 513.701021403026 -13 -10 12.0 1 219
