400 400 -7.071067811865475 7.0710678118654755 5 2 -1 10 187
57.15728752538104 742.842712474619
800.0 400.0 0 0 24.0 1 0
799.4518139018296 420.9343824971775 0 0 24.0 1 1
797.8087581473094 441.8113853070614 0 0 24.0 1 2
795.0753362380551 462.57378601609236 0 0 24.0 1 3
791.2590402935223 483.16467632710373 0 0 24.0 1 4
786.3703305156273 503.5276180410083 0 0 24.0 1 5
780.4226065180615 523.6067977499789 0 0 24.0 1 6
773.4321705988807 543.3471798181201 0 0 24.0 1 7
765.4181830570403 562.6946572303201 0 0 24.0 1 8
756.4026096753471 581.5961998958187 0 0 24.0 1 9
746.4101615137755 600.0 0 0 24.0 1 10
735.4682271781696 617.8556140060108 0 0 24.0 1 11
723.606797749979 635.1141009169893 0 0 24.0 1 12
710.8583845827884 651.728156419935 0 0 24.0 1 13
697.2579301909577 667.6522425435433 0 0 24.0 1 14
682.842712474619 682.842712474619 0 0 24.0 1 15
667.6522425435433 697.2579301909577 0 0 24.0 1 16
651.728156419935 710.8583845827884 0 0 24.0 1 17
635.1141009169893 723.606797749979 0 0 24.0 1 18
617.8556140060108 735.4682271781696 0 0 24.0 1 19
600.0 746.4101615137754 0 0 24.0 1 20
581.5961998958187 756.4026096753471 0 0 24.0 1 21
562.6946572303201 765.4181830570403 0 0 24.0 1 22
543.3471798181201 773.4321705988807 0 0 24.0 1 23
523.606797749979 780.4226065180615 0 0 24.0 1 24
503.5276180410083 786.3703305156273 0 0 24.0 1 25
483.1646763271038 791.2590402935223 0 0 24.0 1 26
462.57378601609236 795.0753362380551 0 0 24.0 1 27
441.8113853070614 797.8087581473094 0 0 24.0 1 28
420.9343824971776 799.4518139018296 0 0 24.0 1 29
400.0 800.0 0 0 24.0 1 30
379.0656175028225 799.4518139018296 0 0 24.0 1 31
358.1886146929386 797.8087581473094 0 0 24.0 1 32
337.4262139839077 795.0753362380551 0 0 24.0 1 33
316.83532367289627 791.2590402935223 0 0 24.0 1 34
296.47238195899166 786.3703305156273 0 0 24.0 1 35
276.3932022500211 780.4226065180615 0 0 24.0 1 36
256.65282018187986 773.4321705988807 0 0 24.0 1 37
237.3053427696799 765.4181830570403 0 0 24.0 1 38
218.4038001041813 756.4026096753471 0 0 24.0 1 39
43.597390324652906 581.5961998958187 0 0 24.0 1 40
34.58181694295968 562.6946572303202 0 0 24.0 1 41
26.567829401119297 543.3471798181201 0 0 24.0 1 42
19.5773934819386 523.606797749979 0 0 24.0 1 43
13.629669484372698 503.5276180410084 0 0 24.0 1 44
8.740959706477724 483.16467632710373 0 0 24.0 1 45
4.924663761944942 462.5737860160924 0 0 24.0 1 46
2.1912418526906663 441.81138530706147 0 0 24.0 1 47
0.5481860981704472 420.9343824971775 0 0 24.0 1 48
0.0 400.00000000000006 0 0 24.0 1 49
0.5481860981704472 379.0656175028226 0 0 24.0 1 50
2.1912418526906663 358.1886146929386 0 0 24.0 1 51
4.924663761944885 337.4262139839077 0 0 24.0 1 52
8.740959706477781 316.8353236728962 0 0 24.0 1 53
13.629669484372698 296.47238195899166 0 0 24.0 1 54
19.577393481938543 276.3932022500211 0 0 24.0 1 55
26.567829401119297 256.65282018187986 0 0 24.0 1 56
34.58181694295968 237.30534276967992 0 0 24.0 1 57
43.59739032465285 218.40380010418136 0 0 24.0 1 58
53.58983848622455 199.99999999999994 0 0 24.0 1 59
64.53177282183037 182.14438599398918 0 0 24.0 1 60
76.39320225002103 164.8858990830108 0 0 24.0 1 61
89.14161541721171 148.27184358006497 0 0 24.0 1 62
102.74206980904228 132.3477574564567 0 0 24.0 1 63
117.15728752538092 117.15728752538104 0 0 24.0 1 64
132.34775745645675 102.74206980904228 0 0 24.0 1 65
148.27184358006485 89.14161541721177 0 0 24.0 1 66
164.8858990830107 76.39320225002109 0 0 24.0 1 67
182.1443859939892 64.53177282183032 0 0 24.0 1 68
199.99999999999983 53.58983848622461 0 0 24.0 1 69
218.40380010418124 43.597390324652906 0 0 24.0 1 70
237.30534276967995 34.58181694295962 0 0 24.0 1 71
256.65282018187975 26.567829401119354 0 0 24.0 1 72
276.393202250021 19.5773934819386 0 0 24.0 1 73
296.4723819589917 13.629669484372698 0 0 24.0 1 74
316.8353236728961 8.740959706477781 0 0 24.0 1 75
337.4262139839076 4.924663761944942 0 0 24.0 1 76
358.18861469293864 2.1912418526906663 0 0 24.0 1 77
379.0656175028223 0.5481860981704472 0 0 24.0 1 78
399.99999999999994 0.0 0 0 24.0 1 79
420.9343824971776 0.5481860981704472 0 0 24.0 1 80
441.8113853070612 2.1912418526906663 0 0 24.0 1 81
462.5737860160923 4.924663761944885 0 0 24.0 1 82
483.1646763271038 8.740959706477781 0 0 24.0 1 83
503.5276180410081 13.629669484372641 0 0 24.0 1 84
523.6067977499789 19.577393481938543 0 0 24.0 1 85
543.3471798181201 26.567829401119297 0 0 24.0 1 86
562.6946572303199 34.58181694295956 0 0 24.0 1 87
581.5961998958187 43.59739032465279 0 0 24.0 1 88
600.0 53.58983848622455 0 0 24.0 1 89
617.8556140060107 64.53177282183032 0 0 24.0 1 90
635.1141009169892 76.39320225002098 0 0 24.0 1 91
651.728156419935 89.14161541721171 0 0 24.0 1 92
667.6522425435431 102.74206980904216 0 0 24.0 1 93
682.842712474619 117.15728752538092 0 0 24.0 1 94
697.2579301909577 132.34775745645675 0 0 24.0 1 95
710.8583845827882 148.27184358006485 0 0 24.0 1 96
723.6067977499789 164.88589908301066 0 0 24.0 1 97
735.4682271781696 182.1443859939892 0 0 24.0 1 98
746.4101615137754 199.99999999999983 0 0 24.0 1 99
756.4026096753471 218.40380010418122 0 0 24.0 1 100
765.4181830570403 237.30534276967995 0 0 24.0 1 101
773.4321705988806 256.6528201818797 0 0 24.0 1 102
780.4226065180615 276.3932022500209 0 0 24.0 1 103
786.3703305156273 296.4723819589917 0 0 24.0 1 104
791.2590402935223 316.83532367289604 0 0 24.0 1 105
795.0753362380551 337.4262139839076 0 0 24.0 1 106
797.8087581473094 358.18861469293864 0 0 24.0 1 107
799.4518139018296 379.06561750282225 0 0 24.0 1 108
800.0 399.9999999999999 0 0 24.0 1 109
294.276987336367 331.4533400279394 0 0 12.0 1 110
752.4087383264368 336.9755511633063 0 0 12.0 1 111
462.8340333524441 537.305805604366 0 0 10.0 1 112
396.70736668868125 647.9781413066023 0 0 10.0 1 113
630.450531177184 137.905450876685 0 0 10.0 1 114
451.1098902456566 208.71022212601912 0 0 13.0 1 115
707.6988211305235 386.3825305256036 0 0 12.0 1 116
616.17236786588 475.56789907929607 0 0 11.0 1 117
712.8899040902954 391.69892065055836 0 0 11.0 1 118
466.01224740521764 112.48063857800406 0 0 13.0 1 119
89.43360367172852 210.14607333091317 0 0 11.0 1 120
203.6711154325787 192.0313266751164 0 0 10.0 1 121
178.6352969396392 302.2162168915607 0 0 10.0 1 122
164.08737816791447 496.79997345201804 0 0 12.0 1 123
306.8414200804733 655.5493670259764 0 0 12.0 1 124
174.19980016958746 338.5974776043706 0 0 11.0 1 125
183.81798443966946 684.102685922314 0 0 13.0 1 126
601.1829192156488 456.6253743110786 0 0 13.0 1 127
579.758269319331 191.8847323925541 0 0 13.0 1 128
78.26362924939724 428.54308561159246 0 0 13.0 1 129
555.9220513890195 556.618370220865 0 0 10.0 1 130
240.28393659383474 427.106808923918 0 0 10.0 1 131
621.4077524328004 295.1019201193094 0 0 12.0 1 132
254.571176069387 412.9018281711842 0 0 13.0 1 133
528.1377674094051 686.664808728475 0 0 13.0 1 134
594.9789773552061 322.005138698001 0 0 13.0 1 135
500.7203886194193 48.13155396319894 0 0 13.0 1 136
334.47709304968186 192.07994645830829 0 0 12.0 1 137
380.2386684206982 187.91867179260478 0 0 13.0 1 138
177.07885615267787 202.23710250453567 0 0 10.0 1 139
191.43985589253586 543.2189452896291 0 0 13.0 1 140
588.3790602706832 517.4620349369715 0 0 10.0 1 141
626.440464112186 644.1592025967029 0 0 10.0 1 142
483.0141771070354 189.79855757097727 0 0 12.0 1 143
132.91111979913683 583.4108232167583 0 0 10.0 1 144
182.0869554047145 199.67550076135694 0 0 10.0 1 145
650.0193040962826 259.0768025511393 0 0 12.0 1 146
456.390123207169 154.39024041239668 0 0 13.0 1 147
574.9133526194507 147.7019241543375 0 0 12.0 1 148
530.2586549961711 271.46330174386594 0 0 13.0 1 149
519.2970415991816 63.52233972270443 0 0 13.0 1 150
300.8036418828889 172.7026561169228 0 0 10.0 1 151
272.79210502526035 151.68739166909867 0 0 10.0 1 152
208.58988618025091 250.29639841503243 0 0 10.0 1 153
301.99013240319516 485.40530342816413 0 0 11.0 1 154
545.9299925219417 234.03181846345956 20 20 13.0 1 155
547.8844872373825 425.10335504542104 14 0 12.0 1 156
362.892306417625 250.53756633522735 18 -10 11.0 1 157
330.1005158838494 539.4634795216871 4 12 13.0 1 158
282.83163172194617 543.1662441885599 16 1 12.0 1 159
502.28649608514064 291.65576748795297 -10 -2 10.0 1 160
618.4243475769815 266.48294346575057 -5 -17 10.0 1 161
715.486906106416 453.5538240968982 7 14 10.0 1 162
37.662746244236985 451.6499229499114 10 18 13.0 1 163
582.2403735197172 596.5004993871363 1 -5 10.0 1 164
69.60747928843227 300.67335575055245 -16 -12 12.0 1 165
353.0034890798178 719.5627136593523 10 -14 10.0 1 166
241.42667015708278 232.0253023145171 -14 9 12.0 1 167
204.8285136203543 686.9095517830658 18 3 11.0 1 168
585.7453410057907 434.92374972196615 -5 -2 11.0 1 169
609.3345086059607 383.29480599630836 7 10 12.0 1 170
150.85917586250937 641.5322954556843 -9 22 11.0 1 171
317.15683203367917 263.1168033639484 -2 8 11.0 1 172
290.3072849841299 299.16097842379116 -3 15 13.0 1 173
681.5332378808964 349.6508593092335 -10 1 13.0 1 174
59.956337504566534 463.92423325071445 -14 -14 12.0 1 175
382.5784279063449 757.5758504510414 7 -8 11.0 1 176
537.3098305579401 201.94190137197177 16 17 12.0 1 177
626.7670166956466 338.34190937957675 15 3 12.0 1 178
33.07840691749362 439.1093918361769 21 -10 11.0 1 179
372.7237958482877 107.26802585458125 2 -6 13.0 1 180
160.33799868239217 412.73283646478444 -14 -5 11.0 1 181
252.597161489152 323.65602054552784 9 12 10.0 1 182
430.9168170975098 121.71210874247669 1 -9 13.0 1 183
717.1565820444016 298.5076236069291 -4 15 13.0 1 184
254.82591775860425 139.753029133155 18 -15 11.0 1 185
306.80068784513264 585.9513060289161 11 0 11.0 1 186
334.40617582989256 224.88161081502312 -6 17 10.0 1 187
454.2949129391356 284.0859696631521 -12 -4 10.0 1 188
572.0866641872997 537.0626864208036 2 -17 13.0 1 189
555.4996737523617 597.030077559009 -15 21 10.0 1 190
598.2117681951754 255.99619814413907 17 9 11.0 1 191
238.55159483898055 143.59521753492328 14 16 12.0 1 192
246.1695635319458 242.72254829109187 9 12 13.0 1 193
708.7101562789908 218.72110048270636 4 9 13.0 1 194
396.24357472262375 230.0415072168046 17 -9 12.0 1 195
181.80822416431894 229.35021547721803 -3 -15 11.0 1 196
155.72925306642492 612.856294697886 12 12 11.0 1 197
296.59936976953117 256.34308346639955 8 15 12.0 1 198
246.42321060689872 306.11619010869333 2 20 10.0 1 199
497.0857477527039 321.26400071569327 -11 -4 12.0 1 200
252.37587428144 209.50559717978382 -9 -1 11.0 1 201
258.9166663980693 352.0782619287829 -7 15 10.0 1 202
610.4744927499909 184.82219468162145 -17 11 12.0 1 203
460.9343467084997 521.585383131396 -3 10 11.0 1 204
452.4379550641676 285.4301048761572 14 5 11.0 1 205
532.8124796345188 407.06011709042576 5 -8 12.0 1 206
93.05654071360516 333.80549266516687 18 -17 12.0 1 207
281.73183502359285 341.3771277306089 -7 -17 12.0 1 208
417.1734763130932 658.4300131782754 4 -17 10.0 1 209
207.21351067537637 463.579631438746 -10 -11 13.0 1 210
472.83049314467723 240.87514566132947 19 5 12.0 1 211
501.7866321372156 277.8505770862459 -6 16 11.0 1 212
521.1652872856422 571.5195999207898 -1 18 11.0 1 213
375.7310426398319 77.9130277259722 9 9 13.0 1 214
198.94816421069908 532.8877696620422 2 17 13.0 1 215
154.52428947250755 234.59844153992157 12 8 12.0 1 216
468.06162516925184 622.8376430931728 3 -4 12.0 1 217
238.6312230541274 423.00256131375835 6 17 11.0 1 218
275.96390845818354 332.9474236510623 -17 17 10.0 1 219
