400 400 -7.071067811865475 -7.071067811865477 5 2 -1 10 187
57.15728752538104 57.15728752538092
800.0 400.0 0 0 24.0 1 0
799.4518139018296 420.9343824971775 0 0 24.0 1 1
797.8087581473094 441.8113853070614 0 0 24.0 1 2
795.0753362380551 462.57378601609236 0 0 24.0 1 3
791.2590402935223 483.16467632710373 0 0 24.0 1 4
786.3703305156273 503.5276180410083 0 0 24.0 1 5
780.4226065180615 523.6067977499789 0 0 24.0 1 6
773.4321705988807 543.3471798181201 0 0 24.0 1 7
765.4181830570403 562.6946572303201 0 0 24.0 1 8
756.4026096753471 581.5961998958187 0 0 24.0 1 9
746.4101615137755 600.0 0 0 24.0 1 10
735.4682271781696 617.8556140060108 0 0 24.0 1 11
723.606797749979 635.1141009169893 0 0 24.0 1 12
710.8583845827884 651.728156419935 0 0 24.0 1 13
697.2579301909577 667.6522425435433 0 0 24.0 1 14
682.842712474619 682.842712474619 0 0 24.0 1 15
667.6522425435433 697.2579301909577 0 0 24.0 1 16
651.728156419935 710.8583845827884 0 0 24.0 1 17
635.1141009169893 723.606797749979 0 0 24.0 1 18
617.8556140060108 735.4682271781696 0 0 24.0 1 19
600.0 746.4101615137754 0 0 24.0 1 20
581.5961998958187 756.4026096753471 0 0 24.0 1 21
562.6946572303201 765.4181830570403 0 0 24.0 1 22
543.3471798181201 773.4321705988807 0 0 24.0 1 23
523.606797749979 780.4226065180615 0 0 24.0 1 24
503.5276180410083 786.3703305156273 0 0 24.0 1 25
483.1646763271038 791.2590402935223 0 0 24.0 1 26
462.57378601609236 795.0753362380551 0 0 24.0 1 27
441.8113853070614 797.8087581473094 0 0 24.0 1 28
420.9343824971776 799.4518139018296 0 0 24.0 1 29
400.0 800.0 0 0 24.0 1 30
379.0656175028225 799.4518139018296 0 0 24.0 1 31
358.1886146929386 797.8087581473094 0 0 24.0 1 32
337.4262139839077 795.0753362380551 0 0 24.0 1 33
316.83532367289627 791.2590402935223 0 0 24.0 1 34
296.47238195899166 786.3703305156273 0 0 24.0 1 35
276.3932022500211 780.4226065180615 0 0 24.0 1 36
256.65282018187986 773.4321705988807 0 0 24.0 1 37
237.3053427696799 765.4181830570403 0 0 24.0 1 38
218.4038001041813 756.4026096753471 0 0 24.0 1 39
200.00000000000009 746.4101615137755 0 0 24.0 1 40
182.14438599398918 735.4682271781696 0 0 24.0 1 41
164.8858990830108 723.606797749979 0 0 24.0 1 42
148.27184358006508 710.8583845827884 0 0 24.0 1 43
132.3477574564567 697.2579301909577 0 0 24.0 1 44
117.15728752538104 682.842712474619 0 0 24.0 1 45
102.74206980904233 667.6522425435434 0 0 24.0 1 46
89.14161541721165 651.728156419935 0 0 24.0 1 47
76.39320225002109 635.1141009169893 0 0 24.0 1 48
64.53177282183043 617.8556140060109 0 0 24.0 1 49
53.589838486224494 600.0 0 0 24.0 1 50
43.597390324652906 581.5961998958187 0 0 24.0 1 51
34.58181694295968 562.6946572303202 0 0 24.0 1 52
26.567829401119297 543.3471798181201 0 0 24.0 1 53
19.5773934819386 523.606797749979 0 0 24.0 1 54
13.629669484372698 503.5276180410084 0 0 24.0 1 55
8.740959706477724 483.16467632710373 0 0 24.0 1 56
4.924663761944942 462.5737860160924 0 0 24.0 1 57
2.1912418526906663 441.81138530706147 0 0 24.0 1 58
0.5481860981704472 420.9343824971775 0 0 24.0 1 59
0.0 400.00000000000006 0 0 24.0 1 60
0.5481860981704472 379.0656175028226 0 0 24.0 1 61
2.1912418526906663 358.1886146929386 0 0 24.0 1 62
4.924663761944885 337.4262139839077 0 0 24.0 1 63
8.740959706477781 316.8353236728962 0 0 24.0 1 64
13.629669484372698 296.47238195899166 0 0 24.0 1 65
19.577393481938543 276.3932022500211 0 0 24.0 1 66
26.567829401119297 256.65282018187986 0 0 24.0 1 67
34.58181694295968 237.30534276967992 0 0 24.0 1 68
43.59739032465285 218.40380010418136 0 0 24.0 1 69
218.40380010418124 43.597390324652906 0 0 24.0 1 70
237.30534276967995 34.58181694295962 0 0 24.0 1 71
256.65282018187975 26.567829401119354 0 0 24.0 1 72
276.393202250021 19.5773934819386 0 0 24.0 1 73
296.4723819589917 13.629669484372698 0 0 24.0 1 74
316.8353236728961 8.740959706477781 0 0 24.0 1 75
337.4262139839076 4.924663761944942 0 0 24.0 1 76
358.18861469293864 2.1912418526906663 0 0 24.0 1 77
379.0656175028223 0.5481860981704472 0 0 24.0 1 78
399.99999999999994 0.0 0 0 24.0 1 79
420.9343824971776 0.5481860981704472 0 0 24.0 1 80
441.8113853070612 2.1912418526906663 0 0 24.0 1 81
462.5737860160923 4.924663761944885 0 0 24.0 1 82
483.1646763271038 8.740959706477781 0 0 24.0 1 83
503.5276180410081 13.629669484372641 0 0 24.0 1 84
523.6067977499789 19.577393481938543 0 0 24.0 1 85
543.3471798181201 26.567829401119297 0 0 24.0 1 86
562.6946572303199 34.58181694295956 0 0 24.0 1 87
581.5961998958187 43.59739032465279 0 0 24.0 1 88
600.0 53.58983848622455 0 0 24.0 1 89
617.8556140060107 64.53177282183032 0 0 24.0 1 90
635.1141009169892 76.39320225002098 0 0 24.0 1 91
651.728156419935 89.14161541721171 0 0 24.0 1 92
667.6522425435431 102.74206980904216 0 0 24.0 1 93
682.842712474619 117.15728752538092 0 0 24.0 1 94
697.2579301909577 132.34775745645675 0 0 24.0 1 95
710.8583845827882 148.27184358006485 0 0 24.0 1 96
723.6067977499789 164.88589908301066 0 0 24.0 1 97
735.4682271781696 182.1443859939892 0 0 24.0 1 98
746.4101615137754 199.99999999999983 0 0 24.0 1 99
756.4026096753471 218.40380010418122 0 0 24.0 1 100
765.4181830570403 237.30534276967995 0 0 24.0 1 101
773.4321705988806 256.6528201818797 0 0 24.0 1 102
780.4226065180615 276.3932022500209 0 0 24.0 1 103
786.3703305156273 296.4723819589917 0 0 24.0 1 104
791.2590402935223 316.83532367289604 0 0 24.0 1 105
795.0753362380551 337.4262139839076 0 0 24.0 1 106
797.8087581473094 358.18861469293864 0 0 24.0 1 107
799.4518139018296 379.06561750282225 0 0 24.0 1 108
800.0 399.9999999999999 0 0 24.0 1 109
338.99194725299105 253.1701069263545 0 0 11.0 1 110
503.5452666227753 536.0859205061948 0 0 12.0 1 111
425.33609775857445 128.1782161960378 0 0 10.0 1 112
636.1255526499538 678.333834425055 0 0 12.0 1 113
196.09223615260134 597.6806106899548 0 0 13.0 1 114
206.52148822437087 175.98646138885326 0 0 13.0 1 115
188.58063445623299 636.2008718719536 0 0 13.0 1 116
98.54020855427439 546.1061057639263 0 0 10.0 1 117
443.78792216684826 148.7877035805969 0 0 12.0 1 118
365.96165855911033 136.1868249841312 0 0 13.0 1 119
73.46052320475934 417.34848968326884 0 0 13.0 1 120
426.30815250286764 50.99014181274782 0 0 10.0 1 121
256.5288920468844 248.02289257027735 0 0 11.0 1 122
459.17146226635595 722.6185643345113 0 0 13.0 1 123
176.31990569848733 218.58551487473113 0 0 10.0 1 124
256.3510779514923 356.8145025002402 0 0 12.0 1 125
524.813006919235 423.46728155920476 0 0 10.0 1 126
658.2814987277907 370.1559484163713 0 0 10.0 1 127
178.7825008289642 306.9257390009849 0 0 12.0 1 128
658.939472489327 271.65924424817706 0 0 12.0 1 129
547.7339898399455 111.64142418514598 0 0 11.0 1 130
295.0883249161917 242.79141107716336 0 0 10.0 1 131
459.5891636477199 563.4782296691681 0 0 13.0 1 132
480.54617311677544 235.6792344338597 0 0 13.0 1 133
42.70032944575661 365.1009252009575 0 0 12.0 1 134
207.38438489903982 111.36835790357503 0 0 13.0 1 135
497.4898274194758 571.1862539742044 0 0 11.0 1 136
487.5884614767121 221.31239154283102 0 0 13.0 1 137
260.4065238022166 691.2776362905654 0 0 11.0 1 138
638.7242294999086 467.19183171840905 0 0 13.0 1 139
488.6125151055603 657.1610821385437 0 0 10.0 1 140
87.4743217527519 458.7511739125063 0 0 10.0 1 141
741.0669430841349 436.36399778962004 0 0 12.0 1 142
627.4612417959809 515.2665757304794 0 0 12.0 1 143
264.35638239351806 578.260508814001 0 0 10.0 1 144
181.442662856766 151.4166329360334 0 0 12.0 1 145
278.0249087008327 464.54515553130074 0 0 12.0 1 146
370.4986686759773 578.5795941593278 0 0 13.0 1 147
547.6886851659427 533.3756059928315 0 0 10.0 1 148
419.0565975333077 529.6065048153584 0 0 12.0 1 149
580.300970578092 463.0282477036924 0 0 13.0 1 150
605.1935451995746 418.2101347724315 0 0 12.0 1 151
390.7384655123663 698.8565274156387 0 0 11.0 1 152
577.2191563247499 676.00248301699 0 0 11.0 1 153
557.8919067086064 232.7572249814039 0 0 11.0 1 154
680.66621439949 631.7810952054967 -13 -4 11.0 1 155
635.6469011942648 636.6992563518957 -9 8 10.0 1 156
161.063894839234 361.6133141492604 -14 -7 11.0 1 157
164.00000010722448 399.9928859326072 9 -9 11.0 1 158
211.37711080197727 100.43797692198962 6 -2 11.0 1 159
101.04669129985444 405.2838638547439 -15 -4 12.0 1 160
182.33667425241723 147.98476906245992 8 16 10.0 1 161
357.86582633405806 552.2784009946527 22 22 10.0 1 162
187.71490314365752 262.36265894498945 -15 4 12.0 1 163
575.9644229169893 497.1469086872605 -3 8 12.0 1 164
272.40468451871595 107.62962621491283 20 7 11.0 1 165
255.54918925778867 479.7431080151623 20 -5 11.0 1 166
598.2033514612708 448.28489898011566 2 12 10.0 1 167
467.4767254798724 128.2521545282945 7 11 10.0 1 168
418.5962616762654 534.7226003745023 -15 -11 12.0 1 169
208.32556543898642 492.89731500810836 -4 6 12.0 1 170
84.39687953382384 214.66066161763632 -1 21 11.0 1 171
553.1584522419605 608.86236737825 -4 0 11.0 1 172
433.8210683132565 567.622001354685 -14 17 11.0 1 173
236.34587775559083 94.01580388456011 20 7 13.0 1 174
132.02585056525703 153.65500769302002 20 7 13.0 1 175
343.529613641469 636.3474041840067 17 5 13.0 1 176
215.98192925086053 144.33938583003302 18 -17 13.0 1 177
302.936771721887 289.6019487661538 -10 10 11.0 1 178
528.0107949331968 415.9447916440146 13 10 12.0 1 179
332.78895758062447 534.0994995400837 17 16 13.0 1 180
236.77901765502807 512.0843919657967 3 -3 13.0 1 181
274.323655362763 674.6078229013558 5 10 13.0 1 182
645.4882488140548 441.6715693753989 -14 3 13.0 1 183
531.666528183102 223.75038906083103 8 22 13.0 1 184
289.53731497865533 475.8550935526099 0 10 12.0 1 185
270.71345167994684 72.60270553425983 -15 -3 12.0 1 186
553.8114202685698 419.1584705800175 -4 15 12.0 1 187
503.19761769143145 625.5088727806806 -5 21 13.0 1 188
612.3589931449931 426.4510497040242 15 16 11.0 1 189
90.72550784390978 469.5578069061445 1 15 12.0 1 190
513.3864584350829 314.51601878978016 -8 19 11.0 1 191
435.634860499197 696.8689217772767 -14 9 10.0 1 192
280.31079524975996 293.8185785259252 -12 4 10.0 1 193
728.2483804017677 461.7171026832629 17 -14 11.0 1 194
264.27145309755645 110.21083257693846 -6 3 10.0 1 195
269.31293749255633 722.5289005549355 -15 19 11.0 1 196
538.1698498516163 98.11741919749358 3 -1 12.0 1 197
467.7625115513108 596.6525922235924 22 8 12.0 1 198
586.1148609726035 381.8269835979699 13 12 11.0 1 199
115.0297352372454 225.7933749794643 19 10 12.0 1 200
688.0890542855137 358.94276189417604 12 12 10.0 1 201
255.47547495855116 291.0336673024937 4 15 11.0 1 202
291.0434777023572 299.8377503806785 22 5 10.0 1 203
222.66409125483744 616.6840452583608 -3 12 13.0 1 204
442.75407477345703 578.963932372603 19 4 10.0 1 205
759.0867556862172 329.1995629198031 22 -15 11.0 1 206
529.9511562810653 350.66748555755396 -12 17 10.0 1 207
188.359021670281 362.1437417110538 0 8 13.0 1 208
678.149306322236 367.8602521407076 18 -10 13.0 1 209
124.65472675973524 619.2919982677067 13 -2 10.0 1 210
111.10188522572486 392.3267164870736 11 14 12.0 1 211
439.579369452234 579.6927197016162 9 7 12.0 1 212
300.01315246580623 623.6685724910271 -5 -5 11.0 1 213
463.6527761742162 595.9191774311926 10 16 13.0 1 214
545.4284349472714 412.9062120231796 -9 -11 11.0 1 215
150.910564335037 162.74390831822618 -4 -2 10.0 1 216
290.27221012437764 657.60398313887 -9 12 10.0 1 217
522.8773125276468 445.41107867011095 -10 -1 13.0 1 218
490.8291812480485 519.3736144791183 7 -9 12.0 1 219
