400 400 7.071067811865475 -7.0710678118654755 5 2 -1 10 187
742.842712474619 57.15728752538092
800.0 400.0 0 0 24.0 1 0
799.4518139018296 420.9343824971775 0 0 24.0 1 1
797.8087581473094 441.8113853070614 0 0 24.0 1 2
795.0753362380551 462.57378601609236 0 0 24.0 1 3
791.2590402935223 483.16467632710373 0 0 24.0 1 4
786.3703305156273 503.5276180410083 0 0 24.0 1 5
780.4226065180615 523.6067977499789 0 0 24.0 1 6
773.4321705988807 543.3471798181201 0 0 24.0 1 7
765.4181830570403 562.6946572303201 0 0 24.0 1 8
756.4026096753471 581.5961998958187 0 0 24.0 1 9
746.4101615137755 600.0 0 0 24.0 1 10
735.4682271781696 617.8556140060108 0 0 24.0 1 11
723.606797749979 635.1141009169893 0 0 24.0 1 12
710.8583845827884 651.728156419935 0 0 24.0 1 13
697.2579301909577 667.6522425435433 0 0 24.0 1 14
682.842712474619 682.842712474619 0 0 24.0 1 15
667.6522425435433 697.2579301909577 0 0 24.0 1 16
651.728156419935 710.8583845827884 0 0 24.0 1 17
635.1141009169893 723.606797749979 0 0 24.0 1 18
617.8556140060108 735.4682271781696 0 0 24.0 1 19
600.0 746.4101615137754 0 0 24.0 1 20
581.5961998958187 756.4026096753471 0 0 24.0 1 21
562.6946572303201 765.4181830570403 0 0 24.0 1 22
543.3471798181201 773.4321705988807 0 0 24.0 1 23
523.606797749979 780.4226065180615 0 0 24.0 1 24
503.5276180410083 786.3703305156273 0 0 24.0 1 25
483.1646763271038 791.2590402935223 0 0 24.0 1 26
462.57378601609236 795.0753362380551 0 0 24.0 1 27
441.8113853070614 797.8087581473094 0 0 24.0 1 28
420.9343824971776 799.4518139018296 0 0 24.0 1 29
400.0 800.0 0 0 24.0 1 30
379.0656175028225 799.4518139018296 0 0 24.0 1 31
358.1886146929386 797.8087581473094 0 0 24.0 1 32
337.4262139839077 795.0753362380551 0 0 24.0 1 33
316.83532367289627 791.2590402935223 0 0 24.0 1 34
296.47238195899166 786.3703305156273 0 0 24.0 1 35
276.3932022500211 780.4226065180615 0 0 24.0 1 36
256.65282018187986 773.4321705988807 0 0 24.0 1 37
237.3053427696799 765.4181830570403 0 0 24.0 1 38
218.4038001041813 756.4026096753471 0 0 24.0 1 39
200.00000000000009 746.4101615137755 0 0 24.0 1 40
182.14438599398918 735.4682271781696 0 0 24.0 1 41
164.8858990830108 723.606797749979 0 0 24.0 1 42
148.27184358006508 710.8583845827884 0 0 24.0 1 43
132.3477574564567 697.2579301909577 0 0 24.0 1 44
117.15728752538104 682.842712474619 0 0 24.0 1 45
102.74206980904233 667.6522425435434 0 0 24.0 1 46
89.14161541721165 651.728156419935 0 0 24.0 1 47
76.39320225002109 635.1141009169893 0 0 24.0 1 48
64.53177282183043 617.8556140060109 0 0 24.0 1 49
53.589838486224494 600.0 0 0 24.0 1 50
43.597390324652906 581.5961998958187 0 0 24.0 1 51
34.58181694295968 562.6946572303202 0 0 24.0 1 52
26.567829401119297 543.3471798181201 0 0 24.0 1 53
19.5773934819386 523.606797749979 0 0 24.0 1 54
13.629669484372698 503.5276180410084 0 0 24.0 1 55
8.740959706477724 483.16467632710373 0 0 24.0 1 56
4.924663761944942 462.5737860160924 0 0 24.0 1 57
2.1912418526906663 441.81138530706147 0 0 24.0 1 58
0.5481860981704472 420.9343824971775 0 0 24.0 1 59
0.0 400.00000000000006 0 0 24.0 1 60
0.5481860981704472 379.0656175028226 0 0 24.0 1 61
2.1912418526906663 358.1886146929386 0 0 24.0 1 62
4.924663761944885 337.4262139839077 0 0 24.0 1 63
8.740959706477781 316.8353236728962 0 0 24.0 1 64
13.629669484372698 296.47238195899166 0 0 24.0 1 65
19.577393481938543 276.3932022500211 0 0 24.0 1 66
26.567829401119297 256.65282018187986 0 0 24.0 1 67
34.58181694295968 237.30534276967992 0 0 24.0 1 68
43.59739032465285 218.40380010418136 0 0 24.0 1 69
53.58983848622455 199.99999999999994 0 0 24.0 1 70
64.53177282183037 182.14438599398918 0 0 24.0 1 71
76.39320225002103 164.8858990830108 0 0 24.0 1 72
89.14161541721171 148.27184358006497 0 0 24.0 1 73
102.74206980904228 132.3477574564567 0 0 24.0 1 74
117.15728752538092 117.15728752538104 0 0 24.0 1 75
132.34775745645675 102.74206980904228 0 0 24.0 1 76
148.27184358006485 89.14161541721177 0 0 24.0 1 77
164.8858990830107 76.39320225002109 0 0 24.0 1 78
182.1443859939892 64.53177282183032 0 0 24.0 1 79
199.99999999999983 53.58983848622461 0 0 24.0 1 80
218.40380010418124 43.597390324652906 0 0 24.0 1 81
237.30534276967995 34.58181694295962 0 0 24.0 1 82
256.65282018187975 26.567829401119354 0 0 24.0 1 83
276.393202250021 19.5773934819386 0 0 24.0 1 84
296.4723819589917 13.629669484372698 0 0 24.0 1 85
316.8353236728961 8.740959706477781 0 0 24.0 1 86
337.4262139839076 4.924663761944942 0 0 24.0 1 87
358.18861469293864 2.1912418526906663 0 0 24.0 1 88
379.0656175028223 0.5481860981704472 0 0 24.0 1 89
399.99999999999994 0.0 0 0 24.0 1 90
420.9343824971776 0.5481860981704472 0 0 24.0 1 91
441.8113853070612 2.1912418526906663 0 0 24.0 1 92
462.5737860160923 4.924663761944885 0 0 24.0 1 93
483.1646763271038 8.740959706477781 0 0 24.0 1 94
503.5276180410081 13.629669484372641 0 0 24.0 1 95
523.6067977499789 19.577393481938543 0 0 24.0 1 96
543.3471798181201 26.567829401119297 0 0 24.0 1 97
562.6946572303199 34.58181694295956 0 0 24.0 1 98
581.5961998958187 43.59739032465279 0 0 24.0 1 99
756.4026096753471 218.40380010418122 0 0 24.0 1 100
765.4181830570403 237.30534276967995 0 0 24.0 1 101
773.4321705988806 256.6528201818797 0 0 24.0 1 102
780.4226065180615 276.3932022500209 0 0 24.0 1 103
786.3703305156273 296.4723819589917 0 0 24.0 1 104
791.2590402935223 316.83532367289604 0 0 24.0 1 105
795.0753362380551 337.4262139839076 0 0 24.0 1 106
797.8087581473094 358.18861469293864 0 0 24.0 1 107
799.4518139018296 379.06561750282225 0 0 24.0 1 108
800.0 399.9999999999999 0 0 24.0 1 109
546.4740380136445 720.077109753224 0 0 12.0 1 110
672.1601459836078 556.6041344862304 0 0 12.0 1 111
149.30298875658897 614.5949872518486 0 0 11.0 1 112
321.68830899823456 84.57603285031746 0 0 10.0 1 113
354.5028779790183 625.4551216712716 0 0 11.0 1 114
632.9319155334138 320.88791036804406 0 0 12.0 1 115
421.18493513121484 528.2622256297084 0 0 13.0 1 116
539.7356490255161 626.3403375260755 0 0 13.0 1 117
563.9004605111317 665.481899654645 0 0 13.0 1 118
343.20443725574006 657.8182771887261 0 0 12.0 1 119
440.4532708389471 258.67578806718643 0 0 12.0 1 120
327.8209834051301 252.73768451026754 0 0 12.0 1 121
386.9094891251586 668.6812954506429 0 0 13.0 1 122
494.5605066042277 273.4207339618696 0 0 12.0 1 123
363.5628809472531 541.3801130114697 0 0 13.0 1 124
157.5454432383515 133.88764044954138 0 0 10.0 1 125
566.5220723930636 377.7649059835741 0 0 11.0 1 126
533.9571071485211 616.9803987562002 0 0 12.0 1 127
679.3289230990124 305.1298112137114 0 0 13.0 1 128
223.58223832575132 553.7295461706955 0 0 13.0 1 129
595.6242603390573 387.86951085913074 0 0 12.0 1 130
320.62238340219795 281.05381896314475 0 0 13.0 1 131
58.973552352845616 464.10898536993614 0 0 10.0 1 132
210.4639253921726 423.6024664443378 0 0 13.0 1 133
240.7771213239841 601.7351603120356 0 0 11.0 1 134
492.8979763713515 137.98098163280628 0 0 13.0 1 135
446.65604649802606 275.4519637843533 0 0 11.0 1 136
170.80769423516412 599.7170172473992 0 0 10.0 1 137
496.7151404977169 697.6830220192392 0 0 11.0 1 138
652.784924880631 533.7751163449082 0 0 10.0 1 139
136.25511783600422 374.23884450767054 0 0 12.0 1 140
663.8843615683186 193.6264461718001 0 0 12.0 1 141
106.26870113132509 436.5776443325863 0 0 11.0 1 142
396.0302525803052 698.9736461720729 0 0 10.0 1 143
415.78966016051396 257.87439839347917 0 0 13.0 1 144
694.3872351234517 360.6915302209614 0 0 11.0 1 145
243.91823230401133 360.5097253378072 0 0 10.0 1 146
547.8552776860956 393.4565406421732 0 0 12.0 1 147
558.5924498981558 378.82371998435633 0 0 10.0 1 148
563.1712963721782 654.1242374119847 0 0 11.0 1 149
197.2102946623076 539.2563657756868 0 0 12.0 1 150
713.1574878450624 305.86505533772504 0 0 11.0 1 151
311.8089879795503 44.78408622528059 0 0 12.0 1 152
273.96483628468803 554.000446451478 0 0 13.0 1 153
247.46002607127807 437.1558387581929 0 0 13.0 1 154
495.58357426683074 308.96275306020476 0 -16 11.0 1 155
267.6895802688425 229.26642734785602 12 -4 11.0 1 156
190.0326566541025 148.0124710858373 6 -4 12.0 1 157
208.93991945079128 245.04179395549951 13 -14 13.0 1 158
419.0587921403996 626.1985022986427 -13 20 12.0 1 159
531.0459351367605 279.5385419143038 -10 -14 11.0 1 160
149.3666846909931 497.6930972854067 -17 -3 12.0 1 161
253.0318539096322 693.2309056609829 -15 -14 11.0 1 162
548.2946500837555 433.35710953509766 -9 -1 13.0 1 163
538.4107649895155 498.70390131609344 -10 2 10.0 1 164
712.887634292809 565.5817873639772 12 -2 12.0 1 165
375.5619366957838 603.5381562801902 8 -15 13.0 1 166
475.2024332381324 227.6962158422972 19 19 13.0 1 167
219.06381047009066 395.194241121662 4 -2 10.0 1 168
473.5934493313427 666.0075266144082 -6 -14 12.0 1 169
254.65975705371275 422.0275686428213 19 -7 12.0 1 170
602.1089389927889 360.1505736652444 -7 0 11.0 1 171
458.80190258513545 265.2731049405196 14 17 12.0 1 172
507.7965865853025 536.586587630548 -2 -10 11.0 1 173
208.47925445387077 423.84961268982823 20 4 12.0 1 174
170.62724031693207 265.2998251100854 13 16 12.0 1 175
278.98465594284994 76.92061888333143 -4 7 12.0 1 176
460.56283558323486 586.4085377500668 -8 -5 10.0 1 177
511.3566687910902 557.6346799272021 13 20 12.0 1 178
274.3023765411428 640.085625260646 17 -4 10.0 1 179
572.350461759962 294.6466975784438 6 13 13.0 1 180
549.4838826389913 340.20393966846746 -9 -13 13.0 1 181
118.46827998930405 349.6423726947041 2 21 11.0 1 182
728.8262505314291 237.02056276498607 8 -8 12.0 1 183
567.3507412527986 628.21640914303 -15 -2 11.0 1 184
260.0431263587279 114.45477850161632 3 19 12.0 1 185
602.8180312852892 247.09203360988843 14 18 10.0 1 186
356.0589897897987 698.7861904802613 3 2 13.0 1 187
211.51111501801236 445.9123103126715 -5 -9 11.0 1 188
101.44846016926596 198.83594241341814 20 -9 13.0 1 189
317.3519647635698 545.1147899821303 -11 -15 13.0 1 190
403.54028100191294 240.0391722626208 3 2 13.0 1 191
354.5980492214865 241.36941383987312 -1 -17 13.0 1 192
540.2986873589589 636.5190865984246 -13 13 13.0 1 193
106.63134211021418 575.780631947737 11 -6 13.0 1 194
169.86457664935054 489.703327247195 3 -4 10.0 1 195
694.523051415522 502.95713761022 15 -6 13.0 1 196
504.3916681792293 657.6555445061442 -16 -12 10.0 1 197
338.6139145903037 522.4775429132765 22 -9 11.0 1 198
461.62039133382217 537.8547328598718 19 14 11.0 1 199
138.7671472068567 593.3452782499638 0 14 13.0 1 200
526.2799239522907 346.873915948908 -17 17 10.0 1 201
657.0135857922403 472.33959301941616 20 16 10.0 1 202
392.11649530957504 561.8080664052198 -9 -2 13.0 1 203
409.5171904139602 161.18956662946147 22 13 11.0 1 204
504.8340615048174 248.78551805992865 15 22 11.0 1 205
533.1112207839899 654.2644349912034 -8 17 10.0 1 206
678.6356246308353 345.06195592684173 -16 0 12.0 1 207
194.17927804670987 579.3511371991447 -6 -9 13.0 1 208
596.9622721598392 640.6800019645035 -17 14 10.0 1 209
130.85627935825374 378.51378025064344 4 -2 13.0 1 210
396.216127041428 684.9748801305711 -9 14 11.0 1 211
303.5103647288469 111.71932030529717 -7 20 12.0 1 212
433.608798196567 679.9900867598394 16 5 13.0 1 213
644.4694658025111 546.4912293969672 17 22 13.0 1 214
551.8749149426292 301.53675705539064 -7 -4 13.0 1 215
678.910084519708 606.4416739740534 -15 -14 12.0 1 216
526.8816125263311 356.90642272080447 19 16 11.0 1 217
488.55380741350604 598.1091194078952 -16 16 10.0 1 218
426.5138686648182 659.6497925445441 -11 2 10.0 1 219
