400 400 7.071067811865475 -7.0710678118654755 5 2 -1 10 187
742.842712474619 57.15728752538092
800.0 400.0 0 0 24.0 1 0
799.4518139018296 420.9343824971775 0 0 24.0 1 1
797.8087581473094 441.8113853070614 0 0 24.0 1 2
795.0753362380551 462.57378601609236 0 0 24.0 1 3
791.2590402935223 483.16467632710373 0 0 24.0 1 4
786.3703305156273 503.5276180410083 0 0 24.0 1 5
780.4226065180615 523.6067977499789 0 0 24.0 1 6
773.4321705988807 543.3471798181201 0 0 24.0 1 7
765.4181830570403 562.6946572303201 0 0 24.0 1 8
756.4026096753471 581.5961998958187 0 0 24.0 1 9
746.4101615137755 600.0 0 0 24.0 1 10
735.4682271781696 617.8556140060108 0 0 24.0 1 11
723.606797749979 635.1141009169893 0 0 24.0 1 12
710.8583845827884 651.728156419935 0 0 24.0 1 13
697.2579301909577 667.6522425435433 0 0 24.0 1 14
682.842712474619 682.842712474619 0 0 24.0 1 15
667.6522425435433 697.2579301909577 0 0 24.0 1 16
651.728156419935 710.8583845827884 0 0 24.0 1 17
635.1141009169893 723.606797749979 0 0 24.0 1 18
617.8556140060108 735.4682271781696 0 0 24.0 1 19
600.0 746.4101615137754 0 0 24.0 1 20
581.5961998958187 756.4026096753471 0 0 24.0 1 21
562.6946572303201 765.4181830570403 0 0 24.0 1 22
543.3471798181201 773.4321705988807 0 0 24.0 1 23
523.606797749979 780.4226065180615 0 0 24.0 1 24
503.5276180410083 786.3703305156273 0 0 24.0 1 25
483.1646763271038 791.2590402935223 0 0 24.0 1 26
462.57378601609236 795.0753362380551 0 0 24.0 1 27
441.8113853070614 797.8087581473094 0 0 24.0 1 28
420.9343824971776 799.4518139018296 0 0 24.0 1 29
400.0 800.0 0 0 24.0 1 30
379.0656175028225 799.4518139018296 0 0 24.0 1 31
358.1886146929386 797.8087581473094 0 0 24.0 1 32
337.4262139839077 795.0753362380551 0 0 24.0 1 33
316.83532367289627 791.2590402935223 0 0 24.0 1 34
296.47238195899166 786.3703305156273 0 0 24.0 1 35
276.3932022500211 780.4226065180615 0 0 24.0 1 36
256.65282018187986 773.4321705988807 0 0 24.0 1 37
237.3053427696799 765.4181830570403 0 0 24.0 1 38
218.4038001041813 756.4026096753471 0 0 24.0 1 39
200.00000000000009 746.4101615137755 0 0 24.0 1 40
182.14438599398918 735.4682271781696 0 0 24.0 1 41
164.8858990830108 723.606797749979 0 0 24.0 1 42
148.27184358006508 710.8583845827884 0 0 24.0 1 43
132.3477574564567 697.2579301909577 0 0 24.0 1 44
117.15728752538104 682.842712474619 0 0 24.0 1 45
102.74206980904233 667.6522425435434 0 0 24.0 1 46
89.14161541721165 651.728156419935 0 0 24.0 1 47
76.39320225002109 635.1141009169893 0 0 24.0 1 48
64.53177282183043 617.8556140060109 0 0 24.0 1 49
53.589838486224494 600.0 0 0 24.0 1 50
43.597390324652906 581.5961998958187 0 0 24.0 1 51
34.58181694295968 562.6946572303202 0 0 24.0 1 52
26.567829401119297 543.3471798181201 0 0 24.0 1 53
19.5773934819386 523.606797749979 0 0 24.0 1 54
13.629669484372698 503.5276180410084 0 0 24.0 1 55
8.740959706477724 483.16467632710373 0 0 24.0 1 56
4.924663761944942 462.5737860160924 0 0 24.0 1 57
2.1912418526906663 441.81138530706147 0 0 24.0 1 58
0.5481860981704472 420.9343824971775 0 0 24.0 1 59
0.0 400.00000000000006 0 0 24.0 1 60
0.5481860981704472 379.0656175028226 0 0 24.0 1 61
2.1912418526906663 358.1886146929386 0 0 24.0 1 62
4.924663761944885 337.4262139839077 0 0 24.0 1 63
8.740959706477781 316.8353236728962 0 0 24.0 1 64
13.629669484372698 296.47238195899166 0 0 24.0 1 65
19.577393481938543 276.3932022500211 0 0 24.0 1 66
26.567829401119297 256.65282018187986 0 0 24.0 1 67
34.58181694295968 237.30534276967992 0 0 24.0 1 68
43.59739032465285 218.40380010418136 0 0 24.0 1 69
53.58983848622455 199.99999999999994 0 0 24.0 1 70
64.53177282183037 182.14438599398918 0 0 24.0 1 71
76.39320225002103 164.8858990830108 0 0 24.0 1 72
89.14161541721171 148.27184358006497 0 0 24.0 1 73
102.74206980904228 132.3477574564567 0 0 24.0 1 74
117.15728752538092 117.15728752538104 0 0 24.0 1 75
132.34775745645675 102.74206980904228 0 0 24.0 1 76
148.27184358006485 89.14161541721177 0 0 24.0 1 77
164.8858990830107 76.39320225002109 0 0 24.0 1 78
182.1443859939892 64.53177282183032 0 0 24.0 1 79
199.99999999999983 53.58983848622461 0 0 24.0 1 80
218.40380010418124 43.597390324652906 0 0 24.0 1 81
237.30534276967995 34.58181694295962 0 0 24.0 1 82
256.65282018187975 26.567829401119354 0 0 24.0 1 83
276.393202250021 19.5773934819386 0 0 24.0 1 84
296.4723819589917 13.629669484372698 0 0 24.0 1 85
316.8353236728961 8.740959706477781 0 0 24.0 1 86
337.4262139839076 4.924663761944942 0 0 24.0 1 87
358.18861469293864 2.1912418526906663 0 0 24.0 1 88
379.0656175028223 0.5481860981704472 0 0 24.0 1 89
399.99999999999994 0.0 0 0 24.0 1 90
420.9343824971776 0.5481860981704472 0 0 24.0 1 91
441.8113853070612 2.1912418526906663 0 0 24.0 1 92
462.5737860160923 4.924663761944885 0 0 24.0 1 93
483.1646763271038 8.740959706477781 0 0 24.0 1 94
503.5276180410081 13.629669484372641 0 0 24.0 1 95
523.6067977499789 19.577393481938543 0 0 24.0 1 96
543.3471798181201 26.567829401119297 0 0 24.0 1 97
562.6946572303199 34.58181694295956 0 0 24.0 1 98
581.5961998958187 43.59739032465279 0 0 24.0 1 99
756.4026096753471 218.40380010418122 0 0 24.0 1 100
765.4181830570403 237.30534276967995 0 0 24.0 1 101
773.4321705988806 256.6528201818797 0 0 24.0 1 102
780.4226065180615 276.3932022500209 0 0 24.0 1 103
786.3703305156273 296.4723819589917 0 0 24.0 1 104
791.2590402935223 316.83532367289604 0 0 24.0 1 105
795.0753362380551 337.4262139839076 0 0 24.0 1 106
797.8087581473094 358.18861469293864 0 0 24.0 1 107
799.4518139018296 379.06561750282225 0 0 24.0 1 108
800.0 399.9999999999999 0 0 24.0 1 109
332.5159351824839 620.9228394614402 0 0 11.0 1 110
160.23938275792537 136.84444444454647 0 0 10.0 1 111
547.1795796213888 669.4200648475745 0 0 11.0 1 112
648.7578404372466 543.1381738775417 0 0 11.0 1 113
381.18635768454465 623.2085277556082 0 0 10.0 1 114
305.2259689159978 491.87972046152834 0 0 13.0 1 115
334.57146223506726 60.24257705541919 0 0 13.0 1 116
243.6559762949989 261.3005181994898 0 0 12.0 1 117
579.9087852867224 543.2928085308401 0 0 13.0 1 118
263.30996698347354 438.4686219397174 0 0 10.0 1 119
280.81241810964076 637.8031125177483 0 0 10.0 1 120
659.8475666280992 614.588541440254 0 0 10.0 1 121
291.92787355751386 606.420482235168 0 0 11.0 1 122
537.1964797636715 229.30106637574892 0 0 13.0 1 123
469.5147851631967 527.2505192276818 0 0 12.0 1 124
200.09366814888395 260.0948232343368 0 0 12.0 1 125
383.6490273087483 735.6019155071227 0 0 10.0 1 126
313.99658896792914 579.455881182113 0 0 11.0 1 127
548.9598572467995 595.772727745754 0 0 13.0 1 128
612.7771273040113 451.8352591992418 0 0 12.0 1 129
247.4489919748515 487.7735150857653 0 0 11.0 1 130
253.24350866173293 86.6654627238147 0 0 13.0 1 131
735.1143693990715 517.1467431141926 0 0 11.0 1 132
190.2661793505701 573.1927379418455 0 0 13.0 1 133
616.1944073732325 208.2163244159274 0 0 10.0 1 134
191.0738729328414 454.8258463565998 0 0 12.0 1 135
454.13479198618325 247.31265836156336 0 0 11.0 1 136
395.2867547358139 754.9687103380799 0 0 11.0 1 137
366.13668532185375 36.574249785449524 0 0 11.0 1 138
629.966901614816 226.62403810884987 0 0 13.0 1 139
543.8157474135274 353.97793142536426 0 0 13.0 1 140
532.265012402116 222.94925446565298 0 0 11.0 1 141
538.357515984619 603.404025944832 0 0 12.0 1 142
530.9227994341231 376.5858891193289 0 0 12.0 1 143
539.7735560842042 330.72263703361807 0 0 13.0 1 144
485.78244469425715 297.0564611921821 0 0 12.0 1 145
605.3802126784693 484.2791091561053 0 0 11.0 1 146
492.97552034836326 240.0607846213097 0 0 12.0 1 147
284.3786804149277 700.5257234537612 0 0 10.0 1 148
508.65717416080463 483.4423064361753 0 0 10.0 1 149
548.1612253017832 548.8228857302338 0 0 11.0 1 150
284.98913875735263 733.7386729107438 0 0 13.0 1 151
450.354961196503 704.8694439967683 0 0 11.0 1 152
559.3317741435667 74.95017959047652 0 0 10.0 1 153
448.69599208646923 245.49207025296556 0 0 12.0 1 154
233.03507418338285 461.69857005678114 8 -7 13.0 1 155
377.68458100318907 103.83953323409827 16 -17 10.0 1 156
187.2700807452429 470.15683469103004 20 20 12.0 1 157
212.89141814251582 426.6716815233149 18 0 12.0 1 158
612.2001320485504 251.50049172277446 -11 -16 13.0 1 159
306.12265334594395 558.2499408694808 10 -7 11.0 1 160
442.895918340776 227.24601252155864 -3 10 10.0 1 161
195.12582779481872 190.53503022404507 16 11 13.0 1 162
119.68029641128658 515.0211449253391 16 -15 13.0 1 163
224.74443673853415 358.945310305565 14 21 11.0 1 164
726.9605658226433 373.90807793709115 14 -2 12.0 1 165
481.440832736426 298.6718658851478 5 0 12.0 1 166
645.9712272295445 272.6141476646965 5 7 13.0 1 167
357.9294333420624 242.52280348863195 0 8 13.0 1 168
491.33168317824175 754.4213927626679 -12 11 13.0 1 169
465.0728838115389 205.6021610396608 -1 3 11.0 1 170
536.3347622288386 133.89131429431683 8 -17 10.0 1 171
201.84748546040782 518.7290233331206 17 -17 12.0 1 172
145.35912360004167 413.5286387438335 16 4 12.0 1 173
476.2265575237812 539.5367762565614 -2 -11 10.0 1 174
252.76145635453682 264.6456086225385 15 -8 12.0 1 175
244.86787511053336 514.8173498530555 21 -13 13.0 1 176
259.02201830528253 402.4917217508993 -3 -15 11.0 1 177
573.7910187125054 457.3208671852546 1 -16 11.0 1 178
104.23694344978321 193.00914421145734 21 19 12.0 1 179
157.36885525300647 573.0148190149141 -1 -5 12.0 1 180
709.6613233498473 585.5555572361585 16 3 11.0 1 181
698.6474113908188 274.35875012734454 13 21 10.0 1 182
245.8468500075265 505.85748130103025 1 -2 11.0 1 183
752.5022955713168 418.73850626255853 -4 14 13.0 1 184
718.0395234677492 498.69073671022534 2 -14 10.0 1 185
112.0977902212523 512.219951900337 -14 13 11.0 1 186
512.6201536683789 474.4426019676282 -2 -1 11.0 1 187
233.86383724286242 292.28382004390477 -5 -4 11.0 1 188
636.7865817064669 174.47591099005265 -2 -13 13.0 1 189
699.343249182769 360.02977147047255 -2 18 10.0 1 190
133.000657856293 267.65442472516247 7 -6 13.0 1 191
182.13016925594314 666.2118270317005 -16 8 11.0 1 192
70.57342108434693 328.9568504081568 15 21 13.0 1 193
561.2159462015674 671.7819322367352 -16 16 12.0 1 194
554.9324883683153 611.2816225988475 16 -16 11.0 1 195
382.29849129891903 92.50909511059427 -12 20 11.0 1 196
698.4052868748856 483.9897896480113 11 14 12.0 1 197
570.2664779756433 81.67575260786401 1 4 12.0 1 198
582.2258847205235 589.6384110295762 -12 9 13.0 1 199
315.46464371659954 174.3126642054576 22 -11 12.0 1 200
96.16084557039858 284.64503376314997 1 -11 10.0 1 201
636.755038140169 664.5223089178814 -3 1 12.0 1 202
272.91088993458715 642.7433997100259 8 -13 12.0 1 203
514.0953321005628 617.9409442781744 -11 -1 10.0 1 204
736.2714533787253 327.49131333033415 -8 12 10.0 1 205
714.569162742817 439.1821624120358 -7 4 13.0 1 206
236.948586694884 463.5549889403203 1 -14 11.0 1 207
541.4389279778629 537.1277858512741 0 -4 13.0 1 208
431.17881663000946 252.25399703019968 6 3 11.0 1 209
720.1955484250159 422.7114677817908 18 -10 12.0 1 210
621.3341387810729 445.6858731999377 -1 -3 10.0 1 211
317.79336994990575 154.39244723378937 -6 -15 11.0 1 212
191.70221340159432 694.8440809957103 17 6 10.0 1 213
731.4105544844113 502.8398968121567 14 9 13.0 1 214
256.62455707399465 299.658172401676 11 -17 12.0 1 215
703.7379208838797 518.4030211486936 -7 22 11.0 1 216
374.83170840469717 173.39338690547044 18 8 13.0 1 217
672.8536705966017 587.3816278132977 -14 13 13.0 1 218
76.15271697218492 347.97176463205545 -5 20 12.0 1 219
