400 400 7.071067811865475 -7.0710678118654755 5 2 -1 10 187
742.842712474619 57.15728752538092
800.0 400.0 0 0 24.0 1 0
799.4518139018296 420.9343824971775 0 0 24.0 1 1
797.8087581473094 441.8113853070614 0 0 24.0 1 2
795.0753362380551 462.57378601609236 0 0 24.0 1 3
791.2590402935223 483.16467632710373 0 0 24.0 1 4
786.3703305156273 503.5276180410083 0 0 24.0 1 5
780.4226065180615 523.6067977499789 0 0 24.0 1 6
773.4321705988807 543.3471798181201 0 0 24.0 1 7
765.4181830570403 562.6946572303201 0 0 24.0 1 8
756.4026096753471 581.5961998958187 0 0 24.0 1 9
746.4101615137755 600.0 0 0 24.0 1 10
735.4682271781696 617.8556140060108 0 0 24.0 1 11
723.606797749979 635.1141009169893 0 0 24.0 1 12
710.8583845827884 651.728156419935 0 0 24.0 1 13
697.2579301909577 667.6522425435433 0 0 24.0 1 14
682.842712474619 682.842712474619 0 0 24.0 1 15
667.6522425435433 697.2579301909577 0 0 24.0 1 16
651.728156419935 710.8583845827884 0 0 24.0 1 17
635.1141009169893 723.606797749979 0 0 24.0 1 18
617.8556140060108 735.4682271781696 0 0 24.0 1 19
600.0 746.4101615137754 0 0 24.0 1 20
581.5961998958187 756.4026096753471 0 0 24.0 1 21
562.6946572303201 765.4181830570403 0 0 24.0 1 22
543.3471798181201 773.4321705988807 0 0 24.0 1 23
523.606797749979 780.4226065180615 0 0 24.0 1 24
503.5276180410083 786.3703305156273 0 0 24.0 1 25
483.1646763271038 791.2590402935223 0 0 24.0 1 26
462.57378601609236 795.0753362380551 0 0 24.0 1 27
441.8113853070614 797.8087581473094 0 0 24.0 1 28
420.9343824971776 799.4518139018296 0 0 24.0 1 29
400.0 800.0 0 0 24.0 1 30
379.0656175028225 799.4518139018296 0 0 24.0 1 31
358.1886146929386 797.8087581473094 0 0 24.0 1 32
337.4262139839077 795.0753362380551 0 0 24.0 1 33
316.83532367289627 791.2590402935223 0 0 24.0 1 34
296.47238195899166 786.3703305156273 0 0 24.0 1 35
276.3932022500211 780.4226065180615 0 0 24.0 1 36
256.65282018187986 773.4321705988807 0 0 24.0 1 37
237.3053427696799 765.4181830570403 0 0 24.0 1 38
218.4038001041813 756.4026096753471 0 0 24.0 1 39
200.00000000000009 746.4101615137755 0 0 24.0 1 40
182.14438599398918 735.4682271781696 0 0 24.0 1 41
164.8858990830108 723.606797749979 0 0 24.0 1 42
148.27184358006508 710.8583845827884 0 0 24.0 1 43
132.3477574564567 697.2579301909577 0 0 24.0 1 44
117.15728752538104 682.842712474619 0 0 24.0 1 45
102.74206980904233 667.6522425435434 0 0 24.0 1 46
89.14161541721165 651.728156419935 0 0 24.0 1 47
76.39320225002109 635.1141009169893 0 0 24.0 1 48
64.53177282183043 617.8556140060109 0 0 24.0 1 49
53.589838486224494 600.0 0 0 24.0 1 50
43.597390324652906 581.5961998958187 0 0 24.0 1 51
34.58181694295968 562.6946572303202 0 0 24.0 1 52
26.567829401119297 543.3471798181201 0 0 24.0 1 53
19.5773934819386 523.606797749979 0 0 24.0 1 54
13.629669484372698 503.5276180410084 0 0 24.0 1 55
8.740959706477724 483.16467632710373 0 0 24.0 1 56
4.924663761944942 462.5737860160924 0 0 24.0 1 57
2.1912418526906663 441.81138530706147 0 0 24.0 1 58
0.5481860981704472 420.9343824971775 0 0 24.0 1 59
0.0 400.00000000000006 0 0 24.0 1 60
0.5481860981704472 379.0656175028226 0 0 24.0 1 61
2.1912418526906663 358.1886146929386 0 0 24.0 1 62
4.924663761944885 337.4262139839077 0 0 24.0 1 63
8.740959706477781 316.8353236728962 0 0 24.0 1 64
13.629669484372698 296.47238195899166 0 0 24.0 1 65
19.577393481938543 276.3932022500211 0 0 24.0 1 66
26.567829401119297 256.65282018187986 0 0 24.0 1 67
34.58181694295968 237.30534276967992 0 0 24.0 1 68
43.59739032465285 218.40380010418136 0 0 24.0 1 69
53.58983848622455 199.99999999999994 0 0 24.0 1 70
64.53177282183037 182.14438599398918 0 0 24.0 1 71
76.39320225002103 164.8858990830108 0 0 24.0 1 72
89.14161541721171 148.27184358006497 0 0 24.0 1 73
102.74206980904228 132.3477574564567 0 0 24.0 1 74
117.15728752538092 117.15728752538104 0 0 24.0 1 75
132.34775745645675 102.74206980904228 0 0 24.0 1 76
148.27184358006485 89.14161541721177 0 0 24.0 1 77
164.8858990830107 76.39320225002109 0 0 24.0 1 78
182.1443859939892 64.53177282183032 0 0 24.0 1 79
199.99999999999983 53.58983848622461 0 0 24.0 1 80
218.40380010418124 43.597390324652906 0 0 24.0 1 81
237.30534276967995 34.58181694295962 0 0 24.0 1 82
256.65282018187975 26.567829401119354 0 0 24.0 1 83
276.393202250021 19.5773934819386 0 0 24.0 1 84
296.4723819589917 13.629669484372698 0 0 24.0 1 85
316.8353236728961 8.740959706477781 0 0 24.0 1 86
337.4262139839076 4.924663761944942 0 0 24.0 1 87
358.18861469293864 2.1912418526906663 0 0 24.0 1 88
379.0656175028223 0.5481860981704472 0 0 24.0 1 89
399.99999999999994 0.0 0 0 24.0 1 90
420.9343824971776 0.5481860981704472 0 0 24.0 1 91
441.8113853070612 2.1912418526906663 0 0 24.0 1 92
462.5737860160923 4.924663761944885 0 0 24.0 1 93
483.1646763271038 8.740959706477781 0 0 24.0 1 94
503.5276180410081 13.629669484372641 0 0 24.0 1 95
523.6067977499789 19.577393481938543 0 0 24.0 1 96
543.3471798181201 26.567829401119297 0 0 24.0 1 97
562.6946572303199 34.58181694295956 0 0 24.0 1 98
581.5961998958187 43.59739032465279 0 0 24.0 1 99
756.4026096753471 218.40380010418122 0 0 24.0 1 100
765.4181830570403 237.30534276967995 0 0 24.0 1 101
773.4321705988806 256.6528201818797 0 0 24.0 1 102
780.4226065180615 276.3932022500209 0 0 24.0 1 103
786.3703305156273 296.4723819589917 0 0 24.0 1 104
791.2590402935223 316.83532367289604 0 0 24.0 1 105
795.0753362380551 337.4262139839076 0 0 24.0 1 106
797.8087581473094 358.18861469293864 0 0 24.0 1 107
799.4518139018296 379.06561750282225 0 0 24.0 1 108
800.0 399.9999999999999 0 0 24.0 1 109
104.18166933200729 455.6103878857371 0 0 11.0 1 110
322.4800259807821 193.04190369048186 0 0 13.0 1 111
321.31787707449797 499.6901375861032 0 0 11.0 1 112
439.9253453753545 732.6123371083199 0 0 10.0 1 113
91.43091558549509 577.5418827871163 0 0 13.0 1 114
617.4517350082826 675.52811642714 0 0 11.0 1 115
566.1412084908072 458.0783853185856 0 0 11.0 1 116
328.0108992308795 217.6992337633947 0 0 11.0 1 117
90.59486060626494 380.80469545062226 0 0 12.0 1 118
237.14223206017243 663.7751834833165 0 0 12.0 1 119
301.6360434961492 495.3600129032529 0 0 11.0 1 120
338.5187973378085 226.57548697138995 0 0 13.0 1 121
508.21927802801997 221.19958651307846 0 0 10.0 1 122
163.41201043935888 562.4657600716347 0 0 13.0 1 123
214.88095063206333 381.91858520161026 0 0 10.0 1 124
198.3189567275018 130.01156175769916 0 0 12.0 1 125
213.865221132734 352.90600785626697 0 0 10.0 1 126
612.3277415291254 700.5676798611935 0 0 10.0 1 127
176.1401455327968 407.92247170538343 0 0 10.0 1 128
494.985801869409 236.6026394239326 0 0 13.0 1 129
218.11789780143448 309.8451282523758 0 0 10.0 1 130
110.63753629844962 580.4171959669281 0 0 12.0 1 131
502.22714076821626 181.75561475640367 0 0 12.0 1 132
352.10296559811616 172.99807468766977 0 0 10.0 1 133
139.5619347939599 448.9593115937553 0 0 11.0 1 134
138.15581285718486 353.16388509367584 0 0 12.0 1 135
537.1311433694002 532.9513050639257 0 0 10.0 1 136
250.68460672513297 287.42152367716204 0 0 11.0 1 137
628.5916047513227 629.6124522695036 0 0 13.0 1 138
568.5787237893667 346.0536017370164 0 0 10.0 1 139
298.9948841249585 144.2208636986405 0 0 13.0 1 140
249.00256316239225 499.8036776299985 0 0 10.0 1 141
392.0113321121745 261.22975396224876 0 0 13.0 1 142
472.49047557284155 729.1111224969816 0 0 13.0 1 143
536.7907313332828 133.00131868994998 0 0 12.0 1 144
398.6901249294865 102.00287882716106 0 0 12.0 1 145
299.1415976028577 307.28224190643886 0 0 13.0 1 146
373.0718416038888 663.6282880978329 0 0 11.0 1 147
270.8616543823042 516.615983857808 0 0 10.0 1 148
604.1724393266636 508.04913243242584 0 0 13.0 1 149
635.9956086780295 501.75987757798435 0 0 13.0 1 150
269.74502828201304 426.88200778860124 0 0 10.0 1 151
248.48332423760766 367.3243673984104 0 0 12.0 1 152
585.3841919662688 333.35390957442735 0 0 11.0 1 153
382.3559637297667 93.50744220439105 0 0 11.0 1 154
597.0627939709921 380.7579826331446 -5 17 13.0 1 155
142.22670007367958 374.8221159527799 -6 -8 13.0 1 156
582.133794427735 382.21571122154273 18 -6 11.0 1 157
502.2953299380365 696.8697786452307 -15 -6 12.0 1 158
502.13707939551784 200.64098462182932 -9 -7 12.0 1 159
368.76040999354956 118.72951093968481 0 -3 13.0 1 160
328.3601424475812 725.2025996357795 11 -3 12.0 1 161
400.9249708795026 191.00204683090297 16 6 10.0 1 162
309.23888353428464 648.9727289039843 15 17 10.0 1 163
437.35318731921507 249.56815697102016 -10 14 10.0 1 164
742.8698002615575 533.6573981065008 10 10 12.0 1 165
250.37475020410565 373.2365057678148 0 1 12.0 1 166
457.98907238525635 568.2892375759589 16 19 12.0 1 167
192.29293219140655 411.03512493614653 -17 -5 12.0 1 168
505.35894964428724 564.0868420375398 -11 11 11.0 1 169
264.0033841506189 196.21108843335992 1 -3 10.0 1 170
354.57838583835667 576.2409627951198 22 17 12.0 1 171
284.1937709860798 603.3344961426258 10 14 10.0 1 172
254.5208559489453 317.99500840697266 16 -16 13.0 1 173
264.4409926391009 348.5339381404823 -5 15 11.0 1 174
731.2160470925342 450.208865237089 4 16 11.0 1 175
303.69481723915203 240.87328391059006 -5 -5 12.0 1 176
509.52261207958026 253.39236908241855 12 -1 10.0 1 177
572.3056123322153 679.0963560471909 -3 17 12.0 1 178
75.81378288733458 422.98470435267217 -11 -3 10.0 1 179
202.83839268890458 205.4330433950682 3 5 13.0 1 180
412.00154136165975 580.6016694411886 -14 2 10.0 1 181
82.44784825416963 416.87100831583945 14 -2 11.0 1 182
453.02237591712463 286.802704749172 19 13 12.0 1 183
539.8026101415987 407.43170220044817 8 -3 11.0 1 184
575.1847660228144 707.6138776998393 4 6 13.0 1 185
176.87632492837457 419.7945856872963 3 9 11.0 1 186
507.0831534068486 613.6684306500268 0 -3 13.0 1 187
549.1494939860656 452.13855045645755 -2 4 13.0 1 188
168.3946534259337 672.9889438023208 0 -5 13.0 1 189
607.3408466192373 383.4539030820578 -4 2 10.0 1 190
157.05640298498574 176.66525422718848 -6 10 11.0 1 191
581.2900370851596 676.9384813521975 9 -12 12.0 1 192
513.1343652609155 113.53077757460619 -16 -11 13.0 1 193
274.8435008991239 355.00165855487126 7 22 13.0 1 194
417.9962004527717 549.9237698607651 13 10 10.0 1 195
342.40211464167743 268.0208971001488 12 3 11.0 1 196
655.7485466876838 278.8320138521002 5 9 11.0 1 197
213.80048992786234 574.226124473042 -3 3 13.0 1 198
497.44381558385874 564.2732565101785 16 22 12.0 1 199
465.83201471216444 554.5643744170609 17 -13 13.0 1 200
331.17945935445994 511.4662872139176 -8 -6 12.0 1 201
426.7256104732249 561.8077307944013 10 6 12.0 1 202
673.4986930927787 258.35796924450005 3 7 10.0 1 203
612.7917172103945 390.5827240323168 19 4 13.0 1 204
410.58315642527623 741.8362134123272 16 17 10.0 1 205
629.3794714193073 434.771512641805 -9 19 12.0 1 206
339.60221743675896 261.6052462647393 12 12 10.0 1 207
356.36911624710666 763.3900741392664 0 6 10.0 1 208
731.7643272171961 487.0714142880503 0 -2 12.0 1 209
356.1606682731639 520.258525659283 -3 -10 13.0 1 210
244.1682162902205 486.02589834362965 20 2 11.0 1 211
475.19330692550227 671.7902989321128 11 13 10.0 1 212
364.5790197622784 257.3313133199897 21 19 13.0 1 213
584.6450080461491 493.56933794591856 -15 9 13.0 1 214
287.26502944057523 537.7491430571008 16 7 10.0 1 215
114.98111985949896 327.8873245299088 4 -5 12.0 1 216
487.3691000599811 574.3319831663399 1 -5 10.0 1 217
93.05654071360516 333.80549266516687 -10 12 11.0 1 218
663.6208636603556 357.65569409037107 6 -3 13.0 1 219
