400 400 7.071067811865475 -7.0710678118654755 5 2 -1 10 187
742.842712474619 57.15728752538092
800.0 400.0 0 0 24.0 1 0
799.4518139018296 420.9343824971775 0 0 24.0 1 1
797.8087581473094 441.8113853070614 0 0 24.0 1 2
795.0753362380551 462.57378601609236 0 0 24.0 1 3
791.2590402935223 483.16467632710373 0 0 24.0 1 4
786.3703305156273 503.5276180410083 0 0 24.0 1 5
780.4226065180615 523.6067977499789 0 0 24.0 1 6
773.4321705988807 543.3471798181201 0 0 24.0 1 7
765.4181830570403 562.6946572303201 0 0 24.0 1 8
756.4026096753471 581.5961998958187 0 0 24.0 1 9
746.4101615137755 600.0 0 0 24.0 1 10
735.4682271781696 617.8556140060108 0 0 24.0 1 11
723.606797749979 635.1141009169893 0 0 24.0 1 12
710.8583845827884 651.728156419935 0 0 24.0 1 13
697.2579301909577 667.6522425435433 0 0 24.0 1 14
682.842712474619 682.842712474619 0 0 24.0 1 15
667.6522425435433 697.2579301909577 0 0 24.0 1 16
651.728156419935 710.8583845827884 0 0 24.0 1 17
635.1141009169893 723.606797749979 0 0 24.0 1 18
617.8556140060108 735.4682271781696 0 0 24.0 1 19
600.0 746.4101615137754 0 0 24.0 1 20
581.5961998958187 756.4026096753471 0 0 24.0 1 21
562.6946572303201 765.4181830570403 0 0 24.0 1 22
543.3471798181201 773.4321705988807 0 0 24.0 1 23
523.606797749979 780.4226065180615 0 0 24.0 1 24
503.5276180410083 786.3703305156273 0 0 24.0 1 25
483.1646763271038 791.2590402935223 0 0 24.0 1 26
462.57378601609236 795.0753362380551 0 0 24.0 1 27
441.8113853070614 797.8087581473094 0 0 24.0 1 28
420.9343824971776 799.4518139018296 0 0 24.0 1 29
400.0 800.0 0 0 24.0 1 30
379.0656175028225 799.4518139018296 0 0 24.0 1 31
358.1886146929386 797.8087581473094 0 0 24.0 1 32
337.4262139839077 795.0753362380551 0 0 24.0 1 33
316.83532367289627 791.2590402935223 0 0 24.0 1 34
296.47238195899166 786.3703305156273 0 0 24.0 1 35
276.3932022500211 780.4226065180615 0 0 24.0 1 36
256.65282018187986 773.4321705988807 0 0 24.0 1 37
237.3053427696799 765.4181830570403 0 0 24.0 1 38
218.4038001041813 756.4026096753471 0 0 24.0 1 39
200.00000000000009 746.4101615137755 0 0 24.0 1 40
182.14438599398918 735.4682271781696 0 0 24.0 1 41
164.8858990830108 723.606797749979 0 0 24.0 1 42
148.27184358006508 710.8583845827884 0 0 24.0 1 43
132.3477574564567 697.2579301909577 0 0 24.0 1 44
117.15728752538104 682.842712474619 0 0 24.0 1 45
102.74206980904233 667.6522425435434 0 0 24.0 1 46
89.14161541721165 651.728156419935 0 0 24.0 1 47
76.39320225002109 635.1141009169893 0 0 24.0 1 48
64.53177282183043 617.8556140060109 0 0 24.0 1 49
53.589838486224494 600.0 0 0 24.0 1 50
43.597390324652906 581.5961998958187 0 0 24.0 1 51
34.58181694295968 562.6946572303202 0 0 24.0 1 52
26.567829401119297 543.3471798181201 0 0 24.0 1 53
19.5773934819386 523.606797749979 0 0 24.0 1 54
13.629669484372698 503.5276180410084 0 0 24.0 1 55
8.740959706477724 483.16467632710373 0 0 24.0 1 56
4.924663761944942 462.5737860160924 0 0 24.0 1 57
2.1912418526906663 441.81138530706147 0 0 24.0 1 58
0.5481860981704472 420.9343824971775 0 0 24.0 1 59
0.0 400.00000000000006 0 0 24.0 1 60
0.5481860981704472 379.0656175028226 0 0 24.0 1 61
2.1912418526906663 358.1886146929386 0 0 24.0 1 62
4.924663761944885 337.4262139839077 0 0 24.0 1 63
8.740959706477781 316.8353236728962 0 0 24.0 1 64
13.629669484372698 296.47238195899166 0 0 24.0 1 65
19.577393481938543 276.3932022500211 0 0 24.0 1 66
26.567829401119297 256.65282018187986 0 0 24.0 1 67
34.58181694295968 237.30534276967992 0 0 24.0 1 68
43.59739032465285 218.40380010418136 0 0 24.0 1 69
53.58983848622455 199.99999999999994 0 0 24.0 1 70
64.53177282183037 182.14438599398918 0 0 24.0 1 71
76.39320225002103 164.8858990830108 0 0 24.0 1 72
89.14161541721171 148.27184358006497 0 0 24.0 1 73
102.74206980904228 132.3477574564567 0 0 24.0 1 74
117.15728752538092 117.15728752538104 0 0 24.0 1 75
132.34775745645675 102.74206980904228 0 0 24.0 1 76
148.27184358006485 89.14161541721177 0 0 24.0 1 77
164.8858990830107 76.39320225002109 0 0 24.0 1 78
182.1443859939892 64.53177282183032 0 0 24.0 1 79
199.99999999999983 53.58983848622461 0 0 24.0 1 80
218.40380010418124 43.597390324652906 0 0 24.0 1 81
237.30534276967995 34.58181694295962 0 0 24.0 1 82
256.65282018187975 26.567829401119354 0 0 24.0 1 83
276.393202250021 19.5773934819386 0 0 24.0 1 84
296.4723819589917 13.629669484372698 0 0 24.0 1 85
316.8353236728961 8.740959706477781 0 0 24.0 1 86
337.4262139839076 4.924663761944942 0 0 24.0 1 87
358.18861469293864 2.1912418526906663 0 0 24.0 1 88
379.0656175028223 0.5481860981704472 0 0 24.0 1 89
399.99999999999994 0.0 0 0 24.0 1 90
420.9343824971776 0.5481860981704472 0 0 24.0 1 91
441.8113853070612 2.1912418526906663 0 0 24.0 1 92
462.5737860160923 4.924663761944885 0 0 24.0 1 93
483.1646763271038 8.740959706477781 0 0 24.0 1 94
503.5276180410081 13.629669484372641 0 0 24.0 1 95
523.6067977499789 19.577393481938543 0 0 24.0 1 96
543.3471798181201 26.567829401119297 0 0 24.0 1 97
562.6946572303199 34.58181694295956 0 0 24.0 1 98
581.5961998958187 43.59739032465279 0 0 24.0 1 99
756.4026096753471 218.40380010418122 0 0 24.0 1 100
765.4181830570403 237.30534276967995 0 0 24.0 1 101
773.4321705988806 256.6528201818797 0 0 24.0 1 102
780.4226065180615 276.3932022500209 0 0 24.0 1 103
786.3703305156273 296.4723819589917 0 0 24.0 1 104
791.2590402935223 316.83532367289604 0 0 24.0 1 105
795.0753362380551 337.4262139839076 0 0 24.0 1 106
797.8087581473094 358.18861469293864 0 0 24.0 1 107
799.4518139018296 379.06561750282225 0 0 24.0 1 108
800.0 399.9999999999999 0 0 24.0 1 109
361.4951490377471 720.6967047731778 0 0 13.0 1 110
752.9509762065528 459.91334070840486 0 0 11.0 1 111
554.6640946832026 460.29110892847586 0 0 10.0 1 112
739.1429546065406 532.2046003009953 0 0 12.0 1 113
406.9035479537302 88.0763859121106 0 0 11.0 1 114
550.5253680906815 325.3936091131271 0 0 10.0 1 115
593.7777699874816 248.4540470395905 0 0 12.0 1 116
619.4907719959493 481.1159725863051 0 0 13.0 1 117
474.3299308682322 555.1098364937692 0 0 13.0 1 118
505.93042629395114 101.22291790503448 0 0 10.0 1 119
606.7201857782023 607.643359614088 0 0 11.0 1 120
561.2962296048362 278.3960267291239 0 0 13.0 1 121
481.55940753032485 578.2247542944089 0 0 12.0 1 122
586.6999653297262 209.12799328901303 0 0 13.0 1 123
188.40858621957037 375.5444563667251 0 0 13.0 1 124
210.85111380139008 127.15077634373722 0 0 10.0 1 125
195.00803058909938 398.1854815954672 0 0 13.0 1 126
623.9089695399615 595.1250198194804 0 0 10.0 1 127
667.2955898923153 327.3221655240117 0 0 13.0 1 128
546.9095422528211 728.660290261946 0 0 11.0 1 129
405.7529566281085 140.06365492675883 0 0 13.0 1 130
437.38353896035665 766.0962592198935 0 0 10.0 1 131
526.3337910761077 337.3839219342317 0 0 12.0 1 132
325.09356942151436 563.6735368286227 0 0 12.0 1 133
396.0302525803052 698.9736461720729 0 0 12.0 1 134
436.6983341506973 240.15872788743278 0 0 12.0 1 135
311.1222418093342 89.46861012290316 0 0 12.0 1 136
233.58106929827966 75.14658766745885 0 0 10.0 1 137
659.5734171083545 531.5395040689 0 0 10.0 1 138
430.51011467489775 654.1753979096416 0 0 12.0 1 139
116.27808901863995 387.43507942383985 0 0 10.0 1 140
732.9662182408495 252.93029710240432 0 0 10.0 1 141
227.0974889734665 611.2669441269019 0 0 10.0 1 142
387.81584466029494 188.35041611508439 0 0 11.0 1 143
283.1387867578456 355.6327052935192 0 0 13.0 1 144
508.4698409763156 626.3521451159074 0 0 11.0 1 145
336.1227508938341 549.9623187558423 0 0 13.0 1 146
260.39599048906564 446.04042276598847 0 0 10.0 1 147
601.4519871302509 554.7032542685293 0 0 10.0 1 148
57.4664235133917 276.8466444659633 0 0 11.0 1 149
397.4774180276187 589.9832534203808 0 0 13.0 1 150
379.13750760229743 37.60000495177184 0 0 11.0 1 151
399.098911444781 195.00198040123496 0 0 11.0 1 152
276.87780386128395 241.12292544869936 0 0 13.0 1 153
432.4058394792222 717.3497464433317 0 0 11.0 1 154
491.7188537582468 492.1284530710971 19 -9 12.0 1 155
105.01155621358203 397.38886375933083 -11 -14 10.0 1 156
212.66801201738983 280.8751651481389 -17 -5 10.0 1 157
309.5015687920443 158.39281064318698 -1 17 12.0 1 158
472.61504981271725 206.15456017564767 4 12 12.0 1 159
207.85370054267054 223.3625192524127 -3 -3 10.0 1 160
599.379383161056 531.790976816764 11 -4 10.0 1 161
301.20362719787727 173.61917766483845 -14 17 10.0 1 162
412.47804800075994 183.3590566903598 -4 -14 10.0 1 163
371.6104813931158 95.31978201191112 9 19 10.0 1 164
448.5120672784075 549.3170429936758 9 2 13.0 1 165
339.0145081396136 732.4526579568086 -1 -14 11.0 1 166
264.0212375143151 402.4033628235624 -5 6 12.0 1 167
230.56125597208913 238.61068182111896 -5 18 12.0 1 168
689.489808547634 321.28754388882135 9 -14 10.0 1 169
556.9462327146889 64.9360060575492 1 -10 12.0 1 170
99.00000013675663 399.9909265496388 18 -10 11.0 1 171
419.8268966401359 543.6380665757562 7 8 13.0 1 172
281.25980957392085 626.7967530137468 7 -2 11.0 1 173
382.52976429714477 758.5746656757651 -6 1 12.0 1 174
92.10858356236423 391.82224456061823 -7 -5 11.0 1 175
61.968120161817126 285.1808020709765 6 18 11.0 1 176
636.2360665836376 228.37097901260654 -7 -17 10.0 1 177
345.14064962202167 649.0290177391105 8 0 11.0 1 178
247.60098255575923 553.0703742793817 -12 -2 12.0 1 179
635.6044524794133 167.51012501212912 -8 -8 11.0 1 180
692.3614393378539 347.7143538980502 -5 21 10.0 1 181
474.7883205893702 536.9040068932301 -13 2 11.0 1 182
489.0230567375339 585.7710832425375 17 5 13.0 1 183
678.6751689707319 189.90204618051598 7 -6 10.0 1 184
607.9192020230978 450.6518057928664 -16 -5 10.0 1 185
536.6007817293162 586.2826519860068 -11 -2 10.0 1 186
462.16167774274146 43.377053710494465 -10 -14 13.0 1 187
288.29076760840275 604.4750532423947 -5 -5 10.0 1 188
378.89981851294505 575.7378227394813 18 13 11.0 1 189
417.88336002601375 612.2479338749379 -4 -6 13.0 1 190
224.7446945246291 156.51370079050764 8 15 10.0 1 191
565.5308695812 377.8972577336719 -4 8 12.0 1 192
315.5229939954198 186.07563145704478 10 14 11.0 1 193
371.9616400648819 147.5522819034627 4 12 12.0 1 194
361.33256214201526 539.7491654697762 -1 -7 11.0 1 195
86.21385213078747 332.3298189347725 19 3 13.0 1 196
115.51891466209833 274.3357167490718 -15 -12 11.0 1 197
617.1522543727434 330.50972427141096 2 -16 13.0 1 198
171.4182447872678 551.0840202796662 -7 14 12.0 1 199
341.28009944449894 592.2315616093051 7 2 12.0 1 200
263.12393804265525 120.74036513837319 0 0 12.0 1 201
529.5508112296192 719.7523843691358 -2 19 13.0 1 202
569.7770501336189 462.74355144496246 -11 -9 10.0 1 203
243.34709202198113 151.21120117249984 16 -11 10.0 1 204
322.0812846274513 602.5282049362304 0 8 13.0 1 205
122.46247342073525 546.8636147596263 16 8 11.0 1 206
546.1715470360577 415.5845704812657 0 -6 10.0 1 207
562.1177859932365 463.19670453948675 -1 -8 12.0 1 208
200.6378091311623 89.4911968204812 17 22 10.0 1 209
583.2404793603511 330.4376055343927 -10 20 13.0 1 210
385.6496583009238 270.79447498996126 14 4 11.0 1 211
83.14658507317887 307.78333421115394 -10 -8 13.0 1 212
473.50767364426076 51.671675117556845 -9 2 13.0 1 213
35.22836214049477 412.90938469850425 -14 5 12.0 1 214
125.9518942229181 325.47728051128746 4 5 11.0 1 215
100.62957557648076 484.2517001637473 1 19 13.0 1 216
127.52386111454945 383.0957479290964 15 -6 10.0 1 217
293.7405235164919 562.3111938759948 -2 -9 12.0 1 218
549.6896133604612 226.69674079234505 -13 1 11.0 1 219
