400 400 -7.071067811865475 -7.071067811865477 5 2 -1 10 187
57.15728752538104 57.15728752538092
800.0 400.0 0 0 24.0 1 0
799.4518139018296 420.9343824971775 0 0 24.0 1 1
797.8087581473094 441.8113853070614 0 0 24.0 1 2
795.0753362380551 462.57378601609236 0 0 24.0 1 3
791.2590402935223 483.16467632710373 0 0 24.0 1 4
786.3703305156273 503.5276180410083 0 0 24.0 1 5
780.4226065180615 523.6067977499789 0 0 24.0 1 6
773.4321705988807 543.3471798181201 0 0 24.0 1 7
765.4181830570403 562.6946572303201 0 0 24.0 1 8
756.4026096753471 581.5961998958187 0 0 24.0 1 9
746.4101615137755 600.0 0 0 24.0 1 10
735.4682271781696 617.8556140060108 0 0 24.0 1 11
723.606797749979 635.1141009169893 0 0 24.0 1 12
710.8583845827884 651.728156419935 0 0 24.0 1 13
697.2579301909577 667.6522425435433 0 0 24.0 1 14
682.842712474619 682.842712474619 0 0 24.0 1 15
667.6522425435433 697.2579301909577 0 0 24.0 1 16
651.728156419935 710.8583845827884 0 0 24.0 1 17
635.1141009169893 723.606797749979 0 0 24.0 1 18
617.8556140060108 735.4682271781696 0 0 24.0 1 19
600.0 746.4101615137754 0 0 24.0 1 20
581.5961998958187 756.4026096753471 0 0 24.0 1 21
562.6946572303201 765.4181830570403 0 0 24.0 1 22
543.3471798181201 773.4321705988807 0 0 24.0 1 23
523.606797749979 780.4226065180615 0 0 24.0 1 24
503.5276180410083 786.3703305156273 0 0 24.0 1 25
483.1646763271038 791.2590402935223 0 0 24.0 1 26
462.57378601609236 795.0753362380551 0 0 24.0 1 27
441.8113853070614 797.8087581473094 0 0 24.0 1 28
420.9343824971776 799.4518139018296 0 0 24.0 1 29
400.0 800.0 0 0 24.0 1 30
379.0656175028225 799.4518139018296 0 0 24.0 1 31
358.1886146929386 797.8087581473094 0 0 24.0 1 32
337.4262139839077 795.0753362380551 0 0 24.0 1 33
316.83532367289627 791.2590402935223 0 0 24.0 1 34
296.47238195899166 786.3703305156273 0 0 24.0 1 35
276.3932022500211 780.4226065180615 0 0 24.0 1 36
256.65282018187986 773.4321705988807 0 0 24.0 1 37
237.3053427696799 765.4181830570403 0 0 24.0 1 38
218.4038001041813 756.4026096753471 0 0 24.0 1 39
200.00000000000009 746.4101615137755 0 0 24.0 1 40
182.14438599398918 735.4682271781696 0 0 24.0 1 41
164.8858990830108 723.606797749979 0 0 24.0 1 42
148.27184358006508 710.8583845827884 0 0 24.0 1 43
132.3477574564567 697.2579301909577 0 0 24.0 1 44
117.15728752538104 682.842712474619 0 0 24.0 1 45
102.74206980904233 667.6522425435434 0 0 24.0 1 46
89.14161541721165 651.728156419935 0 0 24.0 1 47
76.39320225002109 635.1141009169893 0 0 24.0 1 48
64.53177282183043 617.8556140060109 0 0 24.0 1 49
53.589838486224494 600.0 0 0 24.0 1 50
43.597390324652906 581.5961998958187 0 0 24.0 1 51
34.58181694295968 562.6946572303202 0 0 24.0 1 52
26.567829401119297 543.3471798181201 0 0 24.0 1 53
19.5773934819386 523.606797749979 0 0 24.0 1 54
13.629669484372698 503.5276180410084 0 0 24.0 1 55
8.740959706477724 483.16467632710373 0 0 24.0 1 56
4.924663761944942 462.5737860160924 0 0 24.0 1 57
2.1912418526906663 441.81138530706147 0 0 24.0 1 58
0.5481860981704472 420.9343824971775 0 0 24.0 1 59
0.0 400.00000000000006 0 0 24.0 1 60
0.5481860981704472 379.0656175028226 0 0 24.0 1 61
2.1912418526906663 358.1886146929386 0 0 24.0 1 62
4.924663761944885 337.4262139839077 0 0 24.0 1 63
8.740959706477781 316.8353236728962 0 0 24.0 1 64
13.629669484372698 296.47238195899166 0 0 24.0 1 65
19.577393481938543 276.3932022500211 0 0 24.0 1 66
26.567829401119297 256.65282018187986 0 0 24.0 1 67
34.58181694295968 237.30534276967992 0 0 24.0 1 68
43.59739032465285 218.40380010418136 0 0 24.0 1 69
218.40380010418124 43.597390324652906 0 0 24.0 1 70
237.30534276967995 34.58181694295962 0 0 24.0 1 71
256.65282018187975 26.567829401119354 0 0 24.0 1 72
276.393202250021 19.5773934819386 0 0 24.0 1 73
296.4723819589917 13.629669484372698 0 0 24.0 1 74
316.8353236728961 8.740959706477781 0 0 24.0 1 75
337.4262139839076 4.924663761944942 0 0 24.0 1 76
358.18861469293864 2.1912418526906663 0 0 24.0 1 77
379.0656175028223 0.5481860981704472 0 0 24.0 1 78
399.99999999999994 0.0 0 0 24.0 1 79
420.9343824971776 0.5481860981704472 0 0 24.0 1 80
441.8113853070612 2.1912418526906663 0 0 24.0 1 81
462.5737860160923 4.924663761944885 0 0 24.0 1 82
483.1646763271038 8.740959706477781 0 0 24.0 1 83
503.5276180410081 13.629669484372641 0 0 24.0 1 84
523.6067977499789 19.577393481938543 0 0 24.0 1 85
543.3471798181201 26.567829401119297 0 0 24.0 1 86
562.6946572303199 34.58181694295956 0 0 24.0 1 87
581.5961998958187 43.59739032465279 0 0 24.0 1 88
600.0 53.58983848622455 0 0 24.0 1 89
617.8556140060107 64.53177282183032 0 0 24.0 1 90
635.1141009169892 76.39320225002098 0 0 24.0 1 91
651.728156419935 89.14161541721171 0 0 24.0 1 92
667.6522425435431 102.74206980904216 0 0 24.0 1 93
682.842712474619 117.15728752538092 0 0 24.0 1 94
697.2579301909577 132.34775745645675 0 0 24.0 1 95
710.8583845827882 148.27184358006485 0 0 24.0 1 96
723.6067977499789 164.88589908301066 0 0 24.0 1 97
735.4682271781696 182.1443859939892 0 0 24.0 1 98
746.4101615137754 199.99999999999983 0 0 24.0 1 99
756.4026096753471 218.40380010418122 0 0 24.0 1 100
765.4181830570403 237.30534276967995 0 0 24.0 1 101
773.4321705988806 256.6528201818797 0 0 24.0 1 102
780.4226065180615 276.3932022500209 0 0 24.0 1 103
786.3703305156273 296.4723819589917 0 0 24.0 1 104
791.2590402935223 316.83532367289604 0 0 24.0 1 105
795.0753362380551 337.4262139839076 0 0 24.0 1 106
797.8087581473094 358.18861469293864 0 0 24.0 1 107
799.4518139018296 379.06561750282225 0 0 24.0 1 108
800.0 399.9999999999999 0 0 24.0 1 109
308.5046117711372 228.93102580289528 0 0 13.0 1 110
601.1218679956551 109.89830366931966 0 0 13.0 1 111
281.581115315659 448.5897905955228 0 0 10.0 1 112
235.3773666917866 502.6420411072846 0 0 12.0 1 113
182.0869554047145 199.67550076135694 0 0 13.0 1 114
223.3202840050844 231.71370241176507 0 0 12.0 1 115
731.2160470925342 450.208865237089 0 0 10.0 1 116
443.35012263302065 694.8300643891359 0 0 12.0 1 117
266.6110435176621 368.7528195103467 0 0 11.0 1 118
182.21346269740673 390.3550961774545 0 0 11.0 1 119
486.2738132921226 52.550969004033675 0 0 12.0 1 120
277.23081037680424 72.23830901207538 0 0 12.0 1 121
294.028423744936 539.2660225109382 0 0 10.0 1 122
635.578626100807 340.40376753136 0 0 11.0 1 123
281.1336158088342 282.69789980857905 0 0 10.0 1 124
300.1157082872703 51.012710447720906 0 0 11.0 1 125
322.9386746989209 611.3919396354584 0 0 10.0 1 126
134.23442871993893 155.68532356368195 0 0 13.0 1 127
648.3724694963859 163.44109317916838 0 0 13.0 1 128
216.82078775391005 475.1623323274493 0 0 13.0 1 129
329.3429254310694 507.9285773711512 0 0 13.0 1 130
508.21927802801997 221.19958651307846 0 0 13.0 1 131
568.8763645527862 380.48658165685816 0 0 13.0 1 132
221.41846867060332 480.7752231073843 0 0 11.0 1 133
369.3577332104074 585.4859873036112 0 0 11.0 1 134
551.5519822851779 272.5794495953141 0 0 12.0 1 135
452.7172239420487 97.56009803624806 0 0 12.0 1 136
107.71944481964312 336.9676506588691 0 0 11.0 1 137
175.71283314893898 463.1210486757335 0 0 12.0 1 138
669.8607792816259 470.8248530214753 0 0 12.0 1 139
58.75290541001232 313.6610144031561 0 0 11.0 1 140
551.5672687645011 436.92374627891195 0 0 10.0 1 141
315.9378526242674 228.49327891134817 0 0 13.0 1 142
86.87399051517684 208.58134316605805 0 0 11.0 1 143
175.49512181167756 518.8005036590607 0 0 11.0 1 144
590.4520743776284 135.41729579343564 0 0 12.0 1 145
436.4409615176948 598.6858231572295 0 0 10.0 1 146
492.3916943034519 543.8915384021503 0 0 11.0 1 147
728.884276184368 391.27458432598627 0 0 10.0 1 148
597.37253668562 384.24938851080503 0 0 13.0 1 149
495.7549474305881 636.3387188815352 0 0 10.0 1 150
215.10694194431105 106.36151975121578 0 0 10.0 1 151
549.3110105826229 81.23641657366841 0 0 12.0 1 152
419.81442707107624 635.1667248567386 0 0 10.0 1 153
274.84723790135627 284.9487673291577 0 0 13.0 1 154
229.4781777223266 328.25525714659256 11 -5 10.0 1 155
476.7124865349957 610.4547324476646 11 -16 12.0 1 156
535.1076134228338 301.8423064900866 21 -13 11.0 1 157
502.1142748925957 272.95010876368525 -9 -7 11.0 1 158
460.95965634992604 50.27307753377215 -10 3 10.0 1 159
551.0148781131514 676.4407831497915 -10 -11 11.0 1 160
247.37226141389843 310.3686806183651 -4 -7 13.0 1 161
200.9472587441541 380.55761849635513 18 8 12.0 1 162
59.61981245250354 366.7535276287673 19 -7 11.0 1 163
673.7093225175671 340.9813015479464 17 -14 12.0 1 164
381.56533027887906 234.02059479479635 16 1 11.0 1 165
540.0807311877176 138.10996821201002 -3 -4 10.0 1 166
564.6574281885858 266.46374521381574 9 7 11.0 1 167
626.5470022603347 309.377399249106 11 6 13.0 1 168
720.9798676154971 472.2005857700469 -13 -11 12.0 1 169
673.2399323890236 456.39981691496735 2 -17 10.0 1 170
243.22352363926052 686.967134807996 -7 -1 13.0 1 171
247.07638989187467 668.5058090088519 8 17 10.0 1 172
537.5744772721537 641.5724802275575 12 -14 12.0 1 173
515.2060257462877 670.4876552298565 4 -12 10.0 1 174
492.4659435912895 653.6731150038814 14 -1 11.0 1 175
526.7213774224439 454.6414906838982 20 19 10.0 1 176
116.42946100777914 178.21688654078878 20 4 12.0 1 177
278.68548462451986 461.47185013656576 13 -8 10.0 1 178
615.446329839069 208.87993575012837 -4 -7 10.0 1 179
388.6544502743487 249.42683339511393 20 10 10.0 1 180
240.575729478562 237.00336822894974 13 -16 12.0 1 181
141.27361806489074 254.15878740641247 1 -8 12.0 1 182
492.48026282442845 592.9854942422478 -1 13 12.0 1 183
595.724867469451 241.26822544283763 5 -10 12.0 1 184
421.23141207259386 607.918799393907 14 12 10.0 1 185
520.5885623827087 630.3440874484769 15 10 12.0 1 186
252.69817057008441 330.2062248721274 -13 -10 13.0 1 187
498.098222715632 604.7089121167768 18 -17 13.0 1 188
269.3336789882827 511.8495085070241 -13 19 13.0 1 189
698.5934849343562 324.4623884759625 17 2 10.0 1 190
352.6194183713442 280.01633242590776 -10 -13 11.0 1 191
139.6121766214349 259.237144685918 -14 -3 13.0 1 192
537.2367856905075 613.7336301412057 18 17 11.0 1 193
538.9199449113858 604.2308715787541 8 -10 10.0 1 194
372.4545580455258 566.740063054842 7 1 12.0 1 195
208.57221155803336 123.86343629968587 17 4 11.0 1 196
173.33856850423288 198.91893308347085 16 19 10.0 1 197
692.9284014330406 526.3089531026343 -17 4 10.0 1 198
265.97650890119985 252.8990012484965 -16 -11 12.0 1 199
585.9629560094096 121.35546121941957 18 9 13.0 1 200
717.0773768238193 471.3227670980707 7 13 12.0 1 201
764.1857499262265 445.36231421204144 -5 -6 12.0 1 202
715.8981407516824 363.4984292169465 22 -2 13.0 1 203
217.74020265630202 545.1563511260673 0 12 10.0 1 204
604.3507753919434 574.9335891037266 -7 21 11.0 1 205
593.5194354959913 368.91579041839975 20 -11 10.0 1 206
494.04299031557866 605.504053421104 -5 -7 11.0 1 207
157.25206752493622 445.6337734477643 21 3 10.0 1 208
204.191920590329 391.3284350953261 20 15 12.0 1 209
427.24052073847486 548.5225707759488 21 -12 13.0 1 210
325.76523781158966 530.3426257324525 8 15 10.0 1 211
545.0300975067627 577.2209660767567 6 -12 11.0 1 212
305.95434550441706 300.3786424982201 14 17 10.0 1 213
410.79977073807424 748.8328610552696 -14 14 13.0 1 214
118.67231237661491 608.2179919614995 19 11 13.0 1 215
348.0019090515143 280.8521987709676 -14 -14 13.0 1 216
36.06150930027826 438.7914293009234 13 -9 12.0 1 217
261.54525261608643 676.2449690525724 4 -14 11.0 1 218
102.16790161942737 310.4620685171647 20 17 13.0 1 219
