400 400 -7.071067811865475 7.0710678118654755 5 2 -1 10 187
57.15728752538104 742.842712474619
800.0 400.0 0 0 24.0 1 0
799.4518139018296 420.9343824971775 0 0 24.0 1 1
797.8087581473094 441.8113853070614 0 0 24.0 1 2
795.0753362380551 462.57378601609236 0 0 24.0 1 3
791.2590402935223 483.16467632710373 0 0 24.0 1 4
786.3703305156273 503.5276180410083 0 0 24.0 1 5
780.4226065180615 523.6067977499789 0 0 24.0 1 6
773.4321705988807 543.3471798181201 0 0 24.0 1 7
765.4181830570403 562.6946572303201 0 0 24.0 1 8
756.4026096753471 581.5961998958187 0 0 24.0 1 9
746.4101615137755 600.0 0 0 24.0 1 10
735.4682271781696 617.8556140060108 0 0 24.0 1 11
723.606797749979 635.1141009169893 0 0 24.0 1 12
710.8583845827884 651.728156419935 0 0 24.0 1 13
697.2579301909577 667.6522425435433 0 0 24.0 1 14
682.842712474619 682.842712474619 0 0 24.0 1 15
667.6522425435433 697.2579301909577 0 0 24.0 1 16
651.728156419935 710.8583845827884 0 0 24.0 1 17
635.1141009169893 723.606797749979 0 0 24.0 1 18
617.8556140060108 735.4682271781696 0 0 24.0 1 19
600.0 746.4101615137754 0 0 24.0 1 20
581.5961998958187 756.4026096753471 0 0 24.0 1 21
562.6946572303201 765.4181830570403 0 0 24.0 1 22
543.3471798181201 773.4321705988807 0 0 24.0 1 23
523.606797749979 780.4226065180615 0 0 24.0 1 24
503.5276180410083 786.3703305156273 0 0 24.0 1 25
483.1646763271038 791.2590402935223 0 0 24.0 1 26
462.57378601609236 795.0753362380551 0 0 24.0 1 27
441.8113853070614 797.8087581473094 0 0 24.0 1 28
420.9343824971776 799.4518139018296 0 0 24.0 1 29
400.0 800.0 0 0 24.0 1 30
379.0656175028225 799.4518139018296 0 0 24.0 1 31
358.1886146929386 797.8087581473094 0 0 24.0 1 32
337.4262139839077 795.0753362380551 0 0 24.0 1 33
316.83532367289627 791.2590402935223 0 0 24.0 1 34
296.47238195899166 786.3703305156273 0 0 24.0 1 35
276.3932022500211 780.4226065180615 0 0 24.0 1 36
256.65282018187986 773.4321705988807 0 0 24.0 1 37
237.3053427696799 765.4181830570403 0 0 24.0 1 38
218.4038001041813 756.4026096753471 0 0 24.0 1 39
43.597390324652906 581.5961998958187 0 0 24.0 1 40
34.58181694295968 562.6946572303202 0 0 24.0 1 41
26.567829401119297 543.3471798181201 0 0 24.0 1 42
19.5773934819386 523.606797749979 0 0 24.0 1 43
13.629669484372698 503.5276180410084 0 0 24.0 1 44
8.740959706477724 483.16467632710373 0 0 24.0 1 45
4.924663761944942 462.5737860160924 0 0 24.0 1 46
2.1912418526906663 441.81138530706147 0 0 24.0 1 47
0.5481860981704472 420.9343824971775 0 0 24.0 1 48
0.0 400.00000000000006 0 0 24.0 1 49
0.5481860981704472 379.0656175028226 0 0 24.0 1 50
2.1912418526906663 358.1886146929386 0 0 24.0 1 51
4.924663761944885 337.4262139839077 0 0 24.0 1 52
8.740959706477781 316.8353236728962 0 0 24.0 1 53
13.629669484372698 296.47238195899166 0 0 24.0 1 54
19.577393481938543 276.3932022500211 0 0 24.0 1 55
26.567829401119297 256.65282018187986 0 0 24.0 1 56
34.58181694295968 237.30534276967992 0 0 24.0 1 57
43.59739032465285 218.40380010418136 0 0 24.0 1 58
53.58983848622455 199.99999999999994 0 0 24.0 1 59
64.53177282183037 182.14438599398918 0 0 24.0 1 60
76.39320225002103 164.8858990830108 0 0 24.0 1 61
89.14161541721171 148.27184358006497 0 0 24.0 1 62
102.74206980904228 132.3477574564567 0 0 24.0 1 63
117.15728752538092 117.15728752538104 0 0 24.0 1 64
132.34775745645675 102.74206980904228 0 0 24.0 1 65
148.27184358006485 89.14161541721177 0 0 24.0 1 66
164.8858990830107 76.39320225002109 0 0 24.0 1 67
182.1443859939892 64.53177282183032 0 0 24.0 1 68
199.99999999999983 53.58983848622461 0 0 24.0 1 69
218.40380010418124 43.597390324652906 0 0 24.0 1 70
237.30534276967995 34.58181694295962 0 0 24.0 1 71
256.65282018187975 26.567829401119354 0 0 24.0 1 72
276.393202250021 19.5773934819386 0 0 24.0 1 73
296.4723819589917 13.629669484372698 0 0 24.0 1 74
316.8353236728961 8.740959706477781 0 0 24.0 1 75
337.4262139839076 4.924663761944942 0 0 24.0 1 76
358.18861469293864 2.1912418526906663 0 0 24.0 1 77
379.0656175028223 0.5481860981704472 0 0 24.0 1 78
399.99999999999994 0.0 0 0 24.0 1 79
420.9343824971776 0.5481860981704472 0 0 24.0 1 80
441.8113853070612 2.1912418526906663 0 0 24.0 1 81
462.5737860160923 4.924663761944885 0 0 24.0 1 82
483.1646763271038 8.740959706477781 0 0 24.0 1 83
503.5276180410081 13.629669484372641 0 0 24.0 1 84
523.6067977499789 19.577393481938543 0 0 24.0 1 85
543.3471798181201 26.567829401119297 0 0 24.0 1 86
562.6946572303199 34.58181694295956 0 0 24.0 1 87
581.5961998958187 43.59739032465279 0 0 24.0 1 88
600.0 53.58983848622455 0 0 24.0 1 89
617.8556140060107 64.53177282183032 0 0 24.0 1 90
635.1141009169892 76.39320225002098 0 0 24.0 1 91
651.728156419935 89.14161541721171 0 0 24.0 1 92
667.6522425435431 102.74206980904216 0 0 24.0 1 93
682.842712474619 117.15728752538092 0 0 24.0 1 94
697.2579301909577 132.34775745645675 0 0 24.0 1 95
710.8583845827882 148.27184358006485 0 0 24.0 1 96
723.6067977499789 164.88589908301066 0 0 24.0 1 97
735.4682271781696 182.1443859939892 0 0 24.0 1 98
746.4101615137754 199.99999999999983 0 0 24.0 1 99
756.4026096753471 218.40380010418122 0 0 24.0 1 100
765.4181830570403 237.30534276967995 0 0 24.0 1 101
773.4321705988806 256.6528201818797 0 0 24.0 1 102
780.4226065180615 276.3932022500209 0 0 24.0 1 103
786.3703305156273 296.4723819589917 0 0 24.0 1 104
791.2590402935223 316.83532367289604 0 0 24.0 1 105
795.0753362380551 337.4262139839076 0 0 24.0 1 106
797.8087581473094 358.18861469293864 0 0 24.0 1 107
799.4518139018296 379.06561750282225 0 0 24.0 1 108
800.0 399.9999999999999 0 0 24.0 1 109
564.2890512238345 553.7338858156272 0 0 11.0 1 110
702.9723049345796 511.9677741255408 0 0 10.0 1 111
672.9189438151254 270.69706071849566 0 0 10.0 1 112
121.80276043676173 642.4196689614813 0 0 12.0 1 113
599.3363140083216 547.5433289497557 0 0 13.0 1 114
587.3195580005333 442.13529625486024 0 0 10.0 1 115
553.5528006559929 72.18063295360218 0 0 10.0 1 116
315.4977366694206 227.59533796324004 0 0 13.0 1 117
614.1583117374201 419.00572318481926 0 0 11.0 1 118
651.9405641828631 133.13870247032713 0 0 11.0 1 119
428.0424518717774 732.8207038226724 0 0 11.0 1 120
285.01049691772926 335.18168329173886 0 0 12.0 1 121
329.88091667226536 117.57423249059195 0 0 10.0 1 122
306.7703973607738 578.0708881084496 0 0 11.0 1 123
85.11747112099647 559.5556110162331 0 0 11.0 1 124
558.4952339705169 586.8268203675027 0 0 12.0 1 125
591.2985594112118 541.5940011695236 0 0 10.0 1 126
474.51551995233046 75.44424625923847 0 0 12.0 1 127
450.1248073946141 258.62283181626236 0 0 13.0 1 128
304.4155849156099 76.83963796131337 0 0 12.0 1 129
452.97039865565364 258.59583858223573 0 0 12.0 1 130
472.38895323188234 758.7698976363434 0 0 11.0 1 131
627.6521822839486 266.3194707470237 0 0 11.0 1 132
174.06164604996235 300.1958907942789 0 0 13.0 1 133
424.7494364956179 579.2999313807716 0 0 13.0 1 134
626.4217628150241 666.8954576678609 0 0 12.0 1 135
565.1366555142716 237.04637160970984 0 0 13.0 1 136
691.9781761772786 592.9993384345917 0 0 13.0 1 137
276.0654022812334 101.72292161768871 0 0 13.0 1 138
402.7420473427617 606.9818377934887 0 0 10.0 1 139
88.68172792290068 281.8055269019352 0 0 11.0 1 140
284.19658241192667 469.38709155831725 0 0 11.0 1 141
720.545033965603 490.2212901702831 0 0 11.0 1 142
312.6096530633436 605.1631722856001 0 0 11.0 1 143
695.8166541944074 455.6193051127609 0 0 13.0 1 144
232.53494926060532 278.32643351634687 0 0 10.0 1 145
181.34571762386392 276.7469886835338 0 0 10.0 1 146
522.6556890955103 160.59118242532182 0 0 12.0 1 147
463.82643829320074 290.20388998327746 0 0 10.0 1 148
273.5782774825589 287.84587356800847 0 0 11.0 1 149
392.19989339462455 47.08618851489422 0 0 13.0 1 150
242.41512619555235 458.2323582558384 0 0 13.0 1 151
201.71849863107948 572.7814984739014 0 0 12.0 1 152
701.7797961859043 479.201986174553 0 0 11.0 1 153
353.51381010899695 630.3563199684731 0 0 11.0 1 154
334.76056205519717 61.224534925201226 -8 0 10.0 1 155
226.72377516451246 503.8236481094821 15 3 11.0 1 156
296.8037887330054 163.53744063776648 19 -15 12.0 1 157
606.6109414496367 489.0893869846167 -11 -5 13.0 1 158
348.1215711764082 205.810328228313 -12 -8 11.0 1 159
478.6569325962514 228.1451573142358 19 -5 11.0 1 160
610.6869948804701 336.66762132813307 -11 13 12.0 1 161
611.2542783369148 222.38347519346814 -8 -5 11.0 1 162
614.4561117356429 142.64115298045522 -6 18 12.0 1 163
609.9276082853127 686.2785344373698 -17 4 13.0 1 164
729.4378465403715 300.9711897130808 0 -14 12.0 1 165
540.1012454837919 301.95592310654223 17 7 11.0 1 166
679.9561264213535 404.9565390295158 -6 15 10.0 1 167
452.8719062473587 573.1056369092887 -11 20 10.0 1 168
204.7569847511709 226.79155622041546 -13 12 12.0 1 169
515.7536627179846 717.5611587826368 15 6 12.0 1 170
205.72503093597948 374.05320067573143 22 2 11.0 1 171
457.86151632210635 609.143598823647 4 -10 13.0 1 172
689.0585850662319 272.32410407791144 9 19 12.0 1 173
528.9220015196895 353.65221122688604 14 -3 13.0 1 174
118.61984675345695 509.6777523427242 14 -12 10.0 1 175
121.39634646936406 165.74372102464068 -6 2 10.0 1 176
718.7789535392969 354.5689667695006 -11 -12 11.0 1 177
687.0718443488136 628.6454814383407 -4 10 12.0 1 178
257.4438453192861 300.2315542736664 7 16 12.0 1 179
553.9193427235948 649.3147326884966 1 18 13.0 1 180
619.3755482108675 472.35584874204267 22 10 10.0 1 181
293.41660632767866 262.46462203021736 -13 6 12.0 1 182
329.08178703851195 519.5475096785752 -17 21 12.0 1 183
157.30897116674413 619.1576248362255 17 10 10.0 1 184
695.2538799950263 281.8934957426873 0 -16 13.0 1 185
240.43250397813452 544.0944628128088 -17 21 13.0 1 186
702.1111099419132 530.2684814130616 14 -1 13.0 1 187
305.43904518118234 691.0227238958387 -16 1 13.0 1 188
341.3601039803977 719.666017266162 6 13 11.0 1 189
471.1992085512698 159.31000705955225 22 8 10.0 1 190
179.44223809859275 679.4463699263996 -5 -13 10.0 1 191
303.4176683438895 62.54948035027559 11 -6 11.0 1 192
63.21084394889516 411.9190757353313 -17 22 12.0 1 193
467.12342571812127 584.1478908917065 -9 -6 10.0 1 194
162.84916787662607 324.10215534554806 -7 -17 10.0 1 195
383.01640038914627 748.5865134285293 9 -5 12.0 1 196
58.656265572072925 378.8232446584284 -5 -6 11.0 1 197
649.374674472392 310.3491677016409 20 -14 10.0 1 198
508.247093796522 237.80392518742335 -1 18 13.0 1 199
116.34047449659948 488.01291718370476 -14 -16 13.0 1 200
593.5398196375104 527.9309900480722 20 17 10.0 1 201
561.2771800971586 320.06458119263624 19 22 13.0 1 202
239.26792714180488 579.5722716755231 -4 7 12.0 1 203
311.5894278100609 516.1876530662685 1 11 11.0 1 204
214.9012888628264 652.4033817827271 21 -2 10.0 1 205
494.3644850223234 148.09457336835376 -1 -9 11.0 1 206
234.97612048508586 554.4121730623823 22 20 12.0 1 207
619.5675057804833 506.4242002804693 9 1 12.0 1 208
65.755592204822 286.46729168362657 19 7 10.0 1 209
530.5503395702573 192.67993623845638 13 -7 10.0 1 210
172.53201993946305 136.632731632841 18 20 12.0 1 211
480.9144642570075 664.9185714026132 -9 5 11.0 1 212
548.7598778437384 464.144358628924 16 9 12.0 1 213
618.728749952108 325.71181827243163 15 -13 11.0 1 214
569.5966219990155 525.530816162897 -5 8 13.0 1 215
608.8164957657968 422.2636721160939 -2 10 13.0 1 216
681.3768469537782 509.68623431566095 20 9 11.0 1 217
70.16754939860607 486.5537667018544 19 -5 11.0 1 218
590.1928280556774 640.9889793251623 16 -1 11.0 1 219
