400 400 -7.071067811865475 -7.071067811865477 5 2 -1 10 187
57.15728752538104 57.15728752538092
800.0 400.0 0 0 24.0 1 0
799.4518139018296 420.9343824971775 0 0 24.0 1 1
797.8087581473094 441.8113853070614 0 0 24.0 1 2
795.0753362380551 462.57378601609236 0 0 24.0 1 3
791.2590402935223 483.16467632710373 0 0 24.0 1 4
786.3703305156273 503.5276180410083 0 0 24.0 1 5
780.4226065180615 523.6067977499789 0 0 24.0 1 6
773.4321705988807 543.3471798181201 0 0 24.0 1 7
765.4181830570403 562.6946572303201 0 0 24.0 1 8
756.4026096753471 581.5961998958187 0 0 24.0 1 9
746.4101615137755 600.0 0 0 24.0 1 10
735.4682271781696 617.8556140060108 0 0 24.0 1 11
723.606797749979 635.1141009169893 0 0 24.0 1 12
710.8583845827884 651.728156419935 0 0 24.0 1 13
697.2579301909577 667.6522425435433 0 0 24.0 1 14
682.842712474619 682.842712474619 0 0 24.0 1 15
667.6522425435433 697.2579301909577 0 0 24.0 1 16
651.728156419935 710.8583845827884 0 0 24.0 1 17
635.1141009169893 723.606797749979 0 0 24.0 1 18
617.8556140060108 735.4682271781696 0 0 24.0 1 19
600.0 746.4101615137754 0 0 24.0 1 20
581.5961998958187 756.4026096753471 0 0 24.0 1 21
562.6946572303201 765.4181830570403 0 0 24.0 1 22
543.3471798181201 773.4321705988807 0 0 24.0 1 23
523.606797749979 780.4226065180615 0 0 24.0 1 24
503.5276180410083 786.3703305156273 0 0 24.0 1 25
483.1646763271038 791.2590402935223 0 0 24.0 1 26
462.57378601609236 795.0753362380551 0 0 24.0 1 27
441.8113853070614 797.8087581473094 0 0 24.0 1 28
420.9343824971776 799.4518139018296 0 0 24.0 1 29
400.0 800.0 0 0 24.0 1 30
379.0656175028225 799.4518139018296 0 0 24.0 1 31
358.1886146929386 797.8087581473094 0 0 24.0 1 32
337.4262139839077 795.0753362380551 0 0 24.0 1 33
316.83532367289627 791.2590402935223 0 0 24.0 1 34
296.47238195899166 786.3703305156273 0 0 24.0 1 35
276.3932022500211 780.4226065180615 0 0 24.0 1 36
256.65282018187986 773.4321705988807 0 0 24.0 1 37
237.3053427696799 765.4181830570403 0 0 24.0 1 38
218.4038001041813 756.4026096753471 0 0 24.0 1 39
200.00000000000009 746.4101615137755 0 0 24.0 1 40
182.14438599398918 735.4682271781696 0 0 24.0 1 41
164.8858990830108 723.606797749979 0 0 24.0 1 42
148.27184358006508 710.8583845827884 0 0 24.0 1 43
132.3477574564567 697.2579301909577 0 0 24.0 1 44
117.15728752538104 682.842712474619 0 0 24.0 1 45
102.74206980904233 667.6522425435434 0 0 24.0 1 46
89.14161541721165 651.728156419935 0 0 24.0 1 47
76.39320225002109 635.1141009169893 0 0 24.0 1 48
64.53177282183043 617.8556140060109 0 0 24.0 1 49
53.589838486224494 600.0 0 0 24.0 1 50
43.597390324652906 581.5961998958187 0 0 24.0 1 51
34.58181694295968 562.6946572303202 0 0 24.0 1 52
26.567829401119297 543.3471798181201 0 0 24.0 1 53
19.5773934819386 523.606797749979 0 0 24.0 1 54
13.629669484372698 503.5276180410084 0 0 24.0 1 55
8.740959706477724 483.16467632710373 0 0 24.0 1 56
4.924663761944942 462.5737860160924 0 0 24.0 1 57
2.1912418526906663 441.81138530706147 0 0 24.0 1 58
0.5481860981704472 420.9343824971775 0 0 24.0 1 59
0.0 400.00000000000006 0 0 24.0 1 60
0.5481860981704472 379.0656175028226 0 0 24.0 1 61
2.1912418526906663 358.1886146929386 0 0 24.0 1 62
4.924663761944885 337.4262139839077 0 0 24.0 1 63
8.740959706477781 316.8353236728962 0 0 24.0 1 64
13.629669484372698 296.47238195899166 0 0 24.0 1 65
19.577393481938543 276.3932022500211 0 0 24.0 1 66
26.567829401119297 256.65282018187986 0 0 24.0 1 67
34.58181694295968 237.30534276967992 0 0 24.0 1 68
43.59739032465285 218.40380010418136 0 0 24.0 1 69
218.40380010418124 43.597390324652906 0 0 24.0 1 70
237.30534276967995 34.58181694295962 0 0 24.0 1 71
256.65282018187975 26.567829401119354 0 0 24.0 1 72
276.393202250021 19.5773934819386 0 0 24.0 1 73
296.4723819589917 13.629669484372698 0 0 24.0 1 74
316.8353236728961 8.740959706477781 0 0 24.0 1 75
337.4262139839076 4.924663761944942 0 0 24.0 1 76
358.18861469293864 2.1912418526906663 0 0 24.0 1 77
379.0656175028223 0.5481860981704472 0 0 24.0 1 78
399.99999999999994 0.0 0 0 24.0 1 79
420.9343824971776 0.5481860981704472 0 0 24.0 1 80
441.8113853070612 2.1912418526906663 0 0 24.0 1 81
462.5737860160923 4.924663761944885 0 0 24.0 1 82
483.1646763271038 8.740959706477781 0 0 24.0 1 83
503.5276180410081 13.629669484372641 0 0 24.0 1 84
523.6067977499789 19.577393481938543 0 0 24.0 1 85
543.3471798181201 26.567829401119297 0 0 24.0 1 86
562.6946572303199 34.58181694295956 0 0 24.0 1 87
581.5961998958187 43.59739032465279 0 0 24.0 1 88
600.0 53.58983848622455 0 0 24.0 1 89
617.8556140060107 64.53177282183032 0 0 24.0 1 90
635.1141009169892 76.39320225002098 0 0 24.0 1 91
651.728156419935 89.14161541721171 0 0 24.0 1 92
667.6522425435431 102.74206980904216 0 0 24.0 1 93
682.842712474619 117.15728752538092 0 0 24.0 1 94
697.2579301909577 132.34775745645675 0 0 24.0 1 95
710.8583845827882 148.27184358006485 0 0 24.0 1 96
723.6067977499789 164.88589908301066 0 0 24.0 1 97
735.4682271781696 182.1443859939892 0 0 24.0 1 98
746.4101615137754 199.99999999999983 0 0 24.0 1 99
756.4026096753471 218.40380010418122 0 0 24.0 1 100
765.4181830570403 237.30534276967995 0 0 24.0 1 101
773.4321705988806 256.6528201818797 0 0 24.0 1 102
780.4226065180615 276.3932022500209 0 0 24.0 1 103
786.3703305156273 296.4723819589917 0 0 24.0 1 104
791.2590402935223 316.83532367289604 0 0 24.0 1 105
795.0753362380551 337.4262139839076 0 0 24.0 1 106
797.8087581473094 358.18861469293864 0 0 24.0 1 107
799.4518139018296 379.06561750282225 0 0 24.0 1 108
800.0 399.9999999999999 0 0 24.0 1 109
311.73157288970384 719.0136122103168 0 0 12.0 1 110
607.9588720068389 100.03648962974978 0 0 13.0 1 111
622.3363618612453 195.6215711130322 0 0 13.0 1 112
325.1331218371119 739.8513653851389 0 0 10.0 1 113
202.92628559219727 495.51414078298467 0 0 11.0 1 114
689.901582681152 546.908380832964 0 0 12.0 1 115
248.2363005860435 297.7416040601542 0 0 11.0 1 116
237.77881245187012 234.14377819787867 0 0 11.0 1 117
72.7325444769383 461.5224557008321 0 0 13.0 1 118
237.98314552855337 296.97311580379574 0 0 11.0 1 119
308.274184704891 267.6845632269328 0 0 11.0 1 120
197.55846999418287 521.2989156130583 0 0 12.0 1 121
618.2371786738936 573.8204068700192 0 0 12.0 1 122
513.5445195027153 465.3348459162298 0 0 13.0 1 123
362.9102723978091 763.1106609649396 0 0 11.0 1 124
490.66066581472126 283.01861825900914 0 0 13.0 1 125
230.47048948610217 345.7437094438054 0 0 11.0 1 126
32.00000016719747 399.9889068779637 0 0 10.0 1 127
590.0983076129463 348.31215382032605 0 0 11.0 1 128
595.3788746988967 384.40848559655444 0 0 12.0 1 129
516.6379009614508 162.0491646173378 0 0 13.0 1 130
574.5060813751971 719.4426827508701 0 0 10.0 1 131
550.6352322753959 729.1702094621223 0 0 10.0 1 132
380.6484955034544 531.5846468009098 0 0 11.0 1 133
353.0247828285176 259.6528269907368 0 0 12.0 1 134
252.52166721930948 337.95049266732326 0 0 12.0 1 135
416.9875499018517 174.63934871337432 0 0 11.0 1 136
391.698691496034 667.8714024996359 0 0 12.0 1 137
667.0352196168956 191.16228433504546 0 0 11.0 1 138
298.97444416944734 488.0331589182615 0 0 13.0 1 139
404.18195693350964 211.04627223522084 0 0 13.0 1 140
206.0405785314018 97.90606953537332 0 0 13.0 1 141
181.42912457760644 544.4672018732575 0 0 12.0 1 142
475.8654596632087 173.3605682364826 0 0 10.0 1 143
542.0391877099138 547.8170123994795 0 0 11.0 1 144
398.8747381944582 144.00247308642025 0 0 12.0 1 145
542.761250722225 509.63222743439087 0 0 13.0 1 146
355.46957516839984 249.44754646862373 0 0 10.0 1 147
570.2153938248234 725.139538821504 0 0 13.0 1 148
268.9163620941063 508.24546121365347 0 0 13.0 1 149
207.89431783242756 142.8300039294404 0 0 12.0 1 150
494.55290352692447 547.2574223413819 0 0 10.0 1 151
528.1554469666629 179.54324366721067 0 0 13.0 1 152
291.38542049492895 296.54530885969166 0 0 10.0 1 153
537.4658007380662 485.7155390080602 0 0 13.0 1 154
520.8286616118155 321.6646022982113 0 3 12.0 1 155
300.36022519765464 241.7567844192431 21 -9 13.0 1 156
345.4033288404642 86.72184324741454 -13 -13 13.0 1 157
477.4628403261139 261.1457297429748 10 5 13.0 1 158
666.1352466008196 546.9286579150606 14 -16 10.0 1 159
172.90961712770664 612.4875478867295 -15 21 11.0 1 160
649.7587852788115 300.0922967131537 4 -2 13.0 1 161
282.4442960667445 462.20656293958695 -7 22 11.0 1 162
568.383295119189 132.5994279647029 -9 4 12.0 1 163
125.53715914151246 251.62834169596758 22 -10 11.0 1 164
331.28370676332025 543.3843472761607 9 11 12.0 1 165
672.9572232608198 404.8326255537779 21 12 12.0 1 166
260.69817323468203 282.8718605123203 18 -1 10.0 1 167
546.9594979735059 276.4406783954561 -17 4 10.0 1 168
654.9678134342067 335.4987278220069 21 -8 11.0 1 169
704.0128546534406 334.4470885050404 11 4 13.0 1 170
312.4561136005752 153.05857383969655 14 20 13.0 1 171
679.4648257696809 584.7279382159663 -13 -17 12.0 1 172
315.65067895940206 235.34827046158873 -9 -8 12.0 1 173
433.85416627468356 224.23056174110906 8 17 10.0 1 174
276.7164434983152 459.7508551930087 -14 -11 10.0 1 175
581.3266742566666 474.4085828585434 6 20 10.0 1 176
458.014360942522 215.92573801742193 13 -17 13.0 1 177
470.5253186042071 221.42178342313113 9 -10 13.0 1 178
129.31594481187204 195.91388516875898 4 6 12.0 1 179
342.31536756646153 276.83960384519884 18 4 10.0 1 180
508.21081147694866 139.58797977147776 16 9 13.0 1 181
53.488689761625324 418.40955938866756 -16 2 10.0 1 182
322.5695092185198 110.16466899748212 -13 -15 10.0 1 183
673.8990396180275 290.4357900757634 12 -15 11.0 1 184
285.81497009921435 696.7924846530934 -15 6 10.0 1 185
350.6224945559699 515.9217924124915 21 7 10.0 1 186
445.505095585156 138.93624097591442 12 -17 12.0 1 187
480.4112608418277 261.67419210491653 -12 15 11.0 1 188
622.9473675969691 623.9430090035899 3 15 10.0 1 189
369.5118207120076 761.7173909610972 8 -10 12.0 1 190
578.7969364141678 335.72204476721424 -2 13 13.0 1 191
440.770580707916 622.2920595719498 8 6 13.0 1 192
167.13923692067064 566.0477793230384 13 16 13.0 1 193
487.47875481854885 47.69832890632466 8 15 12.0 1 194
625.7880521360221 288.0904136696907 17 -2 11.0 1 195
218.14574423206258 508.9634326693575 0 17 11.0 1 196
207.1751318452345 176.74326388416117 -1 -2 13.0 1 197
595.7741184259382 275.5150830238991 19 -17 12.0 1 198
567.6442170592289 148.80402772616333 -3 -12 12.0 1 199
590.1297468223461 171.83409682147823 0 10 13.0 1 200
374.82849415110985 571.1589766658451 -17 -11 11.0 1 201
508.9522568602732 276.0871042826734 -6 14 10.0 1 202
152.63619157450105 657.4104626491182 -17 4 12.0 1 203
575.7518527494385 409.34271133770625 -11 16 13.0 1 204
695.3189689499644 233.5436796684189 20 15 13.0 1 205
381.4447590804678 200.8626026221641 8 16 12.0 1 206
339.16028308493145 286.247950147286 -6 -17 10.0 1 207
434.2343821457614 735.256628687783 -10 2 12.0 1 208
585.0546468568066 552.8227001354924 -2 13 11.0 1 209
169.6348159103481 259.17428516304 -8 17 12.0 1 210
634.3013041649112 118.82585668909434 -5 1 13.0 1 211
114.94334011161749 185.07745429276386 -6 -6 10.0 1 212
530.441288630007 472.01437509652646 -17 -9 12.0 1 213
146.44022205815745 274.3161147557751 2 8 11.0 1 214
159.18647115505814 243.86594117475087 -1 12 10.0 1 215
589.4081494307716 324.2335633066296 -2 18 11.0 1 216
454.92427300385776 139.732206688961 19 15 11.0 1 217
222.1907930738655 625.2840117103277 20 15 10.0 1 218
497.66607195477025 603.8071107418131 -14 -9 12.0 1 219
