400 400 -7.071067811865475 7.0710678118654755 5 2 -1 10 187
57.15728752538104 742.842712474619
800.0 400.0 0 0 24.0 1 0
799.4518139018296 420.9343824971775 0 0 24.0 1 1
797.8087581473094 441.8113853070614 0 0 24.0 1 2
795.0753362380551 462.57378601609236 0 0 24.0 1 3
791.2590402935223 483.16467632710373 0 0 24.0 1 4
786.3703305156273 503.5276180410083 0 0 24.0 1 5
780.4226065180615 523.6067977499789 0 0 24.0 1 6
773.4321705988807 543.3471798181201 0 0 24.0 1 7
765.4181830570403 562.6946572303201 0 0 24.0 1 8
756.4026096753471 581.5961998958187 0 0 24.0 1 9
746.4101615137755 600.0 0 0 24.0 1 10
735.4682271781696 617.8556140060108 0 0 24.0 1 11
723.606797749979 635.1141009169893 0 0 24.0 1 12
710.8583845827884 651.728156419935 0 0 24.0 1 13
697.2579301909577 667.6522425435433 0 0 24.0 1 14
682.842712474619 682.842712474619 0 0 24.0 1 15
667.6522425435433 697.2579301909577 0 0 24.0 1 16
651.728156419935 710.8583845827884 0 0 24.0 1 17
635.1141009169893 723.606797749979 0 0 24.0 1 18
617.8556140060108 735.4682271781696 0 0 24.0 1 19
600.0 746.4101615137754 0 0 24.0 1 20
581.5961998958187 756.4026096753471 0 0 24.0 1 21
562.6946572303201 765.4181830570403 0 0 24.0 1 22
543.3471798181201 773.4321705988807 0 0 24.0 1 23
523.606797749979 780.4226065180615 0 0 24.0 1 24
503.5276180410083 786.3703305156273 0 0 24.0 1 25
483.1646763271038 791.2590402935223 0 0 24.0 1 26
462.57378601609236 795.0753362380551 0 0 24.0 1 27
441.8113853070614 797.8087581473094 0 0 24.0 1 28
420.9343824971776 799.4518139018296 0 0 24.0 1 29
400.0 800.0 0 0 24.0 1 30
379.0656175028225 799.4518139018296 0 0 24.0 1 31
358.1886146929386 797.8087581473094 0 0 24.0 1 32
337.4262139839077 795.0753362380551 0 0 24.0 1 33
316.83532367289627 791.2590402935223 0 0 24.0 1 34
296.47238195899166 786.3703305156273 0 0 24.0 1 35
276.3932022500211 780.4226065180615 0 0 24.0 1 36
256.65282018187986 773.4321705988807 0 0 24.0 1 37
237.3053427696799 765.4181830570403 0 0 24.0 1 38
218.4038001041813 756.4026096753471 0 0 24.0 1 39
43.597390324652906 581.5961998958187 0 0 24.0 1 40
34.58181694295968 562.6946572303202 0 0 24.0 1 41
26.567829401119297 543.3471798181201 0 0 24.0 1 42
19.5773934819386 523.606797749979 0 0 24.0 1 43
13.629669484372698 503.5276180410084 0 0 24.0 1 44
8.740959706477724 483.16467632710373 0 0 24.0 1 45
4.924663761944942 462.5737860160924 0 0 24.0 1 46
2.1912418526906663 441.81138530706147 0 0 24.0 1 47
0.5481860981704472 420.9343824971775 0 0 24.0 1 48
0.0 400.00000000000006 0 0 24.0 1 49
0.5481860981704472 379.0656175028226 0 0 24.0 1 50
2.1912418526906663 358.1886146929386 0 0 24.0 1 51
4.924663761944885 337.4262139839077 0 0 24.0 1 52
8.740959706477781 316.8353236728962 0 0 24.0 1 53
13.629669484372698 296.47238195899166 0 0 24.0 1 54
19.577393481938543 276.3932022500211 0 0 24.0 1 55
26.567829401119297 256.65282018187986 0 0 24.0 1 56
34.58181694295968 237.30534276967992 0 0 24.0 1 57
43.59739032465285 218.40380010418136 0 0 24.0 1 58
53.58983848622455 199.99999999999994 0 0 24.0 1 59
64.53177282183037 182.14438599398918 0 0 24.0 1 60
76.39320225002103 164.8858990830108 0 0 24.0 1 61
89.14161541721171 148.27184358006497 0 0 24.0 1 62
102.74206980904228 132.3477574564567 0 0 24.0 1 63
117.15728752538092 117.15728752538104 0 0 24.0 1 64
132.34775745645675 102.74206980904228 0 0 24.0 1 65
148.27184358006485 89.14161541721177 0 0 24.0 1 66
164.8858990830107 76.39320225002109 0 0 24.0 1 67
182.1443859939892 64.53177282183032 0 0 24.0 1 68
199.99999999999983 53.58983848622461 0 0 24.0 1 69
218.40380010418124 43.597390324652906 0 0 24.0 1 70
237.30534276967995 34.58181694295962 0 0 24.0 1 71
256.65282018187975 26.567829401119354 0 0 24.0 1 72
276.393202250021 19.5773934819386 0 0 24.0 1 73
296.4723819589917 13.629669484372698 0 0 24.0 1 74
316.8353236728961 8.740959706477781 0 0 24.0 1 75
337.4262139839076 4.924663761944942 0 0 24.0 1 76
358.18861469293864 2.1912418526906663 0 0 24.0 1 77
379.0656175028223 0.5481860981704472 0 0 24.0 1 78
399.99999999999994 0.0 0 0 24.0 1 79
420.9343824971776 0.5481860981704472 0 0 24.0 1 80
441.8113853070612 2.1912418526906663 0 0 24.0 1 81
462.5737860160923 4.924663761944885 0 0 24.0 1 82
483.1646763271038 8.740959706477781 0 0 24.0 1 83
503.5276180410081 13.629669484372641 0 0 24.0 1 84
523.6067977499789 19.577393481938543 0 0 24.0 1 85
543.3471798181201 26.567829401119297 0 0 24.0 1 86
562.6946572303199 34.58181694295956 0 0 24.0 1 87
581.5961998958187 43.59739032465279 0 0 24.0 1 88
600.0 53.58983848622455 0 0 24.0 1 89
617.8556140060107 64.53177282183032 0 0 24.0 1 90
635.1141009169892 76.39320225002098 0 0 24.0 1 91
651.728156419935 89.14161541721171 0 0 24.0 1 92
667.6522425435431 102.74206980904216 0 0 24.0 1 93
682.842712474619 117.15728752538092 0 0 24.0 1 94
697.2579301909577 132.34775745645675 0 0 24.0 1 95
710.8583845827882 148.27184358006485 0 0 24.0 1 96
723.6067977499789 164.88589908301066 0 0 24.0 1 97
735.4682271781696 182.1443859939892 0 0 24.0 1 98
746.4101615137754 199.99999999999983 0 0 24.0 1 99
756.4026096753471 218.40380010418122 0 0 24.0 1 100
765.4181830570403 237.30534276967995 0 0 24.0 1 101
773.4321705988806 256.6528201818797 0 0 24.0 1 102
780.4226065180615 276.3932022500209 0 0 24.0 1 103
786.3703305156273 296.4723819589917 0 0 24.0 1 104
791.2590402935223 316.83532367289604 0 0 24.0 1 105
795.0753362380551 337.4262139839076 0 0 24.0 1 106
797.8087581473094 358.18861469293864 0 0 24.0 1 107
799.4518139018296 379.06561750282225 0 0 24.0 1 108
800.0 399.9999999999999 0 0 24.0 1 109
551.5948203974058 372.88892424343345 0 0 12.0 1 110
235.08514197139695 464.2813316710668 0 0 13.0 1 111
170.42930344697027 498.98128754545854 0 0 10.0 1 112
560.4542579530982 371.30451072519253 0 0 12.0 1 113
513.6162300944586 79.54508545019468 0 0 12.0 1 114
222.76808584670482 225.1004613912346 0 0 11.0 1 115
661.9160962829142 316.1849744501667 0 0 13.0 1 116
503.9891694454535 255.5345970896673 0 0 13.0 1 117
149.34280279036827 527.0116903556983 0 0 12.0 1 118
540.9116330010125 404.9911606854462 0 0 13.0 1 119
710.5191109491543 586.0695615498321 0 0 13.0 1 120
239.02116338878585 436.2051676325358 0 0 13.0 1 121
248.84980947085296 541.4306186898812 0 0 12.0 1 122
694.3609371642915 220.0649042800154 0 0 10.0 1 123
307.7314931112916 733.470422431328 0 0 12.0 1 124
697.360843559042 360.2944749706681 0 0 11.0 1 125
408.0541392793519 36.08911689746236 0 0 11.0 1 126
219.46770134571287 523.9721305076237 0 0 10.0 1 127
565.5203118184181 361.2311158848536 0 0 12.0 1 128
584.2955432680782 287.34498354922704 0 0 10.0 1 129
364.07103417532596 213.42800474141515 0 0 13.0 1 130
60.65242776170993 378.9470853329405 0 0 12.0 1 131
483.1835488027356 280.0145958518999 0 0 11.0 1 132
500.5140760522846 227.09274013114563 0 0 11.0 1 133
84.04934598914383 405.5842842076892 0 0 13.0 1 134
176.5465019495525 360.03083427167076 0 0 13.0 1 135
527.0184631895286 415.82118860801444 0 0 12.0 1 136
480.6286084042913 737.5026333331156 0 0 10.0 1 137
382.9306880382434 103.4909131423588 0 0 13.0 1 138
263.94090523039245 363.0010441975054 0 0 12.0 1 139
230.2039293304768 659.3632479461774 0 0 13.0 1 140
551.3898412896292 569.1452510545327 0 0 11.0 1 141
251.63979324291043 594.9724315153135 0 0 12.0 1 142
520.4606649311097 495.94388049456256 0 0 10.0 1 143
586.8828040509883 406.61948261119454 0 0 10.0 1 144
373.7952839177586 710.8975922310257 0 0 12.0 1 145
579.1437437860418 714.5656037495532 0 0 11.0 1 146
178.7040519167864 382.33355265052904 0 0 10.0 1 147
81.37745825020943 489.66981592990464 0 0 12.0 1 148
208.88221764414064 283.166814357485 0 0 12.0 1 149
275.0000000567926 399.99623195583007 0 0 10.0 1 150
158.7083578394897 161.8837606892712 0 0 13.0 1 151
552.6670755774082 355.5729357863708 0 0 11.0 1 152
555.8090012278547 685.2166810275626 0 0 12.0 1 153
349.9618302957184 702.8946707564289 0 0 13.0 1 154
314.8189452211573 194.99222476509874 22 22 12.0 1 155
512.4597134105398 624.3965526910324 -10 -12 10.0 1 156
480.9045474656743 283.3018671984232 -17 21 10.0 1 157
438.29296722826336 180.31238391558082 -15 18 12.0 1 158
493.17345338305233 670.3973143074394 -12 21 12.0 1 159
273.24370095805045 392.1361171684807 11 2 11.0 1 160
45.36086986097007 359.01113109352525 -4 0 10.0 1 161
134.0351638341532 322.5938896257262 5 18 13.0 1 162
488.1803503646849 534.7042160051474 16 20 10.0 1 163
217.866741750901 382.21022092416496 0 10 13.0 1 164
642.7224117688216 160.4862617194442 4 13 13.0 1 165
297.0858129350273 109.70244558254404 -13 -7 10.0 1 166
192.00562919832973 358.9836408878447 -9 -6 11.0 1 167
452.40169550103906 279.93725678372834 15 5 11.0 1 168
603.0961005930765 687.4995198672286 -1 -15 11.0 1 169
401.21706694671394 125.00269319855653 16 -16 11.0 1 170
450.0458218640671 762.5622921843226 5 -7 10.0 1 171
135.9293010098536 522.2606475316383 20 20 13.0 1 172
244.6666011795051 274.0177186630077 10 -14 10.0 1 173
321.71721494572205 135.33454028879078 22 -1 12.0 1 174
571.3623348754082 642.5777198879741 0 19 13.0 1 175
594.5088301125303 702.9295545308428 11 -11 13.0 1 176
301.99013240319516 485.40530342816413 -8 12 13.0 1 177
247.33408319733581 500.9064806977333 -6 5 10.0 1 178
287.252420144178 243.35714750855993 -9 13 13.0 1 179
227.43754875847216 356.3399447834142 -6 5 10.0 1 180
481.62918068983356 555.9252284266613 17 -14 10.0 1 181
551.7450978863043 614.8078799007986 -4 5 11.0 1 182
671.1955736641801 368.6637458371899 8 -13 11.0 1 183
506.80345571585826 155.291966116454 17 -5 12.0 1 184
638.8106703212952 248.14986420587692 3 -17 12.0 1 185
47.345652899929235 384.3823346359699 19 12 10.0 1 186
423.12976341828954 557.3086585163511 5 19 13.0 1 187
203.13169624997158 522.7471831798455 12 3 13.0 1 188
115.62832704747854 474.62406865203866 -12 -3 12.0 1 189
710.4540553043719 550.4768405604996 14 7 12.0 1 190
649.5231583086716 270.7746407717679 -15 -2 13.0 1 191
342.0406228167494 687.2102202160113 -9 21 12.0 1 192
79.00000014584344 399.9903236625716 -9 7 13.0 1 193
447.32315912767103 614.8499909475845 22 8 10.0 1 194
416.215712148453 118.46660823355518 6 -9 13.0 1 195
522.7621581071919 523.3103910336223 -1 -16 10.0 1 196
66.96238306053704 554.1912633818256 19 6 13.0 1 197
140.71307924597818 265.70818071863937 -7 4 10.0 1 198
273.1857411606514 198.59954380630938 9 9 12.0 1 199
537.8120223804934 740.1423914883271 22 -15 11.0 1 200
452.8471671242411 515.4823663030098 5 -8 13.0 1 201
467.12342571812127 584.1478908917065 8 -6 13.0 1 202
332.05110386588115 227.93039921544906 3 -2 12.0 1 203
161.955976440693 254.48009466847466 13 -10 11.0 1 204
267.8143031625651 513.1500841873383 -17 -2 12.0 1 205
241.02482915276542 402.80981388931195 20 9 10.0 1 206
464.1198102413243 175.99631714050645 10 7 13.0 1 207
491.4347091230355 520.1694385756457 22 15 12.0 1 208
563.6633458657845 94.02073727127095 -15 14 12.0 1 209
498.39124204081685 755.6404975388284 -11 19 13.0 1 210
532.5183613742522 278.185042385251 6 -5 13.0 1 211
658.9719684965905 537.0493324792241 19 -2 13.0 1 212
303.5384938674891 142.47295708091633 -17 -4 11.0 1 213
735.1688605738551 544.5227833306003 -9 18 10.0 1 214
628.234064456728 588.4813301671072 -3 14 10.0 1 215
627.666307223206 510.3496830776997 -11 -5 13.0 1 216
312.50354541692735 72.48607596715482 -8 20 10.0 1 217
161.5871394023328 372.44445787800015 -11 -15 12.0 1 218
422.14568340586345 616.8722405161326 21 -5 11.0 1 219
