400 400 7.0710678118654755 7.0710678118654755 5 2 -1 10 187
742.842712474619 742.842712474619
800.0 400.0 0 0 24.0 1 0
799.4518139018296 420.9343824971775 0 0 24.0 1 1
797.8087581473094 441.8113853070614 0 0 24.0 1 2
795.0753362380551 462.57378601609236 0 0 24.0 1 3
791.2590402935223 483.16467632710373 0 0 24.0 1 4
786.3703305156273 503.5276180410083 0 0 24.0 1 5
780.4226065180615 523.6067977499789 0 0 24.0 1 6
773.4321705988807 543.3471798181201 0 0 24.0 1 7
765.4181830570403 562.6946572303201 0 0 24.0 1 8
756.4026096753471 581.5961998958187 0 0 24.0 1 9
581.5961998958187 756.4026096753471 0 0 24.0 1 10
562.6946572303201 765.4181830570403 0 0 24.0 1 11
543.3471798181201 773.4321705988807 0 0 24.0 1 12
523.606797749979 780.4226065180615 0 0 24.0 1 13
503.5276180410083 786.3703305156273 0 0 24.0 1 14
483.1646763271038 791.2590402935223 0 0 24.0 1 15
462.57378601609236 795.0753362380551 0 0 24.0 1 16
441.8113853070614 797.8087581473094 0 0 24.0 1 17
420.9343824971776 799.4518139018296 0 0 24.0 1 18
400.0 800.0 0 0 24.0 1 19
379.0656175028225 799.4518139018296 0 0 24.0 1 20
358.1886146929386 797.8087581473094 0 0 24.0 1 21
337.4262139839077 795.0753362380551 0 0 24.0 1 22
316.83532367289627 791.2590402935223 0 0 24.0 1 23
296.47238195899166 786.3703305156273 0 0 24.0 1 24
276.3932022500211 780.4226065180615 0 0 24.0 1 25
256.65282018187986 773.4321705988807 0 0 24.0 1 26
237.3053427696799 765.4181830570403 0 0 24.0 1 27
218.4038001041813 756.4026096753471 0 0 24.0 1 28
200.00000000000009 746.4101615137755 0 0 24.0 1 29
182.14438599398918 735.4682271781696 0 0 24.0 1 30
164.8858990830108 723.606797749979 0 0 24.0 1 31
148.27184358006508 710.8583845827884 0 0 24.0 1 32
132.3477574564567 697.2579301909577 0 0 24.0 1 33
117.15728752538104 682.842712474619 0 0 24.0 1 34
102.74206980904233 667.6522425435434 0 0 24.0 1 35
89.14161541721165 651.728156419935 0 0 24.0 1 36
76.39320225002109 635.1141009169893 0 0 24.0 1 37
64.53177282183043 617.8556140060109 0 0 24.0 1 38
53.589838486224494 600.0 0 0 24.0 1 39
43.597390324652906 581.5961998958187 0 0 24.0 1 40
34.58181694295968 562.6946572303202 0 0 24.0 1 41
26.567829401119297 543.3471798181201 0 0 24.0 1 42
19.5773934819386 523.606797749979 0 0 24.0 1 43
13.629669484372698 503.5276180410084 0 0 24.0 1 44
8.740959706477724 483.16467632710373 0 0 24.0 1 45
4.924663761944942 462.5737860160924 0 0 24.0 1 46
2.1912418526906663 441.81138530706147 0 0 24.0 1 47
0.5481860981704472 420.9343824971775 0 0 24.0 1 48
0.0 400.00000000000006 0 0 24.0 1 49
0.5481860981704472 379.0656175028226 0 0 24.0 1 50
2.1912418526906663 358.1886146929386 0 0 24.0 1 51
4.924663761944885 337.4262139839077 0 0 24.0 1 52
8.740959706477781 316.8353236728962 0 0 24.0 1 53
13.629669484372698 296.47238195899166 0 0 24.0 1 54
19.577393481938543 276.3932022500211 0 0 24.0 1 55
26.567829401119297 256.65282018187986 0 0 24.0 1 56
34.58181694295968 237.30534276967992 0 0 24.0 1 57
43.59739032465285 218.40380010418136 0 0 24.0 1 58
53.58983848622455 199.99999999999994 0 0 24.0 1 59
64.53177282183037 182.14438599398918 0 0 24.0 1 60
76.39320225002103 164.8858990830108 0 0 24.0 1 61
89.14161541721171 148.27184358006497 0 0 24.0 1 62
102.74206980904228 132.3477574564567 0 0 24.0 1 63
117.15728752538092 117.15728752538104 0 0 24.0 1 64
132.34775745645675 102.74206980904228 0 0 24.0 1 65
148.27184358006485 89.14161541721177 0 0 24.0 1 66
164.8858990830107 76.39320225002109 0 0 24.0 1 67
182.1443859939892 64.53177282183032 0 0 24.0 1 68
199.99999999999983 53.58983848622461 0 0 24.0 1 69
218.40380010418124 43.597390324652906 0 0 24.0 1 70
237.30534276967995 34.58181694295962 0 0 24.0 1 71
256.65282018187975 26.567829401119354 0 0 24.0 1 72
276.393202250021 19.5773934819386 0 0 24.0 1 73
296.4723819589917 13.629669484372698 0 0 24.0 1 74
316.8353236728961 8.740959706477781 0 0 24.0 1 75
337.4262139839076 4.924663761944942 0 0 24.0 1 76
358.18861469293864 2.1912418526906663 0 0 24.0 1 77
379.0656175028223 0.5481860981704472 0 0 24.0 1 78
399.99999999999994 0.0 0 0 24.0 1 79
420.9343824971776 0.5481860981704472 0 0 24.0 1 80
441.8113853070612 2.1912418526906663 0 0 24.0 1 81
462.5737860160923 4.924663761944885 0 0 24.0 1 82
483.1646763271038 8.740959706477781 0 0 24.0 1 83
503.5276180410081 13.629669484372641 0 0 24.0 1 84
523.6067977499789 19.577393481938543 0 0 24.0 1 85
543.3471798181201 26.567829401119297 0 0 24.0 1 86
562.6946572303199 34.58181694295956 0 0 24.0 1 87
581.5961998958187 43.59739032465279 0 0 24.0 1 88
600.0 53.58983848622455 0 0 24.0 1 89
617.8556140060107 64.53177282183032 0 0 24.0 1 90
635.1141009169892 76.39320225002098 0 0 24.0 1 91
651.728156419935 89.14161541721171 0 0 24.0 1 92
667.6522425435431 102.74206980904216 0 0 24.0 1 93
682.842712474619 117.15728752538092 0 0 24.0 1 94
697.2579301909577 132.34775745645675 0 0 24.0 1 95
710.8583845827882 148.27184358006485 0 0 24.0 1 96
723.6067977499789 164.88589908301066 0 0 24.0 1 97
735.4682271781696 182.1443859939892 0 0 24.0 1 98
746.4101615137754 199.99999999999983 0 0 24.0 1 99
756.4026096753471 218.40380010418122 0 0 24.0 1 100
765.4181830570403 237.30534276967995 0 0 24.0 1 101
773.4321705988806 256.6528201818797 0 0 24.0 1 102
780.4226065180615 276.3932022500209 0 0 24.0 1 103
786.3703305156273 296.4723819589917 0 0 24.0 1 104
791.2590402935223 316.83532367289604 0 0 24.0 1 105
795.0753362380551 337.4262139839076 0 0 24.0 1 106
797.8087581473094 358.18861469293864 0 0 24.0 1 107
799.4518139018296 379.06561750282225 0 0 24.0 1 108
800.0 399.9999999999999 0 0 24.0 1 109
238.78870248354121 514.9561549159496 0 0 12.0 1 110
321.00406736423633 605.3281340367313 0 0 11.0 1 111
290.4899538315511 311.1824916574204 0 0 10.0 1 112
502.9934672640735 189.88492271870584 0 0 11.0 1 113
467.4444621665825 256.01304044094684 0 0 12.0 1 114
113.40419009102732 415.22635027247145 0 0 10.0 1 115
135.88557241756268 602.8116592871363 0 0 12.0 1 116
324.6402186455905 295.3008913399183 0 0 11.0 1 117
137.03286177754524 580.5804092782281 0 0 13.0 1 118
634.7375077922325 600.9460187102287 0 0 13.0 1 119
362.3579498508848 61.083969012129046 0 0 13.0 1 120
220.80581064180737 311.1774662584983 0 0 11.0 1 121
592.5163266231403 413.65518156350663 0 0 11.0 1 122
388.6544502743487 249.42683339511393 0 0 12.0 1 123
754.110341716139 425.1170438085225 0 0 10.0 1 124
720.508726331456 524.9406112734681 0 0 11.0 1 125
550.1941156212204 493.65216299028805 0 0 13.0 1 126
582.9679820380635 501.0134523166042 0 0 11.0 1 127
504.888405285036 120.00103136482443 0 0 10.0 1 128
309.41363582656936 269.32823324895844 0 0 12.0 1 129
609.143793303193 372.0737807293699 0 0 11.0 1 130
505.1239169998367 505.593380827642 0 0 11.0 1 131
618.166674688784 271.889492799231 0 0 13.0 1 132
385.7946987045767 43.28273182377859 0 0 12.0 1 133
443.95963950867906 147.80255732012867 0 0 10.0 1 134
693.5997966380919 583.0714598567213 0 0 13.0 1 135
356.1084544578002 59.819853269011276 0 0 10.0 1 136
750.5136014978266 317.90118657969 0 0 13.0 1 137
233.34395916755892 278.9142285235142 0 0 13.0 1 138
126.01073356786941 397.57474125442934 0 0 11.0 1 139
505.6271391684574 311.1917375967341 0 0 12.0 1 140
625.7748434926955 666.1328992173814 0 0 13.0 1 141
302.3277844560401 603.8041665686309 0 0 10.0 1 142
338.21703165989163 284.4843524751509 0 0 10.0 1 143
576.1506887661712 276.72820741465836 0 0 11.0 1 144
224.5539381384666 589.1631025789094 0 0 10.0 1 145
118.42271499962561 344.4731364849595 0 0 10.0 1 146
541.8514182026742 434.5568394661612 0 0 11.0 1 147
432.2828602641862 214.7925030319695 0 0 12.0 1 148
549.6248046834352 346.2095006209845 0 0 10.0 1 149
132.3955691648285 475.3118091495876 0 0 12.0 1 150
186.47262238557562 630.2217605030137 0 0 10.0 1 151
418.30315720972294 617.2302797405466 0 0 12.0 1 152
188.359021670281 362.1437417110538 0 0 10.0 1 153
125.32160519596391 284.4327925928896 0 0 12.0 1 154
82.28935366438168 477.38827563012154 0 -1 10.0 1 155
589.8451258586531 577.6480458313914 22 6 11.0 1 156
221.75635449117573 436.785905394928 -10 13 12.0 1 157
233.44135197503954 527.8992445954914 -17 20 12.0 1 158
360.3709794617819 43.193973241508274 14 -3 12.0 1 159
564.4248595853308 237.74875793897831 13 19 11.0 1 160
533.8123796015689 382.13251373680066 6 -15 13.0 1 161
544.6795827479752 507.08790004417756 8 6 10.0 1 162
120.3998821231092 173.2318935934139 14 9 11.0 1 163
342.7223167652906 150.48994608780936 -15 15 13.0 1 164
257.842546584494 109.9650737610757 9 22 13.0 1 165
280.4896587532987 357.0316589208169 12 -3 10.0 1 166
751.4488462933243 349.912991314201 12 5 13.0 1 167
651.6446982548778 413.37706396080665 6 -17 11.0 1 168
526.8024366054898 546.8235065339019 6 -17 13.0 1 169
374.0780486400681 55.97521537294244 14 5 12.0 1 170
281.86440572714173 330.6243460153447 0 0 13.0 1 171
115.33233627424312 522.7367965563686 -16 -13 10.0 1 172
619.8854638452788 149.92124682503183 19 -3 13.0 1 173
508.5096870609815 480.31592503313317 -15 5 12.0 1 174
729.5347239051971 417.51758375819924 17 -5 13.0 1 175
471.76653292219623 157.39215851022598 -17 0 13.0 1 176
251.92891827405526 587.6058494730604 15 12 12.0 1 177
164.13156358698257 444.3405086132123 -9 19 11.0 1 178
546.2207549984482 667.6648852720202 20 -3 11.0 1 179
116.86214597227263 440.36032230512205 -2 3 13.0 1 180
560.0597440947621 578.831983493779 -11 -9 13.0 1 181
193.74181557506589 355.51897755525545 7 10 11.0 1 182
535.6382439970857 578.26459762215 -12 -8 12.0 1 183
519.3814285163505 601.256240960114 17 19 13.0 1 184
534.302123654629 462.18472145034286 -5 -15 12.0 1 185
701.5657907737908 370.55388251435767 18 18 12.0 1 186
724.1663714005979 466.9116107485813 21 20 11.0 1 187
431.93942558052464 216.762795552906 21 17 10.0 1 188
264.7108727246057 606.6539427184059 -12 -9 12.0 1 189
549.1237085481532 279.0615050993049 -11 14 10.0 1 190
588.2523471937309 302.50613467478576 14 0 11.0 1 191
190.00000009541162 399.9936696857945 21 -10 12.0 1 192
506.4421675812853 545.1553132358495 14 -9 11.0 1 193
204.80248370023455 307.5125433888314 11 0 13.0 1 194
490.44018536612833 497.51703887495944 14 -11 11.0 1 195
668.7320139410638 584.5510896288067 12 7 11.0 1 196
426.9417977564014 157.49198047558681 19 -5 10.0 1 197
632.990934612453 397.94466829546457 -6 -13 13.0 1 198
506.9119444479554 729.0681329669546 17 19 10.0 1 199
518.3202425090701 527.5786824379169 8 5 11.0 1 200
455.22579079445586 113.26996663912757 15 -6 11.0 1 201
460.132623564756 764.067394287403 -2 22 10.0 1 202
569.1291272286643 614.2996461099978 -8 11 11.0 1 203
579.0734985668696 486.79678629431714 -15 13 13.0 1 204
458.09887896947737 281.47354614901354 -14 16 10.0 1 205
238.55159483898055 143.59521753492328 6 12 10.0 1 206
299.53010582157606 504.5504680227511 -14 -17 13.0 1 207
247.02040434097506 474.1433969548283 -2 -2 10.0 1 208
390.80441106437354 240.2644649925165 20 6 11.0 1 209
169.3036420650026 350.2487142324184 5 5 12.0 1 210
300.70929632055675 560.8177731559574 -9 0 10.0 1 211
226.47808363413031 514.6915190444181 -10 7 13.0 1 212
162.57821511745857 478.30003871766746 -13 18 13.0 1 213
525.081488948718 460.62690097944767 12 17 13.0 1 214
465.4148133782423 530.5254848322339 20 22 10.0 1 215
236.72163197762603 547.4454968317114 20 -16 11.0 1 216
272.98105994868115 415.8173597113887 16 -6 12.0 1 217
733.9404155736722 554.6214695522038 22 7 12.0 1 218
618.760138421311 423.323846978765 18 11 12.0 1 219
