400 400 7.071067811865475 -7.0710678118654755 5 2 -1 10 187
742.842712474619 57.15728752538092
800.0 400.0 0 0 24.0 1 0
799.4518139018296 420.9343824971775 0 0 24.0 1 1
797.8087581473094 441.8113853070614 0 0 24.0 1 2
795.0753362380551 462.57378601609236 0 0 24.0 1 3
791.2590402935223 483.16467632710373 0 0 24.0 1 4
786.3703305156273 503.5276180410083 0 0 24.0 1 5
780.4226065180615 523.6067977499789 0 0 24.0 1 6
773.4321705988807 543.3471798181201 0 0 24.0 1 7
765.4181830570403 562.6946572303201 0 0 24.0 1 8
756.4026096753471 581.5961998958187 0 0 24.0 1 9
746.4101615137755 600.0 0 0 24.0 1 10
735.4682271781696 617.8556140060108 0 0 24.0 1 11
723.606797749979 635.1141009169893 0 0 24.0 1 12
710.8583845827884 651.728156419935 0 0 24.0 1 13
697.2579301909577 667.6522425435433 0 0 24.0 1 14
682.842712474619 682.842712474619 0 0 24.0 1 15
667.6522425435433 697.2579301909577 0 0 24.0 1 16
651.728156419935 710.8583845827884 0 0 24.0 1 17
635.1141009169893 723.606797749979 0 0 24.0 1 18
617.8556140060108 735.4682271781696 0 0 24.0 1 19
600.0 746.4101615137754 0 0 24.0 1 20
581.5961998958187 756.4026096753471 0 0 24.0 1 21
562.6946572303201 765.4181830570403 0 0 24.0 1 22
543.3471798181201 773.4321705988807 0 0 24.0 1 23
523.606797749979 780.4226065180615 0 0 24.0 1 24
503.5276180410083 786.3703305156273 0 0 24.0 1 25
483.1646763271038 791.2590402935223 0 0 24.0 1 26
462.57378601609236 795.0753362380551 0 0 24.0 1 27
441.8113853070614 797.8087581473094 0 0 24.0 1 28
420.9343824971776 799.4518139018296 0 0 24.0 1 29
400.0 800.0 0 0 24.0 1 30
379.0656175028225 799.4518139018296 0 0 24.0 1 31
358.1886146929386 797.8087581473094 0 0 24.0 1 32
337.4262139839077 795.0753362380551 0 0 24.0 1 33
316.83532367289627 791.2590402935223 0 0 24.0 1 34
296.47238195899166 786.3703305156273 0 0 24.0 1 35
276.3932022500211 780.4226065180615 0 0 24.0 1 36
256.65282018187986 773.4321705988807 0 0 24.0 1 37
237.3053427696799 765.4181830570403 0 0 24.0 1 38
218.4038001041813 756.4026096753471 0 0 24.0 1 39
200.00000000000009 746.4101615137755 0 0 24.0 1 40
182.14438599398918 735.4682271781696 0 0 24.0 1 41
164.8858990830108 723.606797749979 0 0 24.0 1 42
148.27184358006508 710.8583845827884 0 0 24.0 1 43
132.3477574564567 697.2579301909577 0 0 24.0 1 44
117.15728752538104 682.842712474619 0 0 24.0 1 45
102.74206980904233 667.6522425435434 0 0 24.0 1 46
89.14161541721165 651.728156419935 0 0 24.0 1 47
76.39320225002109 635.1141009169893 0 0 24.0 1 48
64.53177282183043 617.8556140060109 0 0 24.0 1 49
53.589838486224494 600.0 0 0 24.0 1 50
43.597390324652906 581.5961998958187 0 0 24.0 1 51
34.58181694295968 562.6946572303202 0 0 24.0 1 52
26.567829401119297 543.3471798181201 0 0 24.0 1 53
19.5773934819386 523.606797749979 0 0 24.0 1 54
13.629669484372698 503.5276180410084 0 0 24.0 1 55
8.740959706477724 483.16467632710373 0 0 24.0 1 56
4.924663761944942 462.5737860160924 0 0 24.0 1 57
2.1912418526906663 441.81138530706147 0 0 24.0 1 58
0.5481860981704472 420.9343824971775 0 0 24.0 1 59
0.0 400.00000000000006 0 0 24.0 1 60
0.5481860981704472 379.0656175028226 0 0 24.0 1 61
2.1912418526906663 358.1886146929386 0 0 24.0 1 62
4.924663761944885 337.4262139839077 0 0 24.0 1 63
8.740959706477781 316.8353236728962 0 0 24.0 1 64
13.629669484372698 296.47238195899166 0 0 24.0 1 65
19.577393481938543 276.3932022500211 0 0 24.0 1 66
26.567829401119297 256.65282018187986 0 0 24.0 1 67
34.58181694295968 237.30534276967992 0 0 24.0 1 68
43.59739032465285 218.40380010418136 0 0 24.0 1 69
53.58983848622455 199.99999999999994 0 0 24.0 1 70
64.53177282183037 182.14438599398918 0 0 24.0 1 71
76.39320225002103 164.8858990830108 0 0 24.0 1 72
89.14161541721171 148.27184358006497 0 0 24.0 1 73
102.74206980904228 132.3477574564567 0 0 24.0 1 74
117.15728752538092 117.15728752538104 0 0 24.0 1 75
132.34775745645675 102.74206980904228 0 0 24.0 1 76
148.27184358006485 89.14161541721177 0 0 24.0 1 77
164.8858990830107 76.39320225002109 0 0 24.0 1 78
182.1443859939892 64.53177282183032 0 0 24.0 1 79
199.99999999999983 53.58983848622461 0 0 24.0 1 80
218.40380010418124 43.597390324652906 0 0 24.0 1 81
237.30534276967995 34.58181694295962 0 0 24.0 1 82
256.65282018187975 26.567829401119354 0 0 24.0 1 83
276.393202250021 19.5773934819386 0 0 24.0 1 84
296.4723819589917 13.629669484372698 0 0 24.0 1 85
316.8353236728961 8.740959706477781 0 0 24.0 1 86
337.4262139839076 4.924663761944942 0 0 24.0 1 87
358.18861469293864 2.1912418526906663 0 0 24.0 1 88
379.0656175028223 0.5481860981704472 0 0 24.0 1 89
399.99999999999994 0.0 0 0 24.0 1 90
420.9343824971776 0.5481860981704472 0 0 24.0 1 91
441.8113853070612 2.1912418526906663 0 0 24.0 1 92
462.5737860160923 4.924663761944885 0 0 24.0 1 93
483.1646763271038 8.740959706477781 0 0 24.0 1 94
503.5276180410081 13.629669484372641 0 0 24.0 1 95
523.6067977499789 19.577393481938543 0 0 24.0 1 96
543.3471798181201 26.567829401119297 0 0 24.0 1 97
562.6946572303199 34.58181694295956 0 0 24.0 1 98
581.5961998958187 43.59739032465279 0 0 24.0 1 99
756.4026096753471 218.40380010418122 0 0 24.0 1 100
765.4181830570403 237.30534276967995 0 0 24.0 1 101
773.4321705988806 256.6528201818797 0 0 24.0 1 102
780.4226065180615 276.3932022500209 0 0 24.0 1 103
786.3703305156273 296.4723819589917 0 0 24.0 1 104
791.2590402935223 316.83532367289604 0 0 24.0 1 105
795.0753362380551 337.4262139839076 0 0 24.0 1 106
797.8087581473094 358.18861469293864 0 0 24.0 1 107
799.4518139018296 379.06561750282225 0 0 24.0 1 108
800.0 399.9999999999999 0 0 24.0 1 109
282.8797769362251 644.3846422128273 0 0 10.0 1 110
228.7966458755228 444.9267352088804 0 0 10.0 1 111
619.3028185395779 382.49932056756114 0 0 10.0 1 112
225.16437490004336 488.59178402034473 0 0 12.0 1 113
124.87530778843711 378.03630870065774 0 0 11.0 1 114
420.8022400554428 541.4788564014982 0 0 10.0 1 115
337.332083471542 626.4900267958442 0 0 10.0 1 116
531.2599309616556 293.5489289676173 0 0 11.0 1 117
46.1258487858521 371.74959995917936 0 0 12.0 1 118
242.08021106420094 139.0664064125267 0 0 12.0 1 119
421.3471866023269 116.80342935662969 0 0 10.0 1 120
519.7625434969351 488.64498392545806 0 0 12.0 1 121
409.9970979510897 267.3762538888442 0 0 12.0 1 122
232.00718081917861 524.3358866284383 0 0 10.0 1 123
261.33414446636675 253.1130349243829 0 0 11.0 1 124
366.7048889639635 275.37080766891734 0 0 11.0 1 125
575.3313832370262 277.30156458947386 0 0 13.0 1 126
620.4348732075769 462.0440704174019 0 0 11.0 1 127
562.4329738795851 475.20989959196874 0 0 11.0 1 128
419.5431990021302 140.73553391804126 0 0 13.0 1 129
363.75790843287285 167.81147573827002 0 0 11.0 1 130
197.16019833849663 676.5953992059917 0 0 10.0 1 131
522.977645335779 491.0247150375509 0 0 12.0 1 132
283.86081293520624 351.1360129755171 0 0 11.0 1 133
306.30327960582156 304.2037339591196 0 0 11.0 1 134
489.8234624832815 537.2142324524483 0 0 13.0 1 135
444.80413856922985 537.9042753763249 0 0 11.0 1 136
530.6784479676626 418.6317802896797 0 0 10.0 1 137
248.04315740285406 456.1526311752727 0 0 10.0 1 138
181.70424722923084 168.76210448491963 0 0 10.0 1 139
405.1987435071532 567.9195434306168 0 0 13.0 1 140
743.7534633281264 470.95460837689444 0 0 10.0 1 141
567.7966304354936 72.48161759300535 0 0 10.0 1 142
738.0960699927424 504.9144768631224 0 0 11.0 1 143
292.2424192170451 281.72784019979616 0 0 11.0 1 144
462.9693166500373 663.5827482226925 0 0 10.0 1 145
559.9749293836305 402.8323080168662 0 0 11.0 1 146
581.2586342589001 263.34603003718377 0 0 13.0 1 147
404.513858277439 196.04994463484155 0 0 11.0 1 148
170.30672087122525 532.1589857825444 0 0 10.0 1 149
455.2325940644281 234.99890741902917 0 0 10.0 1 150
416.10070709775476 120.463298955303 0 0 10.0 1 151
502.4206553925222 556.4576918817551 0 0 13.0 1 152
220.15003813522227 611.9858278688413 0 0 13.0 1 153
518.4093084761373 647.0935767400742 0 0 10.0 1 154
421.57268505235146 113.81191628645325 -8 -2 10.0 1 155
204.50991257726704 424.34390518080914 -13 1 10.0 1 156
143.64351446783076 418.1755969804208 -4 0 12.0 1 157
187.07509187916745 394.3446041928951 -12 -11 12.0 1 158
334.4227227278316 266.2067987318894 -1 14 13.0 1 159
608.7956286242838 390.75957428523105 20 19 10.0 1 160
698.7458203134731 558.0978647712551 2 3 13.0 1 161
349.75212489778016 564.4966596855745 6 7 11.0 1 162
272.4825184536076 580.5001160666261 17 21 10.0 1 163
454.72372086908683 195.18468227634372 7 6 11.0 1 164
518.8942532446398 617.6422673687247 -13 12 13.0 1 165
207.43450714794088 653.0662580484477 18 18 11.0 1 166
448.31684166504783 171.04261791434917 -2 -6 11.0 1 167
386.7496769429245 67.26372464234811 -3 4 12.0 1 168
301.57925212378825 67.25030971090723 -6 -12 10.0 1 169
479.9927363006298 129.58335454499496 8 -4 12.0 1 170
238.10135525139768 405.7296447155005 2 2 13.0 1 171
405.0449004277259 172.05582047423468 15 -3 11.0 1 172
67.81861871833377 462.4462162969407 4 -10 10.0 1 173
269.2761579741659 565.6269215013211 11 19 12.0 1 174
138.09236653681631 393.0435976457207 22 17 13.0 1 175
567.9160553420211 568.6659371609317 6 15 11.0 1 176
471.15896499952277 90.0638748061196 16 -1 10.0 1 177
562.0 400.0 -5 14 12.0 1 178
192.74933231811625 265.62678561032567 -15 22 11.0 1 179
601.6263591394386 609.8280517475539 16 -17 12.0 1 180
478.6236190811328 543.924725195447 5 -1 11.0 1 181
581.7192686209964 189.61438401865468 5 -8 13.0 1 182
191.64954783516794 439.16744927500423 -15 11 10.0 1 183
251.6000648686171 488.9182728858436 3 22 12.0 1 184
263.33924691794107 265.13770516914474 -11 -9 11.0 1 185
348.1758200401516 527.899391599371 -11 21 11.0 1 186
211.7975641960553 174.13312957084196 22 7 12.0 1 187
245.89299715195435 323.61262098230856 -12 -17 12.0 1 188
530.6921204283663 739.7286706445857 -7 19 10.0 1 189
494.92363767112374 573.7627779798689 -10 16 11.0 1 190
295.41512808007644 104.989822945897 19 -6 10.0 1 191
230.67414959875265 582.5643896982498 14 21 11.0 1 192
315.5789974589359 242.15800834390853 13 -14 10.0 1 193
205.26792215458124 595.589922690321 -15 -14 10.0 1 194
530.0174810413992 193.52614058034024 -16 -8 13.0 1 195
436.8058573876641 520.5044765224883 8 4 13.0 1 196
405.28829474660745 161.05851356728985 2 -14 11.0 1 197
107.95221350286863 441.63040237766086 -1 18 11.0 1 198
245.37298380618773 379.3484658439495 18 2 10.0 1 199
513.0461130206963 728.0694687576275 -14 4 10.0 1 200
251.17189196257016 482.15956583380364 13 12 12.0 1 201
198.43563223746924 707.8892749812686 -14 19 13.0 1 202
274.31392365493724 503.7882951636795 18 15 13.0 1 203
132.82655402874877 183.31047610037328 21 -15 10.0 1 204
678.910084519708 606.4416739740534 19 12 11.0 1 205
407.5868260840792 555.8154038276381 13 -6 10.0 1 206
93.6483424739792 254.8460750408048 -17 4 11.0 1 207
251.53266584524965 215.2665415010543 -16 8 12.0 1 208
154.83917303721353 326.2967509337433 7 14 10.0 1 209
113.95110669845832 596.4307273339973 -12 10 10.0 1 210
334.66494666209866 542.7596960116321 11 -5 13.0 1 211
204.03060700592465 403.4636699516047 -10 13 12.0 1 212
574.1698845712409 666.0617434138937 -15 -11 10.0 1 213
114.26305978587067 443.3059002569752 1 -6 13.0 1 214
624.7139478653311 560.2486868425988 16 -15 13.0 1 215
416.623968474886 597.3008962781112 -10 18 12.0 1 216
587.970542025766 403.32796191981777 7 7 10.0 1 217
168.29518657805949 598.3377912479207 -16 7 13.0 1 218
484.9476033417359 226.69995762696678 14 18 10.0 1 219
