400 400 -7.071067811865475 -7.071067811865477 5 2 -1 10 187
57.15728752538104 57.15728752538092
800.0 400.0 0 0 24.0 1 0
799.4518139018296 420.9343824971775 0 0 24.0 1 1
797.8087581473094 441.8113853070614 0 0 24.0 1 2
795.0753362380551 462.57378601609236 0 0 24.0 1 3
791.2590402935223 483.16467632710373 0 0 24.0 1 4
786.3703305156273 503.5276180410083 0 0 24.0 1 5
780.4226065180615 523.6067977499789 0 0 24.0 1 6
773.4321705988807 543.3471798181201 0 0 24.0 1 7
765.4181830570403 562.6946572303201 0 0 24.0 1 8
756.4026096753471 581.5961998958187 0 0 24.0 1 9
746.4101615137755 600.0 0 0 24.0 1 10
735.4682271781696 617.8556140060108 0 0 24.0 1 11
723.606797749979 635.1141009169893 0 0 24.0 1 12
710.8583845827884 651.728156419935 0 0 24.0 1 13
697.2579301909577 667.6522425435433 0 0 24.0 1 14
682.842712474619 682.842712474619 0 0 24.0 1 15
667.6522425435433 697.2579301909577 0 0 24.0 1 16
651.728156419935 710.8583845827884 0 0 24.0 1 17
635.1141009169893 723.606797749979 0 0 24.0 1 18
617.8556140060108 735.4682271781696 0 0 24.0 1 19
600.0 746.4101615137754 0 0 24.0 1 20
581.5961998958187 756.4026096753471 0 0 24.0 1 21
562.6946572303201 765.4181830570403 0 0 24.0 1 22
543.3471798181201 773.4321705988807 0 0 24.0 1 23
523.606797749979 780.4226065180615 0 0 24.0 1 24
503.5276180410083 786.3703305156273 0 0 24.0 1 25
483.1646763271038 791.2590402935223 0 0 24.0 1 26
462.57378601609236 795.0753362380551 0 0 24.0 1 27
441.8113853070614 797.8087581473094 0 0 24.0 1 28
420.9343824971776 799.4518139018296 0 0 24.0 1 29
400.0 800.0 0 0 24.0 1 30
379.0656175028225 799.4518139018296 0 0 24.0 1 31
358.1886146929386 797.8087581473094 0 0 24.0 1 32
337.4262139839077 795.0753362380551 0 0 24.0 1 33
316.83532367289627 791.2590402935223 0 0 24.0 1 34
296.47238195899166 786.3703305156273 0 0 24.0 1 35
276.3932022500211 780.4226065180615 0 0 24.0 1 36
256.65282018187986 773.4321705988807 0 0 24.0 1 37
237.3053427696799 765.4181830570403 0 0 24.0 1 38
218.4038001041813 756.4026096753471 0 0 24.0 1 39
200.00000000000009 746.4101615137755 0 0 24.0 1 40
182.14438599398918 735.4682271781696 0 0 24.0 1 41
164.8858990830108 723.606797749979 0 0 24.0 1 42
148.27184358006508 710.8583845827884 0 0 24.0 1 43
132.3477574564567 697.2579301909577 0 0 24.0 1 44
117.15728752538104 682.842712474619 0 0 24.0 1 45
102.74206980904233 667.6522425435434 0 0 24.0 1 46
89.14161541721165 651.728156419935 0 0 24.0 1 47
76.39320225002109 635.1141009169893 0 0 24.0 1 48
64.53177282183043 617.8556140060109 0 0 24.0 1 49
53.589838486224494 600.0 0 0 24.0 1 50
43.597390324652906 581.5961998958187 0 0 24.0 1 51
34.58181694295968 562.6946572303202 0 0 24.0 1 52
26.567829401119297 543.3471798181201 0 0 24.0 1 53
19.5773934819386 523.606797749979 0 0 24.0 1 54
13.629669484372698 503.5276180410084 0 0 24.0 1 55
8.740959706477724 483.16467632710373 0 0 24.0 1 56
4.924663761944942 462.5737860160924 0 0 24.0 1 57
2.1912418526906663 441.81138530706147 0 0 24.0 1 58
0.5481860981704472 420.9343824971775 0 0 24.0 1 59
0.0 400.00000000000006 0 0 24.0 1 60
0.5481860981704472 379.0656175028226 0 0 24.0 1 61
2.1912418526906663 358.1886146929386 0 0 24.0 1 62
4.924663761944885 337.4262139839077 0 0 24.0 1 63
8.740959706477781 316.8353236728962 0 0 24.0 1 64
13.629669484372698 296.47238195899166 0 0 24.0 1 65
19.577393481938543 276.3932022500211 0 0 24.0 1 66
26.567829401119297 256.65282018187986 0 0 24.0 1 67
34.58181694295968 237.30534276967992 0 0 24.0 1 68
43.59739032465285 218.40380010418136 0 0 24.0 1 69
218.40380010418124 43.597390324652906 0 0 24.0 1 70
237.30534276967995 34.58181694295962 0 0 24.0 1 71
256.65282018187975 26.567829401119354 0 0 24.0 1 72
276.393202250021 19.5773934819386 0 0 24.0 1 73
296.4723819589917 13.629669484372698 0 0 24.0 1 74
316.8353236728961 8.740959706477781 0 0 24.0 1 75
337.4262139839076 4.924663761944942 0 0 24.0 1 76
358.18861469293864 2.1912418526906663 0 0 24.0 1 77
379.0656175028223 0.5481860981704472 0 0 24.0 1 78
399.99999999999994 0.0 0 0 24.0 1 79
420.9343824971776 0.5481860981704472 0 0 24.0 1 80
441.8113853070612 2.1912418526906663 0 0 24.0 1 81
462.5737860160923 4.924663761944885 0 0 24.0 1 82
483.1646763271038 8.740959706477781 0 0 24.0 1 83
503.5276180410081 13.629669484372641 0 0 24.0 1 84
523.6067977499789 19.577393481938543 0 0 24.0 1 85
543.3471798181201 26.567829401119297 0 0 24.0 1 86
562.6946572303199 34.58181694295956 0 0 24.0 1 87
581.5961998958187 43.59739032465279 0 0 24.0 1 88
600.0 53.58983848622455 0 0 24.0 1 89
617.8556140060107 64.53177282183032 0 0 24.0 1 90
635.1141009169892 76.39320225002098 0 0 24.0 1 91
651.728156419935 89.14161541721171 0 0 24.0 1 92
667.6522425435431 102.74206980904216 0 0 24.0 1 93
682.842712474619 117.15728752538092 0 0 24.0 1 94
697.2579301909577 132.34775745645675 0 0 24.0 1 95
710.8583845827882 148.27184358006485 0 0 24.0 1 96
723.6067977499789 164.88589908301066 0 0 24.0 1 97
735.4682271781696 182.1443859939892 0 0 24.0 1 98
746.4101615137754 199.99999999999983 0 0 24.0 1 99
756.4026096753471 218.40380010418122 0 0 24.0 1 100
765.4181830570403 237.30534276967995 0 0 24.0 1 101
773.4321705988806 256.6528201818797 0 0 24.0 1 102
780.4226065180615 276.3932022500209 0 0 24.0 1 103
786.3703305156273 296.4723819589917 0 0 24.0 1 104
791.2590402935223 316.83532367289604 0 0 24.0 1 105
795.0753362380551 337.4262139839076 0 0 24.0 1 106
797.8087581473094 358.18861469293864 0 0 24.0 1 107
799.4518139018296 379.06561750282225 0 0 24.0 1 108
800.0 399.9999999999999 0 0 24.0 1 109
530.3018304251532 721.6060213799714 0 0 10.0 1 110
424.99008310936887 644.727390674168 0 0 11.0 1 111
316.91849966890913 641.0860101763164 0 0 13.0 1 112
637.8886748472337 368.2355799765345 0 0 13.0 1 113
259.80838965624525 231.75222917011698 0 0 10.0 1 114
333.5716021017442 572.6622945308877 0 0 13.0 1 115
315.25416902171753 146.80611355761297 0 0 12.0 1 116
64.19457461118134 308.68342823214095 0 0 11.0 1 117
132.68243873191358 450.2525764283073 0 0 12.0 1 118
406.01847770325196 128.06659284645542 0 0 10.0 1 119
484.9476033417359 226.69995762696678 0 0 11.0 1 120
554.2652783976805 221.3992612532464 0 0 10.0 1 121
443.80741176807385 119.39901875762723 0 0 10.0 1 122
232.07886040866063 568.6608753633927 0 0 10.0 1 123
118.89433621862054 377.55883715067205 0 0 10.0 1 124
539.554893413872 102.06471889982078 0 0 13.0 1 125
613.8204270619999 102.95316030796761 0 0 13.0 1 126
561.5537163808563 628.6927998943863 0 0 11.0 1 127
296.71396895813945 206.8860549012065 0 0 10.0 1 128
537.4299419279471 420.8329321431504 0 0 11.0 1 129
671.7542559281559 341.40286367974676 0 0 13.0 1 130
319.13885302037863 171.9090643862846 0 0 13.0 1 131
120.5151862183443 299.51498188568985 0 0 10.0 1 132
755.2630060606355 296.61626566639745 0 0 12.0 1 133
735.1781467868066 265.92311938084947 0 0 10.0 1 134
217.63342977905228 188.85210380908802 0 0 11.0 1 135
364.89685645918286 83.94340805236669 0 0 11.0 1 136
696.0673773797366 219.0218022758416 0 0 13.0 1 137
257.90182130959363 249.47721895716467 0 0 12.0 1 138
361.85277923244297 717.7180976081017 0 0 13.0 1 139
340.49880446633915 249.3228360697446 0 0 10.0 1 140
138.20968292814683 230.26541340251663 0 0 10.0 1 141
725.358022463585 491.57596419686394 0 0 12.0 1 142
415.96266965009085 228.74231936160623 0 0 13.0 1 143
501.9374807860902 325.9409019027001 0 0 10.0 1 144
757.7305063012254 309.50201736243554 0 0 13.0 1 145
469.69899745699 508.54975704021865 0 0 13.0 1 146
612.5855412605661 375.4360498503979 0 0 12.0 1 147
127.33636773714966 532.1497016312528 0 0 12.0 1 148
574.3251181550042 435.9826788919863 0 0 10.0 1 149
545.4914524492624 515.8802712466795 0 0 10.0 1 150
346.9322749397313 591.7936822654169 0 0 11.0 1 151
541.7849889505 497.370513546487 0 0 10.0 1 152
462.0099627346109 264.51655259164625 0 0 12.0 1 153
337.1479013471459 510.35675645347635 0 0 13.0 1 154
471.7956011562112 755.8291607704718 18 -14 12.0 1 155
685.0 400.0 16 -8 13.0 1 156
276.82928570783815 657.0096790799107 -2 2 12.0 1 157
273.4452306318043 419.1804679338852 22 -1 12.0 1 158
550.1490040982635 416.0086404263342 -3 -10 11.0 1 159
301.19863210768665 149.80149939976107 -13 13 10.0 1 160
311.99824487493134 718.0498248622494 19 13 12.0 1 161
348.39689150275 681.3060951942226 8 12 12.0 1 162
467.1672419087829 210.55459463379157 20 18 12.0 1 163
105.36467756466942 444.6545269085765 15 21 12.0 1 164
162.18080044348545 265.9439358988236 9 14 12.0 1 165
204.261942200176 206.83785896622297 -16 -14 13.0 1 166
390.44748116767016 543.6828082407842 21 22 11.0 1 167
400.79219993986106 221.0017530274241 -1 8 13.0 1 168
633.5045023314747 353.9603715161561 -4 -12 13.0 1 169
252.16479377949108 326.7214096632611 -1 -12 10.0 1 170
53.07684144252022 465.21749808526647 15 -4 11.0 1 171
308.8725152370471 249.4284837003433 -16 12 12.0 1 172
543.9471736449261 162.16978493127183 3 -15 12.0 1 173
408.48727786901907 527.7183076711168 18 2 10.0 1 174
444.0293842629224 718.9755685337482 11 -16 10.0 1 175
376.7078118215105 90.87628048003523 -17 -13 11.0 1 176
505.7189288396755 288.0200549875487 1 -8 13.0 1 177
638.3318328102456 281.873214429118 -13 -16 12.0 1 178
591.2172039296536 709.7288829304191 16 2 12.0 1 179
643.532242462908 384.89877882463213 18 -4 10.0 1 180
263.12310470285786 537.4798731953706 -1 -11 13.0 1 181
231.87059372398238 500.7397773735569 6 3 11.0 1 182
566.7889302367676 367.11455108296866 -7 4 10.0 1 183
333.1726058019658 211.4950945341195 -16 -16 13.0 1 184
232.43118066379972 175.67726199452747 -11 21 11.0 1 185
358.22415035106144 536.7617577618439 -14 22 13.0 1 186
329.08178703851195 519.5475096785752 -15 -12 12.0 1 187
579.8723022071557 248.7685386611051 13 21 12.0 1 188
242.67341724858093 239.14806075225303 -11 -6 12.0 1 189
165.66533083991789 267.90812731422545 -7 11 12.0 1 190
685.9888725285903 397.47714649142864 19 9 10.0 1 191
72.10205057515384 486.04611997633026 9 -1 10.0 1 192
235.1413457904628 318.28326895781845 12 -16 11.0 1 193
665.6945499552521 604.0377566140053 1 -7 10.0 1 194
591.6419669358564 552.6379916958949 20 1 10.0 1 195
263.5825421778612 342.60420571727406 15 -9 12.0 1 196
360.88461530193064 683.3125247494753 14 19 13.0 1 197
662.791793178556 239.36229135723116 12 5 10.0 1 198
681.1590770346595 359.9303930513608 -10 11 10.0 1 199
642.7538906038969 545.4632207696202 -14 4 10.0 1 200
222.24562501817383 143.58747656399402 -15 -12 10.0 1 201
715.691439857356 207.0261292278426 -4 8 12.0 1 202
128.2362477116145 531.7135640021068 -3 6 10.0 1 203
366.53389842524854 185.5961286604451 17 1 11.0 1 204
547.7418575220596 77.20386691298262 -9 22 11.0 1 205
732.0514758830449 253.3343347477274 22 8 12.0 1 206
360.88461530193064 683.3125247494753 20 -8 12.0 1 207
540.9855350595535 305.01011156985487 17 14 13.0 1 208
701.9467205152359 250.34313256621337 -3 -6 13.0 1 209
606.7268114330005 523.8750395953302 18 -9 12.0 1 210
304.56031976448674 590.4212893469188 -11 -15 11.0 1 211
144.00542636871546 422.71075232872835 0 13 10.0 1 212
218.5081106596932 484.02793644786135 20 -14 11.0 1 213
669.8402755228706 568.2564284232294 11 14 12.0 1 214
319.46160204615137 505.8421771083131 13 11 10.0 1 215
589.8807615632984 320.1169831056573 -16 8 13.0 1 216
549.9059925542687 405.3097454100491 -11 4 13.0 1 217
200.31068950360043 292.050107580079 16 -10 10.0 1 218
289.9273794682038 495.9167253885536 -16 9 13.0 1 219
