400 400 7.071067811865475 -7.0710678118654755 5 2 -1 10 187
742.842712474619 57.15728752538092
800.0 400.0 0 0 24.0 1 0
799.4518139018296 420.9343824971775 0 0 24.0 1 1
797.8087581473094 441.8113853070614 0 0 24.0 1 2
795.0753362380551 462.57378601609236 0 0 24.0 1 3
791.2590402935223 483.16467632710373 0 0 24.0 1 4
786.3703305156273 503.5276180410083 0 0 24.0 1 5
780.4226065180615 523.6067977499789 0 0 24.0 1 6
773.4321705988807 543.3471798181201 0 0 24.0 1 7
765.4181830570403 562.6946572303201 0 0 24.0 1 8
756.4026096753471 581.5961998958187 0 0 24.0 1 9
746.4101615137755 600.0 0 0 24.0 1 10
735.4682271781696 617.8556140060108 0 0 24.0 1 11
723.606797749979 635.1141009169893 0 0 24.0 1 12
710.8583845827884 651.728156419935 0 0 24.0 1 13
697.2579301909577 667.6522425435433 0 0 24.0 1 14
682.842712474619 682.842712474619 0 0 24.0 1 15
667.6522425435433 697.2579301909577 0 0 24.0 1 16
651.728156419935 710.8583845827884 0 0 24.0 1 17
635.1141009169893 723.606797749979 0 0 24.0 1 18
617.8556140060108 735.4682271781696 0 0 24.0 1 19
600.0 746.4101615137754 0 0 24.0 1 20
581.5961998958187 756.4026096753471 0 0 24.0 1 21
562.6946572303201 765.4181830570403 0 0 24.0 1 22
543.3471798181201 773.4321705988807 0 0 24.0 1 23
523.606797749979 780.4226065180615 0 0 24.0 1 24
503.5276180410083 786.3703305156273 0 0 24.0 1 25
483.1646763271038 791.2590402935223 0 0 24.0 1 26
462.57378601609236 795.0753362380551 0 0 24.0 1 27
441.8113853070614 797.8087581473094 0 0 24.0 1 28
420.9343824971776 799.4518139018296 0 0 24.0 1 29
400.0 800.0 0 0 24.0 1 30
379.0656175028225 799.4518139018296 0 0 24.0 1 31
358.1886146929386 797.8087581473094 0 0 24.0 1 32
337.4262139839077 795.0753362380551 0 0 24.0 1 33
316.83532367289627 791.2590402935223 0 0 24.0 1 34
296.47238195899166 786.3703305156273 0 0 24.0 1 35
276.3932022500211 780.4226065180615 0 0 24.0 1 36
256.65282018187986 773.4321705988807 0 0 24.0 1 37
237.3053427696799 765.4181830570403 0 0 24.0 1 38
218.4038001041813 756.4026096753471 0 0 24.0 1 39
200.00000000000009 746.4101615137755 0 0 24.0 1 40
182.14438599398918 735.4682271781696 0 0 24.0 1 41
164.8858990830108 723.606797749979 0 0 24.0 1 42
148.27184358006508 710.8583845827884 0 0 24.0 1 43
132.3477574564567 697.2579301909577 0 0 24.0 1 44
117.15728752538104 682.842712474619 0 0 24.0 1 45
102.74206980904233 667.6522425435434 0 0 24.0 1 46
89.14161541721165 651.728156419935 0 0 24.0 1 47
76.39320225002109 635.1141009169893 0 0 24.0 1 48
64.53177282183043 617.8556140060109 0 0 24.0 1 49
53.589838486224494 600.0 0 0 24.0 1 50
43.597390324652906 581.5961998958187 0 0 24.0 1 51
34.58181694295968 562.6946572303202 0 0 24.0 1 52
26.567829401119297 543.3471798181201 0 0 24.0 1 53
19.5773934819386 523.606797749979 0 0 24.0 1 54
13.629669484372698 503.5276180410084 0 0 24.0 1 55
8.740959706477724 483.16467632710373 0 0 24.0 1 56
4.924663761944942 462.5737860160924 0 0 24.0 1 57
2.1912418526906663 441.81138530706147 0 0 24.0 1 58
0.5481860981704472 420.9343824971775 0 0 24.0 1 59
0.0 400.00000000000006 0 0 24.0 1 60
0.5481860981704472 379.0656175028226 0 0 24.0 1 61
2.1912418526906663 358.1886146929386 0 0 24.0 1 62
4.924663761944885 337.4262139839077 0 0 24.0 1 63
8.740959706477781 316.8353236728962 0 0 24.0 1 64
13.629669484372698 296.47238195899166 0 0 24.0 1 65
19.577393481938543 276.3932022500211 0 0 24.0 1 66
26.567829401119297 256.65282018187986 0 0 24.0 1 67
34.58181694295968 237.30534276967992 0 0 24.0 1 68
43.59739032465285 218.40380010418136 0 0 24.0 1 69
53.58983848622455 199.99999999999994 0 0 24.0 1 70
64.53177282183037 182.14438599398918 0 0 24.0 1 71
76.39320225002103 164.8858990830108 0 0 24.0 1 72
89.14161541721171 148.27184358006497 0 0 24.0 1 73
102.74206980904228 132.3477574564567 0 0 24.0 1 74
117.15728752538092 117.15728752538104 0 0 24.0 1 75
132.34775745645675 102.74206980904228 0 0 24.0 1 76
148.27184358006485 89.14161541721177 0 0 24.0 1 77
164.8858990830107 76.39320225002109 0 0 24.0 1 78
182.1443859939892 64.53177282183032 0 0 24.0 1 79
199.99999999999983 53.58983848622461 0 0 24.0 1 80
218.40380010418124 43.597390324652906 0 0 24.0 1 81
237.30534276967995 34.58181694295962 0 0 24.0 1 82
256.65282018187975 26.567829401119354 0 0 24.0 1 83
276.393202250021 19.5773934819386 0 0 24.0 1 84
296.4723819589917 13.629669484372698 0 0 24.0 1 85
316.8353236728961 8.740959706477781 0 0 24.0 1 86
337.4262139839076 4.924663761944942 0 0 24.0 1 87
358.18861469293864 2.1912418526906663 0 0 24.0 1 88
379.0656175028223 0.5481860981704472 0 0 24.0 1 89
399.99999999999994 0.0 0 0 24.0 1 90
420.9343824971776 0.5481860981704472 0 0 24.0 1 91
441.8113853070612 2.1912418526906663 0 0 24.0 1 92
462.5737860160923 4.924663761944885 0 0 24.0 1 93
483.1646763271038 8.740959706477781 0 0 24.0 1 94
503.5276180410081 13.629669484372641 0 0 24.0 1 95
523.6067977499789 19.577393481938543 0 0 24.0 1 96
543.3471798181201 26.567829401119297 0 0 24.0 1 97
562.6946572303199 34.58181694295956 0 0 24.0 1 98
581.5961998958187 43.59739032465279 0 0 24.0 1 99
756.4026096753471 218.40380010418122 0 0 24.0 1 100
765.4181830570403 237.30534276967995 0 0 24.0 1 101
773.4321705988806 256.6528201818797 0 0 24.0 1 102
780.4226065180615 276.3932022500209 0 0 24.0 1 103
786.3703305156273 296.4723819589917 0 0 24.0 1 104
791.2590402935223 316.83532367289604 0 0 24.0 1 105
795.0753362380551 337.4262139839076 0 0 24.0 1 106
797.8087581473094 358.18861469293864 0 0 24.0 1 107
799.4518139018296 379.06561750282225 0 0 24.0 1 108
800.0 399.9999999999999 0 0 24.0 1 109
686.329777009375 354.00805725171386 0 0 13.0 1 110
155.19154158855804 663.9485152263852 0 0 10.0 1 111
467.72730481942403 644.8040281161583 0 0 11.0 1 112
241.785207342373 689.5998608154086 0 0 11.0 1 113
701.4976459883981 552.7847160662825 0 0 11.0 1 114
692.8519374283617 314.7782730493276 0 0 11.0 1 115
86.41016862316292 244.56056595237206 0 0 13.0 1 116
396.48663753468924 241.03882145571723 0 0 12.0 1 117
321.9389454452686 531.5882660490792 0 0 13.0 1 118
759.0867556862172 329.1995629198031 0 0 13.0 1 119
544.0046593921685 70.05658352780313 0 0 11.0 1 120
727.0294482721451 573.0657099566994 0 0 13.0 1 121
209.25771921544907 566.211859748658 0 0 10.0 1 122
611.9917935142489 379.30025404474645 0 0 13.0 1 123
615.1827594767855 263.1739059098891 0 0 12.0 1 124
374.39920340364637 235.98597860660777 0 0 10.0 1 125
644.9439060837346 307.01353392862694 0 0 11.0 1 126
672.6596485716657 532.1579208400909 0 0 12.0 1 127
321.7669466131497 201.88743261021975 0 0 10.0 1 128
132.01049852623726 397.6278491101718 0 0 12.0 1 129
562.0889846838105 541.2521187245396 0 0 12.0 1 130
192.3936534598969 209.15030815777925 0 0 13.0 1 131
544.1468345691239 192.0800873324019 0 0 10.0 1 132
512.7203317151613 727.1240236027064 0 0 11.0 1 133
642.8477079379153 408.60178756427956 0 0 13.0 1 134
561.5660583337462 378.426664734063 0 0 12.0 1 135
396.6675364470121 650.977876886924 0 0 11.0 1 136
520.8379576086667 262.56933384078326 0 0 10.0 1 137
137.88634948967427 486.4432427443049 0 0 13.0 1 138
673.112744427472 646.6443367103619 0 0 13.0 1 139
502.21325292792517 520.4842351757773 0 0 13.0 1 140
614.3549659424675 577.0196276569453 0 0 10.0 1 141
527.6414765238518 139.60097260010554 0 0 11.0 1 142
671.6761053823092 601.0872789718445 0 0 11.0 1 143
215.95168709929527 483.2479340188348 0 0 13.0 1 144
507.7132860673348 679.9961571246586 0 0 11.0 1 145
384.1356634007498 725.6137632598869 0 0 13.0 1 146
108.12579774673594 624.1282000530516 0 0 12.0 1 147
220.34244124681774 264.5446140500612 0 0 13.0 1 148
282.181795984128 723.194787709323 0 0 10.0 1 149
279.80893672282957 343.0517049570119 0 0 13.0 1 150
494.0272212763521 231.45362163769903 0 0 11.0 1 151
95.10752593026325 391.90189802269015 0 0 12.0 1 152
582.811600924989 292.65048408473115 0 0 12.0 1 153
435.18429257164775 258.3029091468964 0 0 13.0 1 154
154.86999819305996 221.89811282827583 -7 -11 10.0 1 155
583.1478248031635 426.1127223756874 -16 -12 10.0 1 156
460.4570452404889 549.2177793722634 18 19 10.0 1 157
155.7769942324895 380.5032450422505 17 18 10.0 1 158
264.4409926391009 348.5339381404823 15 4 10.0 1 159
425.91424358111414 234.0106871523992 12 -16 12.0 1 160
422.55009994906857 522.9491479933351 14 6 11.0 1 161
565.278737016892 517.8640703950998 4 -8 11.0 1 162
574.1811795951727 305.84631353561247 22 19 12.0 1 163
289.30494147846014 641.8731155356313 -15 15 13.0 1 164
538.5691220016477 611.6780537223746 12 7 12.0 1 165
722.8724965080442 532.4928337634268 16 6 11.0 1 166
289.1449003444027 611.7360311339277 -16 -2 12.0 1 167
590.2604868737751 584.4612347745565 -8 -3 12.0 1 168
144.88352667229046 515.3931758676919 -7 -2 13.0 1 169
167.56650166980148 316.4316516019037 -9 -9 10.0 1 170
517.4463282752363 284.10625567069883 14 19 12.0 1 171
581.2449547172444 463.35823852936613 6 -15 12.0 1 172
184.10427439115603 571.9448622780883 -12 22 10.0 1 173
37.188201645254196 461.57596101235686 -4 10 13.0 1 174
651.4591745309982 364.16309801072407 -13 0 11.0 1 175
352.25212704088943 279.086226475721 -13 -17 13.0 1 176
645.7721349159173 614.1776311823253 2 -1 11.0 1 177
688.8982077849976 296.1403565449198 13 -11 12.0 1 178
385.63189228808363 150.41322655080705 17 -16 11.0 1 179
588.085196428162 508.226424151312 0 -3 10.0 1 180
700.894125019741 392.01717289398744 12 21 12.0 1 181
296.28332849640594 286.1630461923038 5 21 11.0 1 182
257.30010817587606 478.7765248877058 -3 -15 11.0 1 183
431.7424093531666 154.03980108876152 -2 12 11.0 1 184
760.4910161508368 419.16317495972703 3 20 11.0 1 185
170.10877101034328 537.7462262046595 -5 -16 13.0 1 186
102.69278966758651 472.41838636947153 22 17 10.0 1 187
183.19625491827637 467.2691319888922 15 6 10.0 1 188
173.3388535338786 493.0038960617428 19 -1 12.0 1 189
728.2577920820429 566.345489681633 10 0 12.0 1 190
605.8794774955766 670.5801928193348 0 0 11.0 1 191
589.511379613278 246.30732939703327 -16 3 12.0 1 192
147.72627381697356 516.7988316625273 11 -1 13.0 1 193
79.09321425354238 342.5993478967606 -17 -6 11.0 1 194
210.74552797406653 570.902734964029 -15 -11 13.0 1 195
517.0780439839468 161.1512369366485 -12 2 10.0 1 196
702.9471856245314 499.9199815961542 -13 14 10.0 1 197
644.2053804296359 326.59201563033605 -4 2 10.0 1 198
569.1953281569123 383.4790759981545 -4 4 11.0 1 199
251.017641218999 627.5703336818073 -12 -9 10.0 1 200
553.5632905274424 658.8808911495485 -8 9 11.0 1 201
208.23337424437048 606.7596702606684 -3 -15 10.0 1 202
166.37106124379503 349.616282633678 15 -8 13.0 1 203
555.1715125091 246.87978021946873 22 -15 12.0 1 204
404.7655148815571 553.9262481447322 -10 -11 10.0 1 205
237.67818491604058 120.74988209877353 13 -14 11.0 1 206
203.43654423330665 219.30188751108886 -6 -4 11.0 1 207
653.9630721575803 268.4752571556072 -6 -7 11.0 1 208
431.389982442256 707.4014785297476 -10 -4 11.0 1 209
436.38923409807404 253.4502690491874 -13 -16 11.0 1 210
375.956450912527 80.90454759229442 4 -14 13.0 1 211
540.8012002140388 407.4847857875942 4 7 10.0 1 212
489.9776196240211 571.8721267884789 -16 16 10.0 1 213
663.3368724196837 437.5458602807181 0 -7 11.0 1 214
571.2649349993268 486.7889511382433 11 17 11.0 1 215
195.2838392095937 284.60375434514117 16 4 13.0 1 216
411.9514178513027 241.44980728064832 -5 20 10.0 1 217
184.92868610290023 504.23689336590564 22 14 12.0 1 218
272.45628205557955 374.8484590349991 4 2 10.0 1 219
