400 400 -7.071067811865475 -7.071067811865477 5 2 -1 10 187
57.15728752538104 57.15728752538092
800.0 400.0 0 0 24.0 1 0
799.4518139018296 420.9343824971775 0 0 24.0 1 1
797.8087581473094 441.8113853070614 0 0 24.0 1 2
795.0753362380551 462.57378601609236 0 0 24.0 1 3
791.2590402935223 483.16467632710373 0 0 24.0 1 4
786.3703305156273 503.5276180410083 0 0 24.0 1 5
780.4226065180615 523.6067977499789 0 0 24.0 1 6
773.4321705988807 543.3471798181201 0 0 24.0 1 7
765.4181830570403 562.6946572303201 0 0 24.0 1 8
756.4026096753471 581.5961998958187 0 0 24.0 1 9
746.4101615137755 600.0 0 0 24.0 1 10
735.4682271781696 617.8556140060108 0 0 24.0 1 11
723.606797749979 635.1141009169893 0 0 24.0 1 12
710.8583845827884 651.728156419935 0 0 24.0 1 13
697.2579301909577 667.6522425435433 0 0 24.0 1 14
682.842712474619 682.842712474619 0 0 24.0 1 15
667.6522425435433 697.2579301909577 0 0 24.0 1 16
651.728156419935 710.8583845827884 0 0 24.0 1 17
635.1141009169893 723.606797749979 0 0 24.0 1 18
617.8556140060108 735.4682271781696 0 0 24.0 1 19
600.0 746.4101615137754 0 0 24.0 1 20
581.5961998958187 756.4026096753471 0 0 24.0 1 21
562.6946572303201 765.4181830570403 0 0 24.0 1 22
543.3471798181201 773.4321705988807 0 0 24.0 1 23
523.606797749979 780.4226065180615 0 0 24.0 1 24
503.5276180410083 786.3703305156273 0 0 24.0 1 25
483.1646763271038 791.2590402935223 0 0 24.0 1 26
462.57378601609236 795.0753362380551 0 0 24.0 1 27
441.8113853070614 797.8087581473094 0 0 24.0 1 28
420.9343824971776 799.4518139018296 0 0 24.0 1 29
400.0 800.0 0 0 24.0 1 30
379.0656175028225 799.4518139018296 0 0 24.0 1 31
358.1886146929386 797.8087581473094 0 0 24.0 1 32
337.4262139839077 795.0753362380551 0 0 24.0 1 33
316.83532367289627 791.2590402935223 0 0 24.0 1 34
296.47238195899166 786.3703305156273 0 0 24.0 1 35
276.3932022500211 780.4226065180615 0 0 24.0 1 36
256.65282018187986 773.4321705988807 0 0 24.0 1 37
237.3053427696799 765.4181830570403 0 0 24.0 1 38
218.4038001041813 756.4026096753471 0 0 24.0 1 39
200.00000000000009 746.4101615137755 0 0 24.0 1 40
182.14438599398918 735.4682271781696 0 0 24.0 1 41
164.8858990830108 723.606797749979 0 0 24.0 1 42
148.27184358006508 710.8583845827884 0 0 24.0 1 43
132.3477574564567 697.2579301909577 0 0 24.0 1 44
117.15728752538104 682.842712474619 0 0 24.0 1 45
102.74206980904233 667.6522425435434 0 0 24.0 1 46
89.14161541721165 651.728156419935 0 0 24.0 1 47
76.39320225002109 635.1141009169893 0 0 24.0 1 48
64.53177282183043 617.8556140060109 0 0 24.0 1 49
53.589838486224494 600.0 0 0 24.0 1 50
43.597390324652906 581.5961998958187 0 0 24.0 1 51
34.58181694295968 562.6946572303202 0 0 24.0 1 52
26.567829401119297 543.3471798181201 0 0 24.0 1 53
19.5773934819386 523.606797749979 0 0 24.0 1 54
13.629669484372698 503.5276180410084 0 0 24.0 1 55
8.740959706477724 483.16467632710373 0 0 24.0 1 56
4.924663761944942 462.5737860160924 0 0 24.0 1 57
2.1912418526906663 441.81138530706147 0 0 24.0 1 58
0.5481860981704472 420.9343824971775 0 0 24.0 1 59
0.0 400.00000000000006 0 0 24.0 1 60
0.5481860981704472 379.0656175028226 0 0 24.0 1 61
2.1912418526906663 358.1886146929386 0 0 24.0 1 62
4.924663761944885 337.4262139839077 0 0 24.0 1 63
8.740959706477781 316.8353236728962 0 0 24.0 1 64
13.629669484372698 296.47238195899166 0 0 24.0 1 65
19.577393481938543 276.3932022500211 0 0 24.0 1 66
26.567829401119297 256.65282018187986 0 0 24.0 1 67
34.58181694295968 237.30534276967992 0 0 24.0 1 68
43.59739032465285 218.40380010418136 0 0 24.0 1 69
218.40380010418124 43.597390324652906 0 0 24.0 1 70
237.30534276967995 34.58181694295962 0 0 24.0 1 71
256.65282018187975 26.567829401119354 0 0 24.0 1 72
276.393202250021 19.5773934819386 0 0 24.0 1 73
296.4723819589917 13.629669484372698 0 0 24.0 1 74
316.8353236728961 8.740959706477781 0 0 24.0 1 75
337.4262139839076 4.924663761944942 0 0 24.0 1 76
358.18861469293864 2.1912418526906663 0 0 24.0 1 77
379.0656175028223 0.5481860981704472 0 0 24.0 1 78
399.99999999999994 0.0 0 0 24.0 1 79
420.9343824971776 0.5481860981704472 0 0 24.0 1 80
441.8113853070612 2.1912418526906663 0 0 24.0 1 81
462.5737860160923 4.924663761944885 0 0 24.0 1 82
483.1646763271038 8.740959706477781 0 0 24.0 1 83
503.5276180410081 13.629669484372641 0 0 24.0 1 84
523.6067977499789 19.577393481938543 0 0 24.0 1 85
543.3471798181201 26.567829401119297 0 0 24.0 1 86
562.6946572303199 34.58181694295956 0 0 24.0 1 87
581.5961998958187 43.59739032465279 0 0 24.0 1 88
600.0 53.58983848622455 0 0 24.0 1 89
617.8556140060107 64.53177282183032 0 0 24.0 1 90
635.1141009169892 76.39320225002098 0 0 24.0 1 91
651.728156419935 89.14161541721171 0 0 24.0 1 92
667.6522425435431 102.74206980904216 0 0 24.0 1 93
682.842712474619 117.15728752538092 0 0 24.0 1 94
697.2579301909577 132.34775745645675 0 0 24.0 1 95
710.8583845827882 148.27184358006485 0 0 24.0 1 96
723.6067977499789 164.88589908301066 0 0 24.0 1 97
735.4682271781696 182.1443859939892 0 0 24.0 1 98
746.4101615137754 199.99999999999983 0 0 24.0 1 99
756.4026096753471 218.40380010418122 0 0 24.0 1 100
765.4181830570403 237.30534276967995 0 0 24.0 1 101
773.4321705988806 256.6528201818797 0 0 24.0 1 102
780.4226065180615 276.3932022500209 0 0 24.0 1 103
786.3703305156273 296.4723819589917 0 0 24.0 1 104
791.2590402935223 316.83532367289604 0 0 24.0 1 105
795.0753362380551 337.4262139839076 0 0 24.0 1 106
797.8087581473094 358.18861469293864 0 0 24.0 1 107
799.4518139018296 379.06561750282225 0 0 24.0 1 108
800.0 399.9999999999999 0 0 24.0 1 109
341.15282700607503 179.72514843808642 0 0 10.0 1 110
68.46756484397582 417.6137571096185 0 0 11.0 1 111
297.136172890289 521.2436929177906 0 0 13.0 1 112
550.0177466799431 333.7378261670173 0 0 10.0 1 113
310.5646622638424 526.5951040286291 0 0 13.0 1 114
522.161249104639 248.00779882772164 0 0 12.0 1 115
582.9630248614601 419.50721747314896 0 0 10.0 1 116
381.9422629561477 614.2403279797131 0 0 12.0 1 117
229.24082406120442 409.07214598115894 0 0 10.0 1 118
138.6422903899835 586.3683117576759 0 0 12.0 1 119
580.9000188672893 629.2142734949426 0 0 10.0 1 120
662.9074912963185 393.0249716648462 0 0 12.0 1 121
524.6105992765969 692.5682801465795 0 0 11.0 1 122
665.5986760250341 176.69226772512118 0 0 12.0 1 123
414.17623341995744 44.282367029658076 0 0 13.0 1 124
241.06090533079913 368.6573104897681 0 0 13.0 1 125
213.37951495926708 325.34215002317853 0 0 13.0 1 126
245.6207174674064 682.5792581289745 0 0 10.0 1 127
237.6359618330704 450.3777640445448 0 0 10.0 1 128
643.8732761372795 183.66270505049252 0 0 13.0 1 129
172.6597437345811 488.6138131510752 0 0 13.0 1 130
453.3285864719875 592.7590772568176 0 0 12.0 1 131
736.0177532217176 355.13275671685494 0 0 10.0 1 132
260.6491053838281 678.0329623797735 0 0 10.0 1 133
480.6525421989889 249.21483018267244 0 0 12.0 1 134
509.82849095134327 121.90163147664691 0 0 11.0 1 135
78.10883761014833 342.42327227681204 0 0 13.0 1 136
315.2589086270899 620.2610892394026 0 0 11.0 1 137
250.38346991148586 604.019346936198 0 0 12.0 1 138
478.39302211382153 683.3558435675218 0 0 11.0 1 139
638.6943878828621 265.46008327181937 0 0 12.0 1 140
682.7456465698923 594.1749194560758 0 0 11.0 1 141
577.2661533280873 266.3560293755718 0 0 10.0 1 142
56.21522349679509 412.16665297612457 0 0 11.0 1 143
115.86058462406578 246.3972896403767 0 0 10.0 1 144
263.21731723146274 132.99719534311686 0 0 13.0 1 145
132.81214757707937 465.08188317517863 0 0 10.0 1 146
544.890280763434 644.2597112507367 0 0 12.0 1 147
524.5344404300373 312.8497094280375 0 0 11.0 1 148
675.3374496991639 278.3846687577574 0 0 11.0 1 149
499.6196193448901 51.97711075048642 0 0 10.0 1 150
151.81604773890322 276.9807907680202 0 0 13.0 1 151
406.92883318840614 226.13801085157445 0 0 13.0 1 152
78.81931012019089 434.23396629562365 0 0 11.0 1 153
486.59042093674833 736.0224680017643 0 0 13.0 1 154
428.14252473643757 553.4405366956822 22 1 13.0 1 155
146.08954618454712 393.25600687791245 13 -13 10.0 1 156
215.63639594473517 431.28995844921394 19 -13 13.0 1 157
280.482565438744 498.6943911065664 9 3 13.0 1 158
456.9279555792165 104.43239711773083 -3 -10 11.0 1 159
520.8299698114962 442.2388256862441 -4 14 12.0 1 160
210.95346822671982 603.8269089803753 9 -14 10.0 1 161
563.9094126541748 381.0605057257741 10 14 13.0 1 162
255.17245308531903 605.0023942657156 15 -1 10.0 1 163
157.7521859466848 494.4245549970473 10 7 13.0 1 164
617.1588981340772 345.06355525524543 -13 -7 12.0 1 165
392.1115069175098 43.087165155289654 6 -6 12.0 1 166
677.5987227735723 472.8556731797971 -7 18 13.0 1 167
642.3648416674969 338.6870036330864 -15 16 13.0 1 168
350.45584712597577 142.72703811710932 -15 -10 12.0 1 169
366.56950599327865 565.6605024454127 -9 18 11.0 1 170
749.6258949759742 431.02794808312353 20 -11 10.0 1 171
382.8528655899278 267.1016336386225 2 8 11.0 1 172
497.25698582165614 640.0459929032063 1 11 10.0 1 173
753.4288397935684 349.6308109835768 4 -8 11.0 1 174
645.1783171869022 505.71940588841176 -15 -12 10.0 1 175
506.0146890994018 302.54803390820075 -7 1 12.0 1 176
635.14068686461 235.44649082793927 -3 -11 13.0 1 177
335.3366155578747 174.07158940830416 -9 -17 12.0 1 178
589.1546255844218 596.8489970002825 -5 9 10.0 1 179
283.89874660277553 244.5763886676369 17 -9 13.0 1 180
472.37374394649197 183.79167179045203 10 4 13.0 1 181
211.9115412417203 508.22075439551753 2 -1 12.0 1 182
350.74576248876417 227.90984895355933 -11 17 13.0 1 183
461.8774742602442 737.3724620937115 21 17 13.0 1 184
358.47900147862816 588.4807859750915 19 17 13.0 1 185
530.6294223603593 504.04303923761006 13 -4 11.0 1 186
456.1651127217188 210.1329936166986 8 -10 13.0 1 187
527.0817926648544 642.7472306187796 20 18 12.0 1 188
418.3292558506665 235.01503589732548 -13 8 11.0 1 189
739.9846158419505 512.1359041110445 17 -4 13.0 1 190
687.8988268500578 512.2286304752954 7 -17 12.0 1 191
528.7809267368209 668.7368097392048 18 -10 12.0 1 192
267.51297581767017 420.0795523682861 3 -14 10.0 1 193
534.9947475222367 398.8091425746254 6 18 10.0 1 194
231.3612339916008 156.73683674019944 18 17 11.0 1 195
101.71434601300979 510.2255352699798 -3 11 13.0 1 196
451.73615590287113 219.25883099749018 1 -14 12.0 1 197
764.3156731219685 451.943145050016 -16 -6 10.0 1 198
765.298363694362 377.3481682369482 -12 -6 12.0 1 199
140.8480351987759 197.3148768664431 15 14 12.0 1 200
327.12530762436575 533.3914510422488 11 -10 13.0 1 201
244.2033313433042 419.40098027100015 15 17 13.0 1 202
554.4328394977877 305.59926862226894 -1 6 10.0 1 203
444.9778363676229 204.0969774717926 -8 -16 10.0 1 204
285.7535685692955 561.7150361139908 15 -1 13.0 1 205
485.3690651346023 240.39698399452462 -9 19 11.0 1 206
725.3453409051131 276.4912588059625 5 22 13.0 1 207
200.6114145868867 477.71867218987745 -2 5 12.0 1 208
739.0145281258474 298.09244522799594 -14 5 10.0 1 209
585.2595479539759 312.2281372426874 16 -5 12.0 1 210
269.84102134134525 176.08117480985246 -17 17 11.0 1 211
380.3444286500984 58.565293921504065 11 19 11.0 1 212
546.3041955239183 385.7142598336983 1 -8 13.0 1 213
350.3844884712628 737.3711620985732 18 6 11.0 1 214
750.9344527993093 324.32959734183123 13 -5 11.0 1 215
604.7109648501983 410.8821353649419 5 21 13.0 1 216
44.6908568583151 365.2953490159939 16 12 11.0 1 217
282.87638390114523 224.49199860995486 0 -2 10.0 1 218
716.2078364453496 433.7135606329422 -8 19 12.0 1 219
