400 400 7.071067811865475 -7.0710678118654755 5 2 -1 10 187
742.842712474619 57.15728752538092
800.0 400.0 0 0 24.0 1 0
799.4518139018296 420.9343824971775 0 0 24.0 1 1
797.8087581473094 441.8113853070614 0 0 24.0 1 2
795.0753362380551 462.57378601609236 0 0 24.0 1 3
791.2590402935223 483.16467632710373 0 0 24.0 1 4
786.3703305156273 503.5276180410083 0 0 24.0 1 5
780.4226065180615 523.6067977499789 0 0 24.0 1 6
773.4321705988807 543.3471798181201 0 0 24.0 1 7
765.4181830570403 562.6946572303201 0 0 24.0 1 8
756.4026096753471 581.5961998958187 0 0 24.0 1 9
746.4101615137755 600.0 0 0 24.0 1 10
735.4682271781696 617.8556140060108 0 0 24.0 1 11
723.606797749979 635.1141009169893 0 0 24.0 1 12
710.8583845827884 651.728156419935 0 0 24.0 1 13
697.2579301909577 667.6522425435433 0 0 24.0 1 14
682.842712474619 682.842712474619 0 0 24.0 1 15
667.6522425435433 697.2579301909577 0 0 24.0 1 16
651.728156419935 710.8583845827884 0 0 24.0 1 17
635.1141009169893 723.606797749979 0 0 24.0 1 18
617.8556140060108 735.4682271781696 0 0 24.0 1 19
600.0 746.4101615137754 0 0 24.0 1 20
581.5961998958187 756.4026096753471 0 0 24.0 1 21
562.6946572303201 765.4181830570403 0 0 24.0 1 22
543.3471798181201 773.4321705988807 0 0 24.0 1 23
523.606797749979 780.4226065180615 0 0 24.0 1 24
503.5276180410083 786.3703305156273 0 0 24.0 1 25
483.1646763271038 791.2590402935223 0 0 24.0 1 26
462.57378601609236 795.0753362380551 0 0 24.0 1 27
441.8113853070614 797.8087581473094 0 0 24.0 1 28
420.9343824971776 799.4518139018296 0 0 24.0 1 29
400.0 800.0 0 0 24.0 1 30
379.0656175028225 799.4518139018296 0 0 24.0 1 31
358.1886146929386 797.8087581473094 0 0 24.0 1 32
337.4262139839077 795.0753362380551 0 0 24.0 1 33
316.83532367289627 791.2590402935223 0 0 24.0 1 34
296.47238195899166 786.3703305156273 0 0 24.0 1 35
276.3932022500211 780.4226065180615 0 0 24.0 1 36
256.65282018187986 773.4321705988807 0 0 24.0 1 37
237.3053427696799 765.4181830570403 0 0 24.0 1 38
218.4038001041813 756.4026096753471 0 0 24.0 1 39
200.00000000000009 746.4101615137755 0 0 24.0 1 40
182.14438599398918 735.4682271781696 0 0 24.0 1 41
164.8858990830108 723.606797749979 0 0 24.0 1 42
148.27184358006508 710.8583845827884 0 0 24.0 1 43
132.3477574564567 697.2579301909577 0 0 24.0 1 44
117.15728752538104 682.842712474619 0 0 24.0 1 45
102.74206980904233 667.6522425435434 0 0 24.0 1 46
89.14161541721165 651.728156419935 0 0 24.0 1 47
76.39320225002109 635.1141009169893 0 0 24.0 1 48
64.53177282183043 617.8556140060109 0 0 24.0 1 49
53.589838486224494 600.0 0 0 24.0 1 50
43.597390324652906 581.5961998958187 0 0 24.0 1 51
34.58181694295968 562.6946572303202 0 0 24.0 1 52
26.567829401119297 543.3471798181201 0 0 24.0 1 53
19.5773934819386 523.606797749979 0 0 24.0 1 54
13.629669484372698 503.5276180410084 0 0 24.0 1 55
8.740959706477724 483.16467632710373 0 0 24.0 1 56
4.924663761944942 462.5737860160924 0 0 24.0 1 57
2.1912418526906663 441.81138530706147 0 0 24.0 1 58
0.5481860981704472 420.9343824971775 0 0 24.0 1 59
0.0 400.00000000000006 0 0 24.0 1 60
0.5481860981704472 379.0656175028226 0 0 24.0 1 61
2.1912418526906663 358.1886146929386 0 0 24.0 1 62
4.924663761944885 337.4262139839077 0 0 24.0 1 63
8.740959706477781 316.8353236728962 0 0 24.0 1 64
13.629669484372698 296.47238195899166 0 0 24.0 1 65
19.577393481938543 276.3932022500211 0 0 24.0 1 66
26.567829401119297 256.65282018187986 0 0 24.0 1 67
34.58181694295968 237.30534276967992 0 0 24.0 1 68
43.59739032465285 218.40380010418136 0 0 24.0 1 69
53.58983848622455 199.99999999999994 0 0 24.0 1 70
64.53177282183037 182.14438599398918 0 0 24.0 1 71
76.39320225002103 164.8858990830108 0 0 24.0 1 72
89.14161541721171 148.27184358006497 0 0 24.0 1 73
102.74206980904228 132.3477574564567 0 0 24.0 1 74
117.15728752538092 117.15728752538104 0 0 24.0 1 75
132.34775745645675 102.74206980904228 0 0 24.0 1 76
148.27184358006485 89.14161541721177 0 0 24.0 1 77
164.8858990830107 76.39320225002109 0 0 24.0 1 78
182.1443859939892 64.53177282183032 0 0 24.0 1 79
199.99999999999983 53.58983848622461 0 0 24.0 1 80
218.40380010418124 43.597390324652906 0 0 24.0 1 81
237.30534276967995 34.58181694295962 0 0 24.0 1 82
256.65282018187975 26.567829401119354 0 0 24.0 1 83
276.393202250021 19.5773934819386 0 0 24.0 1 84
296.4723819589917 13.629669484372698 0 0 24.0 1 85
316.8353236728961 8.740959706477781 0 0 24.0 1 86
337.4262139839076 4.924663761944942 0 0 24.0 1 87
358.18861469293864 2.1912418526906663 0 0 24.0 1 88
379.0656175028223 0.5481860981704472 0 0 24.0 1 89
399.99999999999994 0.0 0 0 24.0 1 90
420.9343824971776 0.5481860981704472 0 0 24.0 1 91
441.8113853070612 2.1912418526906663 0 0 24.0 1 92
462.5737860160923 4.924663761944885 0 0 24.0 1 93
483.1646763271038 8.740959706477781 0 0 24.0 1 94
503.5276180410081 13.629669484372641 0 0 24.0 1 95
523.6067977499789 19.577393481938543 0 0 24.0 1 96
543.3471798181201 26.567829401119297 0 0 24.0 1 97
562.6946572303199 34.58181694295956 0 0 24.0 1 98
581.5961998958187 43.59739032465279 0 0 24.0 1 99
756.4026096753471 218.40380010418122 0 0 24.0 1 100
765.4181830570403 237.30534276967995 0 0 24.0 1 101
773.4321705988806 256.6528201818797 0 0 24.0 1 102
780.4226065180615 276.3932022500209 0 0 24.0 1 103
786.3703305156273 296.4723819589917 0 0 24.0 1 104
791.2590402935223 316.83532367289604 0 0 24.0 1 105
795.0753362380551 337.4262139839076 0 0 24.0 1 106
797.8087581473094 358.18861469293864 0 0 24.0 1 107
799.4518139018296 379.06561750282225 0 0 24.0 1 108
800.0 399.9999999999999 0 0 24.0 1 109
56.405931421708374 344.79931125596124 0 0 12.0 1 110
680.665191413231 372.59470253811503 0 0 10.0 1 111
96.02360273797433 364.8666837944502 0 0 13.0 1 112
580.4227679083899 175.51921057632734 0 0 12.0 1 113
660.2766975377931 444.18190487994104 0 0 10.0 1 114
237.15960742971237 392.78844347213345 0 0 10.0 1 115
414.9063225291565 265.825481000837 0 0 13.0 1 116
224.02748384205478 403.11023424225726 0 0 10.0 1 117
187.9950492086683 285.3924049638724 0 0 13.0 1 118
359.1144904997796 678.0096673011703 0 0 13.0 1 119
247.81387349833867 317.7298176711615 0 0 12.0 1 120
659.8558318702991 537.5170776412692 0 0 11.0 1 121
532.3855672324372 81.41082631616956 0 0 11.0 1 122
587.1155077541241 321.2803280118856 0 0 13.0 1 123
476.5760613635464 232.69158172391212 0 0 12.0 1 124
508.6428515265623 205.2547027212792 0 0 12.0 1 125
564.0883549615605 540.4671198751114 0 0 10.0 1 126
297.57382706230754 613.7238383927678 0 0 13.0 1 127
693.8451254071579 426.0776201838218 0 0 13.0 1 128
308.70020402983556 303.2872952719947 0 0 13.0 1 129
328.39361859359116 292.6988996240956 0 0 12.0 1 130
626.0174274549746 192.2378222904003 0 0 10.0 1 131
302.99741851969907 72.04497383611027 0 0 13.0 1 132
616.6953889840352 224.26124959742737 0 0 12.0 1 133
433.224626364724 43.545060066599035 0 0 10.0 1 134
532.1278608972003 587.0380399136232 0 0 12.0 1 135
457.00289622196743 658.7965800050449 0 0 12.0 1 136
40.35250720672673 384.07263588937445 0 0 12.0 1 137
614.6842443625353 533.864391166909 0 0 10.0 1 138
631.0644306110496 490.0734639413374 0 0 12.0 1 139
506.29906715891457 556.2738248112734 0 0 12.0 1 140
519.1943010616961 145.53248027613873 0 0 13.0 1 141
388.6779311230099 203.32562252203596 0 0 13.0 1 142
208.12012474239725 406.7906900331858 0 0 13.0 1 143
433.49737443465096 265.0966052836891 0 0 10.0 1 144
716.5538262301534 439.429368484036 0 0 13.0 1 145
294.4376231087316 706.3210482240256 0 0 11.0 1 146
635.1250701985861 452.8885749865693 0 0 11.0 1 147
495.4912024643337 613.6291886702649 0 0 10.0 1 148
242.10205627393307 473.1043047096394 0 0 10.0 1 149
160.46920476757725 526.7517184708877 0 0 13.0 1 150
387.9307895219903 190.34711030267792 0 0 10.0 1 151
348.6623764680279 226.43315866764902 0 0 10.0 1 152
408.5407929046089 675.8678213502992 0 0 11.0 1 153
283.31195488110984 643.4828538651785 0 0 13.0 1 154
134.72832395042246 320.2507812837769 18 16 12.0 1 155
340.12042046232193 175.86067735805284 1 -13 12.0 1 156
347.42087671813783 170.95756769779373 7 20 10.0 1 157
512.4857853533488 565.3691267844163 -15 -5 12.0 1 158
354.386627269205 532.3609467634678 13 -15 10.0 1 159
685.0 400.0 -13 -10 11.0 1 160
245.15209135437692 262.6277859679157 -9 -17 12.0 1 161
760.3557201532515 451.37854564729844 5 -4 10.0 1 162
179.50647662390818 499.7326734285051 -11 5 10.0 1 163
176.66336557174967 268.8445665545569 14 6 12.0 1 164
479.9647897717018 522.1541337686431 -14 -12 11.0 1 165
225.13330948023594 268.15675767539295 0 12 13.0 1 166
101.02226602666548 442.6182424340799 14 11 12.0 1 167
517.5342011568854 453.16682761283397 12 8 12.0 1 168
453.13100138424886 641.2179443820608 -9 6 11.0 1 169
343.1162175022988 744.3330296221294 -15 13 10.0 1 170
740.633008057716 307.3816766425131 -1 15 10.0 1 171
737.6728729255136 429.96716353327315 14 -9 10.0 1 172
140.6258668027623 241.44067662801538 -2 20 10.0 1 173
377.6444524548948 736.2576831746132 7 1 11.0 1 174
355.5841601219889 115.445553245199 -8 21 13.0 1 175
498.7065081762331 489.14048038716885 -5 -14 11.0 1 176
157.39351987654618 484.8003290212261 -3 3 13.0 1 177
335.61098152620946 576.6297095620719 18 -10 11.0 1 178
404.1155766647238 214.04553775529672 -13 -1 12.0 1 179
534.2636710542956 564.0648244902725 21 -7 13.0 1 180
173.01546981805765 369.6846069119515 -4 -7 12.0 1 181
515.5074542697213 245.38102313063814 -1 13 11.0 1 182
426.6839832529086 46.00428669578707 -5 -5 13.0 1 183
355.5165585841877 258.84326640288816 -12 4 10.0 1 184
306.4034362927258 185.53395778774168 13 22 10.0 1 185
102.29179763223487 386.81568193064885 21 6 10.0 1 186
305.22167497477625 290.2636381803504 2 -5 11.0 1 187
549.6637387254747 633.0874627917874 0 6 13.0 1 188
481.54489963611445 193.51893708299536 22 8 10.0 1 189
266.02483708571873 679.5543877711309 -4 19 11.0 1 190
346.53764478783927 519.5942163115288 22 -8 11.0 1 191
724.6103801546401 224.53176613455048 17 15 11.0 1 192
247.69025782374587 732.8028582181995 2 -6 12.0 1 193
225.70229642160953 138.81747660438782 6 5 11.0 1 194
395.525736185829 736.970296856149 -4 9 13.0 1 195
708.5390058981242 533.0401512303608 13 3 13.0 1 196
658.1129699878061 505.9183398853756 3 -6 11.0 1 197
202.5863337509305 620.5534955018873 2 3 13.0 1 198
672.30022243549 158.44547435085667 -6 -14 13.0 1 199
467.5786397165279 105.6581452561262 -1 -3 12.0 1 200
654.0369263790571 431.6423772160289 -3 17 11.0 1 201
293.55771208503035 298.6144026824978 -3 -14 11.0 1 202
298.0037446779704 166.2870052815134 22 -14 12.0 1 203
445.9550131307891 678.2303663659827 20 -16 10.0 1 204
95.42953999220668 416.1813130073303 -1 -10 10.0 1 205
252.57900039910464 413.0785655433922 8 4 13.0 1 206
42.87758975562275 329.5756852979975 20 11 11.0 1 207
588.0990606869422 101.28986731500044 17 6 13.0 1 208
402.3711423881852 578.9842945170748 -8 -13 11.0 1 209
384.5971013658376 195.57947580131363 -11 -5 13.0 1 210
413.45559093169504 166.3871855555032 3 -13 13.0 1 211
308.58345368302287 604.4969805632248 -14 21 10.0 1 212
466.06414878796534 571.7309763697906 13 -17 11.0 1 213
392.0010238211164 38.088385955783906 -14 0 10.0 1 214
355.55978285830724 274.64423786518944 -12 18 10.0 1 215
147.45150188690013 245.61329040096234 8 1 13.0 1 216
396.90651789702713 632.9794634049932 -12 -6 12.0 1 217
635.5771893725399 645.1599230040148 9 11 12.0 1 218
515.7536627179846 717.5611587826368 18 7 10.0 1 219
