400 400 7.0710678118654755 7.0710678118654755 5 2 -1 10 187
742.842712474619 742.842712474619
800.0 400.0 0 0 24.0 1 0
799.4518139018296 420.9343824971775 0 0 24.0 1 1
797.8087581473094 441.8113853070614 0 0 24.0 1 2
795.0753362380551 462.57378601609236 0 0 24.0 1 3
791.2590402935223 483.16467632710373 0 0 24.0 1 4
786.3703305156273 503.5276180410083 0 0 24.0 1 5
780.4226065180615 523.6067977499789 0 0 24.0 1 6
773.4321705988807 543.3471798181201 0 0 24.0 1 7
765.4181830570403 562.6946572303201 0 0 24.0 1 8
756.4026096753471 581.5961998958187 0 0 24.0 1 9
581.5961998958187 756.4026096753471 0 0 24.0 1 10
562.6946572303201 765.4181830570403 0 0 24.0 1 11
543.3471798181201 773.4321705988807 0 0 24.0 1 12
523.606797749979 780.4226065180615 0 0 24.0 1 13
503.5276180410083 786.3703305156273 0 0 24.0 1 14
483.1646763271038 791.2590402935223 0 0 24.0 1 15
462.57378601609236 795.0753362380551 0 0 24.0 1 16
441.8113853070614 797.8087581473094 0 0 24.0 1 17
420.9343824971776 799.4518139018296 0 0 24.0 1 18
400.0 800.0 0 0 24.0 1 19
379.0656175028225 799.4518139018296 0 0 24.0 1 20
358.1886146929386 797.8087581473094 0 0 24.0 1 21
337.4262139839077 795.0753362380551 0 0 24.0 1 22
316.83532367289627 791.2590402935223 0 0 24.0 1 23
296.47238195899166 786.3703305156273 0 0 24.0 1 24
276.3932022500211 780.4226065180615 0 0 24.0 1 25
256.65282018187986 773.4321705988807 0 0 24.0 1 26
237.3053427696799 765.4181830570403 0 0 24.0 1 27
218.4038001041813 756.4026096753471 0 0 24.0 1 28
200.00000000000009 746.4101615137755 0 0 24.0 1 29
182.14438599398918 735.4682271781696 0 0 24.0 1 30
164.8858990830108 723.606797749979 0 0 24.0 1 31
148.27184358006508 710.8583845827884 0 0 24.0 1 32
132.3477574564567 697.2579301909577 0 0 24.0 1 33
117.15728752538104 682.842712474619 0 0 24.0 1 34
102.74206980904233 667.6522425435434 0 0 24.0 1 35
89.14161541721165 651.728156419935 0 0 24.0 1 36
76.39320225002109 635.1141009169893 0 0 24.0 1 37
64.53177282183043 617.8556140060109 0 0 24.0 1 38
53.589838486224494 600.0 0 0 24.0 1 39
43.597390324652906 581.5961998958187 0 0 24.0 1 40
34.58181694295968 562.6946572303202 0 0 24.0 1 41
26.567829401119297 543.3471798181201 0 0 24.0 1 42
19.5773934819386 523.606797749979 0 0 24.0 1 43
13.629669484372698 503.5276180410084 0 0 24.0 1 44
8.740959706477724 483.16467632710373 0 0 24.0 1 45
4.924663761944942 462.5737860160924 0 0 24.0 1 46
2.1912418526906663 441.81138530706147 0 0 24.0 1 47
0.5481860981704472 420.9343824971775 0 0 24.0 1 48
0.0 400.00000000000006 0 0 24.0 1 49
0.5481860981704472 379.0656175028226 0 0 24.0 1 50
2.1912418526906663 358.1886146929386 0 0 24.0 1 51
4.924663761944885 337.4262139839077 0 0 24.0 1 52
8.740959706477781 316.8353236728962 0 0 24.0 1 53
13.629669484372698 296.47238195899166 0 0 24.0 1 54
19.577393481938543 276.3932022500211 0 0 24.0 1 55
26.567829401119297 256.65282018187986 0 0 24.0 1 56
34.58181694295968 237.30534276967992 0 0 24.0 1 57
43.59739032465285 218.40380010418136 0 0 24.0 1 58
53.58983848622455 199.99999999999994 0 0 24.0 1 59
64.53177282183037 182.14438599398918 0 0 24.0 1 60
76.39320225002103 164.8858990830108 0 0 24.0 1 61
89.14161541721171 148.27184358006497 0 0 24.0 1 62
102.74206980904228 132.3477574564567 0 0 24.0 1 63
117.15728752538092 117.15728752538104 0 0 24.0 1 64
132.34775745645675 102.74206980904228 0 0 24.0 1 65
148.27184358006485 89.14161541721177 0 0 24.0 1 66
164.8858990830107 76.39320225002109 0 0 24.0 1 67
182.1443859939892 64.53177282183032 0 0 24.0 1 68
199.99999999999983 53.58983848622461 0 0 24.0 1 69
218.40380010418124 43.597390324652906 0 0 24.0 1 70
237.30534276967995 34.58181694295962 0 0 24.0 1 71
256.65282018187975 26.567829401119354 0 0 24.0 1 72
276.393202250021 19.5773934819386 0 0 24.0 1 73
296.4723819589917 13.629669484372698 0 0 24.0 1 74
316.8353236728961 8.740959706477781 0 0 24.0 1 75
337.4262139839076 4.924663761944942 0 0 24.0 1 76
358.18861469293864 2.1912418526906663 0 0 24.0 1 77
379.0656175028223 0.5481860981704472 0 0 24.0 1 78
399.99999999999994 0.0 0 0 24.0 1 79
420.9343824971776 0.5481860981704472 0 0 24.0 1 80
441.8113853070612 2.1912418526906663 0 0 24.0 1 81
462.5737860160923 4.924663761944885 0 0 24.0 1 82
483.1646763271038 8.740959706477781 0 0 24.0 1 83
503.5276180410081 13.629669484372641 0 0 24.0 1 84
523.6067977499789 19.577393481938543 0 0 24.0 1 85
543.3471798181201 26.567829401119297 0 0 24.0 1 86
562.6946572303199 34.58181694295956 0 0 24.0 1 87
581.5961998958187 43.59739032465279 0 0 24.0 1 88
600.0 53.58983848622455 0 0 24.0 1 89
617.8556140060107 64.53177282183032 0 0 24.0 1 90
635.1141009169892 76.39320225002098 0 0 24.0 1 91
651.728156419935 89.14161541721171 0 0 24.0 1 92
667.6522425435431 102.74206980904216 0 0 24.0 1 93
682.842712474619 117.15728752538092 0 0 24.0 1 94
697.2579301909577 132.34775745645675 0 0 24.0 1 95
710.8583845827882 148.27184358006485 0 0 24.0 1 96
723.6067977499789 164.88589908301066 0 0 24.0 1 97
735.4682271781696 182.1443859939892 0 0 24.0 1 98
746.4101615137754 199.99999999999983 0 0 24.0 1 99
756.4026096753471 218.40380010418122 0 0 24.0 1 100
765.4181830570403 237.30534276967995 0 0 24.0 1 101
773.4321705988806 256.6528201818797 0 0 24.0 1 102
780.4226065180615 276.3932022500209 0 0 24.0 1 103
786.3703305156273 296.4723819589917 0 0 24.0 1 104
791.2590402935223 316.83532367289604 0 0 24.0 1 105
795.0753362380551 337.4262139839076 0 0 24.0 1 106
797.8087581473094 358.18861469293864 0 0 24.0 1 107
799.4518139018296 379.06561750282225 0 0 24.0 1 108
800.0 399.9999999999999 0 0 24.0 1 109
508.03552682888295 527.3472612300936 0 0 10.0 1 110
607.5362739769284 705.106038917248 0 0 11.0 1 111
376.9028944787936 674.0283264856796 0 0 13.0 1 112
117.18439129198532 435.21833998238884 0 0 11.0 1 113
407.99285102352826 261.2299948385254 0 0 10.0 1 114
543.8881028318879 417.92244022001637 0 0 13.0 1 115
595.7210957297331 268.131684296975 0 0 11.0 1 116
639.8430266220827 154.79738463719653 0 0 10.0 1 117
332.1860337350504 586.0249068792034 0 0 12.0 1 118
238.12372477069678 709.187760944522 0 0 11.0 1 119
452.37378925838715 99.53039055718455 0 0 10.0 1 120
204.91503738824036 200.54359533279376 0 0 13.0 1 121
414.835651540074 142.4268968945292 0 0 13.0 1 122
532.294461319915 454.28789463659035 0 0 12.0 1 123
163.43848042258742 348.9838510349375 0 0 11.0 1 124
253.14409588739372 573.0963414612481 0 0 13.0 1 125
323.1905470870643 580.3227881972091 0 0 13.0 1 126
686.2527745565583 332.95263570674683 0 0 10.0 1 127
632.671486878518 412.36847580503155 0 0 10.0 1 128
538.1586386466156 130.3313318768495 0 0 11.0 1 129
137.27026236399826 637.2532085382992 0 0 11.0 1 130
620.8577867128263 134.95879933808078 0 0 11.0 1 131
290.51621721043847 518.0436415318001 0 0 12.0 1 132
472.0622980388961 58.52082757311052 0 0 10.0 1 133
405.7750833843704 139.06389975340022 0 0 12.0 1 134
372.462147451524 669.5972304698593 0 0 11.0 1 135
286.8901996043807 169.22917633621194 0 0 12.0 1 136
409.2834705484879 699.856327554673 0 0 13.0 1 137
293.90098094742063 63.322115136618436 0 0 12.0 1 138
554.1483862712722 434.67383754306206 0 0 10.0 1 139
532.001840950604 82.3342731964126 0 0 10.0 1 140
367.5510350655589 213.8063785338407 0 0 12.0 1 141
110.60997903188434 489.79095591468865 0 0 13.0 1 142
560.4523721999456 449.78992122317675 0 0 12.0 1 143
305.9508149403458 605.5012184626041 0 0 12.0 1 144
343.50277934781167 231.20407570507533 0 0 12.0 1 145
273.27859583828723 500.9241582936605 0 0 10.0 1 146
548.518744105631 529.4263599476014 0 0 10.0 1 147
135.5716071628106 304.92831619487833 0 0 13.0 1 148
506.67590634961607 143.28176729244967 0 0 11.0 1 149
131.00000012221773 399.9918911689463 0 0 13.0 1 150
185.37070646618255 470.7832350007714 0 0 11.0 1 151
479.4892810893335 226.3265875503653 0 0 10.0 1 152
362.65134736838877 249.56703105168987 0 0 10.0 1 153
468.57501532517125 561.0045566844384 0 0 10.0 1 154
546.0012994476103 305.34472777700535 -12 -12 12.0 1 155
367.31266803203295 636.754172780156 -17 -3 10.0 1 156
598.2909462536073 708.819851424498 -16 15 13.0 1 157
188.4580910444723 443.6579976115629 1 4 13.0 1 158
111.91779344448548 366.70371993591687 -8 7 13.0 1 159
473.6628416377593 239.05657589745894 -14 12 13.0 1 160
420.5154428350487 268.59179399564937 16 -16 10.0 1 161
215.3958371753064 558.0199451581793 -3 -4 13.0 1 162
368.27053802759997 59.475050483900645 1 15 12.0 1 163
734.5589718278691 334.0356583487783 10 -7 10.0 1 164
532.7173443083168 491.14332954060706 -1 8 13.0 1 165
526.9852716315932 377.2900729052137 10 4 10.0 1 166
484.5787131387955 754.0373444762365 22 7 13.0 1 167
370.4043907333462 82.37585118235177 -1 8 10.0 1 168
367.45565228267793 671.0532520219118 -1 -17 13.0 1 169
249.9685919859349 503.0270673625 9 16 13.0 1 170
522.1401811734592 493.79646124942326 17 14 12.0 1 171
551.4996664732618 358.8071479684832 9 5 10.0 1 172
549.4838826389913 340.20393966846746 6 -7 11.0 1 173
134.1126722105115 342.6595350475331 -2 -11 10.0 1 174
749.5389357666528 288.14503862985885 -5 -15 13.0 1 175
415.3168842792453 630.4916333752187 9 -6 10.0 1 176
529.9868823284521 257.3381255467 7 -7 13.0 1 177
526.6453795411401 457.28828711770484 2 -13 13.0 1 178
296.23463249188825 213.98454766900005 10 -5 11.0 1 179
419.4356826858356 275.5080153642994 2 -12 13.0 1 180
175.86195557636947 501.3811473694721 -15 2 10.0 1 181
611.5985867152008 270.6553514824459 -3 -5 13.0 1 182
474.8566335292251 739.8536220443609 -9 -10 13.0 1 183
271.1661377868984 321.24191503562605 -16 1 13.0 1 184
501.14646463949725 278.61881245048335 -15 -6 12.0 1 185
530.7241614489585 551.3644397256721 -7 11 10.0 1 186
376.5979043061219 189.29560536824445 -10 -13 12.0 1 187
107.65596648710874 431.1603284548401 13 22 13.0 1 188
324.85120464532014 43.84180683755085 -1 0 13.0 1 189
246.8629401259751 202.39169831927782 -9 17 10.0 1 190
503.7635045834945 206.00738386074815 15 2 13.0 1 191
523.8153072797663 445.75772812560797 5 15 12.0 1 192
755.8221192728372 323.2756920123303 21 11 12.0 1 193
463.7618374255528 516.7194417743564 18 9 12.0 1 194
417.77023803825864 667.4102066864009 19 -5 11.0 1 195
316.91849966890913 641.0860101763164 21 20 10.0 1 196
311.549718624656 259.52741290692165 15 14 13.0 1 197
277.7686428985046 258.47793337741746 4 18 12.0 1 198
324.59479157495286 595.9950370350616 -16 2 12.0 1 199
664.9254463270836 534.2516587919702 16 -10 10.0 1 200
227.38992387126635 523.0843678898046 -10 20 12.0 1 201
188.1158579486481 668.4569059405299 -4 19 12.0 1 202
194.30465588848537 488.6872336407308 1 14 10.0 1 203
427.56344701207547 104.28179564184336 21 22 12.0 1 204
733.7222918247197 346.3955977623424 -11 -14 13.0 1 205
678.1158471479191 377.8059565379525 -2 -16 13.0 1 206
264.129201783253 134.7772140408294 17 2 13.0 1 207
114.17653085172816 225.27179825784592 3 3 11.0 1 208
216.54836940978197 135.3691264538656 2 3 13.0 1 209
530.8860566859651 350.31257538170905 4 -17 12.0 1 210
211.7520288265156 481.164655787276 -16 -14 10.0 1 211
166.29660597512506 685.5586167869112 -12 2 13.0 1 212
566.6196020378661 185.00719031385464 -12 -8 13.0 1 213
661.3896886852392 615.862063941383 5 -14 11.0 1 214
412.3042756363592 652.7006228743105 -1 17 12.0 1 215
144.92225516075845 234.6175822896316 8 17 13.0 1 216
340.0624870767067 697.0126168104143 -3 -11 11.0 1 217
125.98871438470422 169.60508826049823 14 2 12.0 1 218
265.25860198482997 605.8172870798699 8 0 12.0 1 219
