400 400 -7.071067811865475 -7.071067811865477 5 2 -1 10 187
57.15728752538104 57.15728752538092
800.0 400.0 0 0 24.0 1 0
799.4518139018296 420.9343824971775 0 0 24.0 1 1
797.8087581473094 441.8113853070614 0 0 24.0 1 2
795.0753362380551 462.57378601609236 0 0 24.0 1 3
791.2590402935223 483.16467632710373 0 0 24.0 1 4
786.3703305156273 503.5276180410083 0 0 24.0 1 5
780.4226065180615 523.6067977499789 0 0 24.0 1 6
773.4321705988807 543.3471798181201 0 0 24.0 1 7
765.4181830570403 562.6946572303201 0 0 24.0 1 8
756.4026096753471 581.5961998958187 0 0 24.0 1 9
746.4101615137755 600.0 0 0 24.0 1 10
735.4682271781696 617.8556140060108 0 0 24.0 1 11
723.606797749979 635.1141009169893 0 0 24.0 1 12
710.8583845827884 651.728156419935 0 0 24.0 1 13
697.2579301909577 667.6522425435433 0 0 24.0 1 14
682.842712474619 682.842712474619 0 0 24.0 1 15
667.6522425435433 697.2579301909577 0 0 24.0 1 16
651.728156419935 710.8583845827884 0 0 24.0 1 17
635.1141009169893 723.606797749979 0 0 24.0 1 18
617.8556140060108 735.4682271781696 0 0 24.0 1 19
600.0 746.4101615137754 0 0 24.0 1 20
581.5961998958187 756.4026096753471 0 0 24.0 1 21
562.6946572303201 765.4181830570403 0 0 24.0 1 22
543.3471798181201 773.4321705988807 0 0 24.0 1 23
523.606797749979 780.4226065180615 0 0 24.0 1 24
503.5276180410083 786.3703305156273 0 0 24.0 1 25
483.1646763271038 791.2590402935223 0 0 24.0 1 26
462.57378601609236 795.0753362380551 0 0 24.0 1 27
441.8113853070614 797.8087581473094 0 0 24.0 1 28
420.9343824971776 799.4518139018296 0 0 24.0 1 29
400.0 800.0 0 0 24.0 1 30
379.0656175028225 799.4518139018296 0 0 24.0 1 31
358.1886146929386 797.8087581473094 0 0 24.0 1 32
337.4262139839077 795.0753362380551 0 0 24.0 1 33
316.83532367289627 791.2590402935223 0 0 24.0 1 34
296.47238195899166 786.3703305156273 0 0 24.0 1 35
276.3932022500211 780.4226065180615 0 0 24.0 1 36
256.65282018187986 773.4321705988807 0 0 24.0 1 37
237.3053427696799 765.4181830570403 0 0 24.0 1 38
218.4038001041813 756.4026096753471 0 0 24.0 1 39
200.00000000000009 746.4101615137755 0 0 24.0 1 40
182.14438599398918 735.4682271781696 0 0 24.0 1 41
164.8858990830108 723.606797749979 0 0 24.0 1 42
148.27184358006508 710.8583845827884 0 0 24.0 1 43
132.3477574564567 697.2579301909577 0 0 24.0 1 44
117.15728752538104 682.842712474619 0 0 24.0 1 45
102.74206980904233 667.6522425435434 0 0 24.0 1 46
89.14161541721165 651.728156419935 0 0 24.0 1 47
76.39320225002109 635.1141009169893 0 0 24.0 1 48
64.53177282183043 617.8556140060109 0 0 24.0 1 49
53.589838486224494 600.0 0 0 24.0 1 50
43.597390324652906 581.5961998958187 0 0 24.0 1 51
34.58181694295968 562.6946572303202 0 0 24.0 1 52
26.567829401119297 543.3471798181201 0 0 24.0 1 53
19.5773934819386 523.606797749979 0 0 24.0 1 54
13.629669484372698 503.5276180410084 0 0 24.0 1 55
8.740959706477724 483.16467632710373 0 0 24.0 1 56
4.924663761944942 462.5737860160924 0 0 24.0 1 57
2.1912418526906663 441.81138530706147 0 0 24.0 1 58
0.5481860981704472 420.9343824971775 0 0 24.0 1 59
0.0 400.00000000000006 0 0 24.0 1 60
0.5481860981704472 379.0656175028226 0 0 24.0 1 61
2.1912418526906663 358.1886146929386 0 0 24.0 1 62
4.924663761944885 337.4262139839077 0 0 24.0 1 63
8.740959706477781 316.8353236728962 0 0 24.0 1 64
13.629669484372698 296.47238195899166 0 0 24.0 1 65
19.577393481938543 276.3932022500211 0 0 24.0 1 66
26.567829401119297 256.65282018187986 0 0 24.0 1 67
34.58181694295968 237.30534276967992 0 0 24.0 1 68
43.59739032465285 218.40380010418136 0 0 24.0 1 69
218.40380010418124 43.597390324652906 0 0 24.0 1 70
237.30534276967995 34.58181694295962 0 0 24.0 1 71
256.65282018187975 26.567829401119354 0 0 24.0 1 72
276.393202250021 19.5773934819386 0 0 24.0 1 73
296.4723819589917 13.629669484372698 0 0 24.0 1 74
316.8353236728961 8.740959706477781 0 0 24.0 1 75
337.4262139839076 4.924663761944942 0 0 24.0 1 76
358.18861469293864 2.1912418526906663 0 0 24.0 1 77
379.0656175028223 0.5481860981704472 0 0 24.0 1 78
399.99999999999994 0.0 0 0 24.0 1 79
420.9343824971776 0.5481860981704472 0 0 24.0 1 80
441.8113853070612 2.1912418526906663 0 0 24.0 1 81
462.5737860160923 4.924663761944885 0 0 24.0 1 82
483.1646763271038 8.740959706477781 0 0 24.0 1 83
503.5276180410081 13.629669484372641 0 0 24.0 1 84
523.6067977499789 19.577393481938543 0 0 24.0 1 85
543.3471798181201 26.567829401119297 0 0 24.0 1 86
562.6946572303199 34.58181694295956 0 0 24.0 1 87
581.5961998958187 43.59739032465279 0 0 24.0 1 88
600.0 53.58983848622455 0 0 24.0 1 89
617.8556140060107 64.53177282183032 0 0 24.0 1 90
635.1141009169892 76.39320225002098 0 0 24.0 1 91
651.728156419935 89.14161541721171 0 0 24.0 1 92
667.6522425435431 102.74206980904216 0 0 24.0 1 93
682.842712474619 117.15728752538092 0 0 24.0 1 94
697.2579301909577 132.34775745645675 0 0 24.0 1 95
710.8583845827882 148.27184358006485 0 0 24.0 1 96
723.6067977499789 164.88589908301066 0 0 24.0 1 97
735.4682271781696 182.1443859939892 0 0 24.0 1 98
746.4101615137754 199.99999999999983 0 0 24.0 1 99
756.4026096753471 218.40380010418122 0 0 24.0 1 100
765.4181830570403 237.30534276967995 0 0 24.0 1 101
773.4321705988806 256.6528201818797 0 0 24.0 1 102
780.4226065180615 276.3932022500209 0 0 24.0 1 103
786.3703305156273 296.4723819589917 0 0 24.0 1 104
791.2590402935223 316.83532367289604 0 0 24.0 1 105
795.0753362380551 337.4262139839076 0 0 24.0 1 106
797.8087581473094 358.18861469293864 0 0 24.0 1 107
799.4518139018296 379.06561750282225 0 0 24.0 1 108
800.0 399.9999999999999 0 0 24.0 1 109
363.87935033571944 700.8393236726713 0 0 11.0 1 110
635.1250701985861 452.8885749865693 0 0 12.0 1 111
392.79650211514905 74.07959619222527 0 0 12.0 1 112
181.46838516652272 360.9112123714137 0 0 10.0 1 113
237.22012335916824 294.45990448746227 0 0 10.0 1 114
126.61454353870306 330.83069903889213 0 0 10.0 1 115
238.83443154580073 573.7661058573702 0 0 11.0 1 116
62.42954469241505 488.58435360395066 0 0 13.0 1 117
618.5527772438298 480.76932313080806 0 0 11.0 1 118
258.72320855703094 146.73952499535218 0 0 12.0 1 119
220.79004430167984 579.99942160631 0 0 12.0 1 120
306.1314611999268 739.2531465197326 0 0 10.0 1 121
464.6308905550946 650.806395424948 0 0 13.0 1 122
463.8451162604567 229.56584517858877 0 0 10.0 1 123
540.0045299646082 79.2216784298086 0 0 12.0 1 124
600.5420147584992 269.9849996477258 0 0 12.0 1 125
613.3487580237696 563.8392732213952 0 0 12.0 1 126
569.9219195318663 257.1345343947461 0 0 11.0 1 127
181.08309514146904 336.2866672731609 0 0 11.0 1 128
299.529030739845 249.445742883421 0 0 12.0 1 129
548.7598778437384 464.144358628924 0 0 13.0 1 130
265.0088456900627 447.1846188717328 0 0 13.0 1 131
550.0690880931156 322.2808337737679 0 0 10.0 1 132
430.9026113149704 623.8772623870407 0 0 11.0 1 133
348.64215890849647 614.949696809323 0 0 11.0 1 134
483.65731884563 617.4636820334848 0 0 11.0 1 135
534.4824291373388 617.8313022807343 0 0 13.0 1 136
287.2874675807677 525.92412412101 0 0 11.0 1 137
542.3927414849713 485.3247160698125 0 0 13.0 1 138
362.57526278895125 259.912923348783 0 0 13.0 1 139
468.65970531889593 550.0361451968238 0 0 10.0 1 140
405.3225231144664 571.9176277980125 0 0 11.0 1 141
268.656613699162 566.4118832145975 0 0 12.0 1 142
116.95787630437906 453.2086103358548 0 0 11.0 1 143
500.4164136539821 60.540806769249 0 0 12.0 1 144
398.9758359347998 167.0022508950622 0 0 12.0 1 145
378.8716317246961 264.6390305367787 0 0 10.0 1 146
610.6337222625062 619.201813509472 0 0 13.0 1 147
559.8957815188717 733.6665087365966 0 0 13.0 1 148
461.70861586980135 705.8366340506534 0 0 11.0 1 149
551.305300379974 204.76755885118416 0 0 13.0 1 150
515.2266186516517 55.77358271900914 0 0 10.0 1 151
416.5840236837885 740.5964917001577 0 0 11.0 1 152
367.65653755515905 108.79062440045107 0 0 13.0 1 153
607.1857155413181 418.38693219740657 0 0 11.0 1 154
711.0122993238549 338.6783099605945 16 19 10.0 1 155
741.9464115575104 406.05405838605145 12 1 10.0 1 156
302.33230146851037 653.8602384454132 16 7 10.0 1 157
544.6366184474371 410.25907423165006 -10 -8 10.0 1 158
492.25970096978085 153.71328176905962 -11 17 13.0 1 159
644.0090056788349 307.3684441044719 3 -4 12.0 1 160
334.55448316639144 89.82926584479014 16 15 12.0 1 161
519.2359578258641 746.0329267011288 7 -9 11.0 1 162
240.53098377016522 371.47574956832887 15 -7 10.0 1 163
622.4078999087563 681.8079595365905 3 19 12.0 1 164
413.7140699990439 534.3016168333849 -9 19 13.0 1 165
521.0402480839913 530.5115257123517 14 20 11.0 1 166
443.00584493009666 66.76360147509627 -7 19 10.0 1 167
489.5718718930209 557.2828018747766 -1 13 10.0 1 168
100.95142150917081 376.12642250071497 -14 1 10.0 1 169
425.5045489860473 612.4747466900909 -10 -3 13.0 1 170
485.61289412979346 550.3310758250627 5 -3 11.0 1 171
38.127620940181316 390.388482243324 18 -5 13.0 1 172
237.0379623662092 300.3788461708913 16 14 10.0 1 173
485.2599804747364 217.97874923666862 -7 15 13.0 1 174
326.5297493695877 553.3040191002976 15 -9 12.0 1 175
674.9468376356574 177.01965002684332 1 13 10.0 1 176
322.3822673096734 724.8561028701986 9 18 11.0 1 177
299.9318800652297 522.2717112529322 7 -9 10.0 1 178
236.48266746126123 486.5279258934104 -16 6 13.0 1 179
360.86049090548295 666.1373683416897 17 -9 10.0 1 180
84.1114039146334 391.60983532842647 15 6 12.0 1 181
184.38301969737293 121.76751123354313 21 -9 10.0 1 182
551.8571410294454 439.85484560706675 -15 -12 12.0 1 183
354.39780252390005 518.5303319212039 4 -17 13.0 1 184
76.00000014720649 399.99023322951155 14 -17 10.0 1 185
474.5617182098033 516.1229959034897 6 10 13.0 1 186
654.5662976630854 558.732479644556 4 15 13.0 1 187
545.1671200996609 689.6592951071493 -1 15 13.0 1 188
94.99109359777975 609.4506314512364 -11 3 11.0 1 189
104.64401132730416 515.1253228233231 -13 2 11.0 1 190
710.2360441716836 564.1785518778418 -17 -8 12.0 1 191
693.5320886803181 300.3059033093238 8 15 13.0 1 192
560.930254867218 359.28817041236937 5 21 10.0 1 193
297.6957211609312 696.8666948837779 12 1 13.0 1 194
432.29781670663004 669.0684876309095 17 21 13.0 1 195
108.58264808211715 320.7540095577775 -5 -14 12.0 1 196
629.6003318089373 298.5865510239107 5 -14 11.0 1 197
111.13780965845575 500.9684851381136 -3 12 13.0 1 198
286.61512321742856 454.95334127240216 -3 18 11.0 1 199
119.72706881764111 304.79976866389086 -10 7 10.0 1 200
398.4879294488032 56.00332320987724 3 21 13.0 1 201
553.429598530246 358.28239826107534 11 1 12.0 1 202
486.92105339300684 573.4379729962561 0 -16 11.0 1 203
275.96390845818354 332.9474236510623 16 1 13.0 1 204
121.57711094010358 429.6765032903239 4 22 10.0 1 205
610.120430662659 626.5621429500937 8 12 11.0 1 206
586.8660327534583 523.5195765981387 13 5 12.0 1 207
681.759666292983 468.64029756977226 16 14 11.0 1 208
621.2124928691452 245.1935627998035 -12 -3 12.0 1 209
407.64783587143353 267.2200670037689 9 -8 13.0 1 210
403.29840477462636 648.9781527081095 -17 -11 12.0 1 211
368.0660980010262 216.76183284282737 1 -13 11.0 1 212
450.8438443149156 707.8293415113001 8 -6 12.0 1 213
712.3090816034654 496.912525237969 17 19 11.0 1 214
290.1372351515544 640.05452068198 20 11 11.0 1 215
645.1059406860435 430.5299498920279 8 3 11.0 1 216
366.08176431775803 645.6696018806639 15 0 12.0 1 217
596.8501243683604 689.3959718727285 -6 -10 10.0 1 218
303.9980853181069 746.963445304272 -7 6 13.0 1 219
