400 400 -7.071067811865475 7.0710678118654755 5 2 -1 10 187
57.15728752538104 742.842712474619
800.0 400.0 0 0 24.0 1 0
799.4518139018296 420.9343824971775 0 0 24.0 1 1
797.8087581473094 441.8113853070614 0 0 24.0 1 2
795.0753362380551 462.57378601609236 0 0 24.0 1 3
791.2590402935223 483.16467632710373 0 0 24.0 1 4
786.3703305156273 503.5276180410083 0 0 24.0 1 5
780.4226065180615 523.6067977499789 0 0 24.0 1 6
773.4321705988807 543.3471798181201 0 0 24.0 1 7
765.4181830570403 562.6946572303201 0 0 24.0 1 8
756.4026096753471 581.5961998958187 0 0 24.0 1 9
746.4101615137755 600.0 0 0 24.0 1 10
735.4682271781696 617.8556140060108 0 0 24.0 1 11
723.606797749979 635.1141009169893 0 0 24.0 1 12
710.8583845827884 651.728156419935 0 0 24.0 1 13
697.2579301909577 667.6522425435433 0 0 24.0 1 14
682.842712474619 682.842712474619 0 0 24.0 1 15
667.6522425435433 697.2579301909577 0 0 24.0 1 16
651.728156419935 710.8583845827884 0 0 24.0 1 17
635.1141009169893 723.606797749979 0 0 24.0 1 18
617.8556140060108 735.4682271781696 0 0 24.0 1 19
600.0 746.4101615137754 0 0 24.0 1 20
581.5961998958187 756.4026096753471 0 0 24.0 1 21
562.6946572303201 765.4181830570403 0 0 24.0 1 22
543.3471798181201 773.4321705988807 0 0 24.0 1 23
523.606797749979 780.4226065180615 0 0 24.0 1 24
503.5276180410083 786.3703305156273 0 0 24.0 1 25
483.1646763271038 791.2590402935223 0 0 24.0 1 26
462.57378601609236 795.0753362380551 0 0 24.0 1 27
441.8113853070614 797.8087581473094 0 0 24.0 1 28
420.9343824971776 799.4518139018296 0 0 24.0 1 29
400.0 800.0 0 0 24.0 1 30
379.0656175028225 799.4518139018296 0 0 24.0 1 31
358.1886146929386 797.8087581473094 0 0 24.0 1 32
337.4262139839077 795.0753362380551 0 0 24.0 1 33
316.83532367289627 791.2590402935223 0 0 24.0 1 34
296.47238195899166 786.3703305156273 0 0 24.0 1 35
276.3932022500211 780.4226065180615 0 0 24.0 1 36
256.65282018187986 773.4321705988807 0 0 24.0 1 37
237.3053427696799 765.4181830570403 0 0 24.0 1 38
218.4038001041813 756.4026096753471 0 0 24.0 1 39
43.597390324652906 581.5961998958187 0 0 24.0 1 40
34.58181694295968 562.6946572303202 0 0 24.0 1 41
26.567829401119297 543.3471798181201 0 0 24.0 1 42
19.5773934819386 523.606797749979 0 0 24.0 1 43
13.629669484372698 503.5276180410084 0 0 24.0 1 44
8.740959706477724 483.16467632710373 0 0 24.0 1 45
4.924663761944942 462.5737860160924 0 0 24.0 1 46
2.1912418526906663 441.81138530706147 0 0 24.0 1 47
0.5481860981704472 420.9343824971775 0 0 24.0 1 48
0.0 400.00000000000006 0 0 24.0 1 49
0.5481860981704472 379.0656175028226 0 0 24.0 1 50
2.1912418526906663 358.1886146929386 0 0 24.0 1 51
4.924663761944885 337.4262139839077 0 0 24.0 1 52
8.740959706477781 316.8353236728962 0 0 24.0 1 53
13.629669484372698 296.47238195899166 0 0 24.0 1 54
19.577393481938543 276.3932022500211 0 0 24.0 1 55
26.567829401119297 256.65282018187986 0 0 24.0 1 56
34.58181694295968 237.30534276967992 0 0 24.0 1 57
43.59739032465285 218.40380010418136 0 0 24.0 1 58
53.58983848622455 199.99999999999994 0 0 24.0 1 59
64.53177282183037 182.14438599398918 0 0 24.0 1 60
76.39320225002103 164.8858990830108 0 0 24.0 1 61
89.14161541721171 148.27184358006497 0 0 24.0 1 62
102.74206980904228 132.3477574564567 0 0 24.0 1 63
117.15728752538092 117.15728752538104 0 0 24.0 1 64
132.34775745645675 102.74206980904228 0 0 24.0 1 65
148.27184358006485 89.14161541721177 0 0 24.0 1 66
164.8858990830107 76.39320225002109 0 0 24.0 1 67
182.1443859939892 64.53177282183032 0 0 24.0 1 68
199.99999999999983 53.58983848622461 0 0 24.0 1 69
218.40380010418124 43.597390324652906 0 0 24.0 1 70
237.30534276967995 34.58181694295962 0 0 24.0 1 71
256.65282018187975 26.567829401119354 0 0 24.0 1 72
276.393202250021 19.5773934819386 0 0 24.0 1 73
296.4723819589917 13.629669484372698 0 0 24.0 1 74
316.8353236728961 8.740959706477781 0 0 24.0 1 75
337.4262139839076 4.924663761944942 0 0 24.0 1 76
358.18861469293864 2.1912418526906663 0 0 24.0 1 77
379.0656175028223 0.5481860981704472 0 0 24.0 1 78
399.99999999999994 0.0 0 0 24.0 1 79
420.9343824971776 0.5481860981704472 0 0 24.0 1 80
441.8113853070612 2.1912418526906663 0 0 24.0 1 81
462.5737860160923 4.924663761944885 0 0 24.0 1 82
483.1646763271038 8.740959706477781 0 0 24.0 1 83
503.5276180410081 13.629669484372641 0 0 24.0 1 84
523.6067977499789 19.577393481938543 0 0 24.0 1 85
543.3471798181201 26.567829401119297 0 0 24.0 1 86
562.6946572303199 34.58181694295956 0 0 24.0 1 87
581.5961998958187 43.59739032465279 0 0 24.0 1 88
600.0 53.58983848622455 0 0 24.0 1 89
617.8556140060107 64.53177282183032 0 0 24.0 1 90
635.1141009169892 76.39320225002098 0 0 24.0 1 91
651.728156419935 89.14161541721171 0 0 24.0 1 92
667.6522425435431 102.74206980904216 0 0 24.0 1 93
682.842712474619 117.15728752538092 0 0 24.0 1 94
697.2579301909577 132.34775745645675 0 0 24.0 1 95
710.8583845827882 148.27184358006485 0 0 24.0 1 96
723.6067977499789 164.88589908301066 0 0 24.0 1 97
735.4682271781696 182.1443859939892 0 0 24.0 1 98
746.4101615137754 199.99999999999983 0 0 24.0 1 99
756.4026096753471 218.40380010418122 0 0 24.0 1 100
765.4181830570403 237.30534276967995 0 0 24.0 1 101
773.4321705988806 256.6528201818797 0 0 24.0 1 102
780.4226065180615 276.3932022500209 0 0 24.0 1 103
786.3703305156273 296.4723819589917 0 0 24.0 1 104
791.2590402935223 316.83532367289604 0 0 24.0 1 105
795.0753362380551 337.4262139839076 0 0 24.0 1 106
797.8087581473094 358.18861469293864 0 0 24.0 1 107
799.4518139018296 379.06561750282225 0 0 24.0 1 108
800.0 399.9999999999999 0 0 24.0 1 109
54.487281433782016 418.3565059033976 0 0 13.0 1 110
710.7785733119772 427.5803982961098 0 0 10.0 1 111
652.5743525845937 447.4889083520915 0 0 13.0 1 112
611.7016444116674 688.6977896579673 0 0 10.0 1 113
210.6305831614157 631.3876054723211 0 0 13.0 1 114
229.97136663995963 441.4157438387501 0 0 11.0 1 115
525.9950976874209 398.8885330696504 0 0 10.0 1 116
357.7386414018572 257.1190090689486 0 0 13.0 1 117
291.4491603199528 75.6842353434593 0 0 13.0 1 118
602.8180312852892 247.09203360988843 0 0 10.0 1 119
516.9873864131237 353.20308321880066 0 0 11.0 1 120
418.2828251224878 203.85021461765365 0 0 10.0 1 121
240.57957974753785 522.4178483985418 0 0 10.0 1 122
669.5783289810926 542.6622744237657 0 0 11.0 1 123
538.6140687418824 439.0146119655278 0 0 10.0 1 124
110.34542244329947 495.5260472355543 0 0 10.0 1 125
374.0472523416263 707.9081923057273 0 0 10.0 1 126
631.200473868298 649.291678326964 0 0 12.0 1 127
527.0628963467256 435.76339430173385 0 0 10.0 1 128
431.7753868865793 261.6008497561918 0 0 11.0 1 129
585.2302005707731 244.26377172760613 0 0 10.0 1 130
172.06473610428108 484.22894676290906 0 0 12.0 1 131
358.4205848009176 275.7737860526116 0 0 13.0 1 132
633.9204794432192 652.2245216013988 0 0 13.0 1 133
464.38369405615714 576.6316504471471 0 0 12.0 1 134
205.55030717335464 575.5941825904927 0 0 12.0 1 135
241.26874132676167 577.336932194085 0 0 13.0 1 136
255.80526882870316 299.08479052968556 0 0 11.0 1 137
545.9238348600878 430.1203323309324 0 0 13.0 1 138
385.30359002155353 701.642197866521 0 0 12.0 1 139
215.95168709929527 483.2479340188348 0 0 12.0 1 140
107.18331536209581 410.3628759360596 0 0 10.0 1 141
564.7922032897826 656.6486503664084 0 0 11.0 1 142
745.7121725208792 471.3589081397257 0 0 10.0 1 143
342.5217725611109 576.8961655053137 0 0 10.0 1 144
237.32623171594278 427.6087868669535 0 0 13.0 1 145
57.594172595363545 332.4777861785745 0 0 12.0 1 146
397.01695639737767 265.0329616133448 0 0 13.0 1 147
560.0485441143027 465.6769634414694 0 0 10.0 1 148
682.6009905005176 415.0226551623345 0 0 13.0 1 149
495.0856059871476 291.85783646487863 0 0 10.0 1 150
473.49779312022525 293.9854990746239 0 0 13.0 1 151
167.13377266129476 592.2948781560196 0 0 11.0 1 152
351.14004722094575 642.1191958817569 0 0 10.0 1 153
563.5567417062878 188.95926402132054 0 0 12.0 1 154
611.5426184014655 649.35661330683 -10 -6 11.0 1 155
192.0482714057047 237.35905012991176 7 13 12.0 1 156
190.0118129568626 199.98759712873718 -2 22 10.0 1 157
372.6194312730426 724.8481252157512 -13 1 10.0 1 158
246.3992913792137 279.8674802095939 -5 -9 13.0 1 159
722.9732418491965 374.22627210859 6 21 10.0 1 160
424.002584679357 563.2448343094209 19 13 11.0 1 161
287.66561329289294 497.8876170061266 17 -8 12.0 1 162
62.05278146940066 405.97306348797133 -12 13 11.0 1 163
344.06497608519857 653.9119396555636 18 -4 11.0 1 164
569.2877890764014 596.0169494447453 -5 14 13.0 1 165
224.99132687663655 418.6538020682036 15 -17 12.0 1 166
541.4596597181775 670.211333353021 -10 -9 10.0 1 167
299.529030739845 249.445742883421 4 -7 13.0 1 168
265.30641567026737 627.0542629866464 14 22 11.0 1 169
348.1758200401516 527.899391599371 8 17 10.0 1 170
445.9669320665 105.56657602032715 13 1 10.0 1 171
206.58796212084405 616.0828165390112 -15 -13 12.0 1 172
269.59750755889286 584.5838290998076 12 -11 12.0 1 173
346.332325679003 256.7213179395644 -2 17 13.0 1 174
529.9515023552954 525.9905037516783 -6 -14 10.0 1 175
608.7558808652118 301.0960961124917 4 20 12.0 1 176
500.4755075752332 249.44877158422372 -6 22 11.0 1 177
568.8741049729002 547.1649981130088 -17 -14 13.0 1 178
419.8984370354983 272.54392049202085 17 20 10.0 1 179
553.0627100826338 187.35991257018446 -3 -14 12.0 1 180
496.31529674012097 168.21483305901035 10 -15 12.0 1 181
406.59126408942643 612.8979925638179 -9 -16 10.0 1 182
356.50949011944743 121.37377088592405 -1 -16 13.0 1 183
457.86708583449814 204.37944796871975 -10 -11 11.0 1 184
414.614263104282 33.29109185360818 0 -7 11.0 1 185
250.16519295340476 315.5397691377203 -7 2 11.0 1 186
237.89116675172642 300.9004228925096 13 -2 10.0 1 187
201.91939568927822 621.2986086623666 10 -17 13.0 1 188
603.7670637809285 363.55848908045925 17 0 13.0 1 189
557.6453512384364 455.1084678875216 7 12 11.0 1 190
604.4181530645739 438.4346028686188 -16 -11 10.0 1 191
499.8143117557303 659.4631056021836 14 -9 11.0 1 192
470.69061498265637 631.445105701922 2 17 13.0 1 193
143.58447232685523 484.5640418150809 4 17 11.0 1 194
498.0365932580418 509.53458988993964 2 4 12.0 1 195
620.2976470943387 427.43987399202507 -16 22 12.0 1 196
142.65907202650368 554.1935367962606 16 -5 10.0 1 197
73.1820361475722 269.25590451820324 21 -11 13.0 1 198
192.87354611000444 195.59933439698503 -12 2 10.0 1 199
292.12431637404734 492.34087330231057 17 -6 12.0 1 200
283.4097179582706 199.4240639223389 17 16 12.0 1 201
609.6681230096348 97.5710361198573 6 22 11.0 1 202
328.57158406756605 520.4075637050398 4 16 11.0 1 203
224.75601160361123 343.9148457171921 12 -2 10.0 1 204
185.03357401160102 403.79943387548474 21 -13 11.0 1 205
589.3544913864479 362.6653432883115 18 13 13.0 1 206
377.2308776043644 589.6379895098357 21 22 11.0 1 207
195.95280277816912 479.5345290167437 -11 -4 11.0 1 208
216.81211266897668 198.93732833965348 13 1 10.0 1 209
658.959416939752 404.5847986023021 7 9 12.0 1 210
461.1187398839921 110.37869616515962 1 13 11.0 1 211
299.35652265307385 508.51216737084724 0 -10 13.0 1 212
352.9575852273182 130.06850644588548 -2 -10 13.0 1 213
280.4695216153358 460.5678523404398 -12 -14 11.0 1 214
276.5718526605904 136.4729758746534 -4 -9 11.0 1 215
110.65202564085075 337.60008225760953 -16 12 12.0 1 216
487.5063272387756 72.48871364000246 -6 5 10.0 1 217
554.4001327658704 671.1173159388416 19 20 10.0 1 218
590.4520743776284 135.41729579343564 1 -11 13.0 1 219
