400 400 7.071067811865475 -7.0710678118654755 5 2 -1 10 187
742.842712474619 57.15728752538092
800.0 400.0 0 0 24.0 1 0
799.4518139018296 420.9343824971775 0 0 24.0 1 1
797.8087581473094 441.8113853070614 0 0 24.0 1 2
795.0753362380551 462.57378601609236 0 0 24.0 1 3
791.2590402935223 483.16467632710373 0 0 24.0 1 4
786.3703305156273 503.5276180410083 0 0 24.0 1 5
780.4226065180615 523.6067977499789 0 0 24.0 1 6
773.4321705988807 543.3471798181201 0 0 24.0 1 7
765.4181830570403 562.6946572303201 0 0 24.0 1 8
756.4026096753471 581.5961998958187 0 0 24.0 1 9
746.4101615137755 600.0 0 0 24.0 1 10
735.4682271781696 617.8556140060108 0 0 24.0 1 11
723.606797749979 635.1141009169893 0 0 24.0 1 12
710.8583845827884 651.728156419935 0 0 24.0 1 13
697.2579301909577 667.6522425435433 0 0 24.0 1 14
682.842712474619 682.842712474619 0 0 24.0 1 15
667.6522425435433 697.2579301909577 0 0 24.0 1 16
651.728156419935 710.8583845827884 0 0 24.0 1 17
635.1141009169893 723.606797749979 0 0 24.0 1 18
617.8556140060108 735.4682271781696 0 0 24.0 1 19
600.0 746.4101615137754 0 0 24.0 1 20
581.5961998958187 756.4026096753471 0 0 24.0 1 21
562.6946572303201 765.4181830570403 0 0 24.0 1 22
543.3471798181201 773.4321705988807 0 0 24.0 1 23
523.606797749979 780.4226065180615 0 0 24.0 1 24
503.5276180410083 786.3703305156273 0 0 24.0 1 25
483.1646763271038 791.2590402935223 0 0 24.0 1 26
462.57378601609236 795.0753362380551 0 0 24.0 1 27
441.8113853070614 797.8087581473094 0 0 24.0 1 28
420.9343824971776 799.4518139018296 0 0 24.0 1 29
400.0 800.0 0 0 24.0 1 30
379.0656175028225 799.4518139018296 0 0 24.0 1 31
358.1886146929386 797.8087581473094 0 0 24.0 1 32
337.4262139839077 795.0753362380551 0 0 24.0 1 33
316.83532367289627 791.2590402935223 0 0 24.0 1 34
296.47238195899166 786.3703305156273 0 0 24.0 1 35
276.3932022500211 780.4226065180615 0 0 24.0 1 36
256.65282018187986 773.4321705988807 0 0 24.0 1 37
237.3053427696799 765.4181830570403 0 0 24.0 1 38
218.4038001041813 756.4026096753471 0 0 24.0 1 39
200.00000000000009 746.4101615137755 0 0 24.0 1 40
182.14438599398918 735.4682271781696 0 0 24.0 1 41
164.8858990830108 723.606797749979 0 0 24.0 1 42
148.27184358006508 710.8583845827884 0 0 24.0 1 43
132.3477574564567 697.2579301909577 0 0 24.0 1 44
117.15728752538104 682.842712474619 0 0 24.0 1 45
102.74206980904233 667.6522425435434 0 0 24.0 1 46
89.14161541721165 651.728156419935 0 0 24.0 1 47
76.39320225002109 635.1141009169893 0 0 24.0 1 48
64.53177282183043 617.8556140060109 0 0 24.0 1 49
53.589838486224494 600.0 0 0 24.0 1 50
43.597390324652906 581.5961998958187 0 0 24.0 1 51
34.58181694295968 562.6946572303202 0 0 24.0 1 52
26.567829401119297 543.3471798181201 0 0 24.0 1 53
19.5773934819386 523.606797749979 0 0 24.0 1 54
13.629669484372698 503.5276180410084 0 0 24.0 1 55
8.740959706477724 483.16467632710373 0 0 24.0 1 56
4.924663761944942 462.5737860160924 0 0 24.0 1 57
2.1912418526906663 441.81138530706147 0 0 24.0 1 58
0.5481860981704472 420.9343824971775 0 0 24.0 1 59
0.0 400.00000000000006 0 0 24.0 1 60
0.5481860981704472 379.0656175028226 0 0 24.0 1 61
2.1912418526906663 358.1886146929386 0 0 24.0 1 62
4.924663761944885 337.4262139839077 0 0 24.0 1 63
8.740959706477781 316.8353236728962 0 0 24.0 1 64
13.629669484372698 296.47238195899166 0 0 24.0 1 65
19.577393481938543 276.3932022500211 0 0 24.0 1 66
26.567829401119297 256.65282018187986 0 0 24.0 1 67
34.58181694295968 237.30534276967992 0 0 24.0 1 68
43.59739032465285 218.40380010418136 0 0 24.0 1 69
53.58983848622455 199.99999999999994 0 0 24.0 1 70
64.53177282183037 182.14438599398918 0 0 24.0 1 71
76.39320225002103 164.8858990830108 0 0 24.0 1 72
89.14161541721171 148.27184358006497 0 0 24.0 1 73
102.74206980904228 132.3477574564567 0 0 24.0 1 74
117.15728752538092 117.15728752538104 0 0 24.0 1 75
132.34775745645675 102.74206980904228 0 0 24.0 1 76
148.27184358006485 89.14161541721177 0 0 24.0 1 77
164.8858990830107 76.39320225002109 0 0 24.0 1 78
182.1443859939892 64.53177282183032 0 0 24.0 1 79
199.99999999999983 53.58983848622461 0 0 24.0 1 80
218.40380010418124 43.597390324652906 0 0 24.0 1 81
237.30534276967995 34.58181694295962 0 0 24.0 1 82
256.65282018187975 26.567829401119354 0 0 24.0 1 83
276.393202250021 19.5773934819386 0 0 24.0 1 84
296.4723819589917 13.629669484372698 0 0 24.0 1 85
316.8353236728961 8.740959706477781 0 0 24.0 1 86
337.4262139839076 4.924663761944942 0 0 24.0 1 87
358.18861469293864 2.1912418526906663 0 0 24.0 1 88
379.0656175028223 0.5481860981704472 0 0 24.0 1 89
399.99999999999994 0.0 0 0 24.0 1 90
420.9343824971776 0.5481860981704472 0 0 24.0 1 91
441.8113853070612 2.1912418526906663 0 0 24.0 1 92
462.5737860160923 4.924663761944885 0 0 24.0 1 93
483.1646763271038 8.740959706477781 0 0 24.0 1 94
503.5276180410081 13.629669484372641 0 0 24.0 1 95
523.6067977499789 19.577393481938543 0 0 24.0 1 96
543.3471798181201 26.567829401119297 0 0 24.0 1 97
562.6946572303199 34.58181694295956 0 0 24.0 1 98
581.5961998958187 43.59739032465279 0 0 24.0 1 99
756.4026096753471 218.40380010418122 0 0 24.0 1 100
765.4181830570403 237.30534276967995 0 0 24.0 1 101
773.4321705988806 256.6528201818797 0 0 24.0 1 102
780.4226065180615 276.3932022500209 0 0 24.0 1 103
786.3703305156273 296.4723819589917 0 0 24.0 1 104
791.2590402935223 316.83532367289604 0 0 24.0 1 105
795.0753362380551 337.4262139839076 0 0 24.0 1 106
797.8087581473094 358.18861469293864 0 0 24.0 1 107
799.4518139018296 379.06561750282225 0 0 24.0 1 108
800.0 399.9999999999999 0 0 24.0 1 109
192.6213045519047 553.4864055030482 0 0 10.0 1 110
544.3967783036763 576.4470753951987 0 0 13.0 1 111
601.6849512545411 331.5005077576967 0 0 12.0 1 112
524.4053513902802 380.0172938403998 0 0 13.0 1 113
754.875130837236 390.58503779855664 0 0 13.0 1 114
184.13514033519692 407.63952628733404 0 0 10.0 1 115
307.2519177074316 86.42896621171951 0 0 10.0 1 116
326.5159269548161 546.6154528304914 0 0 13.0 1 117
453.40409330937183 93.61951299437504 0 0 12.0 1 118
201.43455570040237 523.8053485520855 0 0 11.0 1 119
383.68111366143654 645.4581307446731 0 0 11.0 1 120
360.683529259328 174.4003210806853 0 0 11.0 1 121
98.5795093648129 381.3000581486707 0 0 11.0 1 122
423.3015065025399 90.87698274843382 0 0 11.0 1 123
79.68125701963754 271.8559291442617 0 0 10.0 1 124
52.00040921669887 324.95145028280064 0 0 13.0 1 125
427.423765976699 257.61693548860785 0 0 10.0 1 126
741.6655741124644 384.8793033758326 0 0 10.0 1 127
742.7807923341807 300.24866714298344 0 0 11.0 1 128
637.54059061346 348.7802009862535 0 0 10.0 1 129
286.8098289952213 188.36827934378795 0 0 13.0 1 130
191.6406487475982 515.023392167325 0 0 13.0 1 131
193.17343055217833 493.5508961498788 0 0 12.0 1 132
202.93778615671258 380.75204231139156 0 0 11.0 1 133
343.6482536013007 107.37655480495641 0 0 12.0 1 134
458.9280880515461 612.9987803687834 0 0 10.0 1 135
160.35006942765185 247.60606712644793 0 0 13.0 1 136
262.97594711145905 362.73864025564376 0 0 10.0 1 137
418.2858030610215 82.5261752420941 0 0 12.0 1 138
591.080391638211 606.0322400290496 0 0 11.0 1 139
513.2593039770505 590.9354080903646 0 0 11.0 1 140
706.6305087934713 438.1933381240349 0 0 13.0 1 141
139.80959175432565 468.27848458298774 0 0 12.0 1 142
512.0418208663335 525.1823884456453 0 0 10.0 1 143
409.00496643203326 690.8606377280328 0 0 11.0 1 144
712.9179696125155 363.842783658296 0 0 10.0 1 145
641.0905511863815 559.3623108788486 0 0 12.0 1 146
410.4075691153394 613.746771917401 0 0 10.0 1 147
333.888369995207 270.9486444158398 0 0 13.0 1 148
104.09470284322771 563.3525485401507 0 0 10.0 1 149
201.32261616861066 377.0370482316668 0 0 11.0 1 150
495.6335081386608 548.9403643109977 0 0 12.0 1 151
573.8893515704524 100.87044042688194 0 0 12.0 1 152
721.5460033256772 417.09291506103074 0 0 13.0 1 153
471.54102541098564 173.0068686432457 0 0 11.0 1 154
647.7574923388631 389.0352843193172 4 21 13.0 1 155
220.5665500920035 556.3574016607929 -13 10 12.0 1 156
563.0569040138565 272.4796249479481 20 0 11.0 1 157
60.93912265628745 463.7394811314927 3 -10 13.0 1 158
285.97980595947405 460.3356888662159 11 -12 11.0 1 159
328.2675737786823 185.686073648017 2 2 12.0 1 160
139.98854066401958 543.5375944272922 -12 9 10.0 1 161
172.82501554999828 463.9337660406571 -15 7 13.0 1 162
488.52545354349917 719.9800682463172 -17 17 10.0 1 163
648.7434509616422 598.1178830991616 21 -12 11.0 1 164
349.7969095847565 230.26888996781148 -7 -3 12.0 1 165
481.3260943697809 693.9575928166468 4 9 10.0 1 166
529.6631581074471 176.94963476917786 -17 11 10.0 1 167
541.8287742963175 471.8721001613577 -1 -6 13.0 1 168
206.43198649647655 498.0837608796674 -16 16 10.0 1 169
158.38592755529478 467.99735286527516 6 -10 12.0 1 170
371.9655857031387 569.6999458309635 1 12 11.0 1 171
446.2754349662752 103.59051277214144 -17 -3 12.0 1 172
575.8457428161153 479.5441684440074 10 9 10.0 1 173
262.35957479103485 303.671845505609 15 15 10.0 1 174
72.73727608693144 449.5994912977813 -1 17 13.0 1 175
265.6374014995429 368.52473790093313 -7 4 12.0 1 176
727.5375437603171 417.4114165839071 2 7 12.0 1 177
481.14073524825665 506.640428934679 19 11 11.0 1 178
560.4648868715523 610.8933855797757 -14 -16 10.0 1 179
472.9408112921989 513.598582949066 0 4 12.0 1 180
612.7071268020229 582.0870072455148 16 -13 11.0 1 181
409.7476440759123 714.8491439324066 19 12 11.0 1 182
372.76962590129966 258.59806675138833 9 -10 13.0 1 183
511.4174742334153 67.1529684142485 11 -16 13.0 1 184
234.66291900116826 115.56257340710988 22 -13 11.0 1 185
185.86580178369366 552.6942865802765 -16 22 12.0 1 186
574.039696324134 74.6214756573458 -15 -1 12.0 1 187
596.1297370301347 705.4539674852665 -14 -12 12.0 1 188
131.83339017905968 261.1091458117435 -7 15 13.0 1 189
237.3014092717632 250.43339752790502 4 0 12.0 1 190
132.1833798406803 190.53817062185607 0 11 12.0 1 191
604.902288148215 309.49556744763345 17 -5 13.0 1 192
483.82210852961447 274.40201386308166 -11 4 13.0 1 193
726.6802419145492 385.542491824261 10 -11 10.0 1 194
369.8467055527945 582.5261045274898 8 -9 10.0 1 195
517.3789393658957 311.50601945139215 22 20 12.0 1 196
307.71838778458516 639.8605929429089 -5 13 13.0 1 197
141.98232077969539 590.9656440561181 17 -17 11.0 1 198
325.40063533078865 520.8260517891321 15 22 13.0 1 199
333.66414987280916 285.8792087833997 -6 16 13.0 1 200
326.0411742150681 614.6138208236229 13 2 12.0 1 201
622.3134933774493 445.88802308135337 9 14 11.0 1 202
243.65006631520606 464.15370789565117 -16 22 11.0 1 203
136.1816044250017 315.567457954686 14 -1 10.0 1 204
545.663416709849 577.9948567583144 -11 11 13.0 1 205
234.7542905722767 578.16524777781 9 -2 11.0 1 206
232.2294374541926 694.5743341553424 -2 20 13.0 1 207
521.6238561355441 363.43994503942224 21 6 12.0 1 208
590.9179389858714 420.35535736328586 -3 -9 11.0 1 209
158.10603782087435 224.24929285694546 2 5 13.0 1 210
91.96899025318828 592.0570150615687 13 -3 10.0 1 211
545.4004578083757 645.1197806565492 -9 15 13.0 1 212
289.44024978801525 209.79868130566618 20 17 12.0 1 213
251.0748544663728 560.568680096051 -5 21 12.0 1 214
131.38511930433896 364.1245784853225 -17 -7 13.0 1 215
234.234488394206 527.2902005736081 -17 4 10.0 1 216
455.5754204695178 537.1691388018322 -10 19 12.0 1 217
550.596419545513 464.9362642910095 -10 17 12.0 1 218
453.6511253642677 608.1983591365399 -7 -10 12.0 1 219
