400 400 -7.071067811865475 7.0710678118654755 5 2 -1 10 187
57.15728752538104 742.842712474619
800.0 400.0 0 0 24.0 1 0
799.4518139018296 420.9343824971775 0 0 24.0 1 1
797.8087581473094 441.8113853070614 0 0 24.0 1 2
795.0753362380551 462.57378601609236 0 0 24.0 1 3
791.2590402935223 483.16467632710373 0 0 24.0 1 4
786.3703305156273 503.5276180410083 0 0 24.0 1 5
780.4226065180615 523.6067977499789 0 0 24.0 1 6
773.4321705988807 543.3471798181201 0 0 24.0 1 7
765.4181830570403 562.6946572303201 0 0 24.0 1 8
756.4026096753471 581.5961998958187 0 0 24.0 1 9
746.4101615137755 600.0 0 0 24.0 1 10
735.4682271781696 617.8556140060108 0 0 24.0 1 11
723.606797749979 635.1141009169893 0 0 24.0 1 12
710.8583845827884 651.728156419935 0 0 24.0 1 13
697.2579301909577 667.6522425435433 0 0 24.0 1 14
682.842712474619 682.842712474619 0 0 24.0 1 15
667.6522425435433 697.2579301909577 0 0 24.0 1 16
651.728156419935 710.8583845827884 0 0 24.0 1 17
635.1141009169893 723.606797749979 0 0 24.0 1 18
617.8556140060108 735.4682271781696 0 0 24.0 1 19
600.0 746.4101615137754 0 0 24.0 1 20
581.5961998958187 756.4026096753471 0 0 24.0 1 21
562.6946572303201 765.4181830570403 0 0 24.0 1 22
543.3471798181201 773.4321705988807 0 0 24.0 1 23
523.606797749979 780.4226065180615 0 0 24.0 1 24
503.5276180410083 786.3703305156273 0 0 24.0 1 25
483.1646763271038 791.2590402935223 0 0 24.0 1 26
462.57378601609236 795.0753362380551 0 0 24.0 1 27
441.8113853070614 797.8087581473094 0 0 24.0 1 28
420.9343824971776 799.4518139018296 0 0 24.0 1 29
400.0 800.0 0 0 24.0 1 30
379.0656175028225 799.4518139018296 0 0 24.0 1 31
358.1886146929386 797.8087581473094 0 0 24.0 1 32
337.4262139839077 795.0753362380551 0 0 24.0 1 33
316.83532367289627 791.2590402935223 0 0 24.0 1 34
296.47238195899166 786.3703305156273 0 0 24.0 1 35
276.3932022500211 780.4226065180615 0 0 24.0 1 36
256.65282018187986 773.4321705988807 0 0 24.0 1 37
237.3053427696799 765.4181830570403 0 0 24.0 1 38
218.4038001041813 756.4026096753471 0 0 24.0 1 39
43.597390324652906 581.5961998958187 0 0 24.0 1 40
34.58181694295968 562.6946572303202 0 0 24.0 1 41
26.567829401119297 543.3471798181201 0 0 24.0 1 42
19.5773934819386 523.606797749979 0 0 24.0 1 43
13.629669484372698 503.5276180410084 0 0 24.0 1 44
8.740959706477724 483.16467632710373 0 0 24.0 1 45
4.924663761944942 462.5737860160924 0 0 24.0 1 46
2.1912418526906663 441.81138530706147 0 0 24.0 1 47
0.5481860981704472 420.9343824971775 0 0 24.0 1 48
0.0 400.00000000000006 0 0 24.0 1 49
0.5481860981704472 379.0656175028226 0 0 24.0 1 50
2.1912418526906663 358.1886146929386 0 0 24.0 1 51
4.924663761944885 337.4262139839077 0 0 24.0 1 52
8.740959706477781 316.8353236728962 0 0 24.0 1 53
13.629669484372698 296.47238195899166 0 0 24.0 1 54
19.577393481938543 276.3932022500211 0 0 24.0 1 55
26.567829401119297 256.65282018187986 0 0 24.0 1 56
34.58181694295968 237.30534276967992 0 0 24.0 1 57
43.59739032465285 218.40380010418136 0 0 24.0 1 58
53.58983848622455 199.99999999999994 0 0 24.0 1 59
64.53177282183037 182.14438599398918 0 0 24.0 1 60
76.39320225002103 164.8858990830108 0 0 24.0 1 61
89.14161541721171 148.27184358006497 0 0 24.0 1 62
102.74206980904228 132.3477574564567 0 0 24.0 1 63
117.15728752538092 117.15728752538104 0 0 24.0 1 64
132.34775745645675 102.74206980904228 0 0 24.0 1 65
148.27184358006485 89.14161541721177 0 0 24.0 1 66
164.8858990830107 76.39320225002109 0 0 24.0 1 67
182.1443859939892 64.53177282183032 0 0 24.0 1 68
199.99999999999983 53.58983848622461 0 0 24.0 1 69
218.40380010418124 43.597390324652906 0 0 24.0 1 70
237.30534276967995 34.58181694295962 0 0 24.0 1 71
256.65282018187975 26.567829401119354 0 0 24.0 1 72
276.393202250021 19.5773934819386 0 0 24.0 1 73
296.4723819589917 13.629669484372698 0 0 24.0 1 74
316.8353236728961 8.740959706477781 0 0 24.0 1 75
337.4262139839076 4.924663761944942 0 0 24.0 1 76
358.18861469293864 2.1912418526906663 0 0 24.0 1 77
379.0656175028223 0.5481860981704472 0 0 24.0 1 78
399.99999999999994 0.0 0 0 24.0 1 79
420.9343824971776 0.5481860981704472 0 0 24.0 1 80
441.8113853070612 2.1912418526906663 0 0 24.0 1 81
462.5737860160923 4.924663761944885 0 0 24.0 1 82
483.1646763271038 8.740959706477781 0 0 24.0 1 83
503.5276180410081 13.629669484372641 0 0 24.0 1 84
523.6067977499789 19.577393481938543 0 0 24.0 1 85
543.3471798181201 26.567829401119297 0 0 24.0 1 86
562.6946572303199 34.58181694295956 0 0 24.0 1 87
581.5961998958187 43.59739032465279 0 0 24.0 1 88
600.0 53.58983848622455 0 0 24.0 1 89
617.8556140060107 64.53177282183032 0 0 24.0 1 90
635.1141009169892 76.39320225002098 0 0 24.0 1 91
651.728156419935 89.14161541721171 0 0 24.0 1 92
667.6522425435431 102.74206980904216 0 0 24.0 1 93
682.842712474619 117.15728752538092 0 0 24.0 1 94
697.2579301909577 132.34775745645675 0 0 24.0 1 95
710.8583845827882 148.27184358006485 0 0 24.0 1 96
723.6067977499789 164.88589908301066 0 0 24.0 1 97
735.4682271781696 182.1443859939892 0 0 24.0 1 98
746.4101615137754 199.99999999999983 0 0 24.0 1 99
756.4026096753471 218.40380010418122 0 0 24.0 1 100
765.4181830570403 237.30534276967995 0 0 24.0 1 101
773.4321705988806 256.6528201818797 0 0 24.0 1 102
780.4226065180615 276.3932022500209 0 0 24.0 1 103
786.3703305156273 296.4723819589917 0 0 24.0 1 104
791.2590402935223 316.83532367289604 0 0 24.0 1 105
795.0753362380551 337.4262139839076 0 0 24.0 1 106
797.8087581473094 358.18861469293864 0 0 24.0 1 107
799.4518139018296 379.06561750282225 0 0 24.0 1 108
800.0 399.9999999999999 0 0 24.0 1 109
467.853546977242 514.3892309730563 0 0 11.0 1 110
536.2534800941164 378.11417896805693 0 0 13.0 1 111
575.8996330914981 97.41229522950482 0 0 12.0 1 112
622.5162607737896 324.4254428312616 0 0 13.0 1 113
441.71419797824854 528.393635695199 0 0 11.0 1 114
606.6251989822325 376.12475873309705 0 0 10.0 1 115
223.88255000027448 340.17823301176924 0 0 10.0 1 116
601.443343964643 425.09141630802293 0 0 10.0 1 117
674.3817524101643 222.11336771885493 0 0 10.0 1 118
567.575581323948 175.68231335014858 0 0 11.0 1 119
630.4347061674497 188.17732370324197 0 0 13.0 1 120
261.0000000631534 399.995809934883 0 0 11.0 1 121
508.9516798126692 196.30775305378558 0 0 12.0 1 122
240.0874795851053 549.6294951356713 0 0 13.0 1 123
526.7808079828634 255.81044861983818 0 0 11.0 1 124
123.1449774415924 262.7691853693799 0 0 12.0 1 125
231.2853531687896 239.30037976205435 0 0 11.0 1 126
354.94065779283034 218.50990197849035 0 0 10.0 1 127
428.1787902078405 527.9334037006071 0 0 10.0 1 128
155.8149872352599 302.31336047808935 0 0 10.0 1 129
89.46992684921122 232.13078403421974 0 0 13.0 1 130
230.47048948610217 345.7437094438054 0 0 11.0 1 131
396.0226085298369 220.0439488177931 0 0 11.0 1 132
97.1973323649118 329.06661947239286 0 0 10.0 1 133
326.02557188448617 102.04566795399217 0 0 13.0 1 134
292.8733519362721 316.2152682487424 0 0 12.0 1 135
286.9467759011274 566.1925645775108 0 0 12.0 1 136
548.1445248132586 574.6258851598291 0 0 10.0 1 137
268.09459250807504 307.68551860954193 0 0 10.0 1 138
274.0846659700219 243.32732000722325 0 0 11.0 1 139
362.55823561428707 205.57234178315895 0 0 12.0 1 140
311.7768706520058 592.7710544870445 0 0 11.0 1 141
600.002653073486 444.98820693878304 0 0 11.0 1 142
661.2270244060666 593.3531528575428 0 0 12.0 1 143
461.48643040406 226.57734036128184 0 0 12.0 1 144
561.6948798779538 604.8798814458221 0 0 11.0 1 145
207.26785014254577 547.9976973176401 0 0 11.0 1 146
539.3268817059117 306.12763966903304 0 0 10.0 1 147
608.9918683862775 398.15637628219787 0 0 13.0 1 148
431.7757986768423 196.46548543687047 0 0 13.0 1 149
623.0725749799913 194.9448213485058 0 0 10.0 1 150
706.7942326284902 427.2268034461597 0 0 10.0 1 151
741.8206220475303 300.5280826411824 0 0 10.0 1 152
592.2498334085972 432.63436155904736 0 0 13.0 1 153
402.1724433053764 563.9856106189959 0 0 12.0 1 154
645.9718132311174 495.8846551633592 0 0 11.0 1 155
290.54718352450044 122.82842684434496 0 0 12.0 1 156
511.6036110289306 144.29385223404742 0 0 11.0 1 157
533.621761662052 525.0368937967102 0 0 12.0 1 158
455.80561889933705 242.6000860887721 0 0 10.0 1 159
491.99181166417833 732.5094082680102 0 0 10.0 1 160
66.01308398419121 397.0436626970051 0 0 12.0 1 161
276.4075193978357 498.4322037678911 0 0 11.0 1 162
374.8466763063921 609.4953706103421 0 0 13.0 1 163
118.84213096547353 440.0780822890023 0 0 11.0 1 164
568.2994475207469 376.0146718969413 0 0 13.0 1 165
545.6151667666352 690.5533052772331 0 0 13.0 1 166
287.33873921772096 678.0421556508065 0 0 10.0 1 167
602.8044838049248 526.4568754501629 0 0 10.0 1 168
564.2359990854159 535.6301463702495 0 0 13.0 1 169
130.9612743567023 242.00580990355883 0 0 12.0 1 170
129.92541988155028 599.8892722830394 0 0 10.0 1 171
550.5347004447697 359.0695228221871 0 0 13.0 1 172
211.20118278330443 465.99247394647944 0 0 12.0 1 173
493.0072117885393 686.2702544018882 0 0 10.0 1 174
594.8350233856481 460.4591900567146 0 0 10.0 1 175
264.371027965739 419.3334411042018 0 0 12.0 1 176
499.980105144281 623.6715864282687 0 0 13.0 1 177
634.2958534021706 325.0236498717855 0 0 13.0 1 178
547.6744427781862 306.0997393499239 0 0 11.0 1 179
413.6660136514503 680.6674902279891 0 0 13.0 1 180
641.2359380739185 633.8829240915131 0 0 10.0 1 181
736.5898307822083 475.71186045795196 0 0 13.0 1 182
629.376820028524 265.3067394648042 0 0 12.0 1 183
274.4046110936577 112.21223395449101 0 0 10.0 1 184
430.76587409676256 622.8866550313459 0 0 11.0 1 185
735.1278374760562 463.0105748951876 0 0 12.0 1 186
36.427940173467505 432.2545704279605 0 0 11.0 1 187
646.5036214104325 129.45986502638448 0 0 11.0 1 188
545.8816225843977 627.1971658981321 0 0 12.0 1 189
220.40532530492678 259.5373614758329 0 0 10.0 1 190
550.7229256892343 568.4001177899753 0 0 13.0 1 191
326.1557294111722 191.70207946020204 0 0 12.0 1 192
281.3813752984893 65.40379279806211 0 0 12.0 1 193
234.03701157417478 76.03659701631511 0 0 11.0 1 194
240.78880542121323 429.9298433139183 0 0 12.0 1 195
631.3618698663153 274.93727504982866 0 0 13.0 1 196
336.18318654721867 269.79856252432194 0 0 12.0 1 197
364.7179079922022 560.1598388596632 0 0 11.0 1 198
57.01343654663947 396.9640009133915 0 0 11.0 1 199
370.6330649944297 687.5040575859384 0 0 12.0 1 200
283.19675730334103 51.028650895886074 0 0 13.0 1 201
211.27000249473642 117.19089823405051 0 0 10.0 1 202
333.86060954034724 591.9233728070284 0 0 10.0 1 203
184.30419881415295 411.459552818306 0 0 12.0 1 204
108.55250159132856 172.05624450025513 0 0 10.0 1 205
623.8473640947432 145.41532334440177 0 0 11.0 1 206
441.46992189687893 78.66490142241423 0 0 13.0 1 207
689.0112562817601 315.8959350421233 0 0 11.0 1 208
627.6454208653721 150.1569245325627 0 0 10.0 1 209
272.8046698337043 108.54614776282847 0 0 12.0 1 210
120.88901691126273 452.4696018589679 0 0 12.0 1 211
598.5040570603471 244.75780428445856 0 0 12.0 1 212
252.13507303415014 356.96555596520517 0 0 10.0 1 213
613.7754822211444 614.7301636964802 0 0 11.0 1 214
124.04094838838336 263.21329803808743 0 0 12.0 1 215
672.1348611877488 378.28324779520085 0 0 12.0 1 216
659.051854990731 555.2293027294179 0 0 10.0 1 217
349.83198551871646 162.23505236682652 0 0 12.0 1 218
547.5199590796325 513.2866350155372 0 0 13.0 1 219
216.19172107472568 96.29040746376057 0 0 11.0 1 220
471.8675539763214 678.8889647968533 0 0 13.0 1 221
378.2547450597237 260.686885442962 0 0 12.0 1 222
479.2375853183049 251.86018403911677 0 0 12.0 1 223
288.63857946401026 557.6313230808091 0 0 12.0 1 224
212.88447392677273 645.904005462171 0 0 11.0 1 225
594.9302644672057 276.0516559418995 0 0 12.0 1 226
115.25176892155969 443.1560528512417 0 0 10.0 1 227
216.35005105230258 261.5344943622848 0 0 12.0 1 228
211.81619007304624 185.96296189356352 0 0 11.0 1 229
525.6903861758233 640.0894142251433 0 0 10.0 1 230
298.9587254816046 557.3520284066851 0 0 10.0 1 231
414.05677077877806 47.27998753221715 0 0 10.0 1 232
503.68703430271563 476.74632836499393 0 0 10.0 1 233
247.68646414121827 271.9313200107239 0 0 11.0 1 234
437.42896002838484 259.9140515569332 0 0 10.0 1 235
633.4675034766681 268.4062128352102 0 0 11.0 1 236
681.9559949348316 266.4155064376511 0 0 10.0 1 237
222.56660422897863 118.20860540966817 0 0 12.0 1 238
517.0365159591112 118.34870152588906 0 0 13.0 1 239
503.72010299783227 286.1661727160197 0 0 13.0 1 240
426.63538482311674 114.23863753942436 0 0 10.0 1 241
447.5640706081316 538.0349926184831 0 0 13.0 1 242
637.5864105073292 492.615860100972 0 0 11.0 1 243
79.24243110145568 445.722882611397 0 0 11.0 1 244
419.8390058457291 246.27487568047593 0 0 10.0 1 245
454.98395901219476 672.5082829041079 0 0 11.0 1 246
572.0403526137629 585.5023371080056 0 0 12.0 1 247
245.46863292935234 326.7807635161582 0 0 12.0 1 248
512.6201536683789 474.4426019676282 0 0 12.0 1 249
582.9187588069133 590.3594696266468 0 0 11.0 1 250
527.3673835662391 379.5415151223141 0 0 10.0 1 251
482.6818756206351 594.1254940595229 0 0 10.0 1 252
433.967076115891 35.57958654853422 0 0 13.0 1 253
641.9148779228482 393.5819130908471 0 0 13.0 1 254
234.59362585793542 702.7634908524727 0 0 11.0 1 255
296.19850137210506 244.45499402872775 0 0 10.0 1 256
492.6689424151046 53.16651385475183 0 0 10.0 1 257
331.42013132773604 561.0024894617939 0 0 12.0 1 258
658.3819222055199 145.03376247553737 0 0 12.0 1 259
178.80094541111598 214.01081147286033 0 0 11.0 1 260
385.7600455447629 271.7883636438846 0 0 13.0 1 261
374.83170840469717 173.39338690547044 0 0 13.0 1 262
457.240002275517 200.03104706105296 0 0 13.0 1 263
321.6352371057362 704.0640786685034 0 0 13.0 1 264
382.6270915155451 756.5770352263179 0 0 11.0 1 265
514.1398550418439 186.60812224682297 0 0 12.0 1 266
266.471450541923 495.21620912230173 0 0 11.0 1 267
204.1096101971443 420.8795398149779 0 0 13.0 1 268
297.8689301994922 200.63790585619392 0 0 13.0 1 269
508.14174638054885 641.9304914428213 0 0 12.0 1 270
289.1569602259147 104.07801613661661 0 0 12.0 1 271
389.92663289556816 606.754751517781 0 0 11.0 1 272
696.3618732716685 611.3424710532825 0 0 12.0 1 273
385.9848805503557 687.6587847203909 0 0 11.0 1 274
251.16450516031 581.8598236989815 0 0 12.0 1 275
708.786675357791 270.0931521378408 0 0 10.0 1 276
511.2185957972838 587.4951304671148 0 0 10.0 1 277
258.79924961164966 175.75159289357978 0 0 10.0 1 278
405.3534680162947 572.9171488898614 0 0 11.0 1 279
689.0112562817601 315.8959350421233 0 0 12.0 1 280
412.1851894003005 94.24270873897575 0 0 12.0 1 281
565.4237638531465 152.1311266966777 0 0 12.0 1 282
203.39477741451321 284.54270723721606 0 0 13.0 1 283
623.7242409790985 478.2078256846863 0 0 11.0 1 284
480.7065314866369 242.4707780270705 0 0 12.0 1 285
524.044553206632 168.09064525171257 0 0 11.0 1 286
634.1519985400307 457.0424541872935 0 0 12.0 1 287
251.40989041412433 631.4000417745369 0 0 13.0 1 288
517.5171096002912 86.28878096058924 0 0 11.0 1 289
654.0798570096069 308.657642563936 0 0 11.0 1 290
333.0931060096029 703.7177432033857 0 0 10.0 1 291
502.7950388956302 175.40663416199072 0 0 12.0 1 292
438.0761522350709 246.65657291239475 0 0 13.0 1 293
351.9097930639867 247.3981258409602 0 0 11.0 1 294
592.8947874466659 93.67402823804576 0 0 13.0 1 295
216.18017035010476 391.8593472323469 0 0 11.0 1 296
285.97980595947405 460.3356888662159 0 0 13.0 1 297
124.83866091082757 524.4597825430105 0 0 11.0 1 298
612.6004357248119 585.2702208386985 0 0 10.0 1 299
109.67449870044823 337.3892717246961 0 0 10.0 1 300
349.55753862891163 649.9611131572794 0 0 12.0 1 301
557.8848619525044 480.00856433056805 0 0 12.0 1 302
114.61653871360619 430.41841587258205 0 0 13.0 1 303
504.27299010926987 300.68663970204153 0 0 11.0 1 304
708.2967725425444 469.3476750861241 0 0 11.0 1 305
96.31938811824006 457.0884048395109 0 0 12.0 1 306
431.36847877400385 531.3050590777251 0 0 12.0 1 307
396.4020015025509 670.9761140890694 0 0 10.0 1 308
232.72839681722738 500.22579891756936 0 0 11.0 1 309
33.704238201610394 377.275236227027 0 0 10.0 1 310
210.48567596240315 689.4828509334754 0 0 10.0 1 311
292.46233212899915 614.5591992641339 0 0 13.0 1 312
482.6629495295002 137.71802049114524 0 0 12.0 1 313
192.00562919832973 358.9836408878447 0 0 13.0 1 314
507.0335129567369 545.9617316427153 0 0 13.0 1 315
258.64925232828637 547.0916929423532 0 0 12.0 1 316
496.4760633954585 279.965133433175 0 0 11.0 1 317
566.318024686116 423.71317491413777 0 0 12.0 1 318
568.3798688013978 85.20289108312318 0 0 10.0 1 319
362.02678811936767 58.1023030503589 0 0 12.0 1 320
242.5494564247998 508.12181245185445 0 0 10.0 1 321
409.89043436004937 228.28459792968613 0 0 12.0 1 322
118.00000012812416 399.9914992923526 0 0 13.0 1 323
549.9941639135964 398.6768250829171 0 0 12.0 1 324
455.9798534368335 78.84231908735137 0 0 10.0 1 325
432.7745372484253 673.0399782232478 0 0 12.0 1 326
473.2878219575406 601.0594318919652 0 0 12.0 1 327
184.35861702735173 260.186574501432 0 0 12.0 1 328
596.9013080556388 136.42671818642458 0 0 10.0 1 329
677.0 400.0 0 0 11.0 1 330
253.4709194083157 167.28938885182808 0 0 12.0 1 331
553.8365251018239 363.9677429988639 0 0 12.0 1 332
597.0151881347062 535.2997252186651 0 0 12.0 1 333
114.78282910755746 218.62975594626548 0 0 10.0 1 334
650.0928862109653 197.17606584362585 0 0 12.0 1 335
209.29266088256801 278.7287717273846 0 0 12.0 1 336
308.07746020565685 638.9272832427419 0 0 11.0 1 337
593.7022453683973 574.9298148951208 0 0 12.0 1 338
328.6266369067488 89.0870812578562 0 0 12.0 1 339
346.8310629967169 200.97973937827106 0 0 13.0 1 340
187.64020960170126 426.44464826747793 0 0 13.0 1 341
552.6930895831036 179.75281978293955 0 0 11.0 1 342
225.49054837226402 128.1996113089849 0 0 11.0 1 343
314.84276548321725 516.1216836316701 0 0 12.0 1 344
624.9763584673822 497.0084436054715 0 0 10.0 1 345
432.382377283674 149.08092611071234 0 0 10.0 1 346
476.5003170662481 171.46400395394272 0 0 13.0 1 347
550.4143253814304 528.7615265521854 0 0 10.0 1 348
659.3791485319746 363.0343766882272 0 0 11.0 1 349
247.02389220360445 402.7037831765077 0 0 10.0 1 350
274.5475604697036 165.44150960603164 0 0 11.0 1 351
551.0465508329814 557.1907741613977 0 0 13.0 1 352
255.90098131835032 366.24392180679786 0 0 12.0 1 353
379.86352763924134 132.75755860854662 0 0 12.0 1 354
510.1669797359819 514.6483169342305 0 0 10.0 1 355
504.90679776652934 67.14032418694433 0 0 12.0 1 356
413.853307062405 564.4174135650926 0 0 12.0 1 357
561.62571624622 362.14332492285706 0 0 11.0 1 358
572.3533578731575 491.210306598801 0 0 12.0 1 359
130.41737067937663 542.6541480945415 0 0 10.0 1 360
592.7931698961067 712.2815935040214 0 0 12.0 1 361
151.3553566146108 446.74228616309466 0 0 12.0 1 362
472.260234669543 661.1885496829877 0 0 12.0 1 363
575.1703763416044 602.8283492324006 0 0 12.0 1 364
275.4775821908629 495.6199114356769 0 0 10.0 1 365
568.6700925898033 557.833456104044 0 0 10.0 1 366
532.811204154787 234.75719667424096 0 0 11.0 1 367
374.53522576414645 202.63600816481997 0 0 11.0 1 368
654.6623120322818 523.4346257351344 0 0 11.0 1 369
473.6691593207554 572.9648951809967 0 0 11.0 1 370
315.61798104816154 619.3277795392357 0 0 13.0 1 371
758.7145474450456 467.4453367646436 0 0 12.0 1 372
225.5874044173392 317.3607447872429 0 0 12.0 1 373
87.44080661495309 416.60574088948977 0 0 12.0 1 374
123.49507273587295 604.6485406707309 0 0 13.0 1 375
335.511564598897 218.09276622542532 0 0 13.0 1 376
724.3778581510196 571.6624744705639 0 0 12.0 1 377
526.5003055572386 676.4302311505116 0 0 12.0 1 378
668.2988258972532 450.4454162650622 0 0 12.0 1 379
171.11938420271107 331.1911073170494 0 0 12.0 1 380
322.2536851406891 613.2709790988847 0 0 10.0 1 381
237.84044996605053 430.48409967158346 0 0 13.0 1 382
597.1674723166088 205.4389867926277 0 0 13.0 1 383
585.9523547223979 476.30676099268993 0 0 12.0 1 384
634.9908567979676 397.9270259632368 0 0 10.0 1 385
552.7813955994726 137.18096499934137 0 0 12.0 1 386
257.62588446077984 421.57802642562086 0 0 13.0 1 387
525.472829552794 249.42586860946037 0 0 10.0 1 388
160.67884083839823 478.92643902740883 0 0 11.0 1 389
540.5392641410751 439.55648157616014 0 0 10.0 1 390
279.69818164207067 326.4576822518098 0 0 10.0 1 391
611.9499349452268 126.51649944335924 0 0 12.0 1 392
649.9757142309805 315.099220882779 0 0 11.0 1 393
270.04583072437447 396.5483499768843 0 0 11.0 1 394
710.2480179383833 469.78658442211224 0 0 13.0 1 395
376.81890500417103 675.0247931274457 0 0 10.0 1 396
322.945755373724 249.58842004328918 0 0 12.0 1 397
411.6675179551897 107.23239758339838 0 0 12.0 1 398
199.36554307550782 254.2268382224832 0 0 11.0 1 399
231.91324985297976 320.3580234737159 0 0 12.0 1 400
602.0 400.0 0 0 13.0 1 401
556.1151791192185 612.8944594125792 0 0 11.0 1 402
338.0961370082068 579.6327134647064 0 0 10.0 1 403
144.61007302839397 596.1121750464201 0 0 12.0 1 404
311.26785984366853 535.5382134428411 0 0 12.0 1 405
516.4341703878586 464.28128783783905 0 0 11.0 1 406
154.43770930567538 157.669313975807 0 0 12.0 1 407
258.8240833392188 607.533998552016 0 0 13.0 1 408
247.0000000695142 399.995387913936 0 0 12.0 1 409
230.23863400021497 724.2484828243412 0 0 10.0 1 410
400.8453083157177 209.00187054881565 0 0 11.0 1 411
543.9267683562053 106.37764841460177 0 0 12.0 1 412
399.4329735433012 271.00124620370394 0 0 11.0 1 413
231.34928334534166 544.3639005148799 0 0 10.0 1 414
576.3680223124418 271.8660048792748 0 0 11.0 1 415
275.01918618222356 166.3233084420992 0 0 11.0 1 416
672.0614852853889 537.8678650893969 0 0 13.0 1 417
534.1447335062074 455.04716589024895 0 0 11.0 1 418
44.13219159591324 371.59044277585076 0 0 11.0 1 419
559.5458532442673 452.6224354487583 0 0 13.0 1 420
349.3323228067786 583.1195961328102 0 0 11.0 1 421
186.39026838349292 361.7915904711566 0 0 11.0 1 422
241.35849666337515 299.11950922455003 0 0 10.0 1 423
187.0083439779423 398.114671121144 0 0 12.0 1 424
421.61603582265786 725.2825648498756 0 0 10.0 1 425
82.04965830553084 405.6196277786239 0 0 10.0 1 426
492.56448066802176 165.6160907428596 0 0 12.0 1 427
402.2651695440205 570.9849964380993 0 0 10.0 1 428
507.22344991338207 464.2505392091962 0 0 11.0 1 429
224.62191407079706 85.60768620112685 0 0 10.0 1 430
180.8191438011229 205.55527192560052 0 0 13.0 1 431
558.2072909333783 162.9441983508495 0 0 10.0 1 432
594.5526285235715 665.3116558588582 0 0 10.0 1 433
352.6194183713442 280.01633242590776 0 0 12.0 1 434
293.3116643930682 208.74467577235217 0 0 13.0 1 435
496.60499371305445 155.38504708480983 0 0 12.0 1 436
155.9689894211322 150.50076978905025 0 0 11.0 1 437
174.0290481673725 128.80610455274564 0 0 13.0 1 438
391.38894117872184 677.8666040854432 0 0 11.0 1 439
365.57844682166063 556.2535013265007 0 0 10.0 1 440
566.4789623229561 644.746307640936 0 0 11.0 1 441
515.8965696633754 255.8022706827103 0 0 11.0 1 442
283.5890129428039 331.63712928519374 0 0 12.0 1 443
125.39547196237106 647.9765173987872 0 0 13.0 1 444
432.0047455473607 248.34019562702616 0 0 13.0 1 445
199.03138779689212 403.55202887894154 0 0 12.0 1 446
577.2040985350122 358.49448877084325 0 0 11.0 1 447
669.5116940907083 524.7896099375123 0 0 11.0 1 448
278.9207644019801 318.41679886766406 0 0 13.0 1 449
83.56634411124224 325.87347694060344 0 0 10.0 1 450
551.5176606793675 367.3289347854703 0 0 13.0 1 451
363.25884393666456 189.1775926256186 0 0 11.0 1 452
253.23097441372678 537.331180466986 0 0 12.0 1 453
572.4999487787477 283.77707768546946 0 0 13.0 1 454
523.204500082101 438.2315466535107 0 0 13.0 1 455
510.10880960755395 267.8635173511591 0 0 13.0 1 456
528.9191535966711 404.5663810526422 0 0 13.0 1 457
193.69175642368367 661.3922505210423 0 0 12.0 1 458
121.45621252737345 299.85331528001416 0 0 11.0 1 459
719.0977867266683 291.6228690814262 0 0 13.0 1 460
516.2157406509581 267.82624456818496 0 0 13.0 1 461
246.68274558212528 522.1057717627003 0 0 10.0 1 462
557.4013496007083 189.30160146817528 0 0 12.0 1 463
361.54285624519815 256.04845226874943 0 0 10.0 1 464
428.6471684424472 680.5411551630706 0 0 10.0 1 465
706.6305087934713 438.1933381240349 0 0 12.0 1 466
599.8677291138375 265.3378640490295 0 0 12.0 1 467
342.193234342554 126.03215910580832 0 0 13.0 1 468
316.57764302186604 256.484459530639 0 0 10.0 1 469
333.4324277193119 270.0586350669835 0 0 12.0 1 470
216.30584039185686 113.89432769366834 0 0 13.0 1 471
142.51029024912265 448.4050552360901 0 0 10.0 1 472
626.9967148990404 255.661885057883 0 0 13.0 1 473
468.929911067564 166.98140125685737 0 0 10.0 1 474
693.6466228982915 594.1021917970751 0 0 10.0 1 475
274.37697246210456 266.92913559981224 0 0 11.0 1 476
592.952126790917 159.93026686635008 0 0 13.0 1 477
362.1800359740273 203.6084260435949 0 0 13.0 1 478
456.96480995688466 200.99243625787483 0 0 13.0 1 479
388.722720822944 569.6255375064815 0 0 12.0 1 480
526.1030837229478 531.232664666855 0 0 12.0 1 481
45.68121133943242 378.01828027409965 0 0 13.0 1 482
621.9000578981704 352.1526980406565 0 0 11.0 1 483
176.55173533427947 433.8655136957661 0 0 10.0 1 484
181.3917571085195 453.2488135069644 0 0 13.0 1 485
213.3206364631407 448.987909013073 0 0 13.0 1 486
167.54022455303624 523.0099703241456 0 0 11.0 1 487
204.90892966976128 220.65543142486348 0 0 13.0 1 488
626.7670166956466 338.34190937957675 0 0 11.0 1 489
310.2518645037858 487.00731104311393 0 0 12.0 1 490
478.40097932078197 265.1323373022936 0 0 11.0 1 491
370.0233708420649 693.4729999579649 0 0 11.0 1 492
494.4715539648099 193.59233180069592 0 0 11.0 1 493
547.8363438628962 601.6046017164576 0 0 10.0 1 494
176.42368468243714 547.7756110764619 0 0 10.0 1 495
126.81859723183965 368.42594131854185 0 0 10.0 1 496
535.3818689550706 340.20242849218636 0 0 12.0 1 497
461.4351205983145 170.06582255551794 0 0 12.0 1 498
231.63301958783418 683.817828733308 0 0 13.0 1 499
284.03759559696755 458.7598567481879 0 0 10.0 1 500
586.0496113758754 259.73403083111816 0 0 13.0 1 501
508.5945377587818 138.66453289123478 0 0 13.0 1 502
416.9745557380381 655.4366153422336 0 0 12.0 1 503
144.37467821299362 553.1655798842855 0 0 13.0 1 504
454.60501326020477 50.23680507112692 0 0 11.0 1 505
707.8916628108977 391.83152575198716 0 0 11.0 1 506
575.5310319368887 257.64531329397346 0 0 11.0 1 507
261.2028932814401 375.1733375872492 0 0 12.0 1 508
174.28623595994628 236.0051930002936 0 0 10.0 1 509
499.77386844013455 503.832437978171 0 0 11.0 1 510
395.525736185829 736.970296856149 0 0 11.0 1 511
327.82641426612304 196.41470209684906 0 0 10.0 1 512
140.04910638452992 152.39843920419534 0 0 12.0 1 513
293.41030625413543 99.33467578192062 0 0 10.0 1 514
297.49381998373633 595.7893844376486 0 0 13.0 1 515
53.65159395769075 477.89596672454667 0 0 10.0 1 516
235.41362169978345 490.85881398091226 0 0 11.0 1 517
526.1947624425663 421.4215296387593 0 0 12.0 1 518
404.3183933997117 725.9713967182479 0 0 11.0 1 519
244.4249927446089 229.24456928845572 0 0 10.0 1 520
715.4722458352319 459.31494000397424 0 0 13.0 1 521
438.4884967921947 232.36159266242947 0 0 10.0 1 522
499.43111488454906 521.5008370045886 0 0 13.0 1 523
676.6094500658776 414.7041536394581 0 0 11.0 1 524
223.7800200071562 316.5043794482506 0 0 10.0 1 525
330.94175893595667 713.483587036292 0 0 11.0 1 526
533.24383400741 502.32341227209815 0 0 12.0 1 527
701.9467205152359 250.34313256621337 0 0 12.0 1 528
335.6743271493907 289.33741457784214 0 0 13.0 1 529
725.5817774726785 564.9894123200979 0 0 11.0 1 530
275.18628573144497 423.4635191411582 0 0 12.0 1 531
314.33931889522626 128.17791165421033 0 0 12.0 1 532
360.474314063839 686.2843344496446 0 0 13.0 1 533
381.0939731443472 684.3722246432188 0 0 11.0 1 534
566.3605496568933 370.24823504636527 0 0 11.0 1 535
557.2521285223067 384.645258868873 0 0 10.0 1 536
213.24325919849403 378.4148253377668 0 0 11.0 1 537
275.5277586806311 157.02744776223633 0 0 12.0 1 538
395.47262919693674 740.9699442965781 0 0 10.0 1 539
330.19939454705315 269.4937722620026 0 0 12.0 1 540
357.86582633405806 552.2784009946527 0 0 11.0 1 541
676.6419224016838 340.3489583502458 0 0 11.0 1 542
414.0560700515321 213.52901862566813 0 0 13.0 1 543
728.1500421198124 275.42652827842767 0 0 11.0 1 544
268.81756183196893 514.3117138192351 0 0 12.0 1 545
132.89878804287048 282.0129559187427 0 0 13.0 1 546
406.1324155805434 246.12214753530154 0 0 10.0 1 547
207.08960664902554 330.6416541635233 0 0 11.0 1 548
122.80210095187527 439.51360225676285 0 0 11.0 1 549
377.59138950067336 198.24060325355484 0 0 12.0 1 550
457.1955775265737 128.96925283023387 0 0 10.0 1 551
467.84700133529213 283.2875995885233 0 0 10.0 1 552
566.6196020378661 185.00719031385464 0 0 10.0 1 553
434.7065762247064 177.69288457910608 0 0 12.0 1 554
279.30789358869595 455.8785777378278 0 0 13.0 1 555
252.39564130551932 309.7672271600219 0 0 13.0 1 556
684.52151954234 634.9649014583196 0 0 12.0 1 557
198.6402121234864 491.0781852384282 0 0 10.0 1 558
552.2894857836301 89.3170224815052 0 0 10.0 1 559
524.205572869838 220.8437116144807 0 0 11.0 1 560
469.69899745699 508.54975704021865 0 0 13.0 1 561
467.3418824418942 262.6170648545384 0 0 12.0 1 562
460.6784844845986 557.7311685135577 0 0 13.0 1 563
746.5572401838594 282.2966471329436 0 0 12.0 1 564
168.8394957279315 285.41893147346286 0 0 10.0 1 565
182.44826470462868 374.8555678136751 0 0 12.0 1 566
263.4118962086668 430.71953617306065 0 0 13.0 1 567
536.9417806262105 417.0572189680156 0 0 13.0 1 568
245.46442237921548 588.8246680108573 0 0 10.0 1 569
99.23181940496289 573.0534644020488 0 0 12.0 1 570
505.6353609140937 487.23629132734357 0 0 10.0 1 571
204.3383040338608 476.2659867283844 0 0 10.0 1 572
652.3123336610151 239.56469751786994 0 0 12.0 1 573
253.16800682406316 586.0359260465076 0 0 12.0 1 574
532.8384825443039 437.3890031336308 0 0 10.0 1 575
423.8571144691791 562.2554716772427 0 0 13.0 1 576
606.3672638228363 643.2561457029933 0 0 11.0 1 577
244.41275806264792 152.90364198085018 0 0 13.0 1 578
396.50821548033537 662.9768192082113 0 0 10.0 1 579
549.451410561836 662.4276583766991 0 0 11.0 1 580
271.7746193420121 207.85616909431076 0 0 13.0 1 581
392.87745397232277 221.14176189483578 0 0 13.0 1 582
270.6465576977088 302.4721221160441 0 0 11.0 1 583
593.4852644309891 175.99229377525822 0 0 10.0 1 584
269.4559100183176 192.6760009770832 0 0 12.0 1 585
606.0120160299393 244.684034139178 0 0 10.0 1 586
151.2378448680817 543.130675168265 0 0 12.0 1 587
77.84296914158278 556.1372712342854 0 0 12.0 1 588
589.4590859556265 446.15468284863994 0 0 12.0 1 589
225.49001921707418 253.2680450374123 0 0 13.0 1 590
568.7194909406936 239.30546562899775 0 0 12.0 1 591
192.3957098852116 243.47377623562636 0 0 10.0 1 592
653.4369899978911 436.1343617739242 0 0 13.0 1 593
645.4882488140548 441.6715693753989 0 0 12.0 1 594
378.25371296370764 204.20393517709508 0 0 13.0 1 595
239.3237707932309 207.16808000775964 0 0 12.0 1 596
614.338905518053 263.7104788278895 0 0 13.0 1 597
382.5588154734305 242.9655926801067 0 0 13.0 1 598
502.84169606963127 236.68256201641665 0 0 12.0 1 599
673.5079649835549 279.19274404840354 0 0 11.0 1 600
156.66075091186065 297.6183129010834 0 0 12.0 1 601
436.35279042080185 565.0438566824625 0 0 12.0 1 602
702.0727188891995 291.4040861593461 0 0 11.0 1 603
375.0850964361893 607.5096325002914 0 0 13.0 1 604
275.82384324554994 434.9468466917151 0 0 13.0 1 605
581.618104888059 718.9104325306245 0 0 13.0 1 606
270.7981236285244 557.86980440252 0 0 10.0 1 607
519.7625434969351 488.64498392545806 0 0 13.0 1 608
228.2041223435717 522.503781248815 0 0 13.0 1 609
410.39324978260925 139.20701627736167 0 0 11.0 1 610
266.97498176483714 460.16929884529645 0 0 12.0 1 611
550.8898980929521 439.6009930872765 0 0 11.0 1 612
540.7647944376059 369.6475265103724 0 0 10.0 1 613
293.8266184740688 691.2511168310759 0 0 13.0 1 614
378.9618945484611 120.79147914325762 0 0 11.0 1 615
262.3910429725381 419.61568112032154 0 0 13.0 1 616
239.96426116081142 87.6067185514467 0 0 11.0 1 617
417.25075760473726 100.49639173782464 0 0 13.0 1 618
477.7973452132962 276.4541660849577 0 0 10.0 1 619
112.15212473163137 302.2267894385906 0 0 12.0 1 620
264.15602321162226 375.701564447095 0 0 13.0 1 621
727.1460280646381 323.37444080771064 0 0 13.0 1 622
322.81892182349145 300.40541595291603 0 0 10.0 1 623
733.4671863171566 242.01064703683738 0 0 11.0 1 624
354.0792472211957 578.1776766719893 0 0 12.0 1 625
192.08445391292543 248.93668315797652 0 0 12.0 1 626
232.5293220768739 434.56258144248727 0 0 11.0 1 627
644.1460036267033 159.08148906090722 0 0 12.0 1 628
393.8350432212472 121.06812066757931 0 0 11.0 1 629
311.0539231749498 658.1038461887623 0 0 12.0 1 630
245.32144219308495 481.8507407099828 0 0 10.0 1 631
395.7116106469518 722.9715308146473 0 0 11.0 1 632
665.4050956180122 454.78261786364214 0 0 12.0 1 633
312.85704094033997 222.2076922745913 0 0 12.0 1 634
544.0 400.0 0 0 11.0 1 635
277.63488008222964 274.89293614064127 0 0 10.0 1 636
245.78335368965926 532.0084315518948 0 0 10.0 1 637
607.7286986123063 653.8361435509876 0 0 11.0 1 638
685.3424329507219 354.1666501577424 0 0 13.0 1 639
305.8151856627917 207.84063710486132 0 0 12.0 1 640
289.4023033397286 647.4048291635444 0 0 11.0 1 641
434.43027466129763 133.21252618095502 0 0 12.0 1 642
246.72938923299867 385.0293662421935 0 0 11.0 1 643
294.1308883031527 268.27023423492903 0 0 11.0 1 644
617.7992850268489 368.96016363133583 0 0 10.0 1 645
326.62662327734535 684.696939899809 0 0 11.0 1 646
371.6232134112706 218.2013256844327 0 0 13.0 1 647
204.56237114789494 596.2985818305034 0 0 10.0 1 648
334.66536361926717 636.1279002765184 0 0 13.0 1 649
541.8407599063416 210.13110094280435 0 0 12.0 1 650
618.2371786738936 573.8204068700192 0 0 12.0 1 651
451.4183397884874 515.0311015916811 0 0 12.0 1 652
546.7908217972997 301.09876322273124 0 0 13.0 1 653
136.33516748179818 527.7883253397923 0 0 11.0 1 654
343.34483892259965 708.8465520663842 0 0 11.0 1 655
256.5288920468844 248.02289257027735 0 0 11.0 1 656
346.24645919297416 575.9731708264285 0 0 10.0 1 657
449.20621251413934 84.81791191437708 0 0 12.0 1 658
384.3208214229953 231.72889921572866 0 0 12.0 1 659
289.2496451396611 602.7199025707861 0 0 11.0 1 660
202.01144600714872 504.768948108778 0 0 13.0 1 661
618.5955628703033 687.2924988464113 0 0 13.0 1 662
236.02614778522698 521.3613438861312 0 0 10.0 1 663
551.4674711277461 730.9888294039021 0 0 10.0 1 664
687.2555964552625 552.0171776646683 0 0 12.0 1 665
281.1009047371584 494.69427197923704 0 0 12.0 1 666
124.79964621989222 456.7958209668943 0 0 13.0 1 667
211.61788121475794 589.2119904286801 0 0 12.0 1 668
143.3828628010187 137.6326146492305 0 0 11.0 1 669
552.260511200747 423.0810902880947 0 0 10.0 1 670
658.2562425896112 542.578796332049 0 0 10.0 1 671
253.25705880954752 147.55097700570238 0 0 12.0 1 672
573.2971926717316 264.47109897849555 0 0 10.0 1 673
229.70284069283076 369.53891774889445 0 0 10.0 1 674
543.9773214565938 714.621249927885 0 0 10.0 1 675
528.7821961253667 428.9680161752164 0 0 12.0 1 676
271.46102094183647 90.64142025363998 0 0 12.0 1 677
538.5630415760274 741.9960284991627 0 0 13.0 1 678
273.4027684388823 389.893518858636 0 0 10.0 1 679
537.5628004066416 430.943108187163 0 0 10.0 1 680
581.065602187108 190.37116680995447 0 0 11.0 1 681
395.2050336165256 183.05298274145056 0 0 13.0 1 682
496.71544864977386 616.3680244224478 0 0 12.0 1 683
513.2593039770505 590.9354080903646 0 0 11.0 1 684
290.20120406464156 465.7892423664045 0 0 13.0 1 685
561.259120427319 110.93859462216778 0 0 10.0 1 686
300.75562522181224 540.4797283414465 0 0 10.0 1 687
748.3527362856529 305.28267781288173 0 0 10.0 1 688
519.6800746307985 541.0733133387265 0 0 12.0 1 689
506.9119444479554 729.0681329669546 0 0 13.0 1 690
506.80345571585826 155.291966116454 0 0 10.0 1 691
738.7875431726472 412.00002462671097 0 0 12.0 1 692
55.96058821509746 269.3826843841206 0 0 13.0 1 693
286.6066188610387 308.03293462399563 0 0 11.0 1 694
473.74454391865646 540.8642688627224 0 0 13.0 1 695
169.75416227150558 527.1056812605315 0 0 10.0 1 696
373.49298108342805 531.3521143650017 0 0 13.0 1 697
386.98163143350183 554.4523294737467 0 0 12.0 1 698
281.63423682539724 503.1433279863213 0 0 11.0 1 699
283.92794339228635 281.3270137105511 0 0 12.0 1 700
266.1144932027912 206.86877241198266 0 0 12.0 1 701
751.4488462933243 349.912991314201 0 0 11.0 1 702
107.67907694526309 228.33323576059757 0 0 13.0 1 703
101.96430000957577 280.77029929074786 0 0 13.0 1 704
455.9985435891476 634.4038462054203 0 0 10.0 1 705
273.28449099312974 79.11344718556717 0 0 10.0 1 706
255.20531597421683 68.21919965454055 0 0 12.0 1 707
575.6903741082705 457.94732475012074 0 0 11.0 1 708
287.252420144178 243.35714750855993 0 0 10.0 1 709
162.62030274238683 335.44863030203067 0 0 12.0 1 710
237.96933656589118 308.6650991838139 0 0 10.0 1 711
449.06229955422845 577.3383510762721 0 0 12.0 1 712
98.74991121715391 208.43438719768275 0 0 11.0 1 713
246.9391087162129 658.0162079393709 0 0 13.0 1 714
228.36092190475617 714.1719702179282 0 0 12.0 1 715
310.38091536905404 173.05414815443012 0 0 11.0 1 716
449.6893170840546 625.5924904949637 0 0 12.0 1 717
541.634537881949 313.4225336535726 0 0 12.0 1 718
582.8935629233171 451.4776130100714 0 0 12.0 1 719
416.0554758689867 227.74663517184814 0 0 11.0 1 720
542.7332049083402 380.9413479859207 0 0 12.0 1 721
607.86836545856 296.9721268705089 0 0 11.0 1 722
726.447456679219 368.1243348670274 0 0 13.0 1 723
394.3099213298444 257.11325112269003 0 0 13.0 1 724
256.5475767700733 308.7782796179442 0 0 12.0 1 725
277.74943008607653 437.93149292765725 0 0 11.0 1 726
353.4091978535451 535.1972527655421 0 0 13.0 1 727
441.67319970154745 561.716865003731 0 0 10.0 1 728
720.8424046561856 569.7914938223835 0 0 10.0 1 729
181.2734895164699 325.7052248694554 0 0 11.0 1 730
226.965594763299 567.7500956911236 0 0 11.0 1 731
259.11913235882366 434.3159020378215 0 0 12.0 1 732
175.7264020795563 446.2855622826292 0 0 10.0 1 733
721.6084539581414 330.65302931883696 0 0 12.0 1 734
520.1776409004226 263.32032108755493 0 0 13.0 1 735
521.105574997398 559.164819305491 0 0 12.0 1 736
620.1307877924266 265.43984146157675 0 0 10.0 1 737
395.38472027204875 548.9285036285289 0 0 11.0 1 738
618.7666947465416 316.95101885228513 0 0 13.0 1 739
334.9410567062256 137.9554734448791 0 0 10.0 1 740
137.56964406879314 491.72953878560645 0 0 11.0 1 741
207.61208117089987 384.64133180879327 0 0 11.0 1 742
85.49738131748938 453.37698794277674 0 0 11.0 1 743
219.41557010639474 483.6077967656221 0 0 11.0 1 744
416.6600554062459 563.1515937827786 0 0 11.0 1 745
605.2135198437768 245.28603400685563 0 0 13.0 1 746
569.8646702653115 145.4769287556489 0 0 10.0 1 747
64.06876349530188 373.18201460913644 0 0 12.0 1 748
171.51210548265416 646.3519475446262 0 0 11.0 1 749
597.8770350295961 585.1639246934888 0 0 11.0 1 750
716.7818806764391 523.4878134679626 0 0 11.0 1 751
574.58303889997 174.73179867444327 0 0 13.0 1 752
341.8655072204092 610.105641878698 0 0 11.0 1 753
103.95278828914752 521.4744764888069 0 0 12.0 1 754
75.5744983721491 246.2824216508818 0 0 12.0 1 755
454.13479198618325 247.31265836156336 0 0 10.0 1 756
572.830934321033 679.947259571725 0 0 10.0 1 757
264.37367232253223 504.146527742043 0 0 12.0 1 758
379.71325545744463 130.76321203099843 0 0 11.0 1 759
478.62554612861305 286.5891385449465 0 0 12.0 1 760
299.0873089782179 157.1304284379323 0 0 13.0 1 761
253.17376307503335 497.0466699606615 0 0 10.0 1 762
50.462515495187574 318.1187022205435 0 0 13.0 1 763
167.7477111170676 673.7514827514892 0 0 13.0 1 764
632.1192529727938 633.1558543106996 0 0 10.0 1 765
480.60145810538825 712.7817209353599 0 0 12.0 1 766
547.4565271611939 313.41147537023124 0 0 11.0 1 767
630.7527977366154 657.8161095368648 0 0 12.0 1 768
202.94975528108588 293.47675814069464 0 0 10.0 1 769
121.08369255624393 606.4332663161151 0 0 11.0 1 770
233.51910761576173 326.46013005894235 0 0 10.0 1 771
679.002975225285 229.45282231757983 0 0 13.0 1 772
322.330919968074 542.1672044002916 0 0 13.0 1 773
205.77737968509533 432.96321825933234 0 0 13.0 1 774
424.20350030263825 78.91093046772801 0 0 13.0 1 775
381.2159772754117 150.70667780648003 0 0 11.0 1 776
261.2279430108356 192.0521310544489 0 0 13.0 1 777
553.9048351085494 635.1048738971828 0 0 11.0 1 778
424.0743873606615 600.5602749130765 0 0 10.0 1 779
261.2977679158737 161.38380018347212 0 0 10.0 1 780
650.7153342657789 264.4757543315634 0 0 11.0 1 781
497.19586210049414 300.6321762815461 0 0 11.0 1 782
578.3230025140201 290.99584056383543 0 0 12.0 1 783
429.65890918370076 579.5671158815917 0 0 13.0 1 784
272.56324450560675 255.0556198086237 0 0 13.0 1 785
590.4520740567967 557.2800288894442 0 0 13.0 1 786
298.4094378476719 77.6285408390284 0 0 11.0 1 787
584.4526190035504 260.93803056647334 0 0 10.0 1 788
484.8507739456866 185.14808318095464 0 0 10.0 1 789
569.1463449141156 189.5492599153069 0 0 11.0 1 790
483.54186084662837 283.9407156394518 0 0 12.0 1 791
530.8795606481681 475.30963155229546 0 0 12.0 1 792
198.04473225138588 445.421028484454 0 0 11.0 1 793
402.15919669985584 562.985698359124 0 0 12.0 1 794
635.6172016386644 433.59366446169514 0 0 11.0 1 795
450.36603163299634 555.0234268023514 0 0 13.0 1 796
289.66196923338 184.61773757678094 0 0 13.0 1 797
111.43817183772785 613.5721688976523 0 0 11.0 1 798
603.3551913068763 550.5179928398718 0 0 13.0 1 799
268.3857988102677 593.4779110006842 0 0 10.0 1 800
235.9332368335436 583.2978374779198 0 0 11.0 1 801
595.0320845297863 207.54614578043316 0 0 10.0 1 802
96.59362279240258 537.235455585505 0 0 13.0 1 803
421.88690322335276 230.4064757507186 0 0 13.0 1 804
185.70707940658983 331.4176102520012 0 0 11.0 1 805
257.69531188605697 587.0143730861171 0 0 12.0 1 806
292.30223740454295 504.4087732517367 0 0 10.0 1 807
253.09523489756475 357.24500040698956 0 0 12.0 1 808
449.6586964754198 562.5854048319286 0 0 10.0 1 809
458.34077155004616 196.1854902737655 0 0 13.0 1 810
724.7237657041812 428.81798027093527 0 0 12.0 1 811
263.78705204284165 72.17225131355877 0 0 13.0 1 812
394.19054905005095 254.11562702036883 0 0 11.0 1 813
323.82459241524197 523.3787148550996 0 0 11.0 1 814
455.2928201812319 543.7313606573248 0 0 12.0 1 815
635.7725486496748 319.92312878716655 0 0 10.0 1 816
510.83828898691456 192.78061457852644 0 0 13.0 1 817
223.26626932323506 371.6065422839571 0 0 11.0 1 818
329.1308147439903 504.180413615753 0 0 10.0 1 819
499.50893529176176 228.82181272983416 0 0 10.0 1 820
435.2772640769912 560.1609023427447 0 0 10.0 1 821
579.1437437860418 714.5656037495532 0 0 11.0 1 822
555.2088473431398 478.652486969033 0 0 11.0 1 823
429.3105312172385 172.88352600534833 0 0 11.0 1 824
156.34363199376537 412.9450504058642 0 0 10.0 1 825
262.3574145372239 277.891365304814 0 0 10.0 1 826
608.7872203203117 170.85398403874092 0 0 12.0 1 827
262.18403252273515 479.29539146952663 0 0 11.0 1 828
520.4206574214016 461.0234812690773 0 0 12.0 1 829
108.11079352195873 315.04888969754785 0 0 12.0 1 830
214.03316504155487 465.00258683728225 0 0 13.0 1 831
338.4102681910229 534.5760191702009 0 0 12.0 1 832
202.75143447071386 373.65605578811505 0 0 13.0 1 833
428.8450211289782 215.23808629463483 0 0 13.0 1 834
351.85798806391466 748.6923381532004 0 0 10.0 1 835
247.18353639742912 633.4269231515597 0 0 13.0 1 836
410.4101767612187 556.6544867528543 0 0 12.0 1 837
176.19464951978668 632.8951804920594 0 0 12.0 1 838
456.6956208952365 637.3217364071476 0 0 11.0 1 839
178.1076246906931 527.6705673974769 0 0 10.0 1 840
586.267926953012 416.53055923516837 0 0 11.0 1 841
68.49991417742507 542.9289792156421 0 0 11.0 1 842
135.01038100542115 397.654403038043 0 0 11.0 1 843
463.2015732738187 583.4163600546967 0 0 10.0 1 844
462.441926892095 233.31165077905936 0 0 11.0 1 845
303.30799187266507 167.28847135497693 0 0 12.0 1 846
285.05688197938116 75.77156259868553 0 0 10.0 1 847
244.1682162902205 486.02589834362965 0 0 11.0 1 848
423.27170314743876 526.8835207291219 0 0 11.0 1 849
507.15796727234806 309.9046613300201 0 0 13.0 1 850
605.7881906571516 680.633605589309 0 0 11.0 1 851
582.7257210145398 649.1832877215415 0 0 13.0 1 852
593.6924733945099 201.9792289927214 0 0 10.0 1 853
611.8927335686536 540.0623770353894 0 0 12.0 1 854
596.1723698910398 677.6983998717549 0 0 13.0 1 855
310.63029973859693 499.84516350423274 0 0 13.0 1 856
673.030434471227 233.10367933218822 0 0 10.0 1 857
234.66291900116826 115.56257340710988 0 0 10.0 1 858
529.2327284358068 158.39101444474997 0 0 11.0 1 859
277.99177287103623 325.41452880857304 0 0 12.0 1 860
411.1092197563572 758.8280719737587 0 0 10.0 1 861
313.05983278784834 250.43259939036477 0 0 11.0 1 862
110.98600748782678 546.4476429724066 0 0 11.0 1 863
265.8976218545182 178.42032544539154 0 0 11.0 1 864
262.65360853346635 386.58475676248503 0 0 12.0 1 865
634.2009938500386 546.0338812729915 0 0 13.0 1 866
137.3703902227881 413.95306662599296 0 0 11.0 1 867
751.8350903707569 466.15186455271896 0 0 11.0 1 868
361.8283982445394 278.87226238626215 0 0 11.0 1 869
262.3273633798676 509.64599913385337 0 0 11.0 1 870
692.6297006773073 482.3641808161143 0 0 12.0 1 871
141.00000011767435 399.99219261247987 0 0 10.0 1 872
429.0392112828891 531.8397671723814 0 0 11.0 1 873
162.4609534821849 348.77304050202406 0 0 13.0 1 874
513.233712622567 548.8191060506341 0 0 13.0 1 875
433.6232842880328 566.6417557327278 0 0 11.0 1 876
73.01280976895367 397.10562186203794 0 0 11.0 1 877
226.1749709036401 453.9338415065127 0 0 12.0 1 878
328.1855157856694 586.661940033392 0 0 11.0 1 879
442.6713601734408 565.5903228481317 0 0 12.0 1 880
243.8919263439398 467.3072755309118 0 0 13.0 1 881
536.3812540455529 435.793205290423 0 0 11.0 1 882
268.7656675924041 427.08412814791404 0 0 11.0 1 883
237.1978883450246 351.0564361669389 0 0 11.0 1 884
133.14059345438898 597.5096380891938 0 0 12.0 1 885
367.6989924944878 619.6375307503907 0 0 13.0 1 886
626.0740649853954 223.1963882128556 0 0 11.0 1 887
143.68854951212666 206.75031604475407 0 0 10.0 1 888
439.42242695821676 668.1172733203216 0 0 13.0 1 889
146.52161553318817 293.3524092719619 0 0 13.0 1 890
256.276322346136 391.08347143512776 0 0 11.0 1 891
300.17786694208047 659.460096646415 0 0 13.0 1 892
733.9404155736722 554.6214695522038 0 0 12.0 1 893
479.2257440492873 238.37301747592755 0 0 13.0 1 894
350.1064103038862 241.6755555599962 0 0 12.0 1 895
428.1616440602475 238.43601328320742 0 0 12.0 1 896
327.32863745921065 55.58328573301617 0 0 10.0 1 897
83.50614140320505 369.0866134092047 0 0 12.0 1 898
168.61015821428137 132.09191666099343 0 0 12.0 1 899
295.13327654412143 195.29784976305626 0 0 10.0 1 900
85.52113172197159 222.73172475998285 0 0 12.0 1 901
216.65795740265648 350.14325104628386 0 0 13.0 1 902
313.98621142192945 649.5949281825394 0 0 11.0 1 903
623.16697308836 508.1688593014606 0 0 13.0 1 904
182.71691765369738 282.539103842641 0 0 13.0 1 905
610.0784141243753 634.716978335585 0 0 11.0 1 906
595.808340719424 391.3343376072023 0 0 12.0 1 907
458.6409531319384 122.12010037468019 0 0 10.0 1 908
551.976182914449 402.6906926160229 0 0 11.0 1 909
677.0781765984068 191.1060459158712 0 0 11.0 1 910
323.85763992551426 251.3684387410017 0 0 11.0 1 911
555.5946904265924 152.90833216991535 0 0 12.0 1 912
246.9391087162129 658.0162079393709 0 0 12.0 1 913
686.6601308323575 183.88204750373995 0 0 10.0 1 914
630.5571639710317 385.7033520839755 0 0 12.0 1 915
458.2192978167378 559.7201094468883 0 0 12.0 1 916
301.2346439590723 559.9668854673016 0 0 12.0 1 917
285.97980595947405 460.3356888662159 0 0 13.0 1 918
53.36419407148952 514.3180565277945 0 0 10.0 1 919
259.28759063929215 157.92559438902967 0 0 10.0 1 920
496.03584645685726 507.2991900962674 0 0 11.0 1 921
340.1823834479761 762.0923262788581 0 0 11.0 1 922
534.2305017717326 499.35377392987584 0 0 11.0 1 923
100.75387471153749 504.59807120516996 0 0 10.0 1 924
449.6576363730999 536.23185805764 0 0 10.0 1 925
528.7426245471846 56.32233615682463 0 0 10.0 1 926
548.147814504423 370.7899836089898 0 0 11.0 1 927
354.3990905261008 564.8076365195292 0 0 11.0 1 928
267.74032473821336 222.94526750282347 0 0 12.0 1 929
560.6574247050546 176.80906853740734 0 0 11.0 1 930
263.62403258315504 720.1649504725956 0 0 10.0 1 931
159.13868631348475 367.83126410307517 0 0 11.0 1 932
32.446839911929715 357.51853922858356 0 0 11.0 1 933
369.6837147719988 583.5127321195303 0 0 10.0 1 934
563.3943220967363 582.5576498165661 0 0 12.0 1 935
147.8567670868986 608.2133283344981 0 0 10.0 1 936
468.4054817076322 217.39197697705941 0 0 13.0 1 937
36.36949386326478 468.3582841120357 0 0 10.0 1 938
369.50094130185505 620.9045210459195 0 0 13.0 1 939
324.62818734667025 646.7449895283618 0 0 11.0 1 940
630.8552285335738 408.1770079314756 0 0 12.0 1 941
509.9205185496377 328.7365479240673 0 0 10.0 1 942
479.7671290494206 78.7552255316624 0 0 10.0 1 943
525.342723534859 743.8680003385948 0 0 13.0 1 944
94.43094832004999 416.2343664926002 0 0 13.0 1 945
724.7161434347979 446.29715102284035 0 0 11.0 1 946
565.8075396060424 679.5225568890473 0 0 12.0 1 947
610.2487797568081 647.8314964058709 0 0 13.0 1 948
441.1737407544408 220.66588982492456 0 0 10.0 1 949
367.99105700084897 713.3694745313862 0 0 10.0 1 950
615.9187030020134 224.89113759170183 0 0 12.0 1 951
271.6185045654582 57.254917424055975 0 0 12.0 1 952
567.0497320573223 655.1850054755898 0 0 11.0 1 953
617.4167203955672 444.8772736742751 0 0 12.0 1 954
232.6547426372349 336.46603398031954 0 0 13.0 1 955
183.000000098592 399.993458675321 0 0 12.0 1 956
326.0411742150681 614.6138208236229 0 0 13.0 1 957
422.2472691095601 617.867067307491 0 0 10.0 1 958
583.8579117949046 300.6155531764798 0 0 11.0 1 959
250.2417928946752 142.3636683140387 0 0 10.0 1 960
601.9576014045695 428.79456953859585 0 0 13.0 1 961
315.1696581859728 218.88177036058653 0 0 13.0 1 962
333.5754016696316 189.21866131782627 0 0 11.0 1 963
284.33796655362323 495.5107010708707 0 0 11.0 1 964
402.06647046121174 555.9863125400204 0 0 10.0 1 965
419.0908384159092 68.54934018985927 0 0 13.0 1 966
416.1202118544349 591.3220812393806 0 0 10.0 1 967
522.5929188733917 348.42504249054576 0 0 12.0 1 968
563.5081334169784 196.56428458479667 0 0 11.0 1 969
496.39097902696744 513.6212091214608 0 0 13.0 1 970
178.24168076150022 431.61088180541026 0 0 11.0 1 971
330.166883019147 231.93056264526112 0 0 13.0 1 972
89.54140880962586 550.4674820553869 0 0 10.0 1 973
247.59210834902757 593.1005814659952 0 0 12.0 1 974
741.6210442939439 345.1268545141138 0 0 11.0 1 975
548.1899589443897 110.75142858077919 0 0 11.0 1 976
220.76406366113926 619.0056600289862 0 0 13.0 1 977
554.1093054261738 323.6172664729635 0 0 12.0 1 978
582.447736849726 181.05292119232757 0 0 13.0 1 979
424.84387088192756 176.37580166806163 0 0 13.0 1 980
354.13310522220536 200.1970271406286 0 0 12.0 1 981
216.58168919449537 441.25194857525287 0 0 13.0 1 982
337.6433472251723 288.2160662048451 0 0 12.0 1 983
134.3587157696046 364.5217233729389 0 0 13.0 1 984
569.3496418695248 520.7671263161614 0 0 12.0 1 985
153.76269866648133 647.3220399236307 0 0 10.0 1 986
556.7972584277932 322.2850094928408 0 0 11.0 1 987
431.7424093531666 154.03980108876152 0 0 11.0 1 988
136.52808796389655 637.9234153420797 0 0 13.0 1 989
493.4622158073369 487.45749948622347 0 0 13.0 1 990
662.9616946233109 580.5883361705196 0 0 12.0 1 991
117.17705886509594 410.0091941634978 0 0 13.0 1 992
311.04211320797754 608.8432291875839 0 0 11.0 1 993
541.5334550353812 648.5242062772713 0 0 11.0 1 994
444.6676811172275 573.3372385369332 0 0 10.0 1 995
439.56789716839467 669.1066359525 0 0 11.0 1 996
598.284801981123 452.03976655699796 0 0 13.0 1 997
373.1777353978115 623.3955373806965 0 0 12.0 1 998
424.504164902671 74.92224637415944 0 0 10.0 1 999
535.6619971278908 317.073390668181 0 0 13.0 1 1000
602.0693097135706 230.10593279375215 0 0 12.0 1 1001
484.19136210170115 175.25166397176542 0 0 12.0 1 1002
382.1176103661919 162.672757271769 0 0 11.0 1 1003
325.98771711287344 202.406523432994 0 0 12.0 1 1004
603.5536086726922 577.386381654073 0 0 11.0 1 1005
411.13707162342394 628.7290222854431 0 0 11.0 1 1006
181.86252402134275 216.58505629676537 0 0 12.0 1 1007
177.06419638217199 577.5517599610694 0 0 12.0 1 1008
365.96165855911033 136.1868249841312 0 0 10.0 1 1009
417.3060900297966 660.4256117356367 0 0 12.0 1 1010
615.9235635958142 154.4271703056619 0 0 10.0 1 1011
543.3784676003719 299.66249440728006 0 0 13.0 1 1012
283.49637995211106 613.2508066004373 0 0 13.0 1 1013
427.26263383961486 188.75192593510565 0 0 10.0 1 1014
432.1314063406263 110.77937015735972 0 0 13.0 1 1015
632.5963560756356 268.8972344291087 0 0 12.0 1 1016
662.5121661055732 427.988616374518 0 0 12.0 1 1017
655.7390376971438 267.5555037091429 0 0 11.0 1 1018
556.4916718614883 533.9640124734858 0 0 13.0 1 1019
438.9298681245508 540.7141263974768 0 0 12.0 1 1020
295.3219708204115 134.91980419677287 0 0 12.0 1 1021
353.67965768175674 520.3969513215379 0 0 12.0 1 1022
414.66338258554856 242.6818980182197 0 0 11.0 1 1023
551.994086099111 398.65918275068935 0 0 13.0 1 1024
425.9800714594884 588.2153975820254 0 0 10.0 1 1025
222.02589175760562 446.70349874821466 0 0 12.0 1 1026
426.50012894072273 161.46752177926572 0 0 12.0 1 1027
525.0 400.0 0 0 11.0 1 1028
192.65875171999645 366.6892395510111 0 0 13.0 1 1029
625.9205058287756 394.0062494154192 0 0 10.0 1 1030
246.79422232118833 194.9049252521394 0 0 10.0 1 1031
260.18171587278584 357.9661157669005 0 0 11.0 1 1032
281.8456087532413 307.5903693919953 0 0 12.0 1 1033
276.8800412635951 71.30184703782413 0 0 13.0 1 1034
684.7252080189867 626.7764448053297 0 0 10.0 1 1035
487.23776651326364 48.668856925866464 0 0 10.0 1 1036
486.92105339300684 573.4379729962561 0 0 12.0 1 1037
675.2190965339272 360.77693404323344 0 0 12.0 1 1038
424.685325998279 641.7429103000927 0 0 12.0 1 1039
102.12526235197572 210.58078061843702 0 0 11.0 1 1040
514.3599335214774 94.71684356164803 0 0 12.0 1 1041
94.04080868195012 548.2867939096566 0 0 11.0 1 1042
526.9886378367326 61.00459315741284 0 0 13.0 1 1043
335.33161234646604 181.3633158907402 0 0 11.0 1 1044
640.410837648712 527.2266840762763 0 0 10.0 1 1045
186.03584745807007 181.24136262306413 0 0 13.0 1 1046
478.6489349350608 507.25364811315546 0 0 12.0 1 1047
140.47428083236275 321.9782011837673 0 0 11.0 1 1048
356.37130168292265 716.0024314513378 0 0 12.0 1 1049
437.64400011777406 627.9121086189433 0 0 13.0 1 1050
533.7483565716509 336.63299664350114 0 0 10.0 1 1051
283.89503260334726 653.6939820843652 0 0 12.0 1 1052
674.0830471505886 570.9019697506386 0 0 11.0 1 1053
761.0927991584291 425.612309461085 0 0 10.0 1 1054
393.91201373053286 247.1211707816194 0 0 11.0 1 1055
428.70102987795576 263.9954012397202 0 0 13.0 1 1056
315.64969392546266 528.8449683345526 0 0 10.0 1 1057
595.7548645701697 313.5359439008641 0 0 10.0 1 1058
449.7248478343468 608.1428343898754 0 0 10.0 1 1059
508.6071702317081 637.3299024022485 0 0 13.0 1 1060
510.27289027676136 274.58512978913006 0 0 10.0 1 1061
280.0157829589675 668.4022869892326 0 0 12.0 1 1062
437.88610148603755 106.43460129948954 0 0 12.0 1 1063
427.02179718330126 664.6239265013361 0 0 12.0 1 1064
569.6443868953593 196.41762847707653 0 0 13.0 1 1065
462.50030919443776 272.4942693421206 0 0 10.0 1 1066
255.0724609832945 424.59691920874036 0 0 10.0 1 1067
177.76246579652295 692.0607443515105 0 0 11.0 1 1068
549.915147756384 535.3862935203617 0 0 12.0 1 1069
402.96498533910204 266.03280676994495 0 0 13.0 1 1070
469.1636436168692 121.45845839150189 0 0 10.0 1 1071
284.4972066718334 245.37754130337072 0 0 12.0 1 1072
549.6608026602019 555.7486569672565 0 0 11.0 1 1073
605.056302700372 508.51687759447094 0 0 12.0 1 1074
236.51374401359277 530.2046239714509 0 0 12.0 1 1075
383.68111366143654 645.4581307446731 0 0 10.0 1 1076
531.2335159144415 427.0880841096976 0 0 10.0 1 1077
251.7828274301114 485.27994931628336 0 0 10.0 1 1078
547.9501864326925 481.6807341698857 0 0 12.0 1 1079
451.4013249801619 236.9082963781303 0 0 13.0 1 1080
665.9547406227496 423.6024562341709 0 0 13.0 1 1081
203.49876730334321 105.54581757309961 0 0 12.0 1 1082
535.430231599042 658.6941289805972 0 0 12.0 1 1083
480.3800415202976 567.7350557432621 0 0 13.0 1 1084
127.09624452118646 392.7515349514571 0 0 12.0 1 1085
531.9948642439648 398.83560607296704 0 0 12.0 1 1086
590.846986049272 505.36331389961583 0 0 11.0 1 1087
239.24482032563438 445.24126664741414 0 0 11.0 1 1088
652.1456180638193 350.28493899013495 0 0 10.0 1 1089
618.0603361441846 476.2278807306436 0 0 10.0 1 1090
287.57329721145874 269.8299708070364 0 0 12.0 1 1091
363.49006510176196 621.0045806170688 0 0 10.0 1 1092
527.4411246911075 255.0594613730665 0 0 10.0 1 1093
537.3846136813374 553.497452498827 0 0 13.0 1 1094
569.8646702653115 145.4769287556489 0 0 10.0 1 1095
594.8401222123651 313.93998154618714 0 0 12.0 1 1096
364.262206823047 279.1744640448827 0 0 11.0 1 1097
288.489031708127 293.7865170959501 0 0 12.0 1 1098
522.191822878281 476.19159022938686 0 0 10.0 1 1099
571.0220274352167 205.4943030861359 0 0 11.0 1 1100
506.6967704399606 191.741028578161 0 0 11.0 1 1101
513.167727774542 616.1690666824168 0 0 11.0 1 1102
555.9755561490398 402.76150031644454 0 0 11.0 1 1103
620.6884060092381 411.73147275927886 0 0 12.0 1 1104
531.8629416145235 311.15651611533485 0 0 11.0 1 1105
665.9896506734442 397.6535698137064 0 0 10.0 1 1106
333.40818167598866 257.82218973306044 0 0 10.0 1 1107
433.0153978240804 267.0376613227727 0 0 11.0 1 1108
440.2007421531031 691.2385625742919 0 0 11.0 1 1109
582.1129771084625 719.7793982868387 -5 7 10.0 1 1110
138.00000011903734 399.9921021794198 8 17 10.0 1 1111
440.9979665943938 741.5481909410807 2 -1 11.0 1 1112
661.3591420322186 362.752196357603 -16 17 11.0 1 1113
279.01271984032127 254.79986900982698 -13 -6 10.0 1 1114
709.3268152108722 307.016553131759 20 -3 12.0 1 1115
203.90691374091642 172.95925140762154 -6 -11 13.0 1 1116
648.4459385588025 442.17363647630737 -2 -7 13.0 1 1117
275.74990172481375 268.38346198669956 -9 16 13.0 1 1118
393.58816843163817 606.9006728262113 7 14 13.0 1 1119
109.20431132299967 553.8793925347677 1 0 11.0 1 1120
368.40933280186687 663.1102995817093 6 17 13.0 1 1121
421.75218917217654 204.20459079381396 -15 15 13.0 1 1122
364.6323450979108 197.05880411624966 13 -12 12.0 1 1123
315.54157406862663 131.99295850818635 21 12 12.0 1 1124
72.78244914284289 262.32765560562353 7 -4 13.0 1 1125
248.56633611399013 351.53511124474755 -6 19 13.0 1 1126
430.9037605699445 529.3597989432403 4 3 13.0 1 1127
300.2230016434962 503.8294303122493 10 -13 11.0 1 1128
224.51439841369032 657.9705480009122 17 15 13.0 1 1129
521.9366380686398 291.83135252524625 22 -13 11.0 1 1130
459.88633604541576 175.86248249109312 0 19 13.0 1 1131
725.1830180266516 423.0652289621925 7 19 10.0 1 1132
641.3132561623462 494.0686579064774 12 9 10.0 1 1133
766.2964466552755 377.2862779862295 -7 7 13.0 1 1134
644.1267237568612 356.3406052751396 -11 3 11.0 1 1135
385.67218741942764 540.2701457426205 -12 22 10.0 1 1136
626.435606294346 282.73143557580363 -7 0 11.0 1 1137
734.067960142261 279.9017152229529 10 16 11.0 1 1138
229.5476278076394 577.375276783426 10 5 11.0 1 1139
597.1336156557979 115.6510285257354 17 10 12.0 1 1140
497.2261267334149 594.0002069081834 -7 -11 12.0 1 1141
456.0355839514257 531.5637234621411 19 -11 10.0 1 1142
618.8612225335688 520.8294884169907 19 17 12.0 1 1143
134.97333881295623 469.5476013967979 22 21 11.0 1 1144
427.6497914241261 630.3464543556127 -12 17 12.0 1 1145
77.83091907191653 577.8512954519983 1 8 10.0 1 1146
317.4744480629825 238.90830785701382 13 -13 11.0 1 1147
207.31074724786737 300.2009425203587 18 0 13.0 1 1148
538.1586386466156 130.3313318768495 10 -1 13.0 1 1149
558.2741831460428 226.29253628743263 7 6 10.0 1 1150
689.759941282075 465.17803639423687 20 5 10.0 1 1151
469.4368776047802 179.683137212562 -11 21 13.0 1 1152
154.06876401786607 214.57662723297275 8 -3 11.0 1 1153
219.5800024485911 430.6206545251666 11 -3 11.0 1 1154
179.02006415103762 264.91162910084205 6 1 10.0 1 1155
623.6933887881353 355.8948096877462 20 -10 11.0 1 1156
635.0727481348925 132.6485401492833 8 16 13.0 1 1157
192.6676620453913 164.18375450729454 -5 8 12.0 1 1158
235.66124556432607 423.42592133793795 1 -5 12.0 1 1159
678.149306322236 367.8602521407076 20 -15 10.0 1 1160
272.5588933807166 278.61316239537155 5 13 11.0 1 1161
321.47583181191334 756.4532999010797 -4 17 12.0 1 1162
503.8737533090656 188.08906735732725 11 -7 11.0 1 1163
273.8296102251153 311.6991917134749 18 -3 12.0 1 1164
717.7511695080791 428.19918928352257 -14 0 10.0 1 1165
573.249431271357 375.3092210703808 10 -6 13.0 1 1166
307.2931815501788 685.3163959763124 -16 -4 11.0 1 1167
482.5977790491749 720.5286366241614 -8 13 11.0 1 1168
270.77455476954435 158.38711891749125 13 13 11.0 1 1169
198.54400283225945 493.2710094571261 22 -8 12.0 1 1170
543.4802940770908 554.7074827264394 -5 -8 12.0 1 1171
659.8558318702991 537.5170776412692 5 7 12.0 1 1172
252.74894864806316 600.7937446130961 -15 3 10.0 1 1173
482.84065854811854 585.3278858977085 -11 5 10.0 1 1174
