400 400 -7.071067811865475 -7.071067811865477 5 2 -1 10 187
57.15728752538104 57.15728752538092
800.0 400.0 0 0 24.0 1 0
799.4518139018296 420.9343824971775 0 0 24.0 1 1
797.8087581473094 441.8113853070614 0 0 24.0 1 2
795.0753362380551 462.57378601609236 0 0 24.0 1 3
791.2590402935223 483.16467632710373 0 0 24.0 1 4
786.3703305156273 503.5276180410083 0 0 24.0 1 5
780.4226065180615 523.6067977499789 0 0 24.0 1 6
773.4321705988807 543.3471798181201 0 0 24.0 1 7
765.4181830570403 562.6946572303201 0 0 24.0 1 8
756.4026096753471 581.5961998958187 0 0 24.0 1 9
746.4101615137755 600.0 0 0 24.0 1 10
735.4682271781696 617.8556140060108 0 0 24.0 1 11
723.606797749979 635.1141009169893 0 0 24.0 1 12
710.8583845827884 651.728156419935 0 0 24.0 1 13
697.2579301909577 667.6522425435433 0 0 24.0 1 14
682.842712474619 682.842712474619 0 0 24.0 1 15
667.6522425435433 697.2579301909577 0 0 24.0 1 16
651.728156419935 710.8583845827884 0 0 24.0 1 17
635.1141009169893 723.606797749979 0 0 24.0 1 18
617.8556140060108 735.4682271781696 0 0 24.0 1 19
600.0 746.4101615137754 0 0 24.0 1 20
581.5961998958187 756.4026096753471 0 0 24.0 1 21
562.6946572303201 765.4181830570403 0 0 24.0 1 22
543.3471798181201 773.4321705988807 0 0 24.0 1 23
523.606797749979 780.4226065180615 0 0 24.0 1 24
503.5276180410083 786.3703305156273 0 0 24.0 1 25
483.1646763271038 791.2590402935223 0 0 24.0 1 26
462.57378601609236 795.0753362380551 0 0 24.0 1 27
441.8113853070614 797.8087581473094 0 0 24.0 1 28
420.9343824971776 799.4518139018296 0 0 24.0 1 29
400.0 800.0 0 0 24.0 1 30
379.0656175028225 799.4518139018296 0 0 24.0 1 31
358.1886146929386 797.8087581473094 0 0 24.0 1 32
337.4262139839077 795.0753362380551 0 0 24.0 1 33
316.83532367289627 791.2590402935223 0 0 24.0 1 34
296.47238195899166 786.3703305156273 0 0 24.0 1 35
276.3932022500211 780.4226065180615 0 0 24.0 1 36
256.65282018187986 773.4321705988807 0 0 24.0 1 37
237.3053427696799 765.4181830570403 0 0 24.0 1 38
218.4038001041813 756.4026096753471 0 0 24.0 1 39
200.00000000000009 746.4101615137755 0 0 24.0 1 40
182.14438599398918 735.4682271781696 0 0 24.0 1 41
164.8858990830108 723.606797749979 0 0 24.0 1 42
148.27184358006508 710.8583845827884 0 0 24.0 1 43
132.3477574564567 697.2579301909577 0 0 24.0 1 44
117.15728752538104 682.842712474619 0 0 24.0 1 45
102.74206980904233 667.6522425435434 0 0 24.0 1 46
89.14161541721165 651.728156419935 0 0 24.0 1 47
76.39320225002109 635.1141009169893 0 0 24.0 1 48
64.53177282183043 617.8556140060109 0 0 24.0 1 49
53.589838486224494 600.0 0 0 24.0 1 50
43.597390324652906 581.5961998958187 0 0 24.0 1 51
34.58181694295968 562.6946572303202 0 0 24.0 1 52
26.567829401119297 543.3471798181201 0 0 24.0 1 53
19.5773934819386 523.606797749979 0 0 24.0 1 54
13.629669484372698 503.5276180410084 0 0 24.0 1 55
8.740959706477724 483.16467632710373 0 0 24.0 1 56
4.924663761944942 462.5737860160924 0 0 24.0 1 57
2.1912418526906663 441.81138530706147 0 0 24.0 1 58
0.5481860981704472 420.9343824971775 0 0 24.0 1 59
0.0 400.00000000000006 0 0 24.0 1 60
0.5481860981704472 379.0656175028226 0 0 24.0 1 61
2.1912418526906663 358.1886146929386 0 0 24.0 1 62
4.924663761944885 337.4262139839077 0 0 24.0 1 63
8.740959706477781 316.8353236728962 0 0 24.0 1 64
13.629669484372698 296.47238195899166 0 0 24.0 1 65
19.577393481938543 276.3932022500211 0 0 24.0 1 66
26.567829401119297 256.65282018187986 0 0 24.0 1 67
34.58181694295968 237.30534276967992 0 0 24.0 1 68
43.59739032465285 218.40380010418136 0 0 24.0 1 69
218.40380010418124 43.597390324652906 0 0 24.0 1 70
237.30534276967995 34.58181694295962 0 0 24.0 1 71
256.65282018187975 26.567829401119354 0 0 24.0 1 72
276.393202250021 19.5773934819386 0 0 24.0 1 73
296.4723819589917 13.629669484372698 0 0 24.0 1 74
316.8353236728961 8.740959706477781 0 0 24.0 1 75
337.4262139839076 4.924663761944942 0 0 24.0 1 76
358.18861469293864 2.1912418526906663 0 0 24.0 1 77
379.0656175028223 0.5481860981704472 0 0 24.0 1 78
399.99999999999994 0.0 0 0 24.0 1 79
420.9343824971776 0.5481860981704472 0 0 24.0 1 80
441.8113853070612 2.1912418526906663 0 0 24.0 1 81
462.5737860160923 4.924663761944885 0 0 24.0 1 82
483.1646763271038 8.740959706477781 0 0 24.0 1 83
503.5276180410081 13.629669484372641 0 0 24.0 1 84
523.6067977499789 19.577393481938543 0 0 24.0 1 85
543.3471798181201 26.567829401119297 0 0 24.0 1 86
562.6946572303199 34.58181694295956 0 0 24.0 1 87
581.5961998958187 43.59739032465279 0 0 24.0 1 88
600.0 53.58983848622455 0 0 24.0 1 89
617.8556140060107 64.53177282183032 0 0 24.0 1 90
635.1141009169892 76.39320225002098 0 0 24.0 1 91
651.728156419935 89.14161541721171 0 0 24.0 1 92
667.6522425435431 102.74206980904216 0 0 24.0 1 93
682.842712474619 117.15728752538092 0 0 24.0 1 94
697.2579301909577 132.34775745645675 0 0 24.0 1 95
710.8583845827882 148.27184358006485 0 0 24.0 1 96
723.6067977499789 164.88589908301066 0 0 24.0 1 97
735.4682271781696 182.1443859939892 0 0 24.0 1 98
746.4101615137754 199.99999999999983 0 0 24.0 1 99
756.4026096753471 218.40380010418122 0 0 24.0 1 100
765.4181830570403 237.30534276967995 0 0 24.0 1 101
773.4321705988806 256.6528201818797 0 0 24.0 1 102
780.4226065180615 276.3932022500209 0 0 24.0 1 103
786.3703305156273 296.4723819589917 0 0 24.0 1 104
791.2590402935223 316.83532367289604 0 0 24.0 1 105
795.0753362380551 337.4262139839076 0 0 24.0 1 106
797.8087581473094 358.18861469293864 0 0 24.0 1 107
799.4518139018296 379.06561750282225 0 0 24.0 1 108
800.0 399.9999999999999 0 0 24.0 1 109
531.0022839286557 183.55739420004235 0 0 11.0 1 110
430.71885845453534 70.42853319006781 0 0 12.0 1 111
242.55651527819066 606.9095191591082 0 0 12.0 1 112
150.0881360084125 393.3622114940083 0 0 11.0 1 113
255.026639649075 583.6810409066784 0 0 12.0 1 114
374.97968173084837 67.94129483823139 0 0 12.0 1 115
354.6996987435941 217.53936669495286 0 0 13.0 1 116
58.01339737303408 396.97285222268187 0 0 13.0 1 117
490.24995975136056 300.9497866490041 0 0 11.0 1 118
595.3696353432495 630.29265204484 0 0 12.0 1 119
508.5552021364674 213.26015934163726 0 0 10.0 1 120
522.825368335026 484.3500378978289 0 0 13.0 1 121
371.33215277932277 92.33272105124354 0 0 12.0 1 122
226.5402061928388 376.8332148890459 0 0 11.0 1 123
553.8913519819733 681.7063218764541 0 0 12.0 1 124
664.0678479211435 177.97934399183518 0 0 11.0 1 125
297.0611297654043 580.7417743490007 0 0 11.0 1 126
177.21739568429922 477.87111925684576 0 0 13.0 1 127
592.3506929542264 682.7812068013518 0 0 10.0 1 128
518.5943898731857 235.2445124112498 0 0 11.0 1 129
466.693760076113 83.96053669373839 0 0 12.0 1 130
310.6968339653595 65.72325157709605 0 0 12.0 1 131
259.51480548244484 618.7782213141077 0 0 12.0 1 132
499.3409379626685 479.12255079746393 0 0 13.0 1 133
237.22955743845802 408.64771809899946 0 0 13.0 1 134
522.663626700909 473.5026168553204 0 0 13.0 1 135
655.3472146298803 443.345126378427 0 0 10.0 1 136
532.9143672435624 607.0018622627425 0 0 10.0 1 137
331.1677839760248 205.83994737014308 0 0 10.0 1 138
82.44784825416963 416.87100831583945 0 0 11.0 1 139
316.8912732278779 88.91007805729748 0 0 12.0 1 140
412.2504208942558 268.5696869519304 0 0 13.0 1 141
598.0467890000491 124.86645176065849 0 0 10.0 1 142
213.18292325127777 222.05793123866962 0 0 11.0 1 143
350.05350771985627 523.2653556718576 0 0 12.0 1 144
221.87814397559202 560.8496329073215 0 0 10.0 1 145
556.5052524878608 282.0080259351895 0 0 12.0 1 146
431.1828895490147 65.45011224127734 0 0 12.0 1 147
458.99189628845977 757.1609667534956 0 0 12.0 1 148
248.50157532745826 358.8025811277188 0 0 10.0 1 149
483.90428214765154 630.1848636146332 0 0 10.0 1 150
306.89853614140185 294.10799167365775 0 0 10.0 1 151
539.3853604825221 555.7328522924993 0 0 12.0 1 152
158.45656483413043 204.09755252097702 0 0 13.0 1 153
395.63195016361345 728.9710019752908 0 0 10.0 1 154
403.65606312368226 675.9757837246516 21 -12 12.0 1 155
375.24515863513795 579.299185243549 -1 -5 10.0 1 156
98.41588331617191 536.4112186150214 8 8 10.0 1 157
238.13729898089198 312.4987656155706 1 2 10.0 1 158
182.84275798818967 345.0570091656448 5 19 12.0 1 159
748.0018529151924 324.96194053953184 -7 4 13.0 1 160
675.7653725970521 545.9364905580817 0 0 12.0 1 161
383.7463545271486 733.6042850576755 19 -5 11.0 1 162
417.71077780753023 92.50962885083328 18 21 11.0 1 163
456.3383068794932 285.0652568717707 -1 20 11.0 1 164
497.94540691521775 668.7055958930003 -10 -10 11.0 1 165
230.14300224526278 145.47180841064542 12 19 11.0 1 166
256.6446485134459 328.94197300679866 5 21 11.0 1 167
216.22238822796234 448.22643892478686 -5 -13 11.0 1 168
194.58722429630907 690.7603679625288 0 10 13.0 1 169
346.77301745913024 690.1583849031317 -5 11 10.0 1 170
664.7318937923189 244.54574817930404 -17 -12 12.0 1 171
589.2555126129278 192.29022424156838 -3 8 12.0 1 172
417.5351212959025 264.12682560145294 4 15 11.0 1 173
107.36183331412184 502.2883346170432 10 3 12.0 1 174
227.2903736017755 223.42031558136222 10 -11 11.0 1 175
416.0490551778598 729.6095080969267 2 -9 13.0 1 176
480.35905392214056 598.339160159406 14 -12 11.0 1 177
211.90994382231068 101.28419732616476 -17 -6 11.0 1 178
186.45417134642503 314.5706194295078 -9 -12 13.0 1 179
168.54592805985322 601.6879088649723 6 -1 13.0 1 180
550.8344250375652 418.78766147201713 1 -15 10.0 1 181
664.9600777092296 487.3908302988308 1 9 11.0 1 182
288.23022549724294 331.67344946799346 -4 -11 12.0 1 183
386.2818815717924 534.3012033705941 17 5 10.0 1 184
224.2536086007589 371.7651649527618 17 9 11.0 1 185
414.12041281383034 538.2809239988185 -16 3 12.0 1 186
269.3280171022795 409.26460390830783 -8 -2 11.0 1 187
698.174502804063 318.926170205486 -15 -4 10.0 1 188
112.49098129955382 175.13656552052197 -14 3 13.0 1 189
393.63617364773904 112.07031810846894 21 -14 12.0 1 190
303.0099155003664 717.516808230295 12 -11 13.0 1 191
181.54771956860216 308.08916726347263 11 5 13.0 1 192
70.1702839427939 528.5626633421336 -11 20 13.0 1 193
367.8066570046117 54.49661554945476 -7 18 12.0 1 194
766.2964466552755 377.2862779862295 7 12 10.0 1 195
271.4136983704757 291.881717395988 -1 6 10.0 1 196
647.8795017358034 623.8565447316871 18 -7 10.0 1 197
288.2130745535755 315.71664874226036 13 20 13.0 1 198
695.9367217609345 577.3314882173814 10 4 13.0 1 199
285.678466229848 600.7276436279767 -7 11 11.0 1 200
215.95182044317102 230.8070107781731 5 -16 13.0 1 201
557.9938526556548 398.60625575400604 12 -14 11.0 1 202
682.001795347636 179.45751561046097 -2 -5 10.0 1 203
567.3479105688305 528.5133332703138 17 13 10.0 1 204
512.9660081179369 220.60467952062348 -11 -6 12.0 1 205
169.90371008238628 420.4131664900243 2 11 10.0 1 206
280.95460110672514 693.7978778043522 8 15 10.0 1 207
193.53127617503895 123.60234067182847 0 -16 10.0 1 208
89.00000014130006 399.9906251061052 4 -4 13.0 1 209
536.6183774207382 419.478679393756 13 -7 12.0 1 210
636.2101893640453 629.01036317294 15 -11 13.0 1 211
281.73219159358774 100.50588403986268 -17 20 11.0 1 212
412.64471014013196 659.6923397127301 -14 -10 13.0 1 213
240.92155496517665 616.9217562286058 15 22 13.0 1 214
685.9304518697232 251.91969511925006 20 -3 10.0 1 215
314.9458378303607 755.9800408697386 8 -15 13.0 1 216
460.6879401816429 237.99390777964757 0 -9 13.0 1 217
524.9004928421408 212.85068290856537 -12 -17 12.0 1 218
359.99424642956853 250.25174564869909 18 -17 11.0 1 219
