400 400 7.0710678118654755 7.0710678118654755 5 2 -1 10 187
742.842712474619 742.842712474619
800.0 400.0 0 0 24.0 1 0
799.4518139018296 420.9343824971775 0 0 24.0 1 1
797.8087581473094 441.8113853070614 0 0 24.0 1 2
795.0753362380551 462.57378601609236 0 0 24.0 1 3
791.2590402935223 483.16467632710373 0 0 24.0 1 4
786.3703305156273 503.5276180410083 0 0 24.0 1 5
780.4226065180615 523.6067977499789 0 0 24.0 1 6
773.4321705988807 543.3471798181201 0 0 24.0 1 7
765.4181830570403 562.6946572303201 0 0 24.0 1 8
756.4026096753471 581.5961998958187 0 0 24.0 1 9
581.5961998958187 756.4026096753471 0 0 24.0 1 10
562.6946572303201 765.4181830570403 0 0 24.0 1 11
543.3471798181201 773.4321705988807 0 0 24.0 1 12
523.606797749979 780.4226065180615 0 0 24.0 1 13
503.5276180410083 786.3703305156273 0 0 24.0 1 14
483.1646763271038 791.2590402935223 0 0 24.0 1 15
462.57378601609236 795.0753362380551 0 0 24.0 1 16
441.8113853070614 797.8087581473094 0 0 24.0 1 17
420.9343824971776 799.4518139018296 0 0 24.0 1 18
400.0 800.0 0 0 24.0 1 19
379.0656175028225 799.4518139018296 0 0 24.0 1 20
358.1886146929386 797.8087581473094 0 0 24.0 1 21
337.4262139839077 795.0753362380551 0 0 24.0 1 22
316.83532367289627 791.2590402935223 0 0 24.0 1 23
296.47238195899166 786.3703305156273 0 0 24.0 1 24
276.3932022500211 780.4226065180615 0 0 24.0 1 25
256.65282018187986 773.4321705988807 0 0 24.0 1 26
237.3053427696799 765.4181830570403 0 0 24.0 1 27
218.4038001041813 756.4026096753471 0 0 24.0 1 28
200.00000000000009 746.4101615137755 0 0 24.0 1 29
182.14438599398918 735.4682271781696 0 0 24.0 1 30
164.8858990830108 723.606797749979 0 0 24.0 1 31
148.27184358006508 710.8583845827884 0 0 24.0 1 32
132.3477574564567 697.2579301909577 0 0 24.0 1 33
117.15728752538104 682.842712474619 0 0 24.0 1 34
102.74206980904233 667.6522425435434 0 0 24.0 1 35
89.14161541721165 651.728156419935 0 0 24.0 1 36
76.39320225002109 635.1141009169893 0 0 24.0 1 37
64.53177282183043 617.8556140060109 0 0 24.0 1 38
53.589838486224494 600.0 0 0 24.0 1 39
43.597390324652906 581.5961998958187 0 0 24.0 1 40
34.58181694295968 562.6946572303202 0 0 24.0 1 41
26.567829401119297 543.3471798181201 0 0 24.0 1 42
19.5773934819386 523.606797749979 0 0 24.0 1 43
13.629669484372698 503.5276180410084 0 0 24.0 1 44
8.740959706477724 483.16467632710373 0 0 24.0 1 45
4.924663761944942 462.5737860160924 0 0 24.0 1 46
2.1912418526906663 441.81138530706147 0 0 24.0 1 47
0.5481860981704472 420.9343824971775 0 0 24.0 1 48
0.0 400.00000000000006 0 0 24.0 1 49
0.5481860981704472 379.0656175028226 0 0 24.0 1 50
2.1912418526906663 358.1886146929386 0 0 24.0 1 51
4.924663761944885 337.4262139839077 0 0 24.0 1 52
8.740959706477781 316.8353236728962 0 0 24.0 1 53
13.629669484372698 296.47238195899166 0 0 24.0 1 54
19.577393481938543 276.3932022500211 0 0 24.0 1 55
26.567829401119297 256.65282018187986 0 0 24.0 1 56
34.58181694295968 237.30534276967992 0 0 24.0 1 57
43.59739032465285 218.40380010418136 0 0 24.0 1 58
53.58983848622455 199.99999999999994 0 0 24.0 1 59
64.53177282183037 182.14438599398918 0 0 24.0 1 60
76.39320225002103 164.8858990830108 0 0 24.0 1 61
89.14161541721171 148.27184358006497 0 0 24.0 1 62
102.74206980904228 132.3477574564567 0 0 24.0 1 63
117.15728752538092 117.15728752538104 0 0 24.0 1 64
132.34775745645675 102.74206980904228 0 0 24.0 1 65
148.27184358006485 89.14161541721177 0 0 24.0 1 66
164.8858990830107 76.39320225002109 0 0 24.0 1 67
182.1443859939892 64.53177282183032 0 0 24.0 1 68
199.99999999999983 53.58983848622461 0 0 24.0 1 69
218.40380010418124 43.597390324652906 0 0 24.0 1 70
237.30534276967995 34.58181694295962 0 0 24.0 1 71
256.65282018187975 26.567829401119354 0 0 24.0 1 72
276.393202250021 19.5773934819386 0 0 24.0 1 73
296.4723819589917 13.629669484372698 0 0 24.0 1 74
316.8353236728961 8.740959706477781 0 0 24.0 1 75
337.4262139839076 4.924663761944942 0 0 24.0 1 76
358.18861469293864 2.1912418526906663 0 0 24.0 1 77
379.0656175028223 0.5481860981704472 0 0 24.0 1 78
399.99999999999994 0.0 0 0 24.0 1 79
420.9343824971776 0.5481860981704472 0 0 24.0 1 80
441.8113853070612 2.1912418526906663 0 0 24.0 1 81
462.5737860160923 4.924663761944885 0 0 24.0 1 82
483.1646763271038 8.740959706477781 0 0 24.0 1 83
503.5276180410081 13.629669484372641 0 0 24.0 1 84
523.6067977499789 19.577393481938543 0 0 24.0 1 85
543.3471798181201 26.567829401119297 0 0 24.0 1 86
562.6946572303199 34.58181694295956 0 0 24.0 1 87
581.5961998958187 43.59739032465279 0 0 24.0 1 88
600.0 53.58983848622455 0 0 24.0 1 89
617.8556140060107 64.53177282183032 0 0 24.0 1 90
635.1141009169892 76.39320225002098 0 0 24.0 1 91
651.728156419935 89.14161541721171 0 0 24.0 1 92
667.6522425435431 102.74206980904216 0 0 24.0 1 93
682.842712474619 117.15728752538092 0 0 24.0 1 94
697.2579301909577 132.34775745645675 0 0 24.0 1 95
710.8583845827882 148.27184358006485 0 0 24.0 1 96
723.6067977499789 164.88589908301066 0 0 24.0 1 97
735.4682271781696 182.1443859939892 0 0 24.0 1 98
746.4101615137754 199.99999999999983 0 0 24.0 1 99
756.4026096753471 218.40380010418122 0 0 24.0 1 100
765.4181830570403 237.30534276967995 0 0 24.0 1 101
773.4321705988806 256.6528201818797 0 0 24.0 1 102
780.4226065180615 276.3932022500209 0 0 24.0 1 103
786.3703305156273 296.4723819589917 0 0 24.0 1 104
791.2590402935223 316.83532367289604 0 0 24.0 1 105
795.0753362380551 337.4262139839076 0 0 24.0 1 106
797.8087581473094 358.18861469293864 0 0 24.0 1 107
799.4518139018296 379.06561750282225 0 0 24.0 1 108
800.0 399.9999999999999 0 0 24.0 1 109
522.2356231371451 258.48161802693676 0 0 12.0 1 110
347.6053679045317 203.87809268829622 0 0 13.0 1 111
291.75977274913765 329.8212766952713 0 0 12.0 1 112
630.552816156211 244.66359421423323 0 0 11.0 1 113
231.84718433591584 496.7503518559005 0 0 11.0 1 114
375.32351656598655 605.5238943902408 0 0 11.0 1 115
632.4614353723313 559.6423536052869 0 0 13.0 1 116
600.3816331397213 580.9618774777111 0 0 10.0 1 117
173.97446079182058 474.54163685921947 0 0 13.0 1 118
588.953786830559 639.4190185477997 0 0 13.0 1 119
271.9774179453152 234.79945979491626 0 0 12.0 1 120
519.8581830038117 138.12595400264507 0 0 12.0 1 121
755.2630060606355 296.61626566639745 0 0 13.0 1 122
311.1322915043688 530.6389313594364 0 0 12.0 1 123
169.22619212431633 389.7799413623486 0 0 10.0 1 124
682.8881885275689 425.10523434645893 0 0 10.0 1 125
276.57050760131494 290.50040910486035 0 0 11.0 1 126
173.59841562836 247.45058966350877 0 0 10.0 1 127
93.7083655707396 310.85722307078214 0 0 12.0 1 128
729.4504645641576 515.1667981601499 0 0 11.0 1 129
58.843097799516556 326.427124013195 0 0 12.0 1 130
355.1997566154793 187.67492330700145 0 0 13.0 1 131
333.86413322617864 656.6145886852019 0 0 10.0 1 132
725.5986315752741 282.94646047082165 0 0 13.0 1 133
233.68126057112516 423.70816135405767 0 0 11.0 1 134
383.2755226233294 109.48099570513943 0 0 10.0 1 135
644.0501783019886 594.3798098331397 0 0 10.0 1 136
249.82313764996647 597.3598490440725 0 0 11.0 1 137
619.9133718073307 116.24110780394784 0 0 10.0 1 138
521.0425927366172 584.9045449511651 0 0 12.0 1 139
160.97081836516685 453.75918830285616 0 0 11.0 1 140
320.0154152706291 129.58094333854706 0 0 13.0 1 141
587.970542025766 403.32796191981777 0 0 11.0 1 142
635.2482755704721 324.7188679606952 0 0 13.0 1 143
649.2631110704667 520.8176372036476 0 0 13.0 1 144
226.9143858673787 210.0253433209226 0 0 13.0 1 145
78.19738857100072 336.54072741138236 0 0 13.0 1 146
383.620332184159 182.6162230472506 0 0 11.0 1 147
636.4697467727533 477.9939668258382 0 0 12.0 1 148
451.3433330254296 533.4648348960873 0 0 12.0 1 149
56.46975390511852 262.57012690833864 0 0 12.0 1 150
274.80929735675016 469.1106936131407 0 0 13.0 1 151
398.6461693902075 92.00297543209939 0 0 13.0 1 152
728.4233130669217 534.7706475244026 0 0 10.0 1 153
292.15695447219184 712.939095562199 0 0 10.0 1 154
437.8069611572449 628.8987411237872 6 12 12.0 1 155
432.1332462788409 632.7927285882945 15 15 10.0 1 156
480.9897654544111 519.0657712847798 22 17 13.0 1 157
662.3089325440301 194.8585270901774 3 14 10.0 1 158
560.746788042439 567.2855945203866 20 -13 10.0 1 159
274.01967593238015 402.2266449688887 8 1 12.0 1 160
175.50665663115848 224.42170184479113 -4 -12 13.0 1 161
505.3623954062977 264.0486644631728 13 -11 11.0 1 162
557.6464978485021 451.9959778838921 -17 0 10.0 1 163
297.0709452234145 551.309648346689 5 17 11.0 1 164
488.9549573062719 246.97707501606388 -4 14 12.0 1 165
516.1531880256251 453.78138071381005 -11 15 12.0 1 166
238.8998130125258 192.11606663188027 7 -3 10.0 1 167
522.3688911337157 274.8966248148962 0 0 10.0 1 168
290.361663374337 475.2890107649039 19 4 13.0 1 169
476.8246179178023 194.91714337423596 10 -5 10.0 1 170
576.7085711865681 308.4845320768036 3 -12 11.0 1 171
361.316757170029 550.0953254573823 16 -7 13.0 1 172
452.64258597392757 517.769937343864 4 10 13.0 1 173
42.50418136790165 418.99314772663683 -9 22 13.0 1 174
489.4575276865333 246.1125387167196 6 11 12.0 1 175
259.42946387628353 364.43422468311826 -2 2 12.0 1 176
268.92985160967544 323.0284714914774 -4 -16 10.0 1 177
404.86150422605573 766.9677993729968 -7 -8 12.0 1 178
746.6917327891681 507.58179407150686 2 -14 12.0 1 179
456.1046486732826 705.8974802074177 -6 17 12.0 1 180
553.4632563111596 156.29314953745077 -13 14 11.0 1 181
138.086430385832 316.1770791968904 19 2 13.0 1 182
361.97875193684166 675.3876988823571 6 5 10.0 1 183
415.1250186676194 710.6319909640733 -4 10 11.0 1 184
362.66592206815267 534.930228729439 13 -2 10.0 1 185
248.95449108834026 494.17671812936425 1 -15 11.0 1 186
515.4111962602391 716.6216287270668 17 -15 11.0 1 187
313.33459181148953 651.4857988505889 22 11 11.0 1 188
276.45214248244446 251.7268503645323 16 -17 13.0 1 189
649.4346711003363 659.5810949454274 -1 -13 12.0 1 190
656.3267664767236 623.3754435643883 13 12 12.0 1 191
254.8053306592285 67.30267810662491 1 8 10.0 1 192
672.043815731156 466.2733907570215 -5 7 12.0 1 193
233.6533315314221 414.75757057936823 5 13 11.0 1 194
340.5751602224912 288.8933466554887 3 -5 11.0 1 195
238.90857474859797 694.8653128302343 8 1 13.0 1 196
644.9616106186843 404.33697165082634 15 0 11.0 1 197
522.977645335779 491.0247150375509 -7 2 13.0 1 198
594.5073711795824 139.63125656713675 2 -7 10.0 1 199
70.23729227520977 474.1657373321036 -5 -10 11.0 1 200
519.3752106153456 451.4738680355563 -8 -6 13.0 1 201
737.7381099722397 308.1688012036249 3 -11 10.0 1 202
272.9487271082692 632.5574639881313 12 10 10.0 1 203
745.6616626985751 384.70245312291837 19 -6 10.0 1 204
488.85454400947094 525.7810399419125 -7 -12 13.0 1 205
392.6031314015766 551.8199141579842 -3 -11 13.0 1 206
755.4057789423551 450.6727963939015 -11 5 12.0 1 207
362.13717536320667 59.09619170428232 8 12 11.0 1 208
368.27003758758013 629.8199501464276 18 9 10.0 1 209
396.5529273925253 244.0380889754207 16 9 10.0 1 210
369.47662868736955 72.41898131345994 15 -15 13.0 1 211
376.70829154996096 190.28949402216782 -16 -2 10.0 1 212
356.3552684532043 120.38573461246983 17 -10 11.0 1 213
596.023061221019 147.06728272218191 2 13 12.0 1 214
227.09514520916287 669.2655031558248 18 4 13.0 1 215
410.01850111102766 605.7562383877785 -14 5 11.0 1 216
408.04381783941403 198.16021949435654 19 -3 10.0 1 217
431.28839673855936 706.4066517383892 -11 8 10.0 1 218
497.25698582165614 640.0459929032063 7 -7 10.0 1 219
