400 400 -7.071067811865475 -7.071067811865477 5 2 -1 10 187
57.15728752538104 57.15728752538092
800.0 400.0 0 0 24.0 1 0
799.4518139018296 420.9343824971775 0 0 24.0 1 1
797.8087581473094 441.8113853070614 0 0 24.0 1 2
795.0753362380551 462.57378601609236 0 0 24.0 1 3
791.2590402935223 483.16467632710373 0 0 24.0 1 4
786.3703305156273 503.5276180410083 0 0 24.0 1 5
780.4226065180615 523.6067977499789 0 0 24.0 1 6
773.4321705988807 543.3471798181201 0 0 24.0 1 7
765.4181830570403 562.6946572303201 0 0 24.0 1 8
756.4026096753471 581.5961998958187 0 0 24.0 1 9
746.4101615137755 600.0 0 0 24.0 1 10
735.4682271781696 617.8556140060108 0 0 24.0 1 11
723.606797749979 635.1141009169893 0 0 24.0 1 12
710.8583845827884 651.728156419935 0 0 24.0 1 13
697.2579301909577 667.6522425435433 0 0 24.0 1 14
682.842712474619 682.842712474619 0 0 24.0 1 15
667.6522425435433 697.2579301909577 0 0 24.0 1 16
651.728156419935 710.8583845827884 0 0 24.0 1 17
635.1141009169893 723.606797749979 0 0 24.0 1 18
617.8556140060108 735.4682271781696 0 0 24.0 1 19
600.0 746.4101615137754 0 0 24.0 1 20
581.5961998958187 756.4026096753471 0 0 24.0 1 21
562.6946572303201 765.4181830570403 0 0 24.0 1 22
543.3471798181201 773.4321705988807 0 0 24.0 1 23
523.606797749979 780.4226065180615 0 0 24.0 1 24
503.5276180410083 786.3703305156273 0 0 24.0 1 25
483.1646763271038 791.2590402935223 0 0 24.0 1 26
462.57378601609236 795.0753362380551 0 0 24.0 1 27
441.8113853070614 797.8087581473094 0 0 24.0 1 28
420.9343824971776 799.4518139018296 0 0 24.0 1 29
400.0 800.0 0 0 24.0 1 30
379.0656175028225 799.4518139018296 0 0 24.0 1 31
358.1886146929386 797.8087581473094 0 0 24.0 1 32
337.4262139839077 795.0753362380551 0 0 24.0 1 33
316.83532367289627 791.2590402935223 0 0 24.0 1 34
296.47238195899166 786.3703305156273 0 0 24.0 1 35
276.3932022500211 780.4226065180615 0 0 24.0 1 36
256.65282018187986 773.4321705988807 0 0 24.0 1 37
237.3053427696799 765.4181830570403 0 0 24.0 1 38
218.4038001041813 756.4026096753471 0 0 24.0 1 39
200.00000000000009 746.4101615137755 0 0 24.0 1 40
182.14438599398918 735.4682271781696 0 0 24.0 1 41
164.8858990830108 723.606797749979 0 0 24.0 1 42
148.27184358006508 710.8583845827884 0 0 24.0 1 43
132.3477574564567 697.2579301909577 0 0 24.0 1 44
117.15728752538104 682.842712474619 0 0 24.0 1 45
102.74206980904233 667.6522425435434 0 0 24.0 1 46
89.14161541721165 651.728156419935 0 0 24.0 1 47
76.39320225002109 635.1141009169893 0 0 24.0 1 48
64.53177282183043 617.8556140060109 0 0 24.0 1 49
53.589838486224494 600.0 0 0 24.0 1 50
43.597390324652906 581.5961998958187 0 0 24.0 1 51
34.58181694295968 562.6946572303202 0 0 24.0 1 52
26.567829401119297 543.3471798181201 0 0 24.0 1 53
19.5773934819386 523.606797749979 0 0 24.0 1 54
13.629669484372698 503.5276180410084 0 0 24.0 1 55
8.740959706477724 483.16467632710373 0 0 24.0 1 56
4.924663761944942 462.5737860160924 0 0 24.0 1 57
2.1912418526906663 441.81138530706147 0 0 24.0 1 58
0.5481860981704472 420.9343824971775 0 0 24.0 1 59
0.0 400.00000000000006 0 0 24.0 1 60
0.5481860981704472 379.0656175028226 0 0 24.0 1 61
2.1912418526906663 358.1886146929386 0 0 24.0 1 62
4.924663761944885 337.4262139839077 0 0 24.0 1 63
8.740959706477781 316.8353236728962 0 0 24.0 1 64
13.629669484372698 296.47238195899166 0 0 24.0 1 65
19.577393481938543 276.3932022500211 0 0 24.0 1 66
26.567829401119297 256.65282018187986 0 0 24.0 1 67
34.58181694295968 237.30534276967992 0 0 24.0 1 68
43.59739032465285 218.40380010418136 0 0 24.0 1 69
218.40380010418124 43.597390324652906 0 0 24.0 1 70
237.30534276967995 34.58181694295962 0 0 24.0 1 71
256.65282018187975 26.567829401119354 0 0 24.0 1 72
276.393202250021 19.5773934819386 0 0 24.0 1 73
296.4723819589917 13.629669484372698 0 0 24.0 1 74
316.8353236728961 8.740959706477781 0 0 24.0 1 75
337.4262139839076 4.924663761944942 0 0 24.0 1 76
358.18861469293864 2.1912418526906663 0 0 24.0 1 77
379.0656175028223 0.5481860981704472 0 0 24.0 1 78
399.99999999999994 0.0 0 0 24.0 1 79
420.9343824971776 0.5481860981704472 0 0 24.0 1 80
441.8113853070612 2.1912418526906663 0 0 24.0 1 81
462.5737860160923 4.924663761944885 0 0 24.0 1 82
483.1646763271038 8.740959706477781 0 0 24.0 1 83
503.5276180410081 13.629669484372641 0 0 24.0 1 84
523.6067977499789 19.577393481938543 0 0 24.0 1 85
543.3471798181201 26.567829401119297 0 0 24.0 1 86
562.6946572303199 34.58181694295956 0 0 24.0 1 87
581.5961998958187 43.59739032465279 0 0 24.0 1 88
600.0 53.58983848622455 0 0 24.0 1 89
617.8556140060107 64.53177282183032 0 0 24.0 1 90
635.1141009169892 76.39320225002098 0 0 24.0 1 91
651.728156419935 89.14161541721171 0 0 24.0 1 92
667.6522425435431 102.74206980904216 0 0 24.0 1 93
682.842712474619 117.15728752538092 0 0 24.0 1 94
697.2579301909577 132.34775745645675 0 0 24.0 1 95
710.8583845827882 148.27184358006485 0 0 24.0 1 96
723.6067977499789 164.88589908301066 0 0 24.0 1 97
735.4682271781696 182.1443859939892 0 0 24.0 1 98
746.4101615137754 199.99999999999983 0 0 24.0 1 99
756.4026096753471 218.40380010418122 0 0 24.0 1 100
765.4181830570403 237.30534276967995 0 0 24.0 1 101
773.4321705988806 256.6528201818797 0 0 24.0 1 102
780.4226065180615 276.3932022500209 0 0 24.0 1 103
786.3703305156273 296.4723819589917 0 0 24.0 1 104
791.2590402935223 316.83532367289604 0 0 24.0 1 105
795.0753362380551 337.4262139839076 0 0 24.0 1 106
797.8087581473094 358.18861469293864 0 0 24.0 1 107
799.4518139018296 379.06561750282225 0 0 24.0 1 108
800.0 399.9999999999999 0 0 24.0 1 109
370.02189366152055 525.4683750606455 0 0 12.0 1 110
623.2868355386568 616.4809208108946 0 0 10.0 1 111
328.80804692527624 159.3078609148061 0 0 10.0 1 112
704.2754652587325 432.44135079773685 0 0 10.0 1 113
762.985876670903 396.7979167006594 0 0 13.0 1 114
184.45010575464931 171.6707572586942 0 0 13.0 1 115
676.2591158795425 533.9025798610822 0 0 12.0 1 116
80.07759089693639 342.7754235167092 0 0 10.0 1 117
365.6695671660562 90.9006286298303 0 0 11.0 1 118
458.0627321023902 98.54068410346633 0 0 13.0 1 119
494.11577297224426 71.20489468692364 0 0 11.0 1 120
182.8813602008001 475.8913450384514 0 0 12.0 1 121
631.9636476062644 404.10684662445595 0 0 12.0 1 122
446.92915609534896 569.6279879859994 0 0 10.0 1 123
693.7041613904496 260.84948587255326 0 0 13.0 1 124
736.9868882592131 397.02726701962047 0 0 11.0 1 125
470.87018433813967 287.45482252944777 0 0 13.0 1 126
722.3177055288542 448.85997035012247 0 0 13.0 1 127
165.36879398276193 256.56640155494813 0 0 13.0 1 128
388.84898857676205 759.8272570890633 0 0 13.0 1 129
296.8922655083578 479.175722844828 0 0 12.0 1 130
705.5239475067135 265.0514264620963 0 0 13.0 1 131
242.68722806194071 728.2509585441666 0 0 10.0 1 132
217.57862359170997 540.0801250331573 0 0 13.0 1 133
350.0388952596701 113.32093202829441 0 0 11.0 1 134
591.8713729164974 526.8281366855888 0 0 13.0 1 135
598.5325385486105 546.9483961717325 0 0 13.0 1 136
478.65143847685033 564.127850243407 0 0 12.0 1 137
130.71686842847174 450.6220806667507 0 0 10.0 1 138
549.6896133604612 226.69674079234505 0 0 12.0 1 139
176.282285824396 334.889445064239 0 0 12.0 1 140
72.38366828008049 288.7186485057643 0 0 11.0 1 141
68.63707652025789 379.442448030989 0 0 13.0 1 142
393.2826277392801 96.07422467005057 0 0 11.0 1 143
211.38613528659292 449.4955557385971 0 0 12.0 1 144
445.13154025569605 242.33217172121485 0 0 12.0 1 145
680.5488559302639 349.82690525570473 0 0 12.0 1 146
350.4769096065654 543.7061707717651 0 0 11.0 1 147
465.3409364146561 115.40456428738031 0 0 12.0 1 148
207.8087542117825 323.113557486557 0 0 12.0 1 149
119.3793389940464 248.2994903878643 0 0 13.0 1 150
654.4011418825069 298.23527620596326 0 0 11.0 1 151
537.3467957979641 386.58889698673715 0 0 13.0 1 152
508.9019917371774 627.2539464908712 0 0 11.0 1 153
608.7643497924332 296.528041210468 0 0 11.0 1 154
576.3619383525361 83.86637840853393 -5 -14 13.0 1 155
207.80219023860585 249.68033421097905 -2 11 12.0 1 156
484.37735813360337 644.8702951245692 -10 -10 13.0 1 157
483.7386403020437 606.6805267081661 1 7 11.0 1 158
525.3197030192208 344.6468425907401 -12 0 12.0 1 159
357.0417375739679 212.86745956585702 -11 2 12.0 1 160
543.2368036965006 720.4437830053973 -12 17 11.0 1 161
372.7833512065881 597.130043444565 9 6 11.0 1 162
199.28307389650345 410.66375053925697 -6 17 10.0 1 163
724.8659477591702 550.4197991839375 16 20 10.0 1 164
624.3242464483285 278.7414644019251 -11 20 11.0 1 165
422.4117181228784 737.2561561940429 11 4 13.0 1 166
598.681875925337 558.2451015949279 14 -3 10.0 1 167
683.0699077713286 569.6214235122779 9 -6 12.0 1 168
399.15165809191575 207.00186447530902 8 14 11.0 1 169
253.6497233498372 317.5039605531222 -1 10 10.0 1 170
347.9989628806412 587.9385328731473 -3 -6 11.0 1 171
113.32332646621097 224.75022153622754 -10 7 11.0 1 172
356.15386084885864 282.94225321859835 -6 -6 12.0 1 173
435.4033405150463 575.4639663303428 0 0 13.0 1 174
428.85155304185287 609.0181520516177 12 8 11.0 1 175
576.6089749957189 608.1784569809315 7 19 10.0 1 176
253.3403183322075 599.9873440323206 20 17 10.0 1 177
319.6029516873414 215.7791688689576 16 0 13.0 1 178
293.7145633627907 676.2596712494203 9 9 13.0 1 179
571.1358117359301 549.1359579091651 8 21 12.0 1 180
112.98697574611117 296.80831473109566 0 0 10.0 1 181
68.96171383945341 322.4522527994005 2 15 11.0 1 182
217.5573185072906 441.0325233168739 -2 18 12.0 1 183
192.68768133090475 180.396715580018 3 1 13.0 1 184
319.4987359364314 274.6183965481076 2 -14 12.0 1 185
561.5503894545739 651.599824457561 -16 -6 10.0 1 186
276.7371018156558 228.74796955599038 10 -4 13.0 1 187
414.0306161851863 156.40373194676403 3 21 10.0 1 188
418.97483270365774 625.2020331255209 18 -5 10.0 1 189
616.8704673942505 262.1007600738882 5 13 12.0 1 190
336.9875955861843 179.8399743595815 22 15 11.0 1 191
574.8263757162533 333.63179711699706 11 -5 13.0 1 192
592.6153845074012 216.54615389404896 0 3 12.0 1 193
398.37364504667784 30.00357438271675 17 15 10.0 1 194
220.71915351179754 507.4214973013949 22 -13 12.0 1 195
227.0067770337278 398.46872349276015 1 22 11.0 1 196
449.84157435637803 647.02189673322 -17 5 12.0 1 197
86.54697593777502 237.6540677865743 15 -16 12.0 1 198
563.5567417062878 188.95926402132054 -5 4 11.0 1 199
105.36467756466942 444.6545269085765 -16 21 13.0 1 200
399.2175914008342 222.00171956790157 -13 -1 12.0 1 201
515.4063863550581 479.2550691657452 7 -6 11.0 1 202
532.9445280799612 371.33377503757396 -11 16 13.0 1 203
572.6728496318628 635.4741748048225 11 10 12.0 1 204
722.6227249735092 247.1485121738508 -16 -10 11.0 1 205
267.1418646691555 222.14411486708966 1 17 10.0 1 206
614.2936251634735 483.53587381656297 -16 -8 10.0 1 207
221.5191958477988 210.93756970465125 -17 17 13.0 1 208
355.81712237753777 259.7970281163822 7 -11 10.0 1 209
261.26211474194554 247.72459425723756 12 16 13.0 1 210
271.97341978029567 436.0304698449466 9 14 12.0 1 211
250.02302341866826 119.58797013051907 -5 -12 12.0 1 212
667.3815158013285 298.4956897083485 14 22 12.0 1 213
447.4624419600688 571.5555787585677 7 15 11.0 1 214
572.8961424425598 611.2721560653038 -7 18 12.0 1 215
264.8853147255678 540.6023535478377 13 16 10.0 1 216
341.967969788158 253.04325987049162 -9 19 11.0 1 217
200.1363302799808 265.3318392267605 -11 -3 13.0 1 218
250.37475020410565 373.2365057678148 9 -5 12.0 1 219
