400 400 7.071067811865475 -7.0710678118654755 5 2 -1 10 187
742.842712474619 57.15728752538092
800.0 400.0 0 0 24.0 1 0
799.4518139018296 420.9343824971775 0 0 24.0 1 1
797.8087581473094 441.8113853070614 0 0 24.0 1 2
795.0753362380551 462.57378601609236 0 0 24.0 1 3
791.2590402935223 483.16467632710373 0 0 24.0 1 4
786.3703305156273 503.5276180410083 0 0 24.0 1 5
780.4226065180615 523.6067977499789 0 0 24.0 1 6
773.4321705988807 543.3471798181201 0 0 24.0 1 7
765.4181830570403 562.6946572303201 0 0 24.0 1 8
756.4026096753471 581.5961998958187 0 0 24.0 1 9
746.4101615137755 600.0 0 0 24.0 1 10
735.4682271781696 617.8556140060108 0 0 24.0 1 11
723.606797749979 635.1141009169893 0 0 24.0 1 12
710.8583845827884 651.728156419935 0 0 24.0 1 13
697.2579301909577 667.6522425435433 0 0 24.0 1 14
682.842712474619 682.842712474619 0 0 24.0 1 15
667.6522425435433 697.2579301909577 0 0 24.0 1 16
651.728156419935 710.8583845827884 0 0 24.0 1 17
635.1141009169893 723.606797749979 0 0 24.0 1 18
617.8556140060108 735.4682271781696 0 0 24.0 1 19
600.0 746.4101615137754 0 0 24.0 1 20
581.5961998958187 756.4026096753471 0 0 24.0 1 21
562.6946572303201 765.4181830570403 0 0 24.0 1 22
543.3471798181201 773.4321705988807 0 0 24.0 1 23
523.606797749979 780.4226065180615 0 0 24.0 1 24
503.5276180410083 786.3703305156273 0 0 24.0 1 25
483.1646763271038 791.2590402935223 0 0 24.0 1 26
462.57378601609236 795.0753362380551 0 0 24.0 1 27
441.8113853070614 797.8087581473094 0 0 24.0 1 28
420.9343824971776 799.4518139018296 0 0 24.0 1 29
400.0 800.0 0 0 24.0 1 30
379.0656175028225 799.4518139018296 0 0 24.0 1 31
358.1886146929386 797.8087581473094 0 0 24.0 1 32
337.4262139839077 795.0753362380551 0 0 24.0 1 33
316.83532367289627 791.2590402935223 0 0 24.0 1 34
296.47238195899166 786.3703305156273 0 0 24.0 1 35
276.3932022500211 780.4226065180615 0 0 24.0 1 36
256.65282018187986 773.4321705988807 0 0 24.0 1 37
237.3053427696799 765.4181830570403 0 0 24.0 1 38
218.4038001041813 756.4026096753471 0 0 24.0 1 39
200.00000000000009 746.4101615137755 0 0 24.0 1 40
182.14438599398918 735.4682271781696 0 0 24.0 1 41
164.8858990830108 723.606797749979 0 0 24.0 1 42
148.27184358006508 710.8583845827884 0 0 24.0 1 43
132.3477574564567 697.2579301909577 0 0 24.0 1 44
117.15728752538104 682.842712474619 0 0 24.0 1 45
102.74206980904233 667.6522425435434 0 0 24.0 1 46
89.14161541721165 651.728156419935 0 0 24.0 1 47
76.39320225002109 635.1141009169893 0 0 24.0 1 48
64.53177282183043 617.8556140060109 0 0 24.0 1 49
53.589838486224494 600.0 0 0 24.0 1 50
43.597390324652906 581.5961998958187 0 0 24.0 1 51
34.58181694295968 562.6946572303202 0 0 24.0 1 52
26.567829401119297 543.3471798181201 0 0 24.0 1 53
19.5773934819386 523.606797749979 0 0 24.0 1 54
13.629669484372698 503.5276180410084 0 0 24.0 1 55
8.740959706477724 483.16467632710373 0 0 24.0 1 56
4.924663761944942 462.5737860160924 0 0 24.0 1 57
2.1912418526906663 441.81138530706147 0 0 24.0 1 58
0.5481860981704472 420.9343824971775 0 0 24.0 1 59
0.0 400.00000000000006 0 0 24.0 1 60
0.5481860981704472 379.0656175028226 0 0 24.0 1 61
2.1912418526906663 358.1886146929386 0 0 24.0 1 62
4.924663761944885 337.4262139839077 0 0 24.0 1 63
8.740959706477781 316.8353236728962 0 0 24.0 1 64
13.629669484372698 296.47238195899166 0 0 24.0 1 65
19.577393481938543 276.3932022500211 0 0 24.0 1 66
26.567829401119297 256.65282018187986 0 0 24.0 1 67
34.58181694295968 237.30534276967992 0 0 24.0 1 68
43.59739032465285 218.40380010418136 0 0 24.0 1 69
53.58983848622455 199.99999999999994 0 0 24.0 1 70
64.53177282183037 182.14438599398918 0 0 24.0 1 71
76.39320225002103 164.8858990830108 0 0 24.0 1 72
89.14161541721171 148.27184358006497 0 0 24.0 1 73
102.74206980904228 132.3477574564567 0 0 24.0 1 74
117.15728752538092 117.15728752538104 0 0 24.0 1 75
132.34775745645675 102.74206980904228 0 0 24.0 1 76
148.27184358006485 89.14161541721177 0 0 24.0 1 77
164.8858990830107 76.39320225002109 0 0 24.0 1 78
182.1443859939892 64.53177282183032 0 0 24.0 1 79
199.99999999999983 53.58983848622461 0 0 24.0 1 80
218.40380010418124 43.597390324652906 0 0 24.0 1 81
237.30534276967995 34.58181694295962 0 0 24.0 1 82
256.65282018187975 26.567829401119354 0 0 24.0 1 83
276.393202250021 19.5773934819386 0 0 24.0 1 84
296.4723819589917 13.629669484372698 0 0 24.0 1 85
316.8353236728961 8.740959706477781 0 0 24.0 1 86
337.4262139839076 4.924663761944942 0 0 24.0 1 87
358.18861469293864 2.1912418526906663 0 0 24.0 1 88
379.0656175028223 0.5481860981704472 0 0 24.0 1 89
399.99999999999994 0.0 0 0 24.0 1 90
420.9343824971776 0.5481860981704472 0 0 24.0 1 91
441.8113853070612 2.1912418526906663 0 0 24.0 1 92
462.5737860160923 4.924663761944885 0 0 24.0 1 93
483.1646763271038 8.740959706477781 0 0 24.0 1 94
503.5276180410081 13.629669484372641 0 0 24.0 1 95
523.6067977499789 19.577393481938543 0 0 24.0 1 96
543.3471798181201 26.567829401119297 0 0 24.0 1 97
562.6946572303199 34.58181694295956 0 0 24.0 1 98
581.5961998958187 43.59739032465279 0 0 24.0 1 99
756.4026096753471 218.40380010418122 0 0 24.0 1 100
765.4181830570403 237.30534276967995 0 0 24.0 1 101
773.4321705988806 256.6528201818797 0 0 24.0 1 102
780.4226065180615 276.3932022500209 0 0 24.0 1 103
786.3703305156273 296.4723819589917 0 0 24.0 1 104
791.2590402935223 316.83532367289604 0 0 24.0 1 105
795.0753362380551 337.4262139839076 0 0 24.0 1 106
797.8087581473094 358.18861469293864 0 0 24.0 1 107
799.4518139018296 379.06561750282225 0 0 24.0 1 108
800.0 399.9999999999999 0 0 24.0 1 109
137.95265188781616 608.7011915331868 0 0 10.0 1 110
48.12409549984483 390.6539937835637 0 0 12.0 1 111
225.92916590875964 594.4745348851101 0 0 12.0 1 112
146.17635516521864 629.210726892933 0 0 10.0 1 113
315.8672695198016 547.7216424967794 0 0 10.0 1 114
367.88944130878815 714.3642982600572 0 0 12.0 1 115
285.5698517398404 166.53535349188758 0 0 11.0 1 116
458.71012112047214 258.71262732282304 0 0 13.0 1 117
31.44750099776155 432.6964138584805 0 0 11.0 1 118
51.66618223519663 521.7561144312547 0 0 13.0 1 119
61.661261329813385 314.396858030402 0 0 10.0 1 120
208.41118367160522 204.1180828716326 0 0 12.0 1 121
502.4821035967384 140.5035290367374 0 0 10.0 1 122
168.4241020262186 522.5422518058028 0 0 11.0 1 123
369.34748983142504 266.4731352110542 0 0 12.0 1 124
683.9429959090444 626.153432594326 0 0 12.0 1 125
191.3773069755514 472.92168371085984 0 0 11.0 1 126
394.11096753018865 252.11721095215472 0 0 10.0 1 127
129.48302715549517 549.3370931920313 0 0 11.0 1 128
285.66159057855384 751.8902217041186 0 0 13.0 1 129
670.4266418690625 555.6066559226238 0 0 10.0 1 130
431.3584285948622 157.015126075591 0 0 13.0 1 131
218.38192235737526 334.70165489541466 0 0 10.0 1 132
307.7958251227501 667.5581995290099 0 0 11.0 1 133
580.5285615125551 523.9775724807015 0 0 11.0 1 134
483.65232943962695 198.68858010702888 0 0 10.0 1 135
733.5778604735351 334.2291021659373 0 0 12.0 1 136
332.86014551541035 165.41901198138814 0 0 12.0 1 137
105.87551994036613 194.15590795543818 0 0 10.0 1 138
425.72671080639714 200.65322588242364 0 0 12.0 1 139
115.26795608108984 626.767861845015 0 0 10.0 1 140
165.51578008679624 353.75985930280603 0 0 11.0 1 141
216.10270549500794 211.981955457078 0 0 10.0 1 142
390.97817665835515 535.7004300051851 0 0 11.0 1 143
550.9969462282381 225.18317520974543 0 0 11.0 1 144
620.0821481302979 645.8939773039463 0 0 13.0 1 145
318.7270224923234 650.1273738059006 0 0 13.0 1 146
128.77505104292402 461.00022182936334 0 0 12.0 1 147
150.56224522406234 564.869058626351 0 0 13.0 1 148
344.6812230547484 515.4289084990476 0 0 12.0 1 149
475.42933955428595 96.22472988341491 0 0 12.0 1 150
723.4616567705677 368.41588058470705 0 0 10.0 1 151
686.5005054768296 523.5372832853351 0 0 12.0 1 152
507.9168881637601 315.60245709115406 0 0 13.0 1 153
208.29798258008645 585.8476163880914 0 0 13.0 1 154
265.9258965840324 483.5950644069638 -4 17 11.0 1 155
327.86468959598005 171.0971887614403 3 19 10.0 1 156
550.2191128492208 728.2608994912325 10 16 12.0 1 157
604.1534486350794 522.3330266543095 -3 -10 10.0 1 158
354.66576251132824 563.8438491714618 -2 1 10.0 1 159
435.22308805037727 82.95058103160738 -12 8 12.0 1 160
185.6376808486323 671.5967527936355 1 11 10.0 1 161
183.77047145787685 120.97707802682027 -15 -9 10.0 1 162
139.8277367129786 379.229987575622 22 22 11.0 1 163
630.6692427784354 367.1259914822784 2 -1 10.0 1 164
452.63641574909536 718.682299064583 -14 -16 13.0 1 165
387.75354099310874 268.5693177306283 5 11 13.0 1 166
605.2189466846015 535.6509635854559 -14 2 10.0 1 167
552.2936808843882 102.74146814147764 -9 12 12.0 1 168
311.2554143580899 163.07512051444306 -11 13 12.0 1 169
533.9343222485438 460.5854547216015 -3 -14 13.0 1 170
339.25783060456615 542.6022049518745 10 11 12.0 1 171
338.61766992477897 289.9626901703944 -15 8 12.0 1 172
154.95701886145423 495.5140690931671 -13 19 12.0 1 173
728.9542278093668 373.7489808513417 13 -13 11.0 1 174
255.64618392407897 582.896079193402 9 -6 11.0 1 175
446.4489881856757 268.99049081640317 14 14 12.0 1 176
602.0717704619218 572.982656883239 -7 -12 10.0 1 177
451.11900244652475 613.9786147933297 -4 15 12.0 1 178
251.1507778024478 207.92473076633803 -10 -10 12.0 1 179
583.3767641743542 431.1281602563221 -13 -7 11.0 1 180
744.3700853712083 332.1012201771882 5 13 11.0 1 181
328.0760963856595 597.2991436597612 -4 -4 10.0 1 182
269.1935845552414 342.2186736177404 -8 0 13.0 1 183
333.9536448390614 699.8114056702232 10 -4 12.0 1 184
739.7969879575311 495.6399862766064 22 -7 11.0 1 185
444.6001615369672 188.65472422863002 -1 -9 10.0 1 186
352.88668709038586 267.10404164655426 -5 -11 10.0 1 187
234.18403444256398 679.5175586009852 10 5 13.0 1 188
258.2019521966164 123.2070925056978 11 18 11.0 1 189
204.94171068908685 703.765145747665 15 11 11.0 1 190
233.7909610513687 383.76561144445657 -5 -13 11.0 1 191
216.77357705253505 353.6418514835128 -9 -13 13.0 1 192
614.7468233271392 639.9329111874869 18 -10 13.0 1 193
306.8252240614742 104.33386881686039 -1 14 10.0 1 194
695.019031536368 357.95513073699124 0 -12 13.0 1 195
444.9778363676229 204.0969774717926 4 6 11.0 1 196
709.7824881411054 427.4919995836223 -8 -15 10.0 1 197
229.31829930604025 421.25457711217854 21 18 10.0 1 198
704.892718043259 391.9110888128444 -15 -14 13.0 1 199
390.63199377183054 237.2694237111262 -12 1 10.0 1 200
497.96430760738747 630.0065095491977 13 -9 10.0 1 201
240.51717147120857 320.94794497006353 -3 6 11.0 1 202
469.12261267861464 668.2369557247514 -17 9 12.0 1 203
651.8667256980166 324.28902004226813 -14 -7 10.0 1 204
89.42729247360228 294.5078517626898 0 14 13.0 1 205
171.3049258127873 337.81026577878566 6 10 13.0 1 206
572.0851234713939 142.1498297851345 2 -16 12.0 1 207
630.8755201432548 280.4320519596429 -12 13 10.0 1 208
616.3123255594927 382.7379661961853 -4 13 12.0 1 209
313.0323682095528 140.16807159095862 -9 -15 13.0 1 210
214.41386989276234 336.96200898014393 16 -7 10.0 1 211
131.20871596271104 266.7661993877475 3 6 10.0 1 212
276.46192703828336 362.8604721502066 -1 -7 12.0 1 213
224.99551121306575 629.987888603778 -6 18 10.0 1 214
509.63606703730517 475.292315707458 -12 21 11.0 1 215
336.9050520617654 125.1490812373525 -5 16 13.0 1 216
363.9142395250719 120.31836332904135 -9 -1 13.0 1 217
382.24101886807136 91.51074801679749 -12 1 12.0 1 218
305.4433090888584 273.4178835540548 10 13 10.0 1 219
