400 400 7.0710678118654755 7.0710678118654755 5 2 -1 10 187
742.842712474619 742.842712474619
800.0 400.0 0 0 24.0 1 0
799.4518139018296 420.9343824971775 0 0 24.0 1 1
797.8087581473094 441.8113853070614 0 0 24.0 1 2
795.0753362380551 462.57378601609236 0 0 24.0 1 3
791.2590402935223 483.16467632710373 0 0 24.0 1 4
786.3703305156273 503.5276180410083 0 0 24.0 1 5
780.4226065180615 523.6067977499789 0 0 24.0 1 6
773.4321705988807 543.3471798181201 0 0 24.0 1 7
765.4181830570403 562.6946572303201 0 0 24.0 1 8
756.4026096753471 581.5961998958187 0 0 24.0 1 9
581.5961998958187 756.4026096753471 0 0 24.0 1 10
562.6946572303201 765.4181830570403 0 0 24.0 1 11
543.3471798181201 773.4321705988807 0 0 24.0 1 12
523.606797749979 780.4226065180615 0 0 24.0 1 13
503.5276180410083 786.3703305156273 0 0 24.0 1 14
483.1646763271038 791.2590402935223 0 0 24.0 1 15
462.57378601609236 795.0753362380551 0 0 24.0 1 16
441.8113853070614 797.8087581473094 0 0 24.0 1 17
420.9343824971776 799.4518139018296 0 0 24.0 1 18
400.0 800.0 0 0 24.0 1 19
379.0656175028225 799.4518139018296 0 0 24.0 1 20
358.1886146929386 797.8087581473094 0 0 24.0 1 21
337.4262139839077 795.0753362380551 0 0 24.0 1 22
316.83532367289627 791.2590402935223 0 0 24.0 1 23
296.47238195899166 786.3703305156273 0 0 24.0 1 24
276.3932022500211 780.4226065180615 0 0 24.0 1 25
256.65282018187986 773.4321705988807 0 0 24.0 1 26
237.3053427696799 765.4181830570403 0 0 24.0 1 27
218.4038001041813 756.4026096753471 0 0 24.0 1 28
200.00000000000009 746.4101615137755 0 0 24.0 1 29
182.14438599398918 735.4682271781696 0 0 24.0 1 30
164.8858990830108 723.606797749979 0 0 24.0 1 31
148.27184358006508 710.8583845827884 0 0 24.0 1 32
132.3477574564567 697.2579301909577 0 0 24.0 1 33
117.15728752538104 682.842712474619 0 0 24.0 1 34
102.74206980904233 667.6522425435434 0 0 24.0 1 35
89.14161541721165 651.728156419935 0 0 24.0 1 36
76.39320225002109 635.1141009169893 0 0 24.0 1 37
64.53177282183043 617.8556140060109 0 0 24.0 1 38
53.589838486224494 600.0 0 0 24.0 1 39
43.597390324652906 581.5961998958187 0 0 24.0 1 40
34.58181694295968 562.6946572303202 0 0 24.0 1 41
26.567829401119297 543.3471798181201 0 0 24.0 1 42
19.5773934819386 523.606797749979 0 0 24.0 1 43
13.629669484372698 503.5276180410084 0 0 24.0 1 44
8.740959706477724 483.16467632710373 0 0 24.0 1 45
4.924663761944942 462.5737860160924 0 0 24.0 1 46
2.1912418526906663 441.81138530706147 0 0 24.0 1 47
0.5481860981704472 420.9343824971775 0 0 24.0 1 48
0.0 400.00000000000006 0 0 24.0 1 49
0.5481860981704472 379.0656175028226 0 0 24.0 1 50
2.1912418526906663 358.1886146929386 0 0 24.0 1 51
4.924663761944885 337.4262139839077 0 0 24.0 1 52
8.740959706477781 316.8353236728962 0 0 24.0 1 53
13.629669484372698 296.47238195899166 0 0 24.0 1 54
19.577393481938543 276.3932022500211 0 0 24.0 1 55
26.567829401119297 256.65282018187986 0 0 24.0 1 56
34.58181694295968 237.30534276967992 0 0 24.0 1 57
43.59739032465285 218.40380010418136 0 0 24.0 1 58
53.58983848622455 199.99999999999994 0 0 24.0 1 59
64.53177282183037 182.14438599398918 0 0 24.0 1 60
76.39320225002103 164.8858990830108 0 0 24.0 1 61
89.14161541721171 148.27184358006497 0 0 24.0 1 62
102.74206980904228 132.3477574564567 0 0 24.0 1 63
117.15728752538092 117.15728752538104 0 0 24.0 1 64
132.34775745645675 102.74206980904228 0 0 24.0 1 65
148.27184358006485 89.14161541721177 0 0 24.0 1 66
164.8858990830107 76.39320225002109 0 0 24.0 1 67
182.1443859939892 64.53177282183032 0 0 24.0 1 68
199.99999999999983 53.58983848622461 0 0 24.0 1 69
218.40380010418124 43.597390324652906 0 0 24.0 1 70
237.30534276967995 34.58181694295962 0 0 24.0 1 71
256.65282018187975 26.567829401119354 0 0 24.0 1 72
276.393202250021 19.5773934819386 0 0 24.0 1 73
296.4723819589917 13.629669484372698 0 0 24.0 1 74
316.8353236728961 8.740959706477781 0 0 24.0 1 75
337.4262139839076 4.924663761944942 0 0 24.0 1 76
358.18861469293864 2.1912418526906663 0 0 24.0 1 77
379.0656175028223 0.5481860981704472 0 0 24.0 1 78
399.99999999999994 0.0 0 0 24.0 1 79
420.9343824971776 0.5481860981704472 0 0 24.0 1 80
441.8113853070612 2.1912418526906663 0 0 24.0 1 81
462.5737860160923 4.924663761944885 0 0 24.0 1 82
483.1646763271038 8.740959706477781 0 0 24.0 1 83
503.5276180410081 13.629669484372641 0 0 24.0 1 84
523.6067977499789 19.577393481938543 0 0 24.0 1 85
543.3471798181201 26.567829401119297 0 0 24.0 1 86
562.6946572303199 34.58181694295956 0 0 24.0 1 87
581.5961998958187 43.59739032465279 0 0 24.0 1 88
600.0 53.58983848622455 0 0 24.0 1 89
617.8556140060107 64.53177282183032 0 0 24.0 1 90
635.1141009169892 76.39320225002098 0 0 24.0 1 91
651.728156419935 89.14161541721171 0 0 24.0 1 92
667.6522425435431 102.74206980904216 0 0 24.0 1 93
682.842712474619 117.15728752538092 0 0 24.0 1 94
697.2579301909577 132.34775745645675 0 0 24.0 1 95
710.8583845827882 148.27184358006485 0 0 24.0 1 96
723.6067977499789 164.88589908301066 0 0 24.0 1 97
735.4682271781696 182.1443859939892 0 0 24.0 1 98
746.4101615137754 199.99999999999983 0 0 24.0 1 99
756.4026096753471 218.40380010418122 0 0 24.0 1 100
765.4181830570403 237.30534276967995 0 0 24.0 1 101
773.4321705988806 256.6528201818797 0 0 24.0 1 102
780.4226065180615 276.3932022500209 0 0 24.0 1 103
786.3703305156273 296.4723819589917 0 0 24.0 1 104
791.2590402935223 316.83532367289604 0 0 24.0 1 105
795.0753362380551 337.4262139839076 0 0 24.0 1 106
797.8087581473094 358.18861469293864 0 0 24.0 1 107
799.4518139018296 379.06561750282225 0 0 24.0 1 108
800.0 399.9999999999999 0 0 24.0 1 109
169.29901952442796 439.1542795567704 0 0 10.0 1 110
223.51622236682476 195.66332626685937 0 0 11.0 1 111
136.0468224702421 251.2125002833097 0 0 11.0 1 112
124.20753674851562 295.29318449270534 0 0 13.0 1 113
550.2719008153754 687.0441705127174 0 0 13.0 1 114
408.63362761009375 678.866384625846 0 0 12.0 1 115
339.0296391445204 245.60241226899754 0 0 13.0 1 116
570.83872301599 331.6616453353914 0 0 10.0 1 117
614.7956092966137 255.28011115642593 0 0 12.0 1 118
581.2360861421167 693.5617159642709 0 0 13.0 1 119
269.6938888737651 280.21136363094655 0 0 11.0 1 120
528.1232672093487 273.5704607316714 0 0 10.0 1 121
478.21361992138355 107.26867325345353 0 0 11.0 1 122
715.7914799446683 546.218128815671 0 0 11.0 1 123
685.9034513557128 245.45480757108103 0 0 11.0 1 124
208.26221738673388 304.9598888965932 0 0 11.0 1 125
599.6382919190431 492.436748101861 0 0 12.0 1 126
205.83325147438137 242.52214832875967 0 0 13.0 1 127
211.4850782467747 147.6369197438434 0 0 11.0 1 128
555.1797588924142 278.6400295398347 0 0 13.0 1 129
134.82372832826775 611.1931460589562 0 0 11.0 1 130
749.5019843407332 298.292758655591 0 0 12.0 1 131
591.6204920118469 133.79408901916224 0 0 12.0 1 132
273.830351982711 513.935156642686 0 0 11.0 1 133
755.3618841783343 336.4474133238927 0 0 12.0 1 134
314.96096284639265 599.6430869326243 0 0 11.0 1 135
177.52566917958075 269.35095818948133 0 0 13.0 1 136
411.1401646581855 759.8275930656076 0 0 12.0 1 137
573.5639421369244 412.31088907798005 0 0 13.0 1 138
576.1192532081908 340.1835419855943 0 0 12.0 1 139
251.23955944511553 696.8068923153852 0 0 12.0 1 140
260.26864672540995 391.331152784152 0 0 11.0 1 141
584.1393955226995 373.7572292519476 0 0 10.0 1 142
262.35040288284375 490.9812530881202 0 0 12.0 1 143
320.86631510817557 132.45774181366892 0 0 11.0 1 144
709.6613233498473 585.5555572361585 0 0 12.0 1 145
146.19634586672692 594.8940870026536 0 0 12.0 1 146
78.59606993574153 454.54826980985956 0 0 10.0 1 147
319.1943028091006 580.7607238907077 0 0 11.0 1 148
182.9910689199413 139.56166981127694 0 0 12.0 1 149
291.34171060527 249.03849449011474 0 0 10.0 1 150
539.6259072891202 206.02679047432858 0 0 11.0 1 151
541.4770169957525 230.2199845035242 0 0 12.0 1 152
305.5077529919871 538.9072181543374 0 0 12.0 1 153
293.55345685402153 545.1521045395875 0 0 12.0 1 154
73.44132647707107 255.74871665407923 -9 14 13.0 1 155
274.04521222255255 565.5276153272866 10 6 13.0 1 156
522.2986653238937 655.2097891147482 9 -9 11.0 1 157
316.78953863190964 529.5840233937407 -4 16 13.0 1 158
498.78986072121904 588.7049639481753 15 9 13.0 1 159
357.2379835180131 633.1102956679397 -10 -11 12.0 1 160
126.21918853950945 618.046021004822 -6 1 10.0 1 161
294.40860125343977 549.463897014446 -1 -11 12.0 1 162
121.94564585335735 462.53619863801634 12 16 11.0 1 163
499.41675302095615 235.74316081584243 1 15 10.0 1 164
455.5674499611466 281.36923457713226 -17 -10 11.0 1 165
480.1060300942794 236.577162114549 -3 17 13.0 1 166
468.8668132905582 286.21791869014083 9 20 10.0 1 167
325.92598296930424 519.9751641004761 0 0 10.0 1 168
209.7932839835659 525.719549721766 9 7 13.0 1 169
235.2223543920173 521.9562524345926 -13 -10 13.0 1 170
714.0539450276599 230.23805016269517 -8 -5 13.0 1 171
433.01289751932296 675.0257235194167 -1 7 10.0 1 172
545.3413202785296 626.3556949133242 -5 -1 11.0 1 173
519.7057607587228 649.7989808649655 5 -17 12.0 1 174
473.89019444543123 709.2963613830857 18 7 10.0 1 175
326.88099933903766 507.48772833371345 -17 -6 10.0 1 176
327.53470923465795 284.9140250321768 -2 -9 13.0 1 177
262.345544733699 409.7596590789808 -1 15 11.0 1 178
421.5716045162363 579.7099493033012 -11 -3 13.0 1 179
557.845719928678 303.5130646139213 -5 20 13.0 1 180
642.8799399013543 450.1331705910821 -15 -12 11.0 1 181
582.9315537377922 219.48671337799755 -7 19 12.0 1 182
103.40023790563117 619.5212543822665 -7 14 12.0 1 183
247.70774419573405 532.7067022499166 12 -1 13.0 1 184
140.46941725363502 453.5618952178897 14 -16 13.0 1 185
120.28300960140416 526.5203749692192 4 -6 12.0 1 186
284.76476484926474 546.0028786694111 19 -15 12.0 1 187
431.2885195784096 589.4334409300309 15 22 10.0 1 188
712.4736804366901 268.5420255962031 16 18 13.0 1 189
610.3743296576567 426.20384363202396 -11 -1 13.0 1 190
526.8024177273467 236.38414851091144 -13 5 10.0 1 191
625.5149196915245 138.90993700156787 -1 17 13.0 1 192
627.0839774693889 612.4943932829336 18 15 11.0 1 193
258.9166663980693 352.0782619287829 -11 2 10.0 1 194
342.30126359832025 749.2661675823318 -4 18 10.0 1 195
130.19451638049475 321.47611185858864 -10 -7 11.0 1 196
267.32137092037306 676.8490227281844 12 -9 12.0 1 197
130.08240595689512 440.9083417652395 -12 13 10.0 1 198
553.3905880908137 571.3806508482049 11 -12 10.0 1 199
298.517119241257 232.31808412083683 20 -2 12.0 1 200
335.2503763311999 206.54849125750204 10 -10 11.0 1 201
636.3162484083542 166.80773868286062 -12 -2 10.0 1 202
746.4228042286686 305.8074275202896 -6 -6 13.0 1 203
500.9200121221188 157.1334704960945 12 19 12.0 1 204
605.7836036577775 614.1544033299776 -16 -7 10.0 1 205
498.2601107932076 702.4383418598022 7 -8 11.0 1 206
139.11773871181435 501.6879823045125 -15 3 10.0 1 207
578.080574425335 450.1229389834906 9 -5 12.0 1 208
104.41686504161703 415.70383163990084 22 14 10.0 1 209
85.18626477908947 588.6300933474254 -8 -6 10.0 1 210
112.6070795216558 338.0217033234365 -2 -6 11.0 1 211
115.4013734353407 415.12024330193157 -3 14 10.0 1 212
368.6051018233514 571.144267705576 -5 6 13.0 1 213
244.57321647599753 366.48112526675646 12 3 12.0 1 214
237.64123055752694 423.14368132181824 11 16 11.0 1 215
204.37610541557396 387.86361389781274 -12 13 13.0 1 216
641.5745225822975 606.7988153716917 1 21 11.0 1 217
686.3335632019994 545.1002776842505 11 -7 11.0 1 218
455.76000310746696 521.8475360992387 -17 -11 13.0 1 219
