400 400 7.0710678118654755 7.0710678118654755 5 2 -1 10 187
742.842712474619 742.842712474619
800.0 400.0 0 0 24.0 1 0
799.4518139018296 420.9343824971775 0 0 24.0 1 1
797.8087581473094 441.8113853070614 0 0 24.0 1 2
795.0753362380551 462.57378601609236 0 0 24.0 1 3
791.2590402935223 483.16467632710373 0 0 24.0 1 4
786.3703305156273 503.5276180410083 0 0 24.0 1 5
780.4226065180615 523.6067977499789 0 0 24.0 1 6
773.4321705988807 543.3471798181201 0 0 24.0 1 7
765.4181830570403 562.6946572303201 0 0 24.0 1 8
756.4026096753471 581.5961998958187 0 0 24.0 1 9
581.5961998958187 756.4026096753471 0 0 24.0 1 10
562.6946572303201 765.4181830570403 0 0 24.0 1 11
543.3471798181201 773.4321705988807 0 0 24.0 1 12
523.606797749979 780.4226065180615 0 0 24.0 1 13
503.5276180410083 786.3703305156273 0 0 24.0 1 14
483.1646763271038 791.2590402935223 0 0 24.0 1 15
462.57378601609236 795.0753362380551 0 0 24.0 1 16
441.8113853070614 797.8087581473094 0 0 24.0 1 17
420.9343824971776 799.4518139018296 0 0 24.0 1 18
400.0 800.0 0 0 24.0 1 19
379.0656175028225 799.4518139018296 0 0 24.0 1 20
358.1886146929386 797.8087581473094 0 0 24.0 1 21
337.4262139839077 795.0753362380551 0 0 24.0 1 22
316.83532367289627 791.2590402935223 0 0 24.0 1 23
296.47238195899166 786.3703305156273 0 0 24.0 1 24
276.3932022500211 780.4226065180615 0 0 24.0 1 25
256.65282018187986 773.4321705988807 0 0 24.0 1 26
237.3053427696799 765.4181830570403 0 0 24.0 1 27
218.4038001041813 756.4026096753471 0 0 24.0 1 28
200.00000000000009 746.4101615137755 0 0 24.0 1 29
182.14438599398918 735.4682271781696 0 0 24.0 1 30
164.8858990830108 723.606797749979 0 0 24.0 1 31
148.27184358006508 710.8583845827884 0 0 24.0 1 32
132.3477574564567 697.2579301909577 0 0 24.0 1 33
117.15728752538104 682.842712474619 0 0 24.0 1 34
102.74206980904233 667.6522425435434 0 0 24.0 1 35
89.14161541721165 651.728156419935 0 0 24.0 1 36
76.39320225002109 635.1141009169893 0 0 24.0 1 37
64.53177282183043 617.8556140060109 0 0 24.0 1 38
53.589838486224494 600.0 0 0 24.0 1 39
43.597390324652906 581.5961998958187 0 0 24.0 1 40
34.58181694295968 562.6946572303202 0 0 24.0 1 41
26.567829401119297 543.3471798181201 0 0 24.0 1 42
19.5773934819386 523.606797749979 0 0 24.0 1 43
13.629669484372698 503.5276180410084 0 0 24.0 1 44
8.740959706477724 483.16467632710373 0 0 24.0 1 45
4.924663761944942 462.5737860160924 0 0 24.0 1 46
2.1912418526906663 441.81138530706147 0 0 24.0 1 47
0.5481860981704472 420.9343824971775 0 0 24.0 1 48
0.0 400.00000000000006 0 0 24.0 1 49
0.5481860981704472 379.0656175028226 0 0 24.0 1 50
2.1912418526906663 358.1886146929386 0 0 24.0 1 51
4.924663761944885 337.4262139839077 0 0 24.0 1 52
8.740959706477781 316.8353236728962 0 0 24.0 1 53
13.629669484372698 296.47238195899166 0 0 24.0 1 54
19.577393481938543 276.3932022500211 0 0 24.0 1 55
26.567829401119297 256.65282018187986 0 0 24.0 1 56
34.58181694295968 237.30534276967992 0 0 24.0 1 57
43.59739032465285 218.40380010418136 0 0 24.0 1 58
53.58983848622455 199.99999999999994 0 0 24.0 1 59
64.53177282183037 182.14438599398918 0 0 24.0 1 60
76.39320225002103 164.8858990830108 0 0 24.0 1 61
89.14161541721171 148.27184358006497 0 0 24.0 1 62
102.74206980904228 132.3477574564567 0 0 24.0 1 63
117.15728752538092 117.15728752538104 0 0 24.0 1 64
132.34775745645675 102.74206980904228 0 0 24.0 1 65
148.27184358006485 89.14161541721177 0 0 24.0 1 66
164.8858990830107 76.39320225002109 0 0 24.0 1 67
182.1443859939892 64.53177282183032 0 0 24.0 1 68
199.99999999999983 53.58983848622461 0 0 24.0 1 69
218.40380010418124 43.597390324652906 0 0 24.0 1 70
237.30534276967995 34.58181694295962 0 0 24.0 1 71
256.65282018187975 26.567829401119354 0 0 24.0 1 72
276.393202250021 19.5773934819386 0 0 24.0 1 73
296.4723819589917 13.629669484372698 0 0 24.0 1 74
316.8353236728961 8.740959706477781 0 0 24.0 1 75
337.4262139839076 4.924663761944942 0 0 24.0 1 76
358.18861469293864 2.1912418526906663 0 0 24.0 1 77
379.0656175028223 0.5481860981704472 0 0 24.0 1 78
399.99999999999994 0.0 0 0 24.0 1 79
420.9343824971776 0.5481860981704472 0 0 24.0 1 80
441.8113853070612 2.1912418526906663 0 0 24.0 1 81
462.5737860160923 4.924663761944885 0 0 24.0 1 82
483.1646763271038 8.740959706477781 0 0 24.0 1 83
503.5276180410081 13.629669484372641 0 0 24.0 1 84
523.6067977499789 19.577393481938543 0 0 24.0 1 85
543.3471798181201 26.567829401119297 0 0 24.0 1 86
562.6946572303199 34.58181694295956 0 0 24.0 1 87
581.5961998958187 43.59739032465279 0 0 24.0 1 88
600.0 53.58983848622455 0 0 24.0 1 89
617.8556140060107 64.53177282183032 0 0 24.0 1 90
635.1141009169892 76.39320225002098 0 0 24.0 1 91
651.728156419935 89.14161541721171 0 0 24.0 1 92
667.6522425435431 102.74206980904216 0 0 24.0 1 93
682.842712474619 117.15728752538092 0 0 24.0 1 94
697.2579301909577 132.34775745645675 0 0 24.0 1 95
710.8583845827882 148.27184358006485 0 0 24.0 1 96
723.6067977499789 164.88589908301066 0 0 24.0 1 97
735.4682271781696 182.1443859939892 0 0 24.0 1 98
746.4101615137754 199.99999999999983 0 0 24.0 1 99
756.4026096753471 218.40380010418122 0 0 24.0 1 100
765.4181830570403 237.30534276967995 0 0 24.0 1 101
773.4321705988806 256.6528201818797 0 0 24.0 1 102
780.4226065180615 276.3932022500209 0 0 24.0 1 103
786.3703305156273 296.4723819589917 0 0 24.0 1 104
791.2590402935223 316.83532367289604 0 0 24.0 1 105
795.0753362380551 337.4262139839076 0 0 24.0 1 106
797.8087581473094 358.18861469293864 0 0 24.0 1 107
799.4518139018296 379.06561750282225 0 0 24.0 1 108
800.0 399.9999999999999 0 0 24.0 1 109
516.0324657100067 686.3869181740956 0 0 13.0 1 110
336.9875955861843 179.8399743595815 0 0 12.0 1 111
502.78986855232114 294.9131648445128 0 0 10.0 1 112
130.45416729910988 211.35736411515086 0 0 12.0 1 113
345.40718004395285 236.89382596220761 0 0 13.0 1 114
132.11484010732397 322.0350007421574 0 0 11.0 1 115
456.5996975295778 276.3372560568046 0 0 11.0 1 116
324.3762206700876 116.92749338754089 0 0 13.0 1 117
407.921894868043 655.8773995133209 0 0 10.0 1 118
172.0372745882657 637.2214067550697 0 0 12.0 1 119
525.3574561204957 441.34619928116723 0 0 11.0 1 120
642.4006925876175 317.671971765119 0 0 11.0 1 121
221.45881776832886 458.88162911568594 0 0 11.0 1 122
444.0307709811669 246.17772850850227 0 0 11.0 1 123
626.6911160545784 555.6796001469996 0 0 11.0 1 124
184.27135759887972 141.0981791339243 0 0 12.0 1 125
493.33533318336134 490.4904170592164 0 0 10.0 1 126
410.313608021823 141.2054299457344 0 0 10.0 1 127
188.94882972618618 477.9897655212121 0 0 13.0 1 128
491.079540754322 111.01294621388001 0 0 11.0 1 129
588.0958033166311 629.845532422693 0 0 11.0 1 130
228.19193307238376 132.40704766643097 0 0 12.0 1 131
663.1414365875073 533.3476072176134 0 0 12.0 1 132
289.71503264483545 217.77424447825635 0 0 11.0 1 133
366.5077901402444 40.5569977330062 0 0 12.0 1 134
572.4153074607183 503.31486704838744 0 0 13.0 1 135
344.50814827327247 192.2846794481955 0 0 13.0 1 136
186.9583935987884 491.85463484218553 0 0 10.0 1 137
163.03700949185787 404.1882131557669 0 0 13.0 1 138
468.77829420077876 687.8984999037527 0 0 11.0 1 139
460.70577542531646 112.33559686674641 0 0 12.0 1 140
295.24129515170205 722.407527453233 0 0 13.0 1 141
198.21241208771823 602.6765140921443 0 0 10.0 1 142
586.1664821662605 548.2769062188694 0 0 10.0 1 143
403.6509147832227 235.0403963958277 0 0 12.0 1 144
668.5402445675866 332.0652000254597 0 0 10.0 1 145
410.45620261587834 614.7455886086038 0 0 13.0 1 146
531.3167598008513 378.90714349819984 0 0 10.0 1 147
388.30151658023965 106.23283797252355 0 0 10.0 1 148
475.7789781669767 40.9087212588297 0 0 13.0 1 149
196.83770856786333 95.56431986371314 0 0 11.0 1 150
286.3707584635763 60.51156799110652 0 0 13.0 1 151
500.0109643849369 284.2122329311301 0 0 13.0 1 152
218.78414994599862 302.03666150438886 0 0 10.0 1 153
462.2382758594293 739.3396484616048 0 0 12.0 1 154
296.97841457519604 222.7669530348253 -9 -2 13.0 1 155
577.7594586306179 676.843954001798 -9 -17 10.0 1 156
549.6240986521358 436.4503649163618 19 0 10.0 1 157
239.64266757314124 527.7126694456815 -15 -2 13.0 1 158
312.3213365463278 640.517051318566 18 -14 11.0 1 159
154.8713514677626 535.3216378439118 5 15 10.0 1 160
363.8124502558336 540.411756073035 6 -10 13.0 1 161
495.81207319963346 713.6941928521917 -14 3 11.0 1 162
91.43091558549509 577.5418827871163 -1 -15 13.0 1 163
600.5722674126231 291.5806034652507 -6 -13 12.0 1 164
74.17803841713726 347.654519294446 12 -8 11.0 1 165
329.26273304888434 583.8620109328912 0 9 10.0 1 166
560.1370977749742 585.4214386639483 -7 -12 10.0 1 167
465.3078307323051 136.98690670417074 -11 20 12.0 1 168
543.4570255749238 242.55451161371553 -1 0 13.0 1 169
696.6014848365896 527.8927644268052 -7 11 13.0 1 170
263.30794519245524 164.84200597791454 -15 9 13.0 1 171
503.7380427266828 561.5624290831161 -7 -16 12.0 1 172
243.86306943963262 497.3512142460844 22 21 12.0 1 173
665.9449073030755 433.12561364803025 16 7 13.0 1 174
537.981587416458 331.6108083536999 -6 0 10.0 1 175
681.5626355484528 227.88816931131907 8 9 10.0 1 176
357.4214640013683 155.68244379043648 -17 8 12.0 1 177
334.3089523775137 537.071828842619 4 14 10.0 1 178
514.983450807408 313.3120190544249 -9 14 13.0 1 179
155.62681788739113 371.75556932495016 -7 2 12.0 1 180
541.4389279778629 537.1277858512741 19 10 13.0 1 181
567.393391527646 533.3246131547817 18 -3 10.0 1 182
588.9099519996566 556.0065063883151 -3 6 12.0 1 183
615.0127952768053 122.56442573589328 -2 -4 13.0 1 184
741.4367565821289 489.6099394859526 -9 9 13.0 1 185
237.14223206017243 663.7751834833165 -3 -3 13.0 1 186
264.6295391414129 251.42059925099392 -1 3 13.0 1 187
461.7096537786812 243.74406049523972 8 -11 11.0 1 188
730.9478897960903 373.5898837655923 5 -11 12.0 1 189
420.48881923067876 708.3199771123054 2 -9 11.0 1 190
344.4170057135774 205.79770664032952 18 -11 13.0 1 191
151.2614385054832 512.5083464709995 -9 14 13.0 1 192
463.75829742766246 161.37083265215517 15 16 13.0 1 193
340.5083650095675 760.1190710947772 -9 -3 13.0 1 194
126.24334477584324 284.8206020137188 9 -5 13.0 1 195
543.965125667335 429.71603256810107 -1 0 12.0 1 196
110.0000001317589 399.99125813752573 20 0 10.0 1 197
466.4231930748565 572.6642968935395 5 -1 12.0 1 198
234.0380341520467 653.506658476425 -8 -7 13.0 1 199
170.72711149311922 451.5649357190661 5 -10 12.0 1 200
235.87155464749117 195.7798897606592 21 -17 11.0 1 201
163.00000010767883 399.9928557882538 16 7 10.0 1 202
707.7416800769153 555.948896576531 -1 -4 11.0 1 203
597.0151881347062 535.2997252186651 12 12 10.0 1 204
644.0020740078371 567.5678605218613 1 -10 11.0 1 205
674.175744803347 368.31939139584034 12 2 13.0 1 206
172.53528367097476 515.2597190060608 5 1 11.0 1 207
524.1203323438834 146.78439404561985 20 14 13.0 1 208
158.79845586819332 308.4259037258237 -10 -15 12.0 1 209
707.321149844625 469.12822041813 -17 18 12.0 1 210
465.0419022414105 91.78813950008544 -7 11 10.0 1 211
413.5265991037491 603.5510528508424 -6 -2 11.0 1 212
413.90573775151574 215.52336067245244 -10 -13 11.0 1 213
325.1596154558293 162.51333333999432 20 20 11.0 1 214
601.0962100645596 149.79745345486486 -16 0 12.0 1 215
607.5362739769284 705.106038917248 -15 3 10.0 1 216
368.7669629965627 660.1316924166333 11 3 12.0 1 217
476.91086277181677 721.940552257237 -12 -15 12.0 1 218
184.29760511500805 150.2551765483837 8 -5 13.0 1 219
