400 400 -7.071067811865475 7.0710678118654755 5 2 -1 10 187
57.15728752538104 742.842712474619
800.0 400.0 0 0 24.0 1 0
799.4518139018296 420.9343824971775 0 0 24.0 1 1
797.8087581473094 441.8113853070614 0 0 24.0 1 2
795.0753362380551 462.57378601609236 0 0 24.0 1 3
791.2590402935223 483.16467632710373 0 0 24.0 1 4
786.3703305156273 503.5276180410083 0 0 24.0 1 5
780.4226065180615 523.6067977499789 0 0 24.0 1 6
773.4321705988807 543.3471798181201 0 0 24.0 1 7
765.4181830570403 562.6946572303201 0 0 24.0 1 8
756.4026096753471 581.5961998958187 0 0 24.0 1 9
746.4101615137755 600.0 0 0 24.0 1 10
735.4682271781696 617.8556140060108 0 0 24.0 1 11
723.606797749979 635.1141009169893 0 0 24.0 1 12
710.8583845827884 651.728156419935 0 0 24.0 1 13
697.2579301909577 667.6522425435433 0 0 24.0 1 14
682.842712474619 682.842712474619 0 0 24.0 1 15
667.6522425435433 697.2579301909577 0 0 24.0 1 16
651.728156419935 710.8583845827884 0 0 24.0 1 17
635.1141009169893 723.606797749979 0 0 24.0 1 18
617.8556140060108 735.4682271781696 0 0 24.0 1 19
600.0 746.4101615137754 0 0 24.0 1 20
581.5961998958187 756.4026096753471 0 0 24.0 1 21
562.6946572303201 765.4181830570403 0 0 24.0 1 22
543.3471798181201 773.4321705988807 0 0 24.0 1 23
523.606797749979 780.4226065180615 0 0 24.0 1 24
503.5276180410083 786.3703305156273 0 0 24.0 1 25
483.1646763271038 791.2590402935223 0 0 24.0 1 26
462.57378601609236 795.0753362380551 0 0 24.0 1 27
441.8113853070614 797.8087581473094 0 0 24.0 1 28
420.9343824971776 799.4518139018296 0 0 24.0 1 29
400.0 800.0 0 0 24.0 1 30
379.0656175028225 799.4518139018296 0 0 24.0 1 31
358.1886146929386 797.8087581473094 0 0 24.0 1 32
337.4262139839077 795.0753362380551 0 0 24.0 1 33
316.83532367289627 791.2590402935223 0 0 24.0 1 34
296.47238195899166 786.3703305156273 0 0 24.0 1 35
276.3932022500211 780.4226065180615 0 0 24.0 1 36
256.65282018187986 773.4321705988807 0 0 24.0 1 37
237.3053427696799 765.4181830570403 0 0 24.0 1 38
218.4038001041813 756.4026096753471 0 0 24.0 1 39
43.597390324652906 581.5961998958187 0 0 24.0 1 40
34.58181694295968 562.6946572303202 0 0 24.0 1 41
26.567829401119297 543.3471798181201 0 0 24.0 1 42
19.5773934819386 523.606797749979 0 0 24.0 1 43
13.629669484372698 503.5276180410084 0 0 24.0 1 44
8.740959706477724 483.16467632710373 0 0 24.0 1 45
4.924663761944942 462.5737860160924 0 0 24.0 1 46
2.1912418526906663 441.81138530706147 0 0 24.0 1 47
0.5481860981704472 420.9343824971775 0 0 24.0 1 48
0.0 400.00000000000006 0 0 24.0 1 49
0.5481860981704472 379.0656175028226 0 0 24.0 1 50
2.1912418526906663 358.1886146929386 0 0 24.0 1 51
4.924663761944885 337.4262139839077 0 0 24.0 1 52
8.740959706477781 316.8353236728962 0 0 24.0 1 53
13.629669484372698 296.47238195899166 0 0 24.0 1 54
19.577393481938543 276.3932022500211 0 0 24.0 1 55
26.567829401119297 256.65282018187986 0 0 24.0 1 56
34.58181694295968 237.30534276967992 0 0 24.0 1 57
43.59739032465285 218.40380010418136 0 0 24.0 1 58
53.58983848622455 199.99999999999994 0 0 24.0 1 59
64.53177282183037 182.14438599398918 0 0 24.0 1 60
76.39320225002103 164.8858990830108 0 0 24.0 1 61
89.14161541721171 148.27184358006497 0 0 24.0 1 62
102.74206980904228 132.3477574564567 0 0 24.0 1 63
117.15728752538092 117.15728752538104 0 0 24.0 1 64
132.34775745645675 102.74206980904228 0 0 24.0 1 65
148.27184358006485 89.14161541721177 0 0 24.0 1 66
164.8858990830107 76.39320225002109 0 0 24.0 1 67
182.1443859939892 64.53177282183032 0 0 24.0 1 68
199.99999999999983 53.58983848622461 0 0 24.0 1 69
218.40380010418124 43.597390324652906 0 0 24.0 1 70
237.30534276967995 34.58181694295962 0 0 24.0 1 71
256.65282018187975 26.567829401119354 0 0 24.0 1 72
276.393202250021 19.5773934819386 0 0 24.0 1 73
296.4723819589917 13.629669484372698 0 0 24.0 1 74
316.8353236728961 8.740959706477781 0 0 24.0 1 75
337.4262139839076 4.924663761944942 0 0 24.0 1 76
358.18861469293864 2.1912418526906663 0 0 24.0 1 77
379.0656175028223 0.5481860981704472 0 0 24.0 1 78
399.99999999999994 0.0 0 0 24.0 1 79
420.9343824971776 0.5481860981704472 0 0 24.0 1 80
441.8113853070612 2.1912418526906663 0 0 24.0 1 81
462.5737860160923 4.924663761944885 0 0 24.0 1 82
483.1646763271038 8.740959706477781 0 0 24.0 1 83
503.5276180410081 13.629669484372641 0 0 24.0 1 84
523.6067977499789 19.577393481938543 0 0 24.0 1 85
543.3471798181201 26.567829401119297 0 0 24.0 1 86
562.6946572303199 34.58181694295956 0 0 24.0 1 87
581.5961998958187 43.59739032465279 0 0 24.0 1 88
600.0 53.58983848622455 0 0 24.0 1 89
617.8556140060107 64.53177282183032 0 0 24.0 1 90
635.1141009169892 76.39320225002098 0 0 24.0 1 91
651.728156419935 89.14161541721171 0 0 24.0 1 92
667.6522425435431 102.74206980904216 0 0 24.0 1 93
682.842712474619 117.15728752538092 0 0 24.0 1 94
697.2579301909577 132.34775745645675 0 0 24.0 1 95
710.8583845827882 148.27184358006485 0 0 24.0 1 96
723.6067977499789 164.88589908301066 0 0 24.0 1 97
735.4682271781696 182.1443859939892 0 0 24.0 1 98
746.4101615137754 199.99999999999983 0 0 24.0 1 99
756.4026096753471 218.40380010418122 0 0 24.0 1 100
765.4181830570403 237.30534276967995 0 0 24.0 1 101
773.4321705988806 256.6528201818797 0 0 24.0 1 102
780.4226065180615 276.3932022500209 0 0 24.0 1 103
786.3703305156273 296.4723819589917 0 0 24.0 1 104
791.2590402935223 316.83532367289604 0 0 24.0 1 105
795.0753362380551 337.4262139839076 0 0 24.0 1 106
797.8087581473094 358.18861469293864 0 0 24.0 1 107
799.4518139018296 379.06561750282225 0 0 24.0 1 108
800.0 399.9999999999999 0 0 24.0 1 109
207.45564214504378 260.1047882941573 0 0 13.0 1 110
385.1089355847529 705.6374587654153 0 0 11.0 1 111
520.9726000830508 641.3827459226245 0 0 12.0 1 112
464.12059770697977 208.44700746347064 0 0 13.0 1 113
540.6534395371341 546.3748952053382 0 0 10.0 1 114
98.72346369509069 539.4863745034498 0 0 12.0 1 115
645.6507366700522 568.7000757956578 0 0 12.0 1 116
159.66607909719866 197.92178132345379 0 0 12.0 1 117
242.85969484506796 512.0532217110015 0 0 10.0 1 118
666.4460582206962 566.139995361302 0 0 12.0 1 119
321.65248767290194 522.0109311174831 0 0 13.0 1 120
464.65644302087577 551.8042963024704 0 0 11.0 1 121
598.8128615581264 292.53165080327483 0 0 10.0 1 122
78.69813402064597 324.7330688935358 0 0 10.0 1 123
552.1233392488383 180.57463761957038 0 0 10.0 1 124
224.4170999884731 461.37300077022593 0 0 11.0 1 125
207.74987509857516 567.5257874937066 0 0 13.0 1 126
533.621761662052 525.0368937967102 0 0 10.0 1 127
316.4030691674346 208.44699648563255 0 0 10.0 1 128
529.9032810112354 511.2031365677965 0 0 11.0 1 129
229.60711016838778 187.98522906450114 0 0 11.0 1 130
154.84301507105013 581.4471072807353 0 0 11.0 1 131
570.7381302692046 80.79396798904924 0 0 11.0 1 132
599.792882201441 473.83633402086747 0 0 12.0 1 133
480.5376796326973 502.0474505285704 0 0 12.0 1 134
348.48996347480653 69.99588466630718 0 0 10.0 1 135
573.2730950600253 503.828871362061 0 0 11.0 1 136
547.5781596229477 471.53101986064326 0 0 13.0 1 137
294.28180928173083 299.3041006234332 0 0 12.0 1 138
217.5573909213099 513.7527775158051 0 0 13.0 1 139
657.8698838927696 480.019516251534 0 0 12.0 1 140
606.6617940252427 226.24470399361013 0 0 13.0 1 141
203.48748375060654 484.7279821389125 0 0 11.0 1 142
392.3561666972605 267.21983652502934 0 0 10.0 1 143
552.9263536004305 548.2650679508699 0 0 11.0 1 144
694.8151186900618 410.4424993064299 0 0 12.0 1 145
216.49986973931698 334.0249881067661 0 0 13.0 1 146
344.6706671564445 137.7736380012737 0 0 12.0 1 147
674.1246502261936 185.61792020234756 0 0 10.0 1 148
568.8239873357921 722.4817224278677 0 0 12.0 1 149
421.0896859486585 210.1679027493323 0 0 12.0 1 150
442.2137871046564 630.1608050435233 0 0 10.0 1 151
608.288898619604 694.8503598638339 0 0 11.0 1 152
166.0028343962895 273.5036502920749 0 0 10.0 1 153
523.7343638886837 581.906039462858 0 0 13.0 1 154
200.1958373370704 391.1514643829858 -1 -7 13.0 1 155
185.82856607736508 503.8007557367596 -7 13 10.0 1 156
747.332870397918 378.46219274988516 -8 12 11.0 1 157
392.0010238211164 38.088385955783906 16 3 10.0 1 158
385.80430958062664 153.40826783219737 6 -15 13.0 1 159
252.28744219060428 609.0861072988971 -2 9 11.0 1 160
418.19020830198275 158.68461233909994 -15 22 12.0 1 161
711.9271440113451 262.2231629448348 0 7 10.0 1 162
295.2603097922816 212.23792370345078 8 5 11.0 1 163
562.9493867672556 493.7629849790169 7 11 13.0 1 164
271.4806699694212 524.5944694137391 10 21 12.0 1 165
576.0544925174271 325.9337076367988 -12 18 10.0 1 166
620.9840079001492 264.91829045948987 -17 -14 10.0 1 167
221.75635449117573 436.785905394928 9 2 11.0 1 168
401.3675406783077 91.00302617583264 -11 15 10.0 1 169
244.4649218909021 175.63904199349474 -17 3 13.0 1 170
680.6038103556375 414.9164879880424 11 12 13.0 1 171
348.49491326855707 711.7743190847934 -1 2 13.0 1 172
357.9376957576374 576.044774309898 -7 2 13.0 1 173
370.7935340998392 643.2529184812029 9 12 11.0 1 174
444.98654479037725 725.9098200236124 0 -12 10.0 1 175
88.336432580441 572.0517966872593 -7 22 11.0 1 176
113.00000013039585 399.99134857058584 10 -1 11.0 1 177
203.66381531785572 639.9001929646138 -1 18 10.0 1 178
553.071785496608 517.5501105268746 -6 9 13.0 1 179
599.4586804773066 424.8442102360227 13 17 10.0 1 180
737.9799409009288 301.6457446339781 22 -8 13.0 1 181
633.4985671133704 642.9967472128029 -5 -15 11.0 1 182
271.8313531075212 595.7774194174372 3 -5 10.0 1 183
511.91704276285475 531.9226119329712 20 18 12.0 1 184
435.6662691822183 256.3618531078128 -16 17 13.0 1 185
240.28713738053003 473.944584074118 -8 4 10.0 1 186
557.057578001805 352.7885904446083 -10 20 11.0 1 187
651.8420674911714 408.9203722888825 9 -10 11.0 1 188
661.3896886852392 615.862063941383 -1 16 11.0 1 189
638.4136911333452 372.4516446920351 1 1 10.0 1 190
562.8869983715002 614.0766819658854 18 9 11.0 1 191
553.3889507132071 344.8562805108206 20 7 10.0 1 192
582.6154370958295 471.1870924697667 -1 -5 13.0 1 193
477.83922260713854 86.51944968799688 -11 -7 10.0 1 194
544.1191975374991 437.82402544874486 1 -13 10.0 1 195
315.0700100644299 253.8908051848072 1 -13 11.0 1 196
259.7290383807787 526.6690859145157 0 -16 10.0 1 197
188.6028975761901 191.3848876835208 -10 8 11.0 1 198
362.5121204169877 626.9243461693117 -9 -1 10.0 1 199
201.5448052177109 368.1168435702535 22 2 12.0 1 200
57.1579060442283 296.9306126339066 22 1 13.0 1 201
63.9085002463645 544.9086049665514 13 0 13.0 1 202
312.38632925851664 627.7275668407383 -2 -9 13.0 1 203
413.06124876894955 72.26015838687601 -7 -2 13.0 1 204
583.9407591756808 83.57971443999651 4 -11 11.0 1 205
456.8734027753383 744.3347441905248 -9 17 11.0 1 206
431.19026397051044 541.6056758518171 3 16 13.0 1 207
210.2246369307836 310.0816394058083 17 17 11.0 1 208
332.5205431675216 268.278616369271 18 21 13.0 1 209
218.9700778152619 239.40060002046187 0 13 10.0 1 210
560.7739982784776 269.61318518518806 19 12 11.0 1 211
329.4800645526983 221.41965756414174 -9 17 10.0 1 212
267.0546152497063 513.8003720274954 -5 -15 12.0 1 213
547.1659113016092 415.69058796753285 -8 8 11.0 1 214
304.9415703203256 146.21880497792122 14 8 10.0 1 215
544.393440882769 715.5305598987748 19 -8 12.0 1 216
129.34811209905791 615.5540664790527 11 -3 12.0 1 217
292.81995481385854 313.0722258774753 -1 -6 13.0 1 218
734.9475083969766 405.9301449103136 10 -8 10.0 1 219
