400 400 7.071067811865475 -7.0710678118654755 5 2 -1 10 187
742.842712474619 57.15728752538092
800.0 400.0 0 0 24.0 1 0
799.4518139018296 420.9343824971775 0 0 24.0 1 1
797.8087581473094 441.8113853070614 0 0 24.0 1 2
795.0753362380551 462.57378601609236 0 0 24.0 1 3
791.2590402935223 483.16467632710373 0 0 24.0 1 4
786.3703305156273 503.5276180410083 0 0 24.0 1 5
780.4226065180615 523.6067977499789 0 0 24.0 1 6
773.4321705988807 543.3471798181201 0 0 24.0 1 7
765.4181830570403 562.6946572303201 0 0 24.0 1 8
756.4026096753471 581.5961998958187 0 0 24.0 1 9
746.4101615137755 600.0 0 0 24.0 1 10
735.4682271781696 617.8556140060108 0 0 24.0 1 11
723.606797749979 635.1141009169893 0 0 24.0 1 12
710.8583845827884 651.728156419935 0 0 24.0 1 13
697.2579301909577 667.6522425435433 0 0 24.0 1 14
682.842712474619 682.842712474619 0 0 24.0 1 15
667.6522425435433 697.2579301909577 0 0 24.0 1 16
651.728156419935 710.8583845827884 0 0 24.0 1 17
635.1141009169893 723.606797749979 0 0 24.0 1 18
617.8556140060108 735.4682271781696 0 0 24.0 1 19
600.0 746.4101615137754 0 0 24.0 1 20
581.5961998958187 756.4026096753471 0 0 24.0 1 21
562.6946572303201 765.4181830570403 0 0 24.0 1 22
543.3471798181201 773.4321705988807 0 0 24.0 1 23
523.606797749979 780.4226065180615 0 0 24.0 1 24
503.5276180410083 786.3703305156273 0 0 24.0 1 25
483.1646763271038 791.2590402935223 0 0 24.0 1 26
462.57378601609236 795.0753362380551 0 0 24.0 1 27
441.8113853070614 797.8087581473094 0 0 24.0 1 28
420.9343824971776 799.4518139018296 0 0 24.0 1 29
400.0 800.0 0 0 24.0 1 30
379.0656175028225 799.4518139018296 0 0 24.0 1 31
358.1886146929386 797.8087581473094 0 0 24.0 1 32
337.4262139839077 795.0753362380551 0 0 24.0 1 33
316.83532367289627 791.2590402935223 0 0 24.0 1 34
296.47238195899166 786.3703305156273 0 0 24.0 1 35
276.3932022500211 780.4226065180615 0 0 24.0 1 36
256.65282018187986 773.4321705988807 0 0 24.0 1 37
237.3053427696799 765.4181830570403 0 0 24.0 1 38
218.4038001041813 756.4026096753471 0 0 24.0 1 39
200.00000000000009 746.4101615137755 0 0 24.0 1 40
182.14438599398918 735.4682271781696 0 0 24.0 1 41
164.8858990830108 723.606797749979 0 0 24.0 1 42
148.27184358006508 710.8583845827884 0 0 24.0 1 43
132.3477574564567 697.2579301909577 0 0 24.0 1 44
117.15728752538104 682.842712474619 0 0 24.0 1 45
102.74206980904233 667.6522425435434 0 0 24.0 1 46
89.14161541721165 651.728156419935 0 0 24.0 1 47
76.39320225002109 635.1141009169893 0 0 24.0 1 48
64.53177282183043 617.8556140060109 0 0 24.0 1 49
53.589838486224494 600.0 0 0 24.0 1 50
43.597390324652906 581.5961998958187 0 0 24.0 1 51
34.58181694295968 562.6946572303202 0 0 24.0 1 52
26.567829401119297 543.3471798181201 0 0 24.0 1 53
19.5773934819386 523.606797749979 0 0 24.0 1 54
13.629669484372698 503.5276180410084 0 0 24.0 1 55
8.740959706477724 483.16467632710373 0 0 24.0 1 56
4.924663761944942 462.5737860160924 0 0 24.0 1 57
2.1912418526906663 441.81138530706147 0 0 24.0 1 58
0.5481860981704472 420.9343824971775 0 0 24.0 1 59
0.0 400.00000000000006 0 0 24.0 1 60
0.5481860981704472 379.0656175028226 0 0 24.0 1 61
2.1912418526906663 358.1886146929386 0 0 24.0 1 62
4.924663761944885 337.4262139839077 0 0 24.0 1 63
8.740959706477781 316.8353236728962 0 0 24.0 1 64
13.629669484372698 296.47238195899166 0 0 24.0 1 65
19.577393481938543 276.3932022500211 0 0 24.0 1 66
26.567829401119297 256.65282018187986 0 0 24.0 1 67
34.58181694295968 237.30534276967992 0 0 24.0 1 68
43.59739032465285 218.40380010418136 0 0 24.0 1 69
53.58983848622455 199.99999999999994 0 0 24.0 1 70
64.53177282183037 182.14438599398918 0 0 24.0 1 71
76.39320225002103 164.8858990830108 0 0 24.0 1 72
89.14161541721171 148.27184358006497 0 0 24.0 1 73
102.74206980904228 132.3477574564567 0 0 24.0 1 74
117.15728752538092 117.15728752538104 0 0 24.0 1 75
132.34775745645675 102.74206980904228 0 0 24.0 1 76
148.27184358006485 89.14161541721177 0 0 24.0 1 77
164.8858990830107 76.39320225002109 0 0 24.0 1 78
182.1443859939892 64.53177282183032 0 0 24.0 1 79
199.99999999999983 53.58983848622461 0 0 24.0 1 80
218.40380010418124 43.597390324652906 0 0 24.0 1 81
237.30534276967995 34.58181694295962 0 0 24.0 1 82
256.65282018187975 26.567829401119354 0 0 24.0 1 83
276.393202250021 19.5773934819386 0 0 24.0 1 84
296.4723819589917 13.629669484372698 0 0 24.0 1 85
316.8353236728961 8.740959706477781 0 0 24.0 1 86
337.4262139839076 4.924663761944942 0 0 24.0 1 87
358.18861469293864 2.1912418526906663 0 0 24.0 1 88
379.0656175028223 0.5481860981704472 0 0 24.0 1 89
399.99999999999994 0.0 0 0 24.0 1 90
420.9343824971776 0.5481860981704472 0 0 24.0 1 91
441.8113853070612 2.1912418526906663 0 0 24.0 1 92
462.5737860160923 4.924663761944885 0 0 24.0 1 93
483.1646763271038 8.740959706477781 0 0 24.0 1 94
503.5276180410081 13.629669484372641 0 0 24.0 1 95
523.6067977499789 19.577393481938543 0 0 24.0 1 96
543.3471798181201 26.567829401119297 0 0 24.0 1 97
562.6946572303199 34.58181694295956 0 0 24.0 1 98
581.5961998958187 43.59739032465279 0 0 24.0 1 99
756.4026096753471 218.40380010418122 0 0 24.0 1 100
765.4181830570403 237.30534276967995 0 0 24.0 1 101
773.4321705988806 256.6528201818797 0 0 24.0 1 102
780.4226065180615 276.3932022500209 0 0 24.0 1 103
786.3703305156273 296.4723819589917 0 0 24.0 1 104
791.2590402935223 316.83532367289604 0 0 24.0 1 105
795.0753362380551 337.4262139839076 0 0 24.0 1 106
797.8087581473094 358.18861469293864 0 0 24.0 1 107
799.4518139018296 379.06561750282225 0 0 24.0 1 108
800.0 399.9999999999999 0 0 24.0 1 109
709.9708534059206 253.14268816703313 0 0 13.0 1 110
469.4371741216243 140.1164128883795 0 0 13.0 1 111
364.1172821624434 194.10334980726302 0 0 12.0 1 112
151.00975422773536 397.7960239866894 0 0 12.0 1 113
477.6949386033386 536.4276237256349 0 0 13.0 1 114
54.87509751694432 312.67988956682836 0 0 12.0 1 115
496.44739372333294 246.83701411902288 0 0 12.0 1 116
266.20474972658263 127.02595177513007 0 0 12.0 1 117
484.40273092152097 206.6164975676846 0 0 10.0 1 118
127.99630256323553 209.6372184991796 0 0 12.0 1 119
304.6992181947921 77.79857078635399 0 0 12.0 1 120
85.4436232706397 416.7118478600296 0 0 13.0 1 121
688.5980538865124 216.49206204385126 0 0 12.0 1 122
418.49961348012744 678.3859987518874 0 0 11.0 1 123
166.02475634588887 579.6679864555713 0 0 12.0 1 124
763.2723222192529 364.5286043489787 0 0 13.0 1 125
244.92595835946796 641.4974981428804 0 0 13.0 1 126
432.2229275469537 259.65156594994096 0 0 12.0 1 127
430.2609558592295 549.9775801594551 0 0 10.0 1 128
470.1594684180843 212.70971997647118 0 0 10.0 1 129
526.1623974136837 304.8840209069385 0 0 10.0 1 130
387.52740891087336 234.46923406350274 0 0 10.0 1 131
569.4957614276856 290.11284489054646 0 0 11.0 1 132
613.497317332072 173.85868247485485 0 0 11.0 1 133
720.4758568619163 368.7074263023867 0 0 13.0 1 134
306.19008947532484 259.42724059280744 0 0 13.0 1 135
569.8231780883189 372.72202016308546 0 0 13.0 1 136
582.0266482279052 582.8395453257158 0 0 11.0 1 137
683.9382154957743 448.1984416872084 0 0 12.0 1 138
284.39700703867413 630.651139208944 0 0 11.0 1 139
253.43007744280854 679.9522420013436 0 0 10.0 1 140
90.30354787245915 386.284769793628 0 0 11.0 1 141
393.52621836817576 608.8997131433729 0 0 11.0 1 142
307.558830211321 294.8589988249084 0 0 12.0 1 143
683.4846554646231 338.87349088894445 0 0 11.0 1 144
590.521338782486 413.5136770913459 0 0 11.0 1 145
329.8051519351783 557.0244672181905 0 0 13.0 1 146
156.46419813457516 216.3826990456386 0 0 13.0 1 147
460.63824866752117 635.3125640473451 0 0 10.0 1 148
654.0000238355841 130.95727497008454 0 0 10.0 1 149
260.45049834063116 480.29281777731944 0 0 10.0 1 150
486.88242393974264 304.64569013225025 0 0 13.0 1 151
171.60818965583434 434.61475072443346 0 0 13.0 1 152
577.2094182718453 374.74486040913234 0 0 10.0 1 153
100.75447844484472 245.01252363760776 0 0 11.0 1 154
93.60815888834895 277.4274104858155 9 7 10.0 1 155
196.60797478041044 106.60490106841621 -8 12 13.0 1 156
513.0763996533492 530.9302403627064 -6 -6 13.0 1 157
264.4671112672919 481.20859604603055 2 7 12.0 1 158
574.3020654600801 245.37855913118022 3 20 13.0 1 159
405.1987435071532 567.9195434306168 -1 15 13.0 1 160
662.7748611162327 654.7653280282555 5 18 10.0 1 161
410.87110034732694 127.21653426712544 -10 9 13.0 1 162
438.25173228988876 266.3669016417614 -17 7 13.0 1 163
224.13312998204498 525.4067144537632 20 -7 13.0 1 164
182.740330848102 313.0848910717601 16 10 11.0 1 165
641.0406407161357 211.4916194882711 6 18 10.0 1 166
534.5682205643474 351.62238106164017 9 2 11.0 1 167
600.4407760853566 327.94102913377174 6 0 10.0 1 168
286.6200431335765 573.1877171769636 -2 13 12.0 1 169
250.4286895142811 596.5640432011528 -16 22 13.0 1 170
560.562327457885 442.13951828517884 8 8 10.0 1 171
558.102244860186 280.8040261998343 16 17 10.0 1 172
607.9775758455531 316.8054812778678 9 -5 12.0 1 173
651.2379995946618 470.7139841875192 -17 8 11.0 1 174
399.15165809191575 207.00186447530902 -11 -15 10.0 1 175
431.9300501267299 195.4774538127776 9 -13 10.0 1 176
311.9641758619014 498.35493718327405 16 -5 11.0 1 177
408.2827431217729 192.16497848923842 3 20 10.0 1 178
608.0684212446441 565.7212481269717 -12 22 11.0 1 179
455.2712715562331 159.26344992802373 -13 11 13.0 1 180
130.45416729910988 211.35736411515086 7 -6 12.0 1 181
597.8063850124794 391.2459124807452 11 -11 12.0 1 182
229.31097626251122 726.020332457261 10 19 13.0 1 183
314.00650614478985 531.3549352501608 3 8 13.0 1 184
525.4233558352198 323.33200269322396 21 -7 11.0 1 185
741.9380888478033 533.2941986551243 17 16 11.0 1 186
459.20191552789146 264.3565954503191 11 14 11.0 1 187
162.05123411675783 361.7719368180651 -12 -17 12.0 1 188
575.1723755027705 340.5051358458868 -11 21 12.0 1 189
421.1189417067439 236.35712572437762 -14 6 11.0 1 190
423.4784866834174 595.5959116726538 9 18 12.0 1 191
214.6545495342526 203.66593777021478 11 -6 13.0 1 192
229.62446737708305 486.3317895300298 10 -7 12.0 1 193
337.1618276813815 537.3039114506779 6 -6 10.0 1 194
186.42138456425025 244.82211810780467 3 14 13.0 1 195
199.69672568477543 141.52834140161536 22 15 12.0 1 196
120.5372934508199 382.66230556830396 -16 4 12.0 1 197
383.66822110888967 536.0230605384686 6 -7 11.0 1 198
599.6103916058846 461.9410329502615 8 22 13.0 1 199
150.84529780636473 437.7615462448365 20 -15 13.0 1 200
384.5991500367883 234.7159601763962 -5 18 12.0 1 201
183.9186568573649 371.14080483321146 8 15 10.0 1 202
667.4296898834975 255.44080462033426 -15 20 11.0 1 203
480.66417192575915 541.6414182629204 20 7 10.0 1 204
553.0383290912176 375.4180995655712 19 -1 12.0 1 205
526.7426332725639 729.4621448833483 -8 -9 12.0 1 206
450.0773672103908 212.57466208306926 9 2 10.0 1 207
565.9416104760033 395.59751063256454 21 -11 11.0 1 208
668.1954046212518 303.5830671508213 5 -2 13.0 1 209
270.55245724394945 309.4056642255132 9 -7 10.0 1 210
392.1651589187752 560.8092511804963 18 -11 11.0 1 211
591.0 400.0 -6 18 10.0 1 212
349.2990437492054 676.388156467051 -10 -6 11.0 1 213
220.5213779002957 473.6439013713392 -16 -1 12.0 1 214
217.7537031825932 596.4950057796423 4 -8 11.0 1 215
508.5206468577377 188.18104616069365 -10 -7 13.0 1 216
259.73218051634205 627.1870128711146 -14 -12 13.0 1 217
469.8604482783036 652.514391206431 13 -2 10.0 1 218
471.5725413021218 556.4013149930527 19 -4 11.0 1 219
