400 400 -7.071067811865475 -7.071067811865477 5 2 -1 10 187
57.15728752538104 57.15728752538092
800.0 400.0 0 0 24.0 1 0
799.4518139018296 420.9343824971775 0 0 24.0 1 1
797.8087581473094 441.8113853070614 0 0 24.0 1 2
795.0753362380551 462.57378601609236 0 0 24.0 1 3
791.2590402935223 483.16467632710373 0 0 24.0 1 4
786.3703305156273 503.5276180410083 0 0 24.0 1 5
780.4226065180615 523.6067977499789 0 0 24.0 1 6
773.4321705988807 543.3471798181201 0 0 24.0 1 7
765.4181830570403 562.6946572303201 0 0 24.0 1 8
756.4026096753471 581.5961998958187 0 0 24.0 1 9
746.4101615137755 600.0 0 0 24.0 1 10
735.4682271781696 617.8556140060108 0 0 24.0 1 11
723.606797749979 635.1141009169893 0 0 24.0 1 12
710.8583845827884 651.728156419935 0 0 24.0 1 13
697.2579301909577 667.6522425435433 0 0 24.0 1 14
682.842712474619 682.842712474619 0 0 24.0 1 15
667.6522425435433 697.2579301909577 0 0 24.0 1 16
651.728156419935 710.8583845827884 0 0 24.0 1 17
635.1141009169893 723.606797749979 0 0 24.0 1 18
617.8556140060108 735.4682271781696 0 0 24.0 1 19
600.0 746.4101615137754 0 0 24.0 1 20
581.5961998958187 756.4026096753471 0 0 24.0 1 21
562.6946572303201 765.4181830570403 0 0 24.0 1 22
543.3471798181201 773.4321705988807 0 0 24.0 1 23
523.606797749979 780.4226065180615 0 0 24.0 1 24
503.5276180410083 786.3703305156273 0 0 24.0 1 25
483.1646763271038 791.2590402935223 0 0 24.0 1 26
462.57378601609236 795.0753362380551 0 0 24.0 1 27
441.8113853070614 797.8087581473094 0 0 24.0 1 28
420.9343824971776 799.4518139018296 0 0 24.0 1 29
400.0 800.0 0 0 24.0 1 30
379.0656175028225 799.4518139018296 0 0 24.0 1 31
358.1886146929386 797.8087581473094 0 0 24.0 1 32
337.4262139839077 795.0753362380551 0 0 24.0 1 33
316.83532367289627 791.2590402935223 0 0 24.0 1 34
296.47238195899166 786.3703305156273 0 0 24.0 1 35
276.3932022500211 780.4226065180615 0 0 24.0 1 36
256.65282018187986 773.4321705988807 0 0 24.0 1 37
237.3053427696799 765.4181830570403 0 0 24.0 1 38
218.4038001041813 756.4026096753471 0 0 24.0 1 39
200.00000000000009 746.4101615137755 0 0 24.0 1 40
182.14438599398918 735.4682271781696 0 0 24.0 1 41
164.8858990830108 723.606797749979 0 0 24.0 1 42
148.27184358006508 710.8583845827884 0 0 24.0 1 43
132.3477574564567 697.2579301909577 0 0 24.0 1 44
117.15728752538104 682.842712474619 0 0 24.0 1 45
102.74206980904233 667.6522425435434 0 0 24.0 1 46
89.14161541721165 651.728156419935 0 0 24.0 1 47
76.39320225002109 635.1141009169893 0 0 24.0 1 48
64.53177282183043 617.8556140060109 0 0 24.0 1 49
53.589838486224494 600.0 0 0 24.0 1 50
43.597390324652906 581.5961998958187 0 0 24.0 1 51
34.58181694295968 562.6946572303202 0 0 24.0 1 52
26.567829401119297 543.3471798181201 0 0 24.0 1 53
19.5773934819386 523.606797749979 0 0 24.0 1 54
13.629669484372698 503.5276180410084 0 0 24.0 1 55
8.740959706477724 483.16467632710373 0 0 24.0 1 56
4.924663761944942 462.5737860160924 0 0 24.0 1 57
2.1912418526906663 441.81138530706147 0 0 24.0 1 58
0.5481860981704472 420.9343824971775 0 0 24.0 1 59
0.0 400.00000000000006 0 0 24.0 1 60
0.5481860981704472 379.0656175028226 0 0 24.0 1 61
2.1912418526906663 358.1886146929386 0 0 24.0 1 62
4.924663761944885 337.4262139839077 0 0 24.0 1 63
8.740959706477781 316.8353236728962 0 0 24.0 1 64
13.629669484372698 296.47238195899166 0 0 24.0 1 65
19.577393481938543 276.3932022500211 0 0 24.0 1 66
26.567829401119297 256.65282018187986 0 0 24.0 1 67
34.58181694295968 237.30534276967992 0 0 24.0 1 68
43.59739032465285 218.40380010418136 0 0 24.0 1 69
218.40380010418124 43.597390324652906 0 0 24.0 1 70
237.30534276967995 34.58181694295962 0 0 24.0 1 71
256.65282018187975 26.567829401119354 0 0 24.0 1 72
276.393202250021 19.5773934819386 0 0 24.0 1 73
296.4723819589917 13.629669484372698 0 0 24.0 1 74
316.8353236728961 8.740959706477781 0 0 24.0 1 75
337.4262139839076 4.924663761944942 0 0 24.0 1 76
358.18861469293864 2.1912418526906663 0 0 24.0 1 77
379.0656175028223 0.5481860981704472 0 0 24.0 1 78
399.99999999999994 0.0 0 0 24.0 1 79
420.9343824971776 0.5481860981704472 0 0 24.0 1 80
441.8113853070612 2.1912418526906663 0 0 24.0 1 81
462.5737860160923 4.924663761944885 0 0 24.0 1 82
483.1646763271038 8.740959706477781 0 0 24.0 1 83
503.5276180410081 13.629669484372641 0 0 24.0 1 84
523.6067977499789 19.577393481938543 0 0 24.0 1 85
543.3471798181201 26.567829401119297 0 0 24.0 1 86
562.6946572303199 34.58181694295956 0 0 24.0 1 87
581.5961998958187 43.59739032465279 0 0 24.0 1 88
600.0 53.58983848622455 0 0 24.0 1 89
617.8556140060107 64.53177282183032 0 0 24.0 1 90
635.1141009169892 76.39320225002098 0 0 24.0 1 91
651.728156419935 89.14161541721171 0 0 24.0 1 92
667.6522425435431 102.74206980904216 0 0 24.0 1 93
682.842712474619 117.15728752538092 0 0 24.0 1 94
697.2579301909577 132.34775745645675 0 0 24.0 1 95
710.8583845827882 148.27184358006485 0 0 24.0 1 96
723.6067977499789 164.88589908301066 0 0 24.0 1 97
735.4682271781696 182.1443859939892 0 0 24.0 1 98
746.4101615137754 199.99999999999983 0 0 24.0 1 99
756.4026096753471 218.40380010418122 0 0 24.0 1 100
765.4181830570403 237.30534276967995 0 0 24.0 1 101
773.4321705988806 256.6528201818797 0 0 24.0 1 102
780.4226065180615 276.3932022500209 0 0 24.0 1 103
786.3703305156273 296.4723819589917 0 0 24.0 1 104
791.2590402935223 316.83532367289604 0 0 24.0 1 105
795.0753362380551 337.4262139839076 0 0 24.0 1 106
797.8087581473094 358.18861469293864 0 0 24.0 1 107
799.4518139018296 379.06561750282225 0 0 24.0 1 108
800.0 399.9999999999999 0 0 24.0 1 109
263.00536678393473 398.78737062721467 0 0 10.0 1 110
461.55582909997725 279.8505934104775 0 0 12.0 1 111
388.5793141834503 248.42966010633987 0 0 13.0 1 112
318.21419077816023 286.37306036890357 0 0 11.0 1 113
225.63930611616667 656.3168906419321 0 0 11.0 1 114
535.0821087840417 526.4034172261823 0 0 13.0 1 115
696.3727217965792 299.3411217284463 0 0 12.0 1 116
748.5865135983513 288.44982054094913 0 0 11.0 1 117
616.8968939367421 317.660839203975 0 0 11.0 1 118
533.3946768731788 461.76455441351624 0 0 10.0 1 119
401.44277754410456 74.00319266447065 0 0 13.0 1 120
397.49069477484176 588.9833415602735 0 0 10.0 1 121
340.1533780925629 197.66517391643063 0 0 13.0 1 122
267.8890017463155 202.03362876383534 0 0 11.0 1 123
163.98854076765943 613.125763602201 0 0 11.0 1 124
628.5661740501753 510.7858478329475 0 0 12.0 1 125
309.7530260942753 300.9470661673293 0 0 11.0 1 126
271.05788044267865 124.70029094809155 0 0 13.0 1 127
658.632660611014 260.19604131045486 0 0 13.0 1 128
748.979386209898 324.7511594736316 0 0 11.0 1 129
635.760384502557 272.5596567047684 0 0 13.0 1 130
503.52949833385316 221.90552233507998 0 0 10.0 1 131
481.0648579950464 499.0580072394098 0 0 12.0 1 132
379.48851838966846 268.5911756305954 0 0 12.0 1 133
419.90308261995284 565.8097322301177 0 0 11.0 1 134
111.56506160933685 489.4946161261914 0 0 12.0 1 135
316.5237694858116 150.5992803957012 0 0 12.0 1 136
604.5990701494386 136.0014763412774 0 0 11.0 1 137
396.8135806664657 639.9788464257441 0 0 13.0 1 138
349.54531738048416 257.6787963732602 0 0 11.0 1 139
470.3394228852202 719.345213817546 0 0 10.0 1 140
299.07699981688734 518.956076070285 0 0 10.0 1 141
457.15958328965576 683.2909847456374 0 0 10.0 1 142
483.18455852661754 748.201564072782 0 0 13.0 1 143
388.03186960690175 271.5563786912959 0 0 10.0 1 144
272.3297075699688 208.68796057009297 0 0 12.0 1 145
203.8029260344778 337.20901205294336 0 0 12.0 1 146
94.62209880478434 582.9763303315625 0 0 11.0 1 147
276.5971874423872 515.4675099448788 0 0 13.0 1 148
496.8844599979184 527.3318554443929 0 0 10.0 1 149
51.02288227629634 324.7406397498872 0 0 10.0 1 150
619.5936254226065 531.5851043004337 0 0 12.0 1 151
274.6683959834143 661.5186208181547 0 0 10.0 1 152
530.6717035628569 409.26854292652524 0 0 11.0 1 153
633.9238635997798 368.76498697692557 0 0 12.0 1 154
481.09644672234145 561.8158407851668 -12 22 11.0 1 155
176.72451944104102 427.8039526176754 18 5 12.0 1 156
528.1788104201285 733.1954269783437 -5 -3 11.0 1 157
390.86236563929117 694.8584467813157 9 13 13.0 1 158
518.398473051435 158.45745389458065 1 4 12.0 1 159
339.97741664527075 672.4670429380856 10 19 12.0 1 160
741.7856630237327 412.10621953491193 -8 -6 13.0 1 161
622.3630020941059 522.7627602316625 16 1 10.0 1 162
609.6350680947023 481.71987655968115 8 -11 13.0 1 163
396.90647330098426 260.03418241383906 -7 -1 11.0 1 164
97.81949902398844 340.4101952521517 -12 -16 11.0 1 165
329.5225014525116 529.0035743632275 18 -13 13.0 1 166
631.3817657646566 667.9150583144395 -10 11 10.0 1 167
111.35396858191888 518.4376145765867 0 -8 12.0 1 168
427.73289710917766 671.587714040845 4 -13 11.0 1 169
437.65226653661017 61.0851038613734 -6 -10 10.0 1 170
128.31204642324445 351.40312889419 2 -2 13.0 1 171
252.5484625490592 586.820887759784 10 2 11.0 1 172
389.7806420679677 609.7511971919516 -16 4 12.0 1 173
241.39069422728636 730.956323587113 17 1 10.0 1 174
259.2747505723029 250.93154534405195 -17 20 11.0 1 175
446.80426060143236 241.77749468058215 1 0 10.0 1 176
257.8501970674753 481.7889572390086 8 -5 10.0 1 177
269.7256773653568 134.2094793599951 12 22 12.0 1 178
620.0964654057179 551.1507390518142 -14 7 11.0 1 179
686.2898655995111 231.88660715156007 -6 12 12.0 1 180
477.5355917445445 573.4595976382493 1 -14 13.0 1 181
381.6416500056132 552.9018344738989 -4 10 11.0 1 182
76.94308916711793 556.5734088634315 9 -17 10.0 1 183
574.4670238942161 464.47679872244765 18 0 10.0 1 184
517.3456781813858 656.4254117909352 -17 -11 10.0 1 185
665.8332934629032 409.4159485271537 3 13 10.0 1 186
716.9922558890262 374.70356336583836 20 2 13.0 1 187
398.1412553887717 539.9876604150174 -9 3 12.0 1 188
248.10304413221132 703.0648689605891 4 11 10.0 1 189
503.83601325876475 122.81038556517734 -13 13 12.0 1 190
308.298918461087 615.2833287660558 22 8 13.0 1 191
567.2099740156466 492.31372915058085 -8 6 11.0 1 192
704.0 400.0 1 -11 11.0 1 193
150.29840705273662 497.3299259200334 0 -1 12.0 1 194
51.43615751330685 318.346783829957 12 6 12.0 1 195
371.4819933735117 593.9142163381828 21 6 13.0 1 196
557.7124267749402 714.6915798694956 22 -1 11.0 1 197
392.19989339462455 47.08618851489422 17 -12 12.0 1 198
468.4034754663609 710.5558960060539 2 4 10.0 1 199
278.4400461401388 440.08961982344573 12 12 13.0 1 200
331.1527163398363 265.6085883227022 10 -17 12.0 1 201
568.5194443612884 227.71478045937133 11 -10 11.0 1 202
237.3354030835288 322.9271194906928 19 -1 10.0 1 203
589.9702286430613 403.36336577002857 19 8 10.0 1 204
472.260234669543 661.1885496829877 5 4 12.0 1 205
389.9423246016585 225.28925858556494 5 -3 11.0 1 206
374.55930664995714 538.6858721062426 -6 -11 10.0 1 207
332.3015611506378 219.26283896951585 -9 -2 11.0 1 208
169.95357455459168 164.79871994440555 21 -14 12.0 1 209
560.6031243425579 693.9925789053337 18 19 10.0 1 210
517.1606906677324 318.0099240013774 22 4 12.0 1 211
564.3380482017575 423.430875212779 18 9 13.0 1 212
623.2238704142396 500.97575786933584 12 1 12.0 1 213
669.5783289810926 542.6622744237657 15 15 10.0 1 214
155.9304051407474 480.49243980176215 11 -15 13.0 1 215
510.5037389811331 659.447342771495 9 22 11.0 1 216
139.25412483501555 234.19110824673382 -10 2 12.0 1 217
242.6996345129276 529.8945534563841 11 -13 11.0 1 218
528.5919487966173 600.2700943842793 1 11 12.0 1 219
