400 400 7.0710678118654755 7.0710678118654755 5 2 -1 10 187
742.842712474619 742.842712474619
800.0 400.0 0 0 24.0 1 0
799.4518139018296 420.9343824971775 0 0 24.0 1 1
797.8087581473094 441.8113853070614 0 0 24.0 1 2
795.0753362380551 462.57378601609236 0 0 24.0 1 3
791.2590402935223 483.16467632710373 0 0 24.0 1 4
786.3703305156273 503.5276180410083 0 0 24.0 1 5
780.4226065180615 523.6067977499789 0 0 24.0 1 6
773.4321705988807 543.3471798181201 0 0 24.0 1 7
765.4181830570403 562.6946572303201 0 0 24.0 1 8
756.4026096753471 581.5961998958187 0 0 24.0 1 9
581.5961998958187 756.4026096753471 0 0 24.0 1 10
562.6946572303201 765.4181830570403 0 0 24.0 1 11
543.3471798181201 773.4321705988807 0 0 24.0 1 12
523.606797749979 780.4226065180615 0 0 24.0 1 13
503.5276180410083 786.3703305156273 0 0 24.0 1 14
483.1646763271038 791.2590402935223 0 0 24.0 1 15
462.57378601609236 795.0753362380551 0 0 24.0 1 16
441.8113853070614 797.8087581473094 0 0 24.0 1 17
420.9343824971776 799.4518139018296 0 0 24.0 1 18
400.0 800.0 0 0 24.0 1 19
379.0656175028225 799.4518139018296 0 0 24.0 1 20
358.1886146929386 797.8087581473094 0 0 24.0 1 21
337.4262139839077 795.0753362380551 0 0 24.0 1 22
316.83532367289627 791.2590402935223 0 0 24.0 1 23
296.47238195899166 786.3703305156273 0 0 24.0 1 24
276.3932022500211 780.4226065180615 0 0 24.0 1 25
256.65282018187986 773.4321705988807 0 0 24.0 1 26
237.3053427696799 765.4181830570403 0 0 24.0 1 27
218.4038001041813 756.4026096753471 0 0 24.0 1 28
200.00000000000009 746.4101615137755 0 0 24.0 1 29
182.14438599398918 735.4682271781696 0 0 24.0 1 30
164.8858990830108 723.606797749979 0 0 24.0 1 31
148.27184358006508 710.8583845827884 0 0 24.0 1 32
132.3477574564567 697.2579301909577 0 0 24.0 1 33
117.15728752538104 682.842712474619 0 0 24.0 1 34
102.74206980904233 667.6522425435434 0 0 24.0 1 35
89.14161541721165 651.728156419935 0 0 24.0 1 36
76.39320225002109 635.1141009169893 0 0 24.0 1 37
64.53177282183043 617.8556140060109 0 0 24.0 1 38
53.589838486224494 600.0 0 0 24.0 1 39
43.597390324652906 581.5961998958187 0 0 24.0 1 40
34.58181694295968 562.6946572303202 0 0 24.0 1 41
26.567829401119297 543.3471798181201 0 0 24.0 1 42
19.5773934819386 523.606797749979 0 0 24.0 1 43
13.629669484372698 503.5276180410084 0 0 24.0 1 44
8.740959706477724 483.16467632710373 0 0 24.0 1 45
4.924663761944942 462.5737860160924 0 0 24.0 1 46
2.1912418526906663 441.81138530706147 0 0 24.0 1 47
0.5481860981704472 420.9343824971775 0 0 24.0 1 48
0.0 400.00000000000006 0 0 24.0 1 49
0.5481860981704472 379.0656175028226 0 0 24.0 1 50
2.1912418526906663 358.1886146929386 0 0 24.0 1 51
4.924663761944885 337.4262139839077 0 0 24.0 1 52
8.740959706477781 316.8353236728962 0 0 24.0 1 53
13.629669484372698 296.47238195899166 0 0 24.0 1 54
19.577393481938543 276.3932022500211 0 0 24.0 1 55
26.567829401119297 256.65282018187986 0 0 24.0 1 56
34.58181694295968 237.30534276967992 0 0 24.0 1 57
43.59739032465285 218.40380010418136 0 0 24.0 1 58
53.58983848622455 199.99999999999994 0 0 24.0 1 59
64.53177282183037 182.14438599398918 0 0 24.0 1 60
76.39320225002103 164.8858990830108 0 0 24.0 1 61
89.14161541721171 148.27184358006497 0 0 24.0 1 62
102.74206980904228 132.3477574564567 0 0 24.0 1 63
117.15728752538092 117.15728752538104 0 0 24.0 1 64
132.34775745645675 102.74206980904228 0 0 24.0 1 65
148.27184358006485 89.14161541721177 0 0 24.0 1 66
164.8858990830107 76.39320225002109 0 0 24.0 1 67
182.1443859939892 64.53177282183032 0 0 24.0 1 68
199.99999999999983 53.58983848622461 0 0 24.0 1 69
218.40380010418124 43.597390324652906 0 0 24.0 1 70
237.30534276967995 34.58181694295962 0 0 24.0 1 71
256.65282018187975 26.567829401119354 0 0 24.0 1 72
276.393202250021 19.5773934819386 0 0 24.0 1 73
296.4723819589917 13.629669484372698 0 0 24.0 1 74
316.8353236728961 8.740959706477781 0 0 24.0 1 75
337.4262139839076 4.924663761944942 0 0 24.0 1 76
358.18861469293864 2.1912418526906663 0 0 24.0 1 77
379.0656175028223 0.5481860981704472 0 0 24.0 1 78
399.99999999999994 0.0 0 0 24.0 1 79
420.9343824971776 0.5481860981704472 0 0 24.0 1 80
441.8113853070612 2.1912418526906663 0 0 24.0 1 81
462.5737860160923 4.924663761944885 0 0 24.0 1 82
483.1646763271038 8.740959706477781 0 0 24.0 1 83
503.5276180410081 13.629669484372641 0 0 24.0 1 84
523.6067977499789 19.577393481938543 0 0 24.0 1 85
543.3471798181201 26.567829401119297 0 0 24.0 1 86
562.6946572303199 34.58181694295956 0 0 24.0 1 87
581.5961998958187 43.59739032465279 0 0 24.0 1 88
600.0 53.58983848622455 0 0 24.0 1 89
617.8556140060107 64.53177282183032 0 0 24.0 1 90
635.1141009169892 76.39320225002098 0 0 24.0 1 91
651.728156419935 89.14161541721171 0 0 24.0 1 92
667.6522425435431 102.74206980904216 0 0 24.0 1 93
682.842712474619 117.15728752538092 0 0 24.0 1 94
697.2579301909577 132.34775745645675 0 0 24.0 1 95
710.8583845827882 148.27184358006485 0 0 24.0 1 96
723.6067977499789 164.88589908301066 0 0 24.0 1 97
735.4682271781696 182.1443859939892 0 0 24.0 1 98
746.4101615137754 199.99999999999983 0 0 24.0 1 99
756.4026096753471 218.40380010418122 0 0 24.0 1 100
765.4181830570403 237.30534276967995 0 0 24.0 1 101
773.4321705988806 256.6528201818797 0 0 24.0 1 102
780.4226065180615 276.3932022500209 0 0 24.0 1 103
786.3703305156273 296.4723819589917 0 0 24.0 1 104
791.2590402935223 316.83532367289604 0 0 24.0 1 105
795.0753362380551 337.4262139839076 0 0 24.0 1 106
797.8087581473094 358.18861469293864 0 0 24.0 1 107
799.4518139018296 379.06561750282225 0 0 24.0 1 108
800.0 399.9999999999999 0 0 24.0 1 109
330.603793819974 120.48583834120438 0 0 10.0 1 110
316.2575766563292 187.93584335741832 0 0 12.0 1 111
164.27501703886847 131.89044700351639 0 0 11.0 1 112
320.0151707620705 161.0304892004437 0 0 12.0 1 113
694.4344734694994 381.7423760379774 0 0 11.0 1 114
565.5993606731802 467.95477720244526 0 0 13.0 1 115
180.4341164618287 457.61790334698225 0 0 13.0 1 116
291.73147510769513 179.1065267654013 0 0 10.0 1 117
508.56192462543584 494.6060702155056 0 0 12.0 1 118
301.9724106825483 208.64798999590042 0 0 10.0 1 119
260.21742403397684 519.6529625889095 0 0 13.0 1 120
607.0610209110454 586.9939400603016 0 0 12.0 1 121
298.1088740543218 76.67477912553443 0 0 11.0 1 122
600.5716719682007 353.0212345428226 0 0 10.0 1 123
686.5005054768296 523.5372832853351 0 0 13.0 1 124
202.03091932231163 403.4990135225394 0 0 10.0 1 125
520.8910170910441 141.9101668281122 0 0 13.0 1 126
426.1581159409195 542.6210116722687 0 0 10.0 1 127
504.2340232942603 644.7269261603464 0 0 10.0 1 128
704.9163785912128 443.4741540092525 0 0 10.0 1 129
558.6561651757622 195.282581953266 0 0 11.0 1 130
150.49405417254405 537.7380956625532 0 0 11.0 1 131
293.67844801160834 252.28497847957465 0 0 10.0 1 132
490.18613566075965 601.7609004108057 0 0 11.0 1 133
432.58532707985444 621.6172296079411 0 0 10.0 1 134
668.289119283073 361.76456520041825 0 0 12.0 1 135
450.59277073689844 766.524721607102 0 0 11.0 1 136
622.7802568399461 477.8778348590125 0 0 12.0 1 137
196.53457359027715 667.3907632210014 0 0 10.0 1 138
565.163214411331 201.79527602673866 0 0 10.0 1 139
582.8210528145643 391.9091009291736 0 0 11.0 1 140
645.1630485881834 326.30414118182756 0 0 10.0 1 141
226.31089199821062 278.44304313803036 0 0 13.0 1 142
429.30777547864096 212.27399142235626 0 0 11.0 1 143
372.7437341093628 188.75110421661634 0 0 11.0 1 144
643.611678203204 545.9772250832937 0 0 10.0 1 145
424.65449720268737 72.92790432737513 0 0 13.0 1 146
393.91201373053286 247.1211707816194 0 0 12.0 1 147
138.15581285718486 353.16388509367584 0 0 12.0 1 148
448.63023699986337 533.4132678909302 0 0 13.0 1 149
594.5073711795824 139.63125656713675 0 0 12.0 1 150
553.283965979734 136.31642869999706 0 0 10.0 1 151
506.4421675812853 545.1553132358495 0 0 13.0 1 152
224.29037899512647 348.8616671534581 0 0 11.0 1 153
278.819675169338 454.81175853715365 0 0 12.0 1 154
321.39965528269494 200.95732666003298 13 13 12.0 1 155
630.3588871934182 494.52927108049647 0 10 10.0 1 156
557.3366897245219 542.0885852787954 -11 -10 12.0 1 157
231.97387165255142 138.29745856685543 22 -13 11.0 1 158
527.9961307426245 505.70236759371556 -12 -3 13.0 1 159
277.03049414305315 310.6551589105542 6 3 10.0 1 160
393.6803668862964 114.06982978827125 -12 -16 11.0 1 161
237.81732128532045 182.88763571613194 5 -2 11.0 1 162
680.4263663233475 180.6895965288383 -2 -11 10.0 1 163
681.5332378808964 349.6508593092335 -3 16 10.0 1 164
199.51182904893517 437.68943232123047 21 -14 10.0 1 165
594.428995347494 637.5844392382719 -9 -3 12.0 1 166
138.83090811800918 379.15040898395773 8 -10 12.0 1 167
488.9618894753195 599.0220646586229 8 8 10.0 1 168
547.951343033084 649.4201276856114 -16 11 10.0 1 169
496.84128691700505 577.2731371309774 -16 10 12.0 1 170
502.92449359831414 551.3127510077409 2 8 12.0 1 171
146.0372423217698 546.1229540916435 0 -2 11.0 1 172
507.9874043750901 474.1601004336616 -17 9 13.0 1 173
528.1719050844885 625.0621308594871 18 -1 11.0 1 174
659.6349091002678 660.7943902320287 11 14 12.0 1 175
564.3747830194741 243.44352230807937 -8 -12 12.0 1 176
519.6973293833107 546.2653388144411 15 -8 13.0 1 177
500.67883717995096 131.23844816623614 1 2 10.0 1 178
445.9550131307891 678.2303663659827 18 -5 12.0 1 179
623.5718606157448 547.7823505727731 15 3 11.0 1 180
332.39377528698816 198.0138658718036 0 15 13.0 1 181
558.8539827495013 678.9380077447697 11 -5 12.0 1 182
264.0123537940794 359.11772903356075 6 1 11.0 1 183
398.6285871744959 88.00301407407466 4 -2 12.0 1 184
91.40546235963552 458.01216543561947 8 9 13.0 1 185
599.5042551543678 437.5106941458155 21 -1 10.0 1 186
334.7215205785915 723.4790876153029 14 -13 13.0 1 187
560.2120601885588 73.154324229098 21 -10 13.0 1 188
309.16555505300084 286.9774199057083 -5 -2 10.0 1 189
220.56590407455508 430.4533285441547 20 -16 12.0 1 190
154.80013434912084 437.16215662190257 9 8 11.0 1 191
307.56136034609744 227.16742813076016 -3 20 10.0 1 192
689.3402972187528 598.7037805512613 13 -10 10.0 1 193
578.3805234672777 354.8736346739516 -13 -1 10.0 1 194
559.8679692378573 339.31035993051603 21 -15 12.0 1 195
551.0358270147693 302.08075287276415 -3 4 12.0 1 196
267.8929567818974 519.29681107293 7 19 10.0 1 197
232.02115766996923 234.23176260374044 5 5 11.0 1 198
481.4264591617675 233.88337907248112 14 -13 12.0 1 199
569.0557997757898 441.18417854186333 7 -17 11.0 1 200
467.15178048657117 681.0900894330559 -1 20 10.0 1 201
339.16028308493145 286.247950147286 8 4 11.0 1 202
623.6751827148669 201.58021107391798 7 -17 12.0 1 203
437.42896002838484 259.9140515569332 -7 -17 11.0 1 204
481.09644672234145 561.8158407851668 -7 -12 13.0 1 205
406.26187202213345 117.06928593951056 5 -8 10.0 1 206
215.9363049171983 660.5408915169851 8 -10 10.0 1 207
618.9229680376188 394.19189655741945 -14 2 12.0 1 208
331.471455116181 182.54232932336828 1 18 13.0 1 209
266.4249682740963 389.336468716986 -12 8 10.0 1 210
238.23238060567047 97.5429992288303 6 -12 10.0 1 211
64.47319815534905 417.8259710506983 -15 14 11.0 1 212
227.1300534810926 453.63750171801536 10 -13 11.0 1 213
727.1412505333623 245.00773503342853 8 4 12.0 1 214
534.3988866280245 680.4602276137339 -14 6 13.0 1 215
380.29792990831976 696.3457919966175 -5 5 13.0 1 216
85.06512722954642 337.8950411556516 -2 -6 11.0 1 217
483.82210852961447 274.40201386308166 18 22 10.0 1 218
550.0956334363779 699.4934069780711 -8 7 13.0 1 219
