400 400 -7.071067811865475 7.0710678118654755 5 2 -1 10 187
57.15728752538104 742.842712474619
800.0 400.0 0 0 24.0 1 0
799.4518139018296 420.9343824971775 0 0 24.0 1 1
797.8087581473094 441.8113853070614 0 0 24.0 1 2
795.0753362380551 462.57378601609236 0 0 24.0 1 3
791.2590402935223 483.16467632710373 0 0 24.0 1 4
786.3703305156273 503.5276180410083 0 0 24.0 1 5
780.4226065180615 523.6067977499789 0 0 24.0 1 6
773.4321705988807 543.3471798181201 0 0 24.0 1 7
765.4181830570403 562.6946572303201 0 0 24.0 1 8
756.4026096753471 581.5961998958187 0 0 24.0 1 9
746.4101615137755 600.0 0 0 24.0 1 10
735.4682271781696 617.8556140060108 0 0 24.0 1 11
723.606797749979 635.1141009169893 0 0 24.0 1 12
710.8583845827884 651.728156419935 0 0 24.0 1 13
697.2579301909577 667.6522425435433 0 0 24.0 1 14
682.842712474619 682.842712474619 0 0 24.0 1 15
667.6522425435433 697.2579301909577 0 0 24.0 1 16
651.728156419935 710.8583845827884 0 0 24.0 1 17
635.1141009169893 723.606797749979 0 0 24.0 1 18
617.8556140060108 735.4682271781696 0 0 24.0 1 19
600.0 746.4101615137754 0 0 24.0 1 20
581.5961998958187 756.4026096753471 0 0 24.0 1 21
562.6946572303201 765.4181830570403 0 0 24.0 1 22
543.3471798181201 773.4321705988807 0 0 24.0 1 23
523.606797749979 780.4226065180615 0 0 24.0 1 24
503.5276180410083 786.3703305156273 0 0 24.0 1 25
483.1646763271038 791.2590402935223 0 0 24.0 1 26
462.57378601609236 795.0753362380551 0 0 24.0 1 27
441.8113853070614 797.8087581473094 0 0 24.0 1 28
420.9343824971776 799.4518139018296 0 0 24.0 1 29
400.0 800.0 0 0 24.0 1 30
379.0656175028225 799.4518139018296 0 0 24.0 1 31
358.1886146929386 797.8087581473094 0 0 24.0 1 32
337.4262139839077 795.0753362380551 0 0 24.0 1 33
316.83532367289627 791.2590402935223 0 0 24.0 1 34
296.47238195899166 786.3703305156273 0 0 24.0 1 35
276.3932022500211 780.4226065180615 0 0 24.0 1 36
256.65282018187986 773.4321705988807 0 0 24.0 1 37
237.3053427696799 765.4181830570403 0 0 24.0 1 38
218.4038001041813 756.4026096753471 0 0 24.0 1 39
43.597390324652906 581.5961998958187 0 0 24.0 1 40
34.58181694295968 562.6946572303202 0 0 24.0 1 41
26.567829401119297 543.3471798181201 0 0 24.0 1 42
19.5773934819386 523.606797749979 0 0 24.0 1 43
13.629669484372698 503.5276180410084 0 0 24.0 1 44
8.740959706477724 483.16467632710373 0 0 24.0 1 45
4.924663761944942 462.5737860160924 0 0 24.0 1 46
2.1912418526906663 441.81138530706147 0 0 24.0 1 47
0.5481860981704472 420.9343824971775 0 0 24.0 1 48
0.0 400.00000000000006 0 0 24.0 1 49
0.5481860981704472 379.0656175028226 0 0 24.0 1 50
2.1912418526906663 358.1886146929386 0 0 24.0 1 51
4.924663761944885 337.4262139839077 0 0 24.0 1 52
8.740959706477781 316.8353236728962 0 0 24.0 1 53
13.629669484372698 296.47238195899166 0 0 24.0 1 54
19.577393481938543 276.3932022500211 0 0 24.0 1 55
26.567829401119297 256.65282018187986 0 0 24.0 1 56
34.58181694295968 237.30534276967992 0 0 24.0 1 57
43.59739032465285 218.40380010418136 0 0 24.0 1 58
53.58983848622455 199.99999999999994 0 0 24.0 1 59
64.53177282183037 182.14438599398918 0 0 24.0 1 60
76.39320225002103 164.8858990830108 0 0 24.0 1 61
89.14161541721171 148.27184358006497 0 0 24.0 1 62
102.74206980904228 132.3477574564567 0 0 24.0 1 63
117.15728752538092 117.15728752538104 0 0 24.0 1 64
132.34775745645675 102.74206980904228 0 0 24.0 1 65
148.27184358006485 89.14161541721177 0 0 24.0 1 66
164.8858990830107 76.39320225002109 0 0 24.0 1 67
182.1443859939892 64.53177282183032 0 0 24.0 1 68
199.99999999999983 53.58983848622461 0 0 24.0 1 69
218.40380010418124 43.597390324652906 0 0 24.0 1 70
237.30534276967995 34.58181694295962 0 0 24.0 1 71
256.65282018187975 26.567829401119354 0 0 24.0 1 72
276.393202250021 19.5773934819386 0 0 24.0 1 73
296.4723819589917 13.629669484372698 0 0 24.0 1 74
316.8353236728961 8.740959706477781 0 0 24.0 1 75
337.4262139839076 4.924663761944942 0 0 24.0 1 76
358.18861469293864 2.1912418526906663 0 0 24.0 1 77
379.0656175028223 0.5481860981704472 0 0 24.0 1 78
399.99999999999994 0.0 0 0 24.0 1 79
420.9343824971776 0.5481860981704472 0 0 24.0 1 80
441.8113853070612 2.1912418526906663 0 0 24.0 1 81
462.5737860160923 4.924663761944885 0 0 24.0 1 82
483.1646763271038 8.740959706477781 0 0 24.0 1 83
503.5276180410081 13.629669484372641 0 0 24.0 1 84
523.6067977499789 19.577393481938543 0 0 24.0 1 85
543.3471798181201 26.567829401119297 0 0 24.0 1 86
562.6946572303199 34.58181694295956 0 0 24.0 1 87
581.5961998958187 43.59739032465279 0 0 24.0 1 88
600.0 53.58983848622455 0 0 24.0 1 89
617.8556140060107 64.53177282183032 0 0 24.0 1 90
635.1141009169892 76.39320225002098 0 0 24.0 1 91
651.728156419935 89.14161541721171 0 0 24.0 1 92
667.6522425435431 102.74206980904216 0 0 24.0 1 93
682.842712474619 117.15728752538092 0 0 24.0 1 94
697.2579301909577 132.34775745645675 0 0 24.0 1 95
710.8583845827882 148.27184358006485 0 0 24.0 1 96
723.6067977499789 164.88589908301066 0 0 24.0 1 97
735.4682271781696 182.1443859939892 0 0 24.0 1 98
746.4101615137754 199.99999999999983 0 0 24.0 1 99
756.4026096753471 218.40380010418122 0 0 24.0 1 100
765.4181830570403 237.30534276967995 0 0 24.0 1 101
773.4321705988806 256.6528201818797 0 0 24.0 1 102
780.4226065180615 276.3932022500209 0 0 24.0 1 103
786.3703305156273 296.4723819589917 0 0 24.0 1 104
791.2590402935223 316.83532367289604 0 0 24.0 1 105
795.0753362380551 337.4262139839076 0 0 24.0 1 106
797.8087581473094 358.18861469293864 0 0 24.0 1 107
799.4518139018296 379.06561750282225 0 0 24.0 1 108
800.0 399.9999999999999 0 0 24.0 1 109
532.7332267169515 595.1355696056112 0 0 10.0 1 110
326.94838486277274 563.4149978607913 0 0 11.0 1 111
326.85419949602885 732.0386903188139 0 0 10.0 1 112
639.5659503028518 510.9240977222332 0 0 13.0 1 113
182.72925692237712 585.9823222849354 0 0 11.0 1 114
554.9205344478376 214.0870418545378 0 0 11.0 1 115
503.9329629882678 279.6715361833313 0 0 13.0 1 116
92.10858356236423 391.82224456061823 0 0 12.0 1 117
472.6991723713853 502.91175995247386 0 0 13.0 1 118
509.8623629002822 165.45520424028444 0 0 10.0 1 119
723.5635205475526 330.2314671870366 0 0 10.0 1 120
150.52189085668775 435.56224203108656 0 0 13.0 1 121
428.93680134093063 249.76131813625523 0 0 11.0 1 122
581.6225422237777 277.6306731399895 0 0 12.0 1 123
272.5852376153589 473.3108336227699 0 0 11.0 1 124
665.5377529199563 503.51184364226276 0 0 12.0 1 125
97.37754691084234 462.45519102765246 0 0 12.0 1 126
310.39821296356644 723.8325489506537 0 0 10.0 1 127
519.3787945123297 97.71916464852927 0 0 12.0 1 128
170.32391540395915 412.20230161208514 0 0 11.0 1 129
555.9831818841649 337.60411095840084 0 0 10.0 1 130
166.49410801290438 642.9897084390835 0 0 10.0 1 131
218.8272716531387 138.65646649791694 0 0 12.0 1 132
746.2729712645953 490.8792020849038 0 0 10.0 1 133
761.8496505903034 371.1238789364759 0 0 13.0 1 134
312.40560175205775 286.9680514386269 0 0 10.0 1 135
268.8732811750325 466.44383801525856 0 0 12.0 1 136
597.18566304706 272.16098291721994 0 0 12.0 1 137
663.0311752472558 257.8184229653946 0 0 12.0 1 138
458.2121788806336 66.03541770126412 0 0 10.0 1 139
517.6840199223726 223.66375456273715 0 0 12.0 1 140
500.6911272808029 610.1197203665595 0 0 12.0 1 141
518.7824211599336 457.5737476927129 0 0 12.0 1 142
247.02040434097506 474.1433969548283 0 0 13.0 1 143
144.79028035603034 287.26580377167534 0 0 10.0 1 144
610.4519164382746 291.00921659398216 0 0 13.0 1 145
177.42593316594738 552.8423526806318 0 0 11.0 1 146
477.2000663829352 535.5586579694208 0 0 12.0 1 147
167.14577638009666 408.240785300689 0 0 12.0 1 148
290.85381041328407 569.9738488671144 0 0 11.0 1 149
389.5350301381055 137.2082870298425 0 0 12.0 1 150
174.34572979064075 355.50111983115227 0 0 10.0 1 151
422.5011290468154 667.0537383966354 0 0 12.0 1 152
267.02076903973455 402.3503474671603 0 0 13.0 1 153
109.29302837330289 481.81354806897644 0 0 12.0 1 154
558.8445212979001 392.970202446659 20 -8 10.0 1 155
287.8721779527552 231.9781218919947 -4 1 10.0 1 156
481.46057935452563 141.53303110218314 5 11 12.0 1 157
246.43724363052948 372.5322032880204 15 18 13.0 1 158
608.0994648835236 594.7295886997945 0 9 11.0 1 159
426.0998600329963 264.49060067191647 -15 21 13.0 1 160
690.6465904577243 531.4745582053802 5 -11 13.0 1 161
84.87173196713832 470.8743584564185 -2 11 12.0 1 162
480.2377742008023 553.267412033025 6 -13 13.0 1 163
498.9744440806861 573.7931512428471 -14 10 12.0 1 164
149.6944758027126 169.8975346583154 -4 2 11.0 1 165
358.02227468103933 258.07794189398925 10 1 11.0 1 166
275.61855147947676 474.5268761181926 11 -2 13.0 1 167
533.24383400741 502.32341227209815 -7 -4 13.0 1 168
757.9711355985089 438.16629505616095 -9 0 13.0 1 169
255.70008908181185 302.77070549981875 2 -4 10.0 1 170
724.3778581510196 571.6624744705639 -17 10 13.0 1 171
209.41960746113872 478.19919423966945 22 -3 12.0 1 172
275.1352450251258 583.5559668468029 -15 -1 10.0 1 173
408.32417859181083 668.8711737073568 8 20 13.0 1 174
322.93179626925803 678.534543591485 7 -1 12.0 1 175
459.57576746662187 90.68506675111365 16 17 11.0 1 176
404.2483372022955 208.047006715145 8 -12 10.0 1 177
650.2277655137261 341.39056930827866 10 -9 12.0 1 178
446.2369362305059 243.69534322990845 8 -17 11.0 1 179
500.9837380249086 58.62295821992274 -4 7 13.0 1 180
489.2748664813524 505.23306616618515 12 -3 13.0 1 181
616.0684992018179 179.10318324458814 -14 17 12.0 1 182
545.987305019012 656.3448980831995 -16 -12 10.0 1 183
455.465224527267 259.55567342131667 -4 -4 12.0 1 184
483.94670451293143 295.5540771431523 -4 16 13.0 1 185
622.9088768402082 219.22214564323176 6 -6 12.0 1 186
528.698471483304 418.3494805883209 1 12 12.0 1 187
725.3458719222414 455.2273810999263 5 -11 12.0 1 188
439.32944469811036 727.6479738678972 -9 10 12.0 1 189
541.1902003873814 377.3212144379141 18 -10 11.0 1 190
661.7716057653074 179.90995839190617 22 -11 11.0 1 191
71.60183956746488 479.99155095712865 -1 -17 12.0 1 192
596.7527170008884 513.2138169693449 -7 4 13.0 1 193
534.1946012731082 516.9436145719444 13 5 13.0 1 194
129.3816568455345 414.37749450815244 21 -17 11.0 1 195
295.0892427191715 704.4301775559761 -13 21 11.0 1 196
89.21189203948472 571.568505123531 -6 10 12.0 1 197
639.6868271995049 467.46276652372524 4 14 13.0 1 198
383.11075169262574 247.93503594972358 21 1 12.0 1 199
229.39901495459728 202.47454872463075 11 10 10.0 1 200
487.2477617145412 626.7968872709735 10 -13 11.0 1 201
288.7129665829737 476.4211763403159 -12 -12 13.0 1 202
478.4689479564159 511.07935994870195 16 2 11.0 1 203
333.1887140304307 517.3083631592071 11 18 11.0 1 204
127.26731796510109 387.9217488827756 -4 -1 12.0 1 205
536.2172709994256 629.6385313519249 10 13 13.0 1 206
524.9257536454221 521.1179428331051 5 -2 11.0 1 207
460.32412769323525 698.9749146969529 -6 -13 10.0 1 208
473.54058606535665 626.3532244107953 12 -15 13.0 1 209
440.26308278635054 545.5331033288973 -9 -10 10.0 1 210
313.6810507059896 262.91229452362234 -9 3 11.0 1 211
698.5267075357879 564.8114222007753 -1 5 10.0 1 212
524.7132172738355 539.3399204722361 13 16 13.0 1 213
635.5881979986706 183.44007535155728 7 -9 11.0 1 214
359.22271846021505 622.290830468162 21 8 11.0 1 215
49.99696596608379 453.0459816296513 19 1 13.0 1 216
597.684685564732 377.1578220571457 -11 -1 12.0 1 217
263.0368128237026 453.3861907098691 -17 11 13.0 1 218
674.9032703668729 392.7067194214171 -8 -8 13.0 1 219
