400 400 7.071067811865475 -7.0710678118654755 5 2 -1 10 187
742.842712474619 57.15728752538092
800.0 400.0 0 0 24.0 1 0
799.4518139018296 420.9343824971775 0 0 24.0 1 1
797.8087581473094 441.8113853070614 0 0 24.0 1 2
795.0753362380551 462.57378601609236 0 0 24.0 1 3
791.2590402935223 483.16467632710373 0 0 24.0 1 4
786.3703305156273 503.5276180410083 0 0 24.0 1 5
780.4226065180615 523.6067977499789 0 0 24.0 1 6
773.4321705988807 543.3471798181201 0 0 24.0 1 7
765.4181830570403 562.6946572303201 0 0 24.0 1 8
756.4026096753471 581.5961998958187 0 0 24.0 1 9
746.4101615137755 600.0 0 0 24.0 1 10
735.4682271781696 617.8556140060108 0 0 24.0 1 11
723.606797749979 635.1141009169893 0 0 24.0 1 12
710.8583845827884 651.728156419935 0 0 24.0 1 13
697.2579301909577 667.6522425435433 0 0 24.0 1 14
682.842712474619 682.842712474619 0 0 24.0 1 15
667.6522425435433 697.2579301909577 0 0 24.0 1 16
651.728156419935 710.8583845827884 0 0 24.0 1 17
635.1141009169893 723.606797749979 0 0 24.0 1 18
617.8556140060108 735.4682271781696 0 0 24.0 1 19
600.0 746.4101615137754 0 0 24.0 1 20
581.5961998958187 756.4026096753471 0 0 24.0 1 21
562.6946572303201 765.4181830570403 0 0 24.0 1 22
543.3471798181201 773.4321705988807 0 0 24.0 1 23
523.606797749979 780.4226065180615 0 0 24.0 1 24
503.5276180410083 786.3703305156273 0 0 24.0 1 25
483.1646763271038 791.2590402935223 0 0 24.0 1 26
462.57378601609236 795.0753362380551 0 0 24.0 1 27
441.8113853070614 797.8087581473094 0 0 24.0 1 28
420.9343824971776 799.4518139018296 0 0 24.0 1 29
400.0 800.0 0 0 24.0 1 30
379.0656175028225 799.4518139018296 0 0 24.0 1 31
358.1886146929386 797.8087581473094 0 0 24.0 1 32
337.4262139839077 795.0753362380551 0 0 24.0 1 33
316.83532367289627 791.2590402935223 0 0 24.0 1 34
296.47238195899166 786.3703305156273 0 0 24.0 1 35
276.3932022500211 780.4226065180615 0 0 24.0 1 36
256.65282018187986 773.4321705988807 0 0 24.0 1 37
237.3053427696799 765.4181830570403 0 0 24.0 1 38
218.4038001041813 756.4026096753471 0 0 24.0 1 39
200.00000000000009 746.4101615137755 0 0 24.0 1 40
182.14438599398918 735.4682271781696 0 0 24.0 1 41
164.8858990830108 723.606797749979 0 0 24.0 1 42
148.27184358006508 710.8583845827884 0 0 24.0 1 43
132.3477574564567 697.2579301909577 0 0 24.0 1 44
117.15728752538104 682.842712474619 0 0 24.0 1 45
102.74206980904233 667.6522425435434 0 0 24.0 1 46
89.14161541721165 651.728156419935 0 0 24.0 1 47
76.39320225002109 635.1141009169893 0 0 24.0 1 48
64.53177282183043 617.8556140060109 0 0 24.0 1 49
53.589838486224494 600.0 0 0 24.0 1 50
43.597390324652906 581.5961998958187 0 0 24.0 1 51
34.58181694295968 562.6946572303202 0 0 24.0 1 52
26.567829401119297 543.3471798181201 0 0 24.0 1 53
19.5773934819386 523.606797749979 0 0 24.0 1 54
13.629669484372698 503.5276180410084 0 0 24.0 1 55
8.740959706477724 483.16467632710373 0 0 24.0 1 56
4.924663761944942 462.5737860160924 0 0 24.0 1 57
2.1912418526906663 441.81138530706147 0 0 24.0 1 58
0.5481860981704472 420.9343824971775 0 0 24.0 1 59
0.0 400.00000000000006 0 0 24.0 1 60
0.5481860981704472 379.0656175028226 0 0 24.0 1 61
2.1912418526906663 358.1886146929386 0 0 24.0 1 62
4.924663761944885 337.4262139839077 0 0 24.0 1 63
8.740959706477781 316.8353236728962 0 0 24.0 1 64
13.629669484372698 296.47238195899166 0 0 24.0 1 65
19.577393481938543 276.3932022500211 0 0 24.0 1 66
26.567829401119297 256.65282018187986 0 0 24.0 1 67
34.58181694295968 237.30534276967992 0 0 24.0 1 68
43.59739032465285 218.40380010418136 0 0 24.0 1 69
53.58983848622455 199.99999999999994 0 0 24.0 1 70
64.53177282183037 182.14438599398918 0 0 24.0 1 71
76.39320225002103 164.8858990830108 0 0 24.0 1 72
89.14161541721171 148.27184358006497 0 0 24.0 1 73
102.74206980904228 132.3477574564567 0 0 24.0 1 74
117.15728752538092 117.15728752538104 0 0 24.0 1 75
132.34775745645675 102.74206980904228 0 0 24.0 1 76
148.27184358006485 89.14161541721177 0 0 24.0 1 77
164.8858990830107 76.39320225002109 0 0 24.0 1 78
182.1443859939892 64.53177282183032 0 0 24.0 1 79
199.99999999999983 53.58983848622461 0 0 24.0 1 80
218.40380010418124 43.597390324652906 0 0 24.0 1 81
237.30534276967995 34.58181694295962 0 0 24.0 1 82
256.65282018187975 26.567829401119354 0 0 24.0 1 83
276.393202250021 19.5773934819386 0 0 24.0 1 84
296.4723819589917 13.629669484372698 0 0 24.0 1 85
316.8353236728961 8.740959706477781 0 0 24.0 1 86
337.4262139839076 4.924663761944942 0 0 24.0 1 87
358.18861469293864 2.1912418526906663 0 0 24.0 1 88
379.0656175028223 0.5481860981704472 0 0 24.0 1 89
399.99999999999994 0.0 0 0 24.0 1 90
420.9343824971776 0.5481860981704472 0 0 24.0 1 91
441.8113853070612 2.1912418526906663 0 0 24.0 1 92
462.5737860160923 4.924663761944885 0 0 24.0 1 93
483.1646763271038 8.740959706477781 0 0 24.0 1 94
503.5276180410081 13.629669484372641 0 0 24.0 1 95
523.6067977499789 19.577393481938543 0 0 24.0 1 96
543.3471798181201 26.567829401119297 0 0 24.0 1 97
562.6946572303199 34.58181694295956 0 0 24.0 1 98
581.5961998958187 43.59739032465279 0 0 24.0 1 99
756.4026096753471 218.40380010418122 0 0 24.0 1 100
765.4181830570403 237.30534276967995 0 0 24.0 1 101
773.4321705988806 256.6528201818797 0 0 24.0 1 102
780.4226065180615 276.3932022500209 0 0 24.0 1 103
786.3703305156273 296.4723819589917 0 0 24.0 1 104
791.2590402935223 316.83532367289604 0 0 24.0 1 105
795.0753362380551 337.4262139839076 0 0 24.0 1 106
797.8087581473094 358.18861469293864 0 0 24.0 1 107
799.4518139018296 379.06561750282225 0 0 24.0 1 108
800.0 399.9999999999999 0 0 24.0 1 109
542.4816698421483 501.60695723715503 0 0 12.0 1 110
264.29402948134714 518.2534970543811 0 0 12.0 1 111
147.69250267207008 239.55709179861947 0 0 10.0 1 112
230.2394157333611 409.019092495889 0 0 13.0 1 113
612.1243442302581 175.31296747501656 0 0 11.0 1 114
234.46979676688048 377.89226792268954 0 0 10.0 1 115
616.2379394094366 120.98359625290692 0 0 11.0 1 116
284.2081289874496 324.925086697267 0 0 11.0 1 117
221.58511773022266 462.3628878794231 0 0 12.0 1 118
348.79897883632367 585.047170828945 0 0 12.0 1 119
315.02632928773045 301.61567560996934 0 0 10.0 1 120
721.9764108558347 374.3058206514648 0 0 11.0 1 121
577.7892998244612 275.58149306502725 0 0 13.0 1 122
642.391022639498 417.1927933675239 0 0 11.0 1 123
258.2446895805753 528.0094995220767 0 0 13.0 1 124
133.41079949800553 273.68611249863545 0 0 11.0 1 125
466.46159639690217 264.412920215917 0 0 12.0 1 126
274.12683691382443 143.18888884107633 0 0 13.0 1 127
230.95038379090272 452.4521425640261 0 0 12.0 1 128
516.3303489527216 702.3958496946314 0 0 11.0 1 129
207.07331935458956 459.8606372764591 0 0 13.0 1 130
613.1458119954204 680.1300819776643 0 0 12.0 1 131
576.045231947429 251.98622932789013 0 0 10.0 1 132
306.61810892105757 225.40383045862507 0 0 10.0 1 133
617.7086811574784 303.8390404131105 0 0 10.0 1 134
281.0021021193106 330.11795438042026 0 0 11.0 1 135
221.11639813707623 522.8399649322116 0 0 13.0 1 136
307.69805509847754 576.2990384755298 0 0 10.0 1 137
622.733570174542 517.8717808353736 0 0 11.0 1 138
277.9964374391119 483.78025258049456 0 0 10.0 1 139
382.9291783540304 216.79359441239097 0 0 11.0 1 140
647.2121385008468 337.46074370574814 0 0 11.0 1 141
153.08134372215693 481.4320402663742 0 0 11.0 1 142
399.38022689616645 259.0013621296299 0 0 12.0 1 143
354.8461493240317 140.9051722455032 0 0 12.0 1 144
529.5658437398727 471.53105714285846 0 0 11.0 1 145
660.4730729086707 253.18454342435766 0 0 12.0 1 146
533.1653119319117 363.79227018885786 0 0 11.0 1 147
546.0771605358955 80.84100644072367 0 0 12.0 1 148
392.4429562066901 58.0835027538069 0 0 12.0 1 149
289.2425581619083 328.1892133626032 0 0 11.0 1 150
175.3126498514559 310.11343435626475 0 0 10.0 1 151
409.2525256466596 698.8568064628241 0 0 12.0 1 152
351.21281894144937 559.714780043552 0 0 13.0 1 153
209.22544541345127 492.46117737896236 0 0 11.0 1 154
453.94932859263747 198.0830122441313 19 -9 12.0 1 155
579.893517015247 512.1709522821529 0 10 13.0 1 156
198.22095576752673 281.5043574276691 20 19 11.0 1 157
261.5161629003155 491.5326546219876 16 -16 12.0 1 158
675.9402445055249 224.54065581385777 13 10 10.0 1 159
512.2793281041019 571.5177905655604 -1 -4 11.0 1 160
208.71294570031029 96.20687490111374 0 -10 11.0 1 161
380.28655574020536 592.9958033621871 3 17 13.0 1 162
641.2001139644793 617.8244821490968 -17 6 12.0 1 163
237.46394684045495 470.0787515821846 6 22 11.0 1 164
258.8923191954203 516.5230553064622 10 14 12.0 1 165
560.1284346835479 236.2932976149213 7 0 13.0 1 166
360.9267068644892 276.01097724578017 -7 20 12.0 1 167
575.1956109662857 173.9413839329501 11 -4 11.0 1 168
247.92864398934483 370.0116242340374 -6 17 10.0 1 169
145.11529519075168 647.1007633624436 -10 -14 10.0 1 170
276.65648522576146 320.02889669926265 -14 -16 11.0 1 171
80.72841518749061 465.89123713596996 0 4 12.0 1 172
743.7534633281264 470.95460837689444 17 -10 10.0 1 173
515.1635484673486 251.4020285992819 14 -13 13.0 1 174
612.73132462815 527.4730697910452 17 -2 10.0 1 175
131.73051245195222 499.13365750696295 -17 14 11.0 1 176
277.0375946756171 53.1509739427799 8 -9 12.0 1 177
268.3333883839091 173.48752046402063 -10 10 11.0 1 178
466.4675280475016 701.7665781945618 -15 2 13.0 1 179
693.0390380361239 358.23731106761545 -3 3 13.0 1 180
466.6826333162638 702.7431690625053 -6 9 12.0 1 181
564.0702856667692 226.21294248067625 8 -17 12.0 1 182
370.02189366152055 525.4683750606455 9 18 10.0 1 183
553.0 400.0 -10 -5 13.0 1 184
277.86462653321246 506.428147348943 17 -17 10.0 1 185
620.4461563923006 415.63624417375627 0 -6 13.0 1 186
645.7140178909631 530.0331550485471 -3 10 13.0 1 187
209.50122819469902 591.3379678492271 14 -5 11.0 1 188
483.23948116147807 522.373153820468 10 -14 11.0 1 189
124.01081191508013 397.5570386358485 -14 -15 11.0 1 190
646.4750680011598 569.2661834325559 -2 -8 12.0 1 191
481.51183461340867 496.0823647604299 -4 6 11.0 1 192
445.1817358938218 49.90342654972909 -6 10 10.0 1 193
373.2515516401862 45.006309196427594 -6 6 12.0 1 194
490.2293196116883 215.9248254586953 5 15 13.0 1 195
484.37735813360337 644.8702951245692 -7 -7 11.0 1 196
748.6502363100085 471.9653577839727 16 -15 13.0 1 197
103.10707983499225 199.95352051112138 -11 8 12.0 1 198
187.9950492086683 285.3924049638724 6 -10 10.0 1 199
601.5208492055381 506.6458969462904 13 17 12.0 1 200
487.8171467269554 575.2259933364237 15 12 13.0 1 201
471.7269488048231 659.2609589104196 6 15 13.0 1 202
489.504103229232 308.49581700746694 -17 0 12.0 1 203
587.914236358557 355.9859139163338 -13 -16 10.0 1 204
494.0696031654724 644.5299772222019 9 -15 10.0 1 205
591.5078487458392 230.11549844455854 6 -12 12.0 1 206
145.96211989736224 431.6347194227773 13 9 11.0 1 207
358.3219254670635 561.7156087185989 -12 -14 12.0 1 208
141.70610962800077 621.0978656534197 -12 -17 10.0 1 209
512.8074379156949 501.8748347281929 20 -5 10.0 1 210
346.41215656054806 692.1255603940004 11 12 11.0 1 211
233.60589438037775 210.7461978848351 -12 19 13.0 1 212
442.0707487485405 158.63916618527938 -4 4 13.0 1 213
507.5078308265989 711.9969011239685 -15 8 12.0 1 214
305.27669961065584 45.434778406919804 -7 10 12.0 1 215
676.9565964954104 404.90343325419957 0 15 10.0 1 216
445.56571665212624 46.9281015628996 4 -4 11.0 1 217
365.76279009403305 180.65594729317422 -16 -10 11.0 1 218
401.3498378863555 95.00298700203547 16 2 10.0 1 219
