400 400 -7.071067811865475 -7.071067811865477 5 2 -1 10 187
57.15728752538104 57.15728752538092
800.0 400.0 0 0 24.0 1 0
799.4518139018296 420.9343824971775 0 0 24.0 1 1
797.8087581473094 441.8113853070614 0 0 24.0 1 2
795.0753362380551 462.57378601609236 0 0 24.0 1 3
791.2590402935223 483.16467632710373 0 0 24.0 1 4
786.3703305156273 503.5276180410083 0 0 24.0 1 5
780.4226065180615 523.6067977499789 0 0 24.0 1 6
773.4321705988807 543.3471798181201 0 0 24.0 1 7
765.4181830570403 562.6946572303201 0 0 24.0 1 8
756.4026096753471 581.5961998958187 0 0 24.0 1 9
746.4101615137755 600.0 0 0 24.0 1 10
735.4682271781696 617.8556140060108 0 0 24.0 1 11
723.606797749979 635.1141009169893 0 0 24.0 1 12
710.8583845827884 651.728156419935 0 0 24.0 1 13
697.2579301909577 667.6522425435433 0 0 24.0 1 14
682.842712474619 682.842712474619 0 0 24.0 1 15
667.6522425435433 697.2579301909577 0 0 24.0 1 16
651.728156419935 710.8583845827884 0 0 24.0 1 17
635.1141009169893 723.606797749979 0 0 24.0 1 18
617.8556140060108 735.4682271781696 0 0 24.0 1 19
600.0 746.4101615137754 0 0 24.0 1 20
581.5961998958187 756.4026096753471 0 0 24.0 1 21
562.6946572303201 765.4181830570403 0 0 24.0 1 22
543.3471798181201 773.4321705988807 0 0 24.0 1 23
523.606797749979 780.4226065180615 0 0 24.0 1 24
503.5276180410083 786.3703305156273 0 0 24.0 1 25
483.1646763271038 791.2590402935223 0 0 24.0 1 26
462.57378601609236 795.0753362380551 0 0 24.0 1 27
441.8113853070614 797.8087581473094 0 0 24.0 1 28
420.9343824971776 799.4518139018296 0 0 24.0 1 29
400.0 800.0 0 0 24.0 1 30
379.0656175028225 799.4518139018296 0 0 24.0 1 31
358.1886146929386 797.8087581473094 0 0 24.0 1 32
337.4262139839077 795.0753362380551 0 0 24.0 1 33
316.83532367289627 791.2590402935223 0 0 24.0 1 34
296.47238195899166 786.3703305156273 0 0 24.0 1 35
276.3932022500211 780.4226065180615 0 0 24.0 1 36
256.65282018187986 773.4321705988807 0 0 24.0 1 37
237.3053427696799 765.4181830570403 0 0 24.0 1 38
218.4038001041813 756.4026096753471 0 0 24.0 1 39
200.00000000000009 746.4101615137755 0 0 24.0 1 40
182.14438599398918 735.4682271781696 0 0 24.0 1 41
164.8858990830108 723.606797749979 0 0 24.0 1 42
148.27184358006508 710.8583845827884 0 0 24.0 1 43
132.3477574564567 697.2579301909577 0 0 24.0 1 44
117.15728752538104 682.842712474619 0 0 24.0 1 45
102.74206980904233 667.6522425435434 0 0 24.0 1 46
89.14161541721165 651.728156419935 0 0 24.0 1 47
76.39320225002109 635.1141009169893 0 0 24.0 1 48
64.53177282183043 617.8556140060109 0 0 24.0 1 49
53.589838486224494 600.0 0 0 24.0 1 50
43.597390324652906 581.5961998958187 0 0 24.0 1 51
34.58181694295968 562.6946572303202 0 0 24.0 1 52
26.567829401119297 543.3471798181201 0 0 24.0 1 53
19.5773934819386 523.606797749979 0 0 24.0 1 54
13.629669484372698 503.5276180410084 0 0 24.0 1 55
8.740959706477724 483.16467632710373 0 0 24.0 1 56
4.924663761944942 462.5737860160924 0 0 24.0 1 57
2.1912418526906663 441.81138530706147 0 0 24.0 1 58
0.5481860981704472 420.9343824971775 0 0 24.0 1 59
0.0 400.00000000000006 0 0 24.0 1 60
0.5481860981704472 379.0656175028226 0 0 24.0 1 61
2.1912418526906663 358.1886146929386 0 0 24.0 1 62
4.924663761944885 337.4262139839077 0 0 24.0 1 63
8.740959706477781 316.8353236728962 0 0 24.0 1 64
13.629669484372698 296.47238195899166 0 0 24.0 1 65
19.577393481938543 276.3932022500211 0 0 24.0 1 66
26.567829401119297 256.65282018187986 0 0 24.0 1 67
34.58181694295968 237.30534276967992 0 0 24.0 1 68
43.59739032465285 218.40380010418136 0 0 24.0 1 69
218.40380010418124 43.597390324652906 0 0 24.0 1 70
237.30534276967995 34.58181694295962 0 0 24.0 1 71
256.65282018187975 26.567829401119354 0 0 24.0 1 72
276.393202250021 19.5773934819386 0 0 24.0 1 73
296.4723819589917 13.629669484372698 0 0 24.0 1 74
316.8353236728961 8.740959706477781 0 0 24.0 1 75
337.4262139839076 4.924663761944942 0 0 24.0 1 76
358.18861469293864 2.1912418526906663 0 0 24.0 1 77
379.0656175028223 0.5481860981704472 0 0 24.0 1 78
399.99999999999994 0.0 0 0 24.0 1 79
420.9343824971776 0.5481860981704472 0 0 24.0 1 80
441.8113853070612 2.1912418526906663 0 0 24.0 1 81
462.5737860160923 4.924663761944885 0 0 24.0 1 82
483.1646763271038 8.740959706477781 0 0 24.0 1 83
503.5276180410081 13.629669484372641 0 0 24.0 1 84
523.6067977499789 19.577393481938543 0 0 24.0 1 85
543.3471798181201 26.567829401119297 0 0 24.0 1 86
562.6946572303199 34.58181694295956 0 0 24.0 1 87
581.5961998958187 43.59739032465279 0 0 24.0 1 88
600.0 53.58983848622455 0 0 24.0 1 89
617.8556140060107 64.53177282183032 0 0 24.0 1 90
635.1141009169892 76.39320225002098 0 0 24.0 1 91
651.728156419935 89.14161541721171 0 0 24.0 1 92
667.6522425435431 102.74206980904216 0 0 24.0 1 93
682.842712474619 117.15728752538092 0 0 24.0 1 94
697.2579301909577 132.34775745645675 0 0 24.0 1 95
710.8583845827882 148.27184358006485 0 0 24.0 1 96
723.6067977499789 164.88589908301066 0 0 24.0 1 97
735.4682271781696 182.1443859939892 0 0 24.0 1 98
746.4101615137754 199.99999999999983 0 0 24.0 1 99
756.4026096753471 218.40380010418122 0 0 24.0 1 100
765.4181830570403 237.30534276967995 0 0 24.0 1 101
773.4321705988806 256.6528201818797 0 0 24.0 1 102
780.4226065180615 276.3932022500209 0 0 24.0 1 103
786.3703305156273 296.4723819589917 0 0 24.0 1 104
791.2590402935223 316.83532367289604 0 0 24.0 1 105
795.0753362380551 337.4262139839076 0 0 24.0 1 106
797.8087581473094 358.18861469293864 0 0 24.0 1 107
799.4518139018296 379.06561750282225 0 0 24.0 1 108
800.0 399.9999999999999 0 0 24.0 1 109
365.599313905655 524.3285679006974 0 0 12.0 1 110
634.6699666701336 425.0201267590389 0 0 10.0 1 111
397.08324625521374 268.0322291330483 0 0 13.0 1 112
253.49764907276415 265.3223805794258 0 0 12.0 1 113
417.43870374650004 662.4212102929978 0 0 11.0 1 114
655.6705378778447 666.0706223190632 0 0 10.0 1 115
216.27275879923758 154.04614082971406 0 0 10.0 1 116
455.2928201812319 543.7313606573248 0 0 11.0 1 117
632.3623901733037 224.81803850581707 0 0 13.0 1 118
474.4301050468945 505.3620399513423 0 0 11.0 1 119
530.2704138464353 364.5793947499696 0 0 13.0 1 120
581.4031303110464 247.48146239439112 0 0 12.0 1 121
51.53066823850918 337.66923053820017 0 0 13.0 1 122
682.0541237564114 458.21916584770827 0 0 13.0 1 123
85.78874341387814 422.2774826802822 0 0 11.0 1 124
609.4759999372377 307.4753792210181 0 0 10.0 1 125
533.4775990778588 150.45495287541695 0 0 12.0 1 126
220.33216024885365 627.6388968501569 0 0 11.0 1 127
454.98395901219476 672.5082829041079 0 0 13.0 1 128
319.2196949479867 514.3439649290843 0 0 11.0 1 129
565.6113465161319 595.2149633227783 0 0 12.0 1 130
285.59264292132514 291.02772533220855 0 0 11.0 1 131
80.01253555371613 397.16758102707075 0 0 13.0 1 132
622.8661747385846 571.148088383688 0 0 12.0 1 133
673.0482999696535 157.78186301665573 0 0 10.0 1 134
325.98205921671877 284.71624380597814 0 0 10.0 1 135
367.61345008895023 192.51238257462427 0 0 12.0 1 136
306.65977726135947 283.8595556272451 0 0 13.0 1 137
560.3971026124245 459.2770568899922 0 0 10.0 1 138
388.3413073401708 107.23204600663064 0 0 12.0 1 139
529.233538253885 525.2944236204535 0 0 10.0 1 140
205.51294864546438 318.17221220503257 0 0 11.0 1 141
491.13657546904915 273.3898716066747 0 0 12.0 1 142
453.69787248068275 532.5350462747433 0 0 12.0 1 143
235.87425204307092 93.13400504849255 0 0 12.0 1 144
236.4531301128529 726.3087822142036 0 0 11.0 1 145
348.2692924462998 219.2572715266433 0 0 10.0 1 146
631.6553308734077 544.446556476546 0 0 10.0 1 147
292.9265834125254 482.2209429542445 0 0 12.0 1 148
179.9538615703441 370.61127831638964 0 0 13.0 1 149
237.98314552855337 296.97311580379574 0 0 12.0 1 150
224.13475272099373 84.73437421835223 0 0 12.0 1 151
112.1872060277642 590.2335291842512 0 0 11.0 1 152
247.57500631445538 624.070572141818 0 0 11.0 1 153
688.8988912676563 326.91490833063904 0 0 11.0 1 154
419.435853568004 62.55926802461573 -8 -9 11.0 1 155
535.0166333971988 314.1483331199304 17 -3 11.0 1 156
607.161387679466 372.33848422956544 21 3 12.0 1 157
436.9821639164725 601.6366027090696 3 -11 11.0 1 158
126.85470654283824 526.4620443540314 12 -2 12.0 1 159
248.13652056858862 116.06077478624883 -2 21 10.0 1 160
222.0743942088774 555.0434739157441 -15 7 12.0 1 161
627.8004668996466 645.6256242339203 -16 -3 11.0 1 162
549.7991944660909 220.23292476843739 4 0 10.0 1 163
334.92599196797767 578.5087490254982 -1 21 12.0 1 164
214.46015295514803 494.0157707971006 -13 8 10.0 1 165
684.7252080189867 626.7764448053297 -16 7 12.0 1 166
546.962227196134 628.8801078677478 7 17 11.0 1 167
253.67118861015575 454.07290409470704 -8 7 12.0 1 168
614.3436566323295 426.6982557760244 3 -5 10.0 1 169
627.3509031467518 455.3856194183679 -1 -4 10.0 1 170
508.471242453698 303.7763565408632 16 -7 10.0 1 171
424.148054889535 564.2341969415993 -2 18 12.0 1 172
521.4751645930645 288.3362888531467 22 -15 11.0 1 173
278.29474773509315 371.489798823309 -11 9 13.0 1 174
167.12778389437446 528.5555559517162 8 -9 11.0 1 175
269.5328465678263 211.7997824780597 7 -15 12.0 1 176
517.7665261002861 706.1291317896267 4 22 12.0 1 177
651.9113604816437 393.3167028879895 5 -6 12.0 1 178
615.8970879996076 578.2931501580745 20 2 11.0 1 179
478.75524646083295 150.11680497701838 -9 22 12.0 1 180
527.2016752220154 346.4861343134986 22 -2 11.0 1 181
647.5288371772439 631.625721295545 -2 19 12.0 1 182
262.295364768126 445.41402245624715 13 -17 11.0 1 183
322.14608575929014 180.39178513224923 -6 -16 12.0 1 184
529.354974778763 291.24205546266705 4 8 10.0 1 185
259.94374867119916 645.9130872152268 8 22 13.0 1 186
528.0254940463219 436.03432910705 16 15 13.0 1 187
377.14984052531713 194.26504863786133 9 11 11.0 1 188
382.48704880739535 663.4184817747712 -13 18 11.0 1 189
469.4753715068677 690.81639010548 3 3 12.0 1 190
509.43258506662625 186.40105495196 -6 13 13.0 1 191
481.74626312324364 507.43625303120643 -15 21 11.0 1 192
308.0315491230815 600.9547313284756 17 -5 10.0 1 193
189.48931880338444 473.5816084503246 1 17 11.0 1 194
224.35662196028562 421.87244272590465 10 22 11.0 1 195
608.7291395304295 505.77403419973405 -11 -10 11.0 1 196
512.2325765114215 328.6358019059422 -17 5 13.0 1 197
401.84127816736174 538.9878041221978 11 16 13.0 1 198
99.81260741970317 292.0716472105558 1 -10 12.0 1 199
529.220812472299 431.4798606095852 3 1 11.0 1 200
284.4042439683665 135.12527265238185 -5 11 12.0 1 201
672.0560178258273 296.7211388291238 8 15 12.0 1 202
189.96464477121893 589.6685254698832 1 22 12.0 1 203
536.9201417856463 456.18607277073687 18 11 12.0 1 204
656.3131842035384 648.5006068472328 11 16 10.0 1 205
467.3607048833939 607.3319450485436 14 19 12.0 1 206
685.2577841492343 538.2642274135605 -8 20 13.0 1 207
238.2281491106147 408.5946646137295 16 18 13.0 1 208
557.951108282153 512.638569737189 5 -15 11.0 1 209
109.2228705099946 295.45498115379854 -7 -12 12.0 1 210
345.6019971615842 275.3530694834738 -8 -8 12.0 1 211
340.3768056447465 573.014666126533 1 -16 10.0 1 212
450.00010283084544 537.17138811321 -11 7 11.0 1 213
477.773973613573 518.8074451722418 17 14 11.0 1 214
380.0919191619312 565.8091321892281 21 20 10.0 1 215
236.60017489519583 582.5527243174405 -11 8 11.0 1 216
66.47038149966244 417.7198640801584 11 -15 10.0 1 217
145.1622391561724 638.4506566317319 -8 9 12.0 1 218
658.0434881554538 272.103329908218 -7 -16 11.0 1 219
