400 400 -7.071067811865475 7.0710678118654755 5 2 -1 10 187
57.15728752538104 742.842712474619
800.0 400.0 0 0 24.0 1 0
799.4518139018296 420.9343824971775 0 0 24.0 1 1
797.8087581473094 441.8113853070614 0 0 24.0 1 2
795.0753362380551 462.57378601609236 0 0 24.0 1 3
791.2590402935223 483.16467632710373 0 0 24.0 1 4
786.3703305156273 503.5276180410083 0 0 24.0 1 5
780.4226065180615 523.6067977499789 0 0 24.0 1 6
773.4321705988807 543.3471798181201 0 0 24.0 1 7
765.4181830570403 562.6946572303201 0 0 24.0 1 8
756.4026096753471 581.5961998958187 0 0 24.0 1 9
746.4101615137755 600.0 0 0 24.0 1 10
735.4682271781696 617.8556140060108 0 0 24.0 1 11
723.606797749979 635.1141009169893 0 0 24.0 1 12
710.8583845827884 651.728156419935 0 0 24.0 1 13
697.2579301909577 667.6522425435433 0 0 24.0 1 14
682.842712474619 682.842712474619 0 0 24.0 1 15
667.6522425435433 697.2579301909577 0 0 24.0 1 16
651.728156419935 710.8583845827884 0 0 24.0 1 17
635.1141009169893 723.606797749979 0 0 24.0 1 18
617.8556140060108 735.4682271781696 0 0 24.0 1 19
600.0 746.4101615137754 0 0 24.0 1 20
581.5961998958187 756.4026096753471 0 0 24.0 1 21
562.6946572303201 765.4181830570403 0 0 24.0 1 22
543.3471798181201 773.4321705988807 0 0 24.0 1 23
523.606797749979 780.4226065180615 0 0 24.0 1 24
503.5276180410083 786.3703305156273 0 0 24.0 1 25
483.1646763271038 791.2590402935223 0 0 24.0 1 26
462.57378601609236 795.0753362380551 0 0 24.0 1 27
441.8113853070614 797.8087581473094 0 0 24.0 1 28
420.9343824971776 799.4518139018296 0 0 24.0 1 29
400.0 800.0 0 0 24.0 1 30
379.0656175028225 799.4518139018296 0 0 24.0 1 31
358.1886146929386 797.8087581473094 0 0 24.0 1 32
337.4262139839077 795.0753362380551 0 0 24.0 1 33
316.83532367289627 791.2590402935223 0 0 24.0 1 34
296.47238195899166 786.3703305156273 0 0 24.0 1 35
276.3932022500211 780.4226065180615 0 0 24.0 1 36
256.65282018187986 773.4321705988807 0 0 24.0 1 37
237.3053427696799 765.4181830570403 0 0 24.0 1 38
218.4038001041813 756.4026096753471 0 0 24.0 1 39
43.597390324652906 581.5961998958187 0 0 24.0 1 40
34.58181694295968 562.6946572303202 0 0 24.0 1 41
26.567829401119297 543.3471798181201 0 0 24.0 1 42
19.5773934819386 523.606797749979 0 0 24.0 1 43
13.629669484372698 503.5276180410084 0 0 24.0 1 44
8.740959706477724 483.16467632710373 0 0 24.0 1 45
4.924663761944942 462.5737860160924 0 0 24.0 1 46
2.1912418526906663 441.81138530706147 0 0 24.0 1 47
0.5481860981704472 420.9343824971775 0 0 24.0 1 48
0.0 400.00000000000006 0 0 24.0 1 49
0.5481860981704472 379.0656175028226 0 0 24.0 1 50
2.1912418526906663 358.1886146929386 0 0 24.0 1 51
4.924663761944885 337.4262139839077 0 0 24.0 1 52
8.740959706477781 316.8353236728962 0 0 24.0 1 53
13.629669484372698 296.47238195899166 0 0 24.0 1 54
19.577393481938543 276.3932022500211 0 0 24.0 1 55
26.567829401119297 256.65282018187986 0 0 24.0 1 56
34.58181694295968 237.30534276967992 0 0 24.0 1 57
43.59739032465285 218.40380010418136 0 0 24.0 1 58
53.58983848622455 199.99999999999994 0 0 24.0 1 59
64.53177282183037 182.14438599398918 0 0 24.0 1 60
76.39320225002103 164.8858990830108 0 0 24.0 1 61
89.14161541721171 148.27184358006497 0 0 24.0 1 62
102.74206980904228 132.3477574564567 0 0 24.0 1 63
117.15728752538092 117.15728752538104 0 0 24.0 1 64
132.34775745645675 102.74206980904228 0 0 24.0 1 65
148.27184358006485 89.14161541721177 0 0 24.0 1 66
164.8858990830107 76.39320225002109 0 0 24.0 1 67
182.1443859939892 64.53177282183032 0 0 24.0 1 68
199.99999999999983 53.58983848622461 0 0 24.0 1 69
218.40380010418124 43.597390324652906 0 0 24.0 1 70
237.30534276967995 34.58181694295962 0 0 24.0 1 71
256.65282018187975 26.567829401119354 0 0 24.0 1 72
276.393202250021 19.5773934819386 0 0 24.0 1 73
296.4723819589917 13.629669484372698 0 0 24.0 1 74
316.8353236728961 8.740959706477781 0 0 24.0 1 75
337.4262139839076 4.924663761944942 0 0 24.0 1 76
358.18861469293864 2.1912418526906663 0 0 24.0 1 77
379.0656175028223 0.5481860981704472 0 0 24.0 1 78
399.99999999999994 0.0 0 0 24.0 1 79
420.9343824971776 0.5481860981704472 0 0 24.0 1 80
441.8113853070612 2.1912418526906663 0 0 24.0 1 81
462.5737860160923 4.924663761944885 0 0 24.0 1 82
483.1646763271038 8.740959706477781 0 0 24.0 1 83
503.5276180410081 13.629669484372641 0 0 24.0 1 84
523.6067977499789 19.577393481938543 0 0 24.0 1 85
543.3471798181201 26.567829401119297 0 0 24.0 1 86
562.6946572303199 34.58181694295956 0 0 24.0 1 87
581.5961998958187 43.59739032465279 0 0 24.0 1 88
600.0 53.58983848622455 0 0 24.0 1 89
617.8556140060107 64.53177282183032 0 0 24.0 1 90
635.1141009169892 76.39320225002098 0 0 24.0 1 91
651.728156419935 89.14161541721171 0 0 24.0 1 92
667.6522425435431 102.74206980904216 0 0 24.0 1 93
682.842712474619 117.15728752538092 0 0 24.0 1 94
697.2579301909577 132.34775745645675 0 0 24.0 1 95
710.8583845827882 148.27184358006485 0 0 24.0 1 96
723.6067977499789 164.88589908301066 0 0 24.0 1 97
735.4682271781696 182.1443859939892 0 0 24.0 1 98
746.4101615137754 199.99999999999983 0 0 24.0 1 99
756.4026096753471 218.40380010418122 0 0 24.0 1 100
765.4181830570403 237.30534276967995 0 0 24.0 1 101
773.4321705988806 256.6528201818797 0 0 24.0 1 102
780.4226065180615 276.3932022500209 0 0 24.0 1 103
786.3703305156273 296.4723819589917 0 0 24.0 1 104
791.2590402935223 316.83532367289604 0 0 24.0 1 105
795.0753362380551 337.4262139839076 0 0 24.0 1 106
797.8087581473094 358.18861469293864 0 0 24.0 1 107
799.4518139018296 379.06561750282225 0 0 24.0 1 108
800.0 399.9999999999999 0 0 24.0 1 109
323.2907457386426 534.6873799235341 0 0 10.0 1 110
478.5132946339707 627.8522823359891 0 0 12.0 1 111
284.6197153341587 528.9045767629274 0 0 10.0 1 112
485.7221916355239 232.68082637903532 0 0 13.0 1 113
510.7079896655438 523.6921219165305 0 0 12.0 1 114
343.6172099143696 584.5805541820691 0 0 10.0 1 115
378.51107800307096 114.80843941061318 0 0 10.0 1 116
359.10056677726294 533.8926299766304 0 0 12.0 1 117
331.99864376699236 645.7657737571926 0 0 12.0 1 118
182.62377657511234 129.5252738433158 0 0 10.0 1 119
726.6989275402733 353.44024544700375 0 0 13.0 1 120
134.19109813278283 230.97151811560244 0 0 10.0 1 121
644.5303254238215 384.8368885739134 0 0 10.0 1 122
179.6591286293875 629.2899919395506 0 0 13.0 1 123
564.7739692407497 521.9612194947578 0 0 12.0 1 124
363.0118880898699 762.1158372362685 0 0 11.0 1 125
630.0042372746959 576.6296997554075 0 0 13.0 1 126
566.3841648365611 247.05455321703732 0 0 10.0 1 127
594.8447688337396 108.04706533736197 0 0 11.0 1 128
568.2994475207469 376.0146718969413 0 0 11.0 1 129
371.03952776267283 683.5247626712542 0 0 10.0 1 130
456.7324370926452 208.2151450673723 0 0 10.0 1 131
338.9855499499331 206.38637216071825 0 0 11.0 1 132
574.7582421948023 520.0148190224143 0 0 12.0 1 133
276.1863125460297 360.3746192567118 0 0 11.0 1 134
398.54946720379377 70.00318796296358 0 0 10.0 1 135
533.8689676347083 394.075516527373 0 0 12.0 1 136
172.0803800396722 393.94633688253555 0 0 10.0 1 137
550.9053658379638 405.3451437127828 0 0 12.0 1 138
462.30529963829844 546.2841400732898 0 0 11.0 1 139
474.19451977287974 296.926369833639 0 0 13.0 1 140
463.37992429002304 144.75113086050519 0 0 11.0 1 141
630.5611682684728 354.54070296763314 0 0 10.0 1 142
426.44447064193974 248.2874758878899 0 0 13.0 1 143
396.1364665580897 690.9743512912148 0 0 13.0 1 144
314.0591164078036 109.44335401269421 0 0 10.0 1 145
670.4191408721586 525.209776974339 0 0 11.0 1 146
521.939699177396 301.1075848989108 0 0 11.0 1 147
622.4929778658383 454.2021660119926 0 0 12.0 1 148
490.05309137703466 256.9914662216291 0 0 11.0 1 149
382.4938138414235 526.797213873891 0 0 12.0 1 150
128.6810054055211 234.1386025253582 0 0 12.0 1 151
350.665682732916 578.3006593924731 0 0 13.0 1 152
352.88668709038586 267.10404164655426 0 0 12.0 1 153
525.6903861758233 640.0894142251433 0 0 10.0 1 154
209.4775574805487 535.8572739915769 -16 6 10.0 1 155
311.1898021449138 690.7382822349689 12 4 13.0 1 156
221.9677518914925 633.9669178183763 6 -8 13.0 1 157
667.923655141874 144.81983812330117 -15 14 11.0 1 158
676.640585282431 552.7284733590761 -10 14 11.0 1 159
256.5128989153113 450.1542801993244 22 12 10.0 1 160
678.0386014626442 638.0137308994942 1 2 12.0 1 161
607.86836545856 296.9721268705089 4 1 10.0 1 162
679.8365777058574 486.83599356184993 -5 14 13.0 1 163
359.7481451105524 142.1225326284616 16 -4 13.0 1 164
235.0907943830007 571.6069750994121 -5 -5 11.0 1 165
266.4555598995684 491.70541160837917 -14 -15 13.0 1 166
429.8056000433562 753.7465564582296 16 -1 11.0 1 167
189.65574569608813 583.2929204342907 15 17 10.0 1 168
544.188412342595 519.0743538555712 -15 -15 13.0 1 169
729.3072488096312 254.54644768369658 -13 8 12.0 1 170
599.799415451377 122.4316415992484 11 -4 12.0 1 171
71.49005804294967 514.8269046668743 -6 2 11.0 1 172
545.6367006165103 338.73050160531 -8 6 13.0 1 173
239.87650022188905 236.28847072118197 10 -6 13.0 1 174
524.1924945573573 250.96233933793528 19 -16 13.0 1 175
243.87484269900386 597.8103517456536 20 -9 12.0 1 176
651.5741591845076 426.8224240255798 -9 -15 12.0 1 177
318.49540984304065 549.1878070867257 13 20 12.0 1 178
339.6771573785736 86.75543953953388 3 -5 11.0 1 179
170.5840048047396 551.6354218135336 19 10 10.0 1 180
99.66696971016722 484.52260595205513 0 22 13.0 1 181
299.96340047104763 493.60383942277156 21 5 13.0 1 182
236.31378646607726 106.56717378771839 -10 14 13.0 1 183
194.1215804654493 570.0090479061498 11 16 12.0 1 184
534.4714980676824 411.93382618581677 16 7 13.0 1 185
237.59721266154273 68.65979014810199 -9 12 13.0 1 186
624.9077252788743 319.1450984177063 -12 15 13.0 1 187
290.39118439342343 275.3328128923914 -1 21 10.0 1 188
308.9839201374673 491.41702908351965 -1 0 13.0 1 189
754.8506066471235 352.6180734649972 16 15 11.0 1 190
240.25666578286354 201.2361522479698 -7 -13 11.0 1 191
396.3319611997385 234.0405305764092 4 8 13.0 1 192
159.2649811396677 178.6955700978504 18 -12 12.0 1 193
209.5677132996127 514.1032172292328 -4 17 10.0 1 194
259.01732841326447 305.00586169522524 0 -3 10.0 1 195
187.13326338609696 407.5334217555655 -17 -13 13.0 1 196
402.2784161495411 571.9849086979713 -14 -5 12.0 1 197
216.35475112153335 266.57053337299874 -6 -11 13.0 1 198
738.0960699927424 504.9144768631224 16 22 12.0 1 199
496.40614643861875 696.7319580511266 -9 21 11.0 1 200
436.4691214473387 703.8190303138683 -16 -17 12.0 1 201
200.20895175807715 122.42561890117872 -8 19 11.0 1 202
331.42013132773604 561.0024894617939 22 18 10.0 1 203
454.3906069365236 669.5675460382362 1 -1 11.0 1 204
535.2828977644544 606.6580208277728 -4 10 13.0 1 205
520.6021522320677 354.21658731600337 -14 -8 10.0 1 206
428.2831156069923 540.1751239398828 -7 6 10.0 1 207
412.623219084625 83.25143356292585 22 -16 10.0 1 208
404.89001313389224 179.05410668774502 -6 -15 13.0 1 209
255.68676258951174 385.90427340985747 17 -17 10.0 1 210
203.9228878040639 156.02712021025314 -4 -16 11.0 1 211
278.51407136398535 207.0617478480611 16 21 11.0 1 212
607.7045915834585 362.8543052945744 10 20 10.0 1 213
329.3989432431051 574.2397508745054 -3 -8 12.0 1 214
348.78770947146694 263.27655175932284 11 19 11.0 1 215
671.6894183745713 351.41131877394565 8 7 13.0 1 216
139.25412483501555 234.19110824673382 15 -14 10.0 1 217
305.05488716150325 710.8221767314635 7 8 13.0 1 218
398.8703426405303 143.0024827469141 -14 -1 10.0 1 219
