400 400 7.0710678118654755 7.0710678118654755 5 2 -1 10 187
742.842712474619 742.842712474619
800.0 400.0 0 0 24.0 1 0
799.4518139018296 420.9343824971775 0 0 24.0 1 1
797.8087581473094 441.8113853070614 0 0 24.0 1 2
795.0753362380551 462.57378601609236 0 0 24.0 1 3
791.2590402935223 483.16467632710373 0 0 24.0 1 4
786.3703305156273 503.5276180410083 0 0 24.0 1 5
780.4226065180615 523.6067977499789 0 0 24.0 1 6
773.4321705988807 543.3471798181201 0 0 24.0 1 7
765.4181830570403 562.6946572303201 0 0 24.0 1 8
756.4026096753471 581.5961998958187 0 0 24.0 1 9
581.5961998958187 756.4026096753471 0 0 24.0 1 10
562.6946572303201 765.4181830570403 0 0 24.0 1 11
543.3471798181201 773.4321705988807 0 0 24.0 1 12
523.606797749979 780.4226065180615 0 0 24.0 1 13
503.5276180410083 786.3703305156273 0 0 24.0 1 14
483.1646763271038 791.2590402935223 0 0 24.0 1 15
462.57378601609236 795.0753362380551 0 0 24.0 1 16
441.8113853070614 797.8087581473094 0 0 24.0 1 17
420.9343824971776 799.4518139018296 0 0 24.0 1 18
400.0 800.0 0 0 24.0 1 19
379.0656175028225 799.4518139018296 0 0 24.0 1 20
358.1886146929386 797.8087581473094 0 0 24.0 1 21
337.4262139839077 795.0753362380551 0 0 24.0 1 22
316.83532367289627 791.2590402935223 0 0 24.0 1 23
296.47238195899166 786.3703305156273 0 0 24.0 1 24
276.3932022500211 780.4226065180615 0 0 24.0 1 25
256.65282018187986 773.4321705988807 0 0 24.0 1 26
237.3053427696799 765.4181830570403 0 0 24.0 1 27
218.4038001041813 756.4026096753471 0 0 24.0 1 28
200.00000000000009 746.4101615137755 0 0 24.0 1 29
182.14438599398918 735.4682271781696 0 0 24.0 1 30
164.8858990830108 723.606797749979 0 0 24.0 1 31
148.27184358006508 710.8583845827884 0 0 24.0 1 32
132.3477574564567 697.2579301909577 0 0 24.0 1 33
117.15728752538104 682.842712474619 0 0 24.0 1 34
102.74206980904233 667.6522425435434 0 0 24.0 1 35
89.14161541721165 651.728156419935 0 0 24.0 1 36
76.39320225002109 635.1141009169893 0 0 24.0 1 37
64.53177282183043 617.8556140060109 0 0 24.0 1 38
53.589838486224494 600.0 0 0 24.0 1 39
43.597390324652906 581.5961998958187 0 0 24.0 1 40
34.58181694295968 562.6946572303202 0 0 24.0 1 41
26.567829401119297 543.3471798181201 0 0 24.0 1 42
19.5773934819386 523.606797749979 0 0 24.0 1 43
13.629669484372698 503.5276180410084 0 0 24.0 1 44
8.740959706477724 483.16467632710373 0 0 24.0 1 45
4.924663761944942 462.5737860160924 0 0 24.0 1 46
2.1912418526906663 441.81138530706147 0 0 24.0 1 47
0.5481860981704472 420.9343824971775 0 0 24.0 1 48
0.0 400.00000000000006 0 0 24.0 1 49
0.5481860981704472 379.0656175028226 0 0 24.0 1 50
2.1912418526906663 358.1886146929386 0 0 24.0 1 51
4.924663761944885 337.4262139839077 0 0 24.0 1 52
8.740959706477781 316.8353236728962 0 0 24.0 1 53
13.629669484372698 296.47238195899166 0 0 24.0 1 54
19.577393481938543 276.3932022500211 0 0 24.0 1 55
26.567829401119297 256.65282018187986 0 0 24.0 1 56
34.58181694295968 237.30534276967992 0 0 24.0 1 57
43.59739032465285 218.40380010418136 0 0 24.0 1 58
53.58983848622455 199.99999999999994 0 0 24.0 1 59
64.53177282183037 182.14438599398918 0 0 24.0 1 60
76.39320225002103 164.8858990830108 0 0 24.0 1 61
89.14161541721171 148.27184358006497 0 0 24.0 1 62
102.74206980904228 132.3477574564567 0 0 24.0 1 63
117.15728752538092 117.15728752538104 0 0 24.0 1 64
132.34775745645675 102.74206980904228 0 0 24.0 1 65
148.27184358006485 89.14161541721177 0 0 24.0 1 66
164.8858990830107 76.39320225002109 0 0 24.0 1 67
182.1443859939892 64.53177282183032 0 0 24.0 1 68
199.99999999999983 53.58983848622461 0 0 24.0 1 69
218.40380010418124 43.597390324652906 0 0 24.0 1 70
237.30534276967995 34.58181694295962 0 0 24.0 1 71
256.65282018187975 26.567829401119354 0 0 24.0 1 72
276.393202250021 19.5773934819386 0 0 24.0 1 73
296.4723819589917 13.629669484372698 0 0 24.0 1 74
316.8353236728961 8.740959706477781 0 0 24.0 1 75
337.4262139839076 4.924663761944942 0 0 24.0 1 76
358.18861469293864 2.1912418526906663 0 0 24.0 1 77
379.0656175028223 0.5481860981704472 0 0 24.0 1 78
399.99999999999994 0.0 0 0 24.0 1 79
420.9343824971776 0.5481860981704472 0 0 24.0 1 80
441.8113853070612 2.1912418526906663 0 0 24.0 1 81
462.5737860160923 4.924663761944885 0 0 24.0 1 82
483.1646763271038 8.740959706477781 0 0 24.0 1 83
503.5276180410081 13.629669484372641 0 0 24.0 1 84
523.6067977499789 19.577393481938543 0 0 24.0 1 85
543.3471798181201 26.567829401119297 0 0 24.0 1 86
562.6946572303199 34.58181694295956 0 0 24.0 1 87
581.5961998958187 43.59739032465279 0 0 24.0 1 88
600.0 53.58983848622455 0 0 24.0 1 89
617.8556140060107 64.53177282183032 0 0 24.0 1 90
635.1141009169892 76.39320225002098 0 0 24.0 1 91
651.728156419935 89.14161541721171 0 0 24.0 1 92
667.6522425435431 102.74206980904216 0 0 24.0 1 93
682.842712474619 117.15728752538092 0 0 24.0 1 94
697.2579301909577 132.34775745645675 0 0 24.0 1 95
710.8583845827882 148.27184358006485 0 0 24.0 1 96
723.6067977499789 164.88589908301066 0 0 24.0 1 97
735.4682271781696 182.1443859939892 0 0 24.0 1 98
746.4101615137754 199.99999999999983 0 0 24.0 1 99
756.4026096753471 218.40380010418122 0 0 24.0 1 100
765.4181830570403 237.30534276967995 0 0 24.0 1 101
773.4321705988806 256.6528201818797 0 0 24.0 1 102
780.4226065180615 276.3932022500209 0 0 24.0 1 103
786.3703305156273 296.4723819589917 0 0 24.0 1 104
791.2590402935223 316.83532367289604 0 0 24.0 1 105
795.0753362380551 337.4262139839076 0 0 24.0 1 106
797.8087581473094 358.18861469293864 0 0 24.0 1 107
799.4518139018296 379.06561750282225 0 0 24.0 1 108
800.0 399.9999999999999 0 0 24.0 1 109
276.34774064774854 484.9124181559066 0 0 10.0 1 110
103.41765520449172 192.43576233946692 0 0 13.0 1 111
216.99465615866785 525.6703788707418 0 0 12.0 1 112
495.22130699438065 623.5663272818201 0 0 13.0 1 113
442.17295342492025 230.15759658018408 0 0 11.0 1 114
690.8683151237992 460.03851478044913 0 0 10.0 1 115
186.7347160548535 365.73750353818286 0 0 11.0 1 116
111.72218657580936 263.4097284307278 0 0 13.0 1 117
500.9837380249086 58.62295821992274 0 0 12.0 1 118
56.690096354596164 526.8633519145051 0 0 12.0 1 119
238.2640808728583 338.5956641262306 0 0 10.0 1 120
306.48602558718585 484.44605727634377 0 0 13.0 1 121
278.5162034472449 458.8785799347166 0 0 11.0 1 122
665.4549914429742 214.2322753597642 0 0 10.0 1 123
265.92027769322533 432.6592722842715 0 0 10.0 1 124
254.5272659430109 240.3325842697248 0 0 11.0 1 125
631.6868738734794 424.7020743002375 0 0 11.0 1 126
260.00513975407705 79.21745822952818 0 0 11.0 1 127
410.2737074069933 731.8410024938381 0 0 13.0 1 128
203.24083056956528 568.4245506006932 0 0 12.0 1 129
119.99058375794402 310.3856773959483 0 0 12.0 1 130
263.31912752673884 244.54151969111456 0 0 11.0 1 131
373.3266877310846 46.00348248520163 0 0 13.0 1 132
519.947111902727 586.8065586273531 0 0 12.0 1 133
475.3855570392135 270.3195550983592 0 0 13.0 1 134
621.3081304666566 290.31084196989525 0 0 11.0 1 135
409.84047878139717 717.8477072079534 0 0 11.0 1 136
95.36987809107256 249.00169263944716 0 0 11.0 1 137
540.438484168837 125.88135385501533 0 0 13.0 1 138
247.02389220360445 402.7037831765077 0 0 12.0 1 139
390.2114730569352 154.19482360966256 0 0 10.0 1 140
202.6015827033222 256.5780182511528 0 0 13.0 1 141
605.0112362343864 522.8470309679831 0 0 10.0 1 142
304.1981111686194 530.6368940856288 0 0 11.0 1 143
705.906366833392 443.61530385993194 0 0 10.0 1 144
685.9905131676463 327.650664287042 0 0 12.0 1 145
482.1260231668607 696.848978975499 0 0 11.0 1 146
235.89544477072948 615.6633834312244 0 0 12.0 1 147
515.0170983407106 519.6957271137248 0 0 10.0 1 148
274.91430694638416 98.95254627667651 0 0 10.0 1 149
512.4756961080388 276.5568236595798 0 0 12.0 1 150
545.1270416277063 271.25940116501704 0 0 13.0 1 151
296.59936976953117 256.34308346639955 0 0 12.0 1 152
398.75605823840493 117.00273391975367 0 0 12.0 1 153
226.59114434510255 222.70541807359444 0 0 11.0 1 154
498.7462345095733 312.4033038854755 2 -16 10.0 1 155
634.0919138592816 152.04440747242927 9 9 13.0 1 156
305.7852080151183 596.5898597874404 7 -2 11.0 1 157
317.0373336214174 747.2264333073679 11 -4 12.0 1 158
554.2545105097711 578.6100388762931 6 -11 12.0 1 159
161.955976440693 254.48009466847466 13 17 12.0 1 160
475.36547618674365 510.7973149455589 9 22 11.0 1 161
262.6090845017325 249.2029962547401 -16 1 11.0 1 162
245.96643294404606 369.6246774499605 -8 11 11.0 1 163
156.58949547018634 342.97959764661806 -7 0 12.0 1 164
212.69311007480863 166.9396451848744 20 -8 11.0 1 165
529.8710755260596 226.15379284636515 -11 -17 11.0 1 166
545.2772140055675 725.0085092590355 20 5 13.0 1 167
649.9895362135069 218.37887847566927 21 -14 11.0 1 168
71.56297692785427 367.920070518986 -10 -17 13.0 1 169
175.51502079014017 242.89336707462414 19 -5 13.0 1 170
304.05472184340465 204.2488733124288 -3 -12 10.0 1 171
434.9433042663625 259.2734371664382 -3 -2 12.0 1 172
247.56291917756369 558.628296310381 0 4 10.0 1 173
358.2216327243384 267.42712182433417 -14 15 12.0 1 174
175.00881406120664 398.0084554096591 20 -9 10.0 1 175
673.6780019277091 587.9477354501959 -7 2 10.0 1 176
361.4951490377471 720.6967047731778 -14 16 12.0 1 177
466.90732872596635 108.5820709655024 5 8 12.0 1 178
582.1332050441758 707.0447778750458 7 -3 10.0 1 179
100.75363372873227 292.40998060488005 22 7 11.0 1 180
274.6507640868672 564.731809484367 0 20 10.0 1 181
284.6197153341587 528.9045767629274 -10 20 12.0 1 182
115.45713880377622 610.5976261553452 -12 4 10.0 1 183
369.1758628135173 765.7032575281617 12 6 13.0 1 184
141.96253707439462 511.2549672010954 17 -10 10.0 1 185
445.95844918853686 161.3856229222877 21 -13 12.0 1 186
490.85651160141913 157.45908736953018 12 22 13.0 1 187
395.81837071628576 534.9352214083988 -11 17 10.0 1 188
56.47260367964543 448.9686427967739 -4 12 13.0 1 189
188.21946684018974 154.79599152023127 2 -17 10.0 1 190
246.15567483610488 270.64419759877137 5 -8 13.0 1 191
518.0312318597985 287.5827935516165 -13 19 11.0 1 192
576.6713327436673 348.58754833139767 -13 -5 12.0 1 193
354.57289018227135 47.91850702769392 18 -11 10.0 1 194
69.32411079285151 385.3556735538415 15 20 11.0 1 195
164.12250161182263 376.96077791818084 18 15 13.0 1 196
587.3452064887349 503.43004208494403 12 20 11.0 1 197
320.5509281844985 289.61954435836344 21 -14 11.0 1 198
517.9100136988418 691.0210107011844 7 16 10.0 1 199
758.3117829679671 377.78139999197924 -15 6 12.0 1 200
538.451543459782 510.2731613476466 -7 22 10.0 1 201
469.1722342045675 204.89950790644207 8 -7 13.0 1 202
507.31728885626023 170.88867441232418 -10 -11 11.0 1 203
263.8918251596418 508.4000218709687 -2 19 13.0 1 204
464.8484153973129 612.3174110158127 9 -11 12.0 1 205
471.02032460666226 606.1070437728034 13 11 13.0 1 206
198.08844815198685 335.3801483263301 14 11 13.0 1 207
625.0 400.0 12 5 10.0 1 208
112.56202012893976 348.5859189750126 12 18 11.0 1 209
422.56164100429254 563.4502136896535 13 8 10.0 1 210
384.5736358835512 716.6244262373748 8 2 13.0 1 211
213.87646134958877 559.3205208384936 19 18 11.0 1 212
619.4722755079804 461.77313561208575 -7 -10 10.0 1 213
465.39610498446893 524.9173705009048 -16 -15 11.0 1 214
540.2322466210177 706.4374601898764 9 0 12.0 1 215
338.8818452168985 655.7998654337192 13 8 11.0 1 216
584.8877636009072 428.02703820697207 3 -9 12.0 1 217
569.1146217367277 663.3804182448716 3 -14 10.0 1 218
375.2769790975687 258.13819316864056 15 -6 13.0 1 219
