400 400 7.0710678118654755 7.0710678118654755 5 2 -1 10 187
742.842712474619 742.842712474619
800.0 400.0 0 0 24.0 1 0
799.4518139018296 420.9343824971775 0 0 24.0 1 1
797.8087581473094 441.8113853070614 0 0 24.0 1 2
795.0753362380551 462.57378601609236 0 0 24.0 1 3
791.2590402935223 483.16467632710373 0 0 24.0 1 4
786.3703305156273 503.5276180410083 0 0 24.0 1 5
780.4226065180615 523.6067977499789 0 0 24.0 1 6
773.4321705988807 543.3471798181201 0 0 24.0 1 7
765.4181830570403 562.6946572303201 0 0 24.0 1 8
756.4026096753471 581.5961998958187 0 0 24.0 1 9
581.5961998958187 756.4026096753471 0 0 24.0 1 10
562.6946572303201 765.4181830570403 0 0 24.0 1 11
543.3471798181201 773.4321705988807 0 0 24.0 1 12
523.606797749979 780.4226065180615 0 0 24.0 1 13
503.5276180410083 786.3703305156273 0 0 24.0 1 14
483.1646763271038 791.2590402935223 0 0 24.0 1 15
462.57378601609236 795.0753362380551 0 0 24.0 1 16
441.8113853070614 797.8087581473094 0 0 24.0 1 17
420.9343824971776 799.4518139018296 0 0 24.0 1 18
400.0 800.0 0 0 24.0 1 19
379.0656175028225 799.4518139018296 0 0 24.0 1 20
358.1886146929386 797.8087581473094 0 0 24.0 1 21
337.4262139839077 795.0753362380551 0 0 24.0 1 22
316.83532367289627 791.2590402935223 0 0 24.0 1 23
296.47238195899166 786.3703305156273 0 0 24.0 1 24
276.3932022500211 780.4226065180615 0 0 24.0 1 25
256.65282018187986 773.4321705988807 0 0 24.0 1 26
237.3053427696799 765.4181830570403 0 0 24.0 1 27
218.4038001041813 756.4026096753471 0 0 24.0 1 28
200.00000000000009 746.4101615137755 0 0 24.0 1 29
182.14438599398918 735.4682271781696 0 0 24.0 1 30
164.8858990830108 723.606797749979 0 0 24.0 1 31
148.27184358006508 710.8583845827884 0 0 24.0 1 32
132.3477574564567 697.2579301909577 0 0 24.0 1 33
117.15728752538104 682.842712474619 0 0 24.0 1 34
102.74206980904233 667.6522425435434 0 0 24.0 1 35
89.14161541721165 651.728156419935 0 0 24.0 1 36
76.39320225002109 635.1141009169893 0 0 24.0 1 37
64.53177282183043 617.8556140060109 0 0 24.0 1 38
53.589838486224494 600.0 0 0 24.0 1 39
43.597390324652906 581.5961998958187 0 0 24.0 1 40
34.58181694295968 562.6946572303202 0 0 24.0 1 41
26.567829401119297 543.3471798181201 0 0 24.0 1 42
19.5773934819386 523.606797749979 0 0 24.0 1 43
13.629669484372698 503.5276180410084 0 0 24.0 1 44
8.740959706477724 483.16467632710373 0 0 24.0 1 45
4.924663761944942 462.5737860160924 0 0 24.0 1 46
2.1912418526906663 441.81138530706147 0 0 24.0 1 47
0.5481860981704472 420.9343824971775 0 0 24.0 1 48
0.0 400.00000000000006 0 0 24.0 1 49
0.5481860981704472 379.0656175028226 0 0 24.0 1 50
2.1912418526906663 358.1886146929386 0 0 24.0 1 51
4.924663761944885 337.4262139839077 0 0 24.0 1 52
8.740959706477781 316.8353236728962 0 0 24.0 1 53
13.629669484372698 296.47238195899166 0 0 24.0 1 54
19.577393481938543 276.3932022500211 0 0 24.0 1 55
26.567829401119297 256.65282018187986 0 0 24.0 1 56
34.58181694295968 237.30534276967992 0 0 24.0 1 57
43.59739032465285 218.40380010418136 0 0 24.0 1 58
53.58983848622455 199.99999999999994 0 0 24.0 1 59
64.53177282183037 182.14438599398918 0 0 24.0 1 60
76.39320225002103 164.8858990830108 0 0 24.0 1 61
89.14161541721171 148.27184358006497 0 0 24.0 1 62
102.74206980904228 132.3477574564567 0 0 24.0 1 63
117.15728752538092 117.15728752538104 0 0 24.0 1 64
132.34775745645675 102.74206980904228 0 0 24.0 1 65
148.27184358006485 89.14161541721177 0 0 24.0 1 66
164.8858990830107 76.39320225002109 0 0 24.0 1 67
182.1443859939892 64.53177282183032 0 0 24.0 1 68
199.99999999999983 53.58983848622461 0 0 24.0 1 69
218.40380010418124 43.597390324652906 0 0 24.0 1 70
237.30534276967995 34.58181694295962 0 0 24.0 1 71
256.65282018187975 26.567829401119354 0 0 24.0 1 72
276.393202250021 19.5773934819386 0 0 24.0 1 73
296.4723819589917 13.629669484372698 0 0 24.0 1 74
316.8353236728961 8.740959706477781 0 0 24.0 1 75
337.4262139839076 4.924663761944942 0 0 24.0 1 76
358.18861469293864 2.1912418526906663 0 0 24.0 1 77
379.0656175028223 0.5481860981704472 0 0 24.0 1 78
399.99999999999994 0.0 0 0 24.0 1 79
420.9343824971776 0.5481860981704472 0 0 24.0 1 80
441.8113853070612 2.1912418526906663 0 0 24.0 1 81
462.5737860160923 4.924663761944885 0 0 24.0 1 82
483.1646763271038 8.740959706477781 0 0 24.0 1 83
503.5276180410081 13.629669484372641 0 0 24.0 1 84
523.6067977499789 19.577393481938543 0 0 24.0 1 85
543.3471798181201 26.567829401119297 0 0 24.0 1 86
562.6946572303199 34.58181694295956 0 0 24.0 1 87
581.5961998958187 43.59739032465279 0 0 24.0 1 88
600.0 53.58983848622455 0 0 24.0 1 89
617.8556140060107 64.53177282183032 0 0 24.0 1 90
635.1141009169892 76.39320225002098 0 0 24.0 1 91
651.728156419935 89.14161541721171 0 0 24.0 1 92
667.6522425435431 102.74206980904216 0 0 24.0 1 93
682.842712474619 117.15728752538092 0 0 24.0 1 94
697.2579301909577 132.34775745645675 0 0 24.0 1 95
710.8583845827882 148.27184358006485 0 0 24.0 1 96
723.6067977499789 164.88589908301066 0 0 24.0 1 97
735.4682271781696 182.1443859939892 0 0 24.0 1 98
746.4101615137754 199.99999999999983 0 0 24.0 1 99
756.4026096753471 218.40380010418122 0 0 24.0 1 100
765.4181830570403 237.30534276967995 0 0 24.0 1 101
773.4321705988806 256.6528201818797 0 0 24.0 1 102
780.4226065180615 276.3932022500209 0 0 24.0 1 103
786.3703305156273 296.4723819589917 0 0 24.0 1 104
791.2590402935223 316.83532367289604 0 0 24.0 1 105
795.0753362380551 337.4262139839076 0 0 24.0 1 106
797.8087581473094 358.18861469293864 0 0 24.0 1 107
799.4518139018296 379.06561750282225 0 0 24.0 1 108
800.0 399.9999999999999 0 0 24.0 1 109
319.0377594566363 73.90014473140513 0 0 12.0 1 110
362.3514262111913 570.9022670758601 0 0 13.0 1 111
707.7416800769153 555.948896576531 0 0 13.0 1 112
562.3180882923252 685.0207680382694 0 0 12.0 1 113
627.1528870430845 520.2105066455993 0 0 13.0 1 114
224.94732845435033 524.8261278127736 0 0 12.0 1 115
312.90031130542013 737.9565715137187 0 0 12.0 1 116
302.93139737719696 750.8185946965416 0 0 13.0 1 117
609.7234502330241 223.67055146018214 0 0 10.0 1 118
649.6442745290951 327.35197046827926 0 0 12.0 1 119
252.56115512633284 99.18978238377821 0 0 13.0 1 120
571.4901588809596 633.8613379910909 0 0 12.0 1 121
538.83935756188 464.28555663447605 0 0 13.0 1 122
264.66041283531706 185.06001733950666 0 0 13.0 1 123
267.3330249969708 409.40604824278586 0 0 10.0 1 124
627.5800208037683 287.2022423496089 0 0 10.0 1 125
475.7789781669767 40.9087212588297 0 0 10.0 1 126
764.8716133960314 390.31982759569905 0 0 10.0 1 127
566.8611459123599 373.1977988811712 0 0 10.0 1 128
356.8179334519336 123.34984343283236 0 0 10.0 1 129
124.52961783009391 382.9099869173282 0 0 13.0 1 130
385.59557167675445 695.6493065181795 0 0 13.0 1 131
606.4156302535181 266.17702892611106 0 0 11.0 1 132
501.38043186413176 129.36554536600084 0 0 13.0 1 133
352.15774550714457 151.56465894514756 0 0 12.0 1 134
721.9407395821821 506.1845572448159 0 0 11.0 1 135
90.96281095757212 570.6019219960746 0 0 10.0 1 136
377.91076817426443 662.0707267844864 0 0 12.0 1 137
273.37485246490166 283.5952234153831 0 0 10.0 1 138
444.5267906337632 602.1543096643181 0 0 10.0 1 139
69.69976553077055 281.24497859217894 0 0 11.0 1 140
571.3806745678776 311.24379241619647 0 0 10.0 1 141
662.8345753254885 594.5430184135892 0 0 11.0 1 142
566.4107942655689 499.7168368526725 0 0 13.0 1 143
590.7613089561414 211.76046375604412 0 0 10.0 1 144
140.4466140428442 247.57611788772823 0 0 10.0 1 145
231.84718433591584 496.7503518559005 0 0 13.0 1 146
338.83407769032254 733.4362457022429 0 0 11.0 1 147
484.2467486053971 631.1243936702031 0 0 13.0 1 148
109.63416751176328 249.61155854450365 0 0 10.0 1 149
473.50388475683883 250.04607732488836 0 0 10.0 1 150
330.383675472946 156.76643455447214 0 0 11.0 1 151
615.6218847095948 460.68939639082106 0 0 13.0 1 152
534.7988872677652 716.488957139696 0 0 12.0 1 153
628.2957113131499 451.35239231061087 0 0 10.0 1 154
494.1518390911148 579.8455759693877 7 1 13.0 1 155
270.412282653974 389.65478308364317 -7 16 12.0 1 156
528.5893934216133 656.580918814049 9 0 10.0 1 157
233.26316207510413 475.41768279924145 1 -10 13.0 1 158
402.6228278930764 597.9826274546413 16 14 13.0 1 159
489.2221571624131 148.34864063294702 2 3 12.0 1 160
338.35093975913674 569.1135517083667 -16 -12 11.0 1 161
228.82019049936235 541.3558375848886 4 11 10.0 1 162
421.0192740974925 716.3023713417504 15 17 12.0 1 163
332.22214295359777 261.71709399134875 21 -14 10.0 1 164
268.14528187113046 508.8821992207926 11 -14 11.0 1 165
603.5448612099187 475.2229318428556 12 -2 11.0 1 166
333.0653317079023 641.9106243649229 2 5 10.0 1 167
708.8763315599298 444.0387534119701 6 22 13.0 1 168
489.8344424704017 748.6112059960667 2 -7 13.0 1 169
155.70472486030235 351.82512538242133 -10 -1 12.0 1 170
176.3355297950531 571.7504141710884 19 11 12.0 1 171
50.106815920411975 353.2692848904755 1 1 12.0 1 172
127.7657382598295 544.0573036495698 12 15 11.0 1 173
470.47360978613733 529.005698803236 9 -14 12.0 1 174
549.1683052952055 257.92672068486496 11 5 10.0 1 175
542.9268867647896 685.1892442567304 22 12 11.0 1 176
365.83369486948294 135.19504613068807 6 20 12.0 1 177
431.06499159448396 768.6935940550563 2 -1 13.0 1 178
203.57777172782343 583.7914803264639 14 3 12.0 1 179
53.461888127116026 497.52608379083284 19 9 11.0 1 180
630.9501980713246 672.2333668212182 5 -6 11.0 1 181
340.40590843383217 563.4764333180879 22 13 10.0 1 182
675.9155923314669 424.48644335904623 8 -15 12.0 1 183
521.0402480839913 530.5115257123517 -6 -16 12.0 1 184
267.85743052499714 622.7539928543235 5 -12 12.0 1 185
616.3813530136226 534.9226076978725 7 -4 13.0 1 186
310.78542874562436 148.34595120304954 -15 22 11.0 1 187
424.7680338388453 693.9584060709233 -6 12 13.0 1 188
272.9556774617852 458.81955551350296 19 -8 13.0 1 189
231.51536374865802 638.4888411378046 16 14 10.0 1 190
390.5170489101352 235.27272952353266 5 17 11.0 1 191
268.0998474865337 494.05503584032243 20 4 10.0 1 192
311.4028954539374 743.766713144327 -13 6 12.0 1 193
383.6220524485991 594.310995144391 -6 -16 12.0 1 194
455.2929840695104 82.78290412922433 -2 15 12.0 1 195
689.7419075785181 481.5513764001658 -5 4 13.0 1 196
628.437208521828 221.34826683528962 -15 21 13.0 1 197
376.1987537293027 215.52913325958048 12 19 11.0 1 198
703.7824485446152 589.4207590425035 19 -7 11.0 1 199
347.77515893993404 560.7282363999893 12 -17 11.0 1 200
490.9431287944568 181.14308938241214 19 13 13.0 1 201
321.99893806806574 655.3523728840023 19 19 11.0 1 202
255.70646515861128 199.5296136508513 -4 8 13.0 1 203
651.3658953138289 607.5841676840438 -15 -16 11.0 1 204
539.9382972198482 617.9409850652452 -3 16 13.0 1 205
181.32916620504082 505.9814438824898 1 17 13.0 1 206
574.2300343720415 467.91829740737944 3 -10 13.0 1 207
171.6758352022315 455.6154274406072 5 15 12.0 1 208
502.50027802530235 595.7924743312054 11 10 10.0 1 209
520.7389514743187 289.01303861767315 -16 17 11.0 1 210
281.26900734597115 354.9228285782155 -8 -17 12.0 1 211
330.0330665519506 36.67558818065055 -4 10 11.0 1 212
742.5163948469169 418.20767039109796 14 -10 12.0 1 213
574.6682170287329 605.8907816294927 1 7 13.0 1 214
148.39051657787942 508.48349114982256 -2 11 10.0 1 215
302.0397951713556 701.4843250816368 13 -13 13.0 1 216
439.161236994297 594.0886331475301 12 -8 10.0 1 217
90.77622367714991 421.9238718440873 -14 -11 11.0 1 218
513.3722720983354 543.6514111286798 -7 -4 12.0 1 219
