400 400 7.0710678118654755 7.0710678118654755 5 2 -1 10 187
742.842712474619 742.842712474619
800.0 400.0 0 0 24.0 1 0
799.4518139018296 420.9343824971775 0 0 24.0 1 1
797.8087581473094 441.8113853070614 0 0 24.0 1 2
795.0753362380551 462.57378601609236 0 0 24.0 1 3
791.2590402935223 483.16467632710373 0 0 24.0 1 4
786.3703305156273 503.5276180410083 0 0 24.0 1 5
780.4226065180615 523.6067977499789 0 0 24.0 1 6
773.4321705988807 543.3471798181201 0 0 24.0 1 7
765.4181830570403 562.6946572303201 0 0 24.0 1 8
756.4026096753471 581.5961998958187 0 0 24.0 1 9
581.5961998958187 756.4026096753471 0 0 24.0 1 10
562.6946572303201 765.4181830570403 0 0 24.0 1 11
543.3471798181201 773.4321705988807 0 0 24.0 1 12
523.606797749979 780.4226065180615 0 0 24.0 1 13
503.5276180410083 786.3703305156273 0 0 24.0 1 14
483.1646763271038 791.2590402935223 0 0 24.0 1 15
462.57378601609236 795.0753362380551 0 0 24.0 1 16
441.8113853070614 797.8087581473094 0 0 24.0 1 17
420.9343824971776 799.4518139018296 0 0 24.0 1 18
400.0 800.0 0 0 24.0 1 19
379.0656175028225 799.4518139018296 0 0 24.0 1 20
358.1886146929386 797.8087581473094 0 0 24.0 1 21
337.4262139839077 795.0753362380551 0 0 24.0 1 22
316.83532367289627 791.2590402935223 0 0 24.0 1 23
296.47238195899166 786.3703305156273 0 0 24.0 1 24
276.3932022500211 780.4226065180615 0 0 24.0 1 25
256.65282018187986 773.4321705988807 0 0 24.0 1 26
237.3053427696799 765.4181830570403 0 0 24.0 1 27
218.4038001041813 756.4026096753471 0 0 24.0 1 28
200.00000000000009 746.4101615137755 0 0 24.0 1 29
182.14438599398918 735.4682271781696 0 0 24.0 1 30
164.8858990830108 723.606797749979 0 0 24.0 1 31
148.27184358006508 710.8583845827884 0 0 24.0 1 32
132.3477574564567 697.2579301909577 0 0 24.0 1 33
117.15728752538104 682.842712474619 0 0 24.0 1 34
102.74206980904233 667.6522425435434 0 0 24.0 1 35
89.14161541721165 651.728156419935 0 0 24.0 1 36
76.39320225002109 635.1141009169893 0 0 24.0 1 37
64.53177282183043 617.8556140060109 0 0 24.0 1 38
53.589838486224494 600.0 0 0 24.0 1 39
43.597390324652906 581.5961998958187 0 0 24.0 1 40
34.58181694295968 562.6946572303202 0 0 24.0 1 41
26.567829401119297 543.3471798181201 0 0 24.0 1 42
19.5773934819386 523.606797749979 0 0 24.0 1 43
13.629669484372698 503.5276180410084 0 0 24.0 1 44
8.740959706477724 483.16467632710373 0 0 24.0 1 45
4.924663761944942 462.5737860160924 0 0 24.0 1 46
2.1912418526906663 441.81138530706147 0 0 24.0 1 47
0.5481860981704472 420.9343824971775 0 0 24.0 1 48
0.0 400.00000000000006 0 0 24.0 1 49
0.5481860981704472 379.0656175028226 0 0 24.0 1 50
2.1912418526906663 358.1886146929386 0 0 24.0 1 51
4.924663761944885 337.4262139839077 0 0 24.0 1 52
8.740959706477781 316.8353236728962 0 0 24.0 1 53
13.629669484372698 296.47238195899166 0 0 24.0 1 54
19.577393481938543 276.3932022500211 0 0 24.0 1 55
26.567829401119297 256.65282018187986 0 0 24.0 1 56
34.58181694295968 237.30534276967992 0 0 24.0 1 57
43.59739032465285 218.40380010418136 0 0 24.0 1 58
53.58983848622455 199.99999999999994 0 0 24.0 1 59
64.53177282183037 182.14438599398918 0 0 24.0 1 60
76.39320225002103 164.8858990830108 0 0 24.0 1 61
89.14161541721171 148.27184358006497 0 0 24.0 1 62
102.74206980904228 132.3477574564567 0 0 24.0 1 63
117.15728752538092 117.15728752538104 0 0 24.0 1 64
132.34775745645675 102.74206980904228 0 0 24.0 1 65
148.27184358006485 89.14161541721177 0 0 24.0 1 66
164.8858990830107 76.39320225002109 0 0 24.0 1 67
182.1443859939892 64.53177282183032 0 0 24.0 1 68
199.99999999999983 53.58983848622461 0 0 24.0 1 69
218.40380010418124 43.597390324652906 0 0 24.0 1 70
237.30534276967995 34.58181694295962 0 0 24.0 1 71
256.65282018187975 26.567829401119354 0 0 24.0 1 72
276.393202250021 19.5773934819386 0 0 24.0 1 73
296.4723819589917 13.629669484372698 0 0 24.0 1 74
316.8353236728961 8.740959706477781 0 0 24.0 1 75
337.4262139839076 4.924663761944942 0 0 24.0 1 76
358.18861469293864 2.1912418526906663 0 0 24.0 1 77
379.0656175028223 0.5481860981704472 0 0 24.0 1 78
399.99999999999994 0.0 0 0 24.0 1 79
420.9343824971776 0.5481860981704472 0 0 24.0 1 80
441.8113853070612 2.1912418526906663 0 0 24.0 1 81
462.5737860160923 4.924663761944885 0 0 24.0 1 82
483.1646763271038 8.740959706477781 0 0 24.0 1 83
503.5276180410081 13.629669484372641 0 0 24.0 1 84
523.6067977499789 19.577393481938543 0 0 24.0 1 85
543.3471798181201 26.567829401119297 0 0 24.0 1 86
562.6946572303199 34.58181694295956 0 0 24.0 1 87
581.5961998958187 43.59739032465279 0 0 24.0 1 88
600.0 53.58983848622455 0 0 24.0 1 89
617.8556140060107 64.53177282183032 0 0 24.0 1 90
635.1141009169892 76.39320225002098 0 0 24.0 1 91
651.728156419935 89.14161541721171 0 0 24.0 1 92
667.6522425435431 102.74206980904216 0 0 24.0 1 93
682.842712474619 117.15728752538092 0 0 24.0 1 94
697.2579301909577 132.34775745645675 0 0 24.0 1 95
710.8583845827882 148.27184358006485 0 0 24.0 1 96
723.6067977499789 164.88589908301066 0 0 24.0 1 97
735.4682271781696 182.1443859939892 0 0 24.0 1 98
746.4101615137754 199.99999999999983 0 0 24.0 1 99
756.4026096753471 218.40380010418122 0 0 24.0 1 100
765.4181830570403 237.30534276967995 0 0 24.0 1 101
773.4321705988806 256.6528201818797 0 0 24.0 1 102
780.4226065180615 276.3932022500209 0 0 24.0 1 103
786.3703305156273 296.4723819589917 0 0 24.0 1 104
791.2590402935223 316.83532367289604 0 0 24.0 1 105
795.0753362380551 337.4262139839076 0 0 24.0 1 106
797.8087581473094 358.18861469293864 0 0 24.0 1 107
799.4518139018296 379.06561750282225 0 0 24.0 1 108
800.0 399.9999999999999 0 0 24.0 1 109
78.13717139849842 499.86650872359763 0 0 10.0 1 110
405.70870311558457 142.0631652734761 0 0 13.0 1 111
687.2291003506228 273.13217936855756 0 0 13.0 1 112
566.3891535971776 306.2148755653924 0 0 10.0 1 113
278.7116608444906 434.1341293267915 0 0 11.0 1 114
440.0489775095458 618.3576868361631 0 0 13.0 1 115
626.2806354931099 381.9424807674381 0 0 13.0 1 116
314.50701461179784 525.6779592824957 0 0 12.0 1 117
284.9792935612526 519.6922599432875 0 0 10.0 1 118
631.7931393267509 111.60454136542057 0 0 10.0 1 119
559.5303451015172 536.565255434136 0 0 11.0 1 120
706.0214215486168 271.2564970440691 0 0 12.0 1 121
161.26593783089 583.322250586871 0 0 12.0 1 122
653.2256467146526 216.0277959963899 0 0 11.0 1 123
661.7540290008967 333.7819639237333 0 0 13.0 1 124
655.3840151808693 596.1198735215214 0 0 11.0 1 125
249.2556176231417 687.9255653494832 0 0 12.0 1 126
311.2227836159819 99.85402576228807 0 0 11.0 1 127
454.7632714078263 208.6835498324497 0 0 11.0 1 128
424.5793310526792 73.92507535076726 0 0 13.0 1 129
611.8531520946424 545.4896626828323 0 0 11.0 1 130
254.58220400994844 363.20781863770856 0 0 10.0 1 131
370.0233708420649 693.4729999579649 0 0 10.0 1 132
275.60352507052744 316.18164267225757 0 0 12.0 1 133
601.6407823706676 665.0094241436426 0 0 13.0 1 134
347.71885514359104 65.05570329903634 0 0 13.0 1 135
498.3871895283679 288.10290023102027 0 0 11.0 1 136
539.5766664414788 439.285546770844 0 0 10.0 1 137
522.6857048552138 587.414561398466 0 0 10.0 1 138
574.778476860655 454.23544990381754 0 0 13.0 1 139
279.3605844345578 564.5057184781992 0 0 12.0 1 140
417.07825002868987 103.4914278204464 0 0 10.0 1 141
485.2573646173109 264.60730529858375 0 0 10.0 1 142
124.00000012539812 399.9916801584728 0 0 11.0 1 143
538.0025423648175 505.9778198532445 0 0 12.0 1 144
557.8329182724983 494.5767937159368 0 0 11.0 1 145
600.3125134591365 537.5641557662578 0 0 12.0 1 146
621.430222711181 250.8099987597132 0 0 11.0 1 147
151.3553566146108 446.74228616309466 0 0 12.0 1 148
193.19873953906233 112.68616693279904 0 0 10.0 1 149
544.0529678201274 722.2696735068525 0 0 13.0 1 150
368.21679774483744 592.3923804478947 0 0 10.0 1 151
126.18126185727346 270.26065114266623 0 0 13.0 1 152
571.6706221019268 284.3358417350586 0 0 12.0 1 153
308.8824760994161 533.9462460773967 0 0 11.0 1 154
315.6319223142742 524.0243019235155 -17 -14 13.0 1 155
347.4874148452379 523.2819062164592 -1 -8 11.0 1 156
278.96811241713885 153.0662392702657 8 17 11.0 1 157
346.41215656054806 692.1255603940004 0 11 11.0 1 158
731.6597760932153 242.8669578930063 8 20 10.0 1 159
374.250625981899 614.4597158854687 17 -16 13.0 1 160
221.34348402748844 388.91625963116576 -7 5 10.0 1 161
61.37443467244958 339.429986737686 9 4 10.0 1 162
205.76287214746893 417.23189379028025 -16 -13 13.0 1 163
482.59307197301996 268.83832700800303 15 0 12.0 1 164
316.7706326905715 581.8594853651364 1 -7 12.0 1 165
517.190246244304 271.3825587830352 5 -10 11.0 1 166
227.10823739809751 406.11869466531846 -1 -2 12.0 1 167
148.82319866375684 556.608475091527 18 4 11.0 1 168
185.99949348726284 289.1632587438085 2 11 11.0 1 169
271.5788881783805 240.20945572876005 1 -3 11.0 1 170
614.392320700904 244.24078574774225 18 -1 12.0 1 171
401.0754446110963 157.00237980817906 0 -8 10.0 1 172
329.5581854587912 153.88224207883346 22 -7 13.0 1 173
247.37226141389843 310.3686806183651 12 -11 13.0 1 174
643.532242462908 384.89877882463213 -8 18 12.0 1 175
378.2467260727547 658.0848602174219 -10 -15 10.0 1 176
325.6027314121667 229.52699208769212 18 -16 10.0 1 177
335.3787844297321 194.94123159879027 0 -6 13.0 1 178
390.7287529360403 167.18452805305438 2 -6 12.0 1 179
644.0671683558136 480.4997970853029 18 -16 10.0 1 180
471.42145784193286 186.63651821426186 8 0 11.0 1 181
494.1518390911148 579.8455759693877 6 22 10.0 1 182
393.7908499826898 119.068608987777 22 4 13.0 1 183
231.1480573859461 599.0226657329769 13 18 11.0 1 184
350.11920215653356 279.95040188947223 13 -13 11.0 1 185
409.67806660725483 598.7645215493588 21 21 11.0 1 186
400.84973401370576 208.00188034226494 -15 -11 13.0 1 187
657.324296784042 136.9254738964674 -3 -16 11.0 1 188
581.8848197762401 309.85061101169526 3 -17 12.0 1 189
468.36258669663755 168.89924980618363 -9 15 11.0 1 190
172.52646972166292 568.3591192145839 4 -4 13.0 1 191
119.59564518323327 354.95116205946266 13 17 11.0 1 192
747.127884273849 424.6217781559601 22 20 10.0 1 193
397.995211169318 550.9866908761974 12 -13 12.0 1 194
496.1235874464543 610.0506032755533 16 9 11.0 1 195
676.0 400.0 -3 4 12.0 1 196
655.6005961880898 589.1886234113804 8 17 10.0 1 197
316.2082478338253 249.79033896276061 22 -17 13.0 1 198
292.22072718495303 665.9936622392715 1 18 11.0 1 199
440.9032209071917 647.6447587158216 -16 17 11.0 1 200
303.2044139311474 627.2435136975032 -3 15 10.0 1 201
673.5953389469146 335.917315080258 -2 1 13.0 1 202
557.2510922572261 173.178277089893 2 11 10.0 1 203
333.86413322617864 656.6145886852019 -2 -10 12.0 1 204
483.4000142169979 642.0339596598059 2 4 11.0 1 205
578.6377758649752 255.1257613168756 6 2 12.0 1 206
484.89741284104093 241.2787686133394 -3 12 10.0 1 207
222.37195102198376 422.1195889713951 10 3 13.0 1 208
362.38905317493334 672.4158891821878 -9 -1 12.0 1 209
628.3456787143596 214.81292968331056 -2 6 10.0 1 210
710.4540553043719 550.4768405604996 19 11 11.0 1 211
522.3192424026483 573.1531199200354 2 3 12.0 1 212
532.1582058795676 360.2733261058289 -15 9 12.0 1 213
300.0841189678016 250.2775343592032 10 17 10.0 1 214
377.5701989843239 562.4589302759229 -13 -14 10.0 1 215
271.0628875554876 367.37759919210157 1 -2 12.0 1 216
56.906234164533885 458.22944139212007 5 -14 13.0 1 217
159.15078157769656 408.5237307187384 6 21 12.0 1 218
719.0113760231732 285.31459566360854 10 0 10.0 1 219
