400 400 7.071067811865475 -7.0710678118654755 5 2 -1 10 187
742.842712474619 57.15728752538092
800.0 400.0 0 0 24.0 1 0
799.4518139018296 420.9343824971775 0 0 24.0 1 1
797.8087581473094 441.8113853070614 0 0 24.0 1 2
795.0753362380551 462.57378601609236 0 0 24.0 1 3
791.2590402935223 483.16467632710373 0 0 24.0 1 4
786.3703305156273 503.5276180410083 0 0 24.0 1 5
780.4226065180615 523.6067977499789 0 0 24.0 1 6
773.4321705988807 543.3471798181201 0 0 24.0 1 7
765.4181830570403 562.6946572303201 0 0 24.0 1 8
756.4026096753471 581.5961998958187 0 0 24.0 1 9
746.4101615137755 600.0 0 0 24.0 1 10
735.4682271781696 617.8556140060108 0 0 24.0 1 11
723.606797749979 635.1141009169893 0 0 24.0 1 12
710.8583845827884 651.728156419935 0 0 24.0 1 13
697.2579301909577 667.6522425435433 0 0 24.0 1 14
682.842712474619 682.842712474619 0 0 24.0 1 15
667.6522425435433 697.2579301909577 0 0 24.0 1 16
651.728156419935 710.8583845827884 0 0 24.0 1 17
635.1141009169893 723.606797749979 0 0 24.0 1 18
617.8556140060108 735.4682271781696 0 0 24.0 1 19
600.0 746.4101615137754 0 0 24.0 1 20
581.5961998958187 756.4026096753471 0 0 24.0 1 21
562.6946572303201 765.4181830570403 0 0 24.0 1 22
543.3471798181201 773.4321705988807 0 0 24.0 1 23
523.606797749979 780.4226065180615 0 0 24.0 1 24
503.5276180410083 786.3703305156273 0 0 24.0 1 25
483.1646763271038 791.2590402935223 0 0 24.0 1 26
462.57378601609236 795.0753362380551 0 0 24.0 1 27
441.8113853070614 797.8087581473094 0 0 24.0 1 28
420.9343824971776 799.4518139018296 0 0 24.0 1 29
400.0 800.0 0 0 24.0 1 30
379.0656175028225 799.4518139018296 0 0 24.0 1 31
358.1886146929386 797.8087581473094 0 0 24.0 1 32
337.4262139839077 795.0753362380551 0 0 24.0 1 33
316.83532367289627 791.2590402935223 0 0 24.0 1 34
296.47238195899166 786.3703305156273 0 0 24.0 1 35
276.3932022500211 780.4226065180615 0 0 24.0 1 36
256.65282018187986 773.4321705988807 0 0 24.0 1 37
237.3053427696799 765.4181830570403 0 0 24.0 1 38
218.4038001041813 756.4026096753471 0 0 24.0 1 39
200.00000000000009 746.4101615137755 0 0 24.0 1 40
182.14438599398918 735.4682271781696 0 0 24.0 1 41
164.8858990830108 723.606797749979 0 0 24.0 1 42
148.27184358006508 710.8583845827884 0 0 24.0 1 43
132.3477574564567 697.2579301909577 0 0 24.0 1 44
117.15728752538104 682.842712474619 0 0 24.0 1 45
102.74206980904233 667.6522425435434 0 0 24.0 1 46
89.14161541721165 651.728156419935 0 0 24.0 1 47
76.39320225002109 635.1141009169893 0 0 24.0 1 48
64.53177282183043 617.8556140060109 0 0 24.0 1 49
53.589838486224494 600.0 0 0 24.0 1 50
43.597390324652906 581.5961998958187 0 0 24.0 1 51
34.58181694295968 562.6946572303202 0 0 24.0 1 52
26.567829401119297 543.3471798181201 0 0 24.0 1 53
19.5773934819386 523.606797749979 0 0 24.0 1 54
13.629669484372698 503.5276180410084 0 0 24.0 1 55
8.740959706477724 483.16467632710373 0 0 24.0 1 56
4.924663761944942 462.5737860160924 0 0 24.0 1 57
2.1912418526906663 441.81138530706147 0 0 24.0 1 58
0.5481860981704472 420.9343824971775 0 0 24.0 1 59
0.0 400.00000000000006 0 0 24.0 1 60
0.5481860981704472 379.0656175028226 0 0 24.0 1 61
2.1912418526906663 358.1886146929386 0 0 24.0 1 62
4.924663761944885 337.4262139839077 0 0 24.0 1 63
8.740959706477781 316.8353236728962 0 0 24.0 1 64
13.629669484372698 296.47238195899166 0 0 24.0 1 65
19.577393481938543 276.3932022500211 0 0 24.0 1 66
26.567829401119297 256.65282018187986 0 0 24.0 1 67
34.58181694295968 237.30534276967992 0 0 24.0 1 68
43.59739032465285 218.40380010418136 0 0 24.0 1 69
53.58983848622455 199.99999999999994 0 0 24.0 1 70
64.53177282183037 182.14438599398918 0 0 24.0 1 71
76.39320225002103 164.8858990830108 0 0 24.0 1 72
89.14161541721171 148.27184358006497 0 0 24.0 1 73
102.74206980904228 132.3477574564567 0 0 24.0 1 74
117.15728752538092 117.15728752538104 0 0 24.0 1 75
132.34775745645675 102.74206980904228 0 0 24.0 1 76
148.27184358006485 89.14161541721177 0 0 24.0 1 77
164.8858990830107 76.39320225002109 0 0 24.0 1 78
182.1443859939892 64.53177282183032 0 0 24.0 1 79
199.99999999999983 53.58983848622461 0 0 24.0 1 80
218.40380010418124 43.597390324652906 0 0 24.0 1 81
237.30534276967995 34.58181694295962 0 0 24.0 1 82
256.65282018187975 26.567829401119354 0 0 24.0 1 83
276.393202250021 19.5773934819386 0 0 24.0 1 84
296.4723819589917 13.629669484372698 0 0 24.0 1 85
316.8353236728961 8.740959706477781 0 0 24.0 1 86
337.4262139839076 4.924663761944942 0 0 24.0 1 87
358.18861469293864 2.1912418526906663 0 0 24.0 1 88
379.0656175028223 0.5481860981704472 0 0 24.0 1 89
399.99999999999994 0.0 0 0 24.0 1 90
420.9343824971776 0.5481860981704472 0 0 24.0 1 91
441.8113853070612 2.1912418526906663 0 0 24.0 1 92
462.5737860160923 4.924663761944885 0 0 24.0 1 93
483.1646763271038 8.740959706477781 0 0 24.0 1 94
503.5276180410081 13.629669484372641 0 0 24.0 1 95
523.6067977499789 19.577393481938543 0 0 24.0 1 96
543.3471798181201 26.567829401119297 0 0 24.0 1 97
562.6946572303199 34.58181694295956 0 0 24.0 1 98
581.5961998958187 43.59739032465279 0 0 24.0 1 99
756.4026096753471 218.40380010418122 0 0 24.0 1 100
765.4181830570403 237.30534276967995 0 0 24.0 1 101
773.4321705988806 256.6528201818797 0 0 24.0 1 102
780.4226065180615 276.3932022500209 0 0 24.0 1 103
786.3703305156273 296.4723819589917 0 0 24.0 1 104
791.2590402935223 316.83532367289604 0 0 24.0 1 105
795.0753362380551 337.4262139839076 0 0 24.0 1 106
797.8087581473094 358.18861469293864 0 0 24.0 1 107
799.4518139018296 379.06561750282225 0 0 24.0 1 108
800.0 399.9999999999999 0 0 24.0 1 109
427.192222136492 108.26453240087574 0 0 11.0 1 110
230.2448686489169 615.0795094377345 0 0 10.0 1 111
488.6912776220096 562.3541107387664 0 0 13.0 1 112
631.854601817269 408.21240623420925 0 0 10.0 1 113
329.5863083677576 694.7047879331442 0 0 13.0 1 114
629.1684054286534 227.22603797652746 0 0 13.0 1 115
667.8655393032388 591.0210796058514 0 0 13.0 1 116
526.6025993050729 605.0677494127226 0 0 13.0 1 117
243.46511971622257 165.43480382941834 0 0 10.0 1 118
600.7362793062003 171.69987698141045 0 0 13.0 1 119
616.1572623304371 99.70674675942081 0 0 10.0 1 120
144.39731010678196 647.7968218507885 0 0 13.0 1 121
630.6594811047466 155.68011997283352 0 0 12.0 1 122
288.3284770467159 690.2593167519246 0 0 10.0 1 123
518.8570074839345 264.8222955810983 0 0 10.0 1 124
133.93008897890928 309.6241047113288 0 0 11.0 1 125
458.6302598675783 719.6677847826713 0 0 13.0 1 126
545.1395766219935 376.6868428137998 0 0 11.0 1 127
574.3055766774764 138.82273081462012 0 0 12.0 1 128
721.4533909809347 218.8130318514648 0 0 13.0 1 129
126.07584533617415 424.3013886786004 0 0 11.0 1 130
190.0118129568626 199.98759712873718 0 0 11.0 1 131
432.53026033098087 231.10422692441762 0 0 12.0 1 132
604.3507753919434 574.9335891037266 0 0 13.0 1 133
334.2897469438875 570.7956751305537 0 0 13.0 1 134
276.71068927421334 556.2073809420042 0 0 12.0 1 135
488.5909059766721 584.8692818675738 0 0 10.0 1 136
161.5863525177123 138.322846442049 0 0 13.0 1 137
126.26829715178644 387.8775062046906 0 0 11.0 1 138
612.0194704352859 620.6439307036134 0 0 13.0 1 139
515.6303007622279 216.37365781120423 0 0 10.0 1 140
604.9278924553053 394.56319084142 0 0 13.0 1 141
302.4206440034644 629.0835421484952 0 0 13.0 1 142
583.013826028542 611.9102156159408 0 0 11.0 1 143
180.55086841604188 415.5588767925781 0 0 10.0 1 144
562.1159479900846 304.8032594713653 0 0 11.0 1 145
394.6084248960011 156.05957506411954 0 0 10.0 1 146
322.1805415656844 570.0386188164025 0 0 12.0 1 147
722.9057628633141 563.633334958563 0 0 12.0 1 148
103.36755890610766 225.80127758597513 0 0 11.0 1 149
98.0051263247845 599.607355259997 0 0 13.0 1 150
491.5969740760077 299.4714252557057 0 0 11.0 1 151
287.64035892767043 64.30473482919473 0 0 12.0 1 152
394.1222992718701 134.06494658629424 0 0 11.0 1 153
540.0477072818293 428.90743304243847 0 0 11.0 1 154
466.03079564816085 134.07532264554533 17 4 12.0 1 155
281.15431164678023 726.0133469044624 -7 -14 11.0 1 156
164.47600746686535 241.30391012614098 -15 22 10.0 1 157
355.4756787149321 522.1375651227092 12 20 13.0 1 158
367.54615031132005 107.7967357465277 3 3 11.0 1 159
137.82776150673305 216.51780096306467 -16 -7 13.0 1 160
419.0170359520729 147.7157310817863 6 22 13.0 1 161
529.7700956566587 690.3165897313856 -17 -13 10.0 1 162
487.3965917736127 209.05017479359535 19 22 13.0 1 163
267.3152904268907 352.294991400277 11 2 13.0 1 164
271.08070881129817 404.56249486604673 14 -1 13.0 1 165
392.7491222291771 548.8234684838134 7 1 12.0 1 166
368.1520145853128 557.8185851698902 -11 -10 12.0 1 167
208.0870800408571 420.45558976797327 -7 13 11.0 1 168
746.0969939011856 312.4450411880474 3 -6 12.0 1 169
444.30625755278015 528.5805410692719 5 13 11.0 1 170
198.96417648848018 594.8963767365752 -16 7 10.0 1 171
572.3884124625727 344.83447409265517 -10 4 10.0 1 172
351.8250700392806 662.61792803097 3 11 11.0 1 173
357.07808871105675 153.71214091777873 12 3 12.0 1 174
269.6047873137975 101.21397537950338 -16 22 13.0 1 175
496.80424633595237 304.47545921948506 -11 11 10.0 1 176
351.8250700392806 662.61792803097 7 12 10.0 1 177
242.05147985404548 381.7444533441751 -7 -11 12.0 1 178
504.7924133537193 491.32113722191167 -1 3 12.0 1 179
700.1525938305172 351.78775656731386 -13 -7 12.0 1 180
512.0116667435656 623.5025425209485 15 14 11.0 1 181
616.5054683520591 585.3385609463274 -13 1 12.0 1 182
148.53634045577553 240.093690153808 2 4 13.0 1 183
600.7166045604382 410.6698010163577 2 -9 13.0 1 184
305.0035367883484 229.7041633589437 -7 -3 11.0 1 185
621.2172077074638 512.102395220231 5 -5 12.0 1 186
312.83198919160446 274.2592433150355 14 16 12.0 1 187
544.5743650769743 535.285819517752 21 -5 10.0 1 188
414.1896676872662 613.5290456376484 -2 9 11.0 1 189
215.04765226735452 419.7136771857152 -12 -2 13.0 1 190
132.2177207983592 205.43985262758844 -5 20 12.0 1 191
219.54750203200055 118.9432513226036 -12 10 12.0 1 192
356.3179415500016 173.16773208035212 -11 -12 10.0 1 193
283.42035133122374 288.9586315094024 -17 14 12.0 1 194
190.0118129568626 199.98759712873718 19 17 12.0 1 195
525.2724117284978 280.6860324198138 14 7 10.0 1 196
363.34642273048047 665.4816665484593 21 -9 13.0 1 197
694.5444268296555 294.11052637967396 -8 -6 11.0 1 198
253.6009707604322 211.08646359322958 -12 14 12.0 1 199
566.4995128761475 168.69303466604035 -17 11 13.0 1 200
478.89729536468144 231.56242466676798 0 0 13.0 1 201
419.394629887367 630.1843789911297 -16 22 13.0 1 202
537.6468544835742 490.9854024048789 18 9 12.0 1 203
676.0 400.0 -7 16 13.0 1 204
94.1664495655283 290.0416468446101 -12 -3 13.0 1 205
565.24033867646 578.1702289219184 -4 -8 11.0 1 206
238.60098908015263 580.3173848360025 0 16 13.0 1 207
404.8015061088444 183.05312738117948 2 -14 11.0 1 208
197.4090220737074 656.6824802413839 -16 5 10.0 1 209
204.59236664671664 539.3407938375148 2 -7 11.0 1 210
527.4771386500032 229.35833122707731 -2 -1 10.0 1 211
550.093478125218 452.46854128213135 -3 -8 12.0 1 212
678.4718063817224 222.93093705985646 -8 4 13.0 1 213
253.95094161593593 546.6924420177409 -10 6 11.0 1 214
564.0702856667692 226.21294248067625 17 16 12.0 1 215
191.56519108983107 548.630180093349 -13 10 13.0 1 216
38.90642893912343 425.6014245405148 22 -17 12.0 1 217
163.1482789788966 408.3822580097137 -4 12 11.0 1 218
611.1261989269199 371.80907722917436 -5 22 11.0 1 219
