400 400 7.0710678118654755 7.0710678118654755 5 2 -1 10 187
742.842712474619 742.842712474619
800.0 400.0 0 0 24.0 1 0
799.4518139018296 420.9343824971775 0 0 24.0 1 1
797.8087581473094 441.8113853070614 0 0 24.0 1 2
795.0753362380551 462.57378601609236 0 0 24.0 1 3
791.2590402935223 483.16467632710373 0 0 24.0 1 4
786.3703305156273 503.5276180410083 0 0 24.0 1 5
780.4226065180615 523.6067977499789 0 0 24.0 1 6
773.4321705988807 543.3471798181201 0 0 24.0 1 7
765.4181830570403 562.6946572303201 0 0 24.0 1 8
756.4026096753471 581.5961998958187 0 0 24.0 1 9
581.5961998958187 756.4026096753471 0 0 24.0 1 10
562.6946572303201 765.4181830570403 0 0 24.0 1 11
543.3471798181201 773.4321705988807 0 0 24.0 1 12
523.606797749979 780.4226065180615 0 0 24.0 1 13
503.5276180410083 786.3703305156273 0 0 24.0 1 14
483.1646763271038 791.2590402935223 0 0 24.0 1 15
462.57378601609236 795.0753362380551 0 0 24.0 1 16
441.8113853070614 797.8087581473094 0 0 24.0 1 17
420.9343824971776 799.4518139018296 0 0 24.0 1 18
400.0 800.0 0 0 24.0 1 19
379.0656175028225 799.4518139018296 0 0 24.0 1 20
358.1886146929386 797.8087581473094 0 0 24.0 1 21
337.4262139839077 795.0753362380551 0 0 24.0 1 22
316.83532367289627 791.2590402935223 0 0 24.0 1 23
296.47238195899166 786.3703305156273 0 0 24.0 1 24
276.3932022500211 780.4226065180615 0 0 24.0 1 25
256.65282018187986 773.4321705988807 0 0 24.0 1 26
237.3053427696799 765.4181830570403 0 0 24.0 1 27
218.4038001041813 756.4026096753471 0 0 24.0 1 28
200.00000000000009 746.4101615137755 0 0 24.0 1 29
182.14438599398918 735.4682271781696 0 0 24.0 1 30
164.8858990830108 723.606797749979 0 0 24.0 1 31
148.27184358006508 710.8583845827884 0 0 24.0 1 32
132.3477574564567 697.2579301909577 0 0 24.0 1 33
117.15728752538104 682.842712474619 0 0 24.0 1 34
102.74206980904233 667.6522425435434 0 0 24.0 1 35
89.14161541721165 651.728156419935 0 0 24.0 1 36
76.39320225002109 635.1141009169893 0 0 24.0 1 37
64.53177282183043 617.8556140060109 0 0 24.0 1 38
53.589838486224494 600.0 0 0 24.0 1 39
43.597390324652906 581.5961998958187 0 0 24.0 1 40
34.58181694295968 562.6946572303202 0 0 24.0 1 41
26.567829401119297 543.3471798181201 0 0 24.0 1 42
19.5773934819386 523.606797749979 0 0 24.0 1 43
13.629669484372698 503.5276180410084 0 0 24.0 1 44
8.740959706477724 483.16467632710373 0 0 24.0 1 45
4.924663761944942 462.5737860160924 0 0 24.0 1 46
2.1912418526906663 441.81138530706147 0 0 24.0 1 47
0.5481860981704472 420.9343824971775 0 0 24.0 1 48
0.0 400.00000000000006 0 0 24.0 1 49
0.5481860981704472 379.0656175028226 0 0 24.0 1 50
2.1912418526906663 358.1886146929386 0 0 24.0 1 51
4.924663761944885 337.4262139839077 0 0 24.0 1 52
8.740959706477781 316.8353236728962 0 0 24.0 1 53
13.629669484372698 296.47238195899166 0 0 24.0 1 54
19.577393481938543 276.3932022500211 0 0 24.0 1 55
26.567829401119297 256.65282018187986 0 0 24.0 1 56
34.58181694295968 237.30534276967992 0 0 24.0 1 57
43.59739032465285 218.40380010418136 0 0 24.0 1 58
53.58983848622455 199.99999999999994 0 0 24.0 1 59
64.53177282183037 182.14438599398918 0 0 24.0 1 60
76.39320225002103 164.8858990830108 0 0 24.0 1 61
89.14161541721171 148.27184358006497 0 0 24.0 1 62
102.74206980904228 132.3477574564567 0 0 24.0 1 63
117.15728752538092 117.15728752538104 0 0 24.0 1 64
132.34775745645675 102.74206980904228 0 0 24.0 1 65
148.27184358006485 89.14161541721177 0 0 24.0 1 66
164.8858990830107 76.39320225002109 0 0 24.0 1 67
182.1443859939892 64.53177282183032 0 0 24.0 1 68
199.99999999999983 53.58983848622461 0 0 24.0 1 69
218.40380010418124 43.597390324652906 0 0 24.0 1 70
237.30534276967995 34.58181694295962 0 0 24.0 1 71
256.65282018187975 26.567829401119354 0 0 24.0 1 72
276.393202250021 19.5773934819386 0 0 24.0 1 73
296.4723819589917 13.629669484372698 0 0 24.0 1 74
316.8353236728961 8.740959706477781 0 0 24.0 1 75
337.4262139839076 4.924663761944942 0 0 24.0 1 76
358.18861469293864 2.1912418526906663 0 0 24.0 1 77
379.0656175028223 0.5481860981704472 0 0 24.0 1 78
399.99999999999994 0.0 0 0 24.0 1 79
420.9343824971776 0.5481860981704472 0 0 24.0 1 80
441.8113853070612 2.1912418526906663 0 0 24.0 1 81
462.5737860160923 4.924663761944885 0 0 24.0 1 82
483.1646763271038 8.740959706477781 0 0 24.0 1 83
503.5276180410081 13.629669484372641 0 0 24.0 1 84
523.6067977499789 19.577393481938543 0 0 24.0 1 85
543.3471798181201 26.567829401119297 0 0 24.0 1 86
562.6946572303199 34.58181694295956 0 0 24.0 1 87
581.5961998958187 43.59739032465279 0 0 24.0 1 88
600.0 53.58983848622455 0 0 24.0 1 89
617.8556140060107 64.53177282183032 0 0 24.0 1 90
635.1141009169892 76.39320225002098 0 0 24.0 1 91
651.728156419935 89.14161541721171 0 0 24.0 1 92
667.6522425435431 102.74206980904216 0 0 24.0 1 93
682.842712474619 117.15728752538092 0 0 24.0 1 94
697.2579301909577 132.34775745645675 0 0 24.0 1 95
710.8583845827882 148.27184358006485 0 0 24.0 1 96
723.6067977499789 164.88589908301066 0 0 24.0 1 97
735.4682271781696 182.1443859939892 0 0 24.0 1 98
746.4101615137754 199.99999999999983 0 0 24.0 1 99
756.4026096753471 218.40380010418122 0 0 24.0 1 100
765.4181830570403 237.30534276967995 0 0 24.0 1 101
773.4321705988806 256.6528201818797 0 0 24.0 1 102
780.4226065180615 276.3932022500209 0 0 24.0 1 103
786.3703305156273 296.4723819589917 0 0 24.0 1 104
791.2590402935223 316.83532367289604 0 0 24.0 1 105
795.0753362380551 337.4262139839076 0 0 24.0 1 106
797.8087581473094 358.18861469293864 0 0 24.0 1 107
799.4518139018296 379.06561750282225 0 0 24.0 1 108
800.0 399.9999999999999 0 0 24.0 1 109
648.347835218853 254.16669536038947 0 0 10.0 1 110
105.7043890517167 305.8135180794151 0 0 12.0 1 111
724.9490753104997 405.7531256592594 0 0 13.0 1 112
180.7902251180962 688.0817151369122 0 0 11.0 1 113
451.82032449184766 527.9009537476543 0 0 13.0 1 114
477.7871369551267 562.3242474934794 0 0 10.0 1 115
319.47228958726055 98.57125575738138 0 0 13.0 1 116
686.9039447423754 302.55706033137136 0 0 12.0 1 117
519.288991372437 556.7773470159086 0 0 11.0 1 118
296.26682751540153 238.43444387407152 0 0 10.0 1 119
681.9169618172459 309.78455431727036 0 0 13.0 1 120
155.88507145029737 636.6598860372699 0 0 10.0 1 121
591.8073185831896 698.7221996068033 0 0 10.0 1 122
606.8019665137467 547.4752407899279 0 0 13.0 1 123
623.8551244875816 351.7311359088561 0 0 11.0 1 124
195.96913239498699 167.93879026354782 0 0 12.0 1 125
227.68597456689213 679.091161879122 0 0 10.0 1 126
228.7366698439233 677.3893865018102 0 0 10.0 1 127
126.4291251955629 363.46267033929524 0 0 13.0 1 128
209.80964218495117 205.5478778871681 0 0 13.0 1 129
287.11609973250177 521.7095931321664 0 0 11.0 1 130
375.3883920998485 548.9807663981132 0 0 13.0 1 131
164.8164938112299 429.2868300906181 0 0 11.0 1 132
676.226719155981 250.6855679302137 0 0 12.0 1 133
522.7124704726509 537.104520678564 0 0 12.0 1 134
370.7544932044687 598.8610075712998 0 0 13.0 1 135
633.5514128537725 385.51768133181935 0 0 11.0 1 136
249.02665558888214 490.4602082538062 0 0 11.0 1 137
276.75090630478974 675.7057505807763 0 0 12.0 1 138
594.9621804575835 193.49152997703786 0 0 11.0 1 139
149.52149677246356 550.0817091483602 0 0 13.0 1 140
168.26774911214972 121.89181260083262 0 0 13.0 1 141
328.42599186021016 634.3121024591032 0 0 11.0 1 142
371.63960414154724 571.6732010150445 0 0 10.0 1 143
692.0613718464513 242.12614188799662 0 0 11.0 1 144
370.6743240349405 644.2457875362282 0 0 12.0 1 145
210.9642259935397 293.4426157144495 0 0 10.0 1 146
437.0203479730202 162.87241021771317 0 0 12.0 1 147
147.9872355266305 644.316529409064 0 0 10.0 1 148
462.4676436335802 166.20138259846783 0 0 13.0 1 149
290.2942154272196 51.87697457469045 0 0 12.0 1 150
619.693702500313 568.7118166629236 0 0 12.0 1 151
87.10737449344037 565.5723554933367 0 0 11.0 1 152
349.2018649964794 283.6017634147145 0 0 11.0 1 153
471.9134551285364 208.02746297588297 0 0 10.0 1 154
532.3041038595043 378.7485505921712 -9 8 11.0 1 155
681.222678509853 304.4866234931264 -14 17 13.0 1 156
264.52514649746547 286.08966654220166 -9 4 13.0 1 157
175.50001622749377 144.65756857477754 18 -2 10.0 1 158
376.3989576310582 680.0071263362763 5 -1 10.0 1 159
595.1058553985965 138.8301219719587 3 22 13.0 1 160
542.8748561806839 538.5199461137236 -16 -6 10.0 1 161
577.6251945176575 197.9844306184191 -16 21 11.0 1 162
520.8065194490459 553.0711757928556 12 -3 10.0 1 163
186.45489193668288 220.44642353262293 1 20 12.0 1 164
515.5220796094425 319.1566383510085 19 -6 10.0 1 165
327.84171424274246 636.2248543159122 -3 -4 10.0 1 166
242.08021106420094 139.0664064125267 -9 1 12.0 1 167
518.8274519353771 211.2964317599011 1 7 11.0 1 168
105.96507401849829 276.2887947554758 21 7 11.0 1 169
354.5315267786468 647.864111849455 10 -16 11.0 1 170
583.2608048141021 535.6446733892915 21 15 12.0 1 171
191.97475692159955 435.3057819934981 18 17 10.0 1 172
213.87646134958877 559.3205208384936 -16 12 10.0 1 173
252.77859075072908 317.01291269927174 7 -17 13.0 1 174
541.8759912903229 165.59180241427512 18 -5 11.0 1 175
443.64106305337646 696.8087896534926 8 -13 11.0 1 176
329.59199000945796 518.6874556521107 15 15 12.0 1 177
328.56735386615594 61.454025180748886 6 0 11.0 1 178
404.11567194316297 532.936305215905 11 17 10.0 1 179
342.79023594070736 746.3062848062103 14 -6 13.0 1 180
545.1406049009288 511.459431224964 6 15 11.0 1 181
399.0022092583672 173.0021929320992 -15 9 11.0 1 182
517.9158577338627 352.83167911736257 1 7 10.0 1 183
478.3825655487606 549.72365684151 1 -4 11.0 1 184
677.9022151345116 392.62715636055987 -14 -17 11.0 1 185
482.5014137792026 653.9340794860603 9 22 11.0 1 186
116.72242923248103 504.67959638847134 -3 9 10.0 1 187
221.46333234555337 177.85217015949567 8 -9 10.0 1 188
331.124174822894 194.22069903371542 20 22 12.0 1 189
441.72731406487895 160.6094587062159 -1 -11 13.0 1 190
405.9520974344661 131.06585836653124 -7 15 10.0 1 191
710.7785733119772 427.5803982961098 3 9 11.0 1 192
395.64522691083647 727.9710901151836 -13 11 11.0 1 193
548.7683416036617 96.50044392701955 -4 -7 11.0 1 194
103.80775023601228 207.96054785605247 -9 8 12.0 1 195
300.0189634525881 101.28811150055463 -9 21 11.0 1 196
731.6753526471877 385.3214290081182 5 14 12.0 1 197
217.23827402564464 109.74640136791646 3 -11 11.0 1 198
551.4682010534272 421.5959271539469 13 -12 12.0 1 199
288.69633184530096 191.89547468805816 -10 3 11.0 1 200
251.35912684749968 373.41258138776334 1 6 10.0 1 201
501.1170205605558 620.9623229262313 -13 4 13.0 1 202
206.2742084431265 109.70477495201067 16 -5 10.0 1 203
241.04467146462193 137.35536645457609 0 -8 10.0 1 204
605.5934876696452 239.21344015176066 5 22 11.0 1 205
174.14139683219676 407.9932080598958 10 6 13.0 1 206
334.31688910880337 520.2278210051849 14 -9 13.0 1 207
96.63151813180696 574.549603863738 1 -9 11.0 1 208
601.2804125441653 617.0304023081803 16 -7 11.0 1 209
405.84858644554737 588.909486359444 -15 2 13.0 1 210
128.37436353320902 240.48663499878538 12 -17 10.0 1 211
498.2436577517286 56.78405673459571 20 13 13.0 1 212
405.0449004277259 172.05582047423468 20 -12 10.0 1 213
540.674651618563 176.6020537426632 11 7 10.0 1 214
618.6882276746993 117.8219372869342 20 8 11.0 1 215
465.7600397586533 291.35094491464577 9 17 11.0 1 216
563.7585436445319 213.7551628006243 12 -3 11.0 1 217
567.0601271857523 210.00022656676592 -12 6 13.0 1 218
451.22606253294407 653.8836160869206 -12 -1 12.0 1 219
