400 400 7.071067811865475 -7.0710678118654755 5 2 -1 10 187
742.842712474619 57.15728752538092
800.0 400.0 0 0 24.0 1 0
799.4518139018296 420.9343824971775 0 0 24.0 1 1
797.8087581473094 441.8113853070614 0 0 24.0 1 2
795.0753362380551 462.57378601609236 0 0 24.0 1 3
791.2590402935223 483.16467632710373 0 0 24.0 1 4
786.3703305156273 503.5276180410083 0 0 24.0 1 5
780.4226065180615 523.6067977499789 0 0 24.0 1 6
773.4321705988807 543.3471798181201 0 0 24.0 1 7
765.4181830570403 562.6946572303201 0 0 24.0 1 8
756.4026096753471 581.5961998958187 0 0 24.0 1 9
746.4101615137755 600.0 0 0 24.0 1 10
735.4682271781696 617.8556140060108 0 0 24.0 1 11
723.606797749979 635.1141009169893 0 0 24.0 1 12
710.8583845827884 651.728156419935 0 0 24.0 1 13
697.2579301909577 667.6522425435433 0 0 24.0 1 14
682.842712474619 682.842712474619 0 0 24.0 1 15
667.6522425435433 697.2579301909577 0 0 24.0 1 16
651.728156419935 710.8583845827884 0 0 24.0 1 17
635.1141009169893 723.606797749979 0 0 24.0 1 18
617.8556140060108 735.4682271781696 0 0 24.0 1 19
600.0 746.4101615137754 0 0 24.0 1 20
581.5961998958187 756.4026096753471 0 0 24.0 1 21
562.6946572303201 765.4181830570403 0 0 24.0 1 22
543.3471798181201 773.4321705988807 0 0 24.0 1 23
523.606797749979 780.4226065180615 0 0 24.0 1 24
503.5276180410083 786.3703305156273 0 0 24.0 1 25
483.1646763271038 791.2590402935223 0 0 24.0 1 26
462.57378601609236 795.0753362380551 0 0 24.0 1 27
441.8113853070614 797.8087581473094 0 0 24.0 1 28
420.9343824971776 799.4518139018296 0 0 24.0 1 29
400.0 800.0 0 0 24.0 1 30
379.0656175028225 799.4518139018296 0 0 24.0 1 31
358.1886146929386 797.8087581473094 0 0 24.0 1 32
337.4262139839077 795.0753362380551 0 0 24.0 1 33
316.83532367289627 791.2590402935223 0 0 24.0 1 34
296.47238195899166 786.3703305156273 0 0 24.0 1 35
276.3932022500211 780.4226065180615 0 0 24.0 1 36
256.65282018187986 773.4321705988807 0 0 24.0 1 37
237.3053427696799 765.4181830570403 0 0 24.0 1 38
218.4038001041813 756.4026096753471 0 0 24.0 1 39
200.00000000000009 746.4101615137755 0 0 24.0 1 40
182.14438599398918 735.4682271781696 0 0 24.0 1 41
164.8858990830108 723.606797749979 0 0 24.0 1 42
148.27184358006508 710.8583845827884 0 0 24.0 1 43
132.3477574564567 697.2579301909577 0 0 24.0 1 44
117.15728752538104 682.842712474619 0 0 24.0 1 45
102.74206980904233 667.6522425435434 0 0 24.0 1 46
89.14161541721165 651.728156419935 0 0 24.0 1 47
76.39320225002109 635.1141009169893 0 0 24.0 1 48
64.53177282183043 617.8556140060109 0 0 24.0 1 49
53.589838486224494 600.0 0 0 24.0 1 50
43.597390324652906 581.5961998958187 0 0 24.0 1 51
34.58181694295968 562.6946572303202 0 0 24.0 1 52
26.567829401119297 543.3471798181201 0 0 24.0 1 53
19.5773934819386 523.606797749979 0 0 24.0 1 54
13.629669484372698 503.5276180410084 0 0 24.0 1 55
8.740959706477724 483.16467632710373 0 0 24.0 1 56
4.924663761944942 462.5737860160924 0 0 24.0 1 57
2.1912418526906663 441.81138530706147 0 0 24.0 1 58
0.5481860981704472 420.9343824971775 0 0 24.0 1 59
0.0 400.00000000000006 0 0 24.0 1 60
0.5481860981704472 379.0656175028226 0 0 24.0 1 61
2.1912418526906663 358.1886146929386 0 0 24.0 1 62
4.924663761944885 337.4262139839077 0 0 24.0 1 63
8.740959706477781 316.8353236728962 0 0 24.0 1 64
13.629669484372698 296.47238195899166 0 0 24.0 1 65
19.577393481938543 276.3932022500211 0 0 24.0 1 66
26.567829401119297 256.65282018187986 0 0 24.0 1 67
34.58181694295968 237.30534276967992 0 0 24.0 1 68
43.59739032465285 218.40380010418136 0 0 24.0 1 69
53.58983848622455 199.99999999999994 0 0 24.0 1 70
64.53177282183037 182.14438599398918 0 0 24.0 1 71
76.39320225002103 164.8858990830108 0 0 24.0 1 72
89.14161541721171 148.27184358006497 0 0 24.0 1 73
102.74206980904228 132.3477574564567 0 0 24.0 1 74
117.15728752538092 117.15728752538104 0 0 24.0 1 75
132.34775745645675 102.74206980904228 0 0 24.0 1 76
148.27184358006485 89.14161541721177 0 0 24.0 1 77
164.8858990830107 76.39320225002109 0 0 24.0 1 78
182.1443859939892 64.53177282183032 0 0 24.0 1 79
199.99999999999983 53.58983848622461 0 0 24.0 1 80
218.40380010418124 43.597390324652906 0 0 24.0 1 81
237.30534276967995 34.58181694295962 0 0 24.0 1 82
256.65282018187975 26.567829401119354 0 0 24.0 1 83
276.393202250021 19.5773934819386 0 0 24.0 1 84
296.4723819589917 13.629669484372698 0 0 24.0 1 85
316.8353236728961 8.740959706477781 0 0 24.0 1 86
337.4262139839076 4.924663761944942 0 0 24.0 1 87
358.18861469293864 2.1912418526906663 0 0 24.0 1 88
379.0656175028223 0.5481860981704472 0 0 24.0 1 89
399.99999999999994 0.0 0 0 24.0 1 90
420.9343824971776 0.5481860981704472 0 0 24.0 1 91
441.8113853070612 2.1912418526906663 0 0 24.0 1 92
462.5737860160923 4.924663761944885 0 0 24.0 1 93
483.1646763271038 8.740959706477781 0 0 24.0 1 94
503.5276180410081 13.629669484372641 0 0 24.0 1 95
523.6067977499789 19.577393481938543 0 0 24.0 1 96
543.3471798181201 26.567829401119297 0 0 24.0 1 97
562.6946572303199 34.58181694295956 0 0 24.0 1 98
581.5961998958187 43.59739032465279 0 0 24.0 1 99
756.4026096753471 218.40380010418122 0 0 24.0 1 100
765.4181830570403 237.30534276967995 0 0 24.0 1 101
773.4321705988806 256.6528201818797 0 0 24.0 1 102
780.4226065180615 276.3932022500209 0 0 24.0 1 103
786.3703305156273 296.4723819589917 0 0 24.0 1 104
791.2590402935223 316.83532367289604 0 0 24.0 1 105
795.0753362380551 337.4262139839076 0 0 24.0 1 106
797.8087581473094 358.18861469293864 0 0 24.0 1 107
799.4518139018296 379.06561750282225 0 0 24.0 1 108
800.0 399.9999999999999 0 0 24.0 1 109
322.89310424441555 89.42870926800487 0 0 11.0 1 110
743.0805025107743 452.0073917530445 0 0 11.0 1 111
407.0863825186791 628.8903300334005 0 0 13.0 1 112
428.19506160358446 277.19512020619834 0 0 11.0 1 113
730.2273424743476 450.0589880274261 0 0 12.0 1 114
578.5514117385603 412.6646502583818 0 0 12.0 1 115
282.3221289725117 590.5988422589126 0 0 10.0 1 116
699.757768841979 535.596017710251 0 0 13.0 1 117
289.2690077664728 478.9597831745917 0 0 11.0 1 118
175.67940891373615 278.7347023476658 0 0 12.0 1 119
687.4187763277168 523.9332361163779 0 0 12.0 1 120
588.2706765861817 220.68421057313054 0 0 11.0 1 121
520.9222192548499 577.7718112932475 0 0 13.0 1 122
637.5986034520448 233.72641930349263 0 0 11.0 1 123
611.7059421682518 212.19799242113308 0 0 12.0 1 124
240.66637845404568 487.9590645985427 0 0 11.0 1 125
185.51159837060874 593.6897662925662 0 0 10.0 1 126
341.32329604685293 528.2109371824212 0 0 10.0 1 127
308.0315491230815 600.9547313284756 0 0 13.0 1 128
510.2800317001928 313.7543357135881 0 0 13.0 1 129
54.87509751694432 312.67988956682836 0 0 13.0 1 130
517.292049303397 69.17742645005393 0 0 11.0 1 131
543.909752852098 405.09735559364714 0 0 13.0 1 132
670.7050364239389 351.5873647204169 0 0 13.0 1 133
467.42022793964406 252.69584912648784 0 0 11.0 1 134
568.0340171249915 661.6974762752559 0 0 11.0 1 135
203.3295381047035 631.8118405472221 0 0 12.0 1 136
570.6791959878337 726.0254776193827 0 0 13.0 1 137
326.99445822967976 279.37168296447953 0 0 11.0 1 138
446.9736460992425 36.018576611191406 0 0 12.0 1 139
483.0968592851216 722.4653655463617 0 0 13.0 1 140
117.23289470123552 216.66488563028238 0 0 13.0 1 141
543.0180716965914 651.1311035459141 0 0 13.0 1 142
242.27806205654224 547.5797760242237 0 0 12.0 1 143
634.1482681931549 192.28965239510478 0 0 10.0 1 144
243.1876506889985 197.64909907894048 0 0 12.0 1 145
191.21357932366786 664.532097374148 0 0 12.0 1 146
420.66969428493627 267.6037623715565 0 0 11.0 1 147
420.61816343264576 571.766968118625 0 0 11.0 1 148
369.1758628135173 765.7032575281617 0 0 11.0 1 149
91.40546235963552 458.01216543561947 0 0 12.0 1 150
270.8425490238975 442.5952210624111 0 0 12.0 1 151
597.1165534520828 302.3011547909998 0 0 12.0 1 152
627.089133490194 363.5236316134283 0 0 11.0 1 153
604.6816029028221 126.01196844911004 0 0 13.0 1 154
208.2278868360568 296.33005926192607 2 3 11.0 1 155
574.2472226679236 646.6615198860882 10 18 13.0 1 156
319.16451543308256 126.70414486342526 2 18 13.0 1 157
546.6286336584544 203.72202418138002 -12 -6 13.0 1 158
570.130439711793 559.1999795335162 20 -8 10.0 1 159
515.0013320199556 515.514906542991 -4 6 12.0 1 160
200.84787155527542 433.7998481643915 -13 -5 10.0 1 161
333.8875605181546 232.58092896638288 1 12 12.0 1 162
589.3687028349779 525.1738566418637 -6 -3 13.0 1 163
115.81005467319858 297.8233149140685 9 19 11.0 1 164
239.58964542575708 720.0508055689997 7 21 11.0 1 165
188.52820600075964 502.49234284932146 -14 18 11.0 1 166
511.5141699779691 293.7898785702389 -12 -5 10.0 1 167
607.0977442447999 202.7526316304436 -3 3 13.0 1 168
240.78191037599117 356.7033495928255 13 -3 13.0 1 169
382.9291783540304 216.79359441239097 7 2 13.0 1 170
214.27497015904385 468.6309936586666 1 22 10.0 1 171
224.24073528379978 333.2715887614529 12 -4 13.0 1 172
244.20028320702633 629.0315442187587 -5 -10 12.0 1 173
491.3110896917156 542.2085964325345 4 1 13.0 1 174
392.90698521154246 79.07837539173102 -12 -4 13.0 1 175
532.9724536515378 416.5628068240151 15 -12 10.0 1 176
301.6036125128656 174.53569921275408 22 13 11.0 1 177
192.39913227775193 387.1205698507401 5 -8 10.0 1 178
433.45641278766243 98.85274624632297 9 6 10.0 1 179
254.1252261935334 172.7984366979131 10 -16 11.0 1 180
488.1912055367758 488.585051029901 -12 0 11.0 1 181
252.13570667737386 695.0188989881841 12 4 13.0 1 182
618.6836320347187 191.71781381955932 -2 2 12.0 1 183
266.8566396024396 79.55991888959124 18 12 10.0 1 184
622.1420560036646 306.54462586632724 10 9 13.0 1 185
705.5302666568621 568.677965830119 0 4 10.0 1 186
155.94396235521984 594.3724530100128 -2 20 11.0 1 187
523.5676273043988 158.81119121658816 -1 17 12.0 1 188
352.0376943812823 284.5676941244925 13 2 10.0 1 189
282.45980336484877 450.6784192232748 6 5 13.0 1 190
655.4365150017566 535.1783518310435 2 13 10.0 1 191
517.190246244304 271.3825587830352 -5 -7 13.0 1 192
129.6861071946247 592.754764808562 22 11 12.0 1 193
472.1422104984729 171.09936333772674 15 18 13.0 1 194
664.9584767916382 404.6910101529346 -4 -15 13.0 1 195
514.20900057778 487.7057819475127 -5 19 10.0 1 196
707.4114788937769 307.592302028776 21 -11 10.0 1 197
496.8031321469577 178.20470337146767 -12 -14 13.0 1 198
219.90300136634553 466.551266578101 -6 -8 12.0 1 199
619.5675057804833 506.4242002804693 -11 -15 10.0 1 200
638.9159331552096 393.66147615170433 -4 -9 12.0 1 201
312.47513571612 263.67906201874786 -17 22 13.0 1 202
208.69169137056883 275.9631867172237 -7 -6 12.0 1 203
478.74004974734413 515.7583887490914 2 -13 10.0 1 204
240.06305601451362 644.3034464525283 18 5 12.0 1 205
668.9429961353649 423.8676523716335 21 -5 13.0 1 206
259.7957556197033 205.2109606324061 -13 22 11.0 1 207
616.4383967118874 322.1898436655751 19 -9 12.0 1 208
148.53634045577553 240.093690153808 3 -13 13.0 1 209
588.0652719967472 704.6234617832145 -9 3 11.0 1 210
602.1500438191946 200.52228248774824 -9 10 10.0 1 211
491.15324743395047 680.5638705932126 5 22 11.0 1 212
67.63126304652059 503.1262463970682 -14 14 12.0 1 213
308.3832308408506 204.39231198943347 11 12 13.0 1 214
275.82245007162595 289.8367752206474 -15 8 10.0 1 215
90.74596761237547 358.696931687899 2 17 11.0 1 216
288.4400508950348 200.0115559446057 -7 -3 11.0 1 217
290.8758576440515 204.37811585847894 -3 20 12.0 1 218
367.9303978704639 534.2219826230162 -9 -4 12.0 1 219
