400 400 7.0710678118654755 7.0710678118654755 5 2 -1 10 187
742.842712474619 742.842712474619
800.0 400.0 0 0 24.0 1 0
799.4518139018296 420.9343824971775 0 0 24.0 1 1
797.8087581473094 441.8113853070614 0 0 24.0 1 2
795.0753362380551 462.57378601609236 0 0 24.0 1 3
791.2590402935223 483.16467632710373 0 0 24.0 1 4
786.3703305156273 503.5276180410083 0 0 24.0 1 5
780.4226065180615 523.6067977499789 0 0 24.0 1 6
773.4321705988807 543.3471798181201 0 0 24.0 1 7
765.4181830570403 562.6946572303201 0 0 24.0 1 8
756.4026096753471 581.5961998958187 0 0 24.0 1 9
581.5961998958187 756.4026096753471 0 0 24.0 1 10
562.6946572303201 765.4181830570403 0 0 24.0 1 11
543.3471798181201 773.4321705988807 0 0 24.0 1 12
523.606797749979 780.4226065180615 0 0 24.0 1 13
503.5276180410083 786.3703305156273 0 0 24.0 1 14
483.1646763271038 791.2590402935223 0 0 24.0 1 15
462.57378601609236 795.0753362380551 0 0 24.0 1 16
441.8113853070614 797.8087581473094 0 0 24.0 1 17
420.9343824971776 799.4518139018296 0 0 24.0 1 18
400.0 800.0 0 0 24.0 1 19
379.0656175028225 799.4518139018296 0 0 24.0 1 20
358.1886146929386 797.8087581473094 0 0 24.0 1 21
337.4262139839077 795.0753362380551 0 0 24.0 1 22
316.83532367289627 791.2590402935223 0 0 24.0 1 23
296.47238195899166 786.3703305156273 0 0 24.0 1 24
276.3932022500211 780.4226065180615 0 0 24.0 1 25
256.65282018187986 773.4321705988807 0 0 24.0 1 26
237.3053427696799 765.4181830570403 0 0 24.0 1 27
218.4038001041813 756.4026096753471 0 0 24.0 1 28
200.00000000000009 746.4101615137755 0 0 24.0 1 29
182.14438599398918 735.4682271781696 0 0 24.0 1 30
164.8858990830108 723.606797749979 0 0 24.0 1 31
148.27184358006508 710.8583845827884 0 0 24.0 1 32
132.3477574564567 697.2579301909577 0 0 24.0 1 33
117.15728752538104 682.842712474619 0 0 24.0 1 34
102.74206980904233 667.6522425435434 0 0 24.0 1 35
89.14161541721165 651.728156419935 0 0 24.0 1 36
76.39320225002109 635.1141009169893 0 0 24.0 1 37
64.53177282183043 617.8556140060109 0 0 24.0 1 38
53.589838486224494 600.0 0 0 24.0 1 39
43.597390324652906 581.5961998958187 0 0 24.0 1 40
34.58181694295968 562.6946572303202 0 0 24.0 1 41
26.567829401119297 543.3471798181201 0 0 24.0 1 42
19.5773934819386 523.606797749979 0 0 24.0 1 43
13.629669484372698 503.5276180410084 0 0 24.0 1 44
8.740959706477724 483.16467632710373 0 0 24.0 1 45
4.924663761944942 462.5737860160924 0 0 24.0 1 46
2.1912418526906663 441.81138530706147 0 0 24.0 1 47
0.5481860981704472 420.9343824971775 0 0 24.0 1 48
0.0 400.00000000000006 0 0 24.0 1 49
0.5481860981704472 379.0656175028226 0 0 24.0 1 50
2.1912418526906663 358.1886146929386 0 0 24.0 1 51
4.924663761944885 337.4262139839077 0 0 24.0 1 52
8.740959706477781 316.8353236728962 0 0 24.0 1 53
13.629669484372698 296.47238195899166 0 0 24.0 1 54
19.577393481938543 276.3932022500211 0 0 24.0 1 55
26.567829401119297 256.65282018187986 0 0 24.0 1 56
34.58181694295968 237.30534276967992 0 0 24.0 1 57
43.59739032465285 218.40380010418136 0 0 24.0 1 58
53.58983848622455 199.99999999999994 0 0 24.0 1 59
64.53177282183037 182.14438599398918 0 0 24.0 1 60
76.39320225002103 164.8858990830108 0 0 24.0 1 61
89.14161541721171 148.27184358006497 0 0 24.0 1 62
102.74206980904228 132.3477574564567 0 0 24.0 1 63
117.15728752538092 117.15728752538104 0 0 24.0 1 64
132.34775745645675 102.74206980904228 0 0 24.0 1 65
148.27184358006485 89.14161541721177 0 0 24.0 1 66
164.8858990830107 76.39320225002109 0 0 24.0 1 67
182.1443859939892 64.53177282183032 0 0 24.0 1 68
199.99999999999983 53.58983848622461 0 0 24.0 1 69
218.40380010418124 43.597390324652906 0 0 24.0 1 70
237.30534276967995 34.58181694295962 0 0 24.0 1 71
256.65282018187975 26.567829401119354 0 0 24.0 1 72
276.393202250021 19.5773934819386 0 0 24.0 1 73
296.4723819589917 13.629669484372698 0 0 24.0 1 74
316.8353236728961 8.740959706477781 0 0 24.0 1 75
337.4262139839076 4.924663761944942 0 0 24.0 1 76
358.18861469293864 2.1912418526906663 0 0 24.0 1 77
379.0656175028223 0.5481860981704472 0 0 24.0 1 78
399.99999999999994 0.0 0 0 24.0 1 79
420.9343824971776 0.5481860981704472 0 0 24.0 1 80
441.8113853070612 2.1912418526906663 0 0 24.0 1 81
462.5737860160923 4.924663761944885 0 0 24.0 1 82
483.1646763271038 8.740959706477781 0 0 24.0 1 83
503.5276180410081 13.629669484372641 0 0 24.0 1 84
523.6067977499789 19.577393481938543 0 0 24.0 1 85
543.3471798181201 26.567829401119297 0 0 24.0 1 86
562.6946572303199 34.58181694295956 0 0 24.0 1 87
581.5961998958187 43.59739032465279 0 0 24.0 1 88
600.0 53.58983848622455 0 0 24.0 1 89
617.8556140060107 64.53177282183032 0 0 24.0 1 90
635.1141009169892 76.39320225002098 0 0 24.0 1 91
651.728156419935 89.14161541721171 0 0 24.0 1 92
667.6522425435431 102.74206980904216 0 0 24.0 1 93
682.842712474619 117.15728752538092 0 0 24.0 1 94
697.2579301909577 132.34775745645675 0 0 24.0 1 95
710.8583845827882 148.27184358006485 0 0 24.0 1 96
723.6067977499789 164.88589908301066 0 0 24.0 1 97
735.4682271781696 182.1443859939892 0 0 24.0 1 98
746.4101615137754 199.99999999999983 0 0 24.0 1 99
756.4026096753471 218.40380010418122 0 0 24.0 1 100
765.4181830570403 237.30534276967995 0 0 24.0 1 101
773.4321705988806 256.6528201818797 0 0 24.0 1 102
780.4226065180615 276.3932022500209 0 0 24.0 1 103
786.3703305156273 296.4723819589917 0 0 24.0 1 104
791.2590402935223 316.83532367289604 0 0 24.0 1 105
795.0753362380551 337.4262139839076 0 0 24.0 1 106
797.8087581473094 358.18861469293864 0 0 24.0 1 107
799.4518139018296 379.06561750282225 0 0 24.0 1 108
800.0 399.9999999999999 0 0 24.0 1 109
117.4339283170545 562.5804881702245 0 0 11.0 1 110
527.7810894296255 461.93539524519116 0 0 11.0 1 111
635.2521144333654 381.2265438815656 0 0 10.0 1 112
129.34811209905791 615.5540664790527 0 0 10.0 1 113
289.2690077664728 478.9597831745917 0 0 11.0 1 114
685.7266504904519 308.5654266729091 0 0 13.0 1 115
634.6994495403154 241.8697739662878 0 0 11.0 1 116
644.3037604008368 338.1964996621511 0 0 10.0 1 117
330.19887433632493 289.14512705305265 0 0 12.0 1 118
383.7414892702725 559.1717965873707 0 0 13.0 1 119
519.4045921034735 299.6080511963081 0 0 12.0 1 120
126.46436388005287 245.8109738909546 0 0 10.0 1 121
435.8032528299486 244.0572954999344 0 0 11.0 1 122
89.47528024531442 586.0602010674877 0 0 13.0 1 123
537.5782806373702 538.1926796066457 0 0 12.0 1 124
572.0642249018692 592.2443822558125 0 0 12.0 1 125
442.49387058569073 70.73070145753559 0 0 11.0 1 126
398.9055070719535 151.00240546296345 0 0 13.0 1 127
156.2389215512259 389.2047865472427 0 0 11.0 1 128
63.861522406491986 298.9459358505621 0 0 10.0 1 129
270.9319031686259 502.7931241879876 0 0 10.0 1 130
265.1792433072694 474.4269008141515 0 0 12.0 1 131
154.5310503185394 166.19239802290312 0 0 11.0 1 132
258.06836613132725 671.0929938367442 0 0 10.0 1 133
216.68801316139835 231.4837827350604 0 0 12.0 1 134
230.1909407605969 249.35510828365636 0 0 12.0 1 135
201.94252245043333 380.65483040387335 0 0 12.0 1 136
412.01802779796697 191.34581957735116 0 0 13.0 1 137
678.6814341373491 316.22853548403054 0 0 10.0 1 138
387.130634350889 593.5726722132788 0 0 10.0 1 139
147.24773423139405 388.80660244447705 0 0 12.0 1 140
574.9854936866675 720.3202725386473 0 0 12.0 1 141
612.3116013007273 346.2898151825837 0 0 13.0 1 142
703.7142820588908 479.7096912141335 0 0 13.0 1 143
227.881483139127 715.0495455537325 0 0 10.0 1 144
403.1659387194205 638.9790301093904 0 0 10.0 1 145
375.8773644422356 546.0208836219919 0 0 11.0 1 146
153.88907273231885 181.66445209393368 0 0 13.0 1 147
523.4972446018285 550.9086829037883 0 0 12.0 1 148
202.8639125148448 499.89175647191934 0 0 10.0 1 149
524.657790619368 741.988940227455 0 0 13.0 1 150
577.1770499377282 271.2782342594549 0 0 10.0 1 151
74.51661613935124 479.28156677703583 0 0 10.0 1 152
366.9675624814594 243.4469480604619 0 0 12.0 1 153
567.2669410817365 191.88760147180346 0 0 11.0 1 154
505.35894964428724 564.0868420375398 15 -14 11.0 1 155
176.54543668771126 565.3845764722766 21 13 11.0 1 156
510.6166658518018 703.4682079490879 -3 -11 11.0 1 157
211.0701824236417 420.1376272327198 -3 8 10.0 1 158
484.484041820114 104.85351657568873 6 -16 13.0 1 159
602.0569127226886 170.19790248786708 16 -9 11.0 1 160
682.4465299118951 527.7652446509964 1 3 12.0 1 161
280.2702168699512 306.3582409838886 9 -6 11.0 1 162
289.2060269574848 183.72772822792464 14 -6 10.0 1 163
209.073661958951 261.28037830849206 11 -17 11.0 1 164
313.7190420460032 300.10207061935347 -6 17 10.0 1 165
484.9184765387334 259.6972831968654 -6 1 11.0 1 166
493.877399441753 631.7046263544462 8 -10 12.0 1 167
248.97992059999672 654.5759918335126 18 22 11.0 1 168
664.5768145866293 299.56042023588327 -1 16 10.0 1 169
445.20193150642103 165.31343159846404 22 -11 10.0 1 170
328.40289595661324 88.1124326097617 18 -17 13.0 1 171
196.16993352369948 658.2524036679367 1 7 11.0 1 172
706.2200468314115 525.6593924804994 -4 5 12.0 1 173
582.0758549839511 496.35550338129747 7 -15 11.0 1 174
546.9078727031833 405.2035505018481 8 19 10.0 1 175
180.23283228102883 228.1180870691113 -4 -3 10.0 1 176
640.5179739725081 633.1868439602885 -12 -13 10.0 1 177
593.7528793662293 568.8455558707287 3 21 10.0 1 178
479.39592079987074 273.91555305930615 -1 17 11.0 1 179
573.9409496086912 488.1450284997784 3 10 11.0 1 180
710.951268989432 405.5052987077836 22 22 11.0 1 181
567.9736758528121 402.9739234177095 -8 9 10.0 1 182
449.36213577302794 757.6092554058482 9 9 10.0 1 183
100.75387471153749 504.59807120516996 3 16 10.0 1 184
434.3313909225875 271.50737142808356 -4 -13 11.0 1 185
603.8446744380398 421.73358468475834 -9 -4 12.0 1 186
53.36419407148952 514.3180565277945 -15 22 12.0 1 187
659.5956382668865 490.74747706029007 -7 -5 10.0 1 188
345.9093835633898 143.64437744900636 -7 9 12.0 1 189
143.74326164528657 227.33418390485056 7 17 13.0 1 190
621.3685339005968 181.55785159749897 21 8 10.0 1 191
611.7994099160892 605.3436387112988 20 -14 13.0 1 192
242.1042943334653 615.3089550670549 -14 -8 12.0 1 193
685.8207591368057 410.12391458182697 -4 4 12.0 1 194
472.92259794716034 624.4510964745701 -15 -12 11.0 1 195
574.4652766427447 569.1474718876123 6 8 11.0 1 196
521.2146394452641 173.38135296460126 -16 0 12.0 1 197
570.0326442749036 570.7919783856493 -5 17 12.0 1 198
444.2627267717496 559.9900341231586 -14 -14 10.0 1 199
322.4800259807821 193.04190369048186 -8 -14 11.0 1 200
164.0223957092315 605.6296921001183 17 -5 11.0 1 201
677.1064220832293 250.21004426120163 -15 7 11.0 1 202
467.04878455084184 732.3032658434984 3 -5 12.0 1 203
725.7956904846106 411.5398466911734 3 -16 10.0 1 204
715.5861134425634 260.6070123635426 -11 -15 10.0 1 205
237.31278154458445 389.90698502726264 -8 3 10.0 1 206
468.25257643272613 250.87727936261732 -5 7 10.0 1 207
428.5181819074046 572.6606883476843 6 -14 11.0 1 208
269.72881612048 445.5348070230708 -11 19 10.0 1 209
475.13305256900526 280.68518779437693 -10 4 10.0 1 210
52.688644982116614 331.51041921838214 13 17 10.0 1 211
270.47183466353874 358.5457555300985 22 21 13.0 1 212
552.2319030633391 148.48171499925868 8 -11 13.0 1 213
92.91397141074151 339.44282829195936 4 2 10.0 1 214
488.0328592521192 498.3575909215785 -6 -3 12.0 1 215
390.1699509415689 601.7606753941631 20 -14 10.0 1 216
456.76453355863094 36.40436233382684 -16 0 12.0 1 217
455.77509511308966 676.4292653919367 -14 -4 13.0 1 218
180.52586248050682 461.76651973419416 8 11 11.0 1 219
