400 400 7.0710678118654755 7.0710678118654755 5 2 -1 10 187
742.842712474619 742.842712474619
800.0 400.0 0 0 24.0 1 0
799.4518139018296 420.9343824971775 0 0 24.0 1 1
797.8087581473094 441.8113853070614 0 0 24.0 1 2
795.0753362380551 462.57378601609236 0 0 24.0 1 3
791.2590402935223 483.16467632710373 0 0 24.0 1 4
786.3703305156273 503.5276180410083 0 0 24.0 1 5
780.4226065180615 523.6067977499789 0 0 24.0 1 6
773.4321705988807 543.3471798181201 0 0 24.0 1 7
765.4181830570403 562.6946572303201 0 0 24.0 1 8
756.4026096753471 581.5961998958187 0 0 24.0 1 9
581.5961998958187 756.4026096753471 0 0 24.0 1 10
562.6946572303201 765.4181830570403 0 0 24.0 1 11
543.3471798181201 773.4321705988807 0 0 24.0 1 12
523.606797749979 780.4226065180615 0 0 24.0 1 13
503.5276180410083 786.3703305156273 0 0 24.0 1 14
483.1646763271038 791.2590402935223 0 0 24.0 1 15
462.57378601609236 795.0753362380551 0 0 24.0 1 16
441.8113853070614 797.8087581473094 0 0 24.0 1 17
420.9343824971776 799.4518139018296 0 0 24.0 1 18
400.0 800.0 0 0 24.0 1 19
379.0656175028225 799.4518139018296 0 0 24.0 1 20
358.1886146929386 797.8087581473094 0 0 24.0 1 21
337.4262139839077 795.0753362380551 0 0 24.0 1 22
316.83532367289627 791.2590402935223 0 0 24.0 1 23
296.47238195899166 786.3703305156273 0 0 24.0 1 24
276.3932022500211 780.4226065180615 0 0 24.0 1 25
256.65282018187986 773.4321705988807 0 0 24.0 1 26
237.3053427696799 765.4181830570403 0 0 24.0 1 27
218.4038001041813 756.4026096753471 0 0 24.0 1 28
200.00000000000009 746.4101615137755 0 0 24.0 1 29
182.14438599398918 735.4682271781696 0 0 24.0 1 30
164.8858990830108 723.606797749979 0 0 24.0 1 31
148.27184358006508 710.8583845827884 0 0 24.0 1 32
132.3477574564567 697.2579301909577 0 0 24.0 1 33
117.15728752538104 682.842712474619 0 0 24.0 1 34
102.74206980904233 667.6522425435434 0 0 24.0 1 35
89.14161541721165 651.728156419935 0 0 24.0 1 36
76.39320225002109 635.1141009169893 0 0 24.0 1 37
64.53177282183043 617.8556140060109 0 0 24.0 1 38
53.589838486224494 600.0 0 0 24.0 1 39
43.597390324652906 581.5961998958187 0 0 24.0 1 40
34.58181694295968 562.6946572303202 0 0 24.0 1 41
26.567829401119297 543.3471798181201 0 0 24.0 1 42
19.5773934819386 523.606797749979 0 0 24.0 1 43
13.629669484372698 503.5276180410084 0 0 24.0 1 44
8.740959706477724 483.16467632710373 0 0 24.0 1 45
4.924663761944942 462.5737860160924 0 0 24.0 1 46
2.1912418526906663 441.81138530706147 0 0 24.0 1 47
0.5481860981704472 420.9343824971775 0 0 24.0 1 48
0.0 400.00000000000006 0 0 24.0 1 49
0.5481860981704472 379.0656175028226 0 0 24.0 1 50
2.1912418526906663 358.1886146929386 0 0 24.0 1 51
4.924663761944885 337.4262139839077 0 0 24.0 1 52
8.740959706477781 316.8353236728962 0 0 24.0 1 53
13.629669484372698 296.47238195899166 0 0 24.0 1 54
19.577393481938543 276.3932022500211 0 0 24.0 1 55
26.567829401119297 256.65282018187986 0 0 24.0 1 56
34.58181694295968 237.30534276967992 0 0 24.0 1 57
43.59739032465285 218.40380010418136 0 0 24.0 1 58
53.58983848622455 199.99999999999994 0 0 24.0 1 59
64.53177282183037 182.14438599398918 0 0 24.0 1 60
76.39320225002103 164.8858990830108 0 0 24.0 1 61
89.14161541721171 148.27184358006497 0 0 24.0 1 62
102.74206980904228 132.3477574564567 0 0 24.0 1 63
117.15728752538092 117.15728752538104 0 0 24.0 1 64
132.34775745645675 102.74206980904228 0 0 24.0 1 65
148.27184358006485 89.14161541721177 0 0 24.0 1 66
164.8858990830107 76.39320225002109 0 0 24.0 1 67
182.1443859939892 64.53177282183032 0 0 24.0 1 68
199.99999999999983 53.58983848622461 0 0 24.0 1 69
218.40380010418124 43.597390324652906 0 0 24.0 1 70
237.30534276967995 34.58181694295962 0 0 24.0 1 71
256.65282018187975 26.567829401119354 0 0 24.0 1 72
276.393202250021 19.5773934819386 0 0 24.0 1 73
296.4723819589917 13.629669484372698 0 0 24.0 1 74
316.8353236728961 8.740959706477781 0 0 24.0 1 75
337.4262139839076 4.924663761944942 0 0 24.0 1 76
358.18861469293864 2.1912418526906663 0 0 24.0 1 77
379.0656175028223 0.5481860981704472 0 0 24.0 1 78
399.99999999999994 0.0 0 0 24.0 1 79
420.9343824971776 0.5481860981704472 0 0 24.0 1 80
441.8113853070612 2.1912418526906663 0 0 24.0 1 81
462.5737860160923 4.924663761944885 0 0 24.0 1 82
483.1646763271038 8.740959706477781 0 0 24.0 1 83
503.5276180410081 13.629669484372641 0 0 24.0 1 84
523.6067977499789 19.577393481938543 0 0 24.0 1 85
543.3471798181201 26.567829401119297 0 0 24.0 1 86
562.6946572303199 34.58181694295956 0 0 24.0 1 87
581.5961998958187 43.59739032465279 0 0 24.0 1 88
600.0 53.58983848622455 0 0 24.0 1 89
617.8556140060107 64.53177282183032 0 0 24.0 1 90
635.1141009169892 76.39320225002098 0 0 24.0 1 91
651.728156419935 89.14161541721171 0 0 24.0 1 92
667.6522425435431 102.74206980904216 0 0 24.0 1 93
682.842712474619 117.15728752538092 0 0 24.0 1 94
697.2579301909577 132.34775745645675 0 0 24.0 1 95
710.8583845827882 148.27184358006485 0 0 24.0 1 96
723.6067977499789 164.88589908301066 0 0 24.0 1 97
735.4682271781696 182.1443859939892 0 0 24.0 1 98
746.4101615137754 199.99999999999983 0 0 24.0 1 99
756.4026096753471 218.40380010418122 0 0 24.0 1 100
765.4181830570403 237.30534276967995 0 0 24.0 1 101
773.4321705988806 256.6528201818797 0 0 24.0 1 102
780.4226065180615 276.3932022500209 0 0 24.0 1 103
786.3703305156273 296.4723819589917 0 0 24.0 1 104
791.2590402935223 316.83532367289604 0 0 24.0 1 105
795.0753362380551 337.4262139839076 0 0 24.0 1 106
797.8087581473094 358.18861469293864 0 0 24.0 1 107
799.4518139018296 379.06561750282225 0 0 24.0 1 108
800.0 399.9999999999999 0 0 24.0 1 109
295.431001066362 254.71984147166955 0 0 11.0 1 110
144.71738543303096 510.0671917505499 0 0 10.0 1 111
564.9511044887671 667.1837067037131 0 0 12.0 1 112
332.07637517096464 197.06557416228156 0 0 11.0 1 113
187.22028658923958 221.08998473859918 0 0 10.0 1 114
412.47758090136006 234.46961011690325 0 0 10.0 1 115
502.3088375407731 237.52876635830052 0 0 12.0 1 116
358.18753497800066 243.48892125864035 0 0 13.0 1 117
465.48549025209513 757.0443257726452 0 0 10.0 1 118
245.97507270628307 375.2548636664654 0 0 13.0 1 119
508.92412786056616 254.1935036775966 0 0 13.0 1 120
241.32685678028218 565.1176357048965 0 0 13.0 1 121
510.7826168303759 69.04953269678839 0 0 12.0 1 122
108.30582740020532 501.95837224731076 0 0 10.0 1 123
389.4058111833322 259.39856628285474 0 0 12.0 1 124
312.07368345352836 102.73082423740993 0 0 12.0 1 125
453.75943827857947 693.1107688161109 0 0 13.0 1 126
234.1742923369888 475.0055643139997 0 0 13.0 1 127
286.47037330211407 178.38767213478698 0 0 10.0 1 128
757.9439044958735 406.33728918773807 0 0 10.0 1 129
188.1929024429211 451.59218375341436 0 0 10.0 1 130
299.45870839827984 265.4063571967165 0 0 12.0 1 131
454.66144227654223 698.0287347358443 0 0 12.0 1 132
497.7680400680681 107.92910048885625 0 0 13.0 1 133
415.0081591161214 139.43186081190743 0 0 13.0 1 134
630.4602991786013 123.43526887451907 0 0 11.0 1 135
686.1090607852697 359.22494222480026 0 0 12.0 1 136
290.8165642175652 584.0515616634179 0 0 10.0 1 137
295.5764345216361 583.3486268636498 0 0 10.0 1 138
537.3631770195334 334.92037493116334 0 0 10.0 1 139
522.2594558940195 687.0481239173987 0 0 13.0 1 140
589.9355395765086 462.645756486617 0 0 13.0 1 141
746.5024466226417 338.03182684213357 0 0 11.0 1 142
134.01432528276456 227.54530784806977 0 0 10.0 1 143
673.648046734424 208.49870361160876 0 0 10.0 1 144
642.4964111514907 242.78520877904916 0 0 12.0 1 145
346.55688465716287 285.8955153271695 0 0 10.0 1 146
138.23502882561127 179.90206755611842 0 0 12.0 1 147
83.2609458550105 477.15161423675727 0 0 10.0 1 148
149.7280052415341 565.4204601602185 0 0 12.0 1 149
461.95138211594735 168.13360257699287 0 0 11.0 1 150
330.60036601234015 39.62146178999666 0 0 11.0 1 151
84.01509747051256 343.47972599650353 0 0 11.0 1 152
291.19590680726986 54.73825971517243 0 0 10.0 1 153
570.0208676931312 431.9672418089955 0 0 10.0 1 154
244.83107984798275 589.5985396010658 4 17 10.0 1 155
329.85259147236997 564.6825463637776 1 -11 12.0 1 156
267.0000000604274 399.9959908010032 3 11 13.0 1 157
207.3165538197709 168.75534694157628 -14 -6 10.0 1 158
587.5465585993118 221.3738866863108 -9 16 13.0 1 159
564.0442248436593 355.3962748703321 6 0 11.0 1 160
79.29617631076735 584.5238669416658 22 21 13.0 1 161
355.750642089612 170.22185847100604 8 9 10.0 1 162
565.2973625611007 678.6624874832348 21 -13 11.0 1 163
78.19738857100072 336.54072741138236 18 -13 12.0 1 164
206.48150160533 368.909956914277 6 5 10.0 1 165
236.15924413782795 271.8586455569002 -3 -2 13.0 1 166
230.50500147985963 377.3627414058677 14 7 13.0 1 167
454.07969671883455 556.9438957169054 19 12 12.0 1 168
392.08163877369964 201.15760121269452 18 -8 13.0 1 169
409.9698676104887 604.7574216965756 19 -4 13.0 1 170
623.1000991344029 289.4226706498134 8 -14 11.0 1 171
651.2300211278307 280.97279099252245 -4 -8 10.0 1 172
539.5620461711749 515.2537863521839 10 10 10.0 1 173
115.33735491465086 322.59083715080914 -10 19 13.0 1 174
290.30636124661925 584.9116156898825 -4 8 10.0 1 175
532.381141182068 614.4276881825979 16 -8 11.0 1 176
483.48374849968155 150.60179684600388 11 -15 12.0 1 177
377.350087669263 588.6451204548105 -3 -10 11.0 1 178
702.0997172262322 207.90689535584428 8 -6 11.0 1 179
436.94584198913395 707.7905209062064 -15 0 12.0 1 180
496.6575612683062 497.0892159287715 -14 -14 11.0 1 181
141.09130890471533 393.1232511077926 10 5 12.0 1 182
267.04688835647545 396.4686965148124 0 7 13.0 1 183
453.895815238013 217.8043878140037 22 -3 11.0 1 184
484.85597913024696 555.3333924365495 6 -17 12.0 1 185
593.9573272802841 130.54767547061545 16 -9 12.0 1 186
166.29115420311916 518.4237112925017 -8 6 13.0 1 187
468.08829285684595 597.5980373785135 3 12 13.0 1 188
510.8425688332917 340.08401770448063 -4 -9 13.0 1 189
476.7532232542022 65.69782722798436 18 -3 11.0 1 190
243.2552984239999 598.59531345893 -5 4 13.0 1 191
216.10010076184062 427.8716174664269 18 -3 11.0 1 192
290.17955985585866 71.89106850537115 15 19 10.0 1 193
124.43354520000707 319.79944520788234 -16 19 12.0 1 194
54.940511644528954 452.29674460098386 10 -13 10.0 1 195
200.5024224858215 328.27332040325336 5 20 13.0 1 196
555.2069632373226 619.7084398985355 8 -1 12.0 1 197
405.60102723092103 580.9133176246527 12 -11 12.0 1 198
249.806196295315 302.6202211508028 -7 -16 10.0 1 199
494.25358299535037 485.1191053321086 8 14 11.0 1 200
476.0012773010929 263.7656216346169 -14 13 10.0 1 201
570.7501552827093 498.25163851524644 15 5 12.0 1 202
685.0101893315347 303.20024805195635 9 17 12.0 1 203
233.6492346663134 217.41735330843534 0 2 13.0 1 204
259.01732841326447 305.00586169522524 13 -2 10.0 1 205
467.76951518998465 621.8812583588674 7 -13 11.0 1 206
509.49231718804856 314.3703761727768 -14 -8 13.0 1 207
358.01983993117034 182.00535290839034 21 7 11.0 1 208
157.81757234803013 528.1548740259159 -16 -14 10.0 1 209
612.7934460285222 455.8475543538515 -17 19 10.0 1 210
279.3174174013287 663.6962537794477 -15 17 11.0 1 211
164.00147847913053 482.4905924330993 5 12 11.0 1 212
122.69127934266328 605.2434492191924 1 -10 12.0 1 213
573.0678444407862 716.8099133875387 -5 22 12.0 1 214
166.33108680109413 329.7515907337241 6 14 11.0 1 215
216.80340923478013 225.50642094334657 -9 6 12.0 1 216
121.4731310867869 362.800762193268 -7 -6 13.0 1 217
116.03126943749783 479.9172075508214 2 -7 13.0 1 218
296.1504845820002 643.8037697564306 12 -10 10.0 1 219
