400 400 7.0710678118654755 7.0710678118654755 5 2 -1 10 187
742.842712474619 742.842712474619
800.0 400.0 0 0 24.0 1 0
799.4518139018296 420.9343824971775 0 0 24.0 1 1
797.8087581473094 441.8113853070614 0 0 24.0 1 2
795.0753362380551 462.57378601609236 0 0 24.0 1 3
791.2590402935223 483.16467632710373 0 0 24.0 1 4
786.3703305156273 503.5276180410083 0 0 24.0 1 5
780.4226065180615 523.6067977499789 0 0 24.0 1 6
773.4321705988807 543.3471798181201 0 0 24.0 1 7
765.4181830570403 562.6946572303201 0 0 24.0 1 8
756.4026096753471 581.5961998958187 0 0 24.0 1 9
581.5961998958187 756.4026096753471 0 0 24.0 1 10
562.6946572303201 765.4181830570403 0 0 24.0 1 11
543.3471798181201 773.4321705988807 0 0 24.0 1 12
523.606797749979 780.4226065180615 0 0 24.0 1 13
503.5276180410083 786.3703305156273 0 0 24.0 1 14
483.1646763271038 791.2590402935223 0 0 24.0 1 15
462.57378601609236 795.0753362380551 0 0 24.0 1 16
441.8113853070614 797.8087581473094 0 0 24.0 1 17
420.9343824971776 799.4518139018296 0 0 24.0 1 18
400.0 800.0 0 0 24.0 1 19
379.0656175028225 799.4518139018296 0 0 24.0 1 20
358.1886146929386 797.8087581473094 0 0 24.0 1 21
337.4262139839077 795.0753362380551 0 0 24.0 1 22
316.83532367289627 791.2590402935223 0 0 24.0 1 23
296.47238195899166 786.3703305156273 0 0 24.0 1 24
276.3932022500211 780.4226065180615 0 0 24.0 1 25
256.65282018187986 773.4321705988807 0 0 24.0 1 26
237.3053427696799 765.4181830570403 0 0 24.0 1 27
218.4038001041813 756.4026096753471 0 0 24.0 1 28
200.00000000000009 746.4101615137755 0 0 24.0 1 29
182.14438599398918 735.4682271781696 0 0 24.0 1 30
164.8858990830108 723.606797749979 0 0 24.0 1 31
148.27184358006508 710.8583845827884 0 0 24.0 1 32
132.3477574564567 697.2579301909577 0 0 24.0 1 33
117.15728752538104 682.842712474619 0 0 24.0 1 34
102.74206980904233 667.6522425435434 0 0 24.0 1 35
89.14161541721165 651.728156419935 0 0 24.0 1 36
76.39320225002109 635.1141009169893 0 0 24.0 1 37
64.53177282183043 617.8556140060109 0 0 24.0 1 38
53.589838486224494 600.0 0 0 24.0 1 39
43.597390324652906 581.5961998958187 0 0 24.0 1 40
34.58181694295968 562.6946572303202 0 0 24.0 1 41
26.567829401119297 543.3471798181201 0 0 24.0 1 42
19.5773934819386 523.606797749979 0 0 24.0 1 43
13.629669484372698 503.5276180410084 0 0 24.0 1 44
8.740959706477724 483.16467632710373 0 0 24.0 1 45
4.924663761944942 462.5737860160924 0 0 24.0 1 46
2.1912418526906663 441.81138530706147 0 0 24.0 1 47
0.5481860981704472 420.9343824971775 0 0 24.0 1 48
0.0 400.00000000000006 0 0 24.0 1 49
0.5481860981704472 379.0656175028226 0 0 24.0 1 50
2.1912418526906663 358.1886146929386 0 0 24.0 1 51
4.924663761944885 337.4262139839077 0 0 24.0 1 52
8.740959706477781 316.8353236728962 0 0 24.0 1 53
13.629669484372698 296.47238195899166 0 0 24.0 1 54
19.577393481938543 276.3932022500211 0 0 24.0 1 55
26.567829401119297 256.65282018187986 0 0 24.0 1 56
34.58181694295968 237.30534276967992 0 0 24.0 1 57
43.59739032465285 218.40380010418136 0 0 24.0 1 58
53.58983848622455 199.99999999999994 0 0 24.0 1 59
64.53177282183037 182.14438599398918 0 0 24.0 1 60
76.39320225002103 164.8858990830108 0 0 24.0 1 61
89.14161541721171 148.27184358006497 0 0 24.0 1 62
102.74206980904228 132.3477574564567 0 0 24.0 1 63
117.15728752538092 117.15728752538104 0 0 24.0 1 64
132.34775745645675 102.74206980904228 0 0 24.0 1 65
148.27184358006485 89.14161541721177 0 0 24.0 1 66
164.8858990830107 76.39320225002109 0 0 24.0 1 67
182.1443859939892 64.53177282183032 0 0 24.0 1 68
199.99999999999983 53.58983848622461 0 0 24.0 1 69
218.40380010418124 43.597390324652906 0 0 24.0 1 70
237.30534276967995 34.58181694295962 0 0 24.0 1 71
256.65282018187975 26.567829401119354 0 0 24.0 1 72
276.393202250021 19.5773934819386 0 0 24.0 1 73
296.4723819589917 13.629669484372698 0 0 24.0 1 74
316.8353236728961 8.740959706477781 0 0 24.0 1 75
337.4262139839076 4.924663761944942 0 0 24.0 1 76
358.18861469293864 2.1912418526906663 0 0 24.0 1 77
379.0656175028223 0.5481860981704472 0 0 24.0 1 78
399.99999999999994 0.0 0 0 24.0 1 79
420.9343824971776 0.5481860981704472 0 0 24.0 1 80
441.8113853070612 2.1912418526906663 0 0 24.0 1 81
462.5737860160923 4.924663761944885 0 0 24.0 1 82
483.1646763271038 8.740959706477781 0 0 24.0 1 83
503.5276180410081 13.629669484372641 0 0 24.0 1 84
523.6067977499789 19.577393481938543 0 0 24.0 1 85
543.3471798181201 26.567829401119297 0 0 24.0 1 86
562.6946572303199 34.58181694295956 0 0 24.0 1 87
581.5961998958187 43.59739032465279 0 0 24.0 1 88
600.0 53.58983848622455 0 0 24.0 1 89
617.8556140060107 64.53177282183032 0 0 24.0 1 90
635.1141009169892 76.39320225002098 0 0 24.0 1 91
651.728156419935 89.14161541721171 0 0 24.0 1 92
667.6522425435431 102.74206980904216 0 0 24.0 1 93
682.842712474619 117.15728752538092 0 0 24.0 1 94
697.2579301909577 132.34775745645675 0 0 24.0 1 95
710.8583845827882 148.27184358006485 0 0 24.0 1 96
723.6067977499789 164.88589908301066 0 0 24.0 1 97
735.4682271781696 182.1443859939892 0 0 24.0 1 98
746.4101615137754 199.99999999999983 0 0 24.0 1 99
756.4026096753471 218.40380010418122 0 0 24.0 1 100
765.4181830570403 237.30534276967995 0 0 24.0 1 101
773.4321705988806 256.6528201818797 0 0 24.0 1 102
780.4226065180615 276.3932022500209 0 0 24.0 1 103
786.3703305156273 296.4723819589917 0 0 24.0 1 104
791.2590402935223 316.83532367289604 0 0 24.0 1 105
795.0753362380551 337.4262139839076 0 0 24.0 1 106
797.8087581473094 358.18861469293864 0 0 24.0 1 107
799.4518139018296 379.06561750282225 0 0 24.0 1 108
800.0 399.9999999999999 0 0 24.0 1 109
265.604934163914 92.04875990034702 0 0 11.0 1 110
525.044696056415 708.6305623041223 0 0 13.0 1 111
271.0373721599787 688.4868118659779 0 0 13.0 1 112
512.133230873217 542.0814503513172 0 0 13.0 1 113
135.28338676376916 474.49909178466396 0 0 12.0 1 114
178.4059918135779 196.2916409769204 0 0 13.0 1 115
222.10426108329204 325.15278177995873 0 0 12.0 1 116
518.6096602641887 140.8538086484508 0 0 10.0 1 117
171.90718291492644 654.8287008839372 0 0 12.0 1 118
376.85530912700983 540.101118069749 0 0 10.0 1 119
457.56315921606773 184.55747239445589 0 0 10.0 1 120
72.44368929479367 558.7540970091618 0 0 12.0 1 121
607.869643008586 407.36284696860145 0 0 12.0 1 122
598.808983064415 441.0364259273777 0 0 11.0 1 123
613.4706327910876 233.0530355598741 0 0 11.0 1 124
83.20240108785748 445.1584025791575 0 0 10.0 1 125
301.7150530460196 579.9029438398751 0 0 13.0 1 126
305.96173330703107 505.0609556275882 0 0 11.0 1 127
265.6572520696177 495.79679576329136 0 0 12.0 1 128
347.7126052235824 618.8401890592654 0 0 10.0 1 129
162.50729132343966 596.1153061988545 0 0 10.0 1 130
482.9392302718478 615.5970409859872 0 0 11.0 1 131
766.2581221279042 364.2370586312991 0 0 10.0 1 132
235.1742721949028 367.4964701375373 0 0 10.0 1 133
340.56471898085505 192.33814175401574 0 0 10.0 1 134
268.2563167359199 352.63332479460126 0 0 10.0 1 135
185.33280465561015 692.7234108215015 0 0 10.0 1 136
416.1482820878826 226.75095098209005 0 0 13.0 1 137
163.98854076765943 613.125763602201 0 0 10.0 1 138
578.5497329627048 610.4661323323703 0 0 13.0 1 139
268.71270357418007 195.51859302812178 0 0 10.0 1 140
608.3608631125969 351.1968164668157 0 0 10.0 1 141
120.43484806795374 639.3059251778191 0 0 12.0 1 142
268.4589775346751 325.8517740685801 0 0 11.0 1 143
567.7204438939964 209.24923931999425 0 0 12.0 1 144
289.937226101528 295.1659129778209 0 0 13.0 1 145
462.38052794102094 683.2113517036341 0 0 11.0 1 146
427.73289710917766 671.587714040845 0 0 10.0 1 147
462.60183819508524 74.97383204640835 0 0 10.0 1 148
733.2264011207669 516.486761462845 0 0 13.0 1 149
521.5228799899758 134.48881447490402 0 0 12.0 1 150
156.62020480654806 371.8703840837918 0 0 10.0 1 151
513.5809059390816 204.61479634819455 0 0 11.0 1 152
544.5395255178179 379.40083586443194 0 0 10.0 1 153
244.87493926555726 434.88861608226176 0 0 11.0 1 154
256.12276219324013 642.5352354630087 20 10 12.0 1 155
379.01902857784364 574.7449536844559 21 18 13.0 1 156
713.0 400.0 21 -1 13.0 1 157
221.89877266236576 343.0004138538855 -1 -4 10.0 1 158
248.2484269380036 614.8033055453513 -6 -3 11.0 1 159
591.8796704694639 406.79647412486287 1 16 11.0 1 160
440.94997042425365 221.64053172804998 7 21 12.0 1 161
380.9263896162215 558.8590488040509 17 10 12.0 1 162
328.83889095043867 555.4898599871916 12 4 12.0 1 163
579.4279108827511 274.4347787153962 18 5 13.0 1 164
265.0088456900627 447.1846188717328 2 -1 12.0 1 165
295.0318949943207 233.29458037749137 1 -13 11.0 1 166
448.1981465790839 557.8034811604014 22 8 12.0 1 167
212.12886374307595 686.9728840178673 15 -2 12.0 1 168
342.16982818331167 167.07153195100366 -6 -10 11.0 1 169
525.0002570771136 742.9284702830249 -10 13 12.0 1 170
385.1089355847529 705.6374587654153 10 -1 13.0 1 171
489.77805359894626 600.8479551600781 5 12 12.0 1 172
503.21121314217123 174.49734928005546 1 9 11.0 1 173
488.633437775302 593.6830237995362 4 -8 11.0 1 174
558.4805606210248 616.1201330400426 -2 4 13.0 1 175
473.18221879613657 193.58933445174304 -16 12 11.0 1 176
535.9626182488032 242.5891794096409 13 -6 11.0 1 177
426.494672323006 194.70257590876466 -11 -16 10.0 1 178
279.1687569813148 442.23518332574685 -14 -15 13.0 1 179
111.08859656536725 459.6255059972734 10 -14 10.0 1 180
50.98567510177281 452.8961342239178 -1 -12 13.0 1 181
211.01402307683063 87.73520767400737 8 10 10.0 1 182
561.5537163808563 628.6927998943863 9 -11 11.0 1 183
439.67687875776073 553.9699493149294 -15 -10 13.0 1 184
221.74846230663502 169.98393684363938 -9 -5 13.0 1 185
211.75063719127976 182.04088135131667 -1 14 11.0 1 186
91.1014868328001 333.3838715993399 17 13 11.0 1 187
451.5946286834689 681.3076506087507 13 2 12.0 1 188
33.25643595057346 351.0187971939828 -10 -6 10.0 1 189
191.78432564878304 601.8569616200243 -2 -1 12.0 1 190
525.2519472787131 673.7023012378421 -12 18 12.0 1 191
478.4048892753663 165.77431110632304 -10 11 13.0 1 192
529.5046372238971 576.6056311036168 12 -14 11.0 1 193
414.09659165917117 46.28078069803081 -12 -10 13.0 1 194
453.14536716863734 124.0714404986125 8 18 10.0 1 195
448.1264523649262 91.73413328302712 -15 3 12.0 1 196
672.7910388856288 580.3165247660328 -5 9 12.0 1 197
70.54606395686619 515.1568670366066 10 21 11.0 1 198
626.3538039083941 611.8111315681975 -5 17 12.0 1 199
164.9680033043027 508.81617769998047 -4 10 12.0 1 200
505.24661461322745 269.05287283619094 15 -14 11.0 1 201
246.79422232118833 194.9049252521394 8 -7 11.0 1 202
393.92342969836193 125.06714402718387 14 2 11.0 1 203
192.0482714057047 237.35905012991176 -16 15 11.0 1 204
521.2003723585774 671.1447394661054 -6 7 12.0 1 205
155.16173146533274 594.9954416414552 -16 -4 10.0 1 206
232.85916742592107 309.64546449433925 7 11 10.0 1 207
558.0035183430484 104.60215269704833 13 -13 12.0 1 208
503.25107408283634 245.2898978710807 6 12 10.0 1 209
442.1098898273863 73.70602644436508 17 -12 10.0 1 210
668.135088459084 515.6182266644803 21 -1 13.0 1 211
79.51930761197053 538.1778774134601 12 14 12.0 1 212
745.3367044760909 378.5859732513226 1 -13 11.0 1 213
410.2737871414298 142.20463677992075 21 9 13.0 1 214
486.47380420350987 76.35315359705254 -11 17 13.0 1 215
456.78261306789807 130.9261535318206 0 -10 11.0 1 216
219.29826934865062 166.82220401674783 1 -8 12.0 1 217
536.9946697077513 398.79150024239766 22 -4 12.0 1 218
389.245342366766 620.7381646639111 5 21 11.0 1 219
