400 400 -7.071067811865475 -7.071067811865477 5 2 -1 10 187
57.15728752538104 57.15728752538092
800.0 400.0 0 0 24.0 1 0
799.4518139018296 420.9343824971775 0 0 24.0 1 1
797.8087581473094 441.8113853070614 0 0 24.0 1 2
795.0753362380551 462.57378601609236 0 0 24.0 1 3
791.2590402935223 483.16467632710373 0 0 24.0 1 4
786.3703305156273 503.5276180410083 0 0 24.0 1 5
780.4226065180615 523.6067977499789 0 0 24.0 1 6
773.4321705988807 543.3471798181201 0 0 24.0 1 7
765.4181830570403 562.6946572303201 0 0 24.0 1 8
756.4026096753471 581.5961998958187 0 0 24.0 1 9
746.4101615137755 600.0 0 0 24.0 1 10
735.4682271781696 617.8556140060108 0 0 24.0 1 11
723.606797749979 635.1141009169893 0 0 24.0 1 12
710.8583845827884 651.728156419935 0 0 24.0 1 13
697.2579301909577 667.6522425435433 0 0 24.0 1 14
682.842712474619 682.842712474619 0 0 24.0 1 15
667.6522425435433 697.2579301909577 0 0 24.0 1 16
651.728156419935 710.8583845827884 0 0 24.0 1 17
635.1141009169893 723.606797749979 0 0 24.0 1 18
617.8556140060108 735.4682271781696 0 0 24.0 1 19
600.0 746.4101615137754 0 0 24.0 1 20
581.5961998958187 756.4026096753471 0 0 24.0 1 21
562.6946572303201 765.4181830570403 0 0 24.0 1 22
543.3471798181201 773.4321705988807 0 0 24.0 1 23
523.606797749979 780.4226065180615 0 0 24.0 1 24
503.5276180410083 786.3703305156273 0 0 24.0 1 25
483.1646763271038 791.2590402935223 0 0 24.0 1 26
462.57378601609236 795.0753362380551 0 0 24.0 1 27
441.8113853070614 797.8087581473094 0 0 24.0 1 28
420.9343824971776 799.4518139018296 0 0 24.0 1 29
400.0 800.0 0 0 24.0 1 30
379.0656175028225 799.4518139018296 0 0 24.0 1 31
358.1886146929386 797.8087581473094 0 0 24.0 1 32
337.4262139839077 795.0753362380551 0 0 24.0 1 33
316.83532367289627 791.2590402935223 0 0 24.0 1 34
296.47238195899166 786.3703305156273 0 0 24.0 1 35
276.3932022500211 780.4226065180615 0 0 24.0 1 36
256.65282018187986 773.4321705988807 0 0 24.0 1 37
237.3053427696799 765.4181830570403 0 0 24.0 1 38
218.4038001041813 756.4026096753471 0 0 24.0 1 39
200.00000000000009 746.4101615137755 0 0 24.0 1 40
182.14438599398918 735.4682271781696 0 0 24.0 1 41
164.8858990830108 723.606797749979 0 0 24.0 1 42
148.27184358006508 710.8583845827884 0 0 24.0 1 43
132.3477574564567 697.2579301909577 0 0 24.0 1 44
117.15728752538104 682.842712474619 0 0 24.0 1 45
102.74206980904233 667.6522425435434 0 0 24.0 1 46
89.14161541721165 651.728156419935 0 0 24.0 1 47
76.39320225002109 635.1141009169893 0 0 24.0 1 48
64.53177282183043 617.8556140060109 0 0 24.0 1 49
53.589838486224494 600.0 0 0 24.0 1 50
43.597390324652906 581.5961998958187 0 0 24.0 1 51
34.58181694295968 562.6946572303202 0 0 24.0 1 52
26.567829401119297 543.3471798181201 0 0 24.0 1 53
19.5773934819386 523.606797749979 0 0 24.0 1 54
13.629669484372698 503.5276180410084 0 0 24.0 1 55
8.740959706477724 483.16467632710373 0 0 24.0 1 56
4.924663761944942 462.5737860160924 0 0 24.0 1 57
2.1912418526906663 441.81138530706147 0 0 24.0 1 58
0.5481860981704472 420.9343824971775 0 0 24.0 1 59
0.0 400.00000000000006 0 0 24.0 1 60
0.5481860981704472 379.0656175028226 0 0 24.0 1 61
2.1912418526906663 358.1886146929386 0 0 24.0 1 62
4.924663761944885 337.4262139839077 0 0 24.0 1 63
8.740959706477781 316.8353236728962 0 0 24.0 1 64
13.629669484372698 296.47238195899166 0 0 24.0 1 65
19.577393481938543 276.3932022500211 0 0 24.0 1 66
26.567829401119297 256.65282018187986 0 0 24.0 1 67
34.58181694295968 237.30534276967992 0 0 24.0 1 68
43.59739032465285 218.40380010418136 0 0 24.0 1 69
218.40380010418124 43.597390324652906 0 0 24.0 1 70
237.30534276967995 34.58181694295962 0 0 24.0 1 71
256.65282018187975 26.567829401119354 0 0 24.0 1 72
276.393202250021 19.5773934819386 0 0 24.0 1 73
296.4723819589917 13.629669484372698 0 0 24.0 1 74
316.8353236728961 8.740959706477781 0 0 24.0 1 75
337.4262139839076 4.924663761944942 0 0 24.0 1 76
358.18861469293864 2.1912418526906663 0 0 24.0 1 77
379.0656175028223 0.5481860981704472 0 0 24.0 1 78
399.99999999999994 0.0 0 0 24.0 1 79
420.9343824971776 0.5481860981704472 0 0 24.0 1 80
441.8113853070612 2.1912418526906663 0 0 24.0 1 81
462.5737860160923 4.924663761944885 0 0 24.0 1 82
483.1646763271038 8.740959706477781 0 0 24.0 1 83
503.5276180410081 13.629669484372641 0 0 24.0 1 84
523.6067977499789 19.577393481938543 0 0 24.0 1 85
543.3471798181201 26.567829401119297 0 0 24.0 1 86
562.6946572303199 34.58181694295956 0 0 24.0 1 87
581.5961998958187 43.59739032465279 0 0 24.0 1 88
600.0 53.58983848622455 0 0 24.0 1 89
617.8556140060107 64.53177282183032 0 0 24.0 1 90
635.1141009169892 76.39320225002098 0 0 24.0 1 91
651.728156419935 89.14161541721171 0 0 24.0 1 92
667.6522425435431 102.74206980904216 0 0 24.0 1 93
682.842712474619 117.15728752538092 0 0 24.0 1 94
697.2579301909577 132.34775745645675 0 0 24.0 1 95
710.8583845827882 148.27184358006485 0 0 24.0 1 96
723.6067977499789 164.88589908301066 0 0 24.0 1 97
735.4682271781696 182.1443859939892 0 0 24.0 1 98
746.4101615137754 199.99999999999983 0 0 24.0 1 99
756.4026096753471 218.40380010418122 0 0 24.0 1 100
765.4181830570403 237.30534276967995 0 0 24.0 1 101
773.4321705988806 256.6528201818797 0 0 24.0 1 102
780.4226065180615 276.3932022500209 0 0 24.0 1 103
786.3703305156273 296.4723819589917 0 0 24.0 1 104
791.2590402935223 316.83532367289604 0 0 24.0 1 105
795.0753362380551 337.4262139839076 0 0 24.0 1 106
797.8087581473094 358.18861469293864 0 0 24.0 1 107
799.4518139018296 379.06561750282225 0 0 24.0 1 108
800.0 399.9999999999999 0 0 24.0 1 109
611.0288207635348 544.9235550459341 0 0 12.0 1 110
263.8355909594344 203.5814323679313 0 0 13.0 1 111
190.53897582974966 119.59657749315937 0 0 12.0 1 112
583.8124333448221 304.80551829094645 0 0 11.0 1 113
104.10435303396042 392.14085840890584 0 0 12.0 1 114
187.65448947184103 498.3126856439978 0 0 10.0 1 115
137.36957141125004 551.1100856306074 0 0 10.0 1 116
278.6926112059411 141.00093161563876 0 0 10.0 1 117
294.9683970726102 474.89567668766415 0 0 13.0 1 118
566.7763430620076 465.01270179636856 0 0 11.0 1 119
370.24245363196735 270.37172980343223 0 0 11.0 1 120
579.1198135158436 527.7344605267092 0 0 12.0 1 121
320.368728865507 297.24368312602445 0 0 10.0 1 122
164.945472565214 482.16063006336697 0 0 12.0 1 123
504.10479470451844 500.93161902758754 0 0 12.0 1 124
171.29548398651366 424.3771277027661 0 0 11.0 1 125
552.5313614387429 521.4873811457123 0 0 11.0 1 126
137.56644926760464 233.1179115363567 0 0 13.0 1 127
446.260945385991 534.2532119987986 0 0 10.0 1 128
202.52469075275295 605.4957474929935 0 0 13.0 1 129
622.311457544771 294.6737646912249 0 0 12.0 1 130
530.099328637434 564.8458816230752 0 0 10.0 1 131
498.0499650832715 286.4825813050295 0 0 13.0 1 132
337.9673435706227 538.7658082393311 0 0 10.0 1 133
335.3787844297321 194.94123159879027 0 0 11.0 1 134
279.1687569813148 442.23518332574685 0 0 11.0 1 135
369.17672931883226 239.94086722552984 0 0 10.0 1 136
540.9236111083262 310.3923226939274 0 0 11.0 1 137
519.708519818449 364.0156939364392 0 0 12.0 1 138
270.8597005095969 385.0740813505834 0 0 10.0 1 139
248.1425892049817 158.82718481007637 0 0 11.0 1 140
187.8766539326507 354.25411435777454 0 0 12.0 1 141
319.34674909674936 560.9193994481004 0 0 12.0 1 142
437.64217452880456 557.5660708932701 0 0 11.0 1 143
533.0527094766067 581.4441415448118 0 0 10.0 1 144
544.2075518020738 141.5040000246576 0 0 11.0 1 145
397.995211169318 550.9866908761974 0 0 13.0 1 146
364.0943405910743 595.7339613414347 0 0 12.0 1 147
245.19566681245513 419.27740714825495 0 0 11.0 1 148
283.7347196467433 173.04761604164932 0 0 10.0 1 149
212.22523225963528 595.4012195459693 0 0 11.0 1 150
579.9810867739058 477.60675488437715 0 0 10.0 1 151
655.5296880851167 192.76684988370468 0 0 10.0 1 152
558.2212792421637 91.17152528470882 0 0 10.0 1 153
270.89281909306595 317.90045165614976 0 0 11.0 1 154
218.11800954529605 272.7092244181261 -3 7 11.0 1 155
505.7643069154121 529.2397438201675 9 21 12.0 1 156
444.4747915341714 144.84711853872392 -3 -15 10.0 1 157
140.42626600691892 329.4133396392124 -3 2 10.0 1 158
134.21830628360868 352.4595826138815 12 -11 12.0 1 159
182.26336456013468 543.9158003393901 2 10 13.0 1 160
240.6259463774104 414.13898977664024 10 4 13.0 1 161
143.79910264681882 510.46311690073173 -14 19 10.0 1 162
199.53109075791778 706.2159637041965 15 8 10.0 1 163
702.2406578591272 421.4379275323446 -6 11 11.0 1 164
156.13324532138586 183.6553537465726 -7 2 12.0 1 165
521.3714202967085 308.4960201130041 -2 9 13.0 1 166
205.91730734016792 628.7616847505482 -3 -7 13.0 1 167
637.6530594667879 425.3381792178402 10 -6 13.0 1 168
704.7017546909404 386.5151682152893 20 22 13.0 1 169
273.4520047064109 472.81212046887356 21 3 12.0 1 170
651.5819198927076 579.4088559216051 -13 -17 13.0 1 171
457.01015748781816 72.93144152454187 8 17 10.0 1 172
530.9416805411299 673.2458166140236 17 -15 10.0 1 173
528.5895607268177 291.8855935960241 13 -10 10.0 1 174
261.47685055607053 328.2550554524238 5 9 10.0 1 175
289.9273794682038 495.9167253885536 8 -13 10.0 1 176
257.38772754706997 497.93232227314564 18 -12 10.0 1 177
109.67449870044823 337.3892717246961 10 -15 13.0 1 178
408.04381783941403 198.16021949435654 22 18 13.0 1 179
154.03103086168707 481.1188401115035 6 -1 10.0 1 180
747.9121869640792 353.54453571568166 22 0 10.0 1 181
432.90432676806404 103.82217287592164 -16 9 13.0 1 182
544.7449042738169 360.6437719444107 6 -16 12.0 1 183
625.115248617009 419.97810902218214 10 -10 10.0 1 184
277.6759027967365 644.0610891629523 -12 -12 12.0 1 185
614.2583473032317 232.43699510068544 19 16 13.0 1 186
530.4637558357778 559.4214804009251 13 21 10.0 1 187
508.6824461512116 528.1098196805733 17 12 13.0 1 188
458.6805687622828 271.7908316471283 3 15 12.0 1 189
476.4738205757119 195.8535947743536 -5 1 12.0 1 190
417.90285175496206 669.4058052437621 -13 14 12.0 1 191
605.0015136457303 492.73283885959415 -5 -15 10.0 1 192
169.50530053781037 506.7154792887839 14 2 12.0 1 193
288.7628345897904 334.6754790947407 -14 -1 12.0 1 194
43.12585822001307 390.52123801344385 19 17 13.0 1 195
635.5949020347371 310.5626356870763 -12 10 11.0 1 196
466.7447114759598 280.35827028168274 20 -4 11.0 1 197
376.3149681564356 681.0035929780424 8 22 12.0 1 198
709.2723952404639 469.5671297541182 -10 -16 11.0 1 199
741.548878792104 351.3238929673221 -14 -12 11.0 1 200
473.86387492010806 686.6358804856549 -8 -3 12.0 1 201
363.34642273048047 665.4816665484593 15 5 12.0 1 202
117.34837501796909 275.14384718798453 -15 -15 13.0 1 203
393.63617364773904 112.07031810846894 0 17 13.0 1 204
314.02667533750014 521.6946483888112 -3 14 11.0 1 205
475.26773290084054 537.7815966810072 -11 2 11.0 1 206
444.7977551355174 52.87875153655858 14 17 10.0 1 207
459.5622990252916 539.8439578059122 5 21 12.0 1 208
116.42946100777914 178.21688654078878 0 -13 10.0 1 209
370.7935340998392 643.2529184812029 7 5 10.0 1 210
635.4212069393793 663.0320423887667 18 -8 13.0 1 211
175.1465944229175 139.6599416140727 13 10 13.0 1 212
347.1019684786187 61.103558205219656 16 2 12.0 1 213
274.3022488141564 681.1833482744341 12 -12 11.0 1 214
246.9624119838069 375.41348633527014 1 5 12.0 1 215
481.69470941340916 123.82980889701611 -4 10 10.0 1 216
672.9564728667574 500.8749915496358 -7 11 13.0 1 217
243.5103054291648 222.01130515359492 -14 7 10.0 1 218
455.49715934063244 651.96044392944 -10 -17 10.0 1 219
