400 400 -7.071067811865475 -7.071067811865477 5 2 -1 10 187
57.15728752538104 57.15728752538092
800.0 400.0 0 0 24.0 1 0
799.4518139018296 420.9343824971775 0 0 24.0 1 1
797.8087581473094 441.8113853070614 0 0 24.0 1 2
795.0753362380551 462.57378601609236 0 0 24.0 1 3
791.2590402935223 483.16467632710373 0 0 24.0 1 4
786.3703305156273 503.5276180410083 0 0 24.0 1 5
780.4226065180615 523.6067977499789 0 0 24.0 1 6
773.4321705988807 543.3471798181201 0 0 24.0 1 7
765.4181830570403 562.6946572303201 0 0 24.0 1 8
756.4026096753471 581.5961998958187 0 0 24.0 1 9
746.4101615137755 600.0 0 0 24.0 1 10
735.4682271781696 617.8556140060108 0 0 24.0 1 11
723.606797749979 635.1141009169893 0 0 24.0 1 12
710.8583845827884 651.728156419935 0 0 24.0 1 13
697.2579301909577 667.6522425435433 0 0 24.0 1 14
682.842712474619 682.842712474619 0 0 24.0 1 15
667.6522425435433 697.2579301909577 0 0 24.0 1 16
651.728156419935 710.8583845827884 0 0 24.0 1 17
635.1141009169893 723.606797749979 0 0 24.0 1 18
617.8556140060108 735.4682271781696 0 0 24.0 1 19
600.0 746.4101615137754 0 0 24.0 1 20
581.5961998958187 756.4026096753471 0 0 24.0 1 21
562.6946572303201 765.4181830570403 0 0 24.0 1 22
543.3471798181201 773.4321705988807 0 0 24.0 1 23
523.606797749979 780.4226065180615 0 0 24.0 1 24
503.5276180410083 786.3703305156273 0 0 24.0 1 25
483.1646763271038 791.2590402935223 0 0 24.0 1 26
462.57378601609236 795.0753362380551 0 0 24.0 1 27
441.8113853070614 797.8087581473094 0 0 24.0 1 28
420.9343824971776 799.4518139018296 0 0 24.0 1 29
400.0 800.0 0 0 24.0 1 30
379.0656175028225 799.4518139018296 0 0 24.0 1 31
358.1886146929386 797.8087581473094 0 0 24.0 1 32
337.4262139839077 795.0753362380551 0 0 24.0 1 33
316.83532367289627 791.2590402935223 0 0 24.0 1 34
296.47238195899166 786.3703305156273 0 0 24.0 1 35
276.3932022500211 780.4226065180615 0 0 24.0 1 36
256.65282018187986 773.4321705988807 0 0 24.0 1 37
237.3053427696799 765.4181830570403 0 0 24.0 1 38
218.4038001041813 756.4026096753471 0 0 24.0 1 39
200.00000000000009 746.4101615137755 0 0 24.0 1 40
182.14438599398918 735.4682271781696 0 0 24.0 1 41
164.8858990830108 723.606797749979 0 0 24.0 1 42
148.27184358006508 710.8583845827884 0 0 24.0 1 43
132.3477574564567 697.2579301909577 0 0 24.0 1 44
117.15728752538104 682.842712474619 0 0 24.0 1 45
102.74206980904233 667.6522425435434 0 0 24.0 1 46
89.14161541721165 651.728156419935 0 0 24.0 1 47
76.39320225002109 635.1141009169893 0 0 24.0 1 48
64.53177282183043 617.8556140060109 0 0 24.0 1 49
53.589838486224494 600.0 0 0 24.0 1 50
43.597390324652906 581.5961998958187 0 0 24.0 1 51
34.58181694295968 562.6946572303202 0 0 24.0 1 52
26.567829401119297 543.3471798181201 0 0 24.0 1 53
19.5773934819386 523.606797749979 0 0 24.0 1 54
13.629669484372698 503.5276180410084 0 0 24.0 1 55
8.740959706477724 483.16467632710373 0 0 24.0 1 56
4.924663761944942 462.5737860160924 0 0 24.0 1 57
2.1912418526906663 441.81138530706147 0 0 24.0 1 58
0.5481860981704472 420.9343824971775 0 0 24.0 1 59
0.0 400.00000000000006 0 0 24.0 1 60
0.5481860981704472 379.0656175028226 0 0 24.0 1 61
2.1912418526906663 358.1886146929386 0 0 24.0 1 62
4.924663761944885 337.4262139839077 0 0 24.0 1 63
8.740959706477781 316.8353236728962 0 0 24.0 1 64
13.629669484372698 296.47238195899166 0 0 24.0 1 65
19.577393481938543 276.3932022500211 0 0 24.0 1 66
26.567829401119297 256.65282018187986 0 0 24.0 1 67
34.58181694295968 237.30534276967992 0 0 24.0 1 68
43.59739032465285 218.40380010418136 0 0 24.0 1 69
218.40380010418124 43.597390324652906 0 0 24.0 1 70
237.30534276967995 34.58181694295962 0 0 24.0 1 71
256.65282018187975 26.567829401119354 0 0 24.0 1 72
276.393202250021 19.5773934819386 0 0 24.0 1 73
296.4723819589917 13.629669484372698 0 0 24.0 1 74
316.8353236728961 8.740959706477781 0 0 24.0 1 75
337.4262139839076 4.924663761944942 0 0 24.0 1 76
358.18861469293864 2.1912418526906663 0 0 24.0 1 77
379.0656175028223 0.5481860981704472 0 0 24.0 1 78
399.99999999999994 0.0 0 0 24.0 1 79
420.9343824971776 0.5481860981704472 0 0 24.0 1 80
441.8113853070612 2.1912418526906663 0 0 24.0 1 81
462.5737860160923 4.924663761944885 0 0 24.0 1 82
483.1646763271038 8.740959706477781 0 0 24.0 1 83
503.5276180410081 13.629669484372641 0 0 24.0 1 84
523.6067977499789 19.577393481938543 0 0 24.0 1 85
543.3471798181201 26.567829401119297 0 0 24.0 1 86
562.6946572303199 34.58181694295956 0 0 24.0 1 87
581.5961998958187 43.59739032465279 0 0 24.0 1 88
600.0 53.58983848622455 0 0 24.0 1 89
617.8556140060107 64.53177282183032 0 0 24.0 1 90
635.1141009169892 76.39320225002098 0 0 24.0 1 91
651.728156419935 89.14161541721171 0 0 24.0 1 92
667.6522425435431 102.74206980904216 0 0 24.0 1 93
682.842712474619 117.15728752538092 0 0 24.0 1 94
697.2579301909577 132.34775745645675 0 0 24.0 1 95
710.8583845827882 148.27184358006485 0 0 24.0 1 96
723.6067977499789 164.88589908301066 0 0 24.0 1 97
735.4682271781696 182.1443859939892 0 0 24.0 1 98
746.4101615137754 199.99999999999983 0 0 24.0 1 99
756.4026096753471 218.40380010418122 0 0 24.0 1 100
765.4181830570403 237.30534276967995 0 0 24.0 1 101
773.4321705988806 256.6528201818797 0 0 24.0 1 102
780.4226065180615 276.3932022500209 0 0 24.0 1 103
786.3703305156273 296.4723819589917 0 0 24.0 1 104
791.2590402935223 316.83532367289604 0 0 24.0 1 105
795.0753362380551 337.4262139839076 0 0 24.0 1 106
797.8087581473094 358.18861469293864 0 0 24.0 1 107
799.4518139018296 379.06561750282225 0 0 24.0 1 108
800.0 399.9999999999999 0 0 24.0 1 109
189.02571250171675 562.0057098209558 0 0 12.0 1 110
282.1196756169307 467.8249889299096 0 0 13.0 1 111
334.19707922973737 177.52758459057773 0 0 13.0 1 112
423.1876128231324 191.28408155685753 0 0 11.0 1 113
298.26030146404906 142.36065179826699 0 0 11.0 1 114
169.6348159103481 259.17428516304 0 0 10.0 1 115
277.36672256835175 481.0560254785071 0 0 12.0 1 116
269.34393330066723 256.59500624225285 0 0 10.0 1 117
280.28670926691643 649.7953722987202 0 0 13.0 1 118
519.5617475347417 710.7957344083711 0 0 13.0 1 119
474.80304725997695 509.97046931163686 0 0 12.0 1 120
534.4242816327471 106.30098313491095 0 0 13.0 1 121
512.4227788461044 530.1734181640779 0 0 13.0 1 122
704.5486227340969 255.7116207355398 0 0 10.0 1 123
577.9747486386365 117.36774981079361 0 0 11.0 1 124
286.0041852283199 138.7913588440444 0 0 13.0 1 125
613.4833763684513 651.6442886582689 0 0 13.0 1 126
349.32124820519664 136.83529089841716 0 0 11.0 1 127
628.6484485086416 637.9493370333084 0 0 13.0 1 128
585.7876227582328 344.1523569893537 0 0 11.0 1 129
629.6984930487038 188.85407346776836 0 0 11.0 1 130
562.6973125649552 227.66722748083794 0 0 11.0 1 131
765.942650965055 406.4789045885814 0 0 13.0 1 132
326.75503464076843 528.6047240560197 0 0 13.0 1 133
178.3301140685468 670.8550565729511 0 0 10.0 1 134
335.3366155578747 174.07158940830416 0 0 10.0 1 135
343.6808777154337 525.9847469541296 0 0 13.0 1 136
152.86566980678126 233.48086344221835 0 0 11.0 1 137
185.33889181207465 460.4119907926548 0 0 13.0 1 138
585.1278012875221 426.3950220770462 0 0 10.0 1 139
565.1045937011837 543.8800651194148 0 0 13.0 1 140
179.85475893640765 591.8334507771071 0 0 10.0 1 141
580.1353958544819 507.94090587144956 0 0 13.0 1 142
223.71507587039358 436.3816646763024 0 0 13.0 1 143
457.1799667607387 247.35842178082402 0 0 13.0 1 144
496.39445482303273 266.0854411224444 0 0 10.0 1 145
143.63678246829932 325.38833404357 0 0 12.0 1 146
369.78950524029204 526.4409981231312 0 0 12.0 1 147
282.2304452571587 657.3311717916679 0 0 10.0 1 148
464.3634712622152 669.418528626147 0 0 10.0 1 149
540.9667718804513 308.60870268124654 0 0 10.0 1 150
247.18524797558263 425.9355270568351 0 0 11.0 1 151
682.6910761753849 220.2480724698543 0 0 12.0 1 152
242.19843976691192 307.3303308088182 0 0 10.0 1 153
552.9303977823014 157.1393538793346 0 0 12.0 1 154
275.5265775594731 678.4445494276054 19 3 11.0 1 155
410.8312794669338 128.21574110131178 -7 22 11.0 1 156
555.3640501433358 206.69709799628188 -2 -16 11.0 1 157
523.7180551008577 617.2414390535589 -12 -1 11.0 1 158
267.80562168440053 472.9770261229667 16 -6 11.0 1 159
631.381900831919 231.89760273152558 -12 -16 11.0 1 160
509.2732929502005 669.7041850765754 -14 -10 13.0 1 161
672.5069601882327 356.2283579361139 0 11 10.0 1 162
125.31492974688871 340.76224025131177 -6 -2 12.0 1 163
56.52539720436255 276.50831107163907 17 3 12.0 1 164
465.83201471216444 554.5643744170609 6 -16 10.0 1 165
682.5611706708794 562.5890058678697 7 18 12.0 1 166
317.9699740637839 583.4995227375366 -16 -3 12.0 1 167
466.601075272916 618.0557194216454 11 21 11.0 1 168
530.4806899105331 463.2438895109346 14 -1 13.0 1 169
169.2394306683174 657.8091535258548 15 -4 11.0 1 170
307.341512698162 53.16372056698691 13 -2 11.0 1 171
746.8971856898777 372.3171070795967 -4 19 11.0 1 172
196.95707669338154 555.9152696021229 10 0 12.0 1 173
351.4642091406984 664.5851035218388 13 6 13.0 1 174
308.0641632597748 548.9053455147755 10 3 11.0 1 175
653.0035732488055 539.6788886100412 12 -4 12.0 1 176
309.2674870968703 222.88813957760084 18 17 13.0 1 177
609.3203965133735 161.93704277337866 -14 16 11.0 1 178
278.05932384179647 445.06075341225585 2 7 10.0 1 179
226.4431668422395 717.6822715611454 11 19 11.0 1 180
247.8832752559372 180.5700520595718 -2 -11 13.0 1 181
609.9276082853127 686.2785344373698 -5 15 13.0 1 182
533.4636698444009 361.1612457503493 3 21 11.0 1 183
671.1898233204352 217.28415578436787 15 11 11.0 1 184
293.69618151087167 727.162800719505 -12 4 11.0 1 185
156.79356650602205 653.0842363861078 5 6 12.0 1 186
462.66108910458524 626.4919157767606 18 18 10.0 1 187
236.73223816414117 711.8455353939019 -10 -12 12.0 1 188
455.8674514674675 233.10234313648928 4 10 13.0 1 189
257.60468652133204 485.3204236939308 5 -10 12.0 1 190
216.70544100531126 108.90018096374132 22 2 11.0 1 191
243.89676330361013 479.0998071610221 3 9 12.0 1 192
146.08398362883574 208.5563878574199 -13 15 13.0 1 193
577.5089690878439 489.95313164849176 2 -11 13.0 1 194
584.1739132239425 710.4850554982957 6 18 10.0 1 195
659.1580744954531 197.32268892693202 22 -12 12.0 1 196
584.9967640273367 161.29474806905918 15 -3 12.0 1 197
157.66693590560115 352.2120721664983 0 -15 12.0 1 198
231.13451531786356 505.28745453788474 -5 -3 11.0 1 199
495.74405970463874 512.8586506709812 -15 -10 11.0 1 200
394.45546932011223 578.9141083859508 13 13 12.0 1 201
543.4056810168714 489.4192968664332 8 2 11.0 1 202
565.2887531597094 471.27150958769334 17 1 10.0 1 203
191.31215160046312 362.67196857089954 22 12 13.0 1 204
410.83076733969847 528.5445233327089 21 -6 13.0 1 205
204.90201748713827 138.82424075077125 -9 13 11.0 1 206
491.1134861362125 533.9489926953772 -2 1 10.0 1 207
543.6127840358938 472.77615173571445 -10 -5 10.0 1 208
751.6601944216841 359.36617592075174 -13 -2 13.0 1 209
248.6001115327119 91.10831385080508 9 17 13.0 1 210
624.4622488042514 217.96236965468285 -15 5 13.0 1 211
615.2410047863577 365.4267464857711 -17 -4 12.0 1 212
368.3951747129209 532.2767364980449 3 11 11.0 1 213
105.66834320518359 341.95798238845947 -13 -11 10.0 1 214
378.7926730172114 31.609922388991208 22 8 11.0 1 215
506.12176605130117 201.59846076667426 -1 3 12.0 1 216
503.16432799390304 91.80830408726712 15 0 11.0 1 217
322.5413453812687 261.14339473883103 21 18 13.0 1 218
568.174065542962 174.88117875497053 22 19 13.0 1 219
