400 400 -7.071067811865475 7.0710678118654755 5 2 -1 10 187
57.15728752538104 742.842712474619
800.0 400.0 0 0 24.0 1 0
799.4518139018296 420.9343824971775 0 0 24.0 1 1
797.8087581473094 441.8113853070614 0 0 24.0 1 2
795.0753362380551 462.57378601609236 0 0 24.0 1 3
791.2590402935223 483.16467632710373 0 0 24.0 1 4
786.3703305156273 503.5276180410083 0 0 24.0 1 5
780.4226065180615 523.6067977499789 0 0 24.0 1 6
773.4321705988807 543.3471798181201 0 0 24.0 1 7
765.4181830570403 562.6946572303201 0 0 24.0 1 8
756.4026096753471 581.5961998958187 0 0 24.0 1 9
746.4101615137755 600.0 0 0 24.0 1 10
735.4682271781696 617.8556140060108 0 0 24.0 1 11
723.606797749979 635.1141009169893 0 0 24.0 1 12
710.8583845827884 651.728156419935 0 0 24.0 1 13
697.2579301909577 667.6522425435433 0 0 24.0 1 14
682.842712474619 682.842712474619 0 0 24.0 1 15
667.6522425435433 697.2579301909577 0 0 24.0 1 16
651.728156419935 710.8583845827884 0 0 24.0 1 17
635.1141009169893 723.606797749979 0 0 24.0 1 18
617.8556140060108 735.4682271781696 0 0 24.0 1 19
600.0 746.4101615137754 0 0 24.0 1 20
581.5961998958187 756.4026096753471 0 0 24.0 1 21
562.6946572303201 765.4181830570403 0 0 24.0 1 22
543.3471798181201 773.4321705988807 0 0 24.0 1 23
523.606797749979 780.4226065180615 0 0 24.0 1 24
503.5276180410083 786.3703305156273 0 0 24.0 1 25
483.1646763271038 791.2590402935223 0 0 24.0 1 26
462.57378601609236 795.0753362380551 0 0 24.0 1 27
441.8113853070614 797.8087581473094 0 0 24.0 1 28
420.9343824971776 799.4518139018296 0 0 24.0 1 29
400.0 800.0 0 0 24.0 1 30
379.0656175028225 799.4518139018296 0 0 24.0 1 31
358.1886146929386 797.8087581473094 0 0 24.0 1 32
337.4262139839077 795.0753362380551 0 0 24.0 1 33
316.83532367289627 791.2590402935223 0 0 24.0 1 34
296.47238195899166 786.3703305156273 0 0 24.0 1 35
276.3932022500211 780.4226065180615 0 0 24.0 1 36
256.65282018187986 773.4321705988807 0 0 24.0 1 37
237.3053427696799 765.4181830570403 0 0 24.0 1 38
218.4038001041813 756.4026096753471 0 0 24.0 1 39
43.597390324652906 581.5961998958187 0 0 24.0 1 40
34.58181694295968 562.6946572303202 0 0 24.0 1 41
26.567829401119297 543.3471798181201 0 0 24.0 1 42
19.5773934819386 523.606797749979 0 0 24.0 1 43
13.629669484372698 503.5276180410084 0 0 24.0 1 44
8.740959706477724 483.16467632710373 0 0 24.0 1 45
4.924663761944942 462.5737860160924 0 0 24.0 1 46
2.1912418526906663 441.81138530706147 0 0 24.0 1 47
0.5481860981704472 420.9343824971775 0 0 24.0 1 48
0.0 400.00000000000006 0 0 24.0 1 49
0.5481860981704472 379.0656175028226 0 0 24.0 1 50
2.1912418526906663 358.1886146929386 0 0 24.0 1 51
4.924663761944885 337.4262139839077 0 0 24.0 1 52
8.740959706477781 316.8353236728962 0 0 24.0 1 53
13.629669484372698 296.47238195899166 0 0 24.0 1 54
19.577393481938543 276.3932022500211 0 0 24.0 1 55
26.567829401119297 256.65282018187986 0 0 24.0 1 56
34.58181694295968 237.30534276967992 0 0 24.0 1 57
43.59739032465285 218.40380010418136 0 0 24.0 1 58
53.58983848622455 199.99999999999994 0 0 24.0 1 59
64.53177282183037 182.14438599398918 0 0 24.0 1 60
76.39320225002103 164.8858990830108 0 0 24.0 1 61
89.14161541721171 148.27184358006497 0 0 24.0 1 62
102.74206980904228 132.3477574564567 0 0 24.0 1 63
117.15728752538092 117.15728752538104 0 0 24.0 1 64
132.34775745645675 102.74206980904228 0 0 24.0 1 65
148.27184358006485 89.14161541721177 0 0 24.0 1 66
164.8858990830107 76.39320225002109 0 0 24.0 1 67
182.1443859939892 64.53177282183032 0 0 24.0 1 68
199.99999999999983 53.58983848622461 0 0 24.0 1 69
218.40380010418124 43.597390324652906 0 0 24.0 1 70
237.30534276967995 34.58181694295962 0 0 24.0 1 71
256.65282018187975 26.567829401119354 0 0 24.0 1 72
276.393202250021 19.5773934819386 0 0 24.0 1 73
296.4723819589917 13.629669484372698 0 0 24.0 1 74
316.8353236728961 8.740959706477781 0 0 24.0 1 75
337.4262139839076 4.924663761944942 0 0 24.0 1 76
358.18861469293864 2.1912418526906663 0 0 24.0 1 77
379.0656175028223 0.5481860981704472 0 0 24.0 1 78
399.99999999999994 0.0 0 0 24.0 1 79
420.9343824971776 0.5481860981704472 0 0 24.0 1 80
441.8113853070612 2.1912418526906663 0 0 24.0 1 81
462.5737860160923 4.924663761944885 0 0 24.0 1 82
483.1646763271038 8.740959706477781 0 0 24.0 1 83
503.5276180410081 13.629669484372641 0 0 24.0 1 84
523.6067977499789 19.577393481938543 0 0 24.0 1 85
543.3471798181201 26.567829401119297 0 0 24.0 1 86
562.6946572303199 34.58181694295956 0 0 24.0 1 87
581.5961998958187 43.59739032465279 0 0 24.0 1 88
600.0 53.58983848622455 0 0 24.0 1 89
617.8556140060107 64.53177282183032 0 0 24.0 1 90
635.1141009169892 76.39320225002098 0 0 24.0 1 91
651.728156419935 89.14161541721171 0 0 24.0 1 92
667.6522425435431 102.74206980904216 0 0 24.0 1 93
682.842712474619 117.15728752538092 0 0 24.0 1 94
697.2579301909577 132.34775745645675 0 0 24.0 1 95
710.8583845827882 148.27184358006485 0 0 24.0 1 96
723.6067977499789 164.88589908301066 0 0 24.0 1 97
735.4682271781696 182.1443859939892 0 0 24.0 1 98
746.4101615137754 199.99999999999983 0 0 24.0 1 99
756.4026096753471 218.40380010418122 0 0 24.0 1 100
765.4181830570403 237.30534276967995 0 0 24.0 1 101
773.4321705988806 256.6528201818797 0 0 24.0 1 102
780.4226065180615 276.3932022500209 0 0 24.0 1 103
786.3703305156273 296.4723819589917 0 0 24.0 1 104
791.2590402935223 316.83532367289604 0 0 24.0 1 105
795.0753362380551 337.4262139839076 0 0 24.0 1 106
797.8087581473094 358.18861469293864 0 0 24.0 1 107
799.4518139018296 379.06561750282225 0 0 24.0 1 108
800.0 399.9999999999999 0 0 24.0 1 109
374.5511891893617 701.9293924551307 0 0 12.0 1 110
565.5247008981813 298.8191055951391 0 0 11.0 1 111
162.81738780113903 240.18633202843773 0 0 11.0 1 112
303.69169031761476 168.211929801981 0 0 12.0 1 113
649.8119256905 375.60734162080456 0 0 13.0 1 114
277.83286004783605 307.89033755404165 0 0 12.0 1 115
517.0484375265038 704.262490742129 0 0 11.0 1 116
611.6421193859885 362.15012150868955 0 0 11.0 1 117
369.19474242961167 586.4726148956518 0 0 13.0 1 118
150.26302414972426 451.54069162476173 0 0 13.0 1 119
575.6238171855646 352.24777662588497 0 0 12.0 1 120
305.6675711176007 278.27328616467514 0 0 11.0 1 121
167.8798996567447 641.5476330180801 0 0 13.0 1 122
415.03468414709994 547.2343651210441 0 0 11.0 1 123
154.64073795896465 347.0865562387162 0 0 11.0 1 124
475.50194933551154 742.7833946481916 0 0 11.0 1 125
468.50390343930593 206.78453681555857 0 0 13.0 1 126
477.5075679983347 501.86548435551424 0 0 13.0 1 127
232.49842192137652 660.8509561822053 0 0 13.0 1 128
363.3146348948065 209.50017326228706 0 0 13.0 1 129
108.9403957488804 581.4753613391682 0 0 11.0 1 130
218.3186666571988 147.58586981949293 0 0 13.0 1 131
338.4980021848303 268.68928351142523 0 0 12.0 1 132
51.41194916228801 295.20319273391624 0 0 11.0 1 133
449.95720693637645 609.1154644571177 0 0 12.0 1 134
488.77941611019634 543.802695646266 0 0 13.0 1 135
104.98223601306728 442.05376240184046 0 0 11.0 1 136
566.7889302367676 367.11455108296866 0 0 10.0 1 137
208.1987161545592 300.6608460110483 0 0 12.0 1 138
406.1954917533476 120.06855145958644 0 0 11.0 1 139
434.5945162065819 650.6236609908021 0 0 12.0 1 140
358.06352231109514 607.8108078013461 0 0 13.0 1 141
678.8449111244349 467.930225525947 0 0 13.0 1 142
704.8088515270131 410.7964823337665 0 0 13.0 1 143
585.7229609196494 468.636592188412 0 0 10.0 1 144
282.39073801674886 248.23682430920536 0 0 10.0 1 145
368.0980865305153 112.76617901614458 0 0 10.0 1 146
369.55492895909197 241.9047829650939 0 0 13.0 1 147
496.59250383993486 62.55239191552687 0 0 10.0 1 148
219.82136561871894 425.68384146689584 0 0 10.0 1 149
427.1233828869979 665.6187532926945 0 0 10.0 1 150
698.8780673764244 478.4404286151823 0 0 12.0 1 151
532.6022917506185 64.23574904036633 0 0 10.0 1 152
485.2599804747364 217.97874923666862 0 0 11.0 1 153
214.7011295197167 643.516587933412 0 0 10.0 1 154
432.15200148992295 233.0681312625058 -4 -15 13.0 1 155
412.9816070081633 74.25857205524869 18 -3 10.0 1 156
537.2467004377271 132.11132308558314 -10 -5 10.0 1 157
590.1928280556774 640.9889793251623 -8 -7 11.0 1 158
747.8775930460793 390.7706849405569 -8 -7 12.0 1 159
231.31535665154018 357.32106961974193 17 -2 11.0 1 160
382.98816046909104 104.48926023615553 0 -15 12.0 1 161
65.06714576697641 321.53992636174644 3 22 10.0 1 162
231.97387165255142 138.29745856685543 20 -9 13.0 1 163
102.74792532705811 498.03164847451967 -7 7 11.0 1 164
271.616804292647 444.87488228360604 2 -11 13.0 1 165
590.1864116655852 696.1977866523796 -11 19 10.0 1 166
217.72888884128994 639.5375587188138 4 -17 10.0 1 167
743.6980592464799 319.497552396196 -6 17 11.0 1 168
533.8123796015689 382.13251373680066 8 18 12.0 1 169
218.4059611960945 513.2236948296851 13 -10 12.0 1 170
488.24475547524787 617.8023487731795 -10 -1 12.0 1 171
498.2436577517286 56.78405673459571 15 0 11.0 1 172
675.1575872044914 524.4680770470997 15 9 10.0 1 173
747.6337246342308 430.85115065814847 8 -3 10.0 1 174
400.6904088861359 244.00152777809026 16 13 12.0 1 175
703.7142820588908 479.7096912141335 17 9 12.0 1 176
668.2962419278472 460.3500336983675 18 -4 13.0 1 177
519.9207918216327 711.7290549321199 3 -10 13.0 1 178
529.2852014039249 361.1369494513544 -5 4 11.0 1 179
241.94153460884974 318.1371786572528 9 -11 13.0 1 180
120.25902758654155 248.77504057473618 6 9 10.0 1 181
476.8177457677678 170.51572181267275 6 2 11.0 1 182
297.8930984755499 191.67770003891505 10 -14 13.0 1 183
735.8818139755248 391.088937183986 -12 -14 11.0 1 184
142.9842336942777 472.33184547820105 6 7 10.0 1 185
622.1669882205276 533.1271172414545 15 -11 10.0 1 186
479.72623677562126 688.1748204989423 -7 15 13.0 1 187
266.71602315509 643.9659433535867 11 7 13.0 1 188
733.8825174637657 391.14197922455753 10 19 11.0 1 189
676.6287101272195 572.4892945470842 -13 1 11.0 1 190
599.3373821515858 586.530448122961 10 1 12.0 1 191
208.21602348729246 497.17976308354145 -8 -1 13.0 1 192
489.92835484634134 265.2524916941671 -13 -5 11.0 1 193
275.4321597144845 323.8497986437179 3 -12 11.0 1 194
582.7704753983602 109.75191073383894 -4 -14 13.0 1 195
253.03087342778844 628.8756776824512 20 0 10.0 1 196
477.5127089302965 213.4637301909167 -13 10 12.0 1 197
398.54946720379377 70.00318796296358 22 17 12.0 1 198
583.8174339710388 96.29594838345861 22 -9 13.0 1 199
644.5303254238215 384.8368885739134 -10 15 11.0 1 200
522.825368335026 484.3500378978289 -4 -14 10.0 1 201
121.95321611131413 174.49171640678384 -11 15 10.0 1 202
386.43135086347525 59.2700603694916 -9 0 11.0 1 203
158.0856370638331 269.22369861022787 12 7 10.0 1 204
380.98937596842086 537.6938494411786 -4 21 10.0 1 205
677.2965350098398 230.49592432175365 22 20 11.0 1 206
682.9523189141918 448.03108598690557 -3 18 11.0 1 207
470.35985323659924 278.9649180918019 -11 9 12.0 1 208
148.00987174855143 397.76947005881823 0 22 12.0 1 209
54.21647479619503 412.2373893306369 -1 -9 12.0 1 210
276.4763545727218 474.0128976622051 -11 -4 12.0 1 211
243.98376189659504 725.5455935012201 21 12 11.0 1 212
195.99722692242665 257.22791387438474 4 7 13.0 1 213
132.2994632230475 523.9412062605955 -3 -14 10.0 1 214
488.2570448216248 187.60721754411307 -4 -13 13.0 1 215
125.52769892491244 382.97190725458427 -15 12 12.0 1 216
577.7594586306179 676.843954001798 -16 -4 13.0 1 217
180.97990766310218 222.36498331484088 -11 17 10.0 1 218
329.83334879684276 154.843639570713 7 -8 13.0 1 219
