400 400 -7.071067811865475 7.0710678118654755 5 2 -1 10 187
57.15728752538104 742.842712474619
800.0 400.0 0 0 24.0 1 0
799.4518139018296 420.9343824971775 0 0 24.0 1 1
797.8087581473094 441.8113853070614 0 0 24.0 1 2
795.0753362380551 462.57378601609236 0 0 24.0 1 3
791.2590402935223 483.16467632710373 0 0 24.0 1 4
786.3703305156273 503.5276180410083 0 0 24.0 1 5
780.4226065180615 523.6067977499789 0 0 24.0 1 6
773.4321705988807 543.3471798181201 0 0 24.0 1 7
765.4181830570403 562.6946572303201 0 0 24.0 1 8
756.4026096753471 581.5961998958187 0 0 24.0 1 9
746.4101615137755 600.0 0 0 24.0 1 10
735.4682271781696 617.8556140060108 0 0 24.0 1 11
723.606797749979 635.1141009169893 0 0 24.0 1 12
710.8583845827884 651.728156419935 0 0 24.0 1 13
697.2579301909577 667.6522425435433 0 0 24.0 1 14
682.842712474619 682.842712474619 0 0 24.0 1 15
667.6522425435433 697.2579301909577 0 0 24.0 1 16
651.728156419935 710.8583845827884 0 0 24.0 1 17
635.1141009169893 723.606797749979 0 0 24.0 1 18
617.8556140060108 735.4682271781696 0 0 24.0 1 19
600.0 746.4101615137754 0 0 24.0 1 20
581.5961998958187 756.4026096753471 0 0 24.0 1 21
562.6946572303201 765.4181830570403 0 0 24.0 1 22
543.3471798181201 773.4321705988807 0 0 24.0 1 23
523.606797749979 780.4226065180615 0 0 24.0 1 24
503.5276180410083 786.3703305156273 0 0 24.0 1 25
483.1646763271038 791.2590402935223 0 0 24.0 1 26
462.57378601609236 795.0753362380551 0 0 24.0 1 27
441.8113853070614 797.8087581473094 0 0 24.0 1 28
420.9343824971776 799.4518139018296 0 0 24.0 1 29
400.0 800.0 0 0 24.0 1 30
379.0656175028225 799.4518139018296 0 0 24.0 1 31
358.1886146929386 797.8087581473094 0 0 24.0 1 32
337.4262139839077 795.0753362380551 0 0 24.0 1 33
316.83532367289627 791.2590402935223 0 0 24.0 1 34
296.47238195899166 786.3703305156273 0 0 24.0 1 35
276.3932022500211 780.4226065180615 0 0 24.0 1 36
256.65282018187986 773.4321705988807 0 0 24.0 1 37
237.3053427696799 765.4181830570403 0 0 24.0 1 38
218.4038001041813 756.4026096753471 0 0 24.0 1 39
43.597390324652906 581.5961998958187 0 0 24.0 1 40
34.58181694295968 562.6946572303202 0 0 24.0 1 41
26.567829401119297 543.3471798181201 0 0 24.0 1 42
19.5773934819386 523.606797749979 0 0 24.0 1 43
13.629669484372698 503.5276180410084 0 0 24.0 1 44
8.740959706477724 483.16467632710373 0 0 24.0 1 45
4.924663761944942 462.5737860160924 0 0 24.0 1 46
2.1912418526906663 441.81138530706147 0 0 24.0 1 47
0.5481860981704472 420.9343824971775 0 0 24.0 1 48
0.0 400.00000000000006 0 0 24.0 1 49
0.5481860981704472 379.0656175028226 0 0 24.0 1 50
2.1912418526906663 358.1886146929386 0 0 24.0 1 51
4.924663761944885 337.4262139839077 0 0 24.0 1 52
8.740959706477781 316.8353236728962 0 0 24.0 1 53
13.629669484372698 296.47238195899166 0 0 24.0 1 54
19.577393481938543 276.3932022500211 0 0 24.0 1 55
26.567829401119297 256.65282018187986 0 0 24.0 1 56
34.58181694295968 237.30534276967992 0 0 24.0 1 57
43.59739032465285 218.40380010418136 0 0 24.0 1 58
53.58983848622455 199.99999999999994 0 0 24.0 1 59
64.53177282183037 182.14438599398918 0 0 24.0 1 60
76.39320225002103 164.8858990830108 0 0 24.0 1 61
89.14161541721171 148.27184358006497 0 0 24.0 1 62
102.74206980904228 132.3477574564567 0 0 24.0 1 63
117.15728752538092 117.15728752538104 0 0 24.0 1 64
132.34775745645675 102.74206980904228 0 0 24.0 1 65
148.27184358006485 89.14161541721177 0 0 24.0 1 66
164.8858990830107 76.39320225002109 0 0 24.0 1 67
182.1443859939892 64.53177282183032 0 0 24.0 1 68
199.99999999999983 53.58983848622461 0 0 24.0 1 69
218.40380010418124 43.597390324652906 0 0 24.0 1 70
237.30534276967995 34.58181694295962 0 0 24.0 1 71
256.65282018187975 26.567829401119354 0 0 24.0 1 72
276.393202250021 19.5773934819386 0 0 24.0 1 73
296.4723819589917 13.629669484372698 0 0 24.0 1 74
316.8353236728961 8.740959706477781 0 0 24.0 1 75
337.4262139839076 4.924663761944942 0 0 24.0 1 76
358.18861469293864 2.1912418526906663 0 0 24.0 1 77
379.0656175028223 0.5481860981704472 0 0 24.0 1 78
399.99999999999994 0.0 0 0 24.0 1 79
420.9343824971776 0.5481860981704472 0 0 24.0 1 80
441.8113853070612 2.1912418526906663 0 0 24.0 1 81
462.5737860160923 4.924663761944885 0 0 24.0 1 82
483.1646763271038 8.740959706477781 0 0 24.0 1 83
503.5276180410081 13.629669484372641 0 0 24.0 1 84
523.6067977499789 19.577393481938543 0 0 24.0 1 85
543.3471798181201 26.567829401119297 0 0 24.0 1 86
562.6946572303199 34.58181694295956 0 0 24.0 1 87
581.5961998958187 43.59739032465279 0 0 24.0 1 88
600.0 53.58983848622455 0 0 24.0 1 89
617.8556140060107 64.53177282183032 0 0 24.0 1 90
635.1141009169892 76.39320225002098 0 0 24.0 1 91
651.728156419935 89.14161541721171 0 0 24.0 1 92
667.6522425435431 102.74206980904216 0 0 24.0 1 93
682.842712474619 117.15728752538092 0 0 24.0 1 94
697.2579301909577 132.34775745645675 0 0 24.0 1 95
710.8583845827882 148.27184358006485 0 0 24.0 1 96
723.6067977499789 164.88589908301066 0 0 24.0 1 97
735.4682271781696 182.1443859939892 0 0 24.0 1 98
746.4101615137754 199.99999999999983 0 0 24.0 1 99
756.4026096753471 218.40380010418122 0 0 24.0 1 100
765.4181830570403 237.30534276967995 0 0 24.0 1 101
773.4321705988806 256.6528201818797 0 0 24.0 1 102
780.4226065180615 276.3932022500209 0 0 24.0 1 103
786.3703305156273 296.4723819589917 0 0 24.0 1 104
791.2590402935223 316.83532367289604 0 0 24.0 1 105
795.0753362380551 337.4262139839076 0 0 24.0 1 106
797.8087581473094 358.18861469293864 0 0 24.0 1 107
799.4518139018296 379.06561750282225 0 0 24.0 1 108
800.0 399.9999999999999 0 0 24.0 1 109
162.19500164809932 507.5629246480985 0 0 13.0 1 110
559.1968022577505 186.89819768264115 0 0 13.0 1 111
644.383645756562 552.3831804587737 0 0 12.0 1 112
460.0060880160294 158.33852313409048 0 0 13.0 1 113
461.2123092720088 536.9417876091442 0 0 13.0 1 114
611.4687043377605 502.49871748323886 0 0 13.0 1 115
541.2790918341634 468.4778665739085 0 0 13.0 1 116
187.20487057974586 455.841139807648 0 0 12.0 1 117
510.3004480171801 325.68438140465116 0 0 11.0 1 118
667.9262934086394 470.31714798189483 0 0 13.0 1 119
473.0197564456644 518.2755899102425 0 0 11.0 1 120
179.70424040884353 307.3135484218142 0 0 13.0 1 121
418.1017723300172 672.3992030798039 0 0 13.0 1 122
372.45145232379747 726.8410584992835 0 0 10.0 1 123
644.7724972534871 321.67104884979216 0 0 10.0 1 124
446.75173122534017 211.71756420888977 0 0 13.0 1 125
445.6658415891209 577.210696381334 0 0 10.0 1 126
501.5252319433921 571.1538117566781 0 0 13.0 1 127
163.1395207917733 473.4922675473359 0 0 13.0 1 128
561.2158826527103 492.7655064154103 0 0 13.0 1 129
125.11410584028238 545.460459204598 0 0 12.0 1 130
628.7427909611097 350.6772305793552 0 0 13.0 1 131
362.8983712908028 521.459742907372 0 0 11.0 1 132
178.96623280746735 630.0110296500524 0 0 12.0 1 133
567.7212799284717 519.6059039477367 0 0 13.0 1 134
436.7341592111242 115.36057625997802 0 0 10.0 1 135
334.18408283574183 153.6399686478598 0 0 10.0 1 136
286.7015764334508 97.52278231685813 0 0 13.0 1 137
206.83892580675266 334.3890297548437 0 0 12.0 1 138
698.3085728594274 292.75730626951 0 0 10.0 1 139
533.7483565716509 336.63299664350114 0 0 10.0 1 140
312.4969038355736 255.41712355317054 0 0 11.0 1 141
620.3252028376755 511.65036943305256 0 0 13.0 1 142
114.56213340246086 338.44332438926347 0 0 13.0 1 143
234.6792859387309 253.33691158893419 0 0 11.0 1 144
282.5789453315015 236.86417952964013 0 0 11.0 1 145
572.3228841860096 274.80485797837395 0 0 10.0 1 146
698.9883667344353 397.36247133194814 0 0 13.0 1 147
213.31453954738686 516.3981909464053 0 0 10.0 1 148
590.8446631149711 305.4097544112862 0 0 10.0 1 149
333.7820251101722 760.9767025744045 0 0 10.0 1 150
549.2788018277624 299.42247107396395 0 0 11.0 1 151
259.3132979808985 730.2851069530514 0 0 13.0 1 152
667.6014609364481 535.6077361535051 0 0 13.0 1 153
633.9238635997798 368.76498697692557 0 0 13.0 1 154
201.76448757305937 340.4040134503315 -7 11 12.0 1 155
190.92817621405314 282.1485150758889 -2 13 13.0 1 156
262.16870140324306 370.2757148591991 -11 15 11.0 1 157
306.03000193668214 572.0047658176367 12 1 11.0 1 158
546.0771605358955 80.84100644072367 2 22 13.0 1 159
393.49524333644456 609.8992333019536 19 5 13.0 1 160
672.9273368188517 424.2212472215836 17 6 12.0 1 161
379.89523933350983 545.6186753082967 20 -17 11.0 1 162
372.2023264409101 255.65219314204225 21 -9 12.0 1 163
475.548030961689 174.30885037775255 16 13 12.0 1 164
587.234991125957 194.50776633151605 -9 10 11.0 1 165
245.02366577680044 532.6587193920518 -5 9 12.0 1 166
200.74176886923905 634.8619963438961 -7 13 12.0 1 167
462.8841097292812 644.0278441972467 19 1 13.0 1 168
579.7042301814477 523.4114648438033 -2 -14 13.0 1 169
206.58085547142574 98.74755680686252 -8 2 12.0 1 170
579.8239863749812 392.04173861885926 4 -12 10.0 1 171
219.11324259569741 406.40164008336785 -15 -11 12.0 1 172
510.77533134126855 673.4114590982465 3 -4 11.0 1 173
706.5421239548764 370.06797298489164 -1 0 12.0 1 174
239.51445504138806 573.032915537297 12 -3 12.0 1 175
244.9405182131262 158.4931530825965 1 -12 10.0 1 176
114.88769063857217 200.46310854733284 22 12 10.0 1 177
318.2945473920485 305.39968808650895 21 -10 11.0 1 178
412.92983737858367 594.5708593427171 14 10 11.0 1 179
388.54026113982655 112.22808617716595 20 -8 11.0 1 180
443.4627979746698 557.0986479643063 12 0 10.0 1 181
685.4517268212774 382.29938829444586 2 -11 13.0 1 182
593.9317616406304 394.85492206456337 -2 20 13.0 1 183
236.8883831409301 639.7803170521299 -15 18 11.0 1 184
107.3326613275695 624.7372440749349 22 22 12.0 1 185
275.7763951285381 421.08307360749177 15 1 10.0 1 186
92.37060732590453 301.546169383984 -11 15 12.0 1 187
554.2379204371205 423.3808447074206 -5 -1 10.0 1 188
175.7321839718901 427.9275257404206 -1 -12 11.0 1 189
649.7587852788115 300.0922967131537 -5 22 12.0 1 190
490.19967139978144 504.4414634107137 13 -12 11.0 1 191
62.90469295972923 463.3699768930493 -10 -10 13.0 1 192
632.7052504642977 130.58532629727 14 -9 10.0 1 193
634.440129614456 372.91078394716783 19 3 11.0 1 194
587.768877411642 595.4068798061412 -10 16 10.0 1 195
543.9943973570524 398.7297520796004 -3 -9 10.0 1 196
573.9703723251091 693.2836673820466 -4 -4 12.0 1 197
216.04301774138173 560.2991848959389 -16 2 10.0 1 198
388.2234065735628 641.7132843831063 12 -4 11.0 1 199
278.3748459331719 543.3573224436768 -10 -7 10.0 1 200
599.9933882196007 272.8322184338969 1 -15 12.0 1 201
169.73265082097387 456.0887502273358 -1 -1 13.0 1 202
392.16331697200224 652.8786001209251 -17 -2 13.0 1 203
526.9395090694699 470.08110328185455 -8 11 10.0 1 204
423.05995473913305 625.8256816383582 13 19 12.0 1 205
580.7087595631269 166.82765125951147 -11 -13 10.0 1 206
238.92320409230274 611.6843542166262 -17 17 12.0 1 207
500.84784872645025 219.2274594767031 16 -7 12.0 1 208
339.1225225512841 587.3577666911118 -7 4 10.0 1 209
345.2800183393756 253.91193201681074 14 -13 12.0 1 210
547.0063785949318 468.06705996591586 12 -17 10.0 1 211
200.4917733603974 216.59479968353963 -15 1 13.0 1 212
195.43036241183032 649.9605236373234 19 3 10.0 1 213
455.2325940644281 234.99890741902917 7 -6 12.0 1 214
571.6766800249495 270.57002844931503 18 -4 13.0 1 215
641.7637771821403 445.4563091619242 8 13 11.0 1 216
463.13893598473777 145.721658880047 22 -17 12.0 1 217
555.8090012278547 685.2166810275626 -16 10 10.0 1 218
464.082024172486 717.59958151414 1 -12 10.0 1 219
