400 400 -7.071067811865475 7.0710678118654755 5 2 -1 10 187
57.15728752538104 742.842712474619
800.0 400.0 0 0 24.0 1 0
799.4518139018296 420.9343824971775 0 0 24.0 1 1
797.8087581473094 441.8113853070614 0 0 24.0 1 2
795.0753362380551 462.57378601609236 0 0 24.0 1 3
791.2590402935223 483.16467632710373 0 0 24.0 1 4
786.3703305156273 503.5276180410083 0 0 24.0 1 5
780.4226065180615 523.6067977499789 0 0 24.0 1 6
773.4321705988807 543.3471798181201 0 0 24.0 1 7
765.4181830570403 562.6946572303201 0 0 24.0 1 8
756.4026096753471 581.5961998958187 0 0 24.0 1 9
746.4101615137755 600.0 0 0 24.0 1 10
735.4682271781696 617.8556140060108 0 0 24.0 1 11
723.606797749979 635.1141009169893 0 0 24.0 1 12
710.8583845827884 651.728156419935 0 0 24.0 1 13
697.2579301909577 667.6522425435433 0 0 24.0 1 14
682.842712474619 682.842712474619 0 0 24.0 1 15
667.6522425435433 697.2579301909577 0 0 24.0 1 16
651.728156419935 710.8583845827884 0 0 24.0 1 17
635.1141009169893 723.606797749979 0 0 24.0 1 18
617.8556140060108 735.4682271781696 0 0 24.0 1 19
600.0 746.4101615137754 0 0 24.0 1 20
581.5961998958187 756.4026096753471 0 0 24.0 1 21
562.6946572303201 765.4181830570403 0 0 24.0 1 22
543.3471798181201 773.4321705988807 0 0 24.0 1 23
523.606797749979 780.4226065180615 0 0 24.0 1 24
503.5276180410083 786.3703305156273 0 0 24.0 1 25
483.1646763271038 791.2590402935223 0 0 24.0 1 26
462.57378601609236 795.0753362380551 0 0 24.0 1 27
441.8113853070614 797.8087581473094 0 0 24.0 1 28
420.9343824971776 799.4518139018296 0 0 24.0 1 29
400.0 800.0 0 0 24.0 1 30
379.0656175028225 799.4518139018296 0 0 24.0 1 31
358.1886146929386 797.8087581473094 0 0 24.0 1 32
337.4262139839077 795.0753362380551 0 0 24.0 1 33
316.83532367289627 791.2590402935223 0 0 24.0 1 34
296.47238195899166 786.3703305156273 0 0 24.0 1 35
276.3932022500211 780.4226065180615 0 0 24.0 1 36
256.65282018187986 773.4321705988807 0 0 24.0 1 37
237.3053427696799 765.4181830570403 0 0 24.0 1 38
218.4038001041813 756.4026096753471 0 0 24.0 1 39
43.597390324652906 581.5961998958187 0 0 24.0 1 40
34.58181694295968 562.6946572303202 0 0 24.0 1 41
26.567829401119297 543.3471798181201 0 0 24.0 1 42
19.5773934819386 523.606797749979 0 0 24.0 1 43
13.629669484372698 503.5276180410084 0 0 24.0 1 44
8.740959706477724 483.16467632710373 0 0 24.0 1 45
4.924663761944942 462.5737860160924 0 0 24.0 1 46
2.1912418526906663 441.81138530706147 0 0 24.0 1 47
0.5481860981704472 420.9343824971775 0 0 24.0 1 48
0.0 400.00000000000006 0 0 24.0 1 49
0.5481860981704472 379.0656175028226 0 0 24.0 1 50
2.1912418526906663 358.1886146929386 0 0 24.0 1 51
4.924663761944885 337.4262139839077 0 0 24.0 1 52
8.740959706477781 316.8353236728962 0 0 24.0 1 53
13.629669484372698 296.47238195899166 0 0 24.0 1 54
19.577393481938543 276.3932022500211 0 0 24.0 1 55
26.567829401119297 256.65282018187986 0 0 24.0 1 56
34.58181694295968 237.30534276967992 0 0 24.0 1 57
43.59739032465285 218.40380010418136 0 0 24.0 1 58
53.58983848622455 199.99999999999994 0 0 24.0 1 59
64.53177282183037 182.14438599398918 0 0 24.0 1 60
76.39320225002103 164.8858990830108 0 0 24.0 1 61
89.14161541721171 148.27184358006497 0 0 24.0 1 62
102.74206980904228 132.3477574564567 0 0 24.0 1 63
117.15728752538092 117.15728752538104 0 0 24.0 1 64
132.34775745645675 102.74206980904228 0 0 24.0 1 65
148.27184358006485 89.14161541721177 0 0 24.0 1 66
164.8858990830107 76.39320225002109 0 0 24.0 1 67
182.1443859939892 64.53177282183032 0 0 24.0 1 68
199.99999999999983 53.58983848622461 0 0 24.0 1 69
218.40380010418124 43.597390324652906 0 0 24.0 1 70
237.30534276967995 34.58181694295962 0 0 24.0 1 71
256.65282018187975 26.567829401119354 0 0 24.0 1 72
276.393202250021 19.5773934819386 0 0 24.0 1 73
296.4723819589917 13.629669484372698 0 0 24.0 1 74
316.8353236728961 8.740959706477781 0 0 24.0 1 75
337.4262139839076 4.924663761944942 0 0 24.0 1 76
358.18861469293864 2.1912418526906663 0 0 24.0 1 77
379.0656175028223 0.5481860981704472 0 0 24.0 1 78
399.99999999999994 0.0 0 0 24.0 1 79
420.9343824971776 0.5481860981704472 0 0 24.0 1 80
441.8113853070612 2.1912418526906663 0 0 24.0 1 81
462.5737860160923 4.924663761944885 0 0 24.0 1 82
483.1646763271038 8.740959706477781 0 0 24.0 1 83
503.5276180410081 13.629669484372641 0 0 24.0 1 84
523.6067977499789 19.577393481938543 0 0 24.0 1 85
543.3471798181201 26.567829401119297 0 0 24.0 1 86
562.6946572303199 34.58181694295956 0 0 24.0 1 87
581.5961998958187 43.59739032465279 0 0 24.0 1 88
600.0 53.58983848622455 0 0 24.0 1 89
617.8556140060107 64.53177282183032 0 0 24.0 1 90
635.1141009169892 76.39320225002098 0 0 24.0 1 91
651.728156419935 89.14161541721171 0 0 24.0 1 92
667.6522425435431 102.74206980904216 0 0 24.0 1 93
682.842712474619 117.15728752538092 0 0 24.0 1 94
697.2579301909577 132.34775745645675 0 0 24.0 1 95
710.8583845827882 148.27184358006485 0 0 24.0 1 96
723.6067977499789 164.88589908301066 0 0 24.0 1 97
735.4682271781696 182.1443859939892 0 0 24.0 1 98
746.4101615137754 199.99999999999983 0 0 24.0 1 99
756.4026096753471 218.40380010418122 0 0 24.0 1 100
765.4181830570403 237.30534276967995 0 0 24.0 1 101
773.4321705988806 256.6528201818797 0 0 24.0 1 102
780.4226065180615 276.3932022500209 0 0 24.0 1 103
786.3703305156273 296.4723819589917 0 0 24.0 1 104
791.2590402935223 316.83532367289604 0 0 24.0 1 105
795.0753362380551 337.4262139839076 0 0 24.0 1 106
797.8087581473094 358.18861469293864 0 0 24.0 1 107
799.4518139018296 379.06561750282225 0 0 24.0 1 108
800.0 399.9999999999999 0 0 24.0 1 109
69.72295530206566 456.05420363896616 0 0 11.0 1 110
629.6792460283134 367.26708164759054 0 0 12.0 1 111
202.29818616986944 190.5770002882291 0 0 10.0 1 112
398.6417738362796 91.00298509259318 0 0 11.0 1 113
250.71044405811557 385.41821387226634 0 0 13.0 1 114
364.56115818157497 537.5066852577309 0 0 12.0 1 115
181.5796773075893 266.47635926569717 0 0 13.0 1 116
422.92313606728163 154.0660051297485 0 0 13.0 1 117
97.71698810948516 229.60639471388933 0 0 11.0 1 118
246.92106948866157 271.2877588047476 0 0 12.0 1 119
359.5982687549086 36.23675266404467 0 0 10.0 1 120
260.04628277588756 338.1780214231768 0 0 12.0 1 121
561.4031892415614 287.0486365613381 0 0 12.0 1 122
192.05017029369694 100.03022098031352 0 0 12.0 1 123
270.43200006153165 471.527151431782 0 0 11.0 1 124
326.68925533929166 204.27944738149642 0 0 13.0 1 125
247.07638989187467 668.5058090088519 0 0 10.0 1 126
584.7751509383683 236.08800045236703 0 0 11.0 1 127
204.87413744095252 443.8850516758009 0 0 12.0 1 128
536.5700118195451 230.08051356124778 0 0 11.0 1 129
253.24350866173293 86.6654627238147 0 0 12.0 1 130
525.8651451661075 271.32224266675036 0 0 13.0 1 131
738.7030760007317 307.906426349921 0 0 11.0 1 132
670.9268417210587 247.29228429757603 0 0 13.0 1 133
704.8482944388185 512.6610730365348 0 0 13.0 1 134
601.5262399694469 304.5213395371673 0 0 12.0 1 135
531.5483235280872 297.1212433154944 0 0 13.0 1 136
582.0179320272536 504.73524917868906 0 0 10.0 1 137
580.3275120136951 298.3585300630168 0 0 10.0 1 138
91.43517330357992 416.39352694841 0 0 11.0 1 139
460.73973710445364 276.0859800648778 0 0 13.0 1 140
486.59048612313956 513.8028458034261 0 0 10.0 1 141
591.2639368270146 432.4670058587445 0 0 12.0 1 142
86.01230051208393 397.2206888828132 0 0 10.0 1 143
67.00815356798262 523.050518933468 0 0 12.0 1 144
681.5569111466104 616.2191152178264 0 0 10.0 1 145
94.14591610895314 506.90780779329674 0 0 13.0 1 146
202.79318627967174 612.6251928212547 0 0 13.0 1 147
292.48488893523387 232.54403297364706 0 0 12.0 1 148
527.1491877348299 343.838767300094 0 0 10.0 1 149
329.83334879684276 154.843639570713 0 0 13.0 1 150
555.9075566812023 583.7765865655842 0 0 13.0 1 151
230.8933177725035 136.61448402387703 0 0 10.0 1 152
434.6814194156064 688.9259405926002 0 0 13.0 1 153
294.62316148018806 85.1671524386798 0 0 11.0 1 154
370.27080623331346 259.1022532544157 19 -7 12.0 1 155
654.445125962347 325.95489297728466 7 18 12.0 1 156
359.53526403978776 208.22251137406582 -17 3 10.0 1 157
358.0959902631193 684.9351750275339 8 1 10.0 1 158
418.26537445199097 157.6874413157078 4 4 11.0 1 159
564.7035819964613 616.4641542554679 13 -5 10.0 1 160
260.86129947784593 276.56409753638803 7 4 13.0 1 161
90.82277851460668 276.3131142175048 -17 -6 10.0 1 162
484.5868951551258 59.34466514082635 8 -4 12.0 1 163
334.76056205519717 61.224534925201226 5 15 12.0 1 164
406.3127599729718 603.9023027371777 6 -5 10.0 1 165
236.2248463263478 676.0773424951269 10 -5 11.0 1 166
543.1519546010059 437.57017292895466 -12 -4 13.0 1 167
253.56501239358502 427.528065764036 20 17 10.0 1 168
480.91383122208913 260.8096558055722 6 -9 11.0 1 169
371.82598165104093 604.0642660782934 16 -5 13.0 1 170
273.68577312932376 328.79806119168285 20 7 12.0 1 171
643.1957374286526 512.6047658695397 -14 2 13.0 1 172
694.3265034449305 555.7591389610294 22 6 11.0 1 173
386.9884215025114 73.2589728469905 15 0 12.0 1 174
223.794978893945 285.7555667132323 -10 3 10.0 1 175
378.15923537337545 532.208097333425 12 -17 13.0 1 176
170.57330679162192 656.318927204896 2 6 10.0 1 177
103.0116345607928 397.3711611407501 -8 4 12.0 1 178
758.8997764017608 454.4054271076517 -16 16 11.0 1 179
504.4402716562058 234.1439489907651 -7 6 12.0 1 180
453.17493631618817 200.9813422119189 -6 10 13.0 1 181
586.4970205766496 299.18898216944365 22 8 11.0 1 182
286.19027032431836 462.82790328467337 6 21 11.0 1 183
592.8642626471261 475.18228643490664 18 -10 13.0 1 184
693.0746097574647 476.9173134964409 7 12 11.0 1 185
274.12337752235436 394.42542256128104 -3 -16 11.0 1 186
529.4413240969869 636.9492426998213 -17 -8 13.0 1 187
580.1250452141609 357.8103319923407 17 -2 13.0 1 188
315.76216016771605 568.0713727569049 12 -2 11.0 1 189
207.9268238061694 531.8972895355083 12 19 13.0 1 190
693.0 400.0 -3 6 12.0 1 191
316.8200681174788 280.0120883921254 19 -5 10.0 1 192
106.30003334526032 260.8406324137509 4 -14 10.0 1 193
463.75829742766246 161.37083265215517 -10 -17 12.0 1 194
570.2794410209909 375.7324915663171 -8 10 12.0 1 195
341.86016704771026 236.00073224468397 9 2 13.0 1 196
311.0199368137812 293.2126020760103 9 1 10.0 1 197
643.4342076977625 159.7838753901757 -15 -11 12.0 1 198
203.06945117462905 394.76942265727854 -12 19 12.0 1 199
164.96195245087333 540.8300969405847 -1 8 10.0 1 200
702.3896508581863 553.2367418534609 16 -16 12.0 1 201
613.9674216042565 261.28106656974927 13 1 12.0 1 202
479.66588707178335 237.47508979523826 8 10 10.0 1 203
224.86947982293 326.3162100424464 1 0 13.0 1 204
262.72349845662006 528.4490643173799 -1 -4 13.0 1 205
192.38213389619816 376.0037154020918 -15 -2 11.0 1 206
728.9484485450904 405.82393335968106 -14 -14 12.0 1 207
477.6949386033386 536.4276237256349 -8 7 12.0 1 208
89.43360367172852 210.14607333091317 -4 11 13.0 1 209
177.97146392683368 370.34651505797876 21 1 11.0 1 210
216.32693045945547 709.619449527245 13 21 12.0 1 211
608.5625477080163 110.2575907921979 -3 -6 12.0 1 212
309.6402061753215 546.3526824488079 -5 17 10.0 1 213
326.88099933903766 507.48772833371345 -6 -1 12.0 1 214
671.1225921646158 579.2136714035494 0 -6 12.0 1 215
400.7346658660164 234.00162571258323 8 -9 12.0 1 216
463.5694256040597 177.91909553415016 -15 -4 11.0 1 217
257.4401938361863 488.885891268164 -12 -12 13.0 1 218
605.481485673444 144.34132315637282 20 -12 11.0 1 219
