400 400 7.071067811865475 -7.0710678118654755 5 2 -1 10 187
742.842712474619 57.15728752538092
800.0 400.0 0 0 24.0 1 0
799.4518139018296 420.9343824971775 0 0 24.0 1 1
797.8087581473094 441.8113853070614 0 0 24.0 1 2
795.0753362380551 462.57378601609236 0 0 24.0 1 3
791.2590402935223 483.16467632710373 0 0 24.0 1 4
786.3703305156273 503.5276180410083 0 0 24.0 1 5
780.4226065180615 523.6067977499789 0 0 24.0 1 6
773.4321705988807 543.3471798181201 0 0 24.0 1 7
765.4181830570403 562.6946572303201 0 0 24.0 1 8
756.4026096753471 581.5961998958187 0 0 24.0 1 9
746.4101615137755 600.0 0 0 24.0 1 10
735.4682271781696 617.8556140060108 0 0 24.0 1 11
723.606797749979 635.1141009169893 0 0 24.0 1 12
710.8583845827884 651.728156419935 0 0 24.0 1 13
697.2579301909577 667.6522425435433 0 0 24.0 1 14
682.842712474619 682.842712474619 0 0 24.0 1 15
667.6522425435433 697.2579301909577 0 0 24.0 1 16
651.728156419935 710.8583845827884 0 0 24.0 1 17
635.1141009169893 723.606797749979 0 0 24.0 1 18
617.8556140060108 735.4682271781696 0 0 24.0 1 19
600.0 746.4101615137754 0 0 24.0 1 20
581.5961998958187 756.4026096753471 0 0 24.0 1 21
562.6946572303201 765.4181830570403 0 0 24.0 1 22
543.3471798181201 773.4321705988807 0 0 24.0 1 23
523.606797749979 780.4226065180615 0 0 24.0 1 24
503.5276180410083 786.3703305156273 0 0 24.0 1 25
483.1646763271038 791.2590402935223 0 0 24.0 1 26
462.57378601609236 795.0753362380551 0 0 24.0 1 27
441.8113853070614 797.8087581473094 0 0 24.0 1 28
420.9343824971776 799.4518139018296 0 0 24.0 1 29
400.0 800.0 0 0 24.0 1 30
379.0656175028225 799.4518139018296 0 0 24.0 1 31
358.1886146929386 797.8087581473094 0 0 24.0 1 32
337.4262139839077 795.0753362380551 0 0 24.0 1 33
316.83532367289627 791.2590402935223 0 0 24.0 1 34
296.47238195899166 786.3703305156273 0 0 24.0 1 35
276.3932022500211 780.4226065180615 0 0 24.0 1 36
256.65282018187986 773.4321705988807 0 0 24.0 1 37
237.3053427696799 765.4181830570403 0 0 24.0 1 38
218.4038001041813 756.4026096753471 0 0 24.0 1 39
200.00000000000009 746.4101615137755 0 0 24.0 1 40
182.14438599398918 735.4682271781696 0 0 24.0 1 41
164.8858990830108 723.606797749979 0 0 24.0 1 42
148.27184358006508 710.8583845827884 0 0 24.0 1 43
132.3477574564567 697.2579301909577 0 0 24.0 1 44
117.15728752538104 682.842712474619 0 0 24.0 1 45
102.74206980904233 667.6522425435434 0 0 24.0 1 46
89.14161541721165 651.728156419935 0 0 24.0 1 47
76.39320225002109 635.1141009169893 0 0 24.0 1 48
64.53177282183043 617.8556140060109 0 0 24.0 1 49
53.589838486224494 600.0 0 0 24.0 1 50
43.597390324652906 581.5961998958187 0 0 24.0 1 51
34.58181694295968 562.6946572303202 0 0 24.0 1 52
26.567829401119297 543.3471798181201 0 0 24.0 1 53
19.5773934819386 523.606797749979 0 0 24.0 1 54
13.629669484372698 503.5276180410084 0 0 24.0 1 55
8.740959706477724 483.16467632710373 0 0 24.0 1 56
4.924663761944942 462.5737860160924 0 0 24.0 1 57
2.1912418526906663 441.81138530706147 0 0 24.0 1 58
0.5481860981704472 420.9343824971775 0 0 24.0 1 59
0.0 400.00000000000006 0 0 24.0 1 60
0.5481860981704472 379.0656175028226 0 0 24.0 1 61
2.1912418526906663 358.1886146929386 0 0 24.0 1 62
4.924663761944885 337.4262139839077 0 0 24.0 1 63
8.740959706477781 316.8353236728962 0 0 24.0 1 64
13.629669484372698 296.47238195899166 0 0 24.0 1 65
19.577393481938543 276.3932022500211 0 0 24.0 1 66
26.567829401119297 256.65282018187986 0 0 24.0 1 67
34.58181694295968 237.30534276967992 0 0 24.0 1 68
43.59739032465285 218.40380010418136 0 0 24.0 1 69
53.58983848622455 199.99999999999994 0 0 24.0 1 70
64.53177282183037 182.14438599398918 0 0 24.0 1 71
76.39320225002103 164.8858990830108 0 0 24.0 1 72
89.14161541721171 148.27184358006497 0 0 24.0 1 73
102.74206980904228 132.3477574564567 0 0 24.0 1 74
117.15728752538092 117.15728752538104 0 0 24.0 1 75
132.34775745645675 102.74206980904228 0 0 24.0 1 76
148.27184358006485 89.14161541721177 0 0 24.0 1 77
164.8858990830107 76.39320225002109 0 0 24.0 1 78
182.1443859939892 64.53177282183032 0 0 24.0 1 79
199.99999999999983 53.58983848622461 0 0 24.0 1 80
218.40380010418124 43.597390324652906 0 0 24.0 1 81
237.30534276967995 34.58181694295962 0 0 24.0 1 82
256.65282018187975 26.567829401119354 0 0 24.0 1 83
276.393202250021 19.5773934819386 0 0 24.0 1 84
296.4723819589917 13.629669484372698 0 0 24.0 1 85
316.8353236728961 8.740959706477781 0 0 24.0 1 86
337.4262139839076 4.924663761944942 0 0 24.0 1 87
358.18861469293864 2.1912418526906663 0 0 24.0 1 88
379.0656175028223 0.5481860981704472 0 0 24.0 1 89
399.99999999999994 0.0 0 0 24.0 1 90
420.9343824971776 0.5481860981704472 0 0 24.0 1 91
441.8113853070612 2.1912418526906663 0 0 24.0 1 92
462.5737860160923 4.924663761944885 0 0 24.0 1 93
483.1646763271038 8.740959706477781 0 0 24.0 1 94
503.5276180410081 13.629669484372641 0 0 24.0 1 95
523.6067977499789 19.577393481938543 0 0 24.0 1 96
543.3471798181201 26.567829401119297 0 0 24.0 1 97
562.6946572303199 34.58181694295956 0 0 24.0 1 98
581.5961998958187 43.59739032465279 0 0 24.0 1 99
756.4026096753471 218.40380010418122 0 0 24.0 1 100
765.4181830570403 237.30534276967995 0 0 24.0 1 101
773.4321705988806 256.6528201818797 0 0 24.0 1 102
780.4226065180615 276.3932022500209 0 0 24.0 1 103
786.3703305156273 296.4723819589917 0 0 24.0 1 104
791.2590402935223 316.83532367289604 0 0 24.0 1 105
795.0753362380551 337.4262139839076 0 0 24.0 1 106
797.8087581473094 358.18861469293864 0 0 24.0 1 107
799.4518139018296 379.06561750282225 0 0 24.0 1 108
800.0 399.9999999999999 0 0 24.0 1 109
202.5515328847583 261.8149688503081 0 0 12.0 1 110
106.6051487604588 360.8150377551862 0 0 13.0 1 111
147.72627381697356 516.7988316625273 0 0 11.0 1 112
678.8449111244349 467.930225525947 0 0 13.0 1 113
593.1633921208497 653.8678867922582 0 0 11.0 1 114
650.6394060384416 289.2936851814802 0 0 10.0 1 115
219.0415337211203 342.08598199057883 0 0 10.0 1 116
424.5868246687646 272.34621802426915 0 0 12.0 1 117
317.72674197814797 191.65626715816535 0 0 12.0 1 118
380.961299271676 686.3678192021187 0 0 11.0 1 119
616.8322143957234 674.7431360384587 0 0 11.0 1 120
134.6365172933186 327.83891598804246 0 0 12.0 1 121
279.1814310614485 621.1489846226757 0 0 11.0 1 122
602.1487818841758 139.16313530725012 0 0 12.0 1 123
635.3034906081255 672.4559915062098 0 0 12.0 1 124
337.77032720298683 580.5781487987311 0 0 13.0 1 125
248.90974951199422 370.2050976260758 0 0 10.0 1 126
746.2729712645953 490.8792020849038 0 0 13.0 1 127
521.1224837880502 447.2159286789269 0 0 13.0 1 128
427.934671887659 100.29905888281093 0 0 12.0 1 129
541.1276407523396 343.5465765814103 0 0 11.0 1 130
423.8129055462164 529.8343002809619 0 0 12.0 1 131
153.08707837631155 393.4418649560802 0 0 11.0 1 132
659.3633671355662 277.1193921397624 0 0 10.0 1 133
443.15478593160253 195.50387668418367 0 0 13.0 1 134
182.76351178717587 665.437955441492 0 0 12.0 1 135
540.845767198733 112.66314217942681 0 0 13.0 1 136
217.92590916893252 603.4158928108623 0 0 11.0 1 137
214.39022909140323 672.853464231734 0 0 11.0 1 138
126.64975631754686 239.47385172893638 0 0 12.0 1 139
713.9756837346697 308.63113208895123 0 0 13.0 1 140
272.6266129671942 296.69452930366634 0 0 11.0 1 141
331.7720189095311 183.49609103686228 0 0 11.0 1 142
592.8966967429639 209.65330476823866 0 0 11.0 1 143
660.9664899592681 188.3576339237835 0 0 10.0 1 144
352.61420993700665 128.0982035732277 0 0 13.0 1 145
632.7572687636501 170.3196703292031 0 0 10.0 1 146
605.8504849761132 288.7274614511783 0 0 10.0 1 147
558.1548839319173 666.6215158018605 0 0 10.0 1 148
467.3279491225502 705.6729416663361 0 0 10.0 1 149
261.15901530604765 151.10608490922544 0 0 13.0 1 150
568.5194443612884 227.71478045937133 0 0 12.0 1 151
672.0420969765494 291.1785982786396 0 0 12.0 1 152
371.0236312552138 743.7809914093073 0 0 11.0 1 153
215.39774489927598 143.52776483266808 0 0 11.0 1 154
568.079747877417 98.71243246117183 -17 8 11.0 1 155
239.58964542575708 720.0508055689997 -5 -2 12.0 1 156
577.4321753217412 566.0325966808774 -3 10 11.0 1 157
151.40813476794963 426.49687793778924 10 -16 10.0 1 158
514.9089700507071 246.18215772581618 -17 17 13.0 1 159
418.97483270365774 625.2020331255209 18 16 12.0 1 160
286.05430757448244 263.2506702843873 20 17 11.0 1 161
566.031274207673 207.77717100984995 1 -16 12.0 1 162
653.2102818337607 580.5700782900298 7 -12 10.0 1 163
332.5957862192605 558.2424467853059 -10 20 13.0 1 164
670.3018685998943 455.7933672707204 21 -17 10.0 1 165
282.7232838905263 304.88337759057083 -12 2 11.0 1 166
194.8273658220136 499.4393794452991 19 8 11.0 1 167
254.6091938113727 453.7262829146128 15 -4 10.0 1 168
263.9953008825322 546.6380640146584 8 17 10.0 1 169
527.0628963467256 435.76339430173385 -3 4 10.0 1 170
624.6596407547826 283.6511890222679 -11 2 13.0 1 171
475.3741815744026 117.89588313534136 4 4 11.0 1 172
374.0751655814783 251.24213311433834 5 -15 13.0 1 173
575.5216234163584 288.39283305590953 -5 0 11.0 1 174
699.1394688325552 318.6637953517821 10 8 13.0 1 175
559.4629696623816 332.91377707416854 12 -4 11.0 1 176
201.72200779881484 702.8693411500524 14 2 11.0 1 177
426.84268981391546 272.80145439686066 -14 17 13.0 1 178
150.46779913122904 320.1396172712192 -7 19 12.0 1 179
330.9806388951288 688.8690495582305 4 -16 11.0 1 180
413.1105757796003 172.3772577207467 -13 -9 12.0 1 181
229.00669868651704 398.48642611134096 7 -8 11.0 1 182
604.6244593685226 557.1395259892936 10 19 12.0 1 183
427.5859770530069 34.03823441508132 -14 -15 13.0 1 184
288.2751591597175 66.2013182482388 -3 21 11.0 1 185
437.19252335253077 669.4452007490047 22 22 13.0 1 186
325.9337418339549 573.8826886187373 -3 -2 10.0 1 187
67.87203436188742 536.2791783108803 -7 -12 11.0 1 188
518.1571768216352 307.59393112170153 -11 14 10.0 1 189
546.4991079321553 705.7106661127195 8 -8 12.0 1 190
759.0978113177748 425.4708049889243 -3 13 12.0 1 191
413.3640955210063 256.62147667483316 4 12 11.0 1 192
221.83657074781516 712.8223017578857 -14 -15 12.0 1 193
438.80397003895285 562.4292212294821 -16 -6 13.0 1 194
378.7806084480464 576.7306917945066 2 9 11.0 1 195
587.7349336187183 409.97971438345894 -14 -4 12.0 1 196
721.7190198615385 247.57666760193524 18 -7 11.0 1 197
353.86574655564584 566.735211215664 -2 7 11.0 1 198
473.3829682693005 243.3349433728541 19 -17 12.0 1 199
167.6903816444073 507.55575865326256 17 17 10.0 1 200
473.01945650143335 105.93001007883299 13 -4 12.0 1 201
664.6103572855261 581.7205514443159 -11 7 11.0 1 202
280.1263927085233 504.45725573136997 4 -2 11.0 1 203
385.0498735171828 577.3710622343672 -15 11 13.0 1 204
355.68746628610324 720.9554476182867 6 -13 10.0 1 205
181.02052822267387 228.73415127316468 3 19 11.0 1 206
374.7911531434013 204.6195658717062 14 -4 12.0 1 207
190.15113308650095 324.5516530656863 9 9 11.0 1 208
413.85766637681235 52.2760217031489 -15 13 11.0 1 209
479.99287970798116 689.1386158852263 -9 -1 11.0 1 210
218.0775190332187 427.57192265495996 11 -12 11.0 1 211
686.9671154363036 511.8654310239191 -2 5 10.0 1 212
250.4664310698667 712.018768286488 -13 3 12.0 1 213
476.7925809480844 748.642939855853 -9 9 12.0 1 214
171.8048094089578 322.4890008378301 6 -12 12.0 1 215
207.04730455872863 151.01353988229005 1 2 11.0 1 216
329.86526788517256 653.476072541732 3 18 10.0 1 217
241.45386696232364 310.6292905992157 -4 -9 10.0 1 218
136.14301308968197 338.18988384893396 -8 2 11.0 1 219
