400 400 7.071067811865475 -7.0710678118654755 5 2 -1 10 187
742.842712474619 57.15728752538092
800.0 400.0 0 0 24.0 1 0
799.4518139018296 420.9343824971775 0 0 24.0 1 1
797.8087581473094 441.8113853070614 0 0 24.0 1 2
795.0753362380551 462.57378601609236 0 0 24.0 1 3
791.2590402935223 483.16467632710373 0 0 24.0 1 4
786.3703305156273 503.5276180410083 0 0 24.0 1 5
780.4226065180615 523.6067977499789 0 0 24.0 1 6
773.4321705988807 543.3471798181201 0 0 24.0 1 7
765.4181830570403 562.6946572303201 0 0 24.0 1 8
756.4026096753471 581.5961998958187 0 0 24.0 1 9
746.4101615137755 600.0 0 0 24.0 1 10
735.4682271781696 617.8556140060108 0 0 24.0 1 11
723.606797749979 635.1141009169893 0 0 24.0 1 12
710.8583845827884 651.728156419935 0 0 24.0 1 13
697.2579301909577 667.6522425435433 0 0 24.0 1 14
682.842712474619 682.842712474619 0 0 24.0 1 15
667.6522425435433 697.2579301909577 0 0 24.0 1 16
651.728156419935 710.8583845827884 0 0 24.0 1 17
635.1141009169893 723.606797749979 0 0 24.0 1 18
617.8556140060108 735.4682271781696 0 0 24.0 1 19
600.0 746.4101615137754 0 0 24.0 1 20
581.5961998958187 756.4026096753471 0 0 24.0 1 21
562.6946572303201 765.4181830570403 0 0 24.0 1 22
543.3471798181201 773.4321705988807 0 0 24.0 1 23
523.606797749979 780.4226065180615 0 0 24.0 1 24
503.5276180410083 786.3703305156273 0 0 24.0 1 25
483.1646763271038 791.2590402935223 0 0 24.0 1 26
462.57378601609236 795.0753362380551 0 0 24.0 1 27
441.8113853070614 797.8087581473094 0 0 24.0 1 28
420.9343824971776 799.4518139018296 0 0 24.0 1 29
400.0 800.0 0 0 24.0 1 30
379.0656175028225 799.4518139018296 0 0 24.0 1 31
358.1886146929386 797.8087581473094 0 0 24.0 1 32
337.4262139839077 795.0753362380551 0 0 24.0 1 33
316.83532367289627 791.2590402935223 0 0 24.0 1 34
296.47238195899166 786.3703305156273 0 0 24.0 1 35
276.3932022500211 780.4226065180615 0 0 24.0 1 36
256.65282018187986 773.4321705988807 0 0 24.0 1 37
237.3053427696799 765.4181830570403 0 0 24.0 1 38
218.4038001041813 756.4026096753471 0 0 24.0 1 39
200.00000000000009 746.4101615137755 0 0 24.0 1 40
182.14438599398918 735.4682271781696 0 0 24.0 1 41
164.8858990830108 723.606797749979 0 0 24.0 1 42
148.27184358006508 710.8583845827884 0 0 24.0 1 43
132.3477574564567 697.2579301909577 0 0 24.0 1 44
117.15728752538104 682.842712474619 0 0 24.0 1 45
102.74206980904233 667.6522425435434 0 0 24.0 1 46
89.14161541721165 651.728156419935 0 0 24.0 1 47
76.39320225002109 635.1141009169893 0 0 24.0 1 48
64.53177282183043 617.8556140060109 0 0 24.0 1 49
53.589838486224494 600.0 0 0 24.0 1 50
43.597390324652906 581.5961998958187 0 0 24.0 1 51
34.58181694295968 562.6946572303202 0 0 24.0 1 52
26.567829401119297 543.3471798181201 0 0 24.0 1 53
19.5773934819386 523.606797749979 0 0 24.0 1 54
13.629669484372698 503.5276180410084 0 0 24.0 1 55
8.740959706477724 483.16467632710373 0 0 24.0 1 56
4.924663761944942 462.5737860160924 0 0 24.0 1 57
2.1912418526906663 441.81138530706147 0 0 24.0 1 58
0.5481860981704472 420.9343824971775 0 0 24.0 1 59
0.0 400.00000000000006 0 0 24.0 1 60
0.5481860981704472 379.0656175028226 0 0 24.0 1 61
2.1912418526906663 358.1886146929386 0 0 24.0 1 62
4.924663761944885 337.4262139839077 0 0 24.0 1 63
8.740959706477781 316.8353236728962 0 0 24.0 1 64
13.629669484372698 296.47238195899166 0 0 24.0 1 65
19.577393481938543 276.3932022500211 0 0 24.0 1 66
26.567829401119297 256.65282018187986 0 0 24.0 1 67
34.58181694295968 237.30534276967992 0 0 24.0 1 68
43.59739032465285 218.40380010418136 0 0 24.0 1 69
53.58983848622455 199.99999999999994 0 0 24.0 1 70
64.53177282183037 182.14438599398918 0 0 24.0 1 71
76.39320225002103 164.8858990830108 0 0 24.0 1 72
89.14161541721171 148.27184358006497 0 0 24.0 1 73
102.74206980904228 132.3477574564567 0 0 24.0 1 74
117.15728752538092 117.15728752538104 0 0 24.0 1 75
132.34775745645675 102.74206980904228 0 0 24.0 1 76
148.27184358006485 89.14161541721177 0 0 24.0 1 77
164.8858990830107 76.39320225002109 0 0 24.0 1 78
182.1443859939892 64.53177282183032 0 0 24.0 1 79
199.99999999999983 53.58983848622461 0 0 24.0 1 80
218.40380010418124 43.597390324652906 0 0 24.0 1 81
237.30534276967995 34.58181694295962 0 0 24.0 1 82
256.65282018187975 26.567829401119354 0 0 24.0 1 83
276.393202250021 19.5773934819386 0 0 24.0 1 84
296.4723819589917 13.629669484372698 0 0 24.0 1 85
316.8353236728961 8.740959706477781 0 0 24.0 1 86
337.4262139839076 4.924663761944942 0 0 24.0 1 87
358.18861469293864 2.1912418526906663 0 0 24.0 1 88
379.0656175028223 0.5481860981704472 0 0 24.0 1 89
399.99999999999994 0.0 0 0 24.0 1 90
420.9343824971776 0.5481860981704472 0 0 24.0 1 91
441.8113853070612 2.1912418526906663 0 0 24.0 1 92
462.5737860160923 4.924663761944885 0 0 24.0 1 93
483.1646763271038 8.740959706477781 0 0 24.0 1 94
503.5276180410081 13.629669484372641 0 0 24.0 1 95
523.6067977499789 19.577393481938543 0 0 24.0 1 96
543.3471798181201 26.567829401119297 0 0 24.0 1 97
562.6946572303199 34.58181694295956 0 0 24.0 1 98
581.5961998958187 43.59739032465279 0 0 24.0 1 99
756.4026096753471 218.40380010418122 0 0 24.0 1 100
765.4181830570403 237.30534276967995 0 0 24.0 1 101
773.4321705988806 256.6528201818797 0 0 24.0 1 102
780.4226065180615 276.3932022500209 0 0 24.0 1 103
786.3703305156273 296.4723819589917 0 0 24.0 1 104
791.2590402935223 316.83532367289604 0 0 24.0 1 105
795.0753362380551 337.4262139839076 0 0 24.0 1 106
797.8087581473094 358.18861469293864 0 0 24.0 1 107
799.4518139018296 379.06561750282225 0 0 24.0 1 108
800.0 399.9999999999999 0 0 24.0 1 109
547.8380887790893 517.7493078796904 0 0 10.0 1 110
134.1126722105115 342.6595350475331 0 0 11.0 1 111
313.00925992413556 167.7574303856991 0 0 12.0 1 112
232.14322255878014 682.9577747068435 0 0 13.0 1 113
564.3112118596613 651.0016447300884 0 0 11.0 1 114
560.9682117953371 223.33581350083574 0 0 12.0 1 115
141.92583968180236 212.49339271359733 0 0 10.0 1 116
369.09233997660647 529.358867310588 0 0 10.0 1 117
496.3099794890513 240.87618704034733 0 0 10.0 1 118
617.4720749660568 223.63136160315292 0 0 12.0 1 119
535.3642082521042 146.9278144001578 0 0 12.0 1 120
647.0783849052787 325.7283922848106 0 0 10.0 1 121
280.100942761362 220.33304123104384 0 0 13.0 1 122
444.49514451013175 536.9532114082123 0 0 11.0 1 123
222.84306028229716 382.6962804617561 0 0 11.0 1 124
613.4667951120301 582.7373179856772 0 0 11.0 1 125
431.24806870926886 118.73045276471748 0 0 12.0 1 126
214.26988132351906 359.94599874643853 0 0 11.0 1 127
183.16722553797234 326.3484696757804 0 0 10.0 1 128
379.90970072849746 244.29072000943083 0 0 10.0 1 129
354.6160431688328 164.33011125231388 0 0 10.0 1 130
456.38451965692565 741.374846675993 0 0 10.0 1 131
703.7134188070397 494.24520802958455 0 0 13.0 1 132
232.05922739765322 395.5394061239736 0 0 12.0 1 133
44.59269372044008 450.6620828934923 0 0 10.0 1 134
432.29656417576524 53.50190196418009 0 0 12.0 1 135
612.2202270106512 306.2632662850489 0 0 11.0 1 136
432.2385530265051 193.50139056459187 0 0 12.0 1 137
462.87946278259716 126.12562522175978 0 0 12.0 1 138
186.03676008550462 261.27461672321067 0 0 13.0 1 139
455.9823084765717 109.34215796295126 0 0 11.0 1 140
363.69283453506625 211.4640890018511 0 0 11.0 1 141
515.4695831210981 498.847232504708 0 0 13.0 1 142
529.8174545501339 530.3971951160144 0 0 10.0 1 143
361.87899114214326 659.211860615326 0 0 13.0 1 144
375.2769790975687 258.13819316864056 0 0 12.0 1 145
646.5070723026363 435.14631281916843 0 0 13.0 1 146
478.3438343508803 522.013292797145 0 0 11.0 1 147
681.4050871510501 430.0029486135932 0 0 10.0 1 148
154.53550409004052 469.0809760185066 0 0 11.0 1 149
111.21824010593002 481.27173649236073 0 0 10.0 1 150
209.10583884708998 266.40202382623147 0 0 10.0 1 151
217.56924595122422 346.9055560609674 0 0 13.0 1 152
65.35914571123357 475.2628636239986 0 0 12.0 1 153
427.30250663010236 225.11840253556346 0 0 13.0 1 154
247.1975326740627 459.5601039212145 10 14 11.0 1 155
270.67281020656355 445.20484465333845 2 -11 12.0 1 156
530.4689516686354 369.4409972268846 12 -5 12.0 1 157
206.44966580029882 358.2595144831307 11 4 10.0 1 158
267.94626379285216 547.532405774911 3 -13 12.0 1 159
221.44026116688852 672.7497381627543 -17 -15 10.0 1 160
111.99059498441846 230.86519393522005 -7 20 11.0 1 161
211.4001977729094 705.4686802274537 3 0 10.0 1 162
720.5474132532372 417.0398314738847 21 0 11.0 1 163
478.6569325962514 228.1451573142358 -12 14 10.0 1 164
432.5434579334644 635.7645506553791 -14 -2 10.0 1 165
493.8921833883279 82.5960650865012 2 -5 12.0 1 166
111.99059498441846 230.86519393522005 16 16 13.0 1 167
208.48438352177126 450.2570258268832 -4 -9 12.0 1 168
720.508726331456 524.9406112734681 8 14 12.0 1 169
622.930870729107 155.33118940910725 14 -17 12.0 1 170
160.3477092313779 299.1695505844003 -9 3 12.0 1 171
274.01033732264943 585.2096242057831 -6 12 13.0 1 172
603.937577888928 429.07686923995465 14 3 10.0 1 173
442.7401330657511 213.8433965030467 4 9 13.0 1 174
490.96960129014315 278.22754153293783 10 -16 12.0 1 175
709.2723952404639 469.5671297541182 -8 -16 13.0 1 176
385.1089355847529 705.6374587654153 6 20 11.0 1 177
369.6621810965649 74.4103552872383 -12 6 13.0 1 178
476.7532232542022 65.69782722798436 5 7 11.0 1 179
232.09394947562245 720.7047835585013 11 21 12.0 1 180
133.7570995561514 589.8518316036138 0 15 13.0 1 181
620.3204515686134 637.5603052292245 -1 -2 12.0 1 182
386.03354415955584 686.6599694956674 11 -16 13.0 1 183
559.9497375017887 374.3079492233712 -3 -3 11.0 1 184
480.0366079439726 288.810335962272 -5 18 11.0 1 185
521.4757414331605 685.2080718410051 9 -7 10.0 1 186
326.002716727155 230.44351363560776 -3 13 12.0 1 187
382.2172538893605 574.0941525174368 2 -16 10.0 1 188
553.7555886452368 201.60589988521144 -9 20 12.0 1 189
298.7733303852434 193.4735819351313 0 5 12.0 1 190
332.6532078351337 513.5271314933232 -2 1 10.0 1 191
181.44478811645058 480.7627349619663 16 18 12.0 1 192
436.3964369931191 263.77849151398334 -5 -6 12.0 1 193
291.75214344055456 243.85134790756044 0 21 13.0 1 194
579.2293344734228 619.0110628808826 -16 -7 11.0 1 195
107.59634758221398 360.94741938439165 -5 19 11.0 1 196
298.8571943638665 278.61576351086063 -8 -17 11.0 1 197
627.5001775357077 479.5277889873815 5 15 11.0 1 198
259.3048845354406 680.7149523705752 21 -9 11.0 1 199
105.04606666708048 405.21317671287443 -16 -2 10.0 1 200
292.0793539895064 309.2578699573471 -12 -12 12.0 1 201
154.72865076344638 337.94385410226846 17 8 13.0 1 202
388.2756241070762 196.33719286545855 12 -3 11.0 1 203
190.59837377432575 347.01925883830035 11 10 11.0 1 204
259.06107772554515 471.41582589395136 -15 -13 10.0 1 205
248.99919136446968 701.276875633388 15 15 10.0 1 206
318.39837252039086 694.9189285086311 -16 7 12.0 1 207
606.8978661706448 495.7980843964741 11 -17 13.0 1 208
466.1588989829044 521.107390713242 18 -14 10.0 1 209
716.7550843372074 428.110790571035 19 2 10.0 1 210
659.5290733089189 427.6705639157167 16 20 12.0 1 211
253.61275203668143 362.96253742862666 -12 -5 11.0 1 212
635.4335199941784 372.7959991333846 -17 9 13.0 1 213
238.4780417085431 234.85867570564645 17 13 10.0 1 214
326.52233615674277 285.55773107746734 4 17 10.0 1 215
536.6418281508655 501.13857226394543 20 10 13.0 1 216
440.478221741856 524.5893798227487 3 18 13.0 1 217
548.9732483628687 193.04113628014136 6 -12 12.0 1 218
643.6552850281287 601.2165551783983 -4 11 12.0 1 219
