400 400 -7.071067811865475 7.0710678118654755 5 2 -1 10 187
57.15728752538104 742.842712474619
800.0 400.0 0 0 24.0 1 0
799.4518139018296 420.9343824971775 0 0 24.0 1 1
797.8087581473094 441.8113853070614 0 0 24.0 1 2
795.0753362380551 462.57378601609236 0 0 24.0 1 3
791.2590402935223 483.16467632710373 0 0 24.0 1 4
786.3703305156273 503.5276180410083 0 0 24.0 1 5
780.4226065180615 523.6067977499789 0 0 24.0 1 6
773.4321705988807 543.3471798181201 0 0 24.0 1 7
765.4181830570403 562.6946572303201 0 0 24.0 1 8
756.4026096753471 581.5961998958187 0 0 24.0 1 9
746.4101615137755 600.0 0 0 24.0 1 10
735.4682271781696 617.8556140060108 0 0 24.0 1 11
723.606797749979 635.1141009169893 0 0 24.0 1 12
710.8583845827884 651.728156419935 0 0 24.0 1 13
697.2579301909577 667.6522425435433 0 0 24.0 1 14
682.842712474619 682.842712474619 0 0 24.0 1 15
667.6522425435433 697.2579301909577 0 0 24.0 1 16
651.728156419935 710.8583845827884 0 0 24.0 1 17
635.1141009169893 723.606797749979 0 0 24.0 1 18
617.8556140060108 735.4682271781696 0 0 24.0 1 19
600.0 746.4101615137754 0 0 24.0 1 20
581.5961998958187 756.4026096753471 0 0 24.0 1 21
562.6946572303201 765.4181830570403 0 0 24.0 1 22
543.3471798181201 773.4321705988807 0 0 24.0 1 23
523.606797749979 780.4226065180615 0 0 24.0 1 24
503.5276180410083 786.3703305156273 0 0 24.0 1 25
483.1646763271038 791.2590402935223 0 0 24.0 1 26
462.57378601609236 795.0753362380551 0 0 24.0 1 27
441.8113853070614 797.8087581473094 0 0 24.0 1 28
420.9343824971776 799.4518139018296 0 0 24.0 1 29
400.0 800.0 0 0 24.0 1 30
379.0656175028225 799.4518139018296 0 0 24.0 1 31
358.1886146929386 797.8087581473094 0 0 24.0 1 32
337.4262139839077 795.0753362380551 0 0 24.0 1 33
316.83532367289627 791.2590402935223 0 0 24.0 1 34
296.47238195899166 786.3703305156273 0 0 24.0 1 35
276.3932022500211 780.4226065180615 0 0 24.0 1 36
256.65282018187986 773.4321705988807 0 0 24.0 1 37
237.3053427696799 765.4181830570403 0 0 24.0 1 38
218.4038001041813 756.4026096753471 0 0 24.0 1 39
43.597390324652906 581.5961998958187 0 0 24.0 1 40
34.58181694295968 562.6946572303202 0 0 24.0 1 41
26.567829401119297 543.3471798181201 0 0 24.0 1 42
19.5773934819386 523.606797749979 0 0 24.0 1 43
13.629669484372698 503.5276180410084 0 0 24.0 1 44
8.740959706477724 483.16467632710373 0 0 24.0 1 45
4.924663761944942 462.5737860160924 0 0 24.0 1 46
2.1912418526906663 441.81138530706147 0 0 24.0 1 47
0.5481860981704472 420.9343824971775 0 0 24.0 1 48
0.0 400.00000000000006 0 0 24.0 1 49
0.5481860981704472 379.0656175028226 0 0 24.0 1 50
2.1912418526906663 358.1886146929386 0 0 24.0 1 51
4.924663761944885 337.4262139839077 0 0 24.0 1 52
8.740959706477781 316.8353236728962 0 0 24.0 1 53
13.629669484372698 296.47238195899166 0 0 24.0 1 54
19.577393481938543 276.3932022500211 0 0 24.0 1 55
26.567829401119297 256.65282018187986 0 0 24.0 1 56
34.58181694295968 237.30534276967992 0 0 24.0 1 57
43.59739032465285 218.40380010418136 0 0 24.0 1 58
53.58983848622455 199.99999999999994 0 0 24.0 1 59
64.53177282183037 182.14438599398918 0 0 24.0 1 60
76.39320225002103 164.8858990830108 0 0 24.0 1 61
89.14161541721171 148.27184358006497 0 0 24.0 1 62
102.74206980904228 132.3477574564567 0 0 24.0 1 63
117.15728752538092 117.15728752538104 0 0 24.0 1 64
132.34775745645675 102.74206980904228 0 0 24.0 1 65
148.27184358006485 89.14161541721177 0 0 24.0 1 66
164.8858990830107 76.39320225002109 0 0 24.0 1 67
182.1443859939892 64.53177282183032 0 0 24.0 1 68
199.99999999999983 53.58983848622461 0 0 24.0 1 69
218.40380010418124 43.597390324652906 0 0 24.0 1 70
237.30534276967995 34.58181694295962 0 0 24.0 1 71
256.65282018187975 26.567829401119354 0 0 24.0 1 72
276.393202250021 19.5773934819386 0 0 24.0 1 73
296.4723819589917 13.629669484372698 0 0 24.0 1 74
316.8353236728961 8.740959706477781 0 0 24.0 1 75
337.4262139839076 4.924663761944942 0 0 24.0 1 76
358.18861469293864 2.1912418526906663 0 0 24.0 1 77
379.0656175028223 0.5481860981704472 0 0 24.0 1 78
399.99999999999994 0.0 0 0 24.0 1 79
420.9343824971776 0.5481860981704472 0 0 24.0 1 80
441.8113853070612 2.1912418526906663 0 0 24.0 1 81
462.5737860160923 4.924663761944885 0 0 24.0 1 82
483.1646763271038 8.740959706477781 0 0 24.0 1 83
503.5276180410081 13.629669484372641 0 0 24.0 1 84
523.6067977499789 19.577393481938543 0 0 24.0 1 85
543.3471798181201 26.567829401119297 0 0 24.0 1 86
562.6946572303199 34.58181694295956 0 0 24.0 1 87
581.5961998958187 43.59739032465279 0 0 24.0 1 88
600.0 53.58983848622455 0 0 24.0 1 89
617.8556140060107 64.53177282183032 0 0 24.0 1 90
635.1141009169892 76.39320225002098 0 0 24.0 1 91
651.728156419935 89.14161541721171 0 0 24.0 1 92
667.6522425435431 102.74206980904216 0 0 24.0 1 93
682.842712474619 117.15728752538092 0 0 24.0 1 94
697.2579301909577 132.34775745645675 0 0 24.0 1 95
710.8583845827882 148.27184358006485 0 0 24.0 1 96
723.6067977499789 164.88589908301066 0 0 24.0 1 97
735.4682271781696 182.1443859939892 0 0 24.0 1 98
746.4101615137754 199.99999999999983 0 0 24.0 1 99
756.4026096753471 218.40380010418122 0 0 24.0 1 100
765.4181830570403 237.30534276967995 0 0 24.0 1 101
773.4321705988806 256.6528201818797 0 0 24.0 1 102
780.4226065180615 276.3932022500209 0 0 24.0 1 103
786.3703305156273 296.4723819589917 0 0 24.0 1 104
791.2590402935223 316.83532367289604 0 0 24.0 1 105
795.0753362380551 337.4262139839076 0 0 24.0 1 106
797.8087581473094 358.18861469293864 0 0 24.0 1 107
799.4518139018296 379.06561750282225 0 0 24.0 1 108
800.0 399.9999999999999 0 0 24.0 1 109
502.7020054135443 545.38327993286 0 0 12.0 1 110
486.60044792493056 603.3257544414907 0 0 12.0 1 111
531.0686816461017 490.0111142668107 0 0 13.0 1 112
494.7152823644138 147.15812196823612 0 0 11.0 1 113
133.04169423766268 404.71836671978804 0 0 11.0 1 114
484.3229699716135 302.37501992232535 0 0 10.0 1 115
244.3363227712601 67.6480486116763 0 0 12.0 1 116
394.3211688453782 143.0627491454046 0 0 10.0 1 117
232.48739912337004 377.6275046642786 0 0 11.0 1 118
517.292049303397 69.17742645005393 0 0 10.0 1 119
141.06278054612795 660.0779044469125 0 0 13.0 1 120
517.1589945033078 689.167373690349 0 0 13.0 1 121
96.97789836720358 505.91792068409956 0 0 10.0 1 122
359.2504037551208 601.9293698447042 0 0 10.0 1 123
241.69885657298252 153.44422945366125 0 0 12.0 1 124
721.7765012719908 303.2741853011487 0 0 12.0 1 125
574.5036949401112 429.62195895359685 0 0 12.0 1 126
435.15813995740166 692.8974311849385 0 0 12.0 1 127
549.4818741679089 652.0003359030488 0 0 12.0 1 128
196.77444705557505 241.05543535423197 0 0 10.0 1 129
535.4868960888083 294.0410410195511 0 0 13.0 1 130
283.2287141356134 280.61211620278334 0 0 10.0 1 131
532.3637134450366 561.7431524455988 0 0 10.0 1 132
598.9893467745301 371.6408767722659 0 0 10.0 1 133
131.8405553864506 465.31854456854296 0 0 12.0 1 134
88.00000014175441 399.99059496175187 0 0 12.0 1 135
224.81163951138987 569.8382711561584 0 0 12.0 1 136
535.9909987220819 224.52792738851372 0 0 12.0 1 137
373.33041952404363 593.1676305110059 0 0 12.0 1 138
432.6553571129765 672.0471055751632 0 0 13.0 1 139
292.1334469933589 482.82998697612777 0 0 10.0 1 140
301.61415662636705 655.7268578457472 0 0 11.0 1 141
322.4352952303162 638.7147179668481 0 0 13.0 1 142
342.193234342554 126.03215910580832 0 0 13.0 1 143
494.2346379018745 134.21092381457322 0 0 12.0 1 144
405.05725180992863 273.10073205833305 0 0 10.0 1 145
280.81447606102756 515.5457090652553 0 0 13.0 1 146
708.9515823721366 405.4698948575728 0 0 11.0 1 147
454.7043452997537 179.6901395640102 0 0 13.0 1 148
567.9805474619118 594.5033050474885 0 0 13.0 1 149
464.67497828561557 181.36526537680444 0 0 12.0 1 150
674.4728142512283 382.9801810523518 0 0 11.0 1 151
116.7379187652981 253.2907864700204 0 0 12.0 1 152
214.8408565641302 270.4156969301644 0 0 10.0 1 153
529.402048613836 136.00926187734837 0 0 13.0 1 154
711.353922131341 550.9130053157475 10 17 13.0 1 155
295.70644528202047 741.4262064404076 -6 19 11.0 1 156
382.7523965527378 659.4272926569715 4 -11 11.0 1 157
557.2513401714955 534.6143232136484 14 18 10.0 1 158
742.8698002615575 533.6573981065008 2 6 10.0 1 159
511.18150104705296 461.38138011583123 0 -7 12.0 1 160
611.9347562454465 678.5384337846093 19 3 10.0 1 161
574.7961000518187 613.5938281099774 12 -11 12.0 1 162
541.6753315899723 567.000300655033 7 -11 13.0 1 163
132.89878804287048 282.0129559187427 -5 20 10.0 1 164
158.7083578394897 161.8837606892712 6 -17 13.0 1 165
299.9915244981552 674.3397616602392 3 7 10.0 1 166
624.6798470761856 334.61677342145134 -9 -13 10.0 1 167
304.592044433106 560.8301029488746 13 9 12.0 1 168
608.7445829235857 633.2267118064701 -3 -2 10.0 1 169
429.1139943366314 262.03850053813346 -1 -8 10.0 1 170
156.68583038295174 352.0185987744598 1 12 13.0 1 171
621.9956924454373 285.0308191919643 -8 10 12.0 1 172
465.5596688050261 277.43193798474545 -3 -7 12.0 1 173
185.85316682505083 564.441885908489 -3 -9 10.0 1 174
116.05716193840072 618.0377598342187 12 -4 13.0 1 175
459.3866380460929 91.66701892015777 18 -10 12.0 1 176
593.9581717269148 347.2626544055103 -10 -13 11.0 1 177
323.43147006298756 301.1958491596389 -13 20 10.0 1 178
561.3243394631413 229.12151248099966 12 14 10.0 1 179
311.0912562004508 226.44817697302597 -14 1 10.0 1 180
388.05935145958773 579.6035103009804 -4 7 10.0 1 181
495.88902145422026 95.7529037697285 -4 2 11.0 1 182
575.8205884167863 308.9444088000357 18 16 13.0 1 183
299.298537533997 523.0455828431407 22 11 13.0 1 184
463.5462506173324 239.0935861052171 -3 -13 11.0 1 185
248.1726732199079 418.9066877800193 3 -7 12.0 1 186
452.77643885747165 187.45436372034462 -5 -13 13.0 1 187
330.5114895212274 715.4367558028732 -3 -1 13.0 1 188
482.41800040755845 68.07941731670257 10 2 12.0 1 189
606.972381124687 297.41621253054984 16 22 13.0 1 190
264.0000000617904 399.99590036794314 -2 5 11.0 1 191
535.5949883905399 638.0966172027006 6 -9 11.0 1 192
526.2799239522907 346.873915948908 -7 4 11.0 1 193
78.48964065126876 490.4825332948283 -7 -11 11.0 1 194
563.8991137364009 373.67357759925693 22 2 13.0 1 195
560.2297583808338 595.794342434146 1 21 11.0 1 196
591.1224846904936 153.39060065412738 -1 7 12.0 1 197
369.4822233859544 654.1744780864814 8 -13 10.0 1 198
410.1808727015084 728.8424392182915 8 -14 11.0 1 199
447.95667275176646 206.86492411118073 -6 -4 10.0 1 200
489.5202328481764 257.8376705635129 -3 9 13.0 1 201
336.5018427446299 714.65693068034 3 9 11.0 1 202
67.01442980321491 321.9960895805735 -7 -16 12.0 1 203
298.6731505765911 694.0303888817036 20 9 11.0 1 204
192.7669518024033 485.03213354216484 7 16 11.0 1 205
324.8207766383051 97.19299153630476 6 -11 12.0 1 206
634.4867449235835 336.2429105499453 5 -6 10.0 1 207
311.7734807339557 303.1646691635831 -17 -13 12.0 1 208
403.65606312368226 675.9757837246516 -17 -16 11.0 1 209
169.51605873953218 326.23582969326355 -3 2 12.0 1 210
559.1203261328874 571.5713315544399 22 2 12.0 1 211
614.338905518053 263.7104788278895 16 -5 12.0 1 212
426.9417977564014 157.49198047558681 -9 12 13.0 1 213
389.63465124036725 612.7476428661224 -12 -5 11.0 1 214
359.6914377673675 87.58966116541853 -14 -17 12.0 1 215
692.398593304848 561.4281965250996 -13 3 10.0 1 216
278.79386094995016 93.06503643836862 9 11 10.0 1 217
672.7330460020548 387.92997023860323 16 18 13.0 1 218
105.45876527387799 294.1016475765015 -13 11 11.0 1 219
