400 400 -7.071067811865475 -7.071067811865477 5 2 -1 10 187
57.15728752538104 57.15728752538092
800.0 400.0 0 0 24.0 1 0
799.4518139018296 420.9343824971775 0 0 24.0 1 1
797.8087581473094 441.8113853070614 0 0 24.0 1 2
795.0753362380551 462.57378601609236 0 0 24.0 1 3
791.2590402935223 483.16467632710373 0 0 24.0 1 4
786.3703305156273 503.5276180410083 0 0 24.0 1 5
780.4226065180615 523.6067977499789 0 0 24.0 1 6
773.4321705988807 543.3471798181201 0 0 24.0 1 7
765.4181830570403 562.6946572303201 0 0 24.0 1 8
756.4026096753471 581.5961998958187 0 0 24.0 1 9
746.4101615137755 600.0 0 0 24.0 1 10
735.4682271781696 617.8556140060108 0 0 24.0 1 11
723.606797749979 635.1141009169893 0 0 24.0 1 12
710.8583845827884 651.728156419935 0 0 24.0 1 13
697.2579301909577 667.6522425435433 0 0 24.0 1 14
682.842712474619 682.842712474619 0 0 24.0 1 15
667.6522425435433 697.2579301909577 0 0 24.0 1 16
651.728156419935 710.8583845827884 0 0 24.0 1 17
635.1141009169893 723.606797749979 0 0 24.0 1 18
617.8556140060108 735.4682271781696 0 0 24.0 1 19
600.0 746.4101615137754 0 0 24.0 1 20
581.5961998958187 756.4026096753471 0 0 24.0 1 21
562.6946572303201 765.4181830570403 0 0 24.0 1 22
543.3471798181201 773.4321705988807 0 0 24.0 1 23
523.606797749979 780.4226065180615 0 0 24.0 1 24
503.5276180410083 786.3703305156273 0 0 24.0 1 25
483.1646763271038 791.2590402935223 0 0 24.0 1 26
462.57378601609236 795.0753362380551 0 0 24.0 1 27
441.8113853070614 797.8087581473094 0 0 24.0 1 28
420.9343824971776 799.4518139018296 0 0 24.0 1 29
400.0 800.0 0 0 24.0 1 30
379.0656175028225 799.4518139018296 0 0 24.0 1 31
358.1886146929386 797.8087581473094 0 0 24.0 1 32
337.4262139839077 795.0753362380551 0 0 24.0 1 33
316.83532367289627 791.2590402935223 0 0 24.0 1 34
296.47238195899166 786.3703305156273 0 0 24.0 1 35
276.3932022500211 780.4226065180615 0 0 24.0 1 36
256.65282018187986 773.4321705988807 0 0 24.0 1 37
237.3053427696799 765.4181830570403 0 0 24.0 1 38
218.4038001041813 756.4026096753471 0 0 24.0 1 39
200.00000000000009 746.4101615137755 0 0 24.0 1 40
182.14438599398918 735.4682271781696 0 0 24.0 1 41
164.8858990830108 723.606797749979 0 0 24.0 1 42
148.27184358006508 710.8583845827884 0 0 24.0 1 43
132.3477574564567 697.2579301909577 0 0 24.0 1 44
117.15728752538104 682.842712474619 0 0 24.0 1 45
102.74206980904233 667.6522425435434 0 0 24.0 1 46
89.14161541721165 651.728156419935 0 0 24.0 1 47
76.39320225002109 635.1141009169893 0 0 24.0 1 48
64.53177282183043 617.8556140060109 0 0 24.0 1 49
53.589838486224494 600.0 0 0 24.0 1 50
43.597390324652906 581.5961998958187 0 0 24.0 1 51
34.58181694295968 562.6946572303202 0 0 24.0 1 52
26.567829401119297 543.3471798181201 0 0 24.0 1 53
19.5773934819386 523.606797749979 0 0 24.0 1 54
13.629669484372698 503.5276180410084 0 0 24.0 1 55
8.740959706477724 483.16467632710373 0 0 24.0 1 56
4.924663761944942 462.5737860160924 0 0 24.0 1 57
2.1912418526906663 441.81138530706147 0 0 24.0 1 58
0.5481860981704472 420.9343824971775 0 0 24.0 1 59
0.0 400.00000000000006 0 0 24.0 1 60
0.5481860981704472 379.0656175028226 0 0 24.0 1 61
2.1912418526906663 358.1886146929386 0 0 24.0 1 62
4.924663761944885 337.4262139839077 0 0 24.0 1 63
8.740959706477781 316.8353236728962 0 0 24.0 1 64
13.629669484372698 296.47238195899166 0 0 24.0 1 65
19.577393481938543 276.3932022500211 0 0 24.0 1 66
26.567829401119297 256.65282018187986 0 0 24.0 1 67
34.58181694295968 237.30534276967992 0 0 24.0 1 68
43.59739032465285 218.40380010418136 0 0 24.0 1 69
218.40380010418124 43.597390324652906 0 0 24.0 1 70
237.30534276967995 34.58181694295962 0 0 24.0 1 71
256.65282018187975 26.567829401119354 0 0 24.0 1 72
276.393202250021 19.5773934819386 0 0 24.0 1 73
296.4723819589917 13.629669484372698 0 0 24.0 1 74
316.8353236728961 8.740959706477781 0 0 24.0 1 75
337.4262139839076 4.924663761944942 0 0 24.0 1 76
358.18861469293864 2.1912418526906663 0 0 24.0 1 77
379.0656175028223 0.5481860981704472 0 0 24.0 1 78
399.99999999999994 0.0 0 0 24.0 1 79
420.9343824971776 0.5481860981704472 0 0 24.0 1 80
441.8113853070612 2.1912418526906663 0 0 24.0 1 81
462.5737860160923 4.924663761944885 0 0 24.0 1 82
483.1646763271038 8.740959706477781 0 0 24.0 1 83
503.5276180410081 13.629669484372641 0 0 24.0 1 84
523.6067977499789 19.577393481938543 0 0 24.0 1 85
543.3471798181201 26.567829401119297 0 0 24.0 1 86
562.6946572303199 34.58181694295956 0 0 24.0 1 87
581.5961998958187 43.59739032465279 0 0 24.0 1 88
600.0 53.58983848622455 0 0 24.0 1 89
617.8556140060107 64.53177282183032 0 0 24.0 1 90
635.1141009169892 76.39320225002098 0 0 24.0 1 91
651.728156419935 89.14161541721171 0 0 24.0 1 92
667.6522425435431 102.74206980904216 0 0 24.0 1 93
682.842712474619 117.15728752538092 0 0 24.0 1 94
697.2579301909577 132.34775745645675 0 0 24.0 1 95
710.8583845827882 148.27184358006485 0 0 24.0 1 96
723.6067977499789 164.88589908301066 0 0 24.0 1 97
735.4682271781696 182.1443859939892 0 0 24.0 1 98
746.4101615137754 199.99999999999983 0 0 24.0 1 99
756.4026096753471 218.40380010418122 0 0 24.0 1 100
765.4181830570403 237.30534276967995 0 0 24.0 1 101
773.4321705988806 256.6528201818797 0 0 24.0 1 102
780.4226065180615 276.3932022500209 0 0 24.0 1 103
786.3703305156273 296.4723819589917 0 0 24.0 1 104
791.2590402935223 316.83532367289604 0 0 24.0 1 105
795.0753362380551 337.4262139839076 0 0 24.0 1 106
797.8087581473094 358.18861469293864 0 0 24.0 1 107
799.4518139018296 379.06561750282225 0 0 24.0 1 108
800.0 399.9999999999999 0 0 24.0 1 109
230.61261364594228 685.5379367862372 0 0 12.0 1 110
289.50772933912384 105.0144781108678 0 0 12.0 1 111
649.6245924945192 543.636913159345 0 0 11.0 1 112
662.8685184512158 315.8801925390764 0 0 13.0 1 113
166.03120663913833 513.3957835779727 0 0 11.0 1 114
487.75045172996704 547.931937799742 0 0 13.0 1 115
289.7925838218962 555.9978378675365 0 0 11.0 1 116
480.6484000553672 560.921830615083 0 0 13.0 1 117
591.2650920722497 323.49075510375343 0 0 13.0 1 118
120.175181915996 409.9030896317293 0 0 10.0 1 119
636.5762337623216 621.3767955745031 0 0 13.0 1 120
396.3223410192125 676.975585249713 0 0 11.0 1 121
553.3236664035591 341.7947311614306 0 0 12.0 1 122
248.35476048402344 563.5014413763441 0 0 12.0 1 123
555.6770039797091 448.3080783296298 0 0 13.0 1 124
119.03817077752888 310.0808667748461 0 0 11.0 1 125
261.09717899995724 677.138965716173 0 0 10.0 1 126
254.3760747580197 690.5489156701813 0 0 10.0 1 127
157.63935033867594 509.62351707430724 0 0 11.0 1 128
55.65879057449786 490.3611171432849 0 0 13.0 1 129
310.4032894426093 194.69917326689804 0 0 11.0 1 130
232.6693681065439 636.855355924532 0 0 11.0 1 131
467.95870209044296 126.3110984892109 0 0 10.0 1 132
707.951739063489 405.45219293246737 0 0 11.0 1 133
245.73189406073922 471.42374598068216 0 0 10.0 1 134
548.5831341137384 631.4045208221715 0 0 11.0 1 135
237.35914920869934 156.28509759581408 0 0 10.0 1 136
452.1997200659925 128.98120134383294 0 0 10.0 1 137
367.113331765757 145.11283466511924 0 0 12.0 1 138
297.95764885258825 594.9034596211886 0 0 10.0 1 139
613.1086045506468 371.5443737289788 0 0 13.0 1 140
208.43527659093994 671.1585454032572 0 0 11.0 1 141
222.9931423458795 446.4496753854526 0 0 12.0 1 142
561.034428070403 133.93814069649477 0 0 12.0 1 143
581.7503566306345 137.84011011476764 0 0 13.0 1 144
481.4540471864174 71.96152939486979 0 0 12.0 1 145
315.1108914349612 277.54658335908687 0 0 12.0 1 146
205.53480943448366 299.2811355389795 0 0 11.0 1 147
614.8065095321164 260.73707075237576 0 0 13.0 1 148
723.5264300854799 246.72035674576634 0 0 13.0 1 149
536.080072991804 478.3020672431152 0 0 13.0 1 150
296.7585225338954 507.434618864758 0 0 10.0 1 151
139.46633799731597 217.6645647070455 0 0 11.0 1 152
548.6849470142104 588.3952932835145 0 0 12.0 1 153
484.5768401996545 536.995467449993 0 0 13.0 1 154
187.66319814899364 700.5612792421646 -2 1 12.0 1 155
75.26603438728358 513.5070551879447 2 16 13.0 1 156
178.53214599548113 449.8095336520341 7 3 10.0 1 157
299.87745244869524 61.49671276066357 7 -6 12.0 1 158
541.0279442678866 340.66940978235715 4 14 12.0 1 159
490.3605644616403 171.19666001088675 8 15 12.0 1 160
252.90266121563963 638.2485528236407 -5 1 12.0 1 161
398.5230938802264 64.00324592592659 19 -7 10.0 1 162
359.7217383123391 190.84297373642858 -4 -5 12.0 1 163
612.2789726103987 365.90252520385684 -7 17 12.0 1 164
243.8919263439398 467.3072755309118 -7 1 13.0 1 165
276.07261313949306 705.8463712158872 5 -7 12.0 1 166
536.7859880371593 381.7354584865073 7 -2 10.0 1 167
348.1815201423203 68.01981211939886 -11 10 12.0 1 168
338.19545436678584 590.210930650875 -16 -1 13.0 1 169
582.5890408349474 422.7429586240208 3 13 10.0 1 170
250.65163163790947 493.1185527571242 12 10 11.0 1 171
543.6969262347352 595.9596728683969 15 -6 12.0 1 172
696.589300167511 466.7142190701953 3 -14 11.0 1 173
686.6601308323575 183.88204750373995 -17 11 11.0 1 174
569.6887281672609 421.13611915601933 -17 -2 11.0 1 175
662.1607497138093 616.4988251919475 -14 11 11.0 1 176
276.529272150386 70.36538506357294 -14 14 11.0 1 177
516.9766039987585 614.1319082176162 19 14 12.0 1 178
559.663251371928 617.7329698537742 -2 -4 13.0 1 179
343.2126301474382 263.32814984339916 14 -11 12.0 1 180
666.9267388599671 541.2590389376303 -17 4 12.0 1 181
622.3363618612453 195.6215711130322 17 16 10.0 1 182
82.43241810925002 228.32638253924455 16 11 13.0 1 183
141.89908427920489 584.0459651937174 -6 1 11.0 1 184
464.9631604136931 560.3396014372768 -4 3 11.0 1 185
525.7810408568214 449.0319259358087 12 -10 13.0 1 186
356.2280568002876 276.5292869198483 6 -8 12.0 1 187
261.1572639785769 214.13258850975134 18 -4 10.0 1 188
43.13536300094381 371.5108641841865 0 4 13.0 1 189
280.42389254073976 667.4893540402898 16 11 11.0 1 190
225.49054837226402 128.1996113089849 -17 17 13.0 1 191
159.87353296983088 186.9735231676374 12 10 10.0 1 192
320.7627977669519 103.40184460742336 -9 -8 10.0 1 193
697.8132385411471 410.54869421463087 16 1 10.0 1 194
226.78555489370916 704.1327933757223 16 -2 12.0 1 195
118.04803201144989 266.4070071172009 2 -15 13.0 1 196
353.81602345309705 134.9942636275299 18 -10 11.0 1 197
403.3778844077499 654.9776262673411 15 22 10.0 1 198
667.9057325757162 392.8923665634174 -11 -1 12.0 1 199
437.87466051169827 279.82716575230654 -16 10 12.0 1 200
713.7642447326944 580.5436200127879 -16 15 10.0 1 201
478.28547444360294 656.3111087938639 -8 1 13.0 1 202
396.994859778099 264.0332057734437 14 16 10.0 1 203
412.70307935138464 231.47809704672682 21 2 12.0 1 204
329.26273304888434 583.8620109328912 4 5 10.0 1 205
234.1038578501976 405.8711174245252 5 21 10.0 1 206
122.38234892568113 340.1298086525713 11 10 12.0 1 207
508.8977833524335 668.7773665711577 -15 -12 10.0 1 208
449.9508064546869 563.5417895662341 -14 -3 10.0 1 209
589.5700592613792 369.550162042514 15 -7 11.0 1 210
540.995857555167 669.3253945551422 -12 14 12.0 1 211
276.5433049488404 599.9586068341271 8 -12 10.0 1 212
563.9590105228501 700.1357074197736 -13 -9 12.0 1 213
576.686229370261 187.9670394704646 -17 -13 12.0 1 214
474.93315101697 210.2606448870768 19 -14 10.0 1 215
405.1997877215596 165.05753426072434 -17 -12 13.0 1 216
510.9288672162312 741.4319645524181 -12 21 10.0 1 217
241.33613615908084 306.8239391738937 3 1 13.0 1 218
660.309756688993 203.7480431371009 -17 -3 13.0 1 219
