400 400 -7.071067811865475 7.0710678118654755 5 2 -1 10 187
57.15728752538104 742.842712474619
800.0 400.0 0 0 24.0 1 0
799.4518139018296 420.9343824971775 0 0 24.0 1 1
797.8087581473094 441.8113853070614 0 0 24.0 1 2
795.0753362380551 462.57378601609236 0 0 24.0 1 3
791.2590402935223 483.16467632710373 0 0 24.0 1 4
786.3703305156273 503.5276180410083 0 0 24.0 1 5
780.4226065180615 523.6067977499789 0 0 24.0 1 6
773.4321705988807 543.3471798181201 0 0 24.0 1 7
765.4181830570403 562.6946572303201 0 0 24.0 1 8
756.4026096753471 581.5961998958187 0 0 24.0 1 9
746.4101615137755 600.0 0 0 24.0 1 10
735.4682271781696 617.8556140060108 0 0 24.0 1 11
723.606797749979 635.1141009169893 0 0 24.0 1 12
710.8583845827884 651.728156419935 0 0 24.0 1 13
697.2579301909577 667.6522425435433 0 0 24.0 1 14
682.842712474619 682.842712474619 0 0 24.0 1 15
667.6522425435433 697.2579301909577 0 0 24.0 1 16
651.728156419935 710.8583845827884 0 0 24.0 1 17
635.1141009169893 723.606797749979 0 0 24.0 1 18
617.8556140060108 735.4682271781696 0 0 24.0 1 19
600.0 746.4101615137754 0 0 24.0 1 20
581.5961998958187 756.4026096753471 0 0 24.0 1 21
562.6946572303201 765.4181830570403 0 0 24.0 1 22
543.3471798181201 773.4321705988807 0 0 24.0 1 23
523.606797749979 780.4226065180615 0 0 24.0 1 24
503.5276180410083 786.3703305156273 0 0 24.0 1 25
483.1646763271038 791.2590402935223 0 0 24.0 1 26
462.57378601609236 795.0753362380551 0 0 24.0 1 27
441.8113853070614 797.8087581473094 0 0 24.0 1 28
420.9343824971776 799.4518139018296 0 0 24.0 1 29
400.0 800.0 0 0 24.0 1 30
379.0656175028225 799.4518139018296 0 0 24.0 1 31
358.1886146929386 797.8087581473094 0 0 24.0 1 32
337.4262139839077 795.0753362380551 0 0 24.0 1 33
316.83532367289627 791.2590402935223 0 0 24.0 1 34
296.47238195899166 786.3703305156273 0 0 24.0 1 35
276.3932022500211 780.4226065180615 0 0 24.0 1 36
256.65282018187986 773.4321705988807 0 0 24.0 1 37
237.3053427696799 765.4181830570403 0 0 24.0 1 38
218.4038001041813 756.4026096753471 0 0 24.0 1 39
43.597390324652906 581.5961998958187 0 0 24.0 1 40
34.58181694295968 562.6946572303202 0 0 24.0 1 41
26.567829401119297 543.3471798181201 0 0 24.0 1 42
19.5773934819386 523.606797749979 0 0 24.0 1 43
13.629669484372698 503.5276180410084 0 0 24.0 1 44
8.740959706477724 483.16467632710373 0 0 24.0 1 45
4.924663761944942 462.5737860160924 0 0 24.0 1 46
2.1912418526906663 441.81138530706147 0 0 24.0 1 47
0.5481860981704472 420.9343824971775 0 0 24.0 1 48
0.0 400.00000000000006 0 0 24.0 1 49
0.5481860981704472 379.0656175028226 0 0 24.0 1 50
2.1912418526906663 358.1886146929386 0 0 24.0 1 51
4.924663761944885 337.4262139839077 0 0 24.0 1 52
8.740959706477781 316.8353236728962 0 0 24.0 1 53
13.629669484372698 296.47238195899166 0 0 24.0 1 54
19.577393481938543 276.3932022500211 0 0 24.0 1 55
26.567829401119297 256.65282018187986 0 0 24.0 1 56
34.58181694295968 237.30534276967992 0 0 24.0 1 57
43.59739032465285 218.40380010418136 0 0 24.0 1 58
53.58983848622455 199.99999999999994 0 0 24.0 1 59
64.53177282183037 182.14438599398918 0 0 24.0 1 60
76.39320225002103 164.8858990830108 0 0 24.0 1 61
89.14161541721171 148.27184358006497 0 0 24.0 1 62
102.74206980904228 132.3477574564567 0 0 24.0 1 63
117.15728752538092 117.15728752538104 0 0 24.0 1 64
132.34775745645675 102.74206980904228 0 0 24.0 1 65
148.27184358006485 89.14161541721177 0 0 24.0 1 66
164.8858990830107 76.39320225002109 0 0 24.0 1 67
182.1443859939892 64.53177282183032 0 0 24.0 1 68
199.99999999999983 53.58983848622461 0 0 24.0 1 69
218.40380010418124 43.597390324652906 0 0 24.0 1 70
237.30534276967995 34.58181694295962 0 0 24.0 1 71
256.65282018187975 26.567829401119354 0 0 24.0 1 72
276.393202250021 19.5773934819386 0 0 24.0 1 73
296.4723819589917 13.629669484372698 0 0 24.0 1 74
316.8353236728961 8.740959706477781 0 0 24.0 1 75
337.4262139839076 4.924663761944942 0 0 24.0 1 76
358.18861469293864 2.1912418526906663 0 0 24.0 1 77
379.0656175028223 0.5481860981704472 0 0 24.0 1 78
399.99999999999994 0.0 0 0 24.0 1 79
420.9343824971776 0.5481860981704472 0 0 24.0 1 80
441.8113853070612 2.1912418526906663 0 0 24.0 1 81
462.5737860160923 4.924663761944885 0 0 24.0 1 82
483.1646763271038 8.740959706477781 0 0 24.0 1 83
503.5276180410081 13.629669484372641 0 0 24.0 1 84
523.6067977499789 19.577393481938543 0 0 24.0 1 85
543.3471798181201 26.567829401119297 0 0 24.0 1 86
562.6946572303199 34.58181694295956 0 0 24.0 1 87
581.5961998958187 43.59739032465279 0 0 24.0 1 88
600.0 53.58983848622455 0 0 24.0 1 89
617.8556140060107 64.53177282183032 0 0 24.0 1 90
635.1141009169892 76.39320225002098 0 0 24.0 1 91
651.728156419935 89.14161541721171 0 0 24.0 1 92
667.6522425435431 102.74206980904216 0 0 24.0 1 93
682.842712474619 117.15728752538092 0 0 24.0 1 94
697.2579301909577 132.34775745645675 0 0 24.0 1 95
710.8583845827882 148.27184358006485 0 0 24.0 1 96
723.6067977499789 164.88589908301066 0 0 24.0 1 97
735.4682271781696 182.1443859939892 0 0 24.0 1 98
746.4101615137754 199.99999999999983 0 0 24.0 1 99
756.4026096753471 218.40380010418122 0 0 24.0 1 100
765.4181830570403 237.30534276967995 0 0 24.0 1 101
773.4321705988806 256.6528201818797 0 0 24.0 1 102
780.4226065180615 276.3932022500209 0 0 24.0 1 103
786.3703305156273 296.4723819589917 0 0 24.0 1 104
791.2590402935223 316.83532367289604 0 0 24.0 1 105
795.0753362380551 337.4262139839076 0 0 24.0 1 106
797.8087581473094 358.18861469293864 0 0 24.0 1 107
799.4518139018296 379.06561750282225 0 0 24.0 1 108
800.0 399.9999999999999 0 0 24.0 1 109
541.0879948719686 585.4270144908971 0 0 11.0 1 110
395.2713234743616 186.052250261154 0 0 11.0 1 111
162.7230802214874 520.2317068847536 0 0 12.0 1 112
396.7206434359043 646.978229446495 0 0 12.0 1 113
425.43970933278007 701.9301594558974 0 0 12.0 1 114
559.8173809231325 125.07745680852156 0 0 11.0 1 115
735.5262643398371 417.83608528107555 0 0 10.0 1 116
642.0486965218283 421.48088713447015 0 0 10.0 1 117
373.8371103034596 119.21626969725139 0 0 12.0 1 118
228.3889643819877 236.5415879983128 0 0 11.0 1 119
714.9367447411905 337.9045346919585 0 0 12.0 1 120
700.3204097823436 598.5136052470086 0 0 13.0 1 121
251.17665074094842 468.90290788724633 0 0 11.0 1 122
582.8556266312253 262.1420303018285 0 0 11.0 1 123
243.76677822604992 346.9323034781824 0 0 10.0 1 124
643.7077388134842 279.2087004688725 0 0 13.0 1 125
315.1132069913784 589.8900533801374 0 0 13.0 1 126
590.2880655952997 245.6774414027588 0 0 11.0 1 127
507.7611459717738 281.73108853612433 0 0 10.0 1 128
495.25025000326906 43.50541396212657 0 0 12.0 1 129
342.95251127520925 519.0360618896428 0 0 12.0 1 130
86.17237857765878 444.7350425549779 0 0 11.0 1 131
589.6317468204918 453.3741566472846 0 0 13.0 1 132
62.8216439203178 457.22548550604904 0 0 12.0 1 133
265.0180038302721 465.4206443719073 0 0 13.0 1 134
549.1729935595703 534.7160643445184 0 0 11.0 1 135
269.65671115098996 738.7914211606067 0 0 11.0 1 136
189.00409426880336 379.39107560613644 0 0 11.0 1 137
583.2811955774195 276.5131450408113 0 0 12.0 1 138
574.5302889948446 286.84886998630526 0 0 10.0 1 139
682.5600700481709 344.28818065820576 0 0 13.0 1 140
390.8083344559026 169.18294412126852 0 0 12.0 1 141
134.05409426755108 433.11759689572006 0 0 10.0 1 142
647.7509039079998 536.7789808880334 0 0 13.0 1 143
605.5765423256582 266.7210247434846 0 0 11.0 1 144
399.01979147407883 177.00215429012388 0 0 13.0 1 145
194.71934251546844 355.7297880881689 0 0 13.0 1 146
199.35981358760162 506.1721036638063 0 0 13.0 1 147
427.64649203475517 241.39145206461217 0 0 13.0 1 148
277.97523505010645 672.9669517339476 0 0 10.0 1 149
102.0868188116442 478.17759573070714 0 0 12.0 1 150
762.4881962957168 419.26934213401915 0 0 12.0 1 151
187.01100886572266 274.92126617365074 0 0 13.0 1 152
518.2391332238933 222.83197982010856 0 0 12.0 1 153
663.4939016811792 383.6609738102577 0 0 13.0 1 154
302.7948791253001 318.26772684101473 17 -14 11.0 1 155
539.7468043433303 464.70572367130274 -5 16 12.0 1 156
365.1938764213459 130.23615186347251 22 -9 12.0 1 157
83.79375130856943 422.41892701476024 -7 -11 13.0 1 158
691.1635109673609 211.2334513713843 3 9 13.0 1 159
302.7315488243794 523.2389889843953 -4 21 13.0 1 160
523.0519881896321 88.41821586848397 22 0 11.0 1 161
193.37414596225938 181.12387877346166 21 -8 11.0 1 162
634.4025526852882 593.5754201716237 5 -9 12.0 1 163
340.49880446633915 249.3228360697446 -7 18 10.0 1 164
685.9888583739952 453.77148766715425 20 21 10.0 1 165
415.5426126655831 552.2084990778362 -6 1 13.0 1 166
116.26093219698589 610.0027176068837 21 -9 10.0 1 167
688.8983459491865 392.3354251374165 17 7 12.0 1 168
201.12652564326757 496.3864160412768 -7 18 12.0 1 169
556.8133942928652 255.85230015588033 1 12 13.0 1 170
509.921112633469 609.9674950972656 -5 19 10.0 1 171
540.4480090929128 412.46421846074196 -10 -3 12.0 1 172
614.1574404222463 499.15942069108723 -9 -16 13.0 1 173
355.32709376409804 573.3358919798156 -8 -1 13.0 1 174
210.27344473113249 604.5600993004485 18 -2 11.0 1 175
457.4131758550347 217.8332433229409 7 -4 13.0 1 176
242.6977790045051 244.767879387401 10 -11 13.0 1 177
627.7708470933283 299.39462631455683 7 8 12.0 1 178
642.2449675761004 494.4318573578538 -9 -9 11.0 1 179
482.53146239512245 153.4466432698137 6 -12 10.0 1 180
101.29277681892023 386.77143925256377 -7 -13 12.0 1 181
291.44786501590215 654.8439404623822 -13 9 10.0 1 182
544.3967783036763 576.4470753951987 4 20 12.0 1 183
736.9868882592131 397.02726701962047 2 14 13.0 1 184
342.95251127520925 519.0360618896428 -16 13 12.0 1 185
502.4028865787505 319.91474030547465 -4 -17 10.0 1 186
462.80364554244267 605.6227178756744 15 1 11.0 1 187
343.0809541409111 104.4306811956103 -11 -4 13.0 1 188
632.3455852738673 435.2211442707938 20 22 10.0 1 189
528.9191535966711 404.5663810526422 20 -12 10.0 1 190
497.14288847719945 60.62961352188313 11 -12 11.0 1 191
205.406565119022 538.760207196525 12 5 13.0 1 192
568.772549761976 174.08004415979252 -2 11 10.0 1 193
121.45621252737345 299.85331528001416 -6 5 10.0 1 194
237.4508369921683 638.9534883726399 -4 -4 12.0 1 195
235.05816976555226 395.61905958604547 12 22 12.0 1 196
386.31197858368176 56.272436267170406 -13 1 10.0 1 197
40.194827702859925 351.9454685984209 22 2 11.0 1 198
540.2054405991306 367.160474631876 15 -14 10.0 1 199
216.65367415806512 696.959803340895 14 -15 10.0 1 200
611.9200525361282 358.2161354936543 8 -3 12.0 1 201
686.7569352007438 199.3249888145601 -2 -7 13.0 1 202
542.8149722168328 361.16852165181854 14 -8 10.0 1 203
497.51311078104936 245.14460543525516 -12 -9 10.0 1 204
634.7742611612243 627.6182029104905 2 17 12.0 1 205
76.20304092881855 318.0760761666311 -15 -1 12.0 1 206
169.51102066075816 499.37721269564037 19 15 13.0 1 207
466.32301584241696 511.8090227556189 -4 22 11.0 1 208
468.8668132905582 286.21791869014083 -13 -14 10.0 1 209
268.8350542651117 431.9492881041786 -12 12 12.0 1 210
625.566749166464 386.0128033375691 -17 12 10.0 1 211
691.6256725050748 513.6814282808009 -8 10 11.0 1 212
52.349941807280175 507.8676830130254 -14 2 12.0 1 213
480.66110471251045 303.2023441060817 6 15 11.0 1 214
165.13132666467348 513.8319212071187 -11 -2 12.0 1 215
315.4190301989928 536.9929178735933 12 1 12.0 1 216
251.9508508277695 253.89918059990683 0 2 10.0 1 217
614.6699975888612 180.53293610384645 -14 14 11.0 1 218
276.23572380310435 533.4406382533392 7 9 11.0 1 219
