400 400 7.0710678118654755 7.0710678118654755 5 2 -1 10 187
742.842712474619 742.842712474619
800.0 400.0 0 0 24.0 1 0
799.4518139018296 420.9343824971775 0 0 24.0 1 1
797.8087581473094 441.8113853070614 0 0 24.0 1 2
795.0753362380551 462.57378601609236 0 0 24.0 1 3
791.2590402935223 483.16467632710373 0 0 24.0 1 4
786.3703305156273 503.5276180410083 0 0 24.0 1 5
780.4226065180615 523.6067977499789 0 0 24.0 1 6
773.4321705988807 543.3471798181201 0 0 24.0 1 7
765.4181830570403 562.6946572303201 0 0 24.0 1 8
756.4026096753471 581.5961998958187 0 0 24.0 1 9
581.5961998958187 756.4026096753471 0 0 24.0 1 10
562.6946572303201 765.4181830570403 0 0 24.0 1 11
543.3471798181201 773.4321705988807 0 0 24.0 1 12
523.606797749979 780.4226065180615 0 0 24.0 1 13
503.5276180410083 786.3703305156273 0 0 24.0 1 14
483.1646763271038 791.2590402935223 0 0 24.0 1 15
462.57378601609236 795.0753362380551 0 0 24.0 1 16
441.8113853070614 797.8087581473094 0 0 24.0 1 17
420.9343824971776 799.4518139018296 0 0 24.0 1 18
400.0 800.0 0 0 24.0 1 19
379.0656175028225 799.4518139018296 0 0 24.0 1 20
358.1886146929386 797.8087581473094 0 0 24.0 1 21
337.4262139839077 795.0753362380551 0 0 24.0 1 22
316.83532367289627 791.2590402935223 0 0 24.0 1 23
296.47238195899166 786.3703305156273 0 0 24.0 1 24
276.3932022500211 780.4226065180615 0 0 24.0 1 25
256.65282018187986 773.4321705988807 0 0 24.0 1 26
237.3053427696799 765.4181830570403 0 0 24.0 1 27
218.4038001041813 756.4026096753471 0 0 24.0 1 28
200.00000000000009 746.4101615137755 0 0 24.0 1 29
182.14438599398918 735.4682271781696 0 0 24.0 1 30
164.8858990830108 723.606797749979 0 0 24.0 1 31
148.27184358006508 710.8583845827884 0 0 24.0 1 32
132.3477574564567 697.2579301909577 0 0 24.0 1 33
117.15728752538104 682.842712474619 0 0 24.0 1 34
102.74206980904233 667.6522425435434 0 0 24.0 1 35
89.14161541721165 651.728156419935 0 0 24.0 1 36
76.39320225002109 635.1141009169893 0 0 24.0 1 37
64.53177282183043 617.8556140060109 0 0 24.0 1 38
53.589838486224494 600.0 0 0 24.0 1 39
43.597390324652906 581.5961998958187 0 0 24.0 1 40
34.58181694295968 562.6946572303202 0 0 24.0 1 41
26.567829401119297 543.3471798181201 0 0 24.0 1 42
19.5773934819386 523.606797749979 0 0 24.0 1 43
13.629669484372698 503.5276180410084 0 0 24.0 1 44
8.740959706477724 483.16467632710373 0 0 24.0 1 45
4.924663761944942 462.5737860160924 0 0 24.0 1 46
2.1912418526906663 441.81138530706147 0 0 24.0 1 47
0.5481860981704472 420.9343824971775 0 0 24.0 1 48
0.0 400.00000000000006 0 0 24.0 1 49
0.5481860981704472 379.0656175028226 0 0 24.0 1 50
2.1912418526906663 358.1886146929386 0 0 24.0 1 51
4.924663761944885 337.4262139839077 0 0 24.0 1 52
8.740959706477781 316.8353236728962 0 0 24.0 1 53
13.629669484372698 296.47238195899166 0 0 24.0 1 54
19.577393481938543 276.3932022500211 0 0 24.0 1 55
26.567829401119297 256.65282018187986 0 0 24.0 1 56
34.58181694295968 237.30534276967992 0 0 24.0 1 57
43.59739032465285 218.40380010418136 0 0 24.0 1 58
53.58983848622455 199.99999999999994 0 0 24.0 1 59
64.53177282183037 182.14438599398918 0 0 24.0 1 60
76.39320225002103 164.8858990830108 0 0 24.0 1 61
89.14161541721171 148.27184358006497 0 0 24.0 1 62
102.74206980904228 132.3477574564567 0 0 24.0 1 63
117.15728752538092 117.15728752538104 0 0 24.0 1 64
132.34775745645675 102.74206980904228 0 0 24.0 1 65
148.27184358006485 89.14161541721177 0 0 24.0 1 66
164.8858990830107 76.39320225002109 0 0 24.0 1 67
182.1443859939892 64.53177282183032 0 0 24.0 1 68
199.99999999999983 53.58983848622461 0 0 24.0 1 69
218.40380010418124 43.597390324652906 0 0 24.0 1 70
237.30534276967995 34.58181694295962 0 0 24.0 1 71
256.65282018187975 26.567829401119354 0 0 24.0 1 72
276.393202250021 19.5773934819386 0 0 24.0 1 73
296.4723819589917 13.629669484372698 0 0 24.0 1 74
316.8353236728961 8.740959706477781 0 0 24.0 1 75
337.4262139839076 4.924663761944942 0 0 24.0 1 76
358.18861469293864 2.1912418526906663 0 0 24.0 1 77
379.0656175028223 0.5481860981704472 0 0 24.0 1 78
399.99999999999994 0.0 0 0 24.0 1 79
420.9343824971776 0.5481860981704472 0 0 24.0 1 80
441.8113853070612 2.1912418526906663 0 0 24.0 1 81
462.5737860160923 4.924663761944885 0 0 24.0 1 82
483.1646763271038 8.740959706477781 0 0 24.0 1 83
503.5276180410081 13.629669484372641 0 0 24.0 1 84
523.6067977499789 19.577393481938543 0 0 24.0 1 85
543.3471798181201 26.567829401119297 0 0 24.0 1 86
562.6946572303199 34.58181694295956 0 0 24.0 1 87
581.5961998958187 43.59739032465279 0 0 24.0 1 88
600.0 53.58983848622455 0 0 24.0 1 89
617.8556140060107 64.53177282183032 0 0 24.0 1 90
635.1141009169892 76.39320225002098 0 0 24.0 1 91
651.728156419935 89.14161541721171 0 0 24.0 1 92
667.6522425435431 102.74206980904216 0 0 24.0 1 93
682.842712474619 117.15728752538092 0 0 24.0 1 94
697.2579301909577 132.34775745645675 0 0 24.0 1 95
710.8583845827882 148.27184358006485 0 0 24.0 1 96
723.6067977499789 164.88589908301066 0 0 24.0 1 97
735.4682271781696 182.1443859939892 0 0 24.0 1 98
746.4101615137754 199.99999999999983 0 0 24.0 1 99
756.4026096753471 218.40380010418122 0 0 24.0 1 100
765.4181830570403 237.30534276967995 0 0 24.0 1 101
773.4321705988806 256.6528201818797 0 0 24.0 1 102
780.4226065180615 276.3932022500209 0 0 24.0 1 103
786.3703305156273 296.4723819589917 0 0 24.0 1 104
791.2590402935223 316.83532367289604 0 0 24.0 1 105
795.0753362380551 337.4262139839076 0 0 24.0 1 106
797.8087581473094 358.18861469293864 0 0 24.0 1 107
799.4518139018296 379.06561750282225 0 0 24.0 1 108
800.0 399.9999999999999 0 0 24.0 1 109
725.3750452578197 379.82377826569706 0 0 11.0 1 110
180.45019318380065 587.9331858054068 0 0 10.0 1 111
387.25013438955966 661.6895888775778 0 0 10.0 1 112
118.47224116407097 339.2865665209174 0 0 13.0 1 113
318.7270224923234 650.1273738059006 0 0 13.0 1 114
520.5451161676781 312.42217764684375 0 0 12.0 1 115
651.8740830130316 652.9989057413974 0 0 10.0 1 116
464.57975835151063 598.7723693355304 0 0 13.0 1 117
535.3089518149147 243.3459622009407 0 0 10.0 1 118
91.7371664341307 358.82931331710444 0 0 12.0 1 119
325.4086272138407 120.79196446757442 0 0 12.0 1 120
111.42789594891218 533.6044189520995 0 0 11.0 1 121
117.17705886509594 410.0091941634978 0 0 10.0 1 122
214.93719104192013 366.8977834496656 0 0 10.0 1 123
167.54022455303624 523.0099703241456 0 0 11.0 1 124
593.9232442746035 365.31894854517134 0 0 11.0 1 125
544.220862494579 92.10335691774793 0 0 13.0 1 126
201.17896831314496 250.09603954873447 0 0 12.0 1 127
611.5935877136742 386.8792668476312 0 0 11.0 1 128
502.6802104532735 510.71483360991635 0 0 11.0 1 129
514.4037016282227 137.87828580264363 0 0 12.0 1 130
420.72348355411077 602.944665437115 0 0 10.0 1 131
388.46067961996425 110.22967010895184 0 0 11.0 1 132
694.2910618114262 533.1231420073284 0 0 11.0 1 133
161.18320813181984 444.8947649708775 0 0 13.0 1 134
575.0839155690725 500.7453349242628 0 0 12.0 1 135
111.57764348554576 348.40984335506397 0 0 10.0 1 136
724.7478582845298 335.9700965203684 0 0 13.0 1 137
665.4525148498019 498.10179590565957 0 0 12.0 1 138
370.603683882101 748.7633246181377 0 0 13.0 1 139
298.26417596229595 309.74579174703644 0 0 13.0 1 140
456.70194926281886 539.9495943180855 0 0 11.0 1 141
425.0707319072935 256.1686459716359 0 0 13.0 1 142
621.0284018771187 670.0878478637032 0 0 13.0 1 143
269.61727703084387 448.18034403310435 0 0 13.0 1 144
211.460954555393 469.6708571989495 0 0 13.0 1 145
567.2720433010941 234.93921262190435 0 0 13.0 1 146
30.00000016810617 399.988846589257 0 0 13.0 1 147
226.59792655949917 551.1016906805982 0 0 11.0 1 148
109.33876824785261 540.8724542141738 0 0 13.0 1 149
634.5207261931553 611.7924195665064 0 0 13.0 1 150
204.97371695581174 207.54026675180035 0 0 11.0 1 151
460.0815356427219 548.2909608668456 0 0 10.0 1 152
369.29949286638254 608.7545900375335 0 0 11.0 1 153
560.5838837124165 287.6219937361536 0 0 11.0 1 154
152.97072155305295 332.82459088341403 -4 9 13.0 1 155
566.3998104775083 210.75121381353762 -14 -16 10.0 1 156
681.4050871510501 430.0029486135932 13 -4 11.0 1 157
264.66041283531706 185.06001733950666 -2 -5 13.0 1 158
391.6090250962408 254.24132430567133 16 16 12.0 1 159
623.3884132409486 601.7389819288558 7 0 12.0 1 160
238.59643433312604 84.9366905048779 -9 4 11.0 1 161
352.9656517938524 553.976524473125 11 21 13.0 1 162
734.6660560266758 487.83297184742094 4 8 13.0 1 163
337.29309704064696 710.7359720425787 8 -4 12.0 1 164
472.61504981271725 206.15456017564767 11 -9 12.0 1 165
755.7662086989219 466.8909915309616 4 -16 10.0 1 166
244.1010552583724 322.72439564489355 7 11 10.0 1 167
584.0257773894261 144.34493305193934 -4 13 13.0 1 168
172.44163837073756 333.77166729710143 3 6 10.0 1 169
474.06754345449053 293.16368123799305 11 -16 12.0 1 170
454.8831466294505 514.5287746203994 16 -8 10.0 1 171
68.00000015084123 399.98999207468466 11 19 13.0 1 172
182.88605415716114 519.8563078046076 3 1 13.0 1 173
382.37252112644444 210.8194724910559 -11 6 13.0 1 174
428.3058967632425 96.31632212377849 -8 5 13.0 1 175
283.33877931868165 469.90107001430476 -10 -1 11.0 1 176
228.55159782730095 255.84228986131734 10 7 13.0 1 177
648.6489280375579 413.2178131993685 20 -15 13.0 1 178
562.6025444204575 204.86821748368843 3 16 13.0 1 179
75.45770654907273 417.24238271272895 20 -5 12.0 1 180
498.6631625040229 539.6659599355003 15 16 13.0 1 181
179.60345242564767 275.7648929758329 21 13 13.0 1 182
579.236250996149 635.5639325721268 12 2 13.0 1 183
456.8734027753383 744.3347441905248 22 -15 12.0 1 184
342.4486546794343 588.4060578956871 7 -5 12.0 1 185
373.0655125032724 157.49116844269645 21 1 10.0 1 186
763.1934181825584 445.2387111760413 4 -14 12.0 1 187
272.6312891169898 361.7088588835463 -15 -8 10.0 1 188
440.957947552473 82.63200140485355 -7 15 10.0 1 189
410.79977073807424 748.8328610552696 22 10 13.0 1 190
722.2986535163659 312.3667988628878 -13 18 12.0 1 191
547.5946084450015 243.6643624826167 13 -13 10.0 1 192
237.67659823258282 268.3485160028431 -13 -3 10.0 1 193
517.6721254951715 590.6023894956426 4 3 11.0 1 194
566.6733058474222 592.9896606502318 22 5 10.0 1 195
199.5205820433479 222.1461190309247 -16 15 11.0 1 196
218.80441938551272 297.8620463991037 18 -5 12.0 1 197
648.1038210173499 171.93532935460877 17 -10 12.0 1 198
453.00611875995753 662.7058266845356 17 1 12.0 1 199
90.43300478864143 218.20540306210776 8 22 10.0 1 200
658.0881051228821 536.5815873171789 -5 18 11.0 1 201
327.10829852245445 589.461869133893 16 6 10.0 1 202
106.56415812336093 381.79542084671914 5 20 12.0 1 203
436.6302224033593 252.4797410296456 -10 -2 11.0 1 204
392.81379263835777 631.8886767907296 19 17 13.0 1 205
451.42344964619167 246.37829311426856 3 9 13.0 1 206
188.19973082229308 422.5753400029964 -4 20 13.0 1 207
735.1278374760562 463.0105748951876 -13 10 11.0 1 208
525.345271151192 507.3012721268212 -16 -10 10.0 1 209
633.2593012401555 296.9704004426184 0 17 10.0 1 210
570.9093100554591 688.1232509471718 11 21 12.0 1 211
330.19939454705315 269.4937722620026 11 8 10.0 1 212
529.764889747378 460.0838862662097 -17 8 10.0 1 213
436.1383062343026 264.74460150324586 5 22 13.0 1 214
148.54330084373015 615.2452750920056 12 -14 12.0 1 215
519.8916055612922 602.1163103659264 9 12 10.0 1 216
497.3989585441938 274.32405610258417 -5 -3 11.0 1 217
465.48549025209513 757.0443257726452 -13 13 13.0 1 218
723.0391644595475 578.3443249034782 -15 -4 13.0 1 219
