400 400 7.071067811865475 -7.0710678118654755 5 2 -1 10 187
742.842712474619 57.15728752538092
800.0 400.0 0 0 24.0 1 0
799.4518139018296 420.9343824971775 0 0 24.0 1 1
797.8087581473094 441.8113853070614 0 0 24.0 1 2
795.0753362380551 462.57378601609236 0 0 24.0 1 3
791.2590402935223 483.16467632710373 0 0 24.0 1 4
786.3703305156273 503.5276180410083 0 0 24.0 1 5
780.4226065180615 523.6067977499789 0 0 24.0 1 6
773.4321705988807 543.3471798181201 0 0 24.0 1 7
765.4181830570403 562.6946572303201 0 0 24.0 1 8
756.4026096753471 581.5961998958187 0 0 24.0 1 9
746.4101615137755 600.0 0 0 24.0 1 10
735.4682271781696 617.8556140060108 0 0 24.0 1 11
723.606797749979 635.1141009169893 0 0 24.0 1 12
710.8583845827884 651.728156419935 0 0 24.0 1 13
697.2579301909577 667.6522425435433 0 0 24.0 1 14
682.842712474619 682.842712474619 0 0 24.0 1 15
667.6522425435433 697.2579301909577 0 0 24.0 1 16
651.728156419935 710.8583845827884 0 0 24.0 1 17
635.1141009169893 723.606797749979 0 0 24.0 1 18
617.8556140060108 735.4682271781696 0 0 24.0 1 19
600.0 746.4101615137754 0 0 24.0 1 20
581.5961998958187 756.4026096753471 0 0 24.0 1 21
562.6946572303201 765.4181830570403 0 0 24.0 1 22
543.3471798181201 773.4321705988807 0 0 24.0 1 23
523.606797749979 780.4226065180615 0 0 24.0 1 24
503.5276180410083 786.3703305156273 0 0 24.0 1 25
483.1646763271038 791.2590402935223 0 0 24.0 1 26
462.57378601609236 795.0753362380551 0 0 24.0 1 27
441.8113853070614 797.8087581473094 0 0 24.0 1 28
420.9343824971776 799.4518139018296 0 0 24.0 1 29
400.0 800.0 0 0 24.0 1 30
379.0656175028225 799.4518139018296 0 0 24.0 1 31
358.1886146929386 797.8087581473094 0 0 24.0 1 32
337.4262139839077 795.0753362380551 0 0 24.0 1 33
316.83532367289627 791.2590402935223 0 0 24.0 1 34
296.47238195899166 786.3703305156273 0 0 24.0 1 35
276.3932022500211 780.4226065180615 0 0 24.0 1 36
256.65282018187986 773.4321705988807 0 0 24.0 1 37
237.3053427696799 765.4181830570403 0 0 24.0 1 38
218.4038001041813 756.4026096753471 0 0 24.0 1 39
200.00000000000009 746.4101615137755 0 0 24.0 1 40
182.14438599398918 735.4682271781696 0 0 24.0 1 41
164.8858990830108 723.606797749979 0 0 24.0 1 42
148.27184358006508 710.8583845827884 0 0 24.0 1 43
132.3477574564567 697.2579301909577 0 0 24.0 1 44
117.15728752538104 682.842712474619 0 0 24.0 1 45
102.74206980904233 667.6522425435434 0 0 24.0 1 46
89.14161541721165 651.728156419935 0 0 24.0 1 47
76.39320225002109 635.1141009169893 0 0 24.0 1 48
64.53177282183043 617.8556140060109 0 0 24.0 1 49
53.589838486224494 600.0 0 0 24.0 1 50
43.597390324652906 581.5961998958187 0 0 24.0 1 51
34.58181694295968 562.6946572303202 0 0 24.0 1 52
26.567829401119297 543.3471798181201 0 0 24.0 1 53
19.5773934819386 523.606797749979 0 0 24.0 1 54
13.629669484372698 503.5276180410084 0 0 24.0 1 55
8.740959706477724 483.16467632710373 0 0 24.0 1 56
4.924663761944942 462.5737860160924 0 0 24.0 1 57
2.1912418526906663 441.81138530706147 0 0 24.0 1 58
0.5481860981704472 420.9343824971775 0 0 24.0 1 59
0.0 400.00000000000006 0 0 24.0 1 60
0.5481860981704472 379.0656175028226 0 0 24.0 1 61
2.1912418526906663 358.1886146929386 0 0 24.0 1 62
4.924663761944885 337.4262139839077 0 0 24.0 1 63
8.740959706477781 316.8353236728962 0 0 24.0 1 64
13.629669484372698 296.47238195899166 0 0 24.0 1 65
19.577393481938543 276.3932022500211 0 0 24.0 1 66
26.567829401119297 256.65282018187986 0 0 24.0 1 67
34.58181694295968 237.30534276967992 0 0 24.0 1 68
43.59739032465285 218.40380010418136 0 0 24.0 1 69
53.58983848622455 199.99999999999994 0 0 24.0 1 70
64.53177282183037 182.14438599398918 0 0 24.0 1 71
76.39320225002103 164.8858990830108 0 0 24.0 1 72
89.14161541721171 148.27184358006497 0 0 24.0 1 73
102.74206980904228 132.3477574564567 0 0 24.0 1 74
117.15728752538092 117.15728752538104 0 0 24.0 1 75
132.34775745645675 102.74206980904228 0 0 24.0 1 76
148.27184358006485 89.14161541721177 0 0 24.0 1 77
164.8858990830107 76.39320225002109 0 0 24.0 1 78
182.1443859939892 64.53177282183032 0 0 24.0 1 79
199.99999999999983 53.58983848622461 0 0 24.0 1 80
218.40380010418124 43.597390324652906 0 0 24.0 1 81
237.30534276967995 34.58181694295962 0 0 24.0 1 82
256.65282018187975 26.567829401119354 0 0 24.0 1 83
276.393202250021 19.5773934819386 0 0 24.0 1 84
296.4723819589917 13.629669484372698 0 0 24.0 1 85
316.8353236728961 8.740959706477781 0 0 24.0 1 86
337.4262139839076 4.924663761944942 0 0 24.0 1 87
358.18861469293864 2.1912418526906663 0 0 24.0 1 88
379.0656175028223 0.5481860981704472 0 0 24.0 1 89
399.99999999999994 0.0 0 0 24.0 1 90
420.9343824971776 0.5481860981704472 0 0 24.0 1 91
441.8113853070612 2.1912418526906663 0 0 24.0 1 92
462.5737860160923 4.924663761944885 0 0 24.0 1 93
483.1646763271038 8.740959706477781 0 0 24.0 1 94
503.5276180410081 13.629669484372641 0 0 24.0 1 95
523.6067977499789 19.577393481938543 0 0 24.0 1 96
543.3471798181201 26.567829401119297 0 0 24.0 1 97
562.6946572303199 34.58181694295956 0 0 24.0 1 98
581.5961998958187 43.59739032465279 0 0 24.0 1 99
756.4026096753471 218.40380010418122 0 0 24.0 1 100
765.4181830570403 237.30534276967995 0 0 24.0 1 101
773.4321705988806 256.6528201818797 0 0 24.0 1 102
780.4226065180615 276.3932022500209 0 0 24.0 1 103
786.3703305156273 296.4723819589917 0 0 24.0 1 104
791.2590402935223 316.83532367289604 0 0 24.0 1 105
795.0753362380551 337.4262139839076 0 0 24.0 1 106
797.8087581473094 358.18861469293864 0 0 24.0 1 107
799.4518139018296 379.06561750282225 0 0 24.0 1 108
800.0 399.9999999999999 0 0 24.0 1 109
519.4515529315585 245.8691254088296 0 0 13.0 1 110
698.3520463709056 360.1621232205703 0 0 10.0 1 111
720.0413841864171 505.5580996799497 0 0 10.0 1 112
131.53300666796963 598.6994551861167 0 0 12.0 1 113
696.4110196938266 503.61711926156755 0 0 10.0 1 114
353.22223253122854 236.56242638047533 0 0 12.0 1 115
210.46981689738388 339.34268640065886 0 0 11.0 1 116
559.7298152017553 634.8241600338711 0 0 13.0 1 117
262.43626689587154 430.9389614314397 0 0 10.0 1 118
445.95711721159296 239.44800413074927 0 0 11.0 1 119
338.6082488080413 252.24664847935043 0 0 13.0 1 120
90.67598785554674 307.0072287171839 0 0 12.0 1 121
283.4314103888519 447.83057511746773 0 0 11.0 1 122
537.5503267610985 674.4611222157248 0 0 10.0 1 123
216.90594432870822 367.2499346895628 0 0 10.0 1 124
449.82321831368967 80.86578541800566 0 0 11.0 1 125
150.7942573368172 253.65281750682212 0 0 12.0 1 126
592.2444379782422 417.06095151009356 0 0 13.0 1 127
647.0906041733799 430.7771559640281 0 0 12.0 1 128
539.0295703263934 654.5010384553635 0 0 12.0 1 129
426.058460125044 165.44306308294463 0 0 13.0 1 130
236.62141773760044 226.93515996041154 0 0 10.0 1 131
126.21918853950945 618.046021004822 0 0 12.0 1 132
295.8921628243915 500.92848081001216 0 0 13.0 1 133
373.7775042764747 51.98652221784613 0 0 10.0 1 134
214.39788343268182 160.4987383629647 0 0 12.0 1 135
446.4906541906634 736.8065009362559 0 0 10.0 1 136
625.0639565298518 626.0690502283074 0 0 11.0 1 137
227.72777682465676 185.64683085565372 0 0 11.0 1 138
338.44779275415823 279.8487379044026 0 0 10.0 1 139
348.02729847607725 67.03177584594465 0 0 10.0 1 140
372.64599364398066 585.9993503651958 0 0 10.0 1 141
600.7222982378512 520.2770093996153 0 0 10.0 1 142
620.9103492421362 157.54873149905492 0 0 11.0 1 143
238.82698331225882 297.50971415898437 0 0 11.0 1 144
319.36121783370265 737.5002026825116 0 0 11.0 1 145
550.5522094796503 228.77490773605783 0 0 13.0 1 146
196.06319029055308 163.8776214639264 0 0 11.0 1 147
263.3099341739405 187.10372031322967 0 0 11.0 1 148
581.1743377931739 258.31069438660904 0 0 12.0 1 149
698.2226869503027 258.70870873213096 0 0 13.0 1 150
332.60735784372844 682.0606881208311 0 0 10.0 1 151
207.72276430330038 711.4248940480446 0 0 11.0 1 152
211.26990253433155 477.43997876161444 0 0 11.0 1 153
605.3471846325137 383.61300016780723 0 0 10.0 1 154
443.3446574184111 122.36311362990585 -3 -10 12.0 1 155
53.12233277967658 390.78674955368353 17 4 13.0 1 156
258.8219073727081 366.92816663503845 18 -15 11.0 1 157
409.7476440759123 714.8491439324066 21 21 11.0 1 158
318.38633261477275 240.6883265547264 -11 -16 10.0 1 159
149.28366346011532 451.74281198407454 12 18 12.0 1 160
398.9450670573045 160.002318518519 7 5 10.0 1 161
277.94977782422126 554.6374575154514 19 -9 12.0 1 162
279.1661852047981 262.56569132113026 10 6 13.0 1 163
298.19585292589085 549.6559909877087 -14 -11 12.0 1 164
569.0410773104845 207.7472648264509 -4 -3 11.0 1 165
584.1753797652508 330.08269535854777 0 -2 11.0 1 166
655.1128122090527 244.05625037601337 -15 12 10.0 1 167
287.5335223515783 624.39316256374 0 7 11.0 1 168
303.30205430910024 716.5604323018905 -17 -16 10.0 1 169
558.319473412094 537.9671857309457 7 4 13.0 1 170
634.9821139472205 202.43379305940115 21 -15 11.0 1 171
229.6308590983974 608.1714577660681 16 -5 13.0 1 172
364.2369805304153 697.8607165075954 -14 6 10.0 1 173
697.2912662864726 268.68776527000387 -12 -5 13.0 1 174
589.5320114919998 339.3483996930297 -12 15 12.0 1 175
500.79275215159333 194.3745611221523 -9 -9 11.0 1 176
714.93585402132 308.3517165907523 -2 -2 11.0 1 177
675.8270262998544 409.76993155449037 20 -12 12.0 1 178
513.4468131841229 653.7987797022805 -16 -7 10.0 1 179
216.27275879923758 154.04614082971406 -8 15 10.0 1 180
218.32957293561594 370.81342893993354 7 -16 11.0 1 181
35.23883359408387 351.28356045239366 19 8 11.0 1 182
621.8267308560737 437.65503256813156 18 9 12.0 1 183
255.12197250331238 182.90242482084463 17 3 13.0 1 184
192.1917867053487 496.2119872328013 10 -4 11.0 1 185
302.3044718796283 253.60470026233202 0 11 13.0 1 186
411.6675179551897 107.23239758339838 -15 0 12.0 1 187
597.7081266612114 190.58295997671445 -2 -2 11.0 1 188
762.6456657732103 468.1844637428863 15 -11 12.0 1 189
695.7753731946756 226.31658509935272 9 -10 12.0 1 190
81.31776147375285 477.6249370234858 -13 -2 10.0 1 191
301.90962957969816 538.8462431281739 19 8 11.0 1 192
393.5477871706243 108.07129474886437 -11 1 10.0 1 193
382.72533234966454 569.1200338740814 -13 -4 12.0 1 194
693.1884165778125 227.83568202268202 -5 -9 11.0 1 195
522.1271455789843 487.0916776318471 -11 16 13.0 1 196
161.5913579961987 352.98596573465215 22 -4 10.0 1 197
264.1237552840481 370.6973359250261 -1 20 13.0 1 198
623.1054558175231 632.1808682567435 10 -4 12.0 1 199
699.5731294349141 312.82236456193516 -14 16 10.0 1 200
293.46640984393156 632.7801412673746 22 0 12.0 1 201
697.74076763793 450.5414214914477 -10 -6 10.0 1 202
273.30019910945566 317.85281225570515 15 -14 13.0 1 203
61.01000295971926 354.72548281173545 1 11 10.0 1 204
623.6592927981526 571.757156313879 6 19 12.0 1 205
183.8022534457595 330.8079890097968 8 -4 13.0 1 206
592.1521620990274 181.46271118944225 5 19 12.0 1 207
354.7906891567003 524.0166045861356 -5 15 10.0 1 208
207.89337902288847 542.183143082281 16 -14 13.0 1 209
260.66464312880083 570.251749845855 -9 -3 10.0 1 210
269.2761579741659 565.6269215013211 11 5 12.0 1 211
340.0970908353601 726.5511314842025 -7 0 11.0 1 212
346.5259129175955 167.05897310541576 14 9 10.0 1 213
396.25595728309725 681.9751445502493 14 14 13.0 1 214
247.80182720394296 434.2303403071247 13 -8 12.0 1 215
483.24874060993193 586.240831148436 21 -10 10.0 1 216
102.16790161942737 310.4620685171647 17 -12 13.0 1 217
611.4835917935627 106.1995738565144 8 -3 13.0 1 218
325.67863293184814 603.8757817817532 13 14 12.0 1 219
