400 400 7.0710678118654755 7.0710678118654755 5 2 -1 10 187
742.842712474619 742.842712474619
800.0 400.0 0 0 24.0 1 0
799.4518139018296 420.9343824971775 0 0 24.0 1 1
797.8087581473094 441.8113853070614 0 0 24.0 1 2
795.0753362380551 462.57378601609236 0 0 24.0 1 3
791.2590402935223 483.16467632710373 0 0 24.0 1 4
786.3703305156273 503.5276180410083 0 0 24.0 1 5
780.4226065180615 523.6067977499789 0 0 24.0 1 6
773.4321705988807 543.3471798181201 0 0 24.0 1 7
765.4181830570403 562.6946572303201 0 0 24.0 1 8
756.4026096753471 581.5961998958187 0 0 24.0 1 9
581.5961998958187 756.4026096753471 0 0 24.0 1 10
562.6946572303201 765.4181830570403 0 0 24.0 1 11
543.3471798181201 773.4321705988807 0 0 24.0 1 12
523.606797749979 780.4226065180615 0 0 24.0 1 13
503.5276180410083 786.3703305156273 0 0 24.0 1 14
483.1646763271038 791.2590402935223 0 0 24.0 1 15
462.57378601609236 795.0753362380551 0 0 24.0 1 16
441.8113853070614 797.8087581473094 0 0 24.0 1 17
420.9343824971776 799.4518139018296 0 0 24.0 1 18
400.0 800.0 0 0 24.0 1 19
379.0656175028225 799.4518139018296 0 0 24.0 1 20
358.1886146929386 797.8087581473094 0 0 24.0 1 21
337.4262139839077 795.0753362380551 0 0 24.0 1 22
316.83532367289627 791.2590402935223 0 0 24.0 1 23
296.47238195899166 786.3703305156273 0 0 24.0 1 24
276.3932022500211 780.4226065180615 0 0 24.0 1 25
256.65282018187986 773.4321705988807 0 0 24.0 1 26
237.3053427696799 765.4181830570403 0 0 24.0 1 27
218.4038001041813 756.4026096753471 0 0 24.0 1 28
200.00000000000009 746.4101615137755 0 0 24.0 1 29
182.14438599398918 735.4682271781696 0 0 24.0 1 30
164.8858990830108 723.606797749979 0 0 24.0 1 31
148.27184358006508 710.8583845827884 0 0 24.0 1 32
132.3477574564567 697.2579301909577 0 0 24.0 1 33
117.15728752538104 682.842712474619 0 0 24.0 1 34
102.74206980904233 667.6522425435434 0 0 24.0 1 35
89.14161541721165 651.728156419935 0 0 24.0 1 36
76.39320225002109 635.1141009169893 0 0 24.0 1 37
64.53177282183043 617.8556140060109 0 0 24.0 1 38
53.589838486224494 600.0 0 0 24.0 1 39
43.597390324652906 581.5961998958187 0 0 24.0 1 40
34.58181694295968 562.6946572303202 0 0 24.0 1 41
26.567829401119297 543.3471798181201 0 0 24.0 1 42
19.5773934819386 523.606797749979 0 0 24.0 1 43
13.629669484372698 503.5276180410084 0 0 24.0 1 44
8.740959706477724 483.16467632710373 0 0 24.0 1 45
4.924663761944942 462.5737860160924 0 0 24.0 1 46
2.1912418526906663 441.81138530706147 0 0 24.0 1 47
0.5481860981704472 420.9343824971775 0 0 24.0 1 48
0.0 400.00000000000006 0 0 24.0 1 49
0.5481860981704472 379.0656175028226 0 0 24.0 1 50
2.1912418526906663 358.1886146929386 0 0 24.0 1 51
4.924663761944885 337.4262139839077 0 0 24.0 1 52
8.740959706477781 316.8353236728962 0 0 24.0 1 53
13.629669484372698 296.47238195899166 0 0 24.0 1 54
19.577393481938543 276.3932022500211 0 0 24.0 1 55
26.567829401119297 256.65282018187986 0 0 24.0 1 56
34.58181694295968 237.30534276967992 0 0 24.0 1 57
43.59739032465285 218.40380010418136 0 0 24.0 1 58
53.58983848622455 199.99999999999994 0 0 24.0 1 59
64.53177282183037 182.14438599398918 0 0 24.0 1 60
76.39320225002103 164.8858990830108 0 0 24.0 1 61
89.14161541721171 148.27184358006497 0 0 24.0 1 62
102.74206980904228 132.3477574564567 0 0 24.0 1 63
117.15728752538092 117.15728752538104 0 0 24.0 1 64
132.34775745645675 102.74206980904228 0 0 24.0 1 65
148.27184358006485 89.14161541721177 0 0 24.0 1 66
164.8858990830107 76.39320225002109 0 0 24.0 1 67
182.1443859939892 64.53177282183032 0 0 24.0 1 68
199.99999999999983 53.58983848622461 0 0 24.0 1 69
218.40380010418124 43.597390324652906 0 0 24.0 1 70
237.30534276967995 34.58181694295962 0 0 24.0 1 71
256.65282018187975 26.567829401119354 0 0 24.0 1 72
276.393202250021 19.5773934819386 0 0 24.0 1 73
296.4723819589917 13.629669484372698 0 0 24.0 1 74
316.8353236728961 8.740959706477781 0 0 24.0 1 75
337.4262139839076 4.924663761944942 0 0 24.0 1 76
358.18861469293864 2.1912418526906663 0 0 24.0 1 77
379.0656175028223 0.5481860981704472 0 0 24.0 1 78
399.99999999999994 0.0 0 0 24.0 1 79
420.9343824971776 0.5481860981704472 0 0 24.0 1 80
441.8113853070612 2.1912418526906663 0 0 24.0 1 81
462.5737860160923 4.924663761944885 0 0 24.0 1 82
483.1646763271038 8.740959706477781 0 0 24.0 1 83
503.5276180410081 13.629669484372641 0 0 24.0 1 84
523.6067977499789 19.577393481938543 0 0 24.0 1 85
543.3471798181201 26.567829401119297 0 0 24.0 1 86
562.6946572303199 34.58181694295956 0 0 24.0 1 87
581.5961998958187 43.59739032465279 0 0 24.0 1 88
600.0 53.58983848622455 0 0 24.0 1 89
617.8556140060107 64.53177282183032 0 0 24.0 1 90
635.1141009169892 76.39320225002098 0 0 24.0 1 91
651.728156419935 89.14161541721171 0 0 24.0 1 92
667.6522425435431 102.74206980904216 0 0 24.0 1 93
682.842712474619 117.15728752538092 0 0 24.0 1 94
697.2579301909577 132.34775745645675 0 0 24.0 1 95
710.8583845827882 148.27184358006485 0 0 24.0 1 96
723.6067977499789 164.88589908301066 0 0 24.0 1 97
735.4682271781696 182.1443859939892 0 0 24.0 1 98
746.4101615137754 199.99999999999983 0 0 24.0 1 99
756.4026096753471 218.40380010418122 0 0 24.0 1 100
765.4181830570403 237.30534276967995 0 0 24.0 1 101
773.4321705988806 256.6528201818797 0 0 24.0 1 102
780.4226065180615 276.3932022500209 0 0 24.0 1 103
786.3703305156273 296.4723819589917 0 0 24.0 1 104
791.2590402935223 316.83532367289604 0 0 24.0 1 105
795.0753362380551 337.4262139839076 0 0 24.0 1 106
797.8087581473094 358.18861469293864 0 0 24.0 1 107
799.4518139018296 379.06561750282225 0 0 24.0 1 108
800.0 399.9999999999999 0 0 24.0 1 109
358.66859344685076 135.2062787142824 0 0 13.0 1 110
489.7126958741276 86.58712183607338 0 0 10.0 1 111
201.5448052177109 368.1168435702535 0 0 10.0 1 112
156.46184583629042 434.71552198272735 0 0 10.0 1 113
318.1089770359913 652.0294831124093 0 0 10.0 1 114
588.376415026553 589.2176689998687 0 0 12.0 1 115
252.28417187310336 259.30162004918066 0 0 13.0 1 116
255.26723608612906 151.0091828001448 0 0 12.0 1 117
407.2133225413976 74.07981348508991 0 0 13.0 1 118
392.53134268380484 62.08252611341146 0 0 13.0 1 119
601.9829280715393 166.15411748836078 0 0 10.0 1 120
681.5015985692264 362.41210297223245 0 0 12.0 1 121
309.43201803372057 510.66363739980574 0 0 12.0 1 122
475.58126288415434 619.3432759416991 0 0 13.0 1 123
651.4882089180328 304.5291626977124 0 0 12.0 1 124
646.0 400.0 0 0 13.0 1 125
188.6634002073384 290.5429692158773 0 0 13.0 1 126
515.7631228898391 90.97103796117744 0 0 11.0 1 127
561.5269362965047 234.86354475566296 0 0 10.0 1 128
398.51430277237057 62.003265246914225 0 0 11.0 1 129
561.7500742179153 420.1472948680184 0 0 13.0 1 130
420.0246712222168 701.3353821615412 0 0 13.0 1 131
68.49991417742507 542.9289792156421 0 0 13.0 1 132
236.24888602243473 467.1905698078713 0 0 10.0 1 133
236.89993123848035 267.7186045961581 0 0 11.0 1 134
125.53504574821574 581.411104642373 0 0 13.0 1 135
190.13608682417873 451.1188609666858 0 0 10.0 1 136
135.6859834307458 320.53868460044197 0 0 11.0 1 137
544.770504888708 702.1034606128644 0 0 13.0 1 138
544.2840382505813 466.8065588554359 0 0 13.0 1 139
225.91398512964128 587.6967219387628 0 0 12.0 1 140
141.02390035756508 537.0415258744283 0 0 11.0 1 141
289.45725033458586 329.70561547029814 0 0 10.0 1 142
332.23156051424746 596.6505494771523 0 0 10.0 1 143
395.38472027204875 548.9285036285289 0 0 11.0 1 144
409.7785889777406 715.8486650242555 0 0 12.0 1 145
159.28150804871314 484.14040428176133 0 0 10.0 1 146
505.4038118390827 247.96370022329782 0 0 10.0 1 147
379.86352763924134 132.75755860854662 0 0 11.0 1 148
171.68862571611433 149.41086142331812 0 0 12.0 1 149
156.6675547099804 338.43441652043236 0 0 12.0 1 150
768.551513222537 432.70752362038667 0 0 12.0 1 151
326.4263888468939 262.4393815734622 0 0 13.0 1 152
76.23517752570194 336.1537806273054 0 0 11.0 1 153
392.9511784500998 81.07788707153333 0 0 10.0 1 154
431.64692064349407 60.47169129248681 4 15 13.0 1 155
134.11438211645054 523.1009268961169 5 10 12.0 1 156
545.2863352376546 190.43645165914026 -17 16 12.0 1 157
256.3454272161788 721.3523980279248 11 15 12.0 1 158
246.57281878983397 477.74381046683317 6 -6 11.0 1 159
197.28991453925414 235.5931228552251 21 7 11.0 1 160
551.1630294644472 591.5352148382398 -10 -1 12.0 1 161
331.87059761801004 77.10933037470267 22 -1 12.0 1 162
100.03227353006503 442.7593624421398 -17 3 13.0 1 163
656.3063740671382 192.13696188943024 -1 4 13.0 1 164
207.96762731707813 344.1111116431236 11 -4 12.0 1 165
252.7855547410703 216.8254736402859 -6 -11 12.0 1 166
436.55759362335743 165.83650508999176 -12 3 11.0 1 167
396.28251077754334 679.9753208300349 10 -17 13.0 1 168
538.2166329116465 414.7364305911288 6 6 12.0 1 169
138.13492743072788 526.9160500815002 -13 10 11.0 1 170
565.6905975526191 513.7876350165343 -4 -1 11.0 1 171
223.04118926167155 198.73008346482465 -4 12 11.0 1 172
483.82210852961447 274.40201386308166 -17 -3 12.0 1 173
76.00000014720649 399.99023322951155 -13 4 11.0 1 174
489.3490335666963 217.72068082007388 17 -1 13.0 1 175
410.05709309419524 724.8443548508958 -14 6 13.0 1 176
341.00085611948265 93.62914462800802 -9 15 13.0 1 177
498.5943637134509 299.2024234222878 13 -7 10.0 1 178
165.47288956786284 611.78534999464 6 14 11.0 1 179
269.92622716203755 86.94758646562371 3 19 12.0 1 180
115.06866357118429 480.18811333912925 -17 15 12.0 1 181
578.4845367261316 307.56477863033933 -5 -17 10.0 1 182
479.84894230029494 529.337335729186 -4 -10 10.0 1 183
756.31561704614 377.9051804934167 1 22 12.0 1 184
173.63680796898154 604.4130751530544 22 -10 11.0 1 185
550.0560100888395 567.6549845254178 0 10 13.0 1 186
563.5183459341445 164.13828088695394 -14 9 12.0 1 187
405.38441291812296 573.9166699817104 3 14 11.0 1 188
132.98486499166995 547.4039269371183 -16 -5 11.0 1 189
559.8726308379402 160.4488741229637 -15 -5 12.0 1 190
270.9944806703859 681.8822023159613 -5 9 13.0 1 191
230.0526585754609 203.23135121993866 11 16 12.0 1 192
137.36775217866216 357.8063700979474 -6 18 12.0 1 193
741.9163645689316 506.09995117795995 19 0 12.0 1 194
530.4818370573064 358.2448781806285 13 -1 10.0 1 195
275.4018698881364 723.8584659579353 -1 -16 12.0 1 196
507.60348160137033 153.4589471360529 13 3 12.0 1 197
221.397406192372 618.2317884387777 11 14 13.0 1 198
626.707307459051 432.32331580558065 14 -9 12.0 1 199
595.3941846240479 325.82377324840854 -12 -9 12.0 1 200
256.529398914675 303.32949454867037 6 -15 13.0 1 201
555.5617521242607 580.1236832735498 -8 -10 12.0 1 202
222.44770611625682 351.71767469745384 20 1 12.0 1 203
287.95775904369395 65.25302653871677 17 -16 10.0 1 204
676.3562100838201 491.14957568802777 9 -5 10.0 1 205
335.30295463752515 268.0026806281056 15 12 10.0 1 206
534.3099610415481 488.77969567991215 20 6 12.0 1 207
585.5338691808503 413.1599159109442 1 20 13.0 1 208
512.2389498871671 589.2152692787397 -14 17 10.0 1 209
581.1806003296392 437.3977280618959 11 20 10.0 1 210
430.1414377903236 757.7324331507168 -3 -12 12.0 1 211
568.4489905767457 434.76977960349245 22 14 10.0 1 212
318.2504983175221 507.43378879415235 12 -10 13.0 1 213
102.5304162582284 245.93233061898692 9 -1 13.0 1 214
231.62631527339988 575.2121636519207 -5 -16 11.0 1 215
459.7060260449549 547.3641423614279 7 14 13.0 1 216
653.0056334014173 422.453272971833 -17 6 13.0 1 217
302.4618099564396 618.1909747973693 10 -11 13.0 1 218
393.6334784110148 240.12671454286996 16 3 11.0 1 219
