400 400 -7.071067811865475 -7.071067811865477 5 2 -1 10 187
57.15728752538104 57.15728752538092
800.0 400.0 0 0 24.0 1 0
799.4518139018296 420.9343824971775 0 0 24.0 1 1
797.8087581473094 441.8113853070614 0 0 24.0 1 2
795.0753362380551 462.57378601609236 0 0 24.0 1 3
791.2590402935223 483.16467632710373 0 0 24.0 1 4
786.3703305156273 503.5276180410083 0 0 24.0 1 5
780.4226065180615 523.6067977499789 0 0 24.0 1 6
773.4321705988807 543.3471798181201 0 0 24.0 1 7
765.4181830570403 562.6946572303201 0 0 24.0 1 8
756.4026096753471 581.5961998958187 0 0 24.0 1 9
746.4101615137755 600.0 0 0 24.0 1 10
735.4682271781696 617.8556140060108 0 0 24.0 1 11
723.606797749979 635.1141009169893 0 0 24.0 1 12
710.8583845827884 651.728156419935 0 0 24.0 1 13
697.2579301909577 667.6522425435433 0 0 24.0 1 14
682.842712474619 682.842712474619 0 0 24.0 1 15
667.6522425435433 697.2579301909577 0 0 24.0 1 16
651.728156419935 710.8583845827884 0 0 24.0 1 17
635.1141009169893 723.606797749979 0 0 24.0 1 18
617.8556140060108 735.4682271781696 0 0 24.0 1 19
600.0 746.4101615137754 0 0 24.0 1 20
581.5961998958187 756.4026096753471 0 0 24.0 1 21
562.6946572303201 765.4181830570403 0 0 24.0 1 22
543.3471798181201 773.4321705988807 0 0 24.0 1 23
523.606797749979 780.4226065180615 0 0 24.0 1 24
503.5276180410083 786.3703305156273 0 0 24.0 1 25
483.1646763271038 791.2590402935223 0 0 24.0 1 26
462.57378601609236 795.0753362380551 0 0 24.0 1 27
441.8113853070614 797.8087581473094 0 0 24.0 1 28
420.9343824971776 799.4518139018296 0 0 24.0 1 29
400.0 800.0 0 0 24.0 1 30
379.0656175028225 799.4518139018296 0 0 24.0 1 31
358.1886146929386 797.8087581473094 0 0 24.0 1 32
337.4262139839077 795.0753362380551 0 0 24.0 1 33
316.83532367289627 791.2590402935223 0 0 24.0 1 34
296.47238195899166 786.3703305156273 0 0 24.0 1 35
276.3932022500211 780.4226065180615 0 0 24.0 1 36
256.65282018187986 773.4321705988807 0 0 24.0 1 37
237.3053427696799 765.4181830570403 0 0 24.0 1 38
218.4038001041813 756.4026096753471 0 0 24.0 1 39
200.00000000000009 746.4101615137755 0 0 24.0 1 40
182.14438599398918 735.4682271781696 0 0 24.0 1 41
164.8858990830108 723.606797749979 0 0 24.0 1 42
148.27184358006508 710.8583845827884 0 0 24.0 1 43
132.3477574564567 697.2579301909577 0 0 24.0 1 44
117.15728752538104 682.842712474619 0 0 24.0 1 45
102.74206980904233 667.6522425435434 0 0 24.0 1 46
89.14161541721165 651.728156419935 0 0 24.0 1 47
76.39320225002109 635.1141009169893 0 0 24.0 1 48
64.53177282183043 617.8556140060109 0 0 24.0 1 49
53.589838486224494 600.0 0 0 24.0 1 50
43.597390324652906 581.5961998958187 0 0 24.0 1 51
34.58181694295968 562.6946572303202 0 0 24.0 1 52
26.567829401119297 543.3471798181201 0 0 24.0 1 53
19.5773934819386 523.606797749979 0 0 24.0 1 54
13.629669484372698 503.5276180410084 0 0 24.0 1 55
8.740959706477724 483.16467632710373 0 0 24.0 1 56
4.924663761944942 462.5737860160924 0 0 24.0 1 57
2.1912418526906663 441.81138530706147 0 0 24.0 1 58
0.5481860981704472 420.9343824971775 0 0 24.0 1 59
0.0 400.00000000000006 0 0 24.0 1 60
0.5481860981704472 379.0656175028226 0 0 24.0 1 61
2.1912418526906663 358.1886146929386 0 0 24.0 1 62
4.924663761944885 337.4262139839077 0 0 24.0 1 63
8.740959706477781 316.8353236728962 0 0 24.0 1 64
13.629669484372698 296.47238195899166 0 0 24.0 1 65
19.577393481938543 276.3932022500211 0 0 24.0 1 66
26.567829401119297 256.65282018187986 0 0 24.0 1 67
34.58181694295968 237.30534276967992 0 0 24.0 1 68
43.59739032465285 218.40380010418136 0 0 24.0 1 69
218.40380010418124 43.597390324652906 0 0 24.0 1 70
237.30534276967995 34.58181694295962 0 0 24.0 1 71
256.65282018187975 26.567829401119354 0 0 24.0 1 72
276.393202250021 19.5773934819386 0 0 24.0 1 73
296.4723819589917 13.629669484372698 0 0 24.0 1 74
316.8353236728961 8.740959706477781 0 0 24.0 1 75
337.4262139839076 4.924663761944942 0 0 24.0 1 76
358.18861469293864 2.1912418526906663 0 0 24.0 1 77
379.0656175028223 0.5481860981704472 0 0 24.0 1 78
399.99999999999994 0.0 0 0 24.0 1 79
420.9343824971776 0.5481860981704472 0 0 24.0 1 80
441.8113853070612 2.1912418526906663 0 0 24.0 1 81
462.5737860160923 4.924663761944885 0 0 24.0 1 82
483.1646763271038 8.740959706477781 0 0 24.0 1 83
503.5276180410081 13.629669484372641 0 0 24.0 1 84
523.6067977499789 19.577393481938543 0 0 24.0 1 85
543.3471798181201 26.567829401119297 0 0 24.0 1 86
562.6946572303199 34.58181694295956 0 0 24.0 1 87
581.5961998958187 43.59739032465279 0 0 24.0 1 88
600.0 53.58983848622455 0 0 24.0 1 89
617.8556140060107 64.53177282183032 0 0 24.0 1 90
635.1141009169892 76.39320225002098 0 0 24.0 1 91
651.728156419935 89.14161541721171 0 0 24.0 1 92
667.6522425435431 102.74206980904216 0 0 24.0 1 93
682.842712474619 117.15728752538092 0 0 24.0 1 94
697.2579301909577 132.34775745645675 0 0 24.0 1 95
710.8583845827882 148.27184358006485 0 0 24.0 1 96
723.6067977499789 164.88589908301066 0 0 24.0 1 97
735.4682271781696 182.1443859939892 0 0 24.0 1 98
746.4101615137754 199.99999999999983 0 0 24.0 1 99
756.4026096753471 218.40380010418122 0 0 24.0 1 100
765.4181830570403 237.30534276967995 0 0 24.0 1 101
773.4321705988806 256.6528201818797 0 0 24.0 1 102
780.4226065180615 276.3932022500209 0 0 24.0 1 103
786.3703305156273 296.4723819589917 0 0 24.0 1 104
791.2590402935223 316.83532367289604 0 0 24.0 1 105
795.0753362380551 337.4262139839076 0 0 24.0 1 106
797.8087581473094 358.18861469293864 0 0 24.0 1 107
799.4518139018296 379.06561750282225 0 0 24.0 1 108
800.0 399.9999999999999 0 0 24.0 1 109
79.65824003675465 448.55055945764695 0 0 13.0 1 110
547.5025295020022 629.7215788525557 0 0 10.0 1 111
222.82683037716214 271.27289343033794 0 0 10.0 1 112
359.34936786957206 738.5683477636335 0 0 13.0 1 113
174.00666863981286 369.81698854115695 0 0 12.0 1 114
583.1982478054231 559.6477434886658 0 0 11.0 1 115
262.146863877815 533.643229762223 0 0 10.0 1 116
507.6316234437851 277.58907877621675 0 0 11.0 1 117
682.3085583675324 510.04943376703727 0 0 12.0 1 118
438.97727298364634 49.1584799503367 0 0 13.0 1 119
393.216337881444 93.07495715034713 0 0 13.0 1 120
572.5267724526443 663.5517269665928 0 0 12.0 1 121
64.48679292392904 258.8373708181605 0 0 13.0 1 122
336.9096939619237 555.7036071644517 0 0 11.0 1 123
418.7648409135343 682.3771958666099 0 0 10.0 1 124
492.68710231935097 311.7214575129258 0 0 13.0 1 125
456.8399869831576 278.6524994911124 0 0 10.0 1 126
257.0645164547947 685.184935688578 0 0 10.0 1 127
205.83325147438137 242.52214832875967 0 0 10.0 1 128
317.044393035377 136.76176707565634 0 0 10.0 1 129
750.6668040419619 359.4809607345349 0 0 11.0 1 130
388.3101982206947 274.5434396519634 0 0 10.0 1 131
720.9085159061966 342.60902145038506 0 0 13.0 1 132
246.94753846669545 369.81815084199894 0 0 13.0 1 133
297.45298252070313 190.77975909080692 0 0 13.0 1 134
354.19616512580103 106.55322678411147 0 0 10.0 1 135
263.00911135359127 235.5935024767353 0 0 11.0 1 136
554.1111142550831 208.25599236727962 0 0 12.0 1 137
629.7234894793901 245.22235826382231 0 0 12.0 1 138
509.0577725167288 212.395623042293 0 0 10.0 1 139
259.45773612111805 520.3032504290666 0 0 13.0 1 140
631.0381601225729 321.53109808862905 0 0 13.0 1 141
110.34542244329947 495.5260472355543 0 0 10.0 1 142
544.5743650769743 535.285819517752 0 0 11.0 1 143
149.38017823948098 240.63028850899659 0 0 11.0 1 144
361.23453687337803 198.69863669468478 0 0 11.0 1 145
725.4848119231671 440.541795808037 0 0 11.0 1 146
65.71012688538167 510.2464545144758 0 0 12.0 1 147
390.9243157027536 692.8594064641543 0 0 10.0 1 148
556.2993882613025 131.12921090393144 0 0 12.0 1 149
156.34363199376537 412.9450504058642 0 0 12.0 1 150
132.89878804287048 282.0129559187427 0 0 11.0 1 151
540.6607054494204 504.1132361540615 0 0 12.0 1 152
671.1898233204352 217.28415578436787 0 0 13.0 1 153
96.55160799637622 524.5113384010272 0 0 10.0 1 154
316.13162028146706 163.42634364031997 -17 -17 11.0 1 155
661.9385730708333 239.88384235931807 2 -10 10.0 1 156
558.6854750966766 690.4822197542253 15 9 13.0 1 157
512.1792134427787 512.6801849100341 -7 19 11.0 1 158
445.59862443517176 518.5317065161055 7 6 12.0 1 159
213.46823815363558 413.22504527369136 21 -11 11.0 1 160
119.69536587051823 585.2709153794447 -15 6 13.0 1 161
638.2348176802068 173.09655876369212 19 -9 13.0 1 162
326.8089776184207 762.6886739929153 10 9 13.0 1 163
293.1268863853552 496.50977974439286 -2 19 12.0 1 164
549.6475867694036 698.5993968079872 -1 -11 12.0 1 165
476.63428108071224 91.3720897857059 -7 15 13.0 1 166
272.3162090359342 624.1893162598182 16 -3 11.0 1 167
620.8406768162027 104.38133437930298 -8 2 12.0 1 168
560.4955309421498 452.93566423119137 11 16 12.0 1 169
273.46966320540264 613.2933985632133 -12 -7 13.0 1 170
177.53236469700704 458.37937343526835 0 10 13.0 1 171
345.92259482450606 533.4602347123871 14 -13 13.0 1 172
149.28683427282613 294.5158375344496 -6 -11 13.0 1 173
201.82599032594712 316.62097452171565 16 -5 13.0 1 174
555.5062008267703 331.3136002950789 -12 14 13.0 1 175
370.1249865341257 692.4781762292937 -16 5 11.0 1 176
225.8807396643777 191.03473211996263 11 2 10.0 1 177
153.99482929113722 511.2719910152743 -4 18 12.0 1 178
127.31403079025091 320.6377785332355 13 8 11.0 1 179
632.6226985256214 485.9690649632635 -16 22 11.0 1 180
221.00000008132704 399.9946041607487 -2 -17 12.0 1 181
39.12116547350445 454.69430309271957 -12 11 13.0 1 182
287.2067042193842 747.1349484378468 -15 -3 10.0 1 183
477.8597362491017 681.4282527949536 18 6 12.0 1 184
463.88626482235594 690.047487779239 -1 15 12.0 1 185
555.5726112654575 219.8856956706468 11 -10 10.0 1 186
119.20985690827615 468.3951426822787 -7 -4 13.0 1 187
202.47242068951644 572.124534601377 8 -5 13.0 1 188
496.6575612683062 497.0892159287715 -7 -15 12.0 1 189
709.4520340218173 282.5247317953264 -3 5 10.0 1 190
124.52507657845388 192.30174154342728 -11 4 12.0 1 191
541.5655247519504 329.83446571353625 -4 -7 12.0 1 192
319.47228958726055 98.57125575738138 3 7 12.0 1 193
672.2633608317597 550.3118835907364 9 19 12.0 1 194
593.9605045043822 91.98161955427804 8 -12 10.0 1 195
499.0252829715724 724.2144249295518 17 14 12.0 1 196
304.3709816157608 251.0567529464097 -9 3 12.0 1 197
656.5586089527003 547.6268274137713 14 5 13.0 1 198
288.489031708127 293.7865170959501 -4 -6 11.0 1 199
644.8264053389446 568.1339681587596 -4 17 11.0 1 200
235.78369020492087 570.8859373889104 20 0 12.0 1 201
192.13013513759702 407.35658086928464 19 -10 13.0 1 202
468.8336860038852 712.509077741941 -4 4 11.0 1 203
554.1262392426867 338.346919161277 0 12 13.0 1 204
121.88482200352883 377.7975729256649 0 18 10.0 1 205
549.200388080294 163.06278427252158 12 -15 12.0 1 206
330.74825047390027 689.841672620716 -16 -4 13.0 1 207
283.6737226243218 596.0923180339219 -6 -13 11.0 1 208
342.04843938834483 529.6364787499015 6 11 13.0 1 209
687.6599163592865 579.3677019983483 7 -3 12.0 1 210
741.9464115575104 406.05405838605145 -13 -13 10.0 1 211
325.68140902909477 254.92847613642684 19 19 10.0 1 212
587.0669581779171 311.37182638651853 10 -10 11.0 1 213
164.8642736013512 235.43940273874864 10 17 11.0 1 214
454.0909626766949 89.67892795250208 1 18 11.0 1 215
367.38046795044113 245.40386120970612 8 9 11.0 1 216
208.4294286086123 270.9197297152766 7 20 10.0 1 217
699.7477725225723 456.3584320910036 14 -6 13.0 1 218
592.184900814023 210.35569109750713 14 -8 13.0 1 219
