400 400 -7.071067811865475 -7.071067811865477 5 2 -1 10 187
57.15728752538104 57.15728752538092
800.0 400.0 0 0 24.0 1 0
799.4518139018296 420.9343824971775 0 0 24.0 1 1
797.8087581473094 441.8113853070614 0 0 24.0 1 2
795.0753362380551 462.57378601609236 0 0 24.0 1 3
791.2590402935223 483.16467632710373 0 0 24.0 1 4
786.3703305156273 503.5276180410083 0 0 24.0 1 5
780.4226065180615 523.6067977499789 0 0 24.0 1 6
773.4321705988807 543.3471798181201 0 0 24.0 1 7
765.4181830570403 562.6946572303201 0 0 24.0 1 8
756.4026096753471 581.5961998958187 0 0 24.0 1 9
746.4101615137755 600.0 0 0 24.0 1 10
735.4682271781696 617.8556140060108 0 0 24.0 1 11
723.606797749979 635.1141009169893 0 0 24.0 1 12
710.8583845827884 651.728156419935 0 0 24.0 1 13
697.2579301909577 667.6522425435433 0 0 24.0 1 14
682.842712474619 682.842712474619 0 0 24.0 1 15
667.6522425435433 697.2579301909577 0 0 24.0 1 16
651.728156419935 710.8583845827884 0 0 24.0 1 17
635.1141009169893 723.606797749979 0 0 24.0 1 18
617.8556140060108 735.4682271781696 0 0 24.0 1 19
600.0 746.4101615137754 0 0 24.0 1 20
581.5961998958187 756.4026096753471 0 0 24.0 1 21
562.6946572303201 765.4181830570403 0 0 24.0 1 22
543.3471798181201 773.4321705988807 0 0 24.0 1 23
523.606797749979 780.4226065180615 0 0 24.0 1 24
503.5276180410083 786.3703305156273 0 0 24.0 1 25
483.1646763271038 791.2590402935223 0 0 24.0 1 26
462.57378601609236 795.0753362380551 0 0 24.0 1 27
441.8113853070614 797.8087581473094 0 0 24.0 1 28
420.9343824971776 799.4518139018296 0 0 24.0 1 29
400.0 800.0 0 0 24.0 1 30
379.0656175028225 799.4518139018296 0 0 24.0 1 31
358.1886146929386 797.8087581473094 0 0 24.0 1 32
337.4262139839077 795.0753362380551 0 0 24.0 1 33
316.83532367289627 791.2590402935223 0 0 24.0 1 34
296.47238195899166 786.3703305156273 0 0 24.0 1 35
276.3932022500211 780.4226065180615 0 0 24.0 1 36
256.65282018187986 773.4321705988807 0 0 24.0 1 37
237.3053427696799 765.4181830570403 0 0 24.0 1 38
218.4038001041813 756.4026096753471 0 0 24.0 1 39
200.00000000000009 746.4101615137755 0 0 24.0 1 40
182.14438599398918 735.4682271781696 0 0 24.0 1 41
164.8858990830108 723.606797749979 0 0 24.0 1 42
148.27184358006508 710.8583845827884 0 0 24.0 1 43
132.3477574564567 697.2579301909577 0 0 24.0 1 44
117.15728752538104 682.842712474619 0 0 24.0 1 45
102.74206980904233 667.6522425435434 0 0 24.0 1 46
89.14161541721165 651.728156419935 0 0 24.0 1 47
76.39320225002109 635.1141009169893 0 0 24.0 1 48
64.53177282183043 617.8556140060109 0 0 24.0 1 49
53.589838486224494 600.0 0 0 24.0 1 50
43.597390324652906 581.5961998958187 0 0 24.0 1 51
34.58181694295968 562.6946572303202 0 0 24.0 1 52
26.567829401119297 543.3471798181201 0 0 24.0 1 53
19.5773934819386 523.606797749979 0 0 24.0 1 54
13.629669484372698 503.5276180410084 0 0 24.0 1 55
8.740959706477724 483.16467632710373 0 0 24.0 1 56
4.924663761944942 462.5737860160924 0 0 24.0 1 57
2.1912418526906663 441.81138530706147 0 0 24.0 1 58
0.5481860981704472 420.9343824971775 0 0 24.0 1 59
0.0 400.00000000000006 0 0 24.0 1 60
0.5481860981704472 379.0656175028226 0 0 24.0 1 61
2.1912418526906663 358.1886146929386 0 0 24.0 1 62
4.924663761944885 337.4262139839077 0 0 24.0 1 63
8.740959706477781 316.8353236728962 0 0 24.0 1 64
13.629669484372698 296.47238195899166 0 0 24.0 1 65
19.577393481938543 276.3932022500211 0 0 24.0 1 66
26.567829401119297 256.65282018187986 0 0 24.0 1 67
34.58181694295968 237.30534276967992 0 0 24.0 1 68
43.59739032465285 218.40380010418136 0 0 24.0 1 69
218.40380010418124 43.597390324652906 0 0 24.0 1 70
237.30534276967995 34.58181694295962 0 0 24.0 1 71
256.65282018187975 26.567829401119354 0 0 24.0 1 72
276.393202250021 19.5773934819386 0 0 24.0 1 73
296.4723819589917 13.629669484372698 0 0 24.0 1 74
316.8353236728961 8.740959706477781 0 0 24.0 1 75
337.4262139839076 4.924663761944942 0 0 24.0 1 76
358.18861469293864 2.1912418526906663 0 0 24.0 1 77
379.0656175028223 0.5481860981704472 0 0 24.0 1 78
399.99999999999994 0.0 0 0 24.0 1 79
420.9343824971776 0.5481860981704472 0 0 24.0 1 80
441.8113853070612 2.1912418526906663 0 0 24.0 1 81
462.5737860160923 4.924663761944885 0 0 24.0 1 82
483.1646763271038 8.740959706477781 0 0 24.0 1 83
503.5276180410081 13.629669484372641 0 0 24.0 1 84
523.6067977499789 19.577393481938543 0 0 24.0 1 85
543.3471798181201 26.567829401119297 0 0 24.0 1 86
562.6946572303199 34.58181694295956 0 0 24.0 1 87
581.5961998958187 43.59739032465279 0 0 24.0 1 88
600.0 53.58983848622455 0 0 24.0 1 89
617.8556140060107 64.53177282183032 0 0 24.0 1 90
635.1141009169892 76.39320225002098 0 0 24.0 1 91
651.728156419935 89.14161541721171 0 0 24.0 1 92
667.6522425435431 102.74206980904216 0 0 24.0 1 93
682.842712474619 117.15728752538092 0 0 24.0 1 94
697.2579301909577 132.34775745645675 0 0 24.0 1 95
710.8583845827882 148.27184358006485 0 0 24.0 1 96
723.6067977499789 164.88589908301066 0 0 24.0 1 97
735.4682271781696 182.1443859939892 0 0 24.0 1 98
746.4101615137754 199.99999999999983 0 0 24.0 1 99
756.4026096753471 218.40380010418122 0 0 24.0 1 100
765.4181830570403 237.30534276967995 0 0 24.0 1 101
773.4321705988806 256.6528201818797 0 0 24.0 1 102
780.4226065180615 276.3932022500209 0 0 24.0 1 103
786.3703305156273 296.4723819589917 0 0 24.0 1 104
791.2590402935223 316.83532367289604 0 0 24.0 1 105
795.0753362380551 337.4262139839076 0 0 24.0 1 106
797.8087581473094 358.18861469293864 0 0 24.0 1 107
799.4518139018296 379.06561750282225 0 0 24.0 1 108
800.0 399.9999999999999 0 0 24.0 1 109
226.0271715256678 403.0748906713225 0 0 11.0 1 110
249.2556176231417 687.9255653494832 0 0 10.0 1 111
687.4488154404073 361.61799247164583 0 0 11.0 1 112
286.2952554872719 299.12764959962897 0 0 11.0 1 113
697.355003832979 503.94711008724136 0 0 12.0 1 114
212.4588260545773 221.36823329773424 0 0 11.0 1 115
132.3368000611793 598.1045466376552 0 0 10.0 1 116
151.71752381448627 248.2211740090542 0 0 12.0 1 117
527.6760593497439 208.6918091954224 0 0 12.0 1 118
547.8048307286501 194.66434305441476 0 0 10.0 1 119
525.6232237637438 81.9075517224523 0 0 13.0 1 120
229.01402922359568 651.3559185649915 0 0 12.0 1 121
33.25643595057346 351.0187971939828 0 0 11.0 1 122
659.9592602483997 404.6025005274075 0 0 13.0 1 123
249.0268880536083 212.14867722259106 0 0 10.0 1 124
237.32919116692108 338.2407257685787 0 0 13.0 1 125
246.1315346817032 518.1545402453587 0 0 10.0 1 126
207.55335074878312 607.4928605807418 0 0 11.0 1 127
616.0638503711862 542.8195104415979 0 0 10.0 1 128
368.9199714597836 66.4448593921249 0 0 13.0 1 129
568.9375813290717 296.73290158679146 0 0 10.0 1 130
759.3657319110721 451.23739579661907 0 0 10.0 1 131
409.60292173330373 233.27632473405572 0 0 11.0 1 132
588.6391747690557 657.2474717901999 0 0 10.0 1 133
685.4275467272234 232.39297279266984 0 0 12.0 1 134
739.3107783344956 314.161805086321 0 0 10.0 1 135
601.2804125441653 617.0304023081803 0 0 13.0 1 136
196.01517032041133 309.8934560612316 0 0 11.0 1 137
498.63911971674713 320.00422472714433 0 0 11.0 1 138
597.1330762231834 499.8976989664155 0 0 11.0 1 139
387.0554799527591 665.6848497764722 0 0 13.0 1 140
509.365992565989 644.6693271950041 0 0 12.0 1 141
585.8879768013098 195.9861277248145 0 0 10.0 1 142
545.0339843929316 266.68029638830245 0 0 13.0 1 143
743.6636184055197 384.79087824937545 0 0 11.0 1 144
411.6935835808805 274.543792090479 0 0 10.0 1 145
662.9378429614924 348.1570570013859 0 0 10.0 1 146
567.6969155201741 484.98084798952993 0 0 10.0 1 147
273.7063698031523 526.8499860926357 0 0 10.0 1 148
596.8073628659517 391.2901250439738 0 0 11.0 1 149
210.76070477998135 257.3203267993979 0 0 13.0 1 150
562.6145526825725 281.858105416212 0 0 10.0 1 151
82.67439494743002 530.20545448644 0 0 12.0 1 152
518.3459430470222 147.34363700015197 0 0 11.0 1 153
556.4003205579663 568.638488280005 0 0 11.0 1 154
585.9461176581144 419.8252699319503 8 4 13.0 1 155
634.8317140052965 676.8087175240958 1 2 12.0 1 156
705.6279402905905 451.88026709387015 9 -9 11.0 1 157
154.24347176814152 255.67838404652008 -8 4 10.0 1 158
487.9607314291194 45.757272867241056 18 7 10.0 1 159
575.9543603901453 164.46642901765603 -11 -10 12.0 1 160
348.08617124504866 261.40362781082047 1 18 10.0 1 161
458.3149534862656 214.97198536466246 -7 10 13.0 1 162
118.08718463287948 521.549021105823 0 -1 12.0 1 163
251.90745815162097 316.5218648454213 2 -6 11.0 1 164
575.7612761211531 333.27688694115216 -2 -17 12.0 1 165
391.16645129528297 178.17581642823208 3 -6 11.0 1 166
608.1818007121898 418.47533090989407 -13 19 11.0 1 167
348.4937064532681 104.45456910133447 21 6 13.0 1 168
643.8358917184145 367.4414694759478 18 7 11.0 1 169
571.8500122643411 513.5938963357883 1 15 11.0 1 170
152.1901545500097 455.73401562826723 -14 15 11.0 1 171
744.0779069723098 458.40713940567963 -15 -7 10.0 1 172
478.8841366567484 522.8547637819529 4 -15 12.0 1 173
105.59500933358169 201.62988765767622 17 -11 13.0 1 174
106.61541147846981 617.1416201884208 -12 -9 10.0 1 175
505.8014522159785 648.4070303131335 -16 -4 12.0 1 176
223.1600823810533 300.317285668356 10 -9 10.0 1 177
349.4794741984965 675.4045687216166 18 18 13.0 1 178
490.56870512600966 506.7581830671444 22 -10 12.0 1 179
404.30514679419105 724.9714844583759 22 -2 12.0 1 180
296.08088567718437 297.44846330570385 5 11 12.0 1 181
558.7615394341476 209.47762966911313 -16 10 13.0 1 182
337.75149499457603 739.337772174849 1 9 12.0 1 183
629.3256468154589 607.1008153356028 19 22 11.0 1 184
246.65922699941606 543.4803378013287 -9 21 12.0 1 185
375.9170809815911 635.7732236950429 0 -2 12.0 1 186
340.3939781021056 554.9294102277154 14 -11 11.0 1 187
212.4803135232481 317.16663001144605 -17 -7 10.0 1 188
592.3476208890578 699.5636705916111 11 15 11.0 1 189
552.3598644569641 217.1599833114876 10 22 13.0 1 190
732.1238574395068 536.2891900317198 7 -17 13.0 1 191
118.3968796406383 624.2759073192456 11 -1 11.0 1 192
601.3570422920284 491.0842550576458 -11 20 13.0 1 193
522.0039475405872 120.46460548883323 -10 4 13.0 1 194
274.43393976749337 419.03062052815176 -2 15 12.0 1 195
275.007068823518 144.98477073729256 -3 5 13.0 1 196
610.8088962116128 459.33472236424024 -15 22 11.0 1 197
240.6112080473283 422.72032129763863 16 12 11.0 1 198
354.80514298896264 165.31206912209592 -14 4 11.0 1 199
550.1889410065143 251.79648452434816 -8 12 13.0 1 200
579.4593971586628 302.9931715215401 -5 22 12.0 1 201
525.3972022110873 553.230354948462 13 -14 12.0 1 202
347.3538639513837 517.7683504136429 1 19 11.0 1 203
447.11731895093726 267.1054619072866 -3 5 13.0 1 204
531.3338966530994 255.85976415340156 0 18 11.0 1 205
220.40855422702313 702.7390173155286 -6 13 12.0 1 206
163.9740738042492 448.7110065943827 17 13 12.0 1 207
257.8750894222462 553.236776895318 -10 -4 12.0 1 208
532.7972102772792 643.092371214261 -14 -17 12.0 1 209
418.05127889949745 614.2408722211813 11 10 10.0 1 210
602.2569063216075 253.05734504503985 -17 17 12.0 1 211
54.07161120743285 353.79881140729725 11 19 11.0 1 212
527.4598206023951 77.25707733242967 -16 2 13.0 1 213
265.10128222445064 370.90814645793955 12 -14 10.0 1 214
604.3075109270355 578.0433682527919 2 -7 13.0 1 215
392.7208675431641 634.8872372664719 -6 10 11.0 1 216
271.4792536082584 369.8932275574143 -10 6 10.0 1 217
528.7962242295844 589.3476501681566 1 21 13.0 1 218
328.5636239212533 530.7587250348361 10 19 10.0 1 219
