400 400 -7.071067811865475 7.0710678118654755 5 2 -1 10 187
57.15728752538104 742.842712474619
800.0 400.0 0 0 24.0 1 0
799.4518139018296 420.9343824971775 0 0 24.0 1 1
797.8087581473094 441.8113853070614 0 0 24.0 1 2
795.0753362380551 462.57378601609236 0 0 24.0 1 3
791.2590402935223 483.16467632710373 0 0 24.0 1 4
786.3703305156273 503.5276180410083 0 0 24.0 1 5
780.4226065180615 523.6067977499789 0 0 24.0 1 6
773.4321705988807 543.3471798181201 0 0 24.0 1 7
765.4181830570403 562.6946572303201 0 0 24.0 1 8
756.4026096753471 581.5961998958187 0 0 24.0 1 9
746.4101615137755 600.0 0 0 24.0 1 10
735.4682271781696 617.8556140060108 0 0 24.0 1 11
723.606797749979 635.1141009169893 0 0 24.0 1 12
710.8583845827884 651.728156419935 0 0 24.0 1 13
697.2579301909577 667.6522425435433 0 0 24.0 1 14
682.842712474619 682.842712474619 0 0 24.0 1 15
667.6522425435433 697.2579301909577 0 0 24.0 1 16
651.728156419935 710.8583845827884 0 0 24.0 1 17
635.1141009169893 723.606797749979 0 0 24.0 1 18
617.8556140060108 735.4682271781696 0 0 24.0 1 19
600.0 746.4101615137754 0 0 24.0 1 20
581.5961998958187 756.4026096753471 0 0 24.0 1 21
562.6946572303201 765.4181830570403 0 0 24.0 1 22
543.3471798181201 773.4321705988807 0 0 24.0 1 23
523.606797749979 780.4226065180615 0 0 24.0 1 24
503.5276180410083 786.3703305156273 0 0 24.0 1 25
483.1646763271038 791.2590402935223 0 0 24.0 1 26
462.57378601609236 795.0753362380551 0 0 24.0 1 27
441.8113853070614 797.8087581473094 0 0 24.0 1 28
420.9343824971776 799.4518139018296 0 0 24.0 1 29
400.0 800.0 0 0 24.0 1 30
379.0656175028225 799.4518139018296 0 0 24.0 1 31
358.1886146929386 797.8087581473094 0 0 24.0 1 32
337.4262139839077 795.0753362380551 0 0 24.0 1 33
316.83532367289627 791.2590402935223 0 0 24.0 1 34
296.47238195899166 786.3703305156273 0 0 24.0 1 35
276.3932022500211 780.4226065180615 0 0 24.0 1 36
256.65282018187986 773.4321705988807 0 0 24.0 1 37
237.3053427696799 765.4181830570403 0 0 24.0 1 38
218.4038001041813 756.4026096753471 0 0 24.0 1 39
43.597390324652906 581.5961998958187 0 0 24.0 1 40
34.58181694295968 562.6946572303202 0 0 24.0 1 41
26.567829401119297 543.3471798181201 0 0 24.0 1 42
19.5773934819386 523.606797749979 0 0 24.0 1 43
13.629669484372698 503.5276180410084 0 0 24.0 1 44
8.740959706477724 483.16467632710373 0 0 24.0 1 45
4.924663761944942 462.5737860160924 0 0 24.0 1 46
2.1912418526906663 441.81138530706147 0 0 24.0 1 47
0.5481860981704472 420.9343824971775 0 0 24.0 1 48
0.0 400.00000000000006 0 0 24.0 1 49
0.5481860981704472 379.0656175028226 0 0 24.0 1 50
2.1912418526906663 358.1886146929386 0 0 24.0 1 51
4.924663761944885 337.4262139839077 0 0 24.0 1 52
8.740959706477781 316.8353236728962 0 0 24.0 1 53
13.629669484372698 296.47238195899166 0 0 24.0 1 54
19.577393481938543 276.3932022500211 0 0 24.0 1 55
26.567829401119297 256.65282018187986 0 0 24.0 1 56
34.58181694295968 237.30534276967992 0 0 24.0 1 57
43.59739032465285 218.40380010418136 0 0 24.0 1 58
53.58983848622455 199.99999999999994 0 0 24.0 1 59
64.53177282183037 182.14438599398918 0 0 24.0 1 60
76.39320225002103 164.8858990830108 0 0 24.0 1 61
89.14161541721171 148.27184358006497 0 0 24.0 1 62
102.74206980904228 132.3477574564567 0 0 24.0 1 63
117.15728752538092 117.15728752538104 0 0 24.0 1 64
132.34775745645675 102.74206980904228 0 0 24.0 1 65
148.27184358006485 89.14161541721177 0 0 24.0 1 66
164.8858990830107 76.39320225002109 0 0 24.0 1 67
182.1443859939892 64.53177282183032 0 0 24.0 1 68
199.99999999999983 53.58983848622461 0 0 24.0 1 69
218.40380010418124 43.597390324652906 0 0 24.0 1 70
237.30534276967995 34.58181694295962 0 0 24.0 1 71
256.65282018187975 26.567829401119354 0 0 24.0 1 72
276.393202250021 19.5773934819386 0 0 24.0 1 73
296.4723819589917 13.629669484372698 0 0 24.0 1 74
316.8353236728961 8.740959706477781 0 0 24.0 1 75
337.4262139839076 4.924663761944942 0 0 24.0 1 76
358.18861469293864 2.1912418526906663 0 0 24.0 1 77
379.0656175028223 0.5481860981704472 0 0 24.0 1 78
399.99999999999994 0.0 0 0 24.0 1 79
420.9343824971776 0.5481860981704472 0 0 24.0 1 80
441.8113853070612 2.1912418526906663 0 0 24.0 1 81
462.5737860160923 4.924663761944885 0 0 24.0 1 82
483.1646763271038 8.740959706477781 0 0 24.0 1 83
503.5276180410081 13.629669484372641 0 0 24.0 1 84
523.6067977499789 19.577393481938543 0 0 24.0 1 85
543.3471798181201 26.567829401119297 0 0 24.0 1 86
562.6946572303199 34.58181694295956 0 0 24.0 1 87
581.5961998958187 43.59739032465279 0 0 24.0 1 88
600.0 53.58983848622455 0 0 24.0 1 89
617.8556140060107 64.53177282183032 0 0 24.0 1 90
635.1141009169892 76.39320225002098 0 0 24.0 1 91
651.728156419935 89.14161541721171 0 0 24.0 1 92
667.6522425435431 102.74206980904216 0 0 24.0 1 93
682.842712474619 117.15728752538092 0 0 24.0 1 94
697.2579301909577 132.34775745645675 0 0 24.0 1 95
710.8583845827882 148.27184358006485 0 0 24.0 1 96
723.6067977499789 164.88589908301066 0 0 24.0 1 97
735.4682271781696 182.1443859939892 0 0 24.0 1 98
746.4101615137754 199.99999999999983 0 0 24.0 1 99
756.4026096753471 218.40380010418122 0 0 24.0 1 100
765.4181830570403 237.30534276967995 0 0 24.0 1 101
773.4321705988806 256.6528201818797 0 0 24.0 1 102
780.4226065180615 276.3932022500209 0 0 24.0 1 103
786.3703305156273 296.4723819589917 0 0 24.0 1 104
791.2590402935223 316.83532367289604 0 0 24.0 1 105
795.0753362380551 337.4262139839076 0 0 24.0 1 106
797.8087581473094 358.18861469293864 0 0 24.0 1 107
799.4518139018296 379.06561750282225 0 0 24.0 1 108
800.0 399.9999999999999 0 0 24.0 1 109
332.6938156158413 518.1773139974235 0 0 10.0 1 110
488.5538263971516 150.23366954206352 0 0 10.0 1 111
99.23181940496289 573.0534644020488 0 0 13.0 1 112
221.93969917551104 572.622505109538 0 0 11.0 1 113
579.6750692618323 103.13998334946518 0 0 12.0 1 114
260.85957625503727 272.09010014829886 0 0 13.0 1 115
355.1859418892177 248.4886136435831 0 0 11.0 1 116
197.89226233422605 360.1444812400755 0 0 12.0 1 117
112.58793927621235 604.9470842693445 0 0 10.0 1 118
186.14870525789158 274.4148745387263 0 0 12.0 1 119
89.7590069129875 564.1691999383083 0 0 11.0 1 120
513.9500668530624 235.6364326738355 0 0 11.0 1 121
75.16537769466112 347.81314196325076 0 0 11.0 1 122
595.7900970296955 460.755558635424 0 0 12.0 1 123
353.5792784608286 102.60108169029479 0 0 11.0 1 124
374.37887620066607 539.669459851677 0 0 11.0 1 125
213.1367782128845 187.46497619606484 0 0 11.0 1 126
307.5286747671122 177.4465142720216 0 0 11.0 1 127
544.4685985600595 427.1629164504181 0 0 12.0 1 128
683.968696475537 193.69251244323596 0 0 10.0 1 129
444.43959591754594 721.9473906008329 0 0 12.0 1 130
632.682770277175 237.1665623523859 0 0 13.0 1 131
628.6844228165054 254.58873922188212 0 0 11.0 1 132
624.8370846386624 338.8666590869846 0 0 12.0 1 133
297.7794381140972 181.75253328450677 0 0 12.0 1 134
474.5397142760719 266.3855135262588 0 0 13.0 1 135
311.4086860492925 569.2116399438502 0 0 13.0 1 136
757.4644276773964 473.7847067167136 0 0 10.0 1 137
514.8037145709787 136.96177631244308 0 0 13.0 1 138
274.7995331005412 175.55882042691556 0 0 13.0 1 139
187.39397952077724 585.2638120518637 0 0 11.0 1 140
262.2428259509941 663.1196704886047 0 0 11.0 1 141
48.515231458949074 317.6625390017165 0 0 12.0 1 142
469.2146692379827 613.0383288572191 0 0 11.0 1 143
506.5094181332953 638.2787104399108 0 0 11.0 1 144
582.3602052212972 611.1533934173125 0 0 13.0 1 145
167.29955766949814 345.48849535016683 0 0 10.0 1 146
523.7485302724078 417.6437313349239 0 0 11.0 1 147
178.70919037934289 427.55680637218495 0 0 10.0 1 148
287.9316655846433 501.20122737085643 0 0 10.0 1 149
444.8631059646627 523.078437279661 0 0 10.0 1 150
634.1847946829678 676.0461590736162 0 0 13.0 1 151
368.3975197690921 709.390179616702 0 0 12.0 1 152
505.144992783254 498.38968692200143 0 0 10.0 1 153
56.17891407012854 289.9633657820998 0 0 11.0 1 154
648.3759861614609 417.61730678400596 -9 12 10.0 1 155
141.27361806489074 254.15878740641247 -9 7 10.0 1 156
120.81598045339962 614.3834957029189 19 -5 12.0 1 157
320.5382440243966 660.1342525260249 19 22 11.0 1 158
244.8244346140377 471.8438856629215 4 -5 11.0 1 159
621.8267308560737 437.65503256813156 4 -16 13.0 1 160
748.8772413019587 390.74416392027115 21 21 11.0 1 161
196.63509412698625 270.67979639955615 7 20 12.0 1 162
529.2298310117978 338.77377378392345 16 -16 10.0 1 163
479.74052065222526 268.2523269043736 16 -15 12.0 1 164
463.2942332854274 178.88048473097203 4 4 12.0 1 165
547.7217944400728 288.63002447964317 20 4 11.0 1 166
155.67900810001353 222.48590783544324 -11 16 11.0 1 167
698.4380265383642 528.6846700888907 15 -15 11.0 1 168
359.5939234443093 141.13449635500746 11 -5 13.0 1 169
280.8803147669603 503.80029185884564 19 22 13.0 1 170
389.71777486797833 554.6585783147331 15 -2 12.0 1 171
259.52444167065244 657.1295733906508 17 21 13.0 1 172
656.8192524244978 243.01314837183952 -2 -1 11.0 1 173
52.00040921669887 324.95145028280064 2 -10 10.0 1 174
207.28293768355235 377.7259367847168 4 21 11.0 1 175
147.0239250180125 616.5458507723199 -9 8 11.0 1 176
192.32891076812683 187.675440192974 20 -2 11.0 1 177
358.9263232394822 648.6301531942023 4 17 10.0 1 178
242.85001135924563 221.26029800234429 -14 -3 10.0 1 179
577.3440365711062 546.4550876298468 5 3 12.0 1 180
636.3581028939573 240.75224586710962 6 2 12.0 1 181
75.62364418398744 379.87589039178135 18 15 13.0 1 182
348.66539409842386 105.43972053766333 22 -4 13.0 1 183
505.32448795625464 329.0369657021857 22 -13 13.0 1 184
526.1780281983151 696.2483842993665 -12 -16 11.0 1 185
350.5299885050714 736.3818038519498 -15 10 12.0 1 186
369.91124253994667 617.9327113457502 3 -15 13.0 1 187
355.5328999046548 144.84577799081876 20 22 11.0 1 188
501.06812535990707 259.5926140253508 20 14 12.0 1 189
635.9915207801696 524.8879582660506 -10 0 10.0 1 190
117.0000001285785 399.9914691479993 -5 -13 10.0 1 191
562.073876178831 501.059678707034 11 14 13.0 1 192
283.20782632237075 688.237034691336 3 -14 11.0 1 193
654.445125962347 325.95489297728466 -12 -16 11.0 1 194
721.2361606333695 548.7391310366309 8 1 12.0 1 195
52.61017632128011 521.4261520615222 13 -9 12.0 1 196
538.2216574510586 315.5087376619203 -8 17 10.0 1 197
394.3211688453782 143.0627491454046 3 3 10.0 1 198
403.56240775817486 239.0394170892622 12 -10 12.0 1 199
140.64439093256158 599.1573951558366 -3 10 10.0 1 200
390.27384003639804 713.8493297943496 -16 -17 10.0 1 201
555.2879436889425 347.2586069120294 -8 2 10.0 1 202
272.2170436259909 461.93154333873895 15 13 11.0 1 203
448.78814586409106 262.39288963449536 21 18 12.0 1 204
104.64401132730416 515.1253228233231 10 -10 12.0 1 205
249.5211405167323 421.45024122509983 -15 0 10.0 1 206
328.5636239212533 530.7587250348361 13 -5 13.0 1 207
582.91461828259 345.01598033487915 -1 -1 12.0 1 208
458.6159638686784 195.22410107694367 0 17 12.0 1 209
623.5718606157448 547.7823505727731 -10 6 12.0 1 210
105.09216612176982 226.8140608558241 12 -13 12.0 1 211
189.49509912759424 573.8294759489846 13 8 11.0 1 212
537.6095482669637 380.38846702161675 0 4 11.0 1 213
698.147654885207 335.7117749004416 16 -15 12.0 1 214
235.69388452482934 153.78972316846748 7 16 13.0 1 215
574.1210846205745 492.1457969228913 -16 -8 11.0 1 216
150.3844485147582 305.23145850695704 5 6 13.0 1 217
512.4637567726505 289.02295997557826 -13 20 12.0 1 218
415.94895548036953 556.1878062432697 9 3 11.0 1 219
