400 400 -7.071067811865475 -7.071067811865477 5 2 -1 10 187
57.15728752538104 57.15728752538092
800.0 400.0 0 0 24.0 1 0
799.4518139018296 420.9343824971775 0 0 24.0 1 1
797.8087581473094 441.8113853070614 0 0 24.0 1 2
795.0753362380551 462.57378601609236 0 0 24.0 1 3
791.2590402935223 483.16467632710373 0 0 24.0 1 4
786.3703305156273 503.5276180410083 0 0 24.0 1 5
780.4226065180615 523.6067977499789 0 0 24.0 1 6
773.4321705988807 543.3471798181201 0 0 24.0 1 7
765.4181830570403 562.6946572303201 0 0 24.0 1 8
756.4026096753471 581.5961998958187 0 0 24.0 1 9
746.4101615137755 600.0 0 0 24.0 1 10
735.4682271781696 617.8556140060108 0 0 24.0 1 11
723.606797749979 635.1141009169893 0 0 24.0 1 12
710.8583845827884 651.728156419935 0 0 24.0 1 13
697.2579301909577 667.6522425435433 0 0 24.0 1 14
682.842712474619 682.842712474619 0 0 24.0 1 15
667.6522425435433 697.2579301909577 0 0 24.0 1 16
651.728156419935 710.8583845827884 0 0 24.0 1 17
635.1141009169893 723.606797749979 0 0 24.0 1 18
617.8556140060108 735.4682271781696 0 0 24.0 1 19
600.0 746.4101615137754 0 0 24.0 1 20
581.5961998958187 756.4026096753471 0 0 24.0 1 21
562.6946572303201 765.4181830570403 0 0 24.0 1 22
543.3471798181201 773.4321705988807 0 0 24.0 1 23
523.606797749979 780.4226065180615 0 0 24.0 1 24
503.5276180410083 786.3703305156273 0 0 24.0 1 25
483.1646763271038 791.2590402935223 0 0 24.0 1 26
462.57378601609236 795.0753362380551 0 0 24.0 1 27
441.8113853070614 797.8087581473094 0 0 24.0 1 28
420.9343824971776 799.4518139018296 0 0 24.0 1 29
400.0 800.0 0 0 24.0 1 30
379.0656175028225 799.4518139018296 0 0 24.0 1 31
358.1886146929386 797.8087581473094 0 0 24.0 1 32
337.4262139839077 795.0753362380551 0 0 24.0 1 33
316.83532367289627 791.2590402935223 0 0 24.0 1 34
296.47238195899166 786.3703305156273 0 0 24.0 1 35
276.3932022500211 780.4226065180615 0 0 24.0 1 36
256.65282018187986 773.4321705988807 0 0 24.0 1 37
237.3053427696799 765.4181830570403 0 0 24.0 1 38
218.4038001041813 756.4026096753471 0 0 24.0 1 39
200.00000000000009 746.4101615137755 0 0 24.0 1 40
182.14438599398918 735.4682271781696 0 0 24.0 1 41
164.8858990830108 723.606797749979 0 0 24.0 1 42
148.27184358006508 710.8583845827884 0 0 24.0 1 43
132.3477574564567 697.2579301909577 0 0 24.0 1 44
117.15728752538104 682.842712474619 0 0 24.0 1 45
102.74206980904233 667.6522425435434 0 0 24.0 1 46
89.14161541721165 651.728156419935 0 0 24.0 1 47
76.39320225002109 635.1141009169893 0 0 24.0 1 48
64.53177282183043 617.8556140060109 0 0 24.0 1 49
53.589838486224494 600.0 0 0 24.0 1 50
43.597390324652906 581.5961998958187 0 0 24.0 1 51
34.58181694295968 562.6946572303202 0 0 24.0 1 52
26.567829401119297 543.3471798181201 0 0 24.0 1 53
19.5773934819386 523.606797749979 0 0 24.0 1 54
13.629669484372698 503.5276180410084 0 0 24.0 1 55
8.740959706477724 483.16467632710373 0 0 24.0 1 56
4.924663761944942 462.5737860160924 0 0 24.0 1 57
2.1912418526906663 441.81138530706147 0 0 24.0 1 58
0.5481860981704472 420.9343824971775 0 0 24.0 1 59
0.0 400.00000000000006 0 0 24.0 1 60
0.5481860981704472 379.0656175028226 0 0 24.0 1 61
2.1912418526906663 358.1886146929386 0 0 24.0 1 62
4.924663761944885 337.4262139839077 0 0 24.0 1 63
8.740959706477781 316.8353236728962 0 0 24.0 1 64
13.629669484372698 296.47238195899166 0 0 24.0 1 65
19.577393481938543 276.3932022500211 0 0 24.0 1 66
26.567829401119297 256.65282018187986 0 0 24.0 1 67
34.58181694295968 237.30534276967992 0 0 24.0 1 68
43.59739032465285 218.40380010418136 0 0 24.0 1 69
218.40380010418124 43.597390324652906 0 0 24.0 1 70
237.30534276967995 34.58181694295962 0 0 24.0 1 71
256.65282018187975 26.567829401119354 0 0 24.0 1 72
276.393202250021 19.5773934819386 0 0 24.0 1 73
296.4723819589917 13.629669484372698 0 0 24.0 1 74
316.8353236728961 8.740959706477781 0 0 24.0 1 75
337.4262139839076 4.924663761944942 0 0 24.0 1 76
358.18861469293864 2.1912418526906663 0 0 24.0 1 77
379.0656175028223 0.5481860981704472 0 0 24.0 1 78
399.99999999999994 0.0 0 0 24.0 1 79
420.9343824971776 0.5481860981704472 0 0 24.0 1 80
441.8113853070612 2.1912418526906663 0 0 24.0 1 81
462.5737860160923 4.924663761944885 0 0 24.0 1 82
483.1646763271038 8.740959706477781 0 0 24.0 1 83
503.5276180410081 13.629669484372641 0 0 24.0 1 84
523.6067977499789 19.577393481938543 0 0 24.0 1 85
543.3471798181201 26.567829401119297 0 0 24.0 1 86
562.6946572303199 34.58181694295956 0 0 24.0 1 87
581.5961998958187 43.59739032465279 0 0 24.0 1 88
600.0 53.58983848622455 0 0 24.0 1 89
617.8556140060107 64.53177282183032 0 0 24.0 1 90
635.1141009169892 76.39320225002098 0 0 24.0 1 91
651.728156419935 89.14161541721171 0 0 24.0 1 92
667.6522425435431 102.74206980904216 0 0 24.0 1 93
682.842712474619 117.15728752538092 0 0 24.0 1 94
697.2579301909577 132.34775745645675 0 0 24.0 1 95
710.8583845827882 148.27184358006485 0 0 24.0 1 96
723.6067977499789 164.88589908301066 0 0 24.0 1 97
735.4682271781696 182.1443859939892 0 0 24.0 1 98
746.4101615137754 199.99999999999983 0 0 24.0 1 99
756.4026096753471 218.40380010418122 0 0 24.0 1 100
765.4181830570403 237.30534276967995 0 0 24.0 1 101
773.4321705988806 256.6528201818797 0 0 24.0 1 102
780.4226065180615 276.3932022500209 0 0 24.0 1 103
786.3703305156273 296.4723819589917 0 0 24.0 1 104
791.2590402935223 316.83532367289604 0 0 24.0 1 105
795.0753362380551 337.4262139839076 0 0 24.0 1 106
797.8087581473094 358.18861469293864 0 0 24.0 1 107
799.4518139018296 379.06561750282225 0 0 24.0 1 108
800.0 399.9999999999999 0 0 24.0 1 109
282.94535780185674 292.3932588549181 0 0 10.0 1 110
394.3625442249186 581.9126688616931 0 0 10.0 1 111
492.64576487300945 521.7610867687007 0 0 11.0 1 112
636.5762337623216 621.3767955745031 0 0 11.0 1 113
270.16579332020353 135.1074203081032 0 0 13.0 1 114
366.5293318370142 226.19345704858148 0 0 11.0 1 115
582.811600924989 292.65048408473115 0 0 12.0 1 116
138.0227799721216 343.502777179187 0 0 13.0 1 117
144.64584469569505 467.0093677691776 0 0 12.0 1 118
521.9323137410589 605.5565879891763 0 0 12.0 1 119
585.6332612800561 532.3793500004076 0 0 12.0 1 120
425.5324717714094 267.4364571790487 0 0 13.0 1 121
667.4422521169295 249.25637067316993 0 0 11.0 1 122
588.6691491208954 453.10322184196843 0 0 10.0 1 123
377.77712632756607 734.2620886157133 0 0 10.0 1 124
304.19376634013054 266.8941564321442 0 0 10.0 1 125
227.66561628255192 160.57180577733251 0 0 13.0 1 126
192.60859452715394 312.74288031342337 0 0 13.0 1 127
180.56440365375963 562.4100337299695 0 0 12.0 1 128
491.9142344231859 78.89600826149854 0 0 11.0 1 129
545.1622115197505 305.8887235943789 0 0 10.0 1 130
577.2904281877582 179.41644650382167 0 0 12.0 1 131
245.61083864993276 299.90011559635593 0 0 11.0 1 132
511.32605155992485 216.06656028857353 0 0 11.0 1 133
644.8355925094143 376.0932511502706 0 0 12.0 1 134
459.2991374996023 141.71989567176638 0 0 13.0 1 135
193.25974299216443 268.53340297880186 0 0 13.0 1 136
561.993697026684 398.5709710895505 0 0 13.0 1 137
220.09139058105788 447.2111454737387 0 0 11.0 1 138
558.7304921538042 243.36784857312625 0 0 10.0 1 139
372.462147451524 669.5972304698593 0 0 10.0 1 140
534.0641400430397 233.19830230324322 0 0 12.0 1 141
502.0217871930689 224.4991312331128 0 0 10.0 1 142
555.0840885655089 295.5111227268403 0 0 13.0 1 143
336.2338292113586 122.225135293069 0 0 13.0 1 144
531.0336149377026 311.7152801649239 0 0 11.0 1 145
648.2109173470676 380.1924128241942 0 0 10.0 1 146
57.02795670803283 483.54147185759297 0 0 12.0 1 147
391.20624205521415 179.17502446233914 0 0 13.0 1 148
627.8413384218313 605.760356983916 0 0 12.0 1 149
690.9886779923769 397.4330406608592 0 0 10.0 1 150
393.28442193037876 537.836501011854 0 0 11.0 1 151
404.01372147273815 702.9734147411936 0 0 10.0 1 152
238.29894422396828 604.8750071651413 0 0 10.0 1 153
476.0074958147907 298.2559064123888 0 0 13.0 1 154
199.8732537503027 469.95202238326823 -3 4 12.0 1 155
341.57387613908134 123.09678938194202 17 -12 11.0 1 156
251.77058609943552 538.6976598746177 9 19 11.0 1 157
629.0760060176276 569.5558417366144 5 20 12.0 1 158
499.54992003771366 546.3516772042084 4 -16 13.0 1 159
562.8239523937415 466.81587032195733 14 -10 11.0 1 160
90.6428843861699 563.7014814199656 7 9 13.0 1 161
187.87667638500054 491.4587096920037 -11 -9 10.0 1 162
174.71673753690868 382.0152382838719 20 -3 10.0 1 163
214.93719104192013 366.8977834496656 -6 -17 12.0 1 164
710.4540553043719 550.4768405604996 7 8 13.0 1 165
112.68427024056649 353.8408033778297 -17 10 11.0 1 166
316.86772016943604 178.05851210246246 1 -17 12.0 1 167
251.0403919422899 539.3808995784335 7 -13 12.0 1 168
501.26740021037176 57.664033945259575 -1 -2 10.0 1 169
442.58590077403284 155.68372740387466 20 -8 10.0 1 170
323.0044077705893 547.0635195323514 -3 8 12.0 1 171
134.334045066464 256.3838435646866 2 -4 12.0 1 172
637.4289477488103 353.1865962475201 9 -12 10.0 1 173
182.8778299594062 349.1378011007833 10 -13 10.0 1 174
536.2279043805437 414.5243956185946 4 -11 13.0 1 175
254.37821674835246 294.19689870986684 21 6 11.0 1 176
549.621054753525 199.71635120548981 12 0 12.0 1 177
524.7627818498024 638.3175366293857 16 -7 13.0 1 178
147.749390921407 573.2213330380496 4 -11 12.0 1 179
175.98865380144935 617.1702483636124 -8 19 10.0 1 180
519.306590882968 359.47917360314455 8 8 13.0 1 181
294.37217083677575 184.49417245405007 2 -9 13.0 1 182
315.01867019378415 286.23632572579606 -3 19 13.0 1 183
346.8417372723625 606.2600278865963 -10 9 10.0 1 184
468.6310567526316 740.1452308191563 12 16 12.0 1 185
478.567264921017 532.4506884951178 14 -14 13.0 1 186
246.02107209317413 160.17612762557494 -10 3 12.0 1 187
622.2573635667834 156.07037010575647 16 -13 10.0 1 188
222.9735587856272 171.56480325708515 -13 21 12.0 1 189
377.2308776043644 589.6379895098357 -10 11 13.0 1 190
542.3626040094933 513.3882224026648 10 -13 10.0 1 191
262.6968535317109 360.03944482483337 9 16 12.0 1 192
363.00109275937484 623.9644633931902 13 22 11.0 1 193
580.8826628371878 289.4311875575747 -11 22 10.0 1 194
625.9912069631519 398.0064164582618 -12 2 12.0 1 195
220.4444754389249 455.7118802374966 5 -16 11.0 1 196
199.19660678494958 587.890918549359 20 13 11.0 1 197
89.06989430387569 364.06298048255854 5 10 11.0 1 198
610.0174876575721 666.1083517629643 1 -6 10.0 1 199
263.74717970171196 378.11007170495014 6 17 12.0 1 200
216.32614253732504 187.33849881847217 -5 8 11.0 1 201
647.7541893265884 460.3561237251446 -13 16 13.0 1 202
568.6397658895161 465.7391006991213 -10 1 13.0 1 203
460.73973710445364 276.0859800648778 -12 8 11.0 1 204
279.1349898408313 109.11058919372118 -4 -17 10.0 1 205
552.2304524762397 276.541953122207 -10 8 11.0 1 206
396.7738935853121 254.0356473744322 0 -9 13.0 1 207
149.36889154339283 592.4579109151205 -13 -12 10.0 1 208
671.721988440597 171.54396265826517 -2 -9 10.0 1 209
159.76612229908514 624.785862555415 1 19 11.0 1 210
271.88585031073205 251.66671091964608 -15 -13 13.0 1 211
145.69294869582166 370.6074217365335 20 -10 10.0 1 212
345.02435154514905 194.2169149882123 5 -14 11.0 1 213
265.3610204623394 419.19232109614194 17 -9 10.0 1 214
153.21558358028423 460.1119939145286 13 -13 12.0 1 215
380.25962672088394 273.5313569978662 -1 -6 11.0 1 216
633.2857667034389 560.208461242185 22 2 10.0 1 217
211.92554541142496 704.6177925387977 7 8 12.0 1 218
190.50850209233394 129.67184330077203 -15 13 10.0 1 219
