400 400 -7.071067811865475 -7.071067811865477 5 2 -1 10 187
57.15728752538104 57.15728752538092
800.0 400.0 0 0 24.0 1 0
799.4518139018296 420.9343824971775 0 0 24.0 1 1
797.8087581473094 441.8113853070614 0 0 24.0 1 2
795.0753362380551 462.57378601609236 0 0 24.0 1 3
791.2590402935223 483.16467632710373 0 0 24.0 1 4
786.3703305156273 503.5276180410083 0 0 24.0 1 5
780.4226065180615 523.6067977499789 0 0 24.0 1 6
773.4321705988807 543.3471798181201 0 0 24.0 1 7
765.4181830570403 562.6946572303201 0 0 24.0 1 8
756.4026096753471 581.5961998958187 0 0 24.0 1 9
746.4101615137755 600.0 0 0 24.0 1 10
735.4682271781696 617.8556140060108 0 0 24.0 1 11
723.606797749979 635.1141009169893 0 0 24.0 1 12
710.8583845827884 651.728156419935 0 0 24.0 1 13
697.2579301909577 667.6522425435433 0 0 24.0 1 14
682.842712474619 682.842712474619 0 0 24.0 1 15
667.6522425435433 697.2579301909577 0 0 24.0 1 16
651.728156419935 710.8583845827884 0 0 24.0 1 17
635.1141009169893 723.606797749979 0 0 24.0 1 18
617.8556140060108 735.4682271781696 0 0 24.0 1 19
600.0 746.4101615137754 0 0 24.0 1 20
581.5961998958187 756.4026096753471 0 0 24.0 1 21
562.6946572303201 765.4181830570403 0 0 24.0 1 22
543.3471798181201 773.4321705988807 0 0 24.0 1 23
523.606797749979 780.4226065180615 0 0 24.0 1 24
503.5276180410083 786.3703305156273 0 0 24.0 1 25
483.1646763271038 791.2590402935223 0 0 24.0 1 26
462.57378601609236 795.0753362380551 0 0 24.0 1 27
441.8113853070614 797.8087581473094 0 0 24.0 1 28
420.9343824971776 799.4518139018296 0 0 24.0 1 29
400.0 800.0 0 0 24.0 1 30
379.0656175028225 799.4518139018296 0 0 24.0 1 31
358.1886146929386 797.8087581473094 0 0 24.0 1 32
337.4262139839077 795.0753362380551 0 0 24.0 1 33
316.83532367289627 791.2590402935223 0 0 24.0 1 34
296.47238195899166 786.3703305156273 0 0 24.0 1 35
276.3932022500211 780.4226065180615 0 0 24.0 1 36
256.65282018187986 773.4321705988807 0 0 24.0 1 37
237.3053427696799 765.4181830570403 0 0 24.0 1 38
218.4038001041813 756.4026096753471 0 0 24.0 1 39
200.00000000000009 746.4101615137755 0 0 24.0 1 40
182.14438599398918 735.4682271781696 0 0 24.0 1 41
164.8858990830108 723.606797749979 0 0 24.0 1 42
148.27184358006508 710.8583845827884 0 0 24.0 1 43
132.3477574564567 697.2579301909577 0 0 24.0 1 44
117.15728752538104 682.842712474619 0 0 24.0 1 45
102.74206980904233 667.6522425435434 0 0 24.0 1 46
89.14161541721165 651.728156419935 0 0 24.0 1 47
76.39320225002109 635.1141009169893 0 0 24.0 1 48
64.53177282183043 617.8556140060109 0 0 24.0 1 49
53.589838486224494 600.0 0 0 24.0 1 50
43.597390324652906 581.5961998958187 0 0 24.0 1 51
34.58181694295968 562.6946572303202 0 0 24.0 1 52
26.567829401119297 543.3471798181201 0 0 24.0 1 53
19.5773934819386 523.606797749979 0 0 24.0 1 54
13.629669484372698 503.5276180410084 0 0 24.0 1 55
8.740959706477724 483.16467632710373 0 0 24.0 1 56
4.924663761944942 462.5737860160924 0 0 24.0 1 57
2.1912418526906663 441.81138530706147 0 0 24.0 1 58
0.5481860981704472 420.9343824971775 0 0 24.0 1 59
0.0 400.00000000000006 0 0 24.0 1 60
0.5481860981704472 379.0656175028226 0 0 24.0 1 61
2.1912418526906663 358.1886146929386 0 0 24.0 1 62
4.924663761944885 337.4262139839077 0 0 24.0 1 63
8.740959706477781 316.8353236728962 0 0 24.0 1 64
13.629669484372698 296.47238195899166 0 0 24.0 1 65
19.577393481938543 276.3932022500211 0 0 24.0 1 66
26.567829401119297 256.65282018187986 0 0 24.0 1 67
34.58181694295968 237.30534276967992 0 0 24.0 1 68
43.59739032465285 218.40380010418136 0 0 24.0 1 69
218.40380010418124 43.597390324652906 0 0 24.0 1 70
237.30534276967995 34.58181694295962 0 0 24.0 1 71
256.65282018187975 26.567829401119354 0 0 24.0 1 72
276.393202250021 19.5773934819386 0 0 24.0 1 73
296.4723819589917 13.629669484372698 0 0 24.0 1 74
316.8353236728961 8.740959706477781 0 0 24.0 1 75
337.4262139839076 4.924663761944942 0 0 24.0 1 76
358.18861469293864 2.1912418526906663 0 0 24.0 1 77
379.0656175028223 0.5481860981704472 0 0 24.0 1 78
399.99999999999994 0.0 0 0 24.0 1 79
420.9343824971776 0.5481860981704472 0 0 24.0 1 80
441.8113853070612 2.1912418526906663 0 0 24.0 1 81
462.5737860160923 4.924663761944885 0 0 24.0 1 82
483.1646763271038 8.740959706477781 0 0 24.0 1 83
503.5276180410081 13.629669484372641 0 0 24.0 1 84
523.6067977499789 19.577393481938543 0 0 24.0 1 85
543.3471798181201 26.567829401119297 0 0 24.0 1 86
562.6946572303199 34.58181694295956 0 0 24.0 1 87
581.5961998958187 43.59739032465279 0 0 24.0 1 88
600.0 53.58983848622455 0 0 24.0 1 89
617.8556140060107 64.53177282183032 0 0 24.0 1 90
635.1141009169892 76.39320225002098 0 0 24.0 1 91
651.728156419935 89.14161541721171 0 0 24.0 1 92
667.6522425435431 102.74206980904216 0 0 24.0 1 93
682.842712474619 117.15728752538092 0 0 24.0 1 94
697.2579301909577 132.34775745645675 0 0 24.0 1 95
710.8583845827882 148.27184358006485 0 0 24.0 1 96
723.6067977499789 164.88589908301066 0 0 24.0 1 97
735.4682271781696 182.1443859939892 0 0 24.0 1 98
746.4101615137754 199.99999999999983 0 0 24.0 1 99
756.4026096753471 218.40380010418122 0 0 24.0 1 100
765.4181830570403 237.30534276967995 0 0 24.0 1 101
773.4321705988806 256.6528201818797 0 0 24.0 1 102
780.4226065180615 276.3932022500209 0 0 24.0 1 103
786.3703305156273 296.4723819589917 0 0 24.0 1 104
791.2590402935223 316.83532367289604 0 0 24.0 1 105
795.0753362380551 337.4262139839076 0 0 24.0 1 106
797.8087581473094 358.18861469293864 0 0 24.0 1 107
799.4518139018296 379.06561750282225 0 0 24.0 1 108
800.0 399.9999999999999 0 0 24.0 1 109
417.313526191873 755.5787420681997 0 0 10.0 1 110
446.20568458263364 41.969226584850446 0 0 10.0 1 111
452.1538846564277 602.3881723699387 0 0 10.0 1 112
673.3550825151958 239.48209176820646 0 0 13.0 1 113
659.1616461671279 525.6154495113735 0 0 10.0 1 114
489.43750355549525 87.54851103289525 0 0 11.0 1 115
694.4860556042606 186.05149438557802 0 0 13.0 1 116
462.0020061271836 257.94102901891523 0 0 10.0 1 117
326.40270204214335 231.3600351835234 0 0 10.0 1 118
406.46101282849105 108.07148937928298 0 0 10.0 1 119
426.93471061143316 624.3892184671054 0 0 11.0 1 120
764.7626347657583 351.29455596401954 0 0 10.0 1 121
640.126656542577 488.74226060723976 0 0 11.0 1 122
425.4331225866571 584.2529681592459 0 0 12.0 1 123
72.85628191193041 323.3645792370546 0 0 11.0 1 124
243.20617242663982 130.25994803349022 0 0 13.0 1 125
377.7597170940874 104.83670652287236 0 0 12.0 1 126
340.5321472942718 614.9245786190352 0 0 13.0 1 127
247.206896899953 704.8528622877902 0 0 12.0 1 128
356.0114860524108 766.3686813043423 0 0 12.0 1 129
68.20876900157981 361.6518705468835 0 0 13.0 1 130
489.5786368365907 251.99774386010802 0 0 10.0 1 131
217.07067803895058 246.1888717716734 0 0 13.0 1 132
534.0853982370442 330.55861479194647 0 0 13.0 1 133
166.74380462647935 296.963369038628 0 0 13.0 1 134
162.56769910039478 282.3101427925103 0 0 10.0 1 135
346.29813236044697 532.5334275268845 0 0 11.0 1 136
583.134685523519 482.84133604790406 0 0 10.0 1 137
95.9461492252641 560.8951703099091 0 0 11.0 1 138
567.1209427483317 229.14453331862964 0 0 11.0 1 139
538.7828348041774 525.3328558827111 0 0 12.0 1 140
87.11034628253248 391.6894887904984 0 0 11.0 1 141
203.80557643316735 433.297870221356 0 0 12.0 1 142
477.5043865910817 203.74998074104514 0 0 12.0 1 143
476.74525636663026 215.31062395140265 0 0 12.0 1 144
257.5152673465642 501.6026621731878 0 0 10.0 1 145
248.93709053885456 375.73073167287953 0 0 13.0 1 146
516.3413851385875 318.58328117619294 0 0 12.0 1 147
577.5994804012239 153.27257031044303 0 0 12.0 1 148
173.6985454304602 323.1322456441551 0 0 10.0 1 149
498.07427118397544 151.66466757279173 0 0 13.0 1 150
367.113331765757 145.11283466511924 0 0 12.0 1 151
623.6076982853078 584.66076266372 0 0 13.0 1 152
321.50822704581805 641.5678819266111 0 0 10.0 1 153
287.52901537748704 664.0440827173418 0 0 12.0 1 154
278.51566120913236 685.204409903749 -10 8 10.0 1 155
527.9304790234326 556.3259176746935 1 -2 12.0 1 156
279.0759301402318 259.9915383680333 1 6 10.0 1 157
353.20050893494255 241.77608386829883 12 16 10.0 1 158
165.3926224693835 340.6419474021698 3 -17 10.0 1 159
293.353561016094 81.3739856005916 10 -10 11.0 1 160
685.7356346559475 443.31451359259324 22 13 10.0 1 161
640.720493380522 659.5566297874859 5 -5 13.0 1 162
623.8087880987371 194.26807158397943 12 16 11.0 1 163
128.32513715319357 279.99262982146087 -6 2 11.0 1 164
433.9353189752685 182.6330426995704 -7 -11 10.0 1 165
88.98954932014396 338.6689347238055 21 5 10.0 1 166
696.9435815034378 477.9327235756018 -10 -7 12.0 1 167
248.66368588960097 255.85313034450368 -11 11 11.0 1 168
395.72488739417486 721.97161895454 10 10 11.0 1 169
540.3325957066155 386.2973512690575 12 17 11.0 1 170
302.5064020857953 232.27701896954198 1 -5 13.0 1 171
502.32762176396807 665.9963492684257 -10 17 12.0 1 172
635.217503355111 604.9798188002621 6 19 13.0 1 173
115.61090617453436 430.31242836083084 -4 21 11.0 1 174
363.2410478015972 69.03507824351607 -12 14 13.0 1 175
256.28740180801424 142.37296508147898 14 20 12.0 1 176
230.6872173362248 369.714993368843 11 -17 12.0 1 177
214.45639997457502 567.5517009451265 7 -11 10.0 1 178
536.6418281508655 501.13857226394543 13 4 13.0 1 179
386.0246870929063 214.52576828802114 2 -15 12.0 1 180
608.9290935341595 468.91033213527874 -10 6 13.0 1 181
492.48026282442845 592.9854942422478 13 -10 11.0 1 182
296.7217938416916 214.8578596517747 12 -5 11.0 1 183
215.17694678668616 531.7931675046493 19 -1 12.0 1 184
593.5785947350433 159.1508196808512 5 -7 10.0 1 185
261.50525791185396 306.6822288417801 -14 12 11.0 1 186
453.90731167088063 625.6501756002386 16 -15 12.0 1 187
337.9673435706227 538.7658082393311 6 -3 13.0 1 188
678.0386014626442 638.0137308994942 -2 1 10.0 1 189
368.0660980010262 216.76183284282737 16 19 11.0 1 190
544.7955605037987 407.69712013617846 13 2 13.0 1 191
333.070028589356 549.7210036266467 -7 9 11.0 1 192
528.5105467350883 520.2540617935573 22 2 13.0 1 193
295.6385045083289 599.3330837034883 -4 16 10.0 1 194
323.54420941581606 719.9929875577704 14 -16 12.0 1 195
590.7378617129249 613.10811366342 -10 22 12.0 1 196
245.19114683008902 184.92043569828175 22 16 13.0 1 197
636.1124814527029 568.3772434215712 22 9 10.0 1 198
499.77386844013455 503.832437978171 7 14 11.0 1 199
343.16367098460177 278.65078614159296 -5 11 12.0 1 200
569.3662181480996 108.65126712098038 21 22 13.0 1 201
395.92403860252074 706.972941052931 20 -11 13.0 1 202
513.6385968245695 666.8075510770693 18 14 11.0 1 203
275.4775821908629 495.6199114356769 8 -11 12.0 1 204
448.08085571261773 124.15904706889074 -4 16 10.0 1 205
199.7531074650723 608.3798983350005 22 -8 11.0 1 206
284.2120510131093 461.2711259029014 -2 -1 11.0 1 207
352.30941833260704 173.97653126229187 4 12 10.0 1 208
493.59166925833796 738.2921805857147 7 10 11.0 1 209
151.65327021076334 371.2963102895835 -13 1 11.0 1 210
432.8121822940087 721.3290536087652 1 14 10.0 1 211
267.82366988530873 209.33427744502117 -5 -4 12.0 1 212
383.1317951179077 565.1407389593971 14 22 10.0 1 213
482.40250081512056 219.96159337681848 -14 22 12.0 1 214
416.77855768594435 744.5917584649688 12 -16 12.0 1 215
549.6293837568084 325.83769477316804 -3 22 13.0 1 216
633.3524395244949 545.5047730075097 12 14 12.0 1 217
240.74020552572816 231.29813912107343 8 11 12.0 1 218
504.6062052227857 68.0940768397038 -6 4 12.0 1 219
