400 400 7.071067811865475 -7.0710678118654755 5 2 -1 10 187
742.842712474619 57.15728752538092
800.0 400.0 0 0 24.0 1 0
799.4518139018296 420.9343824971775 0 0 24.0 1 1
797.8087581473094 441.8113853070614 0 0 24.0 1 2
795.0753362380551 462.57378601609236 0 0 24.0 1 3
791.2590402935223 483.16467632710373 0 0 24.0 1 4
786.3703305156273 503.5276180410083 0 0 24.0 1 5
780.4226065180615 523.6067977499789 0 0 24.0 1 6
773.4321705988807 543.3471798181201 0 0 24.0 1 7
765.4181830570403 562.6946572303201 0 0 24.0 1 8
756.4026096753471 581.5961998958187 0 0 24.0 1 9
746.4101615137755 600.0 0 0 24.0 1 10
735.4682271781696 617.8556140060108 0 0 24.0 1 11
723.606797749979 635.1141009169893 0 0 24.0 1 12
710.8583845827884 651.728156419935 0 0 24.0 1 13
697.2579301909577 667.6522425435433 0 0 24.0 1 14
682.842712474619 682.842712474619 0 0 24.0 1 15
667.6522425435433 697.2579301909577 0 0 24.0 1 16
651.728156419935 710.8583845827884 0 0 24.0 1 17
635.1141009169893 723.606797749979 0 0 24.0 1 18
617.8556140060108 735.4682271781696 0 0 24.0 1 19
600.0 746.4101615137754 0 0 24.0 1 20
581.5961998958187 756.4026096753471 0 0 24.0 1 21
562.6946572303201 765.4181830570403 0 0 24.0 1 22
543.3471798181201 773.4321705988807 0 0 24.0 1 23
523.606797749979 780.4226065180615 0 0 24.0 1 24
503.5276180410083 786.3703305156273 0 0 24.0 1 25
483.1646763271038 791.2590402935223 0 0 24.0 1 26
462.57378601609236 795.0753362380551 0 0 24.0 1 27
441.8113853070614 797.8087581473094 0 0 24.0 1 28
420.9343824971776 799.4518139018296 0 0 24.0 1 29
400.0 800.0 0 0 24.0 1 30
379.0656175028225 799.4518139018296 0 0 24.0 1 31
358.1886146929386 797.8087581473094 0 0 24.0 1 32
337.4262139839077 795.0753362380551 0 0 24.0 1 33
316.83532367289627 791.2590402935223 0 0 24.0 1 34
296.47238195899166 786.3703305156273 0 0 24.0 1 35
276.3932022500211 780.4226065180615 0 0 24.0 1 36
256.65282018187986 773.4321705988807 0 0 24.0 1 37
237.3053427696799 765.4181830570403 0 0 24.0 1 38
218.4038001041813 756.4026096753471 0 0 24.0 1 39
200.00000000000009 746.4101615137755 0 0 24.0 1 40
182.14438599398918 735.4682271781696 0 0 24.0 1 41
164.8858990830108 723.606797749979 0 0 24.0 1 42
148.27184358006508 710.8583845827884 0 0 24.0 1 43
132.3477574564567 697.2579301909577 0 0 24.0 1 44
117.15728752538104 682.842712474619 0 0 24.0 1 45
102.74206980904233 667.6522425435434 0 0 24.0 1 46
89.14161541721165 651.728156419935 0 0 24.0 1 47
76.39320225002109 635.1141009169893 0 0 24.0 1 48
64.53177282183043 617.8556140060109 0 0 24.0 1 49
53.589838486224494 600.0 0 0 24.0 1 50
43.597390324652906 581.5961998958187 0 0 24.0 1 51
34.58181694295968 562.6946572303202 0 0 24.0 1 52
26.567829401119297 543.3471798181201 0 0 24.0 1 53
19.5773934819386 523.606797749979 0 0 24.0 1 54
13.629669484372698 503.5276180410084 0 0 24.0 1 55
8.740959706477724 483.16467632710373 0 0 24.0 1 56
4.924663761944942 462.5737860160924 0 0 24.0 1 57
2.1912418526906663 441.81138530706147 0 0 24.0 1 58
0.5481860981704472 420.9343824971775 0 0 24.0 1 59
0.0 400.00000000000006 0 0 24.0 1 60
0.5481860981704472 379.0656175028226 0 0 24.0 1 61
2.1912418526906663 358.1886146929386 0 0 24.0 1 62
4.924663761944885 337.4262139839077 0 0 24.0 1 63
8.740959706477781 316.8353236728962 0 0 24.0 1 64
13.629669484372698 296.47238195899166 0 0 24.0 1 65
19.577393481938543 276.3932022500211 0 0 24.0 1 66
26.567829401119297 256.65282018187986 0 0 24.0 1 67
34.58181694295968 237.30534276967992 0 0 24.0 1 68
43.59739032465285 218.40380010418136 0 0 24.0 1 69
53.58983848622455 199.99999999999994 0 0 24.0 1 70
64.53177282183037 182.14438599398918 0 0 24.0 1 71
76.39320225002103 164.8858990830108 0 0 24.0 1 72
89.14161541721171 148.27184358006497 0 0 24.0 1 73
102.74206980904228 132.3477574564567 0 0 24.0 1 74
117.15728752538092 117.15728752538104 0 0 24.0 1 75
132.34775745645675 102.74206980904228 0 0 24.0 1 76
148.27184358006485 89.14161541721177 0 0 24.0 1 77
164.8858990830107 76.39320225002109 0 0 24.0 1 78
182.1443859939892 64.53177282183032 0 0 24.0 1 79
199.99999999999983 53.58983848622461 0 0 24.0 1 80
218.40380010418124 43.597390324652906 0 0 24.0 1 81
237.30534276967995 34.58181694295962 0 0 24.0 1 82
256.65282018187975 26.567829401119354 0 0 24.0 1 83
276.393202250021 19.5773934819386 0 0 24.0 1 84
296.4723819589917 13.629669484372698 0 0 24.0 1 85
316.8353236728961 8.740959706477781 0 0 24.0 1 86
337.4262139839076 4.924663761944942 0 0 24.0 1 87
358.18861469293864 2.1912418526906663 0 0 24.0 1 88
379.0656175028223 0.5481860981704472 0 0 24.0 1 89
399.99999999999994 0.0 0 0 24.0 1 90
420.9343824971776 0.5481860981704472 0 0 24.0 1 91
441.8113853070612 2.1912418526906663 0 0 24.0 1 92
462.5737860160923 4.924663761944885 0 0 24.0 1 93
483.1646763271038 8.740959706477781 0 0 24.0 1 94
503.5276180410081 13.629669484372641 0 0 24.0 1 95
523.6067977499789 19.577393481938543 0 0 24.0 1 96
543.3471798181201 26.567829401119297 0 0 24.0 1 97
562.6946572303199 34.58181694295956 0 0 24.0 1 98
581.5961998958187 43.59739032465279 0 0 24.0 1 99
756.4026096753471 218.40380010418122 0 0 24.0 1 100
765.4181830570403 237.30534276967995 0 0 24.0 1 101
773.4321705988806 256.6528201818797 0 0 24.0 1 102
780.4226065180615 276.3932022500209 0 0 24.0 1 103
786.3703305156273 296.4723819589917 0 0 24.0 1 104
791.2590402935223 316.83532367289604 0 0 24.0 1 105
795.0753362380551 337.4262139839076 0 0 24.0 1 106
797.8087581473094 358.18861469293864 0 0 24.0 1 107
799.4518139018296 379.06561750282225 0 0 24.0 1 108
800.0 399.9999999999999 0 0 24.0 1 109
521.1786725105873 454.8154114147823 0 0 11.0 1 110
223.31893150973963 525.9873010947529 0 0 11.0 1 111
191.25171240298712 530.1543407855258 0 0 13.0 1 112
569.054424641396 639.3106798894829 0 0 13.0 1 113
273.78988969847325 352.08332171700073 0 0 10.0 1 114
398.6285871744959 88.00301407407466 0 0 13.0 1 115
191.3939988458571 140.43779881793705 0 0 10.0 1 116
336.6690245255656 286.4694422392958 0 0 11.0 1 117
657.5275062943825 632.569524017651 0 0 13.0 1 118
678.5468062031247 299.86171184787054 0 0 12.0 1 119
283.7347196467433 173.04761604164932 0 0 10.0 1 120
338.31076044270105 517.8280005891731 0 0 13.0 1 121
740.4456399538726 332.87499544582425 0 0 11.0 1 122
266.19722568880866 467.7998347094475 0 0 11.0 1 123
670.8899010117459 516.8060851576085 0 0 11.0 1 124
455.4273102156095 176.77855550538476 0 0 11.0 1 125
306.22409647477406 102.42634538987238 0 0 12.0 1 126
515.6303007622279 216.37365781120423 0 0 12.0 1 127
347.84001450668427 602.3866001328573 0 0 10.0 1 128
398.94946261123243 161.00230885802515 0 0 10.0 1 129
598.0201576613301 297.4474907192322 0 0 10.0 1 130
543.3597496286089 641.6795030332994 0 0 12.0 1 131
341.84280924274515 688.1904598754516 0 0 11.0 1 132
210.52294935417603 470.0174783790437 0 0 13.0 1 133
544.0416050597294 383.35620200143785 0 0 11.0 1 134
333.4368633142881 54.35082983672703 0 0 12.0 1 135
458.40188964237944 266.18961443072016 0 0 13.0 1 136
290.13255196115267 592.9070860840295 0 0 13.0 1 137
406.71142307437776 537.8367033859876 0 0 10.0 1 138
238.2845825916857 291.0361354739348 0 0 10.0 1 139
87.78002002898302 201.45860858023144 0 0 12.0 1 140
715.8960243079704 308.0723010925534 0 0 12.0 1 141
253.81527712524118 371.1724645862682 0 0 12.0 1 142
490.9431287944568 181.14308938241214 0 0 10.0 1 143
521.8686934169993 643.1707662627921 0 0 11.0 1 144
542.2441746459267 733.9694518654351 0 0 10.0 1 145
665.2598017106855 546.4453399613926 0 0 13.0 1 146
607.0472554326428 529.1024167775722 0 0 12.0 1 147
149.98494405597188 259.0692659449171 0 0 10.0 1 148
745.305728328102 490.62534956511354 0 0 13.0 1 149
336.11025700340275 647.8993762392894 0 0 10.0 1 150
426.83138055248173 158.48586580150655 0 0 12.0 1 151
125.12307504519276 434.2297550004271 0 0 13.0 1 152
362.65134736838877 249.56703105168987 0 0 10.0 1 153
171.9246268919961 363.35816350611225 0 0 11.0 1 154
581.2875010986534 416.08856567273074 4 -6 12.0 1 155
96.26584903786352 249.44580530815466 1 18 10.0 1 156
238.47221848712695 474.78486343859663 12 1 11.0 1 157
636.1513735120025 149.8629799721867 11 5 13.0 1 158
491.4665746018781 539.7242488997492 9 -1 11.0 1 159
589.1149522976583 576.9647841166553 -12 -9 11.0 1 160
585.1942673138258 712.2051943099204 18 13 12.0 1 161
228.00673786012243 398.4775748020505 -5 -16 12.0 1 162
92.29768267654703 577.0431696332199 9 -13 12.0 1 163
418.0822552579986 577.0791688617963 -11 17 11.0 1 164
461.9134424078689 545.3641140350929 20 -4 10.0 1 165
598.4990916435833 312.3238309648949 5 -8 11.0 1 166
112.80148303147286 191.33277245557068 14 4 12.0 1 167
188.5308368372767 414.99309945466615 6 -11 11.0 1 168
260.1202651351871 238.04426600410338 -11 18 12.0 1 169
664.4488052805638 574.8022579536159 -13 16 12.0 1 170
323.82748525804107 551.9794328120948 19 5 10.0 1 171
239.57950212052597 159.6122634989429 14 -3 12.0 1 172
255.20578007358128 174.4814112408915 2 19 11.0 1 173
219.17723279004872 391.99207526660217 22 20 13.0 1 174
364.5326259647451 528.1837172929671 9 12 13.0 1 175
243.47064322708863 461.0127893827075 -6 5 10.0 1 176
540.1363262882849 496.23829827269066 15 9 12.0 1 177
152.1862680809822 137.4940871668427 11 9 11.0 1 178
585.9461176581144 419.8252699319503 -8 -9 11.0 1 179
52.6150771839807 305.534580929801 -8 15 11.0 1 180
96.16084557039858 284.64503376314997 13 -1 13.0 1 181
620.1318680084586 190.3384615931988 -15 9 13.0 1 182
249.07977199362844 117.82437245838395 4 19 11.0 1 183
536.8290911379181 375.52961344050163 21 -3 13.0 1 184
385.0630310597766 239.6943951108421 -4 -1 12.0 1 185
212.40428081214338 182.7976838466246 18 -8 12.0 1 186
549.1494939860656 452.13855045645755 18 2 10.0 1 187
699.9786981916864 237.84642886688812 5 -8 12.0 1 188
414.24961565791796 692.6532905224228 11 16 11.0 1 189
492.9280918838815 517.7470583021966 -6 -1 13.0 1 190
633.9908957052103 397.9358471293507 19 -14 13.0 1 191
468.26059068414395 646.7316188887264 21 -13 13.0 1 192
648.3724694963859 163.44109317916838 7 -3 12.0 1 193
566.0 400.0 -14 -7 13.0 1 194
214.57105621926564 363.4335289047294 -16 -8 10.0 1 195
186.50919379110775 702.1947644554373 -4 -17 13.0 1 196
438.2864210981934 677.3700595945637 16 -11 13.0 1 197
645.290832208156 541.1432167503286 -15 -16 12.0 1 198
348.5323068510962 586.0109581770125 0 3 13.0 1 199
219.6327840343076 234.19087056260963 -4 -3 11.0 1 200
605.1240198195841 293.76847693337504 2 -5 13.0 1 201
506.9178450184959 466.6676414507135 3 2 12.0 1 202
177.97146392683368 370.34651505797876 -14 14 12.0 1 203
213.1201976075244 476.6807632835594 16 1 13.0 1 204
378.1975919195497 166.01355808104282 15 -1 13.0 1 205
517.5476456942495 572.810737489715 15 8 12.0 1 206
58.334881846390374 384.86900409490573 4 -8 11.0 1 207
718.0 400.0 9 -11 12.0 1 208
266.35101295893986 419.05120108808205 -10 16 11.0 1 209
550.9236893428983 261.2662982720914 18 20 12.0 1 210
271.5119000950305 498.66513154509335 -4 -10 10.0 1 211
453.66250213329715 212.52910661973715 -1 12 12.0 1 212
174.74704138994736 446.487682641942 13 11 13.0 1 213
249.75308582953346 433.7914897903667 21 9 12.0 1 214
502.3094117514712 216.60756758506113 9 1 12.0 1 215
449.83630613859316 251.11970382061827 4 20 13.0 1 216
494.5937530528711 117.41192190155573 5 5 13.0 1 217
181.12983903599576 437.1463677846283 -2 22 13.0 1 218
516.5104845847374 260.18116370878465 -4 13 12.0 1 219
