400 400 7.071067811865475 -7.0710678118654755 5 2 -1 10 187
742.842712474619 57.15728752538092
800.0 400.0 0 0 24.0 1 0
799.4518139018296 420.9343824971775 0 0 24.0 1 1
797.8087581473094 441.8113853070614 0 0 24.0 1 2
795.0753362380551 462.57378601609236 0 0 24.0 1 3
791.2590402935223 483.16467632710373 0 0 24.0 1 4
786.3703305156273 503.5276180410083 0 0 24.0 1 5
780.4226065180615 523.6067977499789 0 0 24.0 1 6
773.4321705988807 543.3471798181201 0 0 24.0 1 7
765.4181830570403 562.6946572303201 0 0 24.0 1 8
756.4026096753471 581.5961998958187 0 0 24.0 1 9
746.4101615137755 600.0 0 0 24.0 1 10
735.4682271781696 617.8556140060108 0 0 24.0 1 11
723.606797749979 635.1141009169893 0 0 24.0 1 12
710.8583845827884 651.728156419935 0 0 24.0 1 13
697.2579301909577 667.6522425435433 0 0 24.0 1 14
682.842712474619 682.842712474619 0 0 24.0 1 15
667.6522425435433 697.2579301909577 0 0 24.0 1 16
651.728156419935 710.8583845827884 0 0 24.0 1 17
635.1141009169893 723.606797749979 0 0 24.0 1 18
617.8556140060108 735.4682271781696 0 0 24.0 1 19
600.0 746.4101615137754 0 0 24.0 1 20
581.5961998958187 756.4026096753471 0 0 24.0 1 21
562.6946572303201 765.4181830570403 0 0 24.0 1 22
543.3471798181201 773.4321705988807 0 0 24.0 1 23
523.606797749979 780.4226065180615 0 0 24.0 1 24
503.5276180410083 786.3703305156273 0 0 24.0 1 25
483.1646763271038 791.2590402935223 0 0 24.0 1 26
462.57378601609236 795.0753362380551 0 0 24.0 1 27
441.8113853070614 797.8087581473094 0 0 24.0 1 28
420.9343824971776 799.4518139018296 0 0 24.0 1 29
400.0 800.0 0 0 24.0 1 30
379.0656175028225 799.4518139018296 0 0 24.0 1 31
358.1886146929386 797.8087581473094 0 0 24.0 1 32
337.4262139839077 795.0753362380551 0 0 24.0 1 33
316.83532367289627 791.2590402935223 0 0 24.0 1 34
296.47238195899166 786.3703305156273 0 0 24.0 1 35
276.3932022500211 780.4226065180615 0 0 24.0 1 36
256.65282018187986 773.4321705988807 0 0 24.0 1 37
237.3053427696799 765.4181830570403 0 0 24.0 1 38
218.4038001041813 756.4026096753471 0 0 24.0 1 39
200.00000000000009 746.4101615137755 0 0 24.0 1 40
182.14438599398918 735.4682271781696 0 0 24.0 1 41
164.8858990830108 723.606797749979 0 0 24.0 1 42
148.27184358006508 710.8583845827884 0 0 24.0 1 43
132.3477574564567 697.2579301909577 0 0 24.0 1 44
117.15728752538104 682.842712474619 0 0 24.0 1 45
102.74206980904233 667.6522425435434 0 0 24.0 1 46
89.14161541721165 651.728156419935 0 0 24.0 1 47
76.39320225002109 635.1141009169893 0 0 24.0 1 48
64.53177282183043 617.8556140060109 0 0 24.0 1 49
53.589838486224494 600.0 0 0 24.0 1 50
43.597390324652906 581.5961998958187 0 0 24.0 1 51
34.58181694295968 562.6946572303202 0 0 24.0 1 52
26.567829401119297 543.3471798181201 0 0 24.0 1 53
19.5773934819386 523.606797749979 0 0 24.0 1 54
13.629669484372698 503.5276180410084 0 0 24.0 1 55
8.740959706477724 483.16467632710373 0 0 24.0 1 56
4.924663761944942 462.5737860160924 0 0 24.0 1 57
2.1912418526906663 441.81138530706147 0 0 24.0 1 58
0.5481860981704472 420.9343824971775 0 0 24.0 1 59
0.0 400.00000000000006 0 0 24.0 1 60
0.5481860981704472 379.0656175028226 0 0 24.0 1 61
2.1912418526906663 358.1886146929386 0 0 24.0 1 62
4.924663761944885 337.4262139839077 0 0 24.0 1 63
8.740959706477781 316.8353236728962 0 0 24.0 1 64
13.629669484372698 296.47238195899166 0 0 24.0 1 65
19.577393481938543 276.3932022500211 0 0 24.0 1 66
26.567829401119297 256.65282018187986 0 0 24.0 1 67
34.58181694295968 237.30534276967992 0 0 24.0 1 68
43.59739032465285 218.40380010418136 0 0 24.0 1 69
53.58983848622455 199.99999999999994 0 0 24.0 1 70
64.53177282183037 182.14438599398918 0 0 24.0 1 71
76.39320225002103 164.8858990830108 0 0 24.0 1 72
89.14161541721171 148.27184358006497 0 0 24.0 1 73
102.74206980904228 132.3477574564567 0 0 24.0 1 74
117.15728752538092 117.15728752538104 0 0 24.0 1 75
132.34775745645675 102.74206980904228 0 0 24.0 1 76
148.27184358006485 89.14161541721177 0 0 24.0 1 77
164.8858990830107 76.39320225002109 0 0 24.0 1 78
182.1443859939892 64.53177282183032 0 0 24.0 1 79
199.99999999999983 53.58983848622461 0 0 24.0 1 80
218.40380010418124 43.597390324652906 0 0 24.0 1 81
237.30534276967995 34.58181694295962 0 0 24.0 1 82
256.65282018187975 26.567829401119354 0 0 24.0 1 83
276.393202250021 19.5773934819386 0 0 24.0 1 84
296.4723819589917 13.629669484372698 0 0 24.0 1 85
316.8353236728961 8.740959706477781 0 0 24.0 1 86
337.4262139839076 4.924663761944942 0 0 24.0 1 87
358.18861469293864 2.1912418526906663 0 0 24.0 1 88
379.0656175028223 0.5481860981704472 0 0 24.0 1 89
399.99999999999994 0.0 0 0 24.0 1 90
420.9343824971776 0.5481860981704472 0 0 24.0 1 91
441.8113853070612 2.1912418526906663 0 0 24.0 1 92
462.5737860160923 4.924663761944885 0 0 24.0 1 93
483.1646763271038 8.740959706477781 0 0 24.0 1 94
503.5276180410081 13.629669484372641 0 0 24.0 1 95
523.6067977499789 19.577393481938543 0 0 24.0 1 96
543.3471798181201 26.567829401119297 0 0 24.0 1 97
562.6946572303199 34.58181694295956 0 0 24.0 1 98
581.5961998958187 43.59739032465279 0 0 24.0 1 99
756.4026096753471 218.40380010418122 0 0 24.0 1 100
765.4181830570403 237.30534276967995 0 0 24.0 1 101
773.4321705988806 256.6528201818797 0 0 24.0 1 102
780.4226065180615 276.3932022500209 0 0 24.0 1 103
786.3703305156273 296.4723819589917 0 0 24.0 1 104
791.2590402935223 316.83532367289604 0 0 24.0 1 105
795.0753362380551 337.4262139839076 0 0 24.0 1 106
797.8087581473094 358.18861469293864 0 0 24.0 1 107
799.4518139018296 379.06561750282225 0 0 24.0 1 108
800.0 399.9999999999999 0 0 24.0 1 109
673.8548986242859 647.3145658862053 0 0 10.0 1 110
180.25967578003002 521.3061824957924 0 0 12.0 1 111
200.2686395730369 222.80975291513766 0 0 10.0 1 112
273.9487063477225 540.826387330597 0 0 13.0 1 113
190.2661793505701 573.1927379418455 0 0 13.0 1 114
546.0545164864704 563.1841849380734 0 0 11.0 1 115
214.3765884095086 249.45117380229422 0 0 11.0 1 116
90.40234432941173 288.68831326731305 0 0 10.0 1 117
615.3594429730317 518.8962166023189 0 0 12.0 1 118
212.60655921164306 208.40746791823918 0 0 11.0 1 119
246.13572189049097 258.5546610105527 0 0 12.0 1 120
287.42408967565126 284.90150124939 0 0 13.0 1 121
520.1776409004226 263.32032108755493 0 0 12.0 1 122
278.99076630544863 218.66945827947941 0 0 11.0 1 123
391.76064155949643 665.8723621824745 0 0 13.0 1 124
277.6759027967365 644.0610891629523 0 0 13.0 1 125
518.7109768702819 532.6337210912195 0 0 11.0 1 126
382.28803799838846 666.4118736131209 0 0 12.0 1 127
200.58450415788363 356.9946512856498 0 0 11.0 1 128
584.1378130453428 426.2538722263668 0 0 13.0 1 129
145.03413103077628 335.49104201144905 0 0 10.0 1 130
137.56964406879314 491.72953878560645 0 0 10.0 1 131
708.0066949373596 204.15088492984125 0 0 11.0 1 132
684.923018171647 258.78076010699067 0 0 12.0 1 133
652.4373781500493 527.9232977714732 0 0 12.0 1 134
586.8552035912459 285.78033054296634 0 0 10.0 1 135
268.76569582505937 364.3130639068137 0 0 13.0 1 136
469.89884893260245 155.80714400724736 0 0 10.0 1 137
177.09467452638762 339.38468942995564 0 0 11.0 1 138
541.7454495626754 695.7908509881181 0 0 13.0 1 139
438.1068927328639 559.511331027755 0 0 13.0 1 140
108.58754640396921 361.07980101359715 0 0 10.0 1 141
165.3522736332596 345.0323321313398 0 0 12.0 1 142
534.9788466674383 402.38975988923085 0 0 13.0 1 143
429.21788398616326 746.7712722463773 0 0 10.0 1 144
206.0983451190007 420.66756479147557 0 0 12.0 1 145
271.8805439855697 273.5665985960732 0 0 12.0 1 146
673.7554003541711 495.6973394453968 0 0 13.0 1 147
432.7980122896785 211.83706425056474 0 0 13.0 1 148
242.2483894285396 490.76579400914375 0 0 10.0 1 149
67.94839471200572 355.6521542161736 0 0 11.0 1 150
403.07321248077636 631.9796442902868 0 0 13.0 1 151
470.33865523601105 176.82187925428357 0 0 11.0 1 152
249.8908550346436 370.39857101811435 0 0 12.0 1 153
633.5514128537725 385.51768133181935 0 0 11.0 1 154
115.98540001341189 458.6149042007095 -3 -1 10.0 1 155
366.13265787610993 522.4009932045626 -8 16 11.0 1 156
600.87403002272 407.1150588494658 10 6 10.0 1 157
201.38186213111845 387.6778528860446 -6 7 13.0 1 158
604.3978554849979 612.7122861358364 16 -2 10.0 1 159
416.86322681363913 565.1412473654955 12 -8 10.0 1 160
472.35829245169464 295.62913474788553 -12 -1 11.0 1 161
85.2041302362681 476.67829145002867 5 18 10.0 1 162
148.06748029285447 133.1311080061808 0 2 12.0 1 163
265.34986144136553 336.20078224507347 -10 -12 11.0 1 164
248.04315740285406 456.1526311752727 15 17 12.0 1 165
56.056364517404006 483.77813325095724 -1 3 12.0 1 166
580.8536417352927 338.57557268413177 15 2 10.0 1 167
490.30779446965835 490.7110922546187 11 -16 13.0 1 168
143.93214923463603 340.0145367242422 -1 -5 10.0 1 169
525.2466074309333 302.0495669890036 3 3 13.0 1 170
635.0465737798111 301.11568297059523 -11 -4 12.0 1 171
252.90266121563963 638.2485528236407 -9 -9 13.0 1 172
108.0160061151231 592.9905368535883 0 4 13.0 1 173
516.5817477973467 308.8260120400788 1 8 12.0 1 174
182.72925692237712 585.9823222849354 22 1 12.0 1 175
296.9568133762994 286.9022471910551 1 -1 13.0 1 176
321.9111903615732 614.2104988305978 3 17 13.0 1 177
351.55565786362 519.5581269298468 -9 15 13.0 1 178
516.7102300690974 530.3983212975472 -5 3 12.0 1 179
562.0604908959467 581.0673832874513 -11 -12 13.0 1 180
386.7760480018898 224.49750117576195 18 15 11.0 1 181
645.4997074812304 278.3205291487907 9 -3 10.0 1 182
264.96270994077514 499.9446361415197 19 -17 12.0 1 183
716.160685515589 266.9908990545654 -16 -9 10.0 1 184
554.5874161507089 355.0141047899729 -5 7 12.0 1 185
568.0843612213491 297.2544525888784 13 -5 11.0 1 186
255.85943310768582 192.07574221375154 -5 -8 13.0 1 187
328.39361859359116 292.6988996240956 1 4 10.0 1 188
102.16790161942737 310.4620685171647 11 -8 12.0 1 189
620.9632548471666 174.09904823718398 -12 17 11.0 1 190
500.36245340223473 600.2582780987699 -5 1 10.0 1 191
300.8037042586913 705.2885436946542 16 -12 11.0 1 192
182.54290077020192 596.3705935076882 20 4 10.0 1 193
237.6901439456742 221.85255930094297 22 22 12.0 1 194
369.57123078156064 267.44778385914873 12 -3 11.0 1 195
161.11030828859225 146.94720868161016 -15 -17 13.0 1 196
575.3104559943455 121.59877152021284 14 8 13.0 1 197
523.7029309465928 330.2749336664174 0 5 11.0 1 198
449.3665864961526 561.6290200976232 17 4 11.0 1 199
608.4303284547998 548.6364631583524 -11 7 11.0 1 200
272.8725465579328 322.2850684788628 3 -14 10.0 1 201
300.03938082404727 555.6691190119612 -6 -13 10.0 1 202
409.1588024904219 170.18242813713866 3 18 13.0 1 203
596.5101087383015 105.55174110947621 -15 3 11.0 1 204
136.31732461906392 294.51328659991395 -11 -5 13.0 1 205
369.34748983142504 266.4731352110542 18 17 10.0 1 206
589.5473614422916 623.4296259905236 19 18 13.0 1 207
610.2840248531859 490.6731983087876 18 -4 10.0 1 208
193.32795611531043 164.9347616585452 8 20 11.0 1 209
411.87919601867225 272.5524237109628 -14 -17 12.0 1 210
508.44539982737643 565.6610855218584 -7 -3 12.0 1 211
637.9499181353771 361.77910964711396 6 1 12.0 1 212
191.10767901480753 450.8821995733215 4 4 12.0 1 213
179.56634006367267 214.65437267883658 -7 11 13.0 1 214
279.2096218554474 503.3957665849816 -12 0 13.0 1 215
285.60674377528704 713.7995903921915 -10 15 11.0 1 216
678.5468062031247 299.86171184787054 -4 13 12.0 1 217
187.9015655917284 327.9565816915931 21 9 10.0 1 218
98.83936630731273 599.0559537261296 -1 -17 12.0 1 219
