400 400 -7.071067811865475 -7.071067811865477 5 2 -1 10 187
57.15728752538104 57.15728752538092
800.0 400.0 0 0 24.0 1 0
799.4518139018296 420.9343824971775 0 0 24.0 1 1
797.8087581473094 441.8113853070614 0 0 24.0 1 2
795.0753362380551 462.57378601609236 0 0 24.0 1 3
791.2590402935223 483.16467632710373 0 0 24.0 1 4
786.3703305156273 503.5276180410083 0 0 24.0 1 5
780.4226065180615 523.6067977499789 0 0 24.0 1 6
773.4321705988807 543.3471798181201 0 0 24.0 1 7
765.4181830570403 562.6946572303201 0 0 24.0 1 8
756.4026096753471 581.5961998958187 0 0 24.0 1 9
746.4101615137755 600.0 0 0 24.0 1 10
735.4682271781696 617.8556140060108 0 0 24.0 1 11
723.606797749979 635.1141009169893 0 0 24.0 1 12
710.8583845827884 651.728156419935 0 0 24.0 1 13
697.2579301909577 667.6522425435433 0 0 24.0 1 14
682.842712474619 682.842712474619 0 0 24.0 1 15
667.6522425435433 697.2579301909577 0 0 24.0 1 16
651.728156419935 710.8583845827884 0 0 24.0 1 17
635.1141009169893 723.606797749979 0 0 24.0 1 18
617.8556140060108 735.4682271781696 0 0 24.0 1 19
600.0 746.4101615137754 0 0 24.0 1 20
581.5961998958187 756.4026096753471 0 0 24.0 1 21
562.6946572303201 765.4181830570403 0 0 24.0 1 22
543.3471798181201 773.4321705988807 0 0 24.0 1 23
523.606797749979 780.4226065180615 0 0 24.0 1 24
503.5276180410083 786.3703305156273 0 0 24.0 1 25
483.1646763271038 791.2590402935223 0 0 24.0 1 26
462.57378601609236 795.0753362380551 0 0 24.0 1 27
441.8113853070614 797.8087581473094 0 0 24.0 1 28
420.9343824971776 799.4518139018296 0 0 24.0 1 29
400.0 800.0 0 0 24.0 1 30
379.0656175028225 799.4518139018296 0 0 24.0 1 31
358.1886146929386 797.8087581473094 0 0 24.0 1 32
337.4262139839077 795.0753362380551 0 0 24.0 1 33
316.83532367289627 791.2590402935223 0 0 24.0 1 34
296.47238195899166 786.3703305156273 0 0 24.0 1 35
276.3932022500211 780.4226065180615 0 0 24.0 1 36
256.65282018187986 773.4321705988807 0 0 24.0 1 37
237.3053427696799 765.4181830570403 0 0 24.0 1 38
218.4038001041813 756.4026096753471 0 0 24.0 1 39
200.00000000000009 746.4101615137755 0 0 24.0 1 40
182.14438599398918 735.4682271781696 0 0 24.0 1 41
164.8858990830108 723.606797749979 0 0 24.0 1 42
148.27184358006508 710.8583845827884 0 0 24.0 1 43
132.3477574564567 697.2579301909577 0 0 24.0 1 44
117.15728752538104 682.842712474619 0 0 24.0 1 45
102.74206980904233 667.6522425435434 0 0 24.0 1 46
89.14161541721165 651.728156419935 0 0 24.0 1 47
76.39320225002109 635.1141009169893 0 0 24.0 1 48
64.53177282183043 617.8556140060109 0 0 24.0 1 49
53.589838486224494 600.0 0 0 24.0 1 50
43.597390324652906 581.5961998958187 0 0 24.0 1 51
34.58181694295968 562.6946572303202 0 0 24.0 1 52
26.567829401119297 543.3471798181201 0 0 24.0 1 53
19.5773934819386 523.606797749979 0 0 24.0 1 54
13.629669484372698 503.5276180410084 0 0 24.0 1 55
8.740959706477724 483.16467632710373 0 0 24.0 1 56
4.924663761944942 462.5737860160924 0 0 24.0 1 57
2.1912418526906663 441.81138530706147 0 0 24.0 1 58
0.5481860981704472 420.9343824971775 0 0 24.0 1 59
0.0 400.00000000000006 0 0 24.0 1 60
0.5481860981704472 379.0656175028226 0 0 24.0 1 61
2.1912418526906663 358.1886146929386 0 0 24.0 1 62
4.924663761944885 337.4262139839077 0 0 24.0 1 63
8.740959706477781 316.8353236728962 0 0 24.0 1 64
13.629669484372698 296.47238195899166 0 0 24.0 1 65
19.577393481938543 276.3932022500211 0 0 24.0 1 66
26.567829401119297 256.65282018187986 0 0 24.0 1 67
34.58181694295968 237.30534276967992 0 0 24.0 1 68
43.59739032465285 218.40380010418136 0 0 24.0 1 69
218.40380010418124 43.597390324652906 0 0 24.0 1 70
237.30534276967995 34.58181694295962 0 0 24.0 1 71
256.65282018187975 26.567829401119354 0 0 24.0 1 72
276.393202250021 19.5773934819386 0 0 24.0 1 73
296.4723819589917 13.629669484372698 0 0 24.0 1 74
316.8353236728961 8.740959706477781 0 0 24.0 1 75
337.4262139839076 4.924663761944942 0 0 24.0 1 76
358.18861469293864 2.1912418526906663 0 0 24.0 1 77
379.0656175028223 0.5481860981704472 0 0 24.0 1 78
399.99999999999994 0.0 0 0 24.0 1 79
420.9343824971776 0.5481860981704472 0 0 24.0 1 80
441.8113853070612 2.1912418526906663 0 0 24.0 1 81
462.5737860160923 4.924663761944885 0 0 24.0 1 82
483.1646763271038 8.740959706477781 0 0 24.0 1 83
503.5276180410081 13.629669484372641 0 0 24.0 1 84
523.6067977499789 19.577393481938543 0 0 24.0 1 85
543.3471798181201 26.567829401119297 0 0 24.0 1 86
562.6946572303199 34.58181694295956 0 0 24.0 1 87
581.5961998958187 43.59739032465279 0 0 24.0 1 88
600.0 53.58983848622455 0 0 24.0 1 89
617.8556140060107 64.53177282183032 0 0 24.0 1 90
635.1141009169892 76.39320225002098 0 0 24.0 1 91
651.728156419935 89.14161541721171 0 0 24.0 1 92
667.6522425435431 102.74206980904216 0 0 24.0 1 93
682.842712474619 117.15728752538092 0 0 24.0 1 94
697.2579301909577 132.34775745645675 0 0 24.0 1 95
710.8583845827882 148.27184358006485 0 0 24.0 1 96
723.6067977499789 164.88589908301066 0 0 24.0 1 97
735.4682271781696 182.1443859939892 0 0 24.0 1 98
746.4101615137754 199.99999999999983 0 0 24.0 1 99
756.4026096753471 218.40380010418122 0 0 24.0 1 100
765.4181830570403 237.30534276967995 0 0 24.0 1 101
773.4321705988806 256.6528201818797 0 0 24.0 1 102
780.4226065180615 276.3932022500209 0 0 24.0 1 103
786.3703305156273 296.4723819589917 0 0 24.0 1 104
791.2590402935223 316.83532367289604 0 0 24.0 1 105
795.0753362380551 337.4262139839076 0 0 24.0 1 106
797.8087581473094 358.18861469293864 0 0 24.0 1 107
799.4518139018296 379.06561750282225 0 0 24.0 1 108
800.0 399.9999999999999 0 0 24.0 1 109
384.10423688717714 256.88003383503394 0 0 10.0 1 110
117.0135581678648 633.6828486200636 0 0 11.0 1 111
683.4171447315684 576.722160670939 0 0 13.0 1 112
682.8881885275689 425.10523434645893 0 0 10.0 1 113
243.68967119691925 698.5566631470026 0 0 12.0 1 114
196.01794604281673 512.6069343486838 0 0 12.0 1 115
387.42611986175416 84.2502612221682 0 0 10.0 1 116
734.160463309596 423.70199908691563 0 0 10.0 1 117
451.1273035425064 255.7952884525876 0 0 11.0 1 118
295.48234909284037 591.3114232053306 0 0 13.0 1 119
354.65883012453025 109.517335604474 0 0 11.0 1 120
552.7496986519899 147.6262106285079 0 0 13.0 1 121
582.3381179934483 460.13992622715233 0 0 12.0 1 122
196.6197830469892 503.0557487583602 0 0 12.0 1 123
456.36844718876085 679.3700022578084 0 0 12.0 1 124
191.7358959678654 121.198882764627 0 0 13.0 1 125
520.0902639029879 471.9606039142997 0 0 13.0 1 126
476.5586068007598 622.1796114064624 0 0 12.0 1 127
694.5989243202708 371.23415585561014 0 0 13.0 1 128
560.9593464429546 348.4918570257388 0 0 13.0 1 129
449.86222835130826 580.2297372351244 0 0 10.0 1 130
269.86832246682303 338.34169559255423 0 0 13.0 1 131
554.5836446173257 660.6010299611733 0 0 11.0 1 132
111.72218657580936 263.4097284307278 0 0 11.0 1 133
382.4938138414235 526.797213873891 0 0 10.0 1 134
567.7831910867219 268.78338219281613 0 0 12.0 1 135
424.0030827233195 761.2033388823772 0 0 11.0 1 136
223.58223832575132 553.7295461706955 0 0 11.0 1 137
713.2641552475127 497.20889381667837 0 0 11.0 1 138
700.8125532494109 478.9481336547628 0 0 10.0 1 139
572.0458598681851 362.9025324015663 0 0 13.0 1 140
390.12128733236875 602.7594906188866 0 0 13.0 1 141
404.1329409224234 711.9726250800409 0 0 10.0 1 142
521.3782629492721 505.77484239372507 0 0 13.0 1 143
95.19712244679744 427.04081794782445 0 0 11.0 1 144
225.763602350979 123.28592783471919 0 0 10.0 1 145
555.1632047561435 589.6032169816829 0 0 10.0 1 146
718.9647570763301 583.5360557036075 0 0 13.0 1 147
490.5903031481846 269.3309639756992 0 0 12.0 1 148
242.0557019573167 395.80491766421324 0 0 11.0 1 149
723.5264300854799 246.72035674576634 0 0 10.0 1 150
556.7575564716254 426.60955634814627 0 0 13.0 1 151
507.5344677320922 695.0124374489585 0 0 12.0 1 152
300.51730805723173 499.9209387657075 0 0 10.0 1 153
382.0140225052389 576.0837999747789 0 0 12.0 1 154
552.2518414884671 508.57429144770276 -11 21 11.0 1 155
364.22057343160213 170.77558455863254 0 -3 12.0 1 156
467.34336993230033 513.5291615672438 -10 -9 10.0 1 157
103.69761246658828 497.718448319649 9 12 11.0 1 158
240.06300931847565 649.070590419138 -11 -15 12.0 1 159
449.43904945570193 552.1702348980136 -11 -2 11.0 1 160
43.512708982351455 473.571810789856 -8 -5 10.0 1 161
284.6829115918567 557.2481132512198 18 -1 11.0 1 162
273.24370095805045 392.1361171684807 13 17 13.0 1 163
324.9179871297473 740.8279497684296 10 -8 12.0 1 164
140.03758116215903 339.10221028658805 13 2 12.0 1 165
428.0424518717774 732.8207038226724 -7 22 11.0 1 166
381.4364048362041 77.53388870364273 10 -8 13.0 1 167
547.607078636007 309.77167663896427 -13 -17 11.0 1 168
338.21703165989163 284.4843524751509 -4 14 11.0 1 169
137.03110067500387 432.74687752748434 -10 15 10.0 1 170
686.3717330815541 551.5494325026232 -7 2 10.0 1 171
173.44972083795653 168.37320748324439 21 -14 13.0 1 172
288.6314383790212 458.9325333111876 16 20 13.0 1 173
261.5437909153753 412.2832473684562 10 4 12.0 1 174
159.5283726609773 348.1406089032836 -14 -8 10.0 1 175
575.0007174190405 426.52826611034254 22 -12 10.0 1 176
653.9411364637425 279.6883247082691 -2 -8 10.0 1 177
140.09641609533702 473.1445628431246 5 -15 13.0 1 178
268.7185371130946 708.2047655411482 -14 -3 12.0 1 179
470.96173094059395 535.5486360754498 -10 -13 11.0 1 180
288.0879670861805 250.18445711777372 4 -12 13.0 1 181
295.6925187013161 187.18799529837443 5 -16 12.0 1 182
142.09095636068173 393.14980226181655 18 -4 12.0 1 183
561.9795309088222 638.1315425695594 22 -7 13.0 1 184
547.9188077396536 617.4604017215074 -10 8 12.0 1 185
244.19815321616315 506.98964687644235 -13 12 13.0 1 186
262.7696572339166 186.26223304174047 -9 -7 13.0 1 187
496.00521075826555 568.5793567055617 -11 -17 13.0 1 188
713.9756837346697 308.63113208895123 21 3 12.0 1 189
309.58137831340053 648.0332091722712 8 11 12.0 1 190
410.1543245002504 145.20225728247982 9 21 12.0 1 191
158.07354453342825 458.9286869477072 8 13 11.0 1 192
270.1745097378358 583.7670864931713 11 10 11.0 1 193
475.50194933551154 742.7833946481916 16 -6 12.0 1 194
603.4573659956286 667.396896433225 3 13 11.0 1 195
205.77737968509533 432.96321825933234 -17 5 13.0 1 196
417.354762933529 213.8070565152347 1 -11 11.0 1 197
623.8932223168282 513.458472581766 9 16 13.0 1 198
239.3005124128792 469.286901281821 9 -16 12.0 1 199
683.1390705349036 359.6482127207366 4 -13 10.0 1 200
633.9930427915872 472.6103017837994 7 9 12.0 1 201
351.5844539051869 750.6735446199799 -11 -11 13.0 1 202
548.5850607952507 367.9612779831709 5 -9 12.0 1 203
486.1133651457302 509.11227402670215 9 3 10.0 1 204
362.93259405338017 533.9664413813716 20 -6 10.0 1 205
455.6474463080544 615.9452748253414 17 3 13.0 1 206
662.8232689406032 609.3321028972274 -7 -2 11.0 1 207
229.83992612758297 623.6214418604209 -6 12 12.0 1 208
344.86027782088235 282.27315073438126 -4 17 11.0 1 209
281.8423711981783 487.4515566238298 22 12 11.0 1 210
441.3599201612791 573.1281519691486 -9 -13 10.0 1 211
323.39782454198127 285.2127763420558 -17 1 10.0 1 212
457.62505730335516 641.2122566761171 -12 11 11.0 1 213
638.9372621940302 361.6205167410854 -4 14 13.0 1 214
65.31448739256189 429.6918785309445 16 -12 12.0 1 215
532.6106046221507 574.2854771395127 20 -17 12.0 1 216
523.8889315293683 477.24980676035057 10 -14 12.0 1 217
171.58858015296218 581.9126803811658 20 17 11.0 1 218
560.669594262818 168.24737007010805 -9 -5 13.0 1 219
