400 400 -7.071067811865475 7.0710678118654755 5 2 -1 10 187
57.15728752538104 742.842712474619
800.0 400.0 0 0 24.0 1 0
799.4518139018296 420.9343824971775 0 0 24.0 1 1
797.8087581473094 441.8113853070614 0 0 24.0 1 2
795.0753362380551 462.57378601609236 0 0 24.0 1 3
791.2590402935223 483.16467632710373 0 0 24.0 1 4
786.3703305156273 503.5276180410083 0 0 24.0 1 5
780.4226065180615 523.6067977499789 0 0 24.0 1 6
773.4321705988807 543.3471798181201 0 0 24.0 1 7
765.4181830570403 562.6946572303201 0 0 24.0 1 8
756.4026096753471 581.5961998958187 0 0 24.0 1 9
746.4101615137755 600.0 0 0 24.0 1 10
735.4682271781696 617.8556140060108 0 0 24.0 1 11
723.606797749979 635.1141009169893 0 0 24.0 1 12
710.8583845827884 651.728156419935 0 0 24.0 1 13
697.2579301909577 667.6522425435433 0 0 24.0 1 14
682.842712474619 682.842712474619 0 0 24.0 1 15
667.6522425435433 697.2579301909577 0 0 24.0 1 16
651.728156419935 710.8583845827884 0 0 24.0 1 17
635.1141009169893 723.606797749979 0 0 24.0 1 18
617.8556140060108 735.4682271781696 0 0 24.0 1 19
600.0 746.4101615137754 0 0 24.0 1 20
581.5961998958187 756.4026096753471 0 0 24.0 1 21
562.6946572303201 765.4181830570403 0 0 24.0 1 22
543.3471798181201 773.4321705988807 0 0 24.0 1 23
523.606797749979 780.4226065180615 0 0 24.0 1 24
503.5276180410083 786.3703305156273 0 0 24.0 1 25
483.1646763271038 791.2590402935223 0 0 24.0 1 26
462.57378601609236 795.0753362380551 0 0 24.0 1 27
441.8113853070614 797.8087581473094 0 0 24.0 1 28
420.9343824971776 799.4518139018296 0 0 24.0 1 29
400.0 800.0 0 0 24.0 1 30
379.0656175028225 799.4518139018296 0 0 24.0 1 31
358.1886146929386 797.8087581473094 0 0 24.0 1 32
337.4262139839077 795.0753362380551 0 0 24.0 1 33
316.83532367289627 791.2590402935223 0 0 24.0 1 34
296.47238195899166 786.3703305156273 0 0 24.0 1 35
276.3932022500211 780.4226065180615 0 0 24.0 1 36
256.65282018187986 773.4321705988807 0 0 24.0 1 37
237.3053427696799 765.4181830570403 0 0 24.0 1 38
218.4038001041813 756.4026096753471 0 0 24.0 1 39
43.597390324652906 581.5961998958187 0 0 24.0 1 40
34.58181694295968 562.6946572303202 0 0 24.0 1 41
26.567829401119297 543.3471798181201 0 0 24.0 1 42
19.5773934819386 523.606797749979 0 0 24.0 1 43
13.629669484372698 503.5276180410084 0 0 24.0 1 44
8.740959706477724 483.16467632710373 0 0 24.0 1 45
4.924663761944942 462.5737860160924 0 0 24.0 1 46
2.1912418526906663 441.81138530706147 0 0 24.0 1 47
0.5481860981704472 420.9343824971775 0 0 24.0 1 48
0.0 400.00000000000006 0 0 24.0 1 49
0.5481860981704472 379.0656175028226 0 0 24.0 1 50
2.1912418526906663 358.1886146929386 0 0 24.0 1 51
4.924663761944885 337.4262139839077 0 0 24.0 1 52
8.740959706477781 316.8353236728962 0 0 24.0 1 53
13.629669484372698 296.47238195899166 0 0 24.0 1 54
19.577393481938543 276.3932022500211 0 0 24.0 1 55
26.567829401119297 256.65282018187986 0 0 24.0 1 56
34.58181694295968 237.30534276967992 0 0 24.0 1 57
43.59739032465285 218.40380010418136 0 0 24.0 1 58
53.58983848622455 199.99999999999994 0 0 24.0 1 59
64.53177282183037 182.14438599398918 0 0 24.0 1 60
76.39320225002103 164.8858990830108 0 0 24.0 1 61
89.14161541721171 148.27184358006497 0 0 24.0 1 62
102.74206980904228 132.3477574564567 0 0 24.0 1 63
117.15728752538092 117.15728752538104 0 0 24.0 1 64
132.34775745645675 102.74206980904228 0 0 24.0 1 65
148.27184358006485 89.14161541721177 0 0 24.0 1 66
164.8858990830107 76.39320225002109 0 0 24.0 1 67
182.1443859939892 64.53177282183032 0 0 24.0 1 68
199.99999999999983 53.58983848622461 0 0 24.0 1 69
218.40380010418124 43.597390324652906 0 0 24.0 1 70
237.30534276967995 34.58181694295962 0 0 24.0 1 71
256.65282018187975 26.567829401119354 0 0 24.0 1 72
276.393202250021 19.5773934819386 0 0 24.0 1 73
296.4723819589917 13.629669484372698 0 0 24.0 1 74
316.8353236728961 8.740959706477781 0 0 24.0 1 75
337.4262139839076 4.924663761944942 0 0 24.0 1 76
358.18861469293864 2.1912418526906663 0 0 24.0 1 77
379.0656175028223 0.5481860981704472 0 0 24.0 1 78
399.99999999999994 0.0 0 0 24.0 1 79
420.9343824971776 0.5481860981704472 0 0 24.0 1 80
441.8113853070612 2.1912418526906663 0 0 24.0 1 81
462.5737860160923 4.924663761944885 0 0 24.0 1 82
483.1646763271038 8.740959706477781 0 0 24.0 1 83
503.5276180410081 13.629669484372641 0 0 24.0 1 84
523.6067977499789 19.577393481938543 0 0 24.0 1 85
543.3471798181201 26.567829401119297 0 0 24.0 1 86
562.6946572303199 34.58181694295956 0 0 24.0 1 87
581.5961998958187 43.59739032465279 0 0 24.0 1 88
600.0 53.58983848622455 0 0 24.0 1 89
617.8556140060107 64.53177282183032 0 0 24.0 1 90
635.1141009169892 76.39320225002098 0 0 24.0 1 91
651.728156419935 89.14161541721171 0 0 24.0 1 92
667.6522425435431 102.74206980904216 0 0 24.0 1 93
682.842712474619 117.15728752538092 0 0 24.0 1 94
697.2579301909577 132.34775745645675 0 0 24.0 1 95
710.8583845827882 148.27184358006485 0 0 24.0 1 96
723.6067977499789 164.88589908301066 0 0 24.0 1 97
735.4682271781696 182.1443859939892 0 0 24.0 1 98
746.4101615137754 199.99999999999983 0 0 24.0 1 99
756.4026096753471 218.40380010418122 0 0 24.0 1 100
765.4181830570403 237.30534276967995 0 0 24.0 1 101
773.4321705988806 256.6528201818797 0 0 24.0 1 102
780.4226065180615 276.3932022500209 0 0 24.0 1 103
786.3703305156273 296.4723819589917 0 0 24.0 1 104
791.2590402935223 316.83532367289604 0 0 24.0 1 105
795.0753362380551 337.4262139839076 0 0 24.0 1 106
797.8087581473094 358.18861469293864 0 0 24.0 1 107
799.4518139018296 379.06561750282225 0 0 24.0 1 108
800.0 399.9999999999999 0 0 24.0 1 109
668.9219025340801 433.4964227560306 0 0 10.0 1 110
444.0671549832473 171.20514461272853 0 0 13.0 1 111
451.7023773123207 534.3981554198361 0 0 11.0 1 112
276.08628438368396 456.0481139928789 0 0 13.0 1 113
230.58136752881228 447.67941874218496 0 0 11.0 1 114
349.4190800497347 160.2781392175823 0 0 12.0 1 115
469.8572828563378 279.8294543911462 0 0 12.0 1 116
326.52233615674277 285.55773107746734 0 0 10.0 1 117
578.540401489117 494.48452273311693 0 0 10.0 1 118
480.60145810538825 712.7817209353599 0 0 12.0 1 119
627.3615939079816 677.8267546792822 0 0 12.0 1 120
392.3324731102967 53.08472355430115 0 0 12.0 1 121
566.9649119207139 87.84824493956751 0 0 12.0 1 122
350.5029006014833 280.8738603364763 0 0 12.0 1 123
265.9454496078954 549.7677452563491 0 0 11.0 1 124
114.83192656586101 317.00500079003854 0 0 10.0 1 125
237.14223206017243 663.7751834833165 0 0 11.0 1 126
155.47185333968997 434.8566419907872 0 0 10.0 1 127
589.6810130282267 556.6432676388797 0 0 12.0 1 128
368.75284858164935 220.7024385881429 0 0 11.0 1 129
313.4736361135002 666.2953029112249 0 0 10.0 1 130
570.9933468614998 398.4915805945255 0 0 13.0 1 131
498.2601107932076 702.4383418598022 0 0 13.0 1 132
380.62961458999786 691.356805599368 0 0 13.0 1 133
538.2441449913756 353.0472963972944 0 0 13.0 1 134
499.5150975733162 486.72223103088015 0 0 10.0 1 135
472.1017303990372 569.2847910282095 0 0 12.0 1 136
110.55648250263494 382.04310219574336 0 0 12.0 1 137
458.5367030125056 275.0301860430859 0 0 12.0 1 138
589.6764593339556 435.6628767002088 0 0 11.0 1 139
327.8942094580769 246.04950480649856 0 0 12.0 1 140
548.2403038332028 559.8399584567004 0 0 12.0 1 141
237.36137096236882 653.2778639059477 0 0 11.0 1 142
153.5045339589907 129.45243445703375 0 0 10.0 1 143
610.9818684586656 435.81411986480066 0 0 11.0 1 144
564.1755254803236 249.0848025106165 0 0 10.0 1 145
504.07946290994727 531.8767052984601 0 0 11.0 1 146
453.38730981466483 213.49049581655902 0 0 10.0 1 147
169.6558654457942 358.79830493203065 0 0 11.0 1 148
525.5035530556505 611.5770738298635 0 0 10.0 1 149
78.28557498742362 247.56696965937024 0 0 10.0 1 150
509.09797339012107 108.76361456341272 0 0 10.0 1 151
514.8492465243519 294.42703673388417 0 0 13.0 1 152
461.7096537786812 243.74406049523972 0 0 10.0 1 153
41.70506573947739 365.00371329343926 0 0 12.0 1 154
134.1664228201962 409.4079351501428 -12 -16 12.0 1 155
567.5521044831179 597.5026386742171 -16 12 13.0 1 156
722.3881821774937 454.7253139990179 -8 2 13.0 1 157
390.0879898460107 719.8464507458341 19 2 10.0 1 158
66.12449084904813 309.2082361158643 19 -10 13.0 1 159
223.02600066317137 325.54059120078796 -9 -15 12.0 1 160
234.58167857394457 609.5847774447997 14 -5 11.0 1 161
250.49442886300108 510.65299001382544 9 19 10.0 1 162
749.4229649534952 498.34933432976806 -7 16 10.0 1 163
262.706654819846 662.2337456721448 14 4 13.0 1 164
576.0110805048757 696.7239450052964 8 9 10.0 1 165
565.2678950915556 333.89006994401996 20 18 13.0 1 166
482.2907274233774 224.31779777071498 -15 -13 11.0 1 167
344.61233311260605 560.7240067842109 -5 1 11.0 1 168
668.2894670124149 510.0943317804979 3 10 10.0 1 169
379.01395490110565 237.348268035329 3 4 12.0 1 170
319.5631986304215 196.30679690909918 21 -4 11.0 1 171
269.88290906536236 290.5945949840355 16 15 10.0 1 172
615.1083302341245 571.3283580260046 -12 17 11.0 1 173
585.4347680426512 105.52088902441966 -12 -12 10.0 1 174
201.29233925746198 169.93204142638982 10 -15 12.0 1 175
440.06199244976267 89.57442637412237 -2 22 13.0 1 176
592.2559262800025 229.4518871103576 7 5 12.0 1 177
134.5598165905002 582.2786576413462 15 -2 12.0 1 178
595.9963139508197 226.1338304393529 15 17 10.0 1 179
389.82930567716784 608.7523819672281 6 -4 10.0 1 180
524.813006919235 423.46728155920476 14 5 10.0 1 181
264.9486855025965 432.89593367763575 9 6 11.0 1 182
644.6545677477978 413.00547885078424 -14 22 11.0 1 183
256.1410028826907 393.62905435574976 -10 -14 11.0 1 184
629.5677127218186 498.98820776068516 -10 11 12.0 1 185
69.41687711594943 316.3591077030575 2 20 12.0 1 186
478.19469953559803 179.4516176333693 -7 -14 11.0 1 187
592.9932056984227 347.52502925921425 -14 11 11.0 1 188
197.1220365893861 128.40925648623147 13 -17 11.0 1 189
577.2191563247499 676.00248301699 1 22 10.0 1 190
454.0955254027665 518.2102962156794 6 -10 10.0 1 191
221.06030705191415 196.4770620110727 18 11 10.0 1 192
734.2505897229678 544.1268304995576 12 -12 12.0 1 193
133.17525375368814 227.0012867371804 6 -1 13.0 1 194
146.99368987413902 422.4456462704164 22 -1 11.0 1 195
485.61661443637917 634.8825138924828 -4 -13 12.0 1 196
595.2669539371043 373.9267052307387 12 -7 13.0 1 197
558.8122401626097 126.80652940721006 -1 10 13.0 1 198
325.1208142959081 146.84173418927813 20 -15 11.0 1 199
200.35508637264275 580.2856302169562 -17 -17 11.0 1 200
541.5695352674518 379.8241063603683 -14 9 13.0 1 201
232.43118066379972 175.67726199452747 -2 18 11.0 1 202
212.73548699345724 416.61331298755226 9 -7 11.0 1 203
205.53721826680356 467.97224816487386 1 18 11.0 1 204
566.4287231221608 75.15160440610583 -12 9 11.0 1 205
474.3509003578684 583.5100640727214 5 11 10.0 1 206
605.4937667675862 153.39644807977947 10 -15 13.0 1 207
442.59084321490394 593.364991852826 18 11 13.0 1 208
629.8797814773386 570.1507745146376 7 1 10.0 1 209
461.2019802416716 259.77404799931634 18 21 13.0 1 210
398.8132004394676 130.00260833333385 4 -9 12.0 1 211
657.1157719443429 206.15604260781132 3 0 13.0 1 212
724.3769622969062 379.88566851641576 -2 -7 13.0 1 213
168.4590966547444 354.34027947892145 4 -15 10.0 1 214
385.97375773803105 566.40992917494 -7 16 12.0 1 215
393.7908499826898 119.068608987777 16 9 11.0 1 216
517.3090056665324 314.7732601261231 6 -9 13.0 1 217
186.45489193668288 220.44642353262293 -8 -2 13.0 1 218
363.69283453506625 211.4640890018511 8 5 11.0 1 219
