400 400 7.071067811865475 -7.0710678118654755 5 2 -1 10 187
742.842712474619 57.15728752538092
800.0 400.0 0 0 24.0 1 0
799.4518139018296 420.9343824971775 0 0 24.0 1 1
797.8087581473094 441.8113853070614 0 0 24.0 1 2
795.0753362380551 462.57378601609236 0 0 24.0 1 3
791.2590402935223 483.16467632710373 0 0 24.0 1 4
786.3703305156273 503.5276180410083 0 0 24.0 1 5
780.4226065180615 523.6067977499789 0 0 24.0 1 6
773.4321705988807 543.3471798181201 0 0 24.0 1 7
765.4181830570403 562.6946572303201 0 0 24.0 1 8
756.4026096753471 581.5961998958187 0 0 24.0 1 9
746.4101615137755 600.0 0 0 24.0 1 10
735.4682271781696 617.8556140060108 0 0 24.0 1 11
723.606797749979 635.1141009169893 0 0 24.0 1 12
710.8583845827884 651.728156419935 0 0 24.0 1 13
697.2579301909577 667.6522425435433 0 0 24.0 1 14
682.842712474619 682.842712474619 0 0 24.0 1 15
667.6522425435433 697.2579301909577 0 0 24.0 1 16
651.728156419935 710.8583845827884 0 0 24.0 1 17
635.1141009169893 723.606797749979 0 0 24.0 1 18
617.8556140060108 735.4682271781696 0 0 24.0 1 19
600.0 746.4101615137754 0 0 24.0 1 20
581.5961998958187 756.4026096753471 0 0 24.0 1 21
562.6946572303201 765.4181830570403 0 0 24.0 1 22
543.3471798181201 773.4321705988807 0 0 24.0 1 23
523.606797749979 780.4226065180615 0 0 24.0 1 24
503.5276180410083 786.3703305156273 0 0 24.0 1 25
483.1646763271038 791.2590402935223 0 0 24.0 1 26
462.57378601609236 795.0753362380551 0 0 24.0 1 27
441.8113853070614 797.8087581473094 0 0 24.0 1 28
420.9343824971776 799.4518139018296 0 0 24.0 1 29
400.0 800.0 0 0 24.0 1 30
379.0656175028225 799.4518139018296 0 0 24.0 1 31
358.1886146929386 797.8087581473094 0 0 24.0 1 32
337.4262139839077 795.0753362380551 0 0 24.0 1 33
316.83532367289627 791.2590402935223 0 0 24.0 1 34
296.47238195899166 786.3703305156273 0 0 24.0 1 35
276.3932022500211 780.4226065180615 0 0 24.0 1 36
256.65282018187986 773.4321705988807 0 0 24.0 1 37
237.3053427696799 765.4181830570403 0 0 24.0 1 38
218.4038001041813 756.4026096753471 0 0 24.0 1 39
200.00000000000009 746.4101615137755 0 0 24.0 1 40
182.14438599398918 735.4682271781696 0 0 24.0 1 41
164.8858990830108 723.606797749979 0 0 24.0 1 42
148.27184358006508 710.8583845827884 0 0 24.0 1 43
132.3477574564567 697.2579301909577 0 0 24.0 1 44
117.15728752538104 682.842712474619 0 0 24.0 1 45
102.74206980904233 667.6522425435434 0 0 24.0 1 46
89.14161541721165 651.728156419935 0 0 24.0 1 47
76.39320225002109 635.1141009169893 0 0 24.0 1 48
64.53177282183043 617.8556140060109 0 0 24.0 1 49
53.589838486224494 600.0 0 0 24.0 1 50
43.597390324652906 581.5961998958187 0 0 24.0 1 51
34.58181694295968 562.6946572303202 0 0 24.0 1 52
26.567829401119297 543.3471798181201 0 0 24.0 1 53
19.5773934819386 523.606797749979 0 0 24.0 1 54
13.629669484372698 503.5276180410084 0 0 24.0 1 55
8.740959706477724 483.16467632710373 0 0 24.0 1 56
4.924663761944942 462.5737860160924 0 0 24.0 1 57
2.1912418526906663 441.81138530706147 0 0 24.0 1 58
0.5481860981704472 420.9343824971775 0 0 24.0 1 59
0.0 400.00000000000006 0 0 24.0 1 60
0.5481860981704472 379.0656175028226 0 0 24.0 1 61
2.1912418526906663 358.1886146929386 0 0 24.0 1 62
4.924663761944885 337.4262139839077 0 0 24.0 1 63
8.740959706477781 316.8353236728962 0 0 24.0 1 64
13.629669484372698 296.47238195899166 0 0 24.0 1 65
19.577393481938543 276.3932022500211 0 0 24.0 1 66
26.567829401119297 256.65282018187986 0 0 24.0 1 67
34.58181694295968 237.30534276967992 0 0 24.0 1 68
43.59739032465285 218.40380010418136 0 0 24.0 1 69
53.58983848622455 199.99999999999994 0 0 24.0 1 70
64.53177282183037 182.14438599398918 0 0 24.0 1 71
76.39320225002103 164.8858990830108 0 0 24.0 1 72
89.14161541721171 148.27184358006497 0 0 24.0 1 73
102.74206980904228 132.3477574564567 0 0 24.0 1 74
117.15728752538092 117.15728752538104 0 0 24.0 1 75
132.34775745645675 102.74206980904228 0 0 24.0 1 76
148.27184358006485 89.14161541721177 0 0 24.0 1 77
164.8858990830107 76.39320225002109 0 0 24.0 1 78
182.1443859939892 64.53177282183032 0 0 24.0 1 79
199.99999999999983 53.58983848622461 0 0 24.0 1 80
218.40380010418124 43.597390324652906 0 0 24.0 1 81
237.30534276967995 34.58181694295962 0 0 24.0 1 82
256.65282018187975 26.567829401119354 0 0 24.0 1 83
276.393202250021 19.5773934819386 0 0 24.0 1 84
296.4723819589917 13.629669484372698 0 0 24.0 1 85
316.8353236728961 8.740959706477781 0 0 24.0 1 86
337.4262139839076 4.924663761944942 0 0 24.0 1 87
358.18861469293864 2.1912418526906663 0 0 24.0 1 88
379.0656175028223 0.5481860981704472 0 0 24.0 1 89
399.99999999999994 0.0 0 0 24.0 1 90
420.9343824971776 0.5481860981704472 0 0 24.0 1 91
441.8113853070612 2.1912418526906663 0 0 24.0 1 92
462.5737860160923 4.924663761944885 0 0 24.0 1 93
483.1646763271038 8.740959706477781 0 0 24.0 1 94
503.5276180410081 13.629669484372641 0 0 24.0 1 95
523.6067977499789 19.577393481938543 0 0 24.0 1 96
543.3471798181201 26.567829401119297 0 0 24.0 1 97
562.6946572303199 34.58181694295956 0 0 24.0 1 98
581.5961998958187 43.59739032465279 0 0 24.0 1 99
756.4026096753471 218.40380010418122 0 0 24.0 1 100
765.4181830570403 237.30534276967995 0 0 24.0 1 101
773.4321705988806 256.6528201818797 0 0 24.0 1 102
780.4226065180615 276.3932022500209 0 0 24.0 1 103
786.3703305156273 296.4723819589917 0 0 24.0 1 104
791.2590402935223 316.83532367289604 0 0 24.0 1 105
795.0753362380551 337.4262139839076 0 0 24.0 1 106
797.8087581473094 358.18861469293864 0 0 24.0 1 107
799.4518139018296 379.06561750282225 0 0 24.0 1 108
800.0 399.9999999999999 0 0 24.0 1 109
207.51044445499969 342.13143335032186 0 0 13.0 1 110
746.8971856898777 372.3171070795967 0 0 12.0 1 111
449.81923645157434 213.54077207233178 0 0 10.0 1 112
383.6206477276922 273.0523067592812 0 0 12.0 1 113
634.7389246189819 216.41994316178037 0 0 11.0 1 114
440.2800303357781 263.83275299783435 0 0 10.0 1 115
283.00141719814474 336.75182514603745 0 0 13.0 1 116
258.25859364163296 369.4324727275452 0 0 13.0 1 117
490.66066581472126 283.01861825900914 0 0 13.0 1 118
553.848224441014 270.6488351952431 0 0 10.0 1 119
612.7934460285222 455.8475543538515 0 0 12.0 1 120
491.2488322573839 625.2168968165217 0 0 11.0 1 121
503.21121314217123 174.49734928005546 0 0 13.0 1 122
249.08548719151554 364.6473505409032 0 0 10.0 1 123
415.9000773644336 256.88051306755943 0 0 12.0 1 124
500.9539329622998 577.269014267704 0 0 10.0 1 125
459.088958516868 529.1220158663574 0 0 11.0 1 126
267.146441232135 264.1694735241248 0 0 11.0 1 127
153.18911763256992 306.29627357991257 0 0 10.0 1 128
663.59265551913 646.6574790197396 0 0 11.0 1 129
547.4565271611939 313.41147537023124 0 0 13.0 1 130
762.4881962957168 419.26934213401915 0 0 13.0 1 131
742.5629401147003 306.8569269351053 0 0 12.0 1 132
545.8374566619025 477.177951737447 0 0 10.0 1 133
134.45912690309677 503.5038391313788 0 0 13.0 1 134
574.9713517849631 575.7527412433237 0 0 12.0 1 135
229.97136663995963 441.4157438387501 0 0 11.0 1 136
547.6254360867335 352.75880378100305 0 0 10.0 1 137
689.8889605274228 459.83636489903347 0 0 11.0 1 138
324.24867503059073 538.6569030570745 0 0 10.0 1 139
259.04999922017373 224.62013433644395 0 0 10.0 1 140
742.9462548661581 406.0717603111569 0 0 12.0 1 141
87.48232017355582 541.3566404379226 0 0 11.0 1 142
373.1478255415594 260.56198249095235 0 0 10.0 1 143
425.2855396976063 172.40026036438272 0 0 13.0 1 144
651.172080360911 556.6160465826285 0 0 12.0 1 145
96.26584903786352 249.44580530815466 0 0 13.0 1 146
481.46057935452563 141.53303110218314 0 0 10.0 1 147
559.9305824774478 351.92496709908283 0 0 12.0 1 148
470.9847386915066 722.2749864213768 0 0 11.0 1 149
696.2556943371642 421.01341411586253 0 0 12.0 1 150
545.6524609111339 368.5936211808715 0 0 12.0 1 151
553.0530342358285 443.0786340452703 0 0 13.0 1 152
682.49280138109 362.2797512221347 0 0 12.0 1 153
573.8815782986685 681.6490666207932 0 0 12.0 1 154
516.2485546718283 642.5845698652554 7 13 10.0 1 155
422.55202622064996 620.8515476815662 13 20 13.0 1 156
323.64400945500137 216.2317690461921 -6 -1 12.0 1 157
564.7690351161606 347.2727293813776 1 -3 12.0 1 158
287.56618889689446 496.2426003432533 19 6 13.0 1 159
625.4991784994536 661.1036585267843 4 22 10.0 1 160
444.7781612725219 273.7030630891944 -8 1 11.0 1 161
180.1664124775562 556.758393067204 5 20 12.0 1 162
543.3749334317639 686.0832544268142 -11 -17 11.0 1 163
536.7436813652248 593.5721199106056 -13 18 10.0 1 164
326.3384862260825 203.3429854072452 0 0 11.0 1 165
197.97698158032856 566.8253578704541 8 -2 13.0 1 166
575.6030837462271 630.788987992962 1 2 10.0 1 167
606.7344215616968 142.7824287853751 -16 -15 11.0 1 168
152.09490605219852 548.5397737803977 5 4 13.0 1 169
687.7616830145153 565.5814415586893 6 11 12.0 1 170
159.72405763478153 225.42488287128026 3 -14 12.0 1 171
223.3128515106133 675.1556860373585 22 17 13.0 1 172
310.61979420756086 275.8219874031589 6 -8 13.0 1 173
175.59228145196263 323.77549045048016 12 1 12.0 1 174
676.1279323276549 582.5222314909996 10 11 12.0 1 175
323.50459202165604 132.73149725748323 -15 -12 13.0 1 176
334.5552110384681 553.642375657826 3 -14 10.0 1 177
567.105372527403 100.45902705559985 -15 -9 12.0 1 178
145.1622391561724 638.4506566317319 7 7 11.0 1 179
645.8826530990217 575.3445776321189 -11 18 12.0 1 180
235.2010215872156 642.2608030906003 4 -2 12.0 1 181
202.27884891297353 410.50459008344717 -12 9 13.0 1 182
295.4143064732866 742.3825823688121 -3 -5 11.0 1 183
412.2667687950666 584.5928665559111 -3 10 12.0 1 184
198.88687702376717 109.89224111246756 6 22 12.0 1 185
95.32865779264387 494.53239253064584 -3 -6 13.0 1 186
230.27867696727287 710.6616688747112 -16 15 13.0 1 187
469.80867107599386 213.64617137658882 0 -1 11.0 1 188
430.8116646734312 69.43284900030972 11 14 10.0 1 189
750.1419430105684 491.8946121640647 4 -9 10.0 1 190
246.54409014398152 156.28852359755086 9 -13 10.0 1 191
356.09776752419486 717.9836379181174 -10 3 12.0 1 192
429.04996511267956 744.7783339001337 12 -5 10.0 1 193
679.2669199528339 554.17842722008 -9 -17 13.0 1 194
473.03160671680473 545.7236577236584 4 21 11.0 1 195
686.6367912305338 372.0116111027558 -1 9 10.0 1 196
658.4108046797918 162.4608326512394 17 12 10.0 1 197
636.3467725896908 158.37176678534234 1 21 13.0 1 198
317.215848449834 39.380000205036936 -14 13 11.0 1 199
91.9932168282802 211.71080349576826 -3 -4 13.0 1 200
545.4914524492624 515.8802712466795 22 0 11.0 1 201
524.8040381398794 114.04903905742941 -10 20 10.0 1 202
126.30248077321193 373.26672543248833 -4 3 13.0 1 203
251.9641184334376 169.43248761195625 -9 2 11.0 1 204
250.03425312498194 712.9205566341368 -1 13 10.0 1 205
267.94480049442484 153.09632590108595 -14 -12 11.0 1 206
471.3776276516697 619.6957766340072 -13 21 11.0 1 207
408.75403009701444 579.7870044165055 -11 4 10.0 1 208
330.10219298040386 517.8274016256461 -14 16 13.0 1 209
200.6265492783663 704.5426524271244 -16 -13 13.0 1 210
334.57146223506726 60.24257705541919 11 15 11.0 1 211
288.2172426066989 613.5078807668476 -11 -8 10.0 1 212
448.34741429080304 663.6029732977104 2 -9 12.0 1 213
71.04656366008788 373.73906475078644 -9 -3 11.0 1 214
364.3115888729945 538.4750421961655 -12 11 11.0 1 215
75.20699828068331 507.1144529657691 12 -3 10.0 1 216
398.5934227430727 80.0030913580253 -8 -4 12.0 1 217
478.5132946339707 627.8522823359891 -13 -5 11.0 1 218
286.2952554872719 299.12764959962897 18 14 11.0 1 219
