400 400 -7.071067811865475 7.0710678118654755 5 2 -1 10 187
57.15728752538104 742.842712474619
800.0 400.0 0 0 24.0 1 0
799.4518139018296 420.9343824971775 0 0 24.0 1 1
797.8087581473094 441.8113853070614 0 0 24.0 1 2
795.0753362380551 462.57378601609236 0 0 24.0 1 3
791.2590402935223 483.16467632710373 0 0 24.0 1 4
786.3703305156273 503.5276180410083 0 0 24.0 1 5
780.4226065180615 523.6067977499789 0 0 24.0 1 6
773.4321705988807 543.3471798181201 0 0 24.0 1 7
765.4181830570403 562.6946572303201 0 0 24.0 1 8
756.4026096753471 581.5961998958187 0 0 24.0 1 9
746.4101615137755 600.0 0 0 24.0 1 10
735.4682271781696 617.8556140060108 0 0 24.0 1 11
723.606797749979 635.1141009169893 0 0 24.0 1 12
710.8583845827884 651.728156419935 0 0 24.0 1 13
697.2579301909577 667.6522425435433 0 0 24.0 1 14
682.842712474619 682.842712474619 0 0 24.0 1 15
667.6522425435433 697.2579301909577 0 0 24.0 1 16
651.728156419935 710.8583845827884 0 0 24.0 1 17
635.1141009169893 723.606797749979 0 0 24.0 1 18
617.8556140060108 735.4682271781696 0 0 24.0 1 19
600.0 746.4101615137754 0 0 24.0 1 20
581.5961998958187 756.4026096753471 0 0 24.0 1 21
562.6946572303201 765.4181830570403 0 0 24.0 1 22
543.3471798181201 773.4321705988807 0 0 24.0 1 23
523.606797749979 780.4226065180615 0 0 24.0 1 24
503.5276180410083 786.3703305156273 0 0 24.0 1 25
483.1646763271038 791.2590402935223 0 0 24.0 1 26
462.57378601609236 795.0753362380551 0 0 24.0 1 27
441.8113853070614 797.8087581473094 0 0 24.0 1 28
420.9343824971776 799.4518139018296 0 0 24.0 1 29
400.0 800.0 0 0 24.0 1 30
379.0656175028225 799.4518139018296 0 0 24.0 1 31
358.1886146929386 797.8087581473094 0 0 24.0 1 32
337.4262139839077 795.0753362380551 0 0 24.0 1 33
316.83532367289627 791.2590402935223 0 0 24.0 1 34
296.47238195899166 786.3703305156273 0 0 24.0 1 35
276.3932022500211 780.4226065180615 0 0 24.0 1 36
256.65282018187986 773.4321705988807 0 0 24.0 1 37
237.3053427696799 765.4181830570403 0 0 24.0 1 38
218.4038001041813 756.4026096753471 0 0 24.0 1 39
43.597390324652906 581.5961998958187 0 0 24.0 1 40
34.58181694295968 562.6946572303202 0 0 24.0 1 41
26.567829401119297 543.3471798181201 0 0 24.0 1 42
19.5773934819386 523.606797749979 0 0 24.0 1 43
13.629669484372698 503.5276180410084 0 0 24.0 1 44
8.740959706477724 483.16467632710373 0 0 24.0 1 45
4.924663761944942 462.5737860160924 0 0 24.0 1 46
2.1912418526906663 441.81138530706147 0 0 24.0 1 47
0.5481860981704472 420.9343824971775 0 0 24.0 1 48
0.0 400.00000000000006 0 0 24.0 1 49
0.5481860981704472 379.0656175028226 0 0 24.0 1 50
2.1912418526906663 358.1886146929386 0 0 24.0 1 51
4.924663761944885 337.4262139839077 0 0 24.0 1 52
8.740959706477781 316.8353236728962 0 0 24.0 1 53
13.629669484372698 296.47238195899166 0 0 24.0 1 54
19.577393481938543 276.3932022500211 0 0 24.0 1 55
26.567829401119297 256.65282018187986 0 0 24.0 1 56
34.58181694295968 237.30534276967992 0 0 24.0 1 57
43.59739032465285 218.40380010418136 0 0 24.0 1 58
53.58983848622455 199.99999999999994 0 0 24.0 1 59
64.53177282183037 182.14438599398918 0 0 24.0 1 60
76.39320225002103 164.8858990830108 0 0 24.0 1 61
89.14161541721171 148.27184358006497 0 0 24.0 1 62
102.74206980904228 132.3477574564567 0 0 24.0 1 63
117.15728752538092 117.15728752538104 0 0 24.0 1 64
132.34775745645675 102.74206980904228 0 0 24.0 1 65
148.27184358006485 89.14161541721177 0 0 24.0 1 66
164.8858990830107 76.39320225002109 0 0 24.0 1 67
182.1443859939892 64.53177282183032 0 0 24.0 1 68
199.99999999999983 53.58983848622461 0 0 24.0 1 69
218.40380010418124 43.597390324652906 0 0 24.0 1 70
237.30534276967995 34.58181694295962 0 0 24.0 1 71
256.65282018187975 26.567829401119354 0 0 24.0 1 72
276.393202250021 19.5773934819386 0 0 24.0 1 73
296.4723819589917 13.629669484372698 0 0 24.0 1 74
316.8353236728961 8.740959706477781 0 0 24.0 1 75
337.4262139839076 4.924663761944942 0 0 24.0 1 76
358.18861469293864 2.1912418526906663 0 0 24.0 1 77
379.0656175028223 0.5481860981704472 0 0 24.0 1 78
399.99999999999994 0.0 0 0 24.0 1 79
420.9343824971776 0.5481860981704472 0 0 24.0 1 80
441.8113853070612 2.1912418526906663 0 0 24.0 1 81
462.5737860160923 4.924663761944885 0 0 24.0 1 82
483.1646763271038 8.740959706477781 0 0 24.0 1 83
503.5276180410081 13.629669484372641 0 0 24.0 1 84
523.6067977499789 19.577393481938543 0 0 24.0 1 85
543.3471798181201 26.567829401119297 0 0 24.0 1 86
562.6946572303199 34.58181694295956 0 0 24.0 1 87
581.5961998958187 43.59739032465279 0 0 24.0 1 88
600.0 53.58983848622455 0 0 24.0 1 89
617.8556140060107 64.53177282183032 0 0 24.0 1 90
635.1141009169892 76.39320225002098 0 0 24.0 1 91
651.728156419935 89.14161541721171 0 0 24.0 1 92
667.6522425435431 102.74206980904216 0 0 24.0 1 93
682.842712474619 117.15728752538092 0 0 24.0 1 94
697.2579301909577 132.34775745645675 0 0 24.0 1 95
710.8583845827882 148.27184358006485 0 0 24.0 1 96
723.6067977499789 164.88589908301066 0 0 24.0 1 97
735.4682271781696 182.1443859939892 0 0 24.0 1 98
746.4101615137754 199.99999999999983 0 0 24.0 1 99
756.4026096753471 218.40380010418122 0 0 24.0 1 100
765.4181830570403 237.30534276967995 0 0 24.0 1 101
773.4321705988806 256.6528201818797 0 0 24.0 1 102
780.4226065180615 276.3932022500209 0 0 24.0 1 103
786.3703305156273 296.4723819589917 0 0 24.0 1 104
791.2590402935223 316.83532367289604 0 0 24.0 1 105
795.0753362380551 337.4262139839076 0 0 24.0 1 106
797.8087581473094 358.18861469293864 0 0 24.0 1 107
799.4518139018296 379.06561750282225 0 0 24.0 1 108
800.0 399.9999999999999 0 0 24.0 1 109
427.2249685906945 666.613580084053 0 0 13.0 1 110
587.2640121238836 416.61895794765593 0 0 11.0 1 111
261.86855981809293 67.5549590785385 0 0 10.0 1 112
545.8727663192243 418.1696462920166 0 0 10.0 1 113
204.67833359957004 303.18343822176314 0 0 13.0 1 114
430.2332841779665 206.34580167779907 0 0 13.0 1 115
274.9783421676086 318.9408544774839 0 0 10.0 1 116
605.7881906571516 680.633605589309 0 0 13.0 1 117
657.2707848410848 213.0889428972907 0 0 12.0 1 118
729.5004071963167 502.24715965473797 0 0 13.0 1 119
300.46121918425683 633.683613275975 0 0 13.0 1 120
632.1512677508206 162.66102536311735 0 0 12.0 1 121
610.4682206762831 495.2057145625166 0 0 13.0 1 122
408.797886378416 247.25315978629055 0 0 11.0 1 123
505.01263488942107 619.1377341161972 0 0 10.0 1 124
277.6759027967365 644.0610891629523 0 0 13.0 1 125
363.7929840207924 74.00452151313294 0 0 11.0 1 126
342.13881104683804 204.3777036917149 0 0 13.0 1 127
676.640585282431 552.7284733590761 0 0 10.0 1 128
553.7586716310993 431.7375313822576 0 0 13.0 1 129
553.2101339501116 292.7822083094935 0 0 11.0 1 130
186.50529307377062 165.67328339584614 0 0 13.0 1 131
581.5079618799107 220.8914860365345 0 0 11.0 1 132
527.6231930985772 325.0578851157557 0 0 11.0 1 133
578.8885914408127 469.73429466426126 0 0 11.0 1 134
721.7765012719908 303.2741853011487 0 0 11.0 1 135
470.22190957546667 231.00922091553343 0 0 13.0 1 136
660.5173099923422 142.92660348773188 0 0 13.0 1 137
341.23338712724853 251.1830479701181 0 0 10.0 1 138
469.58451128684237 70.26223178263109 0 0 10.0 1 139
505.9749674726134 263.2582497216796 0 0 10.0 1 140
205.0000000885965 399.9941218510949 0 0 11.0 1 141
712.2567352365165 281.4600012677916 0 0 11.0 1 142
354.80432807261207 203.12097308491207 0 0 11.0 1 143
503.4852159166743 123.74683696529502 0 0 13.0 1 144
294.8666260837707 146.97238552088763 0 0 11.0 1 145
602.0195350991265 247.69403347756602 0 0 13.0 1 146
356.1227218904945 235.7599790985732 0 0 10.0 1 147
406.1324155805434 246.12214753530154 0 0 11.0 1 148
515.6212223902432 73.88999872284518 0 0 11.0 1 149
344.71657825984107 82.78123750209897 0 0 10.0 1 150
622.7802568399461 477.8778348590125 0 0 13.0 1 151
754.9880428018547 437.8482425973596 0 0 11.0 1 152
51.01367158827162 396.91089305764905 0 0 13.0 1 153
533.031824586846 538.4432506375613 0 0 11.0 1 154
584.280377700908 598.7001318429625 -4 -4 11.0 1 155
498.6002020908918 506.31556869826403 17 -5 13.0 1 156
666.9896117662015 397.64474864759245 9 18 11.0 1 157
617.9595140478488 192.4074899327396 10 16 12.0 1 158
355.34841698267974 232.86162578854803 12 17 12.0 1 159
410.4764836195704 557.6522860315348 9 -10 10.0 1 160
236.59762694195734 599.6588702737754 -3 2 13.0 1 161
99.77801309570015 473.1283705495644 -13 -17 12.0 1 162
424.83075570368675 207.59565085169248 -17 7 12.0 1 163
191.2196872330249 170.84769038710508 20 8 11.0 1 164
352.4104998624251 546.4624166011737 -4 -7 11.0 1 165
287.4300725114337 206.34047551122376 1 -17 10.0 1 166
199.19681652375576 391.1072217049007 -5 2 13.0 1 167
288.93661984334614 309.9226688440505 19 10 12.0 1 168
665.9547406227496 423.6024562341709 16 -17 11.0 1 169
208.52605674597632 488.64947295249374 18 4 11.0 1 170
161.95670477052207 622.7361434439673 7 0 12.0 1 171
521.225801967575 565.3157734074953 8 -13 10.0 1 172
617.7872275480471 500.84008883839385 0 5 11.0 1 173
286.5311890435131 576.7054864460101 6 10 12.0 1 174
660.7015719742915 284.84927108292646 -8 5 11.0 1 175
370.7754955517368 86.3585991299085 -3 15 11.0 1 176
452.0113482215034 218.2974418006683 22 -17 12.0 1 177
277.23081037680424 72.23830901207538 -14 -16 10.0 1 178
590.9741462934036 439.41922687605245 9 19 11.0 1 179
562.9936581194413 398.5621499234366 2 -3 11.0 1 180
515.9713046658305 701.4625291708824 14 -2 13.0 1 181
550.3569005711553 524.1684438600876 0 -8 13.0 1 182
536.7400802236749 202.7637192086026 0 10 11.0 1 183
266.97498176483714 460.16929884529645 -6 -15 10.0 1 184
440.01026761654936 250.25295166430791 -6 -2 10.0 1 185
396.8843766817056 259.03442657393794 17 5 10.0 1 186
437.42256253092927 711.7620114985447 11 4 11.0 1 187
331.0857119184464 122.42690890827936 21 8 11.0 1 188
480.81026090065393 195.3791268390044 -16 1 13.0 1 189
539.8569299897094 503.51830337603826 -17 1 11.0 1 190
511.3125191225003 612.6253114909018 13 -3 13.0 1 191
621.7696522207293 124.07569633340239 4 -10 10.0 1 192
282.7493498478812 443.3276475117845 18 20 11.0 1 193
576.0722092240776 535.2130805024153 0 8 12.0 1 194
419.3177005521057 143.7270469882177 11 19 13.0 1 195
290.54718352450044 122.82842684434496 6 20 11.0 1 196
238.8404691649993 309.15614703766437 13 -1 12.0 1 197
621.2899788380068 427.5634770280252 0 -7 10.0 1 198
288.68107147555077 612.6219559503876 14 -12 12.0 1 199
723.3064101470409 449.0098475597854 2 -2 12.0 1 200
561.974616000926 402.867711867077 11 -14 12.0 1 201
752.6535848014064 359.2513911069685 -16 2 10.0 1 202
561.8669548906358 709.1926404596863 -1 2 10.0 1 203
618.6946743294973 501.2602558752205 -8 -14 12.0 1 204
515.3000121568172 594.3756857136144 5 -10 13.0 1 205
610.4658999328233 643.696747958332 13 22 11.0 1 206
543.8441915159794 534.6025578030158 10 9 10.0 1 207
592.9608900147952 537.6048506583185 -2 -11 12.0 1 208
90.27184970361907 593.1151804338087 8 -11 10.0 1 209
691.8028121396455 271.11199114194227 12 -10 11.0 1 210
286.5886587630521 749.0370577443555 2 9 13.0 1 211
362.11551901620555 674.3970956489673 -10 12 10.0 1 212
303.5646850780634 73.96283948619151 17 12 11.0 1 213
564.2066820105388 289.36471818136033 -2 -5 11.0 1 214
169.90371008238628 420.4131664900243 -9 -11 13.0 1 215
193.69175642368367 661.3922505210423 9 4 13.0 1 216
190.6119853400497 560.7876217771892 -17 -4 13.0 1 217
534.2636710542956 564.0648244902725 11 19 11.0 1 218
244.22601100039563 334.4602078798602 17 6 13.0 1 219
