400 400 -7.071067811865475 -7.071067811865477 5 2 -1 10 187
57.15728752538104 57.15728752538092
800.0 400.0 0 0 24.0 1 0
799.4518139018296 420.9343824971775 0 0 24.0 1 1
797.8087581473094 441.8113853070614 0 0 24.0 1 2
795.0753362380551 462.57378601609236 0 0 24.0 1 3
791.2590402935223 483.16467632710373 0 0 24.0 1 4
786.3703305156273 503.5276180410083 0 0 24.0 1 5
780.4226065180615 523.6067977499789 0 0 24.0 1 6
773.4321705988807 543.3471798181201 0 0 24.0 1 7
765.4181830570403 562.6946572303201 0 0 24.0 1 8
756.4026096753471 581.5961998958187 0 0 24.0 1 9
746.4101615137755 600.0 0 0 24.0 1 10
735.4682271781696 617.8556140060108 0 0 24.0 1 11
723.606797749979 635.1141009169893 0 0 24.0 1 12
710.8583845827884 651.728156419935 0 0 24.0 1 13
697.2579301909577 667.6522425435433 0 0 24.0 1 14
682.842712474619 682.842712474619 0 0 24.0 1 15
667.6522425435433 697.2579301909577 0 0 24.0 1 16
651.728156419935 710.8583845827884 0 0 24.0 1 17
635.1141009169893 723.606797749979 0 0 24.0 1 18
617.8556140060108 735.4682271781696 0 0 24.0 1 19
600.0 746.4101615137754 0 0 24.0 1 20
581.5961998958187 756.4026096753471 0 0 24.0 1 21
562.6946572303201 765.4181830570403 0 0 24.0 1 22
543.3471798181201 773.4321705988807 0 0 24.0 1 23
523.606797749979 780.4226065180615 0 0 24.0 1 24
503.5276180410083 786.3703305156273 0 0 24.0 1 25
483.1646763271038 791.2590402935223 0 0 24.0 1 26
462.57378601609236 795.0753362380551 0 0 24.0 1 27
441.8113853070614 797.8087581473094 0 0 24.0 1 28
420.9343824971776 799.4518139018296 0 0 24.0 1 29
400.0 800.0 0 0 24.0 1 30
379.0656175028225 799.4518139018296 0 0 24.0 1 31
358.1886146929386 797.8087581473094 0 0 24.0 1 32
337.4262139839077 795.0753362380551 0 0 24.0 1 33
316.83532367289627 791.2590402935223 0 0 24.0 1 34
296.47238195899166 786.3703305156273 0 0 24.0 1 35
276.3932022500211 780.4226065180615 0 0 24.0 1 36
256.65282018187986 773.4321705988807 0 0 24.0 1 37
237.3053427696799 765.4181830570403 0 0 24.0 1 38
218.4038001041813 756.4026096753471 0 0 24.0 1 39
200.00000000000009 746.4101615137755 0 0 24.0 1 40
182.14438599398918 735.4682271781696 0 0 24.0 1 41
164.8858990830108 723.606797749979 0 0 24.0 1 42
148.27184358006508 710.8583845827884 0 0 24.0 1 43
132.3477574564567 697.2579301909577 0 0 24.0 1 44
117.15728752538104 682.842712474619 0 0 24.0 1 45
102.74206980904233 667.6522425435434 0 0 24.0 1 46
89.14161541721165 651.728156419935 0 0 24.0 1 47
76.39320225002109 635.1141009169893 0 0 24.0 1 48
64.53177282183043 617.8556140060109 0 0 24.0 1 49
53.589838486224494 600.0 0 0 24.0 1 50
43.597390324652906 581.5961998958187 0 0 24.0 1 51
34.58181694295968 562.6946572303202 0 0 24.0 1 52
26.567829401119297 543.3471798181201 0 0 24.0 1 53
19.5773934819386 523.606797749979 0 0 24.0 1 54
13.629669484372698 503.5276180410084 0 0 24.0 1 55
8.740959706477724 483.16467632710373 0 0 24.0 1 56
4.924663761944942 462.5737860160924 0 0 24.0 1 57
2.1912418526906663 441.81138530706147 0 0 24.0 1 58
0.5481860981704472 420.9343824971775 0 0 24.0 1 59
0.0 400.00000000000006 0 0 24.0 1 60
0.5481860981704472 379.0656175028226 0 0 24.0 1 61
2.1912418526906663 358.1886146929386 0 0 24.0 1 62
4.924663761944885 337.4262139839077 0 0 24.0 1 63
8.740959706477781 316.8353236728962 0 0 24.0 1 64
13.629669484372698 296.47238195899166 0 0 24.0 1 65
19.577393481938543 276.3932022500211 0 0 24.0 1 66
26.567829401119297 256.65282018187986 0 0 24.0 1 67
34.58181694295968 237.30534276967992 0 0 24.0 1 68
43.59739032465285 218.40380010418136 0 0 24.0 1 69
218.40380010418124 43.597390324652906 0 0 24.0 1 70
237.30534276967995 34.58181694295962 0 0 24.0 1 71
256.65282018187975 26.567829401119354 0 0 24.0 1 72
276.393202250021 19.5773934819386 0 0 24.0 1 73
296.4723819589917 13.629669484372698 0 0 24.0 1 74
316.8353236728961 8.740959706477781 0 0 24.0 1 75
337.4262139839076 4.924663761944942 0 0 24.0 1 76
358.18861469293864 2.1912418526906663 0 0 24.0 1 77
379.0656175028223 0.5481860981704472 0 0 24.0 1 78
399.99999999999994 0.0 0 0 24.0 1 79
420.9343824971776 0.5481860981704472 0 0 24.0 1 80
441.8113853070612 2.1912418526906663 0 0 24.0 1 81
462.5737860160923 4.924663761944885 0 0 24.0 1 82
483.1646763271038 8.740959706477781 0 0 24.0 1 83
503.5276180410081 13.629669484372641 0 0 24.0 1 84
523.6067977499789 19.577393481938543 0 0 24.0 1 85
543.3471798181201 26.567829401119297 0 0 24.0 1 86
562.6946572303199 34.58181694295956 0 0 24.0 1 87
581.5961998958187 43.59739032465279 0 0 24.0 1 88
600.0 53.58983848622455 0 0 24.0 1 89
617.8556140060107 64.53177282183032 0 0 24.0 1 90
635.1141009169892 76.39320225002098 0 0 24.0 1 91
651.728156419935 89.14161541721171 0 0 24.0 1 92
667.6522425435431 102.74206980904216 0 0 24.0 1 93
682.842712474619 117.15728752538092 0 0 24.0 1 94
697.2579301909577 132.34775745645675 0 0 24.0 1 95
710.8583845827882 148.27184358006485 0 0 24.0 1 96
723.6067977499789 164.88589908301066 0 0 24.0 1 97
735.4682271781696 182.1443859939892 0 0 24.0 1 98
746.4101615137754 199.99999999999983 0 0 24.0 1 99
756.4026096753471 218.40380010418122 0 0 24.0 1 100
765.4181830570403 237.30534276967995 0 0 24.0 1 101
773.4321705988806 256.6528201818797 0 0 24.0 1 102
780.4226065180615 276.3932022500209 0 0 24.0 1 103
786.3703305156273 296.4723819589917 0 0 24.0 1 104
791.2590402935223 316.83532367289604 0 0 24.0 1 105
795.0753362380551 337.4262139839076 0 0 24.0 1 106
797.8087581473094 358.18861469293864 0 0 24.0 1 107
799.4518139018296 379.06561750282225 0 0 24.0 1 108
800.0 399.9999999999999 0 0 24.0 1 109
598.2033514612708 448.28489898011566 0 0 13.0 1 110
325.623440766483 272.04638560563 0 0 13.0 1 111
246.02502753067327 382.20371237954174 0 0 12.0 1 112
249.4261432801017 78.51514239004109 0 0 10.0 1 113
184.2190353832588 194.47001360125407 0 0 12.0 1 114
457.4331067594917 660.7497617409321 0 0 11.0 1 115
665.9547406227496 423.6024562341709 0 0 10.0 1 116
692.5868912249175 415.55349103379507 0 0 10.0 1 117
276.4868962961717 348.03353760888325 0 0 12.0 1 118
246.20531966626731 481.38302219164007 0 0 10.0 1 119
544.3294583953627 183.73856691656445 0 0 13.0 1 120
704.4102411343761 322.9908765631565 0 0 11.0 1 121
335.91338717174006 540.0318037311549 0 0 10.0 1 122
308.6576330595524 754.418639467109 0 0 13.0 1 123
401.42507475215234 78.00315349067347 0 0 12.0 1 124
125.53843782736112 207.91707288320833 0 0 12.0 1 125
107.3112061614288 465.8275775137014 0 0 13.0 1 126
132.73564758393877 529.5328758563764 0 0 13.0 1 127
556.2884135393249 686.0942708153398 0 0 13.0 1 128
173.58560792721238 434.3150559129665 0 0 10.0 1 129
249.00832358050565 225.17862358386859 0 0 12.0 1 130
178.1530234741306 564.1947593753539 0 0 12.0 1 131
390.4900083764533 161.189279848412 0 0 11.0 1 132
663.0607223134645 486.7643727339646 0 0 10.0 1 133
496.4421705451133 318.91419519701805 0 0 10.0 1 134
413.20614148056075 529.3274828765929 0 0 11.0 1 135
266.86485543862375 140.11727013396705 0 0 11.0 1 136
280.36235142065925 335.3251745854218 0 0 12.0 1 137
67.98807182133419 322.22417118998703 0 0 11.0 1 138
125.98118931932032 551.2702594469442 0 0 12.0 1 139
413.8281266154857 251.6430557260426 0 0 11.0 1 140
249.2556176231417 687.9255653494832 0 0 11.0 1 141
294.5485814481141 620.0363568263094 0 0 11.0 1 142
364.6310005673319 614.0981874727853 0 0 12.0 1 143
334.91933415259575 722.4988479558625 0 0 11.0 1 144
231.91873605310582 297.24938584118104 0 0 12.0 1 145
212.8032392678047 215.26675239315142 0 0 12.0 1 146
520.3001697418719 682.4479937264148 0 0 10.0 1 147
536.9934929217607 433.37338605978584 0 0 13.0 1 148
151.24381748465265 388.98357315681733 0 0 13.0 1 149
604.7374543977984 267.26502056085815 0 0 10.0 1 150
67.28069453281387 340.48644045737757 0 0 10.0 1 151
478.00710100238723 136.29582446763692 0 0 11.0 1 152
595.3531990117701 247.2219661212132 0 0 10.0 1 153
331.1585493977027 588.8434660743428 0 0 11.0 1 154
251.95259718863772 522.2536973707145 8 4 12.0 1 155
356.3184707467509 664.4161946668501 -15 18 11.0 1 156
377.43343190496 563.4495335093127 18 16 10.0 1 157
284.45131655063494 332.14352092011825 19 -12 12.0 1 158
124.09730215328739 392.67188148938516 -3 4 11.0 1 159
569.1291272286643 614.2996461099978 4 20 11.0 1 160
114.43030934169445 488.6055967606994 -10 -1 10.0 1 161
267.81828324189485 663.7290157621646 -7 16 12.0 1 162
554.8501766049139 683.4615014520084 11 -2 10.0 1 163
511.94540318130487 84.25765772298593 -3 -6 10.0 1 164
334.91565167225224 278.3117606226781 2 10 13.0 1 165
605.8563892610027 446.30493494674744 -11 -8 13.0 1 166
438.97774458128356 254.11739162135802 11 3 12.0 1 167
284.19066192263847 173.93762539050562 19 -7 12.0 1 168
319.1019786128305 117.34913738741028 13 22 13.0 1 169
683.9429959090444 626.153432594326 -3 10 11.0 1 170
398.9055070719535 151.00240546296345 -11 20 10.0 1 171
520.9480515022949 472.47460822797325 17 0 10.0 1 172
348.1962409700257 550.3242181099384 -13 19 12.0 1 173
214.5872500130395 472.2711017092785 -5 -11 13.0 1 174
480.7225894684873 589.5253638685389 -16 15 10.0 1 175
573.4615221980225 113.40603579847505 -15 -13 10.0 1 176
540.5968630851586 571.8037313058514 12 -4 12.0 1 177
152.9856077287575 501.3552663203483 9 14 13.0 1 178
716.3645009045122 582.0398378581976 -7 10 10.0 1 179
263.8850460807953 210.89230761396095 3 3 11.0 1 180
337.19318249224693 240.95188251806374 6 -11 10.0 1 181
179.02006415103762 264.91162910084205 8 -2 13.0 1 182
657.0830600491599 191.50707389515577 12 -15 13.0 1 183
483.6690353704337 541.0513825532423 -13 -16 12.0 1 184
583.8632139187108 318.78843329006395 14 -9 12.0 1 185
625.6393094742418 177.343533621888 12 15 12.0 1 186
455.9425825467946 156.3395242186475 17 -3 13.0 1 187
159.84501424882342 270.17479898397164 9 -2 10.0 1 188
581.0329871590523 466.9033449109269 -4 -2 12.0 1 189
511.76427596034955 552.413078897642 0 -17 13.0 1 190
614.6842443625353 533.864391166909 -10 -8 13.0 1 191
185.85316682505083 564.441885908489 2 -12 12.0 1 192
518.2855232966089 691.9478292066023 12 21 11.0 1 193
663.0607223134645 486.7643727339646 -16 3 12.0 1 194
384.4619471948248 584.34632872673 15 2 13.0 1 195
338.92215389390043 269.5948746596223 -9 6 11.0 1 196
643.8095927611382 132.41658781298133 9 -2 10.0 1 197
657.9092500169209 393.157576766275 2 3 10.0 1 198
477.7700318723269 167.67087538886292 10 20 13.0 1 199
250.04578037941107 663.2921039795539 17 21 11.0 1 200
269.53143856605897 559.4175475829369 6 -1 10.0 1 201
656.767888782442 619.8050301749428 20 -8 10.0 1 202
262.33381792116006 494.53582554690934 6 -9 11.0 1 203
340.1878051233334 210.20141901469424 -8 12 10.0 1 204
182.60688071104016 685.6942976081533 -1 13 13.0 1 205
398.6505649441354 93.00296577160555 16 -16 12.0 1 206
224.59528978545512 595.9647612060687 15 -9 12.0 1 207
563.0012677274492 239.1535305975153 -4 20 10.0 1 208
516.969768803212 181.31741453393428 20 20 12.0 1 209
672.828906448769 409.66373664628935 22 3 13.0 1 210
41.126563308080335 390.4681357053959 -10 -17 11.0 1 211
573.8433164513975 379.91265758794225 12 -11 10.0 1 212
583.0879043474444 180.28468582809012 -14 13 12.0 1 213
120.28979439206552 255.13040043277877 21 10 11.0 1 214
635.5266391311261 215.80390270259173 0 7 12.0 1 215
658.0881051228821 536.5815873171789 -12 -14 13.0 1 216
697.7738175951818 217.97870027166778 12 -4 13.0 1 217
525.8827571066612 383.1913277375828 8 -2 13.0 1 218
300.9570529017801 616.4127875845122 14 2 10.0 1 219
