400 400 7.071067811865475 -7.0710678118654755 5 2
742.842712474619 57.15728752538092
800.0 400.0 0 0 24.0 1
799.4518139018296 420.9343824971775 0 0 24.0 1
797.8087581473094 441.8113853070614 0 0 24.0 1
795.0753362380551 462.57378601609236 0 0 24.0 1
791.2590402935223 483.16467632710373 0 0 24.0 1
786.3703305156273 503.5276180410083 0 0 24.0 1
780.4226065180615 523.6067977499789 0 0 24.0 1
773.4321705988807 543.3471798181201 0 0 24.0 1
765.4181830570403 562.6946572303201 0 0 24.0 1
756.4026096753471 581.5961998958187 0 0 24.0 1
746.4101615137755 600.0 0 0 24.0 1
735.4682271781696 617.8556140060108 0 0 24.0 1
723.606797749979 635.1141009169893 0 0 24.0 1
710.8583845827884 651.728156419935 0 0 24.0 1
697.2579301909577 667.6522425435433 0 0 24.0 1
682.842712474619 682.842712474619 0 0 24.0 1
667.6522425435433 697.2579301909577 0 0 24.0 1
651.728156419935 710.8583845827884 0 0 24.0 1
635.1141009169893 723.606797749979 0 0 24.0 1
617.8556140060108 735.4682271781696 0 0 24.0 1
600.0 746.4101615137754 0 0 24.0 1
581.5961998958187 756.4026096753471 0 0 24.0 1
562.6946572303201 765.4181830570403 0 0 24.0 1
543.3471798181201 773.4321705988807 0 0 24.0 1
523.606797749979 780.4226065180615 0 0 24.0 1
503.5276180410083 786.3703305156273 0 0 24.0 1
483.1646763271038 791.2590402935223 0 0 24.0 1
462.57378601609236 795.0753362380551 0 0 24.0 1
441.8113853070614 797.8087581473094 0 0 24.0 1
420.9343824971776 799.4518139018296 0 0 24.0 1
400.0 800.0 0 0 24.0 1
379.0656175028225 799.4518139018296 0 0 24.0 1
358.1886146929386 797.8087581473094 0 0 24.0 1
337.4262139839077 795.0753362380551 0 0 24.0 1
316.83532367289627 791.2590402935223 0 0 24.0 1
296.47238195899166 786.3703305156273 0 0 24.0 1
276.3932022500211 780.4226065180615 0 0 24.0 1
256.65282018187986 773.4321705988807 0 0 24.0 1
237.3053427696799 765.4181830570403 0 0 24.0 1
218.4038001041813 756.4026096753471 0 0 24.0 1
200.00000000000009 746.4101615137755 0 0 24.0 1
182.14438599398918 735.4682271781696 0 0 24.0 1
164.8858990830108 723.606797749979 0 0 24.0 1
148.27184358006508 710.8583845827884 0 0 24.0 1
132.3477574564567 697.2579301909577 0 0 24.0 1
117.15728752538104 682.842712474619 0 0 24.0 1
102.74206980904233 667.6522425435434 0 0 24.0 1
89.14161541721165 651.728156419935 0 0 24.0 1
76.39320225002109 635.1141009169893 0 0 24.0 1
64.53177282183043 617.8556140060109 0 0 24.0 1
53.589838486224494 600.0 0 0 24.0 1
43.597390324652906 581.5961998958187 0 0 24.0 1
34.58181694295968 562.6946572303202 0 0 24.0 1
26.567829401119297 543.3471798181201 0 0 24.0 1
19.5773934819386 523.606797749979 0 0 24.0 1
13.629669484372698 503.5276180410084 0 0 24.0 1
8.740959706477724 483.16467632710373 0 0 24.0 1
4.924663761944942 462.5737860160924 0 0 24.0 1
2.1912418526906663 441.81138530706147 0 0 24.0 1
0.5481860981704472 420.9343824971775 0 0 24.0 1
0.0 400.00000000000006 0 0 24.0 1
0.5481860981704472 379.0656175028226 0 0 24.0 1
2.1912418526906663 358.1886146929386 0 0 24.0 1
4.924663761944885 337.4262139839077 0 0 24.0 1
8.740959706477781 316.8353236728962 0 0 24.0 1
13.629669484372698 296.47238195899166 0 0 24.0 1
19.577393481938543 276.3932022500211 0 0 24.0 1
26.567829401119297 256.65282018187986 0 0 24.0 1
34.58181694295968 237.30534276967992 0 0 24.0 1
43.59739032465285 218.40380010418136 0 0 24.0 1
53.58983848622455 199.99999999999994 0 0 24.0 1
64.53177282183037 182.14438599398918 0 0 24.0 1
76.39320225002103 164.8858990830108 0 0 24.0 1
89.14161541721171 148.27184358006497 0 0 24.0 1
102.74206980904228 132.3477574564567 0 0 24.0 1
117.15728752538092 117.15728752538104 0 0 24.0 1
132.34775745645675 102.74206980904228 0 0 24.0 1
148.27184358006485 89.14161541721177 0 0 24.0 1
164.8858990830107 76.39320225002109 0 0 24.0 1
182.1443859939892 64.53177282183032 0 0 24.0 1
199.99999999999983 53.58983848622461 0 0 24.0 1
218.40380010418124 43.597390324652906 0 0 24.0 1
237.30534276967995 34.58181694295962 0 0 24.0 1
256.65282018187975 26.567829401119354 0 0 24.0 1
276.393202250021 19.5773934819386 0 0 24.0 1
296.4723819589917 13.629669484372698 0 0 24.0 1
316.8353236728961 8.740959706477781 0 0 24.0 1
337.4262139839076 4.924663761944942 0 0 24.0 1
358.18861469293864 2.1912418526906663 0 0 24.0 1
379.0656175028223 0.5481860981704472 0 0 24.0 1
399.99999999999994 0.0 0 0 24.0 1
420.9343824971776 0.5481860981704472 0 0 24.0 1
441.8113853070612 2.1912418526906663 0 0 24.0 1
462.5737860160923 4.924663761944885 0 0 24.0 1
483.1646763271038 8.740959706477781 0 0 24.0 1
503.5276180410081 13.629669484372641 0 0 24.0 1
523.6067977499789 19.577393481938543 0 0 24.0 1
543.3471798181201 26.567829401119297 0 0 24.0 1
562.6946572303199 34.58181694295956 0 0 24.0 1
581.5961998958187 43.59739032465279 0 0 24.0 1
756.4026096753471 218.40380010418122 0 0 24.0 1
765.4181830570403 237.30534276967995 0 0 24.0 1
773.4321705988806 256.6528201818797 0 0 24.0 1
780.4226065180615 276.3932022500209 0 0 24.0 1
786.3703305156273 296.4723819589917 0 0 24.0 1
791.2590402935223 316.83532367289604 0 0 24.0 1
795.0753362380551 337.4262139839076 0 0 24.0 1
797.8087581473094 358.18861469293864 0 0 24.0 1
799.4518139018296 379.06561750282225 0 0 24.0 1
800.0 399.9999999999999 0 0 24.0 1
256.1856399573114 353.97359621356526 0 0 12.0 1
527.2005709412534 349.11763810298163 0 0 13.0 1
416.67573235124604 110.47984534656382 0 0 10.0 1
330.8445516769343 292.28962924938105 0 0 11.0 1
135.3888644944832 294.14185451047706 0 0 12.0 1
678.4675111394486 621.7923471173004 0 0 10.0 1
502.8201999963718 207.77095309837773 0 0 11.0 1
197.4789319106917 271.2163947547447 0 0 12.0 1
588.4875008994438 445.9179921673649 0 0 13.0 1
453.90188485075316 120.14363182243619 0 0 10.0 1
484.0515182108368 536.1445639254589 0 0 10.0 1
314.4595375211485 55.459974344192915 0 0 13.0 1
360.06462825896375 732.6111334334815 0 0 13.0 1
636.0244577267192 448.71812142117255 0 0 12.0 1
510.11188175070356 658.5273167332982 0 0 12.0 1
369.17672931883226 239.94086722552984 0 0 11.0 1
229.43737476829435 506.3456199101248 0 0 10.0 1
599.7183328737071 430.27519635191635 0 0 10.0 1
247.03133616175077 125.78003740876068 0 0 11.0 1
503.82200385697405 719.5574932858287 0 0 13.0 1
270.96644386686586 372.17300965542046 0 0 13.0 1
401.0179105372517 170.0022524933382 0 0 11.0 1
123.73211636800636 477.7499612443584 0 0 10.0 1
402.1989365164176 565.9854351387397 0 0 10.0 1
450.3084258607029 138.8007230342738 0 0 12.0 1
364.34492023998763 78.97396478274982 0 0 11.0 1
710.1094211268514 275.95103011967785 0 0 10.0 1
655.3013275886238 370.5003028577209 0 0 10.0 1
608.1491169419796 578.1851428045394 0 0 12.0 1
704.892718043259 391.9110888128444 0 0 11.0 1
239.790918995002 488.4423561622709 0 0 10.0 1
427.78172313725247 551.4733503277888 0 0 10.0 1
515.3763988683077 528.9080547684324 0 0 13.0 1
100.25258265878063 309.88626188383455 0 0 13.0 1
628.822543119976 531.6671703960662 0 0 13.0 1
479.89492982562433 574.5875144108495 0 0 12.0 1
265.1668087416987 503.5374837201597 0 0 10.0 1
260.58888164937866 327.7951519617342 0 0 13.0 1
444.1781730491716 521.1993771685211 0 0 13.0 1
439.32944469811036 727.6479738678972 0 0 12.0 1
579.4144618469968 254.49587332260117 0 0 13.0 1
555.3409680553734 257.2057996849331 0 0 12.0 1
209.50122819469902 591.3379678492271 0 0 12.0 1
133.7837397677082 464.84522178181436 0 0 11.0 1
98.08508520839547 303.3750331105973 0 0 10.0 1
440.00405867735293 238.8923487560603 9 0 11.0 1
385.69289889515477 693.6516760687324 21 15 10.0 1
71.49968029404471 552.0905649706291 -11 3 12.0 1
658.0840616099224 500.6062480312519 -9 -4 12.0 1
570.786701094761 601.3154309266151 -6 15 12.0 1
220.5233658276428 168.4030704301936 3 4 11.0 1
230.95501161824052 96.9607419771973 -14 13 11.0 1
691.3770573872214 347.8903998445214 -7 -5 12.0 1
587.116607912742 278.68893272570233 -2 -9 11.0 1
536.9468250490766 478.80080652491847 4 20 10.0 1
546.0169646200667 281.58105707640266 22 16 10.0 1
208.59633844612597 446.62229449276435 6 -11 11.0 1
331.782026998751 260.8191530432407 -16 15 13.0 1
191.78676169426083 355.0973564894285 2 9 13.0 1
413.85766637681235 52.2760217031489 13 17 12.0 1
482.5456959697988 120.95303607302674 22 15 12.0 1
382.28803799838846 666.4118736131209 -16 16 13.0 1
88.50261823410563 502.7296507975797 -11 -11 10.0 1
389.1951830006389 212.3107463662069 -4 14 12.0 1
332.83974626495694 681.0880650583454 9 22 11.0 1
327.3568787543784 146.191062143797 6 17 11.0 1
653.4255045411512 498.7902507743701 -4 -8 11.0 1
144.01061958391068 261.6148956202775 4 21 12.0 1
477.5043865910817 203.74998074104514 6 5 12.0 1
201.17896831314496 250.09603954873447 -9 10 13.0 1
122.46247342073525 546.8636147596263 -8 19 12.0 1
265.00528843672396 398.8050732457955 -1 15 13.0 1
165.3522736332596 345.0323321313398 -13 9 13.0 1
570.0119687482851 285.45336983423675 -5 7 10.0 1
265.27770685820246 646.5986693609996 8 16 13.0 1
605.8563892610027 446.30493494674744 -7 -5 10.0 1
402.9539930310911 622.9804339514394 -12 7 10.0 1
260.58888164937866 327.7951519617342 20 -7 12.0 1
409.09780113751816 693.8592010035795 -14 5 12.0 1
528.7632990272242 549.093973129787 -16 -17 10.0 1
275.7363037944914 206.45792755748153 17 -3 11.0 1
563.8161388245283 494.2617242608202 3 22 10.0 1
344.7461253102558 734.4667537017245 0 -2 12.0 1
499.3503627012085 515.0369741915108 -11 -3 10.0 1
188.92675038299154 465.49109325790823 -3 13 13.0 1
640.6602074580379 412.79314450220005 -4 20 10.0 1
684.955342964592 405.0450486550429 21 -4 10.0 1
268.06093805664 337.4853302535619 21 -16 12.0 1
321.8881925242865 592.7758945845592 8 3 10.0 1
289.9340429569372 510.5508258684423 -17 15 12.0 1
405.4153578199513 574.9161910735593 22 7 11.0 1
377.6806061297495 271.9303132772449 2 -16 13.0 1
419.0922021020811 146.71856005839416 10 2 11.0 1
561.2678574013079 472.94983323621403 16 2 12.0 1
525.3915037221759 155.25120879912083 19 -13 13.0 1
301.19863210768665 149.80149939976107 -1 14 12.0 1
555.1459605049783 235.66579498172732 3 0 12.0 1
421.7166552216352 167.00989959660384 15 2 11.0 1
598.9688184208906 403.5226830959773 -2 6 10.0 1
600.0485938796434 380.466436915465 -9 3 13.0 1
518.177917033736 658.2440317327148 17 7 11.0 1
334.17815890062695 602.5746411431818 22 7 12.0 1
570.2360438187801 698.9242201376971 8 10 12.0 1
581.8052096843776 214.1321282964172 12 18 10.0 1
225.24965983510543 166.0634303657215 -8 -1 10.0 1
383.6147767251009 646.4559280241231 -9 -10 12.0 1
362.58546418220783 556.5923130601855 7 0 13.0 1
661.3520915390263 586.3761901321529 -13 21 13.0 1
211.8487322418522 458.37893833397254 12 2 10.0 1
296.5661622460326 597.5612340705685 17 20 11.0 1
597.5223906379458 572.1304888643227 5 10 11.0 1
619.8016028937782 575.0664312920264 6 -6 12.0 1
199.35981358760162 506.1721036638063 -6 13 13.0 1
450.90618406656097 597.5463500644378 15 -4 13.0 1
215.2696081048843 497.7531703336366 -14 -13 12.0 1
255.67969699885018 306.4283689270284 -4 -4 11.0 1
290.3866876320986 291.8292010210848 -14 -8 11.0 1
273.6867209589777 142.29094789296818 -17 -14 11.0 1
460.3887085495478 634.3441995862448 -6 13 11.0 1
253.57174733851033 646.8355055953315 10 -11 13.0 1
250.53116262907727 582.6336952891899 9 13 12.0 1
106.89059871540451 535.705117363296 -7 -5 11.0 1
559.1332174510524 89.39153407597519 -6 -17 12.0 1
109.82936472004991 599.2611412725275 8 -13 12.0 1
276.9951056979805 567.7313208013011 19 -16 11.0 1
644.979213276857 208.41141719232783 16 -4 12.0 1
206.52148822437087 175.98646138885326 -2 -17 11.0 1
273.1786389880293 129.22824668907685 9 -12 10.0 1
572.4637744575368 298.72687177804823 13 19 11.0 1
215.11574519449735 406.54311279239255 13 3 13.0 1
507.0309453215847 530.7875251832833 -14 -16 12.0 1
247.68493904553628 324.50084631972356 -4 20 11.0 1
500.54534879436875 265.4093880100892 -2 -4 10.0 1
568.7514271575698 696.3173228690544 -17 -11 10.0 1
739.0145281258474 298.09244522799594 9 22 10.0 1
662.1110446155819 486.4511439515315 20 -12 11.0 1
459.29219760739693 572.0710181956433 17 -3 10.0 1
428.38226677931544 218.20218116691342 -9 -8 10.0 1
472.9607580373126 705.4058411141161 7 11 13.0 1
524.738518514587 417.7848811856033 1 -8 12.0 1
