400 400 -7.071067811865475 7.0710678118654755 5 2 -1 10 187
57.15728752538104 742.842712474619
800.0 400.0 0 0 24.0 1 0
799.4518139018296 420.9343824971775 0 0 24.0 1 1
797.8087581473094 441.8113853070614 0 0 24.0 1 2
795.0753362380551 462.57378601609236 0 0 24.0 1 3
791.2590402935223 483.16467632710373 0 0 24.0 1 4
786.3703305156273 503.5276180410083 0 0 24.0 1 5
780.4226065180615 523.6067977499789 0 0 24.0 1 6
773.4321705988807 543.3471798181201 0 0 24.0 1 7
765.4181830570403 562.6946572303201 0 0 24.0 1 8
756.4026096753471 581.5961998958187 0 0 24.0 1 9
746.4101615137755 600.0 0 0 24.0 1 10
735.4682271781696 617.8556140060108 0 0 24.0 1 11
723.606797749979 635.1141009169893 0 0 24.0 1 12
710.8583845827884 651.728156419935 0 0 24.0 1 13
697.2579301909577 667.6522425435433 0 0 24.0 1 14
682.842712474619 682.842712474619 0 0 24.0 1 15
667.6522425435433 697.2579301909577 0 0 24.0 1 16
651.728156419935 710.8583845827884 0 0 24.0 1 17
635.1141009169893 723.606797749979 0 0 24.0 1 18
617.8556140060108 735.4682271781696 0 0 24.0 1 19
600.0 746.4101615137754 0 0 24.0 1 20
581.5961998958187 756.4026096753471 0 0 24.0 1 21
562.6946572303201 765.4181830570403 0 0 24.0 1 22
543.3471798181201 773.4321705988807 0 0 24.0 1 23
523.606797749979 780.4226065180615 0 0 24.0 1 24
503.5276180410083 786.3703305156273 0 0 24.0 1 25
483.1646763271038 791.2590402935223 0 0 24.0 1 26
462.57378601609236 795.0753362380551 0 0 24.0 1 27
441.8113853070614 797.8087581473094 0 0 24.0 1 28
420.9343824971776 799.4518139018296 0 0 24.0 1 29
400.0 800.0 0 0 24.0 1 30
379.0656175028225 799.4518139018296 0 0 24.0 1 31
358.1886146929386 797.8087581473094 0 0 24.0 1 32
337.4262139839077 795.0753362380551 0 0 24.0 1 33
316.83532367289627 791.2590402935223 0 0 24.0 1 34
296.47238195899166 786.3703305156273 0 0 24.0 1 35
276.3932022500211 780.4226065180615 0 0 24.0 1 36
256.65282018187986 773.4321705988807 0 0 24.0 1 37
237.3053427696799 765.4181830570403 0 0 24.0 1 38
218.4038001041813 756.4026096753471 0 0 24.0 1 39
43.597390324652906 581.5961998958187 0 0 24.0 1 40
34.58181694295968 562.6946572303202 0 0 24.0 1 41
26.567829401119297 543.3471798181201 0 0 24.0 1 42
19.5773934819386 523.606797749979 0 0 24.0 1 43
13.629669484372698 503.5276180410084 0 0 24.0 1 44
8.740959706477724 483.16467632710373 0 0 24.0 1 45
4.924663761944942 462.5737860160924 0 0 24.0 1 46
2.1912418526906663 441.81138530706147 0 0 24.0 1 47
0.5481860981704472 420.9343824971775 0 0 24.0 1 48
0.0 400.00000000000006 0 0 24.0 1 49
0.5481860981704472 379.0656175028226 0 0 24.0 1 50
2.1912418526906663 358.1886146929386 0 0 24.0 1 51
4.924663761944885 337.4262139839077 0 0 24.0 1 52
8.740959706477781 316.8353236728962 0 0 24.0 1 53
13.629669484372698 296.47238195899166 0 0 24.0 1 54
19.577393481938543 276.3932022500211 0 0 24.0 1 55
26.567829401119297 256.65282018187986 0 0 24.0 1 56
34.58181694295968 237.30534276967992 0 0 24.0 1 57
43.59739032465285 218.40380010418136 0 0 24.0 1 58
53.58983848622455 199.99999999999994 0 0 24.0 1 59
64.53177282183037 182.14438599398918 0 0 24.0 1 60
76.39320225002103 164.8858990830108 0 0 24.0 1 61
89.14161541721171 148.27184358006497 0 0 24.0 1 62
102.74206980904228 132.3477574564567 0 0 24.0 1 63
117.15728752538092 117.15728752538104 0 0 24.0 1 64
132.34775745645675 102.74206980904228 0 0 24.0 1 65
148.27184358006485 89.14161541721177 0 0 24.0 1 66
164.8858990830107 76.39320225002109 0 0 24.0 1 67
182.1443859939892 64.53177282183032 0 0 24.0 1 68
199.99999999999983 53.58983848622461 0 0 24.0 1 69
218.40380010418124 43.597390324652906 0 0 24.0 1 70
237.30534276967995 34.58181694295962 0 0 24.0 1 71
256.65282018187975 26.567829401119354 0 0 24.0 1 72
276.393202250021 19.5773934819386 0 0 24.0 1 73
296.4723819589917 13.629669484372698 0 0 24.0 1 74
316.8353236728961 8.740959706477781 0 0 24.0 1 75
337.4262139839076 4.924663761944942 0 0 24.0 1 76
358.18861469293864 2.1912418526906663 0 0 24.0 1 77
379.0656175028223 0.5481860981704472 0 0 24.0 1 78
399.99999999999994 0.0 0 0 24.0 1 79
420.9343824971776 0.5481860981704472 0 0 24.0 1 80
441.8113853070612 2.1912418526906663 0 0 24.0 1 81
462.5737860160923 4.924663761944885 0 0 24.0 1 82
483.1646763271038 8.740959706477781 0 0 24.0 1 83
503.5276180410081 13.629669484372641 0 0 24.0 1 84
523.6067977499789 19.577393481938543 0 0 24.0 1 85
543.3471798181201 26.567829401119297 0 0 24.0 1 86
562.6946572303199 34.58181694295956 0 0 24.0 1 87
581.5961998958187 43.59739032465279 0 0 24.0 1 88
600.0 53.58983848622455 0 0 24.0 1 89
617.8556140060107 64.53177282183032 0 0 24.0 1 90
635.1141009169892 76.39320225002098 0 0 24.0 1 91
651.728156419935 89.14161541721171 0 0 24.0 1 92
667.6522425435431 102.74206980904216 0 0 24.0 1 93
682.842712474619 117.15728752538092 0 0 24.0 1 94
697.2579301909577 132.34775745645675 0 0 24.0 1 95
710.8583845827882 148.27184358006485 0 0 24.0 1 96
723.6067977499789 164.88589908301066 0 0 24.0 1 97
735.4682271781696 182.1443859939892 0 0 24.0 1 98
746.4101615137754 199.99999999999983 0 0 24.0 1 99
756.4026096753471 218.40380010418122 0 0 24.0 1 100
765.4181830570403 237.30534276967995 0 0 24.0 1 101
773.4321705988806 256.6528201818797 0 0 24.0 1 102
780.4226065180615 276.3932022500209 0 0 24.0 1 103
786.3703305156273 296.4723819589917 0 0 24.0 1 104
791.2590402935223 316.83532367289604 0 0 24.0 1 105
795.0753362380551 337.4262139839076 0 0 24.0 1 106
797.8087581473094 358.18861469293864 0 0 24.0 1 107
799.4518139018296 379.06561750282225 0 0 24.0 1 108
800.0 399.9999999999999 0 0 24.0 1 109
286.1160390982842 287.6147543076206 0 0 13.0 1 110
177.63329740289893 522.7560571869772 0 0 13.0 1 111
127.38988507003143 178.90109625357857 0 0 10.0 1 112
444.7781612725219 273.7030630891944 0 0 10.0 1 113
700.1027214746182 335.2902127686412 0 0 10.0 1 114
273.4032799612967 297.32444071035127 0 0 13.0 1 115
549.5022355062412 510.6574967123168 0 0 13.0 1 116
407.08056200382583 80.07834452524162 0 0 13.0 1 117
230.82079409591736 286.0070340342703 0 0 13.0 1 118
172.32109874827256 412.09619464154525 0 0 12.0 1 119
702.696111268696 456.9127773246856 0 0 11.0 1 120
268.93840739721423 275.1646726906946 0 0 10.0 1 121
326.4898663821624 192.64460398753144 0 0 11.0 1 122
219.0662281689077 427.4220752492265 0 0 12.0 1 123
650.6253068234616 592.465465940375 0 0 13.0 1 124
445.4067325743284 241.37078252439298 0 0 12.0 1 125
312.6091643251001 590.9524596333931 0 0 12.0 1 126
524.293676860881 706.7769252932868 0 0 10.0 1 127
353.51381010899695 630.3563199684731 0 0 10.0 1 128
219.14648652782387 533.8544234038211 0 0 11.0 1 129
147.38603043651142 461.5319622747144 0 0 13.0 1 130
182.8778299594062 349.1378011007833 0 0 10.0 1 131
224.83619599221822 468.2762166901727 0 0 11.0 1 132
459.6282052865993 176.82859248035564 0 0 10.0 1 133
286.3305707482385 560.8982935073544 0 0 10.0 1 134
238.078205793367 528.9586467085662 0 0 11.0 1 135
226.79950974000243 294.1199255114708 0 0 10.0 1 136
234.90106443540583 565.8262388026635 0 0 12.0 1 137
539.6491488458013 409.9053130512483 0 0 11.0 1 138
636.583092027869 562.4728917897778 0 0 13.0 1 139
596.5937129446025 257.17173938377874 0 0 10.0 1 140
197.19496628045772 576.7232817090473 0 0 12.0 1 141
168.31271529941327 485.61543148328616 0 0 12.0 1 142
211.41819799294916 369.7030702583006 0 0 11.0 1 143
450.1920001570321 703.8828114919245 0 0 13.0 1 144
735.6142080842889 475.4924057899579 0 0 12.0 1 145
145.5742108486463 201.01126209076327 0 0 13.0 1 146
763.6440613360733 383.9066269848043 0 0 10.0 1 147
456.7877909532053 657.8199891371014 0 0 11.0 1 148
112.54790599490838 183.27138248009803 0 0 10.0 1 149
285.73595823152925 58.61498457206244 0 0 11.0 1 150
577.4089067831328 231.02935227083455 0 0 13.0 1 151
682.1665084096087 515.7888661829375 0 0 13.0 1 152
327.68868160913945 622.5467888615237 0 0 11.0 1 153
320.93210105604294 572.7665110968795 0 0 13.0 1 154
581.6864055061649 444.26115739843937 0 0 10.0 1 155
269.25298051420395 196.36008029961098 0 0 10.0 1 156
489.0495572014771 594.592333770426 0 0 11.0 1 157
555.8106299635984 82.13360103599086 0 0 11.0 1 158
141.23143636740036 374.72490404526167 0 0 12.0 1 159
201.17808607118624 90.33268409197046 0 0 13.0 1 160
312.58466335178224 178.6347838555507 0 0 12.0 1 161
547.2000431717942 448.5504612771282 0 0 10.0 1 162
656.6250459775637 137.64035032609655 0 0 10.0 1 163
652.5441992410288 298.97808440883944 0 0 10.0 1 164
191.3823723696149 431.6178026097639 0 0 13.0 1 165
653.5836996636847 461.776267812795 0 0 13.0 1 166
629.6981453423766 424.4900393277033 0 0 10.0 1 167
338.96617430161126 237.0556164802889 0 0 10.0 1 168
577.8884444977322 406.3008978865916 0 0 11.0 1 169
599.8747369026357 672.5694215206506 0 0 11.0 1 170
389.22068895753665 747.8330151860945 0 0 11.0 1 171
608.9290935341595 468.91033213527874 0 0 11.0 1 172
677.2755082747706 183.15375836559292 0 0 12.0 1 173
466.1274472252644 639.0212557984538 0 0 11.0 1 174
523.8524916357037 277.7847787072824 0 0 10.0 1 175
598.0270541683137 250.70403281595406 0 0 12.0 1 176
653.5038937004119 257.1127161755454 0 0 13.0 1 177
523.2407826676443 675.7094657197435 0 0 12.0 1 178
269.53143856605897 559.4175475829369 0 0 12.0 1 179
534.3374189679914 198.7105122838792 0 0 10.0 1 180
291.54880227133145 471.68219940276134 0 0 12.0 1 181
294.0310456839113 247.13868795161181 0 0 11.0 1 182
321.6021713421881 165.77194774805395 0 0 12.0 1 183
553.1430165789211 202.39631462670462 0 0 12.0 1 184
299.0642815861688 491.14812531414884 0 0 10.0 1 185
335.4373232698222 611.3590801773952 0 0 10.0 1 186
525.7415817441267 433.00082757273043 0 0 13.0 1 187
235.11864613760488 437.0828686660518 0 0 12.0 1 188
423.5661740488233 560.276746412886 0 0 12.0 1 189
226.46414644223378 612.0408157171103 0 0 12.0 1 190
102.68526452489431 259.1279017357663 0 0 13.0 1 191
315.1983086976611 706.4843766854402 0 0 12.0 1 192
235.74984014702235 476.04528248531454 0 0 11.0 1 193
250.4286895142811 596.5640432011528 0 0 10.0 1 194
343.6482536013007 107.37655480495641 0 0 13.0 1 195
255.25628215999197 360.6394087207504 0 0 12.0 1 196
55.44215857953054 520.436264952325 0 0 10.0 1 197
533.8123796015689 382.13251373680066 0 0 11.0 1 198
627.4754735810737 309.00599514766793 0 0 13.0 1 199
466.0313210985874 276.55015336593067 0 0 11.0 1 200
613.5439060142401 570.0823336039973 0 0 13.0 1 201
143.6998919461834 192.12923579396275 0 0 13.0 1 202
214.35568758480073 281.948361858516 0 0 13.0 1 203
604.6287818788944 313.91247693910645 0 0 13.0 1 204
620.5763343618962 386.32225459116273 0 0 11.0 1 205
636.2360665836376 228.37097901260654 0 0 12.0 1 206
567.8776545682863 477.73090181292855 0 0 11.0 1 207
564.4331267795542 728.1017324207526 0 0 12.0 1 208
201.1265078143597 421.1975023502314 0 0 10.0 1 209
375.70149435396155 565.2228271861047 0 0 12.0 1 210
479.51573999857396 565.9314529933345 0 0 11.0 1 211
492.47294996810183 240.92532092065397 0 0 13.0 1 212
536.9446419165556 182.52548413585015 0 0 12.0 1 213
529.9032810112354 511.2031365677965 0 0 10.0 1 214
495.24650197971783 495.67185511229314 0 0 10.0 1 215
314.1641203213762 239.51261183570588 0 0 13.0 1 216
571.7039712744166 318.6504686639542 0 0 12.0 1 217
362.1289620378895 279.8260240997562 0 0 11.0 1 218
618.4374588273362 241.30193264864303 0 0 13.0 1 219
140.031165117387 295.99901495766164 0 0 10.0 1 220
474.0447691770663 277.6628749826326 0 0 10.0 1 221
179.5791213894669 689.6733268227515 0 0 12.0 1 222
368.1934055008214 271.889342573052 0 0 11.0 1 223
466.17170520002105 255.4237037722936 0 0 12.0 1 224
68.96171383945341 322.4522527994005 0 0 12.0 1 225
413.76328065252824 682.6651236103947 0 0 10.0 1 226
398.19436237766394 535.9880129745884 0 0 11.0 1 227
459.1421600406026 518.0093424510609 0 0 12.0 1 228
178.03466711895547 403.92313637375634 0 0 13.0 1 229
485.6303028393904 300.86145433972575 0 0 10.0 1 230
571.757392230131 161.38860418181005 0 0 11.0 1 231
552.850388418734 393.2354778260304 0 0 11.0 1 232
249.02357988721747 402.668439605573 0 0 11.0 1 233
581.5607260917268 555.4242668988501 0 0 10.0 1 234
669.05877924387 260.6573528606608 0 0 10.0 1 235
295.2395274735653 537.6744108250989 0 0 11.0 1 236
415.1358772020001 526.0948263067362 0 0 10.0 1 237
480.62689018600423 159.1363361174334 0 0 10.0 1 238
521.3937094601456 356.35865144721384 0 0 12.0 1 239
528.1601891877325 467.82304849654435 0 0 11.0 1 240
273.643240251574 652.1070591353573 0 0 11.0 1 241
300.01021629576474 297.7696563892097 0 0 10.0 1 242
666.3640900769794 176.0487295917642 0 0 10.0 1 243
202.09140708496003 306.2279953803429 0 0 13.0 1 244
35.81288282160915 445.3513360474972 0 0 12.0 1 245
645.8308591456314 375.9960692443774 0 0 10.0 1 246
161.955976440693 254.48009466847466 0 0 12.0 1 247
569.7948256820819 82.55753722667879 0 0 11.0 1 248
400.9426736714548 187.00208600470015 0 0 10.0 1 249
120.36343174557169 315.9322315338009 0 0 11.0 1 250
237.3014092717632 250.43339752790502 0 0 11.0 1 251
215.37580604882203 633.9185905563681 0 0 12.0 1 252
43.83582946398036 500.2351416739115 0 0 12.0 1 253
605.4196845086938 174.54988752198705 0 0 11.0 1 254
432.5302742841521 536.1682094139371 0 0 12.0 1 255
259.3325613538188 330.2743110129212 0 0 12.0 1 256
447.39384586962734 523.1983091348498 0 0 11.0 1 257
292.6229720739858 519.9632188371752 0 0 13.0 1 258
483.2026920932529 209.36602603828626 0 0 11.0 1 259
84.1107215430311 536.198251662551 0 0 13.0 1 260
542.4897408886183 580.5454893967014 0 0 13.0 1 261
678.4219943543958 429.68489615479183 0 0 12.0 1 262
146.9040094128218 545.6242409377471 0 0 11.0 1 263
255.54719901258966 453.3796617345185 0 0 12.0 1 264
352.88668709038586 267.10404164655426 0 0 12.0 1 265
505.36185024773624 538.4733927957773 0 0 10.0 1 266
84.703869675985 503.9824514170624 0 0 13.0 1 267
222.9735587856272 171.56480325708515 0 0 13.0 1 268
675.7595965326226 636.0627986790066 0 0 13.0 1 269
590.6290801289763 632.9410951489247 0 0 10.0 1 270
650.711881242636 502.88125487074115 0 0 10.0 1 271
596.0780461525292 699.5286293779054 0 0 10.0 1 272
91.34116875855557 549.5952067970948 0 0 13.0 1 273
687.8261094291137 284.864728554192 0 0 11.0 1 274
588.8245586709542 583.069074512107 0 0 10.0 1 275
306.9521821875618 233.1974112900423 0 0 10.0 1 276
396.70736668868125 647.9781413066023 0 0 11.0 1 277
427.70661412481 728.8348271301853 0 0 10.0 1 278
568.0929525252102 455.44149449065605 0 0 10.0 1 279
496.39132192663294 203.3538379290452 0 0 13.0 1 280
700.3304822740785 484.53165925864363 0 0 11.0 1 281
736.1595701834675 450.9582512854038 0 0 10.0 1 282
408.70539659647545 578.7881877253027 0 0 13.0 1 283
127.21861634809386 563.4451490040362 0 0 12.0 1 284
168.31311789846396 439.3216055377822 0 0 13.0 1 285
219.12067027034738 289.4257350169055 0 0 13.0 1 286
110.63753629844962 580.4171959669281 0 0 13.0 1 287
119.62321512900672 172.60198218672895 0 0 12.0 1 288
605.0333100140343 457.7091135323432 0 0 12.0 1 289
118.46074907763483 527.3446119397028 0 0 12.0 1 290
704.538593202417 278.1794547283064 0 0 12.0 1 291
322.1092156752024 212.53793525817588 0 0 12.0 1 292
522.0750575429795 717.3289780746131 0 0 11.0 1 293
46.61944634256503 509.6457217440093 0 0 10.0 1 294
65.6338841161425 241.5724122864241 0 0 13.0 1 295
521.8171473430265 566.122191814361 0 0 11.0 1 296
517.9013911457777 242.17648474992598 0 0 12.0 1 297
581.821192815241 360.7947217425644 0 0 10.0 1 298
372.21371080917305 551.4725127968891 0 0 12.0 1 299
211.52259471010555 324.5992858443047 0 0 11.0 1 300
594.0379797345266 685.2617437031181 0 0 11.0 1 301
364.8199788115146 258.3018486035272 0 0 12.0 1 302
391.5128413056467 673.8685234511204 0 0 10.0 1 303
325.4417822766948 283.87475653448894 0 0 11.0 1 304
321.42771864115474 190.23251776772824 0 0 13.0 1 305
525.4452257486574 329.2928904786204 0 0 11.0 1 306
206.84399184583754 286.56827377691405 0 0 12.0 1 307
297.7134769770306 714.799090227198 0 0 13.0 1 308
193.389374987871 321.55862295894195 0 0 12.0 1 309
401.2037898527498 128.00266381820865 0 0 11.0 1 310
518.508069527185 229.06188998078892 0 0 13.0 1 311
306.4641996426029 564.23170842289 0 0 12.0 1 312
664.7733627878188 315.27062871689577 0 0 13.0 1 313
92.51145880071203 446.6025431831117 0 0 10.0 1 314
382.72441873394536 754.5794047768707 0 0 13.0 1 315
666.2046736094462 237.2760873488835 0 0 10.0 1 316
639.7553478410723 275.8332847273215 0 0 11.0 1 317
468.03770467696046 737.2044939532846 0 0 11.0 1 318
520.3040351888843 326.4613087057454 0 0 13.0 1 319
610.4888642849694 223.02701332682514 0 0 13.0 1 320
342.4224443260202 205.33663651675553 0 0 13.0 1 321
455.2928201812319 543.7313606573248 0 0 11.0 1 322
649.7831085895954 366.6473589753612 0 0 10.0 1 323
599.5348066151776 490.25996315667163 0 0 13.0 1 324
112.01128199834449 397.4508229243637 0 0 13.0 1 325
571.5804462923381 127.52220191339978 0 0 12.0 1 326
696.5931446333493 619.5301950905639 0 0 10.0 1 327
443.87802556271834 172.18709678177262 0 0 12.0 1 328
751.1178599551577 424.9047871002815 0 0 11.0 1 329
734.5589718278691 334.0356583487783 0 0 10.0 1 330
67.63126304652059 503.1262463970682 0 0 10.0 1 331
341.6006784577033 252.11315392030488 0 0 13.0 1 332
483.38149647476564 188.86846269297274 0 0 12.0 1 333
463.8255880824753 219.9797391793741 0 0 13.0 1 334
175.54323870438486 217.95560346804615 0 0 12.0 1 335
196.80646911903247 184.7596947406799 0 0 11.0 1 336
552.7359484805518 66.29244832975951 0 0 10.0 1 337
173.90799709988323 652.5933614024992 0 0 12.0 1 338
566.3779210059039 298.29755459305215 0 0 11.0 1 339
575.8362707160002 196.42542914035292 0 0 12.0 1 340
583.1624816892994 685.2586638498769 0 0 10.0 1 341
213.76308304585632 349.35603922069885 0 0 13.0 1 342
293.717152985708 291.3355788192998 0 0 11.0 1 343
168.24011535342572 279.96518893001667 0 0 13.0 1 344
413.2830833556477 169.38222163812497 0 0 13.0 1 345
338.4799784846726 704.8545340859368 0 0 13.0 1 346
713.3934708404571 464.6879620530092 0 0 10.0 1 347
652.7233636964861 645.0202061911091 0 0 11.0 1 348
254.8869063805516 613.3217993084467 0 0 11.0 1 349
510.77533134126855 673.4114590982465 0 0 10.0 1 350
168.31238160372905 424.69509023801953 0 0 11.0 1 351
554.2663286136553 384.9368045865526 0 0 11.0 1 352
292.2315751023551 467.19350113724306 0 0 13.0 1 353
531.0459351367605 279.5385419143038 0 0 13.0 1 354
160.3477092313779 299.1695505844003 0 0 12.0 1 355
274.49319207997524 547.9325561386878 0 0 12.0 1 356
725.7289696388638 335.7766527032094 0 0 13.0 1 357
626.440464112186 644.1592025967029 0 0 13.0 1 358
305.38085053690804 529.0240929240778 0 0 12.0 1 359
481.2939074181777 265.68581379212117 0 0 11.0 1 360
236.7724832195164 352.49444489665507 0 0 12.0 1 361
364.3747950978452 171.7636208320867 0 0 12.0 1 362
519.8842748935983 268.4258359964383 0 0 10.0 1 363
172.75517756443733 428.2982451086563 0 0 11.0 1 364
579.4144618469968 254.49587332260117 0 0 10.0 1 365
580.4227665138509 89.63146853540638 0 0 10.0 1 366
217.34733640134738 707.899341474316 0 0 11.0 1 367
297.7948110204119 322.94093599292376 0 0 13.0 1 368
746.0 400.0 0 0 13.0 1 369
486.9566965040844 214.35643578864213 0 0 10.0 1 370
605.055502536576 453.8167341955296 0 0 10.0 1 371
234.18403444256398 679.5175586009852 0 0 12.0 1 372
601.6810961370657 271.7590725978961 0 0 12.0 1 373
521.5857195900063 366.940768433305 0 0 13.0 1 374
612.6520094277813 104.576367082241 0 0 12.0 1 375
211.08534537091793 556.0008117490888 0 0 12.0 1 376
291.38542049492895 296.54530885969166 0 0 11.0 1 377
550.219538972539 198.91521661031177 0 0 13.0 1 378
206.99430401987775 515.6451525971954 0 0 13.0 1 379
427.26263383961486 188.75192593510565 0 0 11.0 1 380
462.3850294933345 642.0911152750464 0 0 10.0 1 381
532.1358546398923 622.7579761054253 0 0 13.0 1 382
186.5635669745722 660.7947259002415 0 0 11.0 1 383
305.67485749601775 223.64023278648997 0 0 13.0 1 384
681.1603254918305 171.9805460726477 0 0 12.0 1 385
354.44492649264396 46.9267281742508 0 0 10.0 1 386
65.71012688538167 510.2464545144758 0 0 13.0 1 387
368.38455842016566 197.45256394189514 0 0 12.0 1 388
148.28763729882877 456.61171666178325 0 0 11.0 1 389
273.32484268069805 331.5207730904466 0 0 10.0 1 390
287.6223964750183 224.97064753024415 0 0 10.0 1 391
642.4982345671942 533.8790731660256 0 0 12.0 1 392
492.3164093604893 530.6815999396493 0 0 12.0 1 393
414.10518537263056 567.406821084458 0 0 10.0 1 394
97.25056587027478 479.44671254451737 0 0 10.0 1 395
485.6688749669366 128.18049396355053 0 0 11.0 1 396
348.76332241895136 176.8054595863607 0 0 13.0 1 397
407.6743356534167 647.8812307785297 0 0 12.0 1 398
536.8546612587836 370.4906507739732 0 0 12.0 1 399
172.6682161460391 234.82960298595876 0 0 11.0 1 400
228.08513605854515 453.341161929518 0 0 11.0 1 401
377.47839062557676 225.44692179401162 0 0 12.0 1 402
569.0144989683861 300.7523343424873 0 0 10.0 1 403
454.7549092622168 731.5085216275539 0 0 10.0 1 404
281.5786248895943 616.7611079436545 0 0 11.0 1 405
164.00000010722448 399.9928859326072 0 0 11.0 1 406
322.45917946327836 573.457260299164 0 0 11.0 1 407
450.4848984982486 110.36699942233525 0 0 13.0 1 408
62.32114914230891 538.5568247450454 0 0 10.0 1 409
659.5758616643784 329.4211643536432 0 0 11.0 1 410
685.9628077081993 578.3094854673845 0 0 13.0 1 411
678.8751822342208 324.1736672795646 0 0 10.0 1 412
592.0958951389516 315.1520944821564 0 0 13.0 1 413
316.13661773791716 596.8830442561364 0 0 13.0 1 414
345.7842139218547 181.62956120406594 0 0 11.0 1 415
655.595220102128 647.804526716008 0 0 11.0 1 416
673.6485316953542 320.3665830133061 0 0 11.0 1 417
297.6961165412983 216.604483617324 0 0 13.0 1 418
221.04194596802083 339.21336580228166 0 0 12.0 1 419
200.1143369346754 132.41501966490063 0 0 12.0 1 420
310.63531392455565 225.55816762416967 0 0 12.0 1 421
373.4671866034075 592.1770272776162 0 0 12.0 1 422
129.09553943311914 392.804637259505 0 0 10.0 1 423
193.38637310227324 489.0831587909127 0 0 10.0 1 424
256.3035397608279 369.0108516617182 0 0 13.0 1 425
269.1617555283127 382.52562494488035 0 0 13.0 1 426
690.3273885275623 337.3980234276431 0 0 11.0 1 427
283.3582800057126 150.9624342458065 0 0 12.0 1 428
107.28690169880815 387.0368953210742 0 0 13.0 1 429
194.00778650674712 546.8884201703801 0 0 13.0 1 430
130.9612743567023 242.00580990355883 0 0 10.0 1 431
445.91492096628065 283.7381402494343 0 0 11.0 1 432
226.75131309492204 424.69600141047675 0 0 10.0 1 433
221.42321572348408 303.4633120650046 0 0 12.0 1 434
584.7833886069038 687.7830768043007 0 0 13.0 1 435
281.667043474245 549.927687235793 0 0 10.0 1 436
497.18456793128 557.4171520388119 0 0 10.0 1 437
171.6758352022315 455.6154274406072 0 0 13.0 1 438
460.32412769323525 698.9749146969529 0 0 12.0 1 439
161.48342654178236 348.56222996911055 0 0 13.0 1 440
518.3262049851226 584.2821456729293 0 0 11.0 1 441
498.5920370391131 198.86419952559874 0 0 10.0 1 442
729.367377101474 379.5762172628222 0 0 13.0 1 443
50.5740705281753 498.33880115575647 0 0 13.0 1 444
222.00697290175458 398.4244669463081 0 0 12.0 1 445
172.87215247382886 644.8855669044796 0 0 13.0 1 446
576.6713327436673 348.58754833139767 0 0 13.0 1 447
89.2834857034494 315.50593072054426 0 0 11.0 1 448
496.9503473263942 226.21383785441506 0 0 12.0 1 449
705.4133860395486 381.06158328007143 0 0 13.0 1 450
314.86094485769866 577.6523044868154 0 0 13.0 1 451
271.8267743434801 680.06360746231 0 0 12.0 1 452
322.93179626925803 678.534543591485 0 0 10.0 1 453
226.64884822260382 176.3074024974225 0 0 10.0 1 454
575.9718281997516 564.6660732514051 0 0 11.0 1 455
382.7582707457004 100.49587186096846 0 0 11.0 1 456
416.04320457240567 121.46164431617689 0 0 11.0 1 457
162.85221066922296 582.1041625431044 0 0 12.0 1 458
382.7249019003004 266.1098547851794 0 0 10.0 1 459
231.6301206067706 721.5907083749612 0 0 10.0 1 460
741.2496970678355 313.6713011153857 0 0 13.0 1 461
524.5106463589652 411.04983906094145 0 0 10.0 1 462
37.22123123759434 351.5483237108046 0 0 12.0 1 463
258.00556265196155 398.74311408076267 0 0 12.0 1 464
298.60790576649447 564.2213239105808 0 0 11.0 1 465
573.6154992975704 528.5054800530131 0 0 12.0 1 466
496.20718958900324 493.27473758411537 0 0 13.0 1 467
316.8411696018352 151.54757210522322 0 0 13.0 1 468
617.2622890529439 313.0914402634869 0 0 10.0 1 469
470.93799564516144 282.79590120713755 0 0 10.0 1 470
198.28488777287083 149.0119255837109 0 0 10.0 1 471
575.6603362081643 262.62297760092963 0 0 12.0 1 472
400.62844911430324 258.0013906698001 0 0 11.0 1 473
747.3134194342101 331.5208887257112 0 0 12.0 1 474
356.0853865710525 617.6132043957491 0 0 10.0 1 475
209.26971152186624 377.95556630240014 0 0 10.0 1 476
348.5444557843514 220.2186690185229 0 0 10.0 1 477
478.0823523659778 614.2128526699444 0 0 12.0 1 478
488.80485242275364 309.2106934370961 0 0 11.0 1 479
660.0962777484401 626.6603765579822 0 0 12.0 1 480
502.8896297881613 653.9482704844731 0 0 10.0 1 481
128.8819852782018 297.0678762809646 0 0 11.0 1 482
631.4949808309752 316.7769632249194 0 0 11.0 1 483
638.2204320530661 357.39688095396684 0 0 12.0 1 484
740.5961549188467 339.08810252096083 0 0 11.0 1 485
561.7715917352785 408.59954111766143 0 0 11.0 1 486
718.6198385664102 489.6794205596508 0 0 12.0 1 487
639.2048140036986 357.2208350074956 0 0 11.0 1 488
444.57633313575377 722.9379979565277 0 0 13.0 1 489
174.38541342604879 478.86100636604294 0 0 12.0 1 490
184.43503854294258 375.0851973313585 0 0 11.0 1 491
114.14486207271443 184.4754303552086 0 0 12.0 1 492
495.67675649316794 319.5577333303751 0 0 13.0 1 493
197.91776731936466 625.7692876252427 0 0 12.0 1 494
360.34015396901646 172.43001820802755 0 0 12.0 1 495
204.63746601402954 341.2677234003267 0 0 12.0 1 496
248.82672417810193 630.9169562359515 0 0 10.0 1 497
73.01280976895367 397.10562186203794 0 0 10.0 1 498
672.0094356761341 209.64541796123984 0 0 12.0 1 499
486.23330438082075 108.48702050240593 0 0 10.0 1 500
185.66873617093026 570.6988850152036 0 0 10.0 1 501
614.7954740777275 238.06203559472436 0 0 10.0 1 502
548.9951176063609 506.2518467108535 0 0 10.0 1 503
185.20229520474882 623.5216902555368 0 0 10.0 1 504
511.8296463990763 485.8785781569395 0 0 10.0 1 505
366.5684373119978 727.2970067327811 0 0 10.0 1 506
226.3443224910583 365.75520960919107 0 0 10.0 1 507
569.39656250029 589.2638491975829 0 0 12.0 1 508
329.2550377869858 554.5805625603659 0 0 10.0 1 509
602.3491459528123 148.23855908386713 0 0 10.0 1 510
168.10355643693953 377.34962554825375 0 0 13.0 1 511
525.0050200858192 649.4288374533786 0 0 10.0 1 512
551.8513662722064 393.2796903892589 0 0 12.0 1 513
646.7353215242297 213.98204088762017 0 0 10.0 1 514
543.5770842348586 192.90190516903272 0 0 10.0 1 515
238.0927585054386 328.48045615622414 0 0 12.0 1 516
561.2416335221639 175.99746515027064 0 0 12.0 1 517
677.7281567346932 387.7089074224604 0 0 12.0 1 518
686.2807551338926 420.30589175505906 0 0 10.0 1 519
339.2425618641172 532.7574243165495 0 0 12.0 1 520
57.1629426296102 513.0652559083119 0 0 11.0 1 521
350.35355019091196 759.5889737204878 0 0 12.0 1 522
112.28564151449262 443.60559506844214 0 0 13.0 1 523
567.9420866282502 629.0228275498959 0 0 13.0 1 524
535.4381736519476 157.2233513745095 0 0 10.0 1 525
316.1447123169661 725.3679313140674 0 0 10.0 1 526
672.6738003252038 351.23527282747443 0 0 10.0 1 527
518.870421696878 484.7692328949979 0 0 12.0 1 528
341.090897992064 561.5973938546615 0 0 10.0 1 529
598.9922574587044 398.2445879433367 0 0 11.0 1 530
90.55324490538123 496.01409147313245 0 0 10.0 1 531
332.39913404628663 523.7381223484019 0 0 11.0 1 532
626.0745306972642 549.4366306164982 0 0 11.0 1 533
190.53897582974966 119.59657749315937 0 0 10.0 1 534
719.9498587672612 405.66461603373233 0 0 10.0 1 535
535.0278471600133 323.89165294573723 0 0 13.0 1 536
536.6991434311071 164.84612657835805 0 0 10.0 1 537
229.31097626251122 726.020332457261 0 0 13.0 1 538
411.4496136764684 769.8228039840967 0 0 13.0 1 539
232.0970689821659 462.0451912368754 0 0 11.0 1 540
400.6461519062554 254.0014298435973 0 0 12.0 1 541
347.4744877950905 757.1583270310408 0 0 13.0 1 542
114.12279131447991 425.3618129118484 0 0 11.0 1 543
52.217726095595026 412.30812568514926 0 0 12.0 1 544
214.3275573554273 618.8486784113577 0 0 11.0 1 545
737.0023376773761 517.8067247655401 0 0 10.0 1 546
385.3967911052651 33.29065148270797 0 0 13.0 1 547
704.8482944388185 512.6610730365348 0 0 11.0 1 548
393.41520745495217 102.07275970945744 0 0 12.0 1 549
395.0261550086053 275.09899573661716 0 0 12.0 1 550
211.44183080069232 284.73154452234013 0 0 11.0 1 551
560.0021224587889 435.9905655510264 0 0 12.0 1 552
355.92303282329 207.99421632538454 0 0 10.0 1 553
153.16518061904338 360.34433279882273 0 0 13.0 1 554
571.269437771113 375.591401401005 0 0 10.0 1 555
434.3313909225875 271.50737142808356 0 0 11.0 1 556
246.1315346817032 518.1545402453587 0 0 10.0 1 557
658.6348287619578 413.74864907082906 0 0 12.0 1 558
761.8658902563209 454.85505873664056 0 0 11.0 1 559
200.53112307878544 558.862101017799 0 0 13.0 1 560
510.27164793640856 640.9671422858078 0 0 12.0 1 561
192.56800403422784 608.3457872136029 0 0 10.0 1 562
312.193017488553 591.8617570602189 0 0 11.0 1 563
319.63868263709253 711.8109341759812 0 0 13.0 1 564
599.4743377790077 542.249740132017 0 0 11.0 1 565
614.3022606539565 279.20868790097654 0 0 11.0 1 566
627.678536516318 412.10305786930127 0 0 13.0 1 567
231.85079647293892 301.2536311897243 0 0 11.0 1 568
337.1085342377246 644.0259484855505 0 0 11.0 1 569
263.9953008825322 546.6380640146584 0 0 11.0 1 570
620.263676465946 333.78887684304823 0 0 10.0 1 571
308.5538939760528 650.8517683674106 0 0 10.0 1 572
269.14456681809935 144.56731687824845 0 0 10.0 1 573
33.70277625783518 452.2144029821509 0 0 11.0 1 574
248.45427240084382 470.16332693396424 0 0 13.0 1 575
676.1279323276549 582.5222314909996 0 0 10.0 1 576
425.33099255276113 63.95336511684576 0 0 11.0 1 577
408.00988576682795 38.088627244179634 0 0 12.0 1 578
573.1566401074411 310.32403896973216 0 0 12.0 1 579
388.6779311230099 203.32562252203596 0 0 12.0 1 580
403.009238851626 264.03329642322774 0 0 11.0 1 581
283.49637995211106 613.2508066004373 0 0 11.0 1 582
263.01965515294216 70.32533441955064 0 0 12.0 1 583
51.971388675129504 437.0956291129049 0 0 12.0 1 584
409.716699174084 713.8496228405577 0 0 13.0 1 585
405.3989285279172 156.05973770049675 0 0 11.0 1 586
317.46271575798954 120.9505479131816 0 0 11.0 1 587
531.5406722518916 164.20972975222145 0 0 13.0 1 588
259.3132979808985 730.2851069530514 0 0 13.0 1 589
650.7350333652972 456.39984967447435 0 0 12.0 1 590
210.02529738751602 504.8742693290317 0 0 10.0 1 591
322.633514340058 700.1906509147645 0 0 10.0 1 592
439.83111877331777 226.51374124367703 0 0 12.0 1 593
204.1456233641353 561.731453813341 0 0 10.0 1 594
315.2496918801081 103.8895725010965 0 0 11.0 1 595
473.9206381029364 49.71477441597011 0 0 12.0 1 596
368.43436455005764 272.8598778565895 0 0 13.0 1 597
532.4793277259389 411.7570287608417 0 0 11.0 1 598
533.5097564642737 354.655265698757 0 0 10.0 1 599
144.39368956473274 156.53662684980767 0 0 13.0 1 600
218.57719571556362 385.5166963171004 0 0 10.0 1 601
470.10639502412204 629.5323362333111 0 0 13.0 1 602
381.8236794440391 673.3964545692701 0 0 10.0 1 603
500.4618188757722 270.37198239511827 0 0 10.0 1 604
282.8946181588261 301.53513548563194 0 0 10.0 1 605
596.3880341812695 648.8387832119754 0 0 10.0 1 606
252.78554340068843 195.47150866402643 0 0 12.0 1 607
194.39529446738894 387.2444105252522 0 0 12.0 1 608
315.41061467281776 754.0347947447673 0 0 10.0 1 609
710.8555877163798 332.9716210437391 0 0 11.0 1 610
247.54115552353142 421.73248124121955 0 0 11.0 1 611
202.54195861292442 274.4359848858761 0 0 10.0 1 612
87.48719622832198 369.47546103927755 0 0 12.0 1 613
220.05493730459676 427.27222784349306 0 0 10.0 1 614
564.6714807904588 299.34065659722603 0 0 11.0 1 615
263.02139367250857 402.4210346090298 0 0 10.0 1 616
631.3183085710082 591.0283751693655 0 0 13.0 1 617
192.21527583410582 292.3825831786356 0 0 11.0 1 618
182.5398126113818 573.190839540973 0 0 12.0 1 619
111.85999395035685 272.7194558712464 0 0 13.0 1 620
412.8534116514011 229.4837549999425 0 0 12.0 1 621
363.0117578953278 601.6354878140407 0 0 11.0 1 622
279.78370132308055 332.2353961686361 0 0 13.0 1 623
566.318024686116 423.71317491413777 0 0 13.0 1 624
502.45491724945134 153.43968297512254 0 0 10.0 1 625
317.77241557459143 613.727921338234 0 0 13.0 1 626
670.9050653831473 441.06635544764896 0 0 13.0 1 627
734.6660560266758 487.83297184742094 0 0 12.0 1 628
636.3548711041165 221.80803916742903 0 0 11.0 1 629
683.5772243719244 178.22543469208367 0 0 12.0 1 630
656.4984548322327 462.48633985662025 0 0 11.0 1 631
210.9529740051861 252.14459102719252 0 0 10.0 1 632
640.7565317425381 668.993108505226 0 0 11.0 1 633
361.2757526743682 575.7851889923134 0 0 10.0 1 634
713.9754106516593 349.56745588291386 0 0 11.0 1 635
466.75376056401666 131.16373858691992 0 0 13.0 1 636
334.7203791263522 282.97619430819725 0 0 11.0 1 637
210.84811290732193 344.9494449684767 0 0 10.0 1 638
266.4132770143744 291.65523805018665 0 0 12.0 1 639
226.94076998858677 235.16219211644201 0 0 11.0 1 640
457.5395707156883 528.7252803525955 0 0 11.0 1 641
621.9034138947318 546.6794972102897 0 0 12.0 1 642
396.75179696603345 253.03589153453103 0 0 10.0 1 643
624.4948755534318 578.8045045580484 0 0 13.0 1 644
427.45473581458447 725.84541961082 0 0 12.0 1 645
126.09659706522012 392.7249837974331 0 0 13.0 1 646
335.10522708512514 599.7214771834186 0 0 12.0 1 647
191.0738729328414 454.8258463565998 0 0 13.0 1 648
462.9237364133101 277.180606597377 0 0 12.0 1 649
659.5289680397536 453.5697185751482 0 0 13.0 1 650
384.37795772020223 585.3427953684961 0 0 10.0 1 651
48.49573140084186 418.67482681501724 0 0 10.0 1 652
494.65824098777773 742.1473621308512 0 0 10.0 1 653
198.47162920578324 139.94747498816957 0 0 13.0 1 654
411.84552022191957 194.3408556599729 0 0 10.0 1 655
283.31195488110984 643.4828538651785 0 0 12.0 1 656
309.92387309251643 647.093689440558 0 0 10.0 1 657
541.3278623428326 386.2001693631643 0 0 13.0 1 658
316.4030691674346 208.44699648563255 0 0 10.0 1 659
644.7124629328006 464.2246875069292 0 0 11.0 1 660
226.00681620733315 398.4598721834697 0 0 12.0 1 661
44.01644898770388 437.94352920691415 0 0 10.0 1 662
199.70717581288454 542.8243136834526 0 0 10.0 1 663
679.7131763966187 526.5288067995351 0 0 10.0 1 664
413.39808840634595 167.38553091637712 0 0 13.0 1 665
289.7983995655061 534.6536566962671 0 0 13.0 1 666
610.4712171890292 414.92872181295286 0 0 10.0 1 667
673.2752218312967 264.55387368752247 0 0 11.0 1 668
165.24745656250852 223.00496235874672 0 0 13.0 1 669
192.26230029029367 493.9630146351205 0 0 13.0 1 670
450.76484342786534 630.4754448346815 0 0 11.0 1 671
130.67606578332413 419.09498515452765 0 0 10.0 1 672
130.30116098096647 336.8213941924528 0 0 12.0 1 673
389.03013072884045 254.41269983898434 0 0 11.0 1 674
609.8108600313483 422.369689602361 0 0 10.0 1 675
282.55496783882694 295.8094801785641 0 0 10.0 1 676
600.5067253148072 277.4355145095757 0 0 12.0 1 677
309.52098394088887 94.10042881204441 0 0 12.0 1 678
321.8056467472086 626.9044801659448 0 0 12.0 1 679
242.2345490237374 570.1001542570039 0 0 12.0 1 680
290.1372351515544 640.05452068198 0 0 13.0 1 681
244.77110501859985 241.29275327555632 0 0 11.0 1 682
67.64084026313935 328.32441880941633 0 0 11.0 1 683
546.9769663712107 402.6021829904958 0 0 10.0 1 684
387.90308936536513 239.45510050737315 0 0 10.0 1 685
141.0004425516076 432.25258503650343 0 0 10.0 1 686
542.761250722225 509.63222743439087 0 0 11.0 1 687
525.6944201518075 174.6892973187894 0 0 10.0 1 688
556.1115915886955 174.82191276315461 0 0 10.0 1 689
672.9572232608198 404.8326255537779 0 0 10.0 1 690
275.0401591427957 238.7516258285307 0 0 13.0 1 691
300.3815718486069 134.0447993126554 0 0 12.0 1 692
631.2226491928203 258.65967843444685 0 0 10.0 1 693
539.9082480903088 434.08345810361106 0 0 12.0 1 694
674.7368746866721 232.06057732801438 0 0 11.0 1 695
617.6905624415593 206.88910174752553 0 0 13.0 1 696
267.4866694064781 434.773800698399 0 0 12.0 1 697
693.3969373535481 282.6363039455635 0 0 11.0 1 698
137.25752609824758 388.3641756636263 0 0 13.0 1 699
106.32940377584407 186.63041239823144 0 0 10.0 1 700
235.33946376647057 104.82054982216908 0 0 10.0 1 701
539.5539661537674 645.0483432524145 0 0 10.0 1 702
149.48209763706444 465.7402509553674 0 0 12.0 1 703
284.2896349034468 516.2200989899009 0 0 12.0 1 704
213.14823957172678 285.7746979655769 0 0 10.0 1 705
309.4183865433224 256.142531290221 0 0 12.0 1 706
233.90930935916688 431.2231081484703 0 0 10.0 1 707
140.18687116444124 334.26463596603935 0 0 10.0 1 708
192.26420428821754 542.6528625019231 0 0 13.0 1 709
358.2743601162994 652.5766635623643 0 0 11.0 1 710
275.0000000567926 399.99623195583007 0 0 10.0 1 711
223.3201623065009 187.96171347466796 0 0 12.0 1 712
235.53190859431984 517.2785014799082 0 0 13.0 1 713
352.50929898735876 222.2343303184557 0 0 10.0 1 714
606.5579659440948 692.4000798649654 0 0 13.0 1 715
668.9578500262289 404.76181785335626 0 0 10.0 1 716
653.0374313517719 280.1164801363536 0 0 10.0 1 717
179.49155433556066 125.62794349523676 0 0 13.0 1 718
167.75110329148276 289.9570539394892 0 0 12.0 1 719
270.51524652417385 564.0569980747683 0 0 12.0 1 720
169.751482180324 451.7843609774451 0 0 11.0 1 721
515.6246934557819 580.0747907488899 0 0 10.0 1 722
660.3404387445621 661.5030706402679 0 0 10.0 1 723
348.83708174357963 106.42487197399225 0 0 11.0 1 724
733.6260376144114 447.5674996789549 0 0 12.0 1 725
456.1998632627275 257.6954836653076 0 0 10.0 1 726
164.22090032951687 247.1300678400871 0 0 11.0 1 727
464.58348625413237 752.1263598529117 0 0 12.0 1 728
377.1655431942822 268.9748589682583 0 0 11.0 1 729
270.18816532684843 598.2873863330453 0 0 10.0 1 730
207.31471084624295 501.96263699872145 0 0 11.0 1 731
220.75958494862408 184.8886948293733 0 0 11.0 1 732
451.1273035425064 255.7952884525876 0 0 12.0 1 733
382.866147176996 603.279194920286 0 0 10.0 1 734
376.5575396397138 88.8819339024871 0 0 10.0 1 735
203.62840327203241 455.2647808148053 0 0 11.0 1 736
63.05262531120718 405.95539170250396 0 0 13.0 1 737
640.126656542577 488.74226060723976 0 0 10.0 1 738
637.8017558290471 507.5700930771292 0 0 10.0 1 739
330.16537306305423 203.0123737881549 0 0 10.0 1 740
505.1426873747634 659.5091815169799 0 0 13.0 1 741
345.5279900260303 527.8819773439391 0 0 11.0 1 742
234.6186657516705 194.22095762142757 0 0 11.0 1 743
450.4918690124543 229.31147910996137 0 0 11.0 1 744
682.3581789843602 333.86484474475026 0 0 11.0 1 745
560.0485441143027 465.6769634414694 0 0 12.0 1 746
230.02654689289383 403.00420352945304 0 0 11.0 1 747
236.59347719658905 370.77144708853456 0 0 13.0 1 748
549.7659733179041 142.368182795407 0 0 10.0 1 749
621.0634782121024 589.2404253873028 0 0 13.0 1 750
166.0028343962895 273.5036502920749 0 0 11.0 1 751
512.2456019951513 516.8114927254423 0 0 13.0 1 752
631.9071324049414 186.8238241741892 0 0 13.0 1 753
456.1848801689872 232.15406099521934 0 0 10.0 1 754
391.2405503439723 579.7867404502443 0 0 10.0 1 755
379.48784718474957 127.77169216467621 0 0 13.0 1 756
110.95094991710232 182.06733460498745 0 0 10.0 1 757
131.86142642606126 515.6101438530956 0 0 12.0 1 758
290.5738537851702 186.39775627449347 0 0 12.0 1 759
239.3576764809298 72.25155394053445 0 0 12.0 1 760
540.396055782507 421.2825637721392 0 0 11.0 1 761
159.90229780518573 668.2407377725656 0 0 13.0 1 762
185.36577150963197 488.068995454385 0 0 11.0 1 763
586.8784042617773 559.9764420799879 0 0 10.0 1 764
603.2013748578312 418.03333734745644 0 0 13.0 1 765
230.58653804047478 164.6299107641574 0 0 10.0 1 766
216.3434427575762 479.1850300363668 0 0 11.0 1 767
656.590594218058 172.38131236907648 0 0 10.0 1 768
463.09575552170986 606.5791026099799 0 0 11.0 1 769
613.3487580237696 563.8392732213952 0 0 11.0 1 770
445.1123266551527 272.7605486346361 0 0 12.0 1 771
187.4720792962257 144.93945244054262 0 0 11.0 1 772
395.1166471394109 179.05395938184597 0 0 13.0 1 773
428.8241060141269 530.8631763044378 0 0 12.0 1 774
85.68680326115333 267.7569874972328 0 0 12.0 1 775
399.0022092583672 173.0021929320992 0 0 10.0 1 776
514.8880932569341 494.8774263341182 0 0 13.0 1 777
370.0233708420649 693.4729999579649 0 0 13.0 1 778
685.3851112471823 314.2134143444712 0 0 10.0 1 779
131.26242300777352 584.5429887921704 0 0 10.0 1 780
514.3382944627247 452.94104664015674 0 0 11.0 1 781
420.68773980573394 711.3133749483472 0 0 12.0 1 782
653.3135372846771 131.68441747016539 0 0 10.0 1 783
538.6657743070335 140.75532206845435 0 0 11.0 1 784
399.0593514594299 186.00206734567942 0 0 13.0 1 785
417.1146666075501 245.94777448244244 0 0 13.0 1 786
424.20350030263825 78.91093046772801 0 0 13.0 1 787
312.4969038355736 255.41712355317054 0 0 11.0 1 788
531.3338966530994 255.85976415340156 0 0 10.0 1 789
185.137890539784 357.6293271435754 0 0 11.0 1 790
413.08567686431866 259.60852924410744 0 0 12.0 1 791
566.1094595905133 351.6611188115858 0 0 11.0 1 792
604.5990701494386 136.0014763412774 0 0 13.0 1 793
93.35617645258685 283.58021869019444 0 0 12.0 1 794
331.8360579180051 207.7249964248019 0 0 10.0 1 795
151.2378448680817 543.130675168265 0 0 12.0 1 796
511.4172064930206 723.342242983022 0 0 13.0 1 797
443.66952064533416 569.4637806925325 0 0 10.0 1 798
298.6852387661402 282.6956132272711 0 0 11.0 1 799
555.792812714388 629.0362405964165 0 0 11.0 1 800
185.33280465561015 692.7234108215015 0 0 11.0 1 801
399.38022689616645 259.0013621296299 0 0 12.0 1 802
98.80324612242498 529.8634492596416 0 0 13.0 1 803
480.00258855120467 216.69810195989064 0 0 13.0 1 804
632.6433455236872 186.14707440966282 0 0 11.0 1 805
640.5351093443236 508.80653092859046 0 0 10.0 1 806
573.7738519509202 149.34555982759912 0 0 13.0 1 807
758.9437478045211 406.3549911128435 0 0 12.0 1 808
535.4525326915737 420.53317772382445 0 0 12.0 1 809
289.0919602538193 48.061927720714436 0 0 13.0 1 810
450.6566158400794 109.38185316186701 0 0 13.0 1 811
314.03381044190735 635.8194526600003 0 0 12.0 1 812
534.7548519671283 365.90997401999607 0 0 10.0 1 813
457.0083613859924 524.5754660119082 0 0 12.0 1 814
331.1585493977027 588.8434660743428 0 0 10.0 1 815
153.18911763256992 306.29627357991257 0 0 11.0 1 816
356.20104678696123 119.39769833901568 0 0 10.0 1 817
396.3223410192125 676.975585249713 0 0 10.0 1 818
659.9909168410663 432.38399543202956 0 0 10.0 1 819
687.0 400.0 0 0 11.0 1 820
642.9300517819416 454.64421233052184 0 0 11.0 1 821
412.09015889082616 543.4915609295354 0 0 13.0 1 822
118.16484361973801 202.75663603529452 0 0 13.0 1 823
507.0709380416688 482.22417057579315 0 0 13.0 1 824
636.0 400.0 0 0 12.0 1 825
269.84102134134525 176.08117480985246 0 0 13.0 1 826
719.6737971214297 234.44437963642864 0 0 10.0 1 827
199.28871126185552 345.4199800927739 0 0 12.0 1 828
269.07311038673913 237.09159145029682 0 0 11.0 1 829
233.0065419920956 398.52183134850253 0 0 12.0 1 830
222.5977525353893 312.06569159591334 0 0 11.0 1 831
93.20494677651504 427.21755532003243 0 0 10.0 1 832
336.8615596223565 231.4368446347816 0 0 12.0 1 833
554.8277151957091 316.30783425387773 0 0 12.0 1 834
249.79687450042968 304.48549277643565 0 0 13.0 1 835
175.49455627053007 374.0518645017835 0 0 10.0 1 836
479.45391436067166 660.1366477310859 0 0 10.0 1 837
309.14731791917524 679.6100680567861 0 0 10.0 1 838
565.2873216147458 690.2345625755547 0 0 13.0 1 839
608.688973534091 362.6782593481032 0 0 10.0 1 840
487.5289735506386 536.3182995388793 0 0 10.0 1 841
447.75289015651845 524.1316296585986 0 0 12.0 1 842
469.0322384930698 41.587458298909496 0 0 11.0 1 843
611.4501578206771 262.91305402186987 0 0 10.0 1 844
114.96198095191437 252.3709794886412 0 0 11.0 1 845
745.7366591451207 507.28542549279746 0 0 10.0 1 846
216.39365619141853 597.9613864197889 0 0 12.0 1 847
316.25034255663957 279.19025338111254 0 0 13.0 1 848
598.0739333172681 621.3045795735516 0 0 12.0 1 849
165.05997185859331 247.67408895097645 0 0 10.0 1 850
575.7633421908523 292.5604935700961 0 0 13.0 1 851
424.148054889535 564.2341969415993 0 0 13.0 1 852
235.8742834756212 424.8746693517574 0 0 11.0 1 853
629.5840357068996 506.30226031714017 0 0 13.0 1 854
603.8082882681456 322.6295816658041 0 0 13.0 1 855
354.61867533085336 246.5707479935019 0 0 10.0 1 856
565.4341141706075 265.8338572195413 0 0 10.0 1 857
401.0975731010366 152.00242877542553 0 0 10.0 1 858
558.7768668222925 480.4605901177464 0 0 11.0 1 859
347.25619014486176 62.09159447867381 0 0 13.0 1 860
282.8793571873175 50.08035918636398 0 0 10.0 1 861
630.7467090213826 485.27576605226943 0 0 12.0 1 862
211.44334793164128 106.32094225026543 0 0 10.0 1 863
212.1451768693879 465.6625115767471 0 0 10.0 1 864
157.21521227048092 312.70998426433664 0 0 11.0 1 865
461.643962394193 569.1154100025876 0 0 10.0 1 866
157.36744793447815 151.9305648045858 0 0 10.0 1 867
395.24922685508295 185.05249442125287 0 0 12.0 1 868
574.8507216046428 471.7511334707383 0 0 12.0 1 869
370.1844603168147 168.91552714775403 0 0 11.0 1 870
631.6728968060779 412.3153922178855 0 0 12.0 1 871
495.8906081687446 663.0684155595808 0 0 13.0 1 872
539.2249459600421 499.2845125003057 0 0 10.0 1 873
210.44039581921166 545.5615212301069 0 0 13.0 1 874
579.1479945190836 382.5072569392224 0 0 13.0 1 875
464.9323028214585 524.031431703026 0 0 10.0 1 876
557.5399901033509 516.6068244925489 0 0 13.0 1 877
203.15126913452232 597.715900110868 0 0 12.0 1 878
483.9710433141251 514.5114137749479 0 0 13.0 1 879
523.8619669778972 363.95540073233855 0 0 11.0 1 880
538.0402829272485 548.8417961775697 0 0 12.0 1 881
461.32087892370197 205.43445883706775 0 0 11.0 1 882
305.61245037499793 559.1099948959454 0 0 10.0 1 883
671.662640817217 150.2793368897645 0 0 13.0 1 884
558.6156264808924 491.26928857000047 0 0 10.0 1 885
258.4966162100053 446.6668230757298 0 0 12.0 1 886
301.3313654658321 756.6013187849462 0 0 13.0 1 887
615.556776984793 171.67725497461228 0 0 12.0 1 888
598.098276493667 134.8244489960685 0 0 13.0 1 889
466.3109067121908 532.3135051724015 0 0 13.0 1 890
343.6693696088605 539.0210778254033 0 0 10.0 1 891
636.7466568266694 547.6212060694371 0 0 10.0 1 892
221.70212915749946 662.1046913983628 0 0 11.0 1 893
699.5629443010262 324.2171364904948 0 0 12.0 1 894
269.34393330066723 256.59500624225285 0 0 12.0 1 895
457.4331067594917 660.7497617409321 0 0 13.0 1 896
175.34386660696057 283.64441685553345 0 0 10.0 1 897
646.9353755029721 648.0381428837229 0 0 10.0 1 898
494.01260122105634 546.4159513565739 0 0 13.0 1 899
559.1183314531354 275.5598272438914 0 0 11.0 1 900
143.7610879711395 147.1331971921464 0 0 13.0 1 901
603.8983664699385 267.80901637823166 0 0 12.0 1 902
383.084081234416 654.4383062597221 0 0 12.0 1 903
685.8764440401841 425.37043048392155 0 0 11.0 1 904
271.7922361634276 442.2820209075404 0 0 10.0 1 905
309.1001966325134 307.0633239901906 0 0 10.0 1 906
417.8143775519418 163.6704674560607 0 0 12.0 1 907
520.295328021834 238.9719463692138 0 0 12.0 1 908
442.68414121159645 264.56712330815503 0 0 10.0 1 909
362.41542093918906 586.2455352936593 0 0 13.0 1 910
610.3148305568212 439.54329333598287 0 0 10.0 1 911
518.3053661113075 536.9848179517332 0 0 10.0 1 912
415.3168842792453 630.4916333752187 0 0 11.0 1 913
266.1977845824142 437.6559045747938 0 0 11.0 1 914
223.40100592311015 365.17478943307566 0 0 11.0 1 915
298.2018196769179 487.13857058105367 0 0 12.0 1 916
572.3209603947774 561.2497646777246 0 0 11.0 1 917
330.8984846978012 215.516991072511 0 0 10.0 1 918
656.9407950360052 569.8394178224407 0 0 12.0 1 919
340.1823834479761 762.0923262788581 0 0 12.0 1 920
647.3423568132896 206.56329581476186 0 0 10.0 1 921
138.23633850230198 550.611372476711 0 0 11.0 1 922
159.13868631348475 367.83126410307517 0 0 12.0 1 923
374.27929838489166 200.65245045793372 0 0 11.0 1 924
288.210547468921 171.92299918053632 0 0 10.0 1 925
470.4506454743753 616.8425847296695 0 0 10.0 1 926
667.8725166131516 219.51921198272422 0 0 10.0 1 927
573.002977559949 203.24134134582084 0 0 11.0 1 928
601.0962100645596 149.79745345486486 0 0 12.0 1 929
249.57109022374578 174.58451006302258 0 0 11.0 1 930
536.6854935871925 737.3619359720738 0 0 12.0 1 931
705.7257524175486 328.3915905167296 0 0 10.0 1 932
415.4168196708532 716.6248911112903 0 0 11.0 1 933
112.47012208069373 224.22864481460917 0 0 12.0 1 934
244.6666011795051 274.0177186630077 0 0 10.0 1 935
743.5493007707441 338.5599646815472 0 0 12.0 1 936
136.09464454198775 564.5447153833275 0 0 13.0 1 937
719.4805902256992 368.8046082082799 0 0 10.0 1 938
710.4176946862797 557.304973938066 0 0 11.0 1 939
349.4120793560996 210.640917078355 0 0 10.0 1 940
600.4540728648394 187.67438997639104 0 0 10.0 1 941
239.7373379463976 296.0919678201304 0 0 11.0 1 942
705.7727377623526 227.65142054163726 0 0 12.0 1 943
310.11180801006265 522.572888277874 0 0 12.0 1 944
581.1059588778992 214.84700472604635 0 0 11.0 1 945
512.9442275958119 582.9442577748355 0 0 10.0 1 946
220.57587428117043 274.42937003409736 0 0 10.0 1 947
425.0647052897669 174.3880310162222 0 0 10.0 1 948
561.7896149054046 546.1099603338557 0 0 13.0 1 949
524.3990015231354 316.1853925616366 0 0 10.0 1 950
476.9769935843894 64.72318532485895 0 0 13.0 1 951
318.2466482087774 140.57681392963235 0 0 13.0 1 952
291.67872750052766 254.9913729321767 0 0 10.0 1 953
743.8265118570262 506.6926883353787 0 0 12.0 1 954
239.70065239712096 635.6461736546795 0 0 12.0 1 955
197.21841146082738 363.7284222905911 0 0 10.0 1 956
672.9920263698526 617.4312616402749 0 0 12.0 1 957
261.6363525954097 603.3998551545654 0 0 13.0 1 958
536.6035707883976 223.73751264702054 0 0 12.0 1 959
274.7607483862318 475.0408545741801 0 0 13.0 1 960
241.41314241799952 321.392057638771 0 0 10.0 1 961
213.96808490289797 202.93877457677112 0 0 11.0 1 962
536.0092390573191 450.2641710470694 0 0 10.0 1 963
280.6180869642451 533.3752557258034 0 0 12.0 1 964
97.66941779958444 272.79850996801275 0 0 13.0 1 965
522.1380008156816 586.5778892493657 0 0 13.0 1 966
357.7853877739123 655.5365463384857 0 0 10.0 1 967
155.22986403330484 321.6636703767303 0 0 11.0 1 968
396.9330713914733 630.9796396847787 0 0 10.0 1 969
180.42928623057597 506.4175815116359 0 0 13.0 1 970
189.18591101583692 281.1664193681879 0 0 12.0 1 971
210.49625327704112 86.87968769503203 0 0 13.0 1 972
103.80775023601228 207.96054785605247 0 0 13.0 1 973
590.1567746012346 198.58152747760383 0 0 13.0 1 974
558.5783932595133 232.03008248132306 0 0 10.0 1 975
146.8055368777646 379.78703771727197 0 0 11.0 1 976
622.3636600725935 113.07944883797512 0 0 11.0 1 977
590.4025943060092 669.5307998755268 0 0 10.0 1 978
353.34770794318564 275.4505574245886 0 0 11.0 1 979
172.35184753259423 266.31260837993443 0 0 13.0 1 980
275.1492035263683 448.66496296001674 0 0 10.0 1 981
88.76356996886506 358.4321684294881 0 0 13.0 1 982
503.77097477649227 213.98767569341913 0 0 12.0 1 983
467.24656857606556 733.2835114654556 0 0 10.0 1 984
609.9797990375437 192.79603286579484 0 0 13.0 1 985
655.1138489020207 262.09813598650305 0 0 13.0 1 986
746.3237785401991 443.13745956403943 0 0 10.0 1 987
515.48722349319 658.3635059559186 0 0 10.0 1 988
644.1879573543771 302.3207213217823 0 0 13.0 1 989
488.89673518106997 489.29373143814024 0 0 11.0 1 990
603.6098387835668 539.8285863138506 0 0 13.0 1 991
441.0661819466626 648.6313912206655 0 0 12.0 1 992
164.9564071307745 301.10859768854647 0 0 12.0 1 993
109.30262313602174 513.3094659964568 0 0 12.0 1 994
183.19625491827637 467.2691319888922 0 0 11.0 1 995
324.59403129870987 299.0547678975374 0 0 11.0 1 996
626.8577353987932 408.035414720541 0 0 13.0 1 997
291.9529713837422 214.12143854871923 0 0 13.0 1 998
372.05568468328084 673.5765253845435 0 0 10.0 1 999
551.7142753708856 285.62002514125516 0 0 12.0 1 1000
392.50404232104563 641.883878376537 0 0 10.0 1 1001
388.6614209259532 534.5229966384245 0 0 11.0 1 1002
167.16816779352104 633.8575162601664 0 0 11.0 1 1003
677.7237659788016 316.51640993253903 0 0 12.0 1 1004
481.46057935452563 141.53303110218314 0 0 12.0 1 1005
250.2739212863153 162.21206642677706 0 0 11.0 1 1006
754.7775157117692 412.56639747044954 0 0 13.0 1 1007
84.78551488576011 433.59804122511673 0 0 12.0 1 1008
552.4479142057642 345.1945855383616 0 0 11.0 1 1009
542.5169881474296 543.15344246432 0 0 10.0 1 1010
162.11770555889788 188.96442482027632 0 0 10.0 1 1011
532.5758926018531 314.0486608549819 0 0 12.0 1 1012
325.4705628487928 46.77717656141715 0 0 11.0 1 1013
585.7106438067103 448.73968379972496 0 0 10.0 1 1014
315.2894506428093 645.8131868464403 0 0 13.0 1 1015
344.4204446807423 537.1674634543979 0 0 13.0 1 1016
167.953435392976 565.4671926820488 0 0 10.0 1 1017
558.2716155726511 508.69266628445064 0 0 10.0 1 1018
560.0117462385941 705.6488852681713 0 0 10.0 1 1019
462.4686563295305 181.7646523214376 0 0 11.0 1 1020
290.66674980162793 528.8690824094755 0 0 12.0 1 1021
713.0217506404292 216.18927227715756 0 0 10.0 1 1022
561.7448467777086 722.7376714002497 0 0 12.0 1 1023
126.16134407251917 301.54498225163553 0 0 12.0 1 1024
549.5766411787404 673.8080137864602 0 0 12.0 1 1025
571.542818874739 230.7248946462934 0 0 10.0 1 1026
631.2273956295435 564.8935763162972 0 0 10.0 1 1027
211.37968975653325 213.86193682199666 0 0 11.0 1 1028
706.7242839430573 513.3543719475289 0 0 10.0 1 1029
318.53108414701876 294.8723835058558 0 0 13.0 1 1030
333.66787956386526 151.707733107843 0 0 13.0 1 1031
153.51982969117876 569.2587535241072 0 0 11.0 1 1032
710.6911829030846 540.541769116096 0 0 10.0 1 1033
360.75411352290905 520.7839409633056 0 0 10.0 1 1034
454.3632664240763 262.34595805533024 0 0 12.0 1 1035
200.02043259152953 195.5393127784194 0 0 13.0 1 1036
575.8019145139663 545.1815651287177 0 0 10.0 1 1037
337.18196010682686 291.93106892367393 0 0 13.0 1 1038
236.77266522954554 81.37665310945277 0 0 13.0 1 1039
201.25148495434007 173.94684747355305 0 0 13.0 1 1040
493.6628903381425 149.96747616858903 0 0 13.0 1 1041
603.268079044844 494.11741624916755 0 0 13.0 1 1042
569.9501407371148 350.5434568187901 0 0 11.0 1 1043
399.28352470975267 237.00157466049416 0 0 11.0 1 1044
80.01253555371613 397.16758102707075 0 0 11.0 1 1045
590.1928280556774 640.9889793251623 0 0 13.0 1 1046
299.99252600786735 284.209218217887 0 0 12.0 1 1047
465.3409364146561 115.40456428738031 0 0 12.0 1 1048
482.15676862505256 276.8973380909674 0 0 10.0 1 1049
152.15756419920376 127.97403245953114 0 0 12.0 1 1050
294.1308883031527 268.27023423492903 0 0 11.0 1 1051
174.03529175172946 403.9938235156258 0 0 10.0 1 1052
442.36587699958926 71.72247645314542 0 0 10.0 1 1053
620.2640040406882 174.81392466681314 0 0 12.0 1 1054
546.5942082889062 313.917841011341 0 0 12.0 1 1055
208.68442308336932 362.27268855249866 0 0 13.0 1 1056
200.5024224858215 328.27332040325336 0 0 10.0 1 1057
103.23457755459651 603.789803574176 0 0 13.0 1 1058
40.35250720672673 384.07263588937445 0 0 11.0 1 1059
594.193611230342 489.91574588090117 0 0 10.0 1 1060
398.41760058595685 40.00347777777847 0 0 10.0 1 1061
491.8307634141884 756.3581216848681 0 0 11.0 1 1062
126.09659706522012 392.7249837974331 0 0 13.0 1 1063
546.9959513345957 259.99574902440577 0 0 11.0 1 1064
81.55377481363342 454.04629186682405 0 0 13.0 1 1065
103.80775023601228 207.96054785605247 0 0 10.0 1 1066
188.83276448476195 184.1009526541352 0 0 10.0 1 1067
216.6090840878096 346.626111619183 0 0 13.0 1 1068
135.43528750733333 528.2244629689383 0 0 12.0 1 1069
312.95195468223693 179.56488980573747 0 0 11.0 1 1070
392.13360353678854 44.08692099519078 0 0 12.0 1 1071
243.1620671425053 606.1137133161885 0 0 13.0 1 1072
609.0759911370342 186.25194754087977 0 0 11.0 1 1073
319.6540906768216 647.2742098461374 0 0 13.0 1 1074
548.8674292985233 267.9413444940123 0 0 13.0 1 1075
211.60990745642545 576.2758435844895 0 0 11.0 1 1076
245.47842410331472 154.59608278920052 0 0 11.0 1 1077
122.10527012517355 525.6961379987358 0 0 10.0 1 1078
400.61517202033906 261.00136128945223 0 0 12.0 1 1079
203.2263427479534 571.4675707288527 0 0 13.0 1 1080
720.758947039541 354.2867864388764 0 0 12.0 1 1081
592.8277443453039 282.12947352835795 0 0 10.0 1 1082
570.2779776548331 424.2777743168553 0 0 10.0 1 1083
323.29924477672637 524.2296025437555 0 0 10.0 1 1084
338.0556073748158 168.1317351979857 0 0 12.0 1 1085
302.60710049132183 287.2364281991187 0 0 12.0 1 1086
691.8169988389764 410.3363043982289 0 0 13.0 1 1087
523.9397508679017 511.92827236584355 0 0 13.0 1 1088
396.35405781901716 235.04028641631035 0 0 11.0 1 1089
480.0809647219973 120.23574372483853 0 0 13.0 1 1090
401.53571720185363 53.00339832690588 0 0 11.0 1 1091
432.35224074846565 108.79159950552025 0 0 12.0 1 1092
639.5456007506817 304.1777418289727 0 0 13.0 1 1093
258.2825020010014 156.19649149180847 0 0 13.0 1 1094
245.73189406073922 471.42374598068216 0 0 13.0 1 1095
337.3831027049973 519.599850222093 0 0 11.0 1 1096
549.1237085481532 279.0615050993049 0 0 12.0 1 1097
523.8148818791958 360.37835155826065 0 0 12.0 1 1098
647.0428286004322 548.033242337988 0 0 12.0 1 1099
422.8758661313404 744.2407511448071 0 0 13.0 1 1100
251.79784769154273 581.085952108773 0 0 10.0 1 1101
173.21323772207745 216.0658692479913 0 0 12.0 1 1102
639.1634321241175 163.99819336578665 0 0 11.0 1 1103
426.1846378320259 578.0852737920956 0 0 10.0 1 1104
295.5753618282587 88.01202756724598 0 0 13.0 1 1105
457.0439004337596 519.0377814952183 0 0 13.0 1 1106
111.13452780905635 425.62691897016043 0 0 11.0 1 1107
600.0316272101052 180.46333309518081 0 0 10.0 1 1108
643.7293363462227 445.82587265104553 0 0 12.0 1 1109
40.39393526518529 358.4370572993169 9 -16 12.0 1 1110
271.6055615118555 299.58153473930156 -2 -5 10.0 1 1111
468.08121689468976 684.9806097020255 9 5 10.0 1 1112
653.7820620151117 323.71327114525116 18 17 13.0 1 1113
179.73831952562153 333.78223716703496 18 -2 12.0 1 1114
469.78875617518565 37.659649622733184 20 7 11.0 1 1115
440.5901799083234 621.3084663880031 -17 -12 11.0 1 1116
522.6271727837873 189.05314295999764 1 -4 13.0 1 1117
553.2119600676095 194.90954363442157 -13 -15 11.0 1 1118
493.8033017376529 510.5709753195424 0 13 12.0 1 1119
326.38922740539294 79.34059477691125 -12 20 13.0 1 1120
161.79677291994687 147.6743718750538 14 9 12.0 1 1121
414.34688265899587 694.6509239048285 16 -6 11.0 1 1122
455.3828219409752 560.7256763365899 18 -3 10.0 1 1123
345.59795340363496 227.36912985758622 1 9 12.0 1 1124
685.0237484284644 245.9303312400931 -2 17 12.0 1 1125
440.8953970974045 533.8938628027647 6 -6 11.0 1 1126
85.64355881098822 482.4925928976618 2 8 12.0 1 1127
578.1635747364946 236.2265569846152 -1 4 13.0 1 1128
451.7023773123207 534.3981554198361 -7 21 12.0 1 1129
424.8519932755871 694.9548752440451 -4 -11 10.0 1 1130
578.4472812664415 430.29138175480807 -14 17 10.0 1 1131
549.7287189392823 469.32756107639574 -8 4 11.0 1 1132
282.2242458884978 706.125581654763 9 18 13.0 1 1133
452.0549015773185 542.8085684466296 -15 15 12.0 1 1134
134.3587157696046 364.5217233729389 -15 -4 11.0 1 1135
529.2327284358068 158.39101444474997 13 -5 13.0 1 1136
618.1663259575901 282.0701300850095 -9 -4 13.0 1 1137
526.0841861310633 675.5209211796218 4 -16 12.0 1 1138
219.36686199662066 248.1195553896022 12 -2 11.0 1 1139
236.22895119294375 650.1600359222807 -1 16 13.0 1 1140
563.0900930781588 473.7741251371882 1 12 13.0 1 1141
353.35400103225356 281.87654432628125 20 18 11.0 1 1142
425.9107306124673 265.4725528409606 1 21 13.0 1 1143
506.1538146330755 328.47820165259657 2 10 12.0 1 1144
570.6707828834346 712.4219644486532 -1 4 13.0 1 1145
94.9041990599465 271.63508170552507 19 3 10.0 1 1146
250.4664310698667 712.018768286488 -13 1 10.0 1 1147
403.5898300960793 670.9762224252919 0 1 10.0 1 1148
97.04731593262841 405.3545509966134 15 6 12.0 1 1149
722.9040523049996 257.374711200958 -17 13 12.0 1 1150
524.5106463589652 411.04983906094145 -17 8 12.0 1 1151
161.01984316725265 615.806590817323 16 18 10.0 1 1152
290.43174209673884 533.8797851060586 -1 -10 11.0 1 1153
272.5292905195632 731.3249435592709 -4 12 11.0 1 1154
258.2352523374842 309.85147632832127 21 -8 12.0 1 1155
443.4877321081991 270.08534664601723 -17 5 10.0 1 1156
408.447958199124 672.8692580747525 -14 10 10.0 1 1157
499.6890794937553 689.3062174058617 9 -1 11.0 1 1158
482.2620337843356 121.91196034768984 -4 -2 12.0 1 1159
149.5153861508139 319.834806650117 11 9 11.0 1 1160
263.61541420415716 608.327253995478 19 -9 10.0 1 1161
610.963489683123 265.85677049989124 -7 -9 10.0 1 1162
596.3465751192001 272.70497873459345 9 19 10.0 1 1163
185.07579696723477 394.29150188484715 7 14 10.0 1 1164
331.6778041588143 685.9511803707735 17 -11 12.0 1 1165
480.3325913387065 185.55262937305952 -15 -13 11.0 1 1166
454.0910142712821 119.16167965339213 -9 0 13.0 1 1167
607.8371346606414 505.3220084125557 1 -13 11.0 1 1168
233.2192342833714 692.8364324789097 8 7 11.0 1 1169
110.78397709610687 236.97211252164627 -1 -9 12.0 1 1170
642.7572785437226 671.2285082988982 17 -8 12.0 1 1171
613.6613708443583 448.06057229069995 20 11 11.0 1 1172
466.38464675713516 240.2436897179633 -8 22 12.0 1 1173
256.36056841777287 410.18399208241476 21 -17 11.0 1 1174
