400 400 7.071067811865475 -7.0710678118654755 5 2 -1 10 187
742.842712474619 57.15728752538092
800.0 400.0 0 0 24.0 1 0
799.4518139018296 420.9343824971775 0 0 24.0 1 1
797.8087581473094 441.8113853070614 0 0 24.0 1 2
795.0753362380551 462.57378601609236 0 0 24.0 1 3
791.2590402935223 483.16467632710373 0 0 24.0 1 4
786.3703305156273 503.5276180410083 0 0 24.0 1 5
780.4226065180615 523.6067977499789 0 0 24.0 1 6
773.4321705988807 543.3471798181201 0 0 24.0 1 7
765.4181830570403 562.6946572303201 0 0 24.0 1 8
756.4026096753471 581.5961998958187 0 0 24.0 1 9
746.4101615137755 600.0 0 0 24.0 1 10
735.4682271781696 617.8556140060108 0 0 24.0 1 11
723.606797749979 635.1141009169893 0 0 24.0 1 12
710.8583845827884 651.728156419935 0 0 24.0 1 13
697.2579301909577 667.6522425435433 0 0 24.0 1 14
682.842712474619 682.842712474619 0 0 24.0 1 15
667.6522425435433 697.2579301909577 0 0 24.0 1 16
651.728156419935 710.8583845827884 0 0 24.0 1 17
635.1141009169893 723.606797749979 0 0 24.0 1 18
617.8556140060108 735.4682271781696 0 0 24.0 1 19
600.0 746.4101615137754 0 0 24.0 1 20
581.5961998958187 756.4026096753471 0 0 24.0 1 21
562.6946572303201 765.4181830570403 0 0 24.0 1 22
543.3471798181201 773.4321705988807 0 0 24.0 1 23
523.606797749979 780.4226065180615 0 0 24.0 1 24
503.5276180410083 786.3703305156273 0 0 24.0 1 25
483.1646763271038 791.2590402935223 0 0 24.0 1 26
462.57378601609236 795.0753362380551 0 0 24.0 1 27
441.8113853070614 797.8087581473094 0 0 24.0 1 28
420.9343824971776 799.4518139018296 0 0 24.0 1 29
400.0 800.0 0 0 24.0 1 30
379.0656175028225 799.4518139018296 0 0 24.0 1 31
358.1886146929386 797.8087581473094 0 0 24.0 1 32
337.4262139839077 795.0753362380551 0 0 24.0 1 33
316.83532367289627 791.2590402935223 0 0 24.0 1 34
296.47238195899166 786.3703305156273 0 0 24.0 1 35
276.3932022500211 780.4226065180615 0 0 24.0 1 36
256.65282018187986 773.4321705988807 0 0 24.0 1 37
237.3053427696799 765.4181830570403 0 0 24.0 1 38
218.4038001041813 756.4026096753471 0 0 24.0 1 39
200.00000000000009 746.4101615137755 0 0 24.0 1 40
182.14438599398918 735.4682271781696 0 0 24.0 1 41
164.8858990830108 723.606797749979 0 0 24.0 1 42
148.27184358006508 710.8583845827884 0 0 24.0 1 43
132.3477574564567 697.2579301909577 0 0 24.0 1 44
117.15728752538104 682.842712474619 0 0 24.0 1 45
102.74206980904233 667.6522425435434 0 0 24.0 1 46
89.14161541721165 651.728156419935 0 0 24.0 1 47
76.39320225002109 635.1141009169893 0 0 24.0 1 48
64.53177282183043 617.8556140060109 0 0 24.0 1 49
53.589838486224494 600.0 0 0 24.0 1 50
43.597390324652906 581.5961998958187 0 0 24.0 1 51
34.58181694295968 562.6946572303202 0 0 24.0 1 52
26.567829401119297 543.3471798181201 0 0 24.0 1 53
19.5773934819386 523.606797749979 0 0 24.0 1 54
13.629669484372698 503.5276180410084 0 0 24.0 1 55
8.740959706477724 483.16467632710373 0 0 24.0 1 56
4.924663761944942 462.5737860160924 0 0 24.0 1 57
2.1912418526906663 441.81138530706147 0 0 24.0 1 58
0.5481860981704472 420.9343824971775 0 0 24.0 1 59
0.0 400.00000000000006 0 0 24.0 1 60
0.5481860981704472 379.0656175028226 0 0 24.0 1 61
2.1912418526906663 358.1886146929386 0 0 24.0 1 62
4.924663761944885 337.4262139839077 0 0 24.0 1 63
8.740959706477781 316.8353236728962 0 0 24.0 1 64
13.629669484372698 296.47238195899166 0 0 24.0 1 65
19.577393481938543 276.3932022500211 0 0 24.0 1 66
26.567829401119297 256.65282018187986 0 0 24.0 1 67
34.58181694295968 237.30534276967992 0 0 24.0 1 68
43.59739032465285 218.40380010418136 0 0 24.0 1 69
53.58983848622455 199.99999999999994 0 0 24.0 1 70
64.53177282183037 182.14438599398918 0 0 24.0 1 71
76.39320225002103 164.8858990830108 0 0 24.0 1 72
89.14161541721171 148.27184358006497 0 0 24.0 1 73
102.74206980904228 132.3477574564567 0 0 24.0 1 74
117.15728752538092 117.15728752538104 0 0 24.0 1 75
132.34775745645675 102.74206980904228 0 0 24.0 1 76
148.27184358006485 89.14161541721177 0 0 24.0 1 77
164.8858990830107 76.39320225002109 0 0 24.0 1 78
182.1443859939892 64.53177282183032 0 0 24.0 1 79
199.99999999999983 53.58983848622461 0 0 24.0 1 80
218.40380010418124 43.597390324652906 0 0 24.0 1 81
237.30534276967995 34.58181694295962 0 0 24.0 1 82
256.65282018187975 26.567829401119354 0 0 24.0 1 83
276.393202250021 19.5773934819386 0 0 24.0 1 84
296.4723819589917 13.629669484372698 0 0 24.0 1 85
316.8353236728961 8.740959706477781 0 0 24.0 1 86
337.4262139839076 4.924663761944942 0 0 24.0 1 87
358.18861469293864 2.1912418526906663 0 0 24.0 1 88
379.0656175028223 0.5481860981704472 0 0 24.0 1 89
399.99999999999994 0.0 0 0 24.0 1 90
420.9343824971776 0.5481860981704472 0 0 24.0 1 91
441.8113853070612 2.1912418526906663 0 0 24.0 1 92
462.5737860160923 4.924663761944885 0 0 24.0 1 93
483.1646763271038 8.740959706477781 0 0 24.0 1 94
503.5276180410081 13.629669484372641 0 0 24.0 1 95
523.6067977499789 19.577393481938543 0 0 24.0 1 96
543.3471798181201 26.567829401119297 0 0 24.0 1 97
562.6946572303199 34.58181694295956 0 0 24.0 1 98
581.5961998958187 43.59739032465279 0 0 24.0 1 99
756.4026096753471 218.40380010418122 0 0 24.0 1 100
765.4181830570403 237.30534276967995 0 0 24.0 1 101
773.4321705988806 256.6528201818797 0 0 24.0 1 102
780.4226065180615 276.3932022500209 0 0 24.0 1 103
786.3703305156273 296.4723819589917 0 0 24.0 1 104
791.2590402935223 316.83532367289604 0 0 24.0 1 105
795.0753362380551 337.4262139839076 0 0 24.0 1 106
797.8087581473094 358.18861469293864 0 0 24.0 1 107
799.4518139018296 379.06561750282225 0 0 24.0 1 108
800.0 399.9999999999999 0 0 24.0 1 109
77.72449200252669 324.5049872841223 0 0 11.0 1 110
717.1923510927694 504.61841333265045 0 0 12.0 1 111
56.38615266561402 520.1063025825927 0 0 12.0 1 112
117.62096662818561 354.6339167218532 0 0 11.0 1 113
667.399740372854 293.03561878583 0 0 13.0 1 114
335.3366155578747 174.07158940830416 0 0 11.0 1 115
241.9893602428026 525.8437035513545 0 0 11.0 1 116
564.662992802438 601.2115772050512 0 0 13.0 1 117
455.49504188642027 158.28880802489832 0 0 11.0 1 118
178.23866543973998 124.06901135600515 0 0 10.0 1 119
548.5185632311898 303.71274032488475 0 0 12.0 1 120
555.0074127246518 192.50613984888744 0 0 12.0 1 121
117.295557074052 487.7165773952074 0 0 13.0 1 122
281.36490026313305 99.57577808967596 0 0 12.0 1 123
727.8846279284885 391.30110534627204 0 0 10.0 1 124
575.6442443929253 200.23739235873413 0 0 13.0 1 125
524.5212656605531 84.69783635646587 0 0 11.0 1 126
307.4437179932898 219.32810218217574 0 0 12.0 1 127
274.1599318529457 154.3574197156675 0 0 11.0 1 128
447.32315912767103 614.8499909475845 0 0 13.0 1 129
463.37970551775436 276.29061099301015 0 0 13.0 1 130
250.49442886300108 510.65299001382544 0 0 11.0 1 131
307.81921511643526 289.371328769392 0 0 13.0 1 132
633.1212757208119 273.98622771180453 0 0 10.0 1 133
752.4221746534517 509.3600055437632 0 0 10.0 1 134
397.57035525818014 582.98387039963 0 0 11.0 1 135
602.834723765516 229.46239466039512 0 0 10.0 1 136
756.0724645135898 303.1836789832503 0 0 12.0 1 137
547.5821804010324 553.5854811760446 0 0 10.0 1 138
665.9521173803722 611.8241517412421 0 0 11.0 1 139
554.5242764297082 287.73581161441047 0 0 12.0 1 140
436.340311802007 620.019048580192 0 0 11.0 1 141
240.81667306486142 668.3368562569458 0 0 13.0 1 142
91.52676185935223 563.2337629016229 0 0 10.0 1 143
262.43765389421856 389.01815435032887 0 0 12.0 1 144
392.7010012823465 273.20991908780996 0 0 12.0 1 145
496.35525227001074 536.398919937009 0 0 11.0 1 146
460.8431458694127 286.2497841728932 0 0 10.0 1 147
576.904773852021 95.68322263081632 0 0 10.0 1 148
153.93567967198635 333.0869948252757 0 0 12.0 1 149
527.636174157496 484.36828222997866 0 0 10.0 1 150
257.02574974059036 568.5211077662372 0 0 12.0 1 151
236.24707066005428 213.75022648983773 0 0 10.0 1 152
449.9245446415278 231.22932765928763 0 0 11.0 1 153
502.55506016775615 252.07278940645193 0 0 11.0 1 154
564.6468587951128 307.19691875318927 0 0 11.0 1 155
237.02461811992544 304.29198099927123 0 0 11.0 1 156
419.3270315013232 250.24197566291528 0 0 10.0 1 157
393.67373080398 529.8459792140653 0 0 10.0 1 158
81.74924741083362 530.5850622254675 0 0 13.0 1 159
607.6120994863285 209.15656640355985 0 0 12.0 1 160
284.6084887157642 640.777488822232 0 0 13.0 1 161
576.2209218845724 640.3126852460175 0 0 11.0 1 162
317.3519647635698 545.1147899821303 0 0 12.0 1 163
553.7497976174121 609.6687857851159 0 0 13.0 1 164
702.0399181337948 215.3709452612332 0 0 12.0 1 165
495.291348594104 608.2319833337735 0 0 11.0 1 166
85.01233968568931 397.21183757352276 0 0 12.0 1 167
545.7383937242546 503.92940197400424 0 0 10.0 1 168
500.2348710602166 275.2884503201818 0 0 10.0 1 169
98.81885191241804 215.88341726871525 0 0 12.0 1 170
400.69483458412395 243.00153757153956 0 0 10.0 1 171
537.3206589237278 594.3888799102284 0 0 10.0 1 172
460.0815356427219 548.2909608668456 0 0 12.0 1 173
558.9424607555634 381.63442979469005 0 0 10.0 1 174
474.6031547768285 147.8029157635946 0 0 12.0 1 175
562.7629420382307 211.56108496634897 0 0 13.0 1 176
97.1955080845193 581.4343949636 0 0 11.0 1 177
555.3333040549946 287.1480409945906 0 0 10.0 1 178
406.0627312157759 126.06708249973815 0 0 12.0 1 179
604.92539028419 204.8216599699844 0 0 13.0 1 180
458.4409909434481 96.5767797653782 0 0 12.0 1 181
271.51940332803156 645.4011741594056 0 0 10.0 1 182
153.32908739642124 656.6894249386164 0 0 11.0 1 183
691.0936635641368 203.87381859422973 0 0 11.0 1 184
171.3199606158227 254.58184574389924 0 0 13.0 1 185
271.367424794378 306.5405938603824 0 0 11.0 1 186
149.9132278990032 197.16852704744244 0 0 10.0 1 187
423.34001413980235 751.2253460955712 0 0 11.0 1 188
475.93215987303586 744.7365763840787 0 0 12.0 1 189
255.08492281399205 570.8087246137426 0 0 13.0 1 190
180.05643840943046 352.5676300944667 0 0 13.0 1 191
532.5503669029843 300.06802196551763 0 0 10.0 1 192
115.7273582919808 528.580967395428 0 0 11.0 1 193
643.8535275123191 608.7497475921793 0 0 12.0 1 194
618.623423515283 303.43500276778747 0 0 13.0 1 195
315.5789974589359 242.15800834390853 0 0 10.0 1 196
114.35931629786114 372.10018254226964 0 0 12.0 1 197
114.20738488453253 435.5890593506245 0 0 13.0 1 198
256.16837031124817 663.2726007412807 0 0 12.0 1 199
260.0054843047508 398.7608166993435 0 0 11.0 1 200
263.3884832395051 241.828278480643 0 0 13.0 1 201
331.95079203742864 218.32637699526464 0 0 13.0 1 202
301.03125062138577 606.5095316115774 0 0 10.0 1 203
207.12075039209725 406.826058210442 0 0 10.0 1 204
689.3873141463304 489.79967934894376 0 0 11.0 1 205
505.06890020302126 86.11861123964746 0 0 13.0 1 206
657.061885338825 155.16497982100518 0 0 11.0 1 207
176.82060436733204 146.15958287727884 0 0 10.0 1 208
685.3851112471823 314.2134143444712 0 0 12.0 1 209
269.3336789882827 511.8495085070241 0 0 12.0 1 210
45.76104119660749 499.6933300972958 0 0 10.0 1 211
371.0677275201309 249.7604459233501 0 0 10.0 1 212
461.8441881796715 513.2090826232479 0 0 10.0 1 213
444.90205978757393 280.1342207849416 0 0 12.0 1 214
654.2595921013301 244.57780137810028 0 0 12.0 1 215
599.1337862436468 324.4041325450288 0 0 12.0 1 216
280.1241975965995 337.9130287569052 0 0 11.0 1 217
295.65867956874655 177.22457754352143 0 0 10.0 1 218
264.08508835919804 404.8100721068399 0 0 11.0 1 219
118.68976234712358 498.3287861802544 0 0 12.0 1 220
511.1155372316148 528.6597737668212 0 0 12.0 1 221
289.1366684927736 515.366033680277 0 0 10.0 1 222
673.3369357140493 186.2339606615362 0 0 13.0 1 223
400.7479429599806 231.00165509293112 0 0 13.0 1 224
489.5718718930209 557.2828018747766 0 0 13.0 1 225
730.2273424743476 450.0589880274261 0 0 12.0 1 226
214.3627483143808 532.3737541456389 0 0 10.0 1 227
347.71188631574427 189.3938434723658 0 0 12.0 1 228
525.8651451661075 271.32224266675036 0 0 10.0 1 229
727.957396816005 373.82852939421645 0 0 12.0 1 230
279.41608342170974 458.4424423055705 0 0 11.0 1 231
266.20474972658263 127.02595177513007 0 0 13.0 1 232
209.073661958951 261.28037830849206 0 0 12.0 1 233
247.0769231643149 157.13474400172603 0 0 11.0 1 234
525.6903861758233 640.0894142251433 0 0 13.0 1 235
679.8034069468274 442.4152503346155 0 0 10.0 1 236
347.76548786270774 755.1796105377941 0 0 10.0 1 237
611.0 400.0 0 0 12.0 1 238
113.16498203820021 464.5110259634274 0 0 11.0 1 239
225.36109407455658 461.0430384004935 0 0 13.0 1 240
378.3307155473773 657.0883935756558 0 0 13.0 1 241
191.89207504187635 705.9266114113383 0 0 11.0 1 242
600.7166045604382 410.6698010163577 0 0 10.0 1 243
192.39349217114406 287.7701558982319 0 0 12.0 1 244
533.3369304860789 62.37555928435728 0 0 11.0 1 245
572.4751762111121 269.96802858163744 0 0 10.0 1 246
378.1845581235533 581.6950370696331 0 0 10.0 1 247
191.60955147830495 425.950355776497 0 0 11.0 1 248
240.14781208762304 680.6711207438808 0 0 12.0 1 249
276.3593847391576 739.1666231484465 0 0 10.0 1 250
729.4541388978398 441.0362079520375 0 0 13.0 1 251
148.83698620175664 350.4708116381521 0 0 12.0 1 252
422.61063869793355 740.2495540300847 0 0 13.0 1 253
334.25648509412895 259.63337202945456 0 0 13.0 1 254
558.3306169409911 276.17586770308003 0 0 11.0 1 255
262.28529194418593 142.51473986827534 0 0 10.0 1 256
558.0035183430484 104.60215269704833 0 0 12.0 1 257
284.19732671296686 536.4944719011604 0 0 12.0 1 258
586.6074409921243 317.5763203540947 0 0 10.0 1 259
130.33361748339735 607.0749674403194 0 0 11.0 1 260
679.8245194346349 409.911524765425 0 0 10.0 1 261
545.9513439935023 491.0066216628788 0 0 13.0 1 262
186.04044497702534 607.4254295267835 0 0 13.0 1 263
538.5860240981573 97.20813431555831 0 0 10.0 1 264
335.04503825520976 754.0915883563641 0 0 13.0 1 265
489.9172711975579 676.7596147207623 0 0 11.0 1 266
612.987060150466 379.20307213885326 0 0 11.0 1 267
448.88861668958066 666.5537528495505 0 0 13.0 1 268
326.7207232742451 503.72631104281226 0 0 12.0 1 269
328.9849269324677 751.9060377390718 0 0 13.0 1 270
344.6915557476116 631.4842888715787 0 0 11.0 1 271
300.1157082872703 51.012710447720906 0 0 11.0 1 272
481.77110768932215 637.3067338852003 0 0 10.0 1 273
502.8201999963718 207.77095309837773 0 0 11.0 1 274
215.36755510304445 370.3375609335194 0 0 12.0 1 275
401.1728099668335 135.0025952640636 0 0 12.0 1 276
241.65605335087258 314.4009663630582 0 0 11.0 1 277
300.4869746582988 213.94044558974693 0 0 10.0 1 278
743.7534633281264 470.95460837689444 0 0 12.0 1 279
273.0595206325506 579.6833734599898 0 0 12.0 1 280
489.5523014427213 296.32075759192696 0 0 11.0 1 281
480.85951275367034 295.6652541229 0 0 13.0 1 282
153.06605003767987 553.963061660927 0 0 10.0 1 283
139.2278596535237 556.2494506202107 0 0 13.0 1 284
294.10973342009487 277.39799576011563 0 0 11.0 1 285
249.29406035429665 315.0487212838699 0 0 11.0 1 286
179.37975349496747 325.0619800631303 0 0 13.0 1 287
61.11205452802233 264.4272873555233 0 0 12.0 1 288
176.95229344735287 640.4864249840398 0 0 11.0 1 289
270.55245724394945 309.4056642255132 0 0 11.0 1 290
571.3764996691452 105.19312192360326 0 0 10.0 1 291
577.6584453432133 536.4312163627975 0 0 13.0 1 292
272.22841783173595 92.48833714764811 0 0 13.0 1 293
639.1886617904576 488.39561115174274 0 0 10.0 1 294
76.42545202927664 305.82722311866326 0 0 10.0 1 295
494.55218208402994 691.0255742424511 0 0 12.0 1 296
160.1127911430544 122.25348422199033 0 0 10.0 1 297
469.886608532725 118.54687433287643 0 0 11.0 1 298
243.0103930648298 304.02988322221984 0 0 13.0 1 299
444.11591466784904 117.42295550944152 0 0 10.0 1 300
764.7712485487205 412.92038049778614 0 0 10.0 1 301
636.3746775340992 487.35566278525164 0 0 10.0 1 302
337.3581035463051 643.0575915471157 0 0 12.0 1 303
196.09223615260134 597.6806106899548 0 0 12.0 1 304
612.6199324492485 314.94846077067734 0 0 11.0 1 305
353.8764892826695 713.626564179612 0 0 13.0 1 306
429.5041896025175 246.81546162912298 0 0 10.0 1 307
114.14417100142015 494.2732466160716 0 0 12.0 1 308
562.8328032047011 119.89023901245588 0 0 12.0 1 309
119.96134142041251 623.0299300563609 0 0 13.0 1 310
271.4454817417509 687.573878917035 0 0 13.0 1 311
503.55553603666306 324.7653606630604 0 0 10.0 1 312
195.28870720787666 410.87596448033673 0 0 11.0 1 313
590.914488721036 501.0329550017488 0 0 12.0 1 314
209.26971152186624 377.95556630240014 0 0 10.0 1 315
524.7638830080011 552.4564642669042 0 0 10.0 1 316
583.9573891270115 419.61323495941605 0 0 13.0 1 317
499.81202327031946 324.75001654029944 0 0 10.0 1 318
521.5161667087295 632.1159650442344 0 0 13.0 1 319
325.7153644098482 615.5592561576476 0 0 13.0 1 320
177.66979909535058 195.6148690200331 0 0 10.0 1 321
593.2965555868692 187.85514006167304 0 0 10.0 1 322
473.2604448067186 104.95948205929119 0 0 11.0 1 323
595.1628375880601 686.9154349709622 0 0 10.0 1 324
289.72108831500725 640.9638181088056 0 0 10.0 1 325
178.95838870381237 165.85345171114503 0 0 10.0 1 326
65.31194124602575 340.1342892174804 0 0 11.0 1 327
624.0183419435152 539.6845820872093 0 0 11.0 1 328
564.9178351457907 701.8908869953278 0 0 12.0 1 329
369.4136766897001 699.4419423299912 0 0 12.0 1 330
417.9125755852262 529.769563596028 0 0 11.0 1 331
167.91493367903593 472.01056860484937 0 0 13.0 1 332
116.57752822194186 576.713617164088 0 0 10.0 1 333
562.2224947707065 286.4752793865226 0 0 11.0 1 334
664.3126972758463 228.64131752733732 0 0 12.0 1 335
465.334149433985 287.61028108524465 0 0 13.0 1 336
384.3789814467506 720.619687136269 0 0 10.0 1 337
418.40080811171975 80.52948452034627 0 0 13.0 1 338
184.50497523232607 322.5216526997407 0 0 13.0 1 339
328.42599186021016 634.3121024591032 0 0 12.0 1 340
630.450531177184 137.905450876685 0 0 10.0 1 341
431.08522533116616 704.4169981556723 0 0 13.0 1 342
108.73115262492831 420.65087283378546 0 0 11.0 1 343
690.9544028164781 405.1512602056753 0 0 10.0 1 344
254.65131156801087 456.6547329982284 0 0 12.0 1 345
519.9000049355488 516.2453819145319 0 0 12.0 1 346
445.67023088141644 730.8628568020868 0 0 10.0 1 347
212.40428081214338 182.7976838466246 0 0 12.0 1 348
702.0577880640294 334.8686506368408 0 0 13.0 1 349
481.14073524825665 506.640428934679 0 0 12.0 1 350
312.24544378098904 71.51995819714642 0 0 12.0 1 351
195.06087121079568 338.388690233676 0 0 13.0 1 352
596.2601813489053 447.81151761756547 0 0 10.0 1 353
269.1844909474724 406.9500065703615 0 0 10.0 1 354
544.4635469248757 633.9984692468826 0 0 11.0 1 355
571.2686443546239 338.42848498754205 0 0 11.0 1 356
423.9348006009764 214.5380758209613 0 0 11.0 1 357
600.7129339263596 345.4260304295828 0 0 11.0 1 358
503.37455459848945 235.8363576745328 0 0 11.0 1 359
244.91906125459093 295.50644786474777 0 0 11.0 1 360
177.1395198830968 407.8871035281273 0 0 12.0 1 361
492.37175214223316 124.04989689044532 0 0 10.0 1 362
270.2211529964343 690.3126777638638 0 0 12.0 1 363
379.3978459699878 240.32360459565837 0 0 11.0 1 364
600.476879840749 510.67981138996345 0 0 12.0 1 365
108.47200013844622 560.9360907215095 0 0 11.0 1 366
214.57105621926564 363.4335289047294 0 0 10.0 1 367
186.89912699224817 354.0433038248611 0 0 12.0 1 368
648.8728428256823 295.29895843945377 0 0 13.0 1 369
472.59096357604386 269.8787027151148 0 0 11.0 1 370
664.3164117591352 320.54665221165783 0 0 12.0 1 371
654.3848922977334 466.7632127048315 0 0 11.0 1 372
177.58545944110313 164.39912532425774 0 0 12.0 1 373
322.9593513871605 529.86815799615 0 0 10.0 1 374
681.9549596987194 463.4223990502844 0 0 13.0 1 375
119.73420834503565 188.68959791809556 0 0 12.0 1 376
542.6113190257912 309.3191768579265 0 0 11.0 1 377
111.09439802517932 506.759323469037 0 0 12.0 1 378
410.14494932781184 552.6632896381318 0 0 11.0 1 379
365.09641177884896 247.95481089725882 0 0 11.0 1 380
491.5439521737222 290.14234291404506 0 0 13.0 1 381
193.70216327025418 464.0093943154217 0 0 12.0 1 382
315.16855561824553 532.1083874858266 0 0 10.0 1 383
650.0173778888021 422.1880768343704 0 0 12.0 1 384
169.92593596847303 607.7641091719569 0 0 12.0 1 385
327.38988052936537 154.51319678960303 0 0 12.0 1 386
404.8085178039734 762.9681503335091 0 0 12.0 1 387
155.50553170437922 485.46025376069093 0 0 12.0 1 388
721.9495453845566 405.7000198839432 0 0 12.0 1 389
418.3433055863706 81.52782988122021 0 0 11.0 1 390
303.5602976548906 679.848858871332 0 0 13.0 1 391
151.13531265556466 502.11448179840335 0 0 10.0 1 392
542.3020031670685 475.3069710892665 0 0 12.0 1 393
470.2192420844185 262.94067692750764 0 0 12.0 1 394
434.8918364386182 85.93223700936653 0 0 12.0 1 395
372.2094935425548 588.9674251050659 0 0 13.0 1 396
672.8383758385257 285.2166359188086 0 0 10.0 1 397
512.6227644586442 486.48764608713054 0 0 11.0 1 398
403.6030767015999 671.9761346851639 0 0 13.0 1 399
651.7302903322151 142.6444853335007 0 0 12.0 1 400
321.50822704581805 641.5678819266111 0 0 13.0 1 401
224.10838283670802 493.075985150209 0 0 12.0 1 402
611.3275602397728 342.5399070388396 0 0 11.0 1 403
349.5103480253265 137.8172487681992 0 0 12.0 1 404
593.5243838142483 326.53359360009836 0 0 13.0 1 405
410.7417110529772 561.6434831462573 0 0 13.0 1 406
633.7069853262844 143.50429826271966 0 0 11.0 1 407
386.09982318380463 215.52294157679523 0 0 11.0 1 408
116.87265262912138 531.0835808586637 0 0 12.0 1 409
292.26546589618545 169.9798483579449 0 0 11.0 1 410
721.9473604148978 532.1131981365975 0 0 13.0 1 411
595.3174367097666 544.5686650596397 0 0 12.0 1 412
461.1695556477436 533.6685657208066 0 0 11.0 1 413
373.0824937454065 583.0312756253256 0 0 11.0 1 414
514.9059369167057 683.6064626578423 0 0 13.0 1 415
470.6318841803433 161.2278556088785 0 0 13.0 1 416
47.79781808091934 479.2125182748207 0 0 13.0 1 417
285.057544771017 485.07192242998406 0 0 11.0 1 418
215.86139563231714 426.2483214991353 0 0 12.0 1 419
505.23294996641164 521.848373979166 0 0 12.0 1 420
95.1035903121608 228.13325115233795 0 0 13.0 1 421
307.1826058373671 292.5340456662742 0 0 11.0 1 422
291.3830048275705 467.72258382336304 0 0 12.0 1 423
520.5451161676781 312.42217764684375 0 0 10.0 1 424
502.5141201903943 653.0214519790553 0 0 10.0 1 425
526.8816125263311 356.90642272080447 0 0 11.0 1 426
148.63373326367508 516.378691980288 0 0 11.0 1 427
605.7881906571516 680.633605589309 0 0 13.0 1 428
537.3631770195334 334.92037493116334 0 0 10.0 1 429
541.3278623428326 386.2001693631643 0 0 13.0 1 430
721.304134706341 324.7427543647158 0 0 11.0 1 431
408.2676950916248 569.7988375044774 0 0 13.0 1 432
262.7861853644732 519.5674247994298 0 0 13.0 1 433
315.2227389959488 511.4128180087506 0 0 10.0 1 434
280.29826159701526 546.2617305493936 0 0 11.0 1 435
740.633008057716 307.3816766425131 0 0 13.0 1 436
515.2802662918606 148.12808770393292 0 0 13.0 1 437
669.6370261613567 548.8619297297325 0 0 12.0 1 438
228.28228472137735 265.69800351636655 0 0 11.0 1 439
518.3610744264672 599.5361021484891 0 0 13.0 1 440
603.5736356770763 199.11750982921126 0 0 11.0 1 441
550.9372490281856 458.8383111229704 0 0 13.0 1 442
203.3295381047035 631.8118405472221 0 0 13.0 1 443
240.4768429650278 169.88619691640488 0 0 12.0 1 444
215.66014480942167 270.98907880215484 0 0 10.0 1 445
524.5740783476251 329.7839120725189 0 0 10.0 1 446
310.9513574298642 644.2751302454185 0 0 11.0 1 447
548.3822804926842 228.21030637494465 0 0 13.0 1 448
152.6949273977093 342.0672712089639 0 0 11.0 1 449
201.12450429029715 407.03826727397905 0 0 11.0 1 450
511.07411961180253 488.4677339625187 0 0 13.0 1 451
659.0406099649074 439.26782893169354 0 0 10.0 1 452
140.9436693270775 317.09151106019704 0 0 12.0 1 453
259.59534966942635 541.0231688962822 0 0 12.0 1 454
515.0791414313766 657.450560705191 0 0 12.0 1 455
498.8753219738696 553.9891902198451 0 0 10.0 1 456
446.2754349662752 103.59051277214144 0 0 10.0 1 457
639.2278171441187 281.42912876907707 0 0 10.0 1 458
160.12410822202483 532.4218884615423 0 0 10.0 1 459
438.9701071892326 682.323096373038 0 0 11.0 1 460
334.1633260746266 554.5623898833221 0 0 10.0 1 461
378.44049569092226 724.2841158212145 0 0 13.0 1 462
429.9504991477459 167.92465102729918 0 0 10.0 1 463
684.3787840928499 219.17492663385343 0 0 13.0 1 464
424.5747685314838 209.57920084291214 0 0 12.0 1 465
518.8737927017095 186.9154594797853 0 0 10.0 1 466
510.7596064774975 328.1925521066937 0 0 13.0 1 467
196.66925385441098 303.658899363366 0 0 12.0 1 468
551.5948203974058 372.88892424343345 0 0 11.0 1 469
339.7209188756004 565.3554727815141 0 0 12.0 1 470
571.621637726746 218.21437497978687 0 0 11.0 1 471
127.01220586632735 296.35799956566086 0 0 11.0 1 472
534.4070300373356 715.5689311014992 0 0 13.0 1 473
631.9961420248039 490.4366633927138 0 0 13.0 1 474
218.2628002738837 99.71248737966187 0 0 10.0 1 475
497.1801316744516 310.6690310825174 0 0 12.0 1 476
530.6787134138781 114.48454707232827 0 0 13.0 1 477
492.5638109887207 138.92349608736453 0 0 12.0 1 478
503.51300979787595 718.6064293177161 0 0 13.0 1 479
127.16508435572251 285.20841143454805 0 0 12.0 1 480
443.886511386571 260.7521126971171 0 0 11.0 1 481
521.2913148019915 622.0302163076103 0 0 10.0 1 482
299.8405449492187 50.0513129558413 0 0 12.0 1 483
628.4323830660213 599.0669394117931 0 0 13.0 1 484
367.1740152159503 244.42540463508402 0 0 11.0 1 485
382.3380409857524 240.97781537225995 0 0 10.0 1 486
527.8241466748724 292.5291317293811 0 0 10.0 1 487
417.65327528218114 93.50797421170722 0 0 11.0 1 488
452.2688039714728 260.468741382471 0 0 12.0 1 489
647.8213924180657 375.80170543259095 0 0 10.0 1 490
478.57442537331366 134.37797591831065 0 0 13.0 1 491
418.1150421519746 159.6817833624921 0 0 12.0 1 492
321.9144084026813 59.84762181502134 0 0 13.0 1 493
398.92308928766505 155.00236682098813 0 0 10.0 1 494
537.2102102904814 519.5715609668196 0 0 10.0 1 495
521.2896000787449 699.3623772499445 0 0 13.0 1 496
474.2406183332102 509.14362367771474 0 0 10.0 1 497
486.33204596681423 650.5429660540959 0 0 13.0 1 498
521.0565814854942 499.9715163386346 0 0 10.0 1 499
508.14174638054885 641.9304914428213 0 0 13.0 1 500
256.8711999718986 279.65405448243905 0 0 12.0 1 501
647.9510915559575 295.6867400748632 0 0 11.0 1 502
341.4161443932149 544.5819209384194 0 0 12.0 1 503
556.9016055401346 405.55753352918475 0 0 13.0 1 504
185.12182802636417 492.6464851425492 0 0 13.0 1 505
134.7692701380941 552.6062250922967 0 0 10.0 1 506
571.9772492774731 91.72605408345987 0 0 13.0 1 507
612.0263489784995 465.79382447348354 0 0 10.0 1 508
295.84511528276846 617.3309917833631 0 0 12.0 1 509
248.42292775518854 314.55767343001946 0 0 11.0 1 510
294.9546794899568 133.9896982465861 0 0 11.0 1 511
461.3823933754739 522.4793933014798 0 0 13.0 1 512
646.333169941528 342.30277834628214 0 0 13.0 1 513
103.63175608085356 611.3335373202307 0 0 11.0 1 514
181.2443157780581 644.3971166372264 0 0 10.0 1 515
543.0788254881018 469.35019608440416 0 0 12.0 1 516
533.3831200789684 549.0266529114825 0 0 13.0 1 517
502.27473714211254 640.1267959693623 0 0 12.0 1 518
177.496249986938 315.5246708788606 0 0 10.0 1 519
310.02124690997846 694.5637859485869 0 0 10.0 1 520
198.46641262780395 588.5741582531748 0 0 13.0 1 521
553.5119729777045 387.7495243972928 0 0 12.0 1 522
156.38392151842345 545.96988150046 0 0 11.0 1 523
308.1449086935201 583.2693160381143 0 0 12.0 1 524
304.59080120711644 145.28234300367 0 0 13.0 1 525
256.5128989153113 450.1542801993244 0 0 12.0 1 526
362.41038831915256 248.59649576815238 0 0 10.0 1 527
406.9316580095376 623.8927245741559 0 0 10.0 1 528
577.374853038494 560.1847730265665 0 0 10.0 1 529
681.7808161832007 442.7150047539414 0 0 11.0 1 530
218.0539387476416 293.1513650309324 0 0 13.0 1 531
102.34232664398922 578.3505242276747 0 0 10.0 1 532
501.63541003170826 586.0490350087485 0 0 12.0 1 533
316.6281689642743 64.19479189603027 0 0 12.0 1 534
498.89895743230534 236.59866518659322 0 0 13.0 1 535
511.7222717605401 339.6084940354686 0 0 10.0 1 536
415.05165684583847 626.5004362604963 0 0 10.0 1 537
149.30879936409156 508.08756599964073 0 0 11.0 1 538
351.0007319203072 186.55194606730566 0 0 11.0 1 539
89.54266139397095 464.0721539021548 0 0 13.0 1 540
493.7312420567724 514.5358208705676 0 0 10.0 1 541
533.8010802439003 437.659937938947 0 0 12.0 1 542
527.9304790234326 556.3259176746935 0 0 11.0 1 543
284.9768553529036 575.6976840925718 0 0 13.0 1 544
558.2212792421637 91.17152528470882 0 0 12.0 1 545
261.54830867445696 207.64582362450105 0 0 12.0 1 546
223.63227026964543 119.90104621801851 0 0 10.0 1 547
155.13985917409104 360.6615781364322 0 0 12.0 1 548
671.0648752918537 511.2332386609858 0 0 12.0 1 549
631.5904733938316 577.8478356157896 0 0 10.0 1 550
184.3782912870294 587.8916675419612 0 0 10.0 1 551
515.7760547029501 504.5557514315665 0 0 12.0 1 552
369.34384176276245 763.7103242446294 0 0 11.0 1 553
207.10247541048773 532.4633723232143 0 0 13.0 1 554
535.8787931243943 134.78130989868367 0 0 10.0 1 555
489.96987361428995 694.5664981660825 0 0 13.0 1 556
368.40947329133775 218.73213571548513 0 0 13.0 1 557
280.46948262615695 482.0820042173764 0 0 10.0 1 558
561.0496817215317 537.8658769144611 0 0 10.0 1 559
370.00969633359017 581.5394769354493 0 0 10.0 1 560
378.75699506394244 544.4463040070137 0 0 10.0 1 561
158.93266328724377 489.0816432842289 0 0 13.0 1 562
528.027561859978 234.80331902792508 0 0 10.0 1 563
325.93567709090576 293.16144856833085 0 0 10.0 1 564
205.62592551559183 494.20572789554654 0 0 11.0 1 565
126.4901038153123 490.20164460275294 0 0 13.0 1 566
528.4189054548245 196.0647536059918 0 0 11.0 1 567
354.33108638856436 137.94971793651655 0 0 11.0 1 568
260.42101649575795 460.1806228276388 0 0 10.0 1 569
289.4302970686641 507.1930072051164 0 0 12.0 1 570
64.57994977233278 530.7416915343732 0 0 13.0 1 571
414.95065659077227 140.43020617278137 0 0 13.0 1 572
116.74027321656098 246.8728398272486 0 0 10.0 1 573
268.18632488473355 725.3093221114436 0 0 10.0 1 574
468.0261803769023 103.70886144987537 0 0 10.0 1 575
176.5613602810008 315.16973252120874 0 0 11.0 1 576
194.7043442980672 701.7924680138877 0 0 12.0 1 577
404.15983017724767 212.04602740857948 0 0 13.0 1 578
279.8774064488348 201.51936487772522 0 0 12.0 1 579
536.4131792679897 532.2552249327009 0 0 13.0 1 580
676.4563364228447 355.59398631199963 0 0 13.0 1 581
371.46409721308873 178.83331568218517 0 0 13.0 1 582
551.6125328643959 250.39171186581117 0 0 13.0 1 583
385.72414272931286 210.53707513292483 0 0 12.0 1 584
366.5077901402444 40.5569977330062 0 0 10.0 1 585
105.00782469205046 618.3314372853438 0 0 12.0 1 586
277.0558160560382 286.9790831998196 0 0 11.0 1 587
437.3811807672835 585.2664225499151 0 0 13.0 1 588
592.654941067388 295.86031648635924 0 0 11.0 1 589
220.13225664917735 248.76311659557845 0 0 12.0 1 590
582.7704753983602 109.75191073383894 0 0 10.0 1 591
731.4375165610076 509.3168450691467 0 0 13.0 1 592
606.7975843312284 390.84799941168814 0 0 13.0 1 593
315.6367952106627 659.6379203384442 0 0 12.0 1 594
661.989806302415 397.6888544781619 0 0 13.0 1 595
467.1520993208015 238.39679595747734 0 0 10.0 1 596
421.6417719682569 205.19847611973367 0 0 11.0 1 597
476.14857385085196 114.99755316755375 0 0 13.0 1 598
107.5622392181794 381.8573411839752 0 0 13.0 1 599
267.9812626796246 466.89583691332155 0 0 12.0 1 600
327.53470923465795 284.9140250321768 0 0 13.0 1 601
677.0 400.0 0 0 12.0 1 602
224.0316919884189 607.4105941738303 0 0 11.0 1 603
84.05143119237556 349.24074598249314 0 0 11.0 1 604
267.88611202672183 459.7571803600547 0 0 12.0 1 605
530.2603282412867 535.5590162492788 0 0 13.0 1 606
554.5344282317209 242.01230905195462 0 0 12.0 1 607
238.00000007360325 399.9951166147558 0 0 13.0 1 608
490.073631230677 493.7376176191821 0 0 10.0 1 609
508.87534007474574 617.244471330362 0 0 12.0 1 610
439.49498862107885 173.4163600923031 0 0 12.0 1 611
113.02673569749544 453.94761881274167 0 0 12.0 1 612
740.0062172808371 505.50721402054114 0 0 10.0 1 613
546.6816794815066 487.89473763818035 0 0 13.0 1 614
667.6572280837543 598.1126150817284 0 0 12.0 1 615
485.59238128753987 709.3783189971922 0 0 12.0 1 616
439.32944469811036 727.6479738678972 0 0 12.0 1 617
299.47100742316763 158.05388688493633 0 0 11.0 1 618
207.74987509857516 567.5257874937066 0 0 10.0 1 619
409.5461010510405 273.35928002919707 0 0 10.0 1 620
179.37172855600264 537.5614983912062 0 0 11.0 1 621
403.96094743402153 527.9386997566605 0 0 13.0 1 622
337.0799659264729 277.1787098578337 0 0 13.0 1 623
494.98589339854357 589.5301560577643 0 0 13.0 1 624
135.50664048965893 238.31121629830517 0 0 11.0 1 625
286.2923779782325 729.9569315746448 0 0 13.0 1 626
468.34957171555357 282.423063289179 0 0 10.0 1 627
154.46824967316763 646.6133807834483 0 0 11.0 1 628
440.7439482463612 33.25631473562106 0 0 12.0 1 629
112.44248055785073 321.8036253252242 0 0 10.0 1 630
188.1097916974794 234.27872910964496 0 0 11.0 1 631
557.5429024288469 276.7919081622687 0 0 12.0 1 632
244.67009786490928 287.1433586238579 0 0 11.0 1 633
540.7825242747462 599.2894399079653 0 0 13.0 1 634
480.4112608418277 261.67419210491653 0 0 11.0 1 635
575.429419254905 614.3677187915353 0 0 12.0 1 636
300.0841189678016 250.2775343592032 0 0 13.0 1 637
545.8572333930404 393.5449657686303 0 0 10.0 1 638
618.0756556083836 118.61235202842738 0 0 10.0 1 639
451.9101799397704 224.51685773664568 0 0 11.0 1 640
351.22447287044275 187.52659471540017 0 0 13.0 1 641
624.4595088795584 170.52466608903813 0 0 12.0 1 642
582.5610824439398 334.3688246570503 0 0 10.0 1 643
639.7553478410723 275.8332847273215 0 0 12.0 1 644
723.1683863042094 434.455683036812 0 0 12.0 1 645
576.3824110735516 577.170102059802 0 0 10.0 1 646
692.9540894337736 405.1866640558862 0 0 13.0 1 647
699.6825064911872 461.85786371319 0 0 12.0 1 648
134.00000012085474 399.9919816020064 0 0 10.0 1 649
646.3383902658104 346.8831713931517 0 0 10.0 1 650
305.8673644289384 310.33926767839944 0 0 13.0 1 651
501.12005920222106 537.897547574057 0 0 13.0 1 652
195.28870720787666 410.87596448033673 0 0 12.0 1 653
673.883561252421 434.11443793603115 0 0 10.0 1 654
428.0737638795403 220.17824441509916 0 0 11.0 1 655
65.755592204822 286.46729168362657 0 0 12.0 1 656
589.3544913864479 362.6653432883115 0 0 12.0 1 657
356.3184707467509 664.4161946668501 0 0 11.0 1 658
590.1864116655852 696.1977866523796 0 0 11.0 1 659
564.4612338605266 293.37681979478765 0 0 10.0 1 660
486.5148015974079 51.58044098449187 0 0 12.0 1 661
575.4778251512241 657.9758377836895 0 0 12.0 1 662
672.3158402493125 419.31536044993425 0 0 10.0 1 663
303.45393392106297 610.9570030235582 0 0 10.0 1 664
570.4835681259697 345.4440379148358 0 0 12.0 1 665
597.031794867428 540.50790657938 0 0 12.0 1 666
660.029314583094 439.41770614135646 0 0 11.0 1 667
175.2570352940863 248.56816776121198 0 0 10.0 1 668
194.08935805468207 480.2608717474902 0 0 13.0 1 669
617.823149581674 561.2267828442896 0 0 12.0 1 670
289.41601438484673 499.8608137632954 0 0 12.0 1 671
207.356427805223 318.947831046691 0 0 10.0 1 672
211.00740381141358 398.32710254411364 0 0 13.0 1 673
255.20185085541343 104.57742807242698 0 0 10.0 1 674
184.1816357411029 430.76416175705106 0 0 13.0 1 675
61.29970025438121 307.896216406556 0 0 12.0 1 676
295.9266227902684 315.5918715042152 0 0 12.0 1 677
253.7323662665043 260.68101593105143 0 0 10.0 1 678
381.6088221287471 80.52892998503302 0 0 10.0 1 679
605.9877855432201 546.8946296057155 0 0 11.0 1 680
401.2259183426901 123.00271278545512 0 0 10.0 1 681
249.18806259741976 198.10953579507472 0 0 12.0 1 682
449.89836226144376 241.67705964192768 0 0 11.0 1 683
428.84410398634634 574.6339533573721 0 0 10.0 1 684
130.599700984452 204.26426261325363 0 0 13.0 1 685
725.7956904846106 411.5398466911734 0 0 13.0 1 686
591.9529546006576 351.44010687740445 0 0 11.0 1 687
568.3174451867727 250.68744980478778 0 0 10.0 1 688
459.1421600406026 518.0093424510609 0 0 11.0 1 689
523.4650573549635 481.61114882377024 0 0 13.0 1 690
583.0292496919407 623.65440697023 0 0 11.0 1 691
707.321149844625 469.12822041813 0 0 11.0 1 692
197.4090220737074 656.6824802413839 0 0 13.0 1 693
611.4804334501197 628.0285645873112 0 0 10.0 1 694
192.32891076812683 187.675440192974 0 0 13.0 1 695
637.4203007536229 372.56642950581823 0 0 13.0 1 696
635.8460602013267 620.6935338597671 0 0 11.0 1 697
323.20281952223655 224.0278628001983 0 0 10.0 1 698
543.2225177917238 543.8621228725593 0 0 10.0 1 699
480.42733652764434 518.2389256508577 0 0 12.0 1 700
362.58546418220783 556.5923130601855 0 0 12.0 1 701
147.22528529394944 567.0746647618207 0 0 13.0 1 702
392.37666634885403 55.08423523410346 0 0 10.0 1 703
454.74680179440264 214.9276149900143 0 0 13.0 1 704
265.05721142538755 298.2579545531571 0 0 13.0 1 705
451.840369771676 635.3583991743993 0 0 12.0 1 706
103.0933641480297 184.2792323695618 0 0 11.0 1 707
649.0390707043259 591.2473300799929 0 0 12.0 1 708
528.2793044763501 473.8134137068856 0 0 10.0 1 709
64.32756460263175 339.9582135975318 0 0 13.0 1 710
59.00000015493026 399.9897207755044 0 0 13.0 1 711
283.77598558880595 232.3456577533807 0 0 13.0 1 712
487.7029471874122 294.75175509946973 0 0 12.0 1 713
461.79755880323955 528.9575966198197 0 0 10.0 1 714
244.81020913015192 466.91135038072997 0 0 13.0 1 715
548.2947287963525 385.51989602191185 0 0 11.0 1 716
590.5276947842929 423.7317829120217 0 0 12.0 1 717
429.39850191468423 612.9805814743971 0 0 10.0 1 718
481.3111890271809 95.67535338230317 0 0 12.0 1 719
735.9500331571469 279.22510516787094 0 0 11.0 1 720
163.69121750648262 215.18073878399065 0 0 11.0 1 721
574.8903246466468 406.19470297839064 0 0 10.0 1 722
471.5022201921559 132.38753297427928 0 0 12.0 1 723
461.7988118196274 590.2127936225171 0 0 10.0 1 724
90.47298734715963 369.76709676183225 0 0 12.0 1 725
499.30657149786634 530.5151518305026 0 0 11.0 1 726
672.7330460020548 387.92997023860323 0 0 11.0 1 727
653.0374313517719 280.1164801363536 0 0 13.0 1 728
708.2146620147676 310.3076250781448 0 0 12.0 1 729
508.9047771279464 292.5348916219207 0 0 13.0 1 730
480.1987929031286 206.99960202921577 0 0 10.0 1 731
396.54804572200453 659.9770836278894 0 0 12.0 1 732
315.7167973562637 268.7279856476831 0 0 10.0 1 733
189.44682750412366 295.63352285373554 0 0 11.0 1 734
546.341757531264 87.57546510771482 0 0 12.0 1 735
359.31002809808183 166.51910959005423 0 0 11.0 1 736
748.3309533588315 378.40030249916646 0 0 11.0 1 737
621.5744173228097 386.26036434044397 0 0 10.0 1 738
436.35279042080185 565.0438566824625 0 0 11.0 1 739
54.663941192798916 378.5755633094042 0 0 12.0 1 740
541.8702202760591 579.7605090080201 0 0 13.0 1 741
579.281721161705 553.4733346783623 0 0 13.0 1 742
274.323655362763 674.6078229013558 0 0 12.0 1 743
501.2431204830567 239.2211750420682 0 0 12.0 1 744
236.12304909588488 203.3268067011413 0 0 12.0 1 745
693.922296797759 247.78080461016077 0 0 11.0 1 746
541.2422756873275 210.9322355379824 0 0 11.0 1 747
490.7259857459408 201.77589573811326 0 0 10.0 1 748
337.40795953701524 74.97194510214956 0 0 10.0 1 749
546.2718333477258 260.68542513758604 0 0 13.0 1 750
275.2174782507293 193.81968506694733 0 0 10.0 1 751
491.962984332481 312.4111336261061 0 0 11.0 1 752
303.60353908780735 179.11830695233226 0 0 10.0 1 753
376.48294710568075 679.0106596945102 0 0 13.0 1 754
450.9840197511926 556.9255547385766 0 0 10.0 1 755
320.93210105604294 572.7665110968795 0 0 13.0 1 756
432.26628581523494 595.3532359590943 0 0 10.0 1 757
179.50647662390818 499.7326734285051 0 0 10.0 1 758
382.11849026520764 548.9303582537977 0 0 10.0 1 759
329.1867120696286 64.38939490461519 0 0 10.0 1 760
251.7944783649929 329.77804220263124 0 0 10.0 1 761
305.5464229055484 511.3306865786001 0 0 13.0 1 762
469.95343563925724 138.18419290985446 0 0 13.0 1 763
613.0004968234081 557.6571861761503 0 0 11.0 1 764
278.5282014924929 288.33262711359424 0 0 11.0 1 765
692.8969389727047 392.2293410562735 0 0 10.0 1 766
465.83201471216444 554.5643744170609 0 0 13.0 1 767
271.410627506933 680.9729048891356 0 0 12.0 1 768
371.62749340732034 592.9248580915595 0 0 11.0 1 769
254.3048793073177 725.9170627726396 0 0 12.0 1 770
584.7894928052073 230.13580910387776 0 0 13.0 1 771
491.079540754322 111.01294621388001 0 0 13.0 1 772
473.4763490748222 143.30908444856317 0 0 13.0 1 773
454.58839096174734 670.5477916601934 0 0 11.0 1 774
608.1518431817972 231.19001753444635 0 0 12.0 1 775
113.4021377485177 604.3664976283549 0 0 12.0 1 776
403.7090495457646 679.9754327641392 0 0 11.0 1 777
583.4423231603556 287.866534551314 0 0 11.0 1 778
242.25505011705593 729.1527468918154 0 0 11.0 1 779
197.89016667738346 434.301826107427 0 0 12.0 1 780
455.25186949056655 529.7236713857475 0 0 11.0 1 781
525.3915037221759 155.25120879912083 0 0 11.0 1 782
183.45001907031892 514.591036993976 0 0 12.0 1 783
386.6089236124939 167.3851271453522 0 0 11.0 1 784
219.55283175945664 350.9304628718688 0 0 13.0 1 785
525.2760834935854 276.3800060487454 0 0 10.0 1 786
388.9973788244435 530.5371300713601 0 0 10.0 1 787
313.33459181148953 651.4857988505889 0 0 13.0 1 788
48.013789109087725 396.88433912977786 0 0 11.0 1 789
191.76284532983703 476.94990198092927 0 0 12.0 1 790
549.9472383819307 396.02184695713663 0 0 11.0 1 791
336.61901051130025 99.61383159101126 0 0 10.0 1 792
192.53727772085978 347.50982125646425 0 0 12.0 1 793
587.6902747156464 484.9020658003395 0 0 12.0 1 794
70.64392934586397 559.6263722674538 0 0 10.0 1 795
197.55846999418287 521.2989156130583 0 0 11.0 1 796
631.110847885428 137.15446362991332 0 0 12.0 1 797
315.1138746033904 173.3762022312064 0 0 10.0 1 798
362.3579498508848 61.083969012129046 0 0 10.0 1 799
308.63202087785334 57.99430941702889 0 0 13.0 1 800
247.5278842364273 188.16691968774165 0 0 12.0 1 801
337.61093486425995 683.2094711542825 0 0 13.0 1 802
340.54161246662693 118.2045065088314 0 0 10.0 1 803
623.9666887714313 319.4834034452473 0 0 13.0 1 804
241.24420381163847 209.47284399173063 0 0 13.0 1 805
547.5419201669372 249.16107334824625 0 0 13.0 1 806
478.0802109124238 85.54892166845508 0 0 11.0 1 807
490.0084991264771 527.4145599411581 0 0 13.0 1 808
321.7067992593319 656.3087488124067 0 0 10.0 1 809
571.9022723053805 599.0442382392588 0 0 10.0 1 810
256.6768795247716 673.7507682861241 0 0 10.0 1 811
734.9352192090342 321.55002273170373 0 0 10.0 1 812
310.044566872976 245.24529069870113 0 0 12.0 1 813
219.84708630075707 587.4698047304503 0 0 11.0 1 814
599.9204097567048 615.5639806709629 0 0 12.0 1 815
465.6658910516877 758.0279189565917 0 0 10.0 1 816
316.6248679867839 188.86594930760506 0 0 10.0 1 817
165.37177830569445 433.44544191018855 0 0 11.0 1 818
503.90741312734764 234.99015333264896 0 0 13.0 1 819
481.85938023450075 695.8851835892149 0 0 13.0 1 820
553.3905880908137 571.3806508482049 0 0 11.0 1 821
241.87304220454752 346.28905867185733 0 0 11.0 1 822
300.8610038994074 551.4346705750262 0 0 12.0 1 823
161.99177654443145 656.6166120256523 0 0 12.0 1 824
524.6011420004087 375.432635220806 0 0 11.0 1 825
325.3482565444765 738.8747810018483 0 0 10.0 1 826
679.7455308649744 248.78347325416544 0 0 13.0 1 827
717.1293030082873 285.9912057186905 0 0 10.0 1 828
298.22932776000795 651.1647472712285 0 0 12.0 1 829
533.1811507692771 170.89788067376796 0 0 13.0 1 830
269.8609853727542 422.0870294935628 0 0 13.0 1 831
446.44389624920177 681.1902638805145 0 0 11.0 1 832
185.13657038600394 172.39792045213787 0 0 11.0 1 833
598.0111057231343 182.68087518512849 0 0 11.0 1 834
350.05350771985627 523.2653556718576 0 0 12.0 1 835
270.91864835067287 617.5936686955362 0 0 12.0 1 836
554.2302999945578 111.6564296475666 0 0 12.0 1 837
328.68344391683854 288.9236801634242 0 0 13.0 1 838
551.3817426754997 104.52145935021133 0 0 11.0 1 839
720.5474132532372 417.0398314738847 0 0 11.0 1 840
312.0825516449894 260.37363331109685 0 0 11.0 1 841
145.17434424830748 622.0537889132268 0 0 13.0 1 842
250.43837811841271 367.74598846423737 0 0 10.0 1 843
281.1270230434193 484.76564958448813 0 0 11.0 1 844
471.93590139585604 285.76241384568004 0 0 11.0 1 845
549.4633319283668 582.6382008476619 0 0 11.0 1 846
564.8864577950538 373.5149846932283 0 0 10.0 1 847
259.55161524509293 412.4599847406642 0 0 12.0 1 848
582.8573597552075 145.96813982621273 0 0 10.0 1 849
687.9887947141049 397.4595041592009 0 0 11.0 1 850
249.06097739754975 458.83376119046795 0 0 11.0 1 851
419.8390058457291 246.27487568047593 0 0 11.0 1 852
230.1400201288598 107.78161036961438 0 0 13.0 1 853
116.75108098222773 298.1616483083928 0 0 10.0 1 854
89.47528024531442 586.0602010674877 0 0 10.0 1 855
257.37648089746665 237.78245532985866 0 0 12.0 1 856
121.21399469537897 567.0429981959489 0 0 10.0 1 857
529.220812472299 431.4798606095852 0 0 12.0 1 858
570.786701094761 601.3154309266151 0 0 13.0 1 859
521.8686934169993 643.1707662627921 0 0 13.0 1 860
531.1242453504791 422.2583081402733 0 0 10.0 1 861
718.4387894023973 313.4162982777035 0 0 13.0 1 862
119.89116481358997 377.63841574233635 0 0 13.0 1 863
312.7149680935293 139.21977988143658 0 0 11.0 1 864
97.8348287144425 473.60169333629295 0 0 13.0 1 865
489.7467938663159 621.5096227948507 0 0 13.0 1 866
338.8659456407247 543.5222191773705 0 0 10.0 1 867
190.46643409901824 247.76109314364172 0 0 12.0 1 868
238.2822144593208 445.512172435722 0 0 10.0 1 869
586.1632530659465 311.799981814603 0 0 12.0 1 870
283.01402430282417 353.19955673094773 0 0 10.0 1 871
595.3696353432495 630.29265204484 0 0 10.0 1 872
245.70273117981776 429.0060827178097 0 0 13.0 1 873
477.8565168076815 702.1297118632579 0 0 10.0 1 874
213.6806150465612 619.6112173605262 0 0 11.0 1 875
469.34846429533786 157.7299224008911 0 0 10.0 1 876
202.8174663192634 701.1960298729803 0 0 10.0 1 877
555.9837541681802 183.30189563450097 0 0 11.0 1 878
474.04941008913016 261.55981484607935 0 0 12.0 1 879
590.077542715972 551.3919672738876 0 0 12.0 1 880
141.23143636740036 374.72490404526167 0 0 10.0 1 881
282.9864427079827 467.3262757760132 0 0 10.0 1 882
213.13397335477356 428.3211596836274 0 0 13.0 1 883
546.5171570139886 324.12034066669645 0 0 13.0 1 884
399.27912915582476 236.00158432098797 0 0 12.0 1 885
523.945544189987 471.3197172978692 0 0 13.0 1 886
309.2426315741966 589.3755530062499 0 0 12.0 1 887
343.9604501706643 531.562034245923 0 0 12.0 1 888
401.8545247728823 539.9877163820696 0 0 12.0 1 889
680.9908803715059 521.1615662990787 0 0 12.0 1 890
221.02795231663526 403.1632495986594 0 0 12.0 1 891
579.6744627271389 483.1930732916749 0 0 12.0 1 892
254.40709537407108 584.4660026199548 0 0 11.0 1 893
575.483379611669 550.2217809775497 0 0 10.0 1 894
633.4467392347339 373.025568760951 0 0 10.0 1 895
235.8441972047359 171.93449974044216 0 0 11.0 1 896
659.0434984862022 296.3782556987728 0 0 13.0 1 897
200.80786659101997 283.0235323324426 0 0 10.0 1 898
185.7528369248425 440.2759619903345 0 0 10.0 1 899
361.1422407520432 268.626202969436 0 0 10.0 1 900
335.90489290317043 141.83761457902904 0 0 10.0 1 901
353.02854531875727 544.5603072946649 0 0 12.0 1 902
371.0053791748577 610.007885478632 0 0 11.0 1 903
408.5678762770195 251.24654122978623 0 0 12.0 1 904
322.1805415656844 570.0386188164025 0 0 10.0 1 905
257.47990612121777 594.3425399668922 0 0 12.0 1 906
573.3562563098508 680.798163096259 0 0 10.0 1 907
531.725720090433 662.8389900046354 0 0 12.0 1 908
236.72163197762603 547.4454968317114 0 0 10.0 1 909
401.56669708776997 46.003466881051 0 0 13.0 1 910
743.8244027568437 289.97373009640063 0 0 12.0 1 911
176.71039472684754 382.1743954672005 0 0 10.0 1 912
129.92544930863573 302.89831582893265 0 0 11.0 1 913
307.9070334972455 616.2033429915516 0 0 11.0 1 914
407.95283976987133 656.8769206051699 0 0 12.0 1 915
713.4165204941461 293.5524322431812 0 0 13.0 1 916
635.8915898094405 541.3511862602315 0 0 10.0 1 917
230.10586544279673 319.5016581347236 0 0 10.0 1 918
311.0321111736562 599.019382869567 0 0 12.0 1 919
248.35467995964203 224.42182108856065 0 0 11.0 1 920
565.3944579052347 186.588019796841 0 0 10.0 1 921
583.6433496667331 218.78432704872904 0 0 13.0 1 922
525.2466074309333 302.0495669890036 0 0 11.0 1 923
138.83295272855457 276.25520851561237 0 0 11.0 1 924
605.5765423256582 266.7210247434846 0 0 11.0 1 925
280.9990659913726 167.70755994851166 0 0 11.0 1 926
131.67502399616012 292.65612615272937 0 0 10.0 1 927
306.89853614140185 294.10799167365775 0 0 10.0 1 928
609.4404292689287 625.828932131485 0 0 11.0 1 929
44.6908568583151 365.2953490159939 0 0 12.0 1 930
526.9331451950089 122.66811100974564 0 0 13.0 1 931
152.9856077287575 501.3552663203483 0 0 12.0 1 932
443.80741176807385 119.39901875762723 0 0 11.0 1 933
265.55756213314703 731.7969724099625 0 0 13.0 1 934
381.7011923832811 258.17562395763446 0 0 12.0 1 935
548.0950581754984 316.5263290372602 0 0 12.0 1 936
464.04122759841164 575.6921203915772 0 0 13.0 1 937
97.0957352763358 284.9999721208018 0 0 12.0 1 938
324.93853994318715 714.1572491828567 0 0 13.0 1 939
596.2205691182097 302.74524045104073 0 0 13.0 1 940
341.9037271047787 578.7982748118225 0 0 12.0 1 941
602.2052896869595 417.9449386349689 0 0 11.0 1 942
364.80403274306656 198.04395555257855 0 0 12.0 1 943
638.8973197156305 146.9544099718633 0 0 10.0 1 944
500.2379337141035 482.7789625733917 0 0 13.0 1 945
555.9674734045584 278.023989080646 0 0 10.0 1 946
343.8410215159685 155.36318932828183 0 0 13.0 1 947
363.72319793429546 755.1520711355711 0 0 11.0 1 948
668.9578500262289 404.76181785335626 0 0 12.0 1 949
546.5983569774992 224.0741015896246 0 0 11.0 1 950
272.08008316159817 404.52712668879053 0 0 13.0 1 951
202.07006668859074 293.0012079538228 0 0 10.0 1 952
475.7437128704644 234.51015148778262 0 0 10.0 1 953
380.7664103114318 628.1908609644387 0 0 11.0 1 954
407.9837846716996 657.8764416970188 0 0 10.0 1 955
251.40989041412433 631.4000417745369 0 0 13.0 1 956
714.7517777305469 274.0940096124874 0 0 13.0 1 957
40.72609531399502 315.8378861264082 0 0 11.0 1 958
283.89662339915895 321.76953316077373 0 0 12.0 1 959
654.0650597136937 621.4044837682319 0 0 13.0 1 960
424.87540594042457 569.1810101024907 0 0 11.0 1 961
375.44866674272447 259.1233446049694 0 0 11.0 1 962
550.9917267703263 701.2814273182387 0 0 12.0 1 963
271.3171636515261 462.36768096788495 0 0 13.0 1 964
650.4177317219676 442.508347876913 0 0 12.0 1 965
459.008379205035 93.63092325824596 0 0 12.0 1 966
284.630735132923 153.67920769039767 0 0 10.0 1 967
612.626501336621 361.97407556221833 0 0 11.0 1 968
243.4202634433895 107.24278642557334 0 0 10.0 1 969
566.8446721013021 510.2853362483381 0 0 11.0 1 970
252.39011100958754 135.38646921928176 0 0 10.0 1 971
652.2453873189127 573.2289368908432 0 0 10.0 1 972
568.9375813290717 296.73290158679146 0 0 11.0 1 973
385.4288838132457 268.8066976821145 0 0 12.0 1 974
245.66051424755236 347.5755482845075 0 0 13.0 1 975
671.1211174209276 297.07604900496875 0 0 10.0 1 976
311.7768706520058 592.7710544870445 0 0 13.0 1 977
209.19990696498164 319.7234498883495 0 0 12.0 1 978
655.2461885024766 256.1306729877485 0 0 11.0 1 979
321.31787707449797 499.6901375861032 0 0 13.0 1 980
278.64845554125327 224.94914265426513 0 0 13.0 1 981
146.8205224357444 345.4000719754083 0 0 10.0 1 982
225.44949657881696 330.17076718585855 0 0 10.0 1 983
185.61237465729664 244.23432310063728 0 0 12.0 1 984
366.2595059825673 583.9309083962225 0 0 10.0 1 985
623.8340855257095 663.8452238659426 0 0 11.0 1 986
617.9658412851967 403.85901967298014 0 0 12.0 1 987
274.4184931008783 375.23540581907605 0 0 12.0 1 988
160.50589960137984 348.3514194361971 0 0 13.0 1 989
478.80317582827956 82.63733760982967 0 0 10.0 1 990
268.71270357418007 195.51859302812178 0 0 13.0 1 991
396.9197946442502 631.979551544886 0 0 11.0 1 992
260.72793979404685 544.9285798108481 0 0 13.0 1 993
490.55724036377705 230.69735318756204 0 0 11.0 1 994
445.20193150642103 165.31343159846404 0 0 11.0 1 995
496.17381441156243 275.9048855855705 0 0 10.0 1 996
618.9846343760971 228.74075234555352 0 0 11.0 1 997
542.5583068738138 420.32557849783234 0 0 12.0 1 998
306.5320893758566 254.42270203236654 0 0 13.0 1 999
566.3779210059039 298.29755459305215 0 0 13.0 1 1000
307.2870544619888 252.75764967352032 0 0 10.0 1 1001
387.452272819975 233.47206077472867 0 0 12.0 1 1002
458.99106146676337 721.6349711505646 0 0 13.0 1 1003
435.3737724171402 197.05987034354104 0 0 13.0 1 1004
462.21942558390833 603.7099484070635 0 0 10.0 1 1005
329.5908162943574 249.67186939928683 0 0 10.0 1 1006
71.13479998687995 486.29994333909235 0 0 10.0 1 1007
226.50694983043482 543.2660516063061 0 0 13.0 1 1008
719.3321625911499 227.38490814862283 0 0 13.0 1 1009
631.4520169443422 163.3759017927465 0 0 12.0 1 1010
612.6199324492485 314.94846077067734 0 0 10.0 1 1011
72.57343175809365 479.7548895637644 0 0 11.0 1 1012
390.9193559260689 242.26115918011007 0 0 10.0 1 1013
664.8194470938556 165.0815876928661 0 0 13.0 1 1014
492.3906827321049 198.13875621037224 0 0 13.0 1 1015
95.19082315849562 410.7872940631337 0 0 11.0 1 1016
609.1732588443125 157.82950678406294 0 0 11.0 1 1017
254.0865593573305 424.7642451897522 0 0 12.0 1 1018
533.7823056664708 199.5422870265078 0 0 10.0 1 1019
225.63930611616667 656.3168906419321 0 0 11.0 1 1020
248.14432147313292 265.2823215047676 0 0 12.0 1 1021
593.1220347137279 322.74794690087725 0 0 12.0 1 1022
534.4647453258281 112.93165924390024 0 0 11.0 1 1023
692.4471019109926 471.2438950637981 0 0 10.0 1 1024
320.8029076323064 218.52873351270452 0 0 12.0 1 1025
541.0847781076368 352.08251481641696 0 0 11.0 1 1026
348.6630697367624 520.5218635399714 0 0 11.0 1 1027
317.389793678318 280.8339234031382 0 0 11.0 1 1028
469.9895362106045 250.57957026890708 0 0 11.0 1 1029
98.75755245146513 587.8243535726085 0 0 11.0 1 1030
256.6446485134459 328.94197300679866 0 0 12.0 1 1031
243.595689535595 366.270314733843 0 0 12.0 1 1032
461.38953486582375 236.1210049794123 0 0 13.0 1 1033
577.5621489568955 541.4237718978293 0 0 12.0 1 1034
204.37610541557396 387.86361389781274 0 0 13.0 1 1035
557.2731358348639 464.53805656098154 0 0 10.0 1 1036
284.2495038753001 163.8415306475632 0 0 11.0 1 1037
257.86367914599043 464.290483697714 0 0 11.0 1 1038
408.0245275889299 564.8047540484633 0 0 11.0 1 1039
215.06369055449824 81.84506691129616 0 0 11.0 1 1040
554.0957856586274 522.7334055677196 0 0 12.0 1 1041
77.06669746477644 472.62976052345056 0 0 11.0 1 1042
385.2178524664279 575.3781289508349 0 0 11.0 1 1043
216.5106978248701 680.2796389095788 0 0 11.0 1 1044
103.54494432913367 239.7395870241701 0 0 11.0 1 1045
343.2464268225413 36.402651368865406 0 0 13.0 1 1046
531.6616460127644 283.204405180634 0 0 12.0 1 1047
259.42106548273676 420.03904114450114 0 0 13.0 1 1048
457.6632910797212 567.3437924210377 0 0 11.0 1 1049
434.45777898837406 649.6330536351073 0 0 13.0 1 1050
370.1847766986744 615.9515048789707 0 0 12.0 1 1051
706.0271149620473 375.57859733746034 0 0 10.0 1 1052
393.3931108356735 101.07300386955632 0 0 10.0 1 1053
229.8576766046675 266.93013192447324 0 0 11.0 1 1054
333.28084990852227 508.0627364592942 0 0 12.0 1 1055
319.56549853344416 498.2816919564708 0 0 13.0 1 1056
495.4352993477176 289.5097124702287 0 0 10.0 1 1057
448.5233238943856 170.0641675635558 0 0 10.0 1 1058
455.5674499611466 281.36923457713226 0 0 11.0 1 1059
614.4825628791832 593.6962318187353 0 0 11.0 1 1060
505.4817448415615 332.9283852499456 0 0 10.0 1 1061
479.49063855057614 630.6886178007525 0 0 11.0 1 1062
547.1050249029659 179.57969320342144 0 0 11.0 1 1063
482.5011505941275 201.45892074775784 0 0 10.0 1 1064
373.715125001949 263.50785610029845 0 0 13.0 1 1065
189.3925123146333 147.2442164245136 0 0 12.0 1 1066
667.8875099754521 322.0430760024997 0 0 10.0 1 1067
513.7098137481145 749.9915402654315 0 0 11.0 1 1068
459.2831231001736 161.2501071927159 0 0 13.0 1 1069
127.42032401731814 363.59505196850074 0 0 11.0 1 1070
583.5665462517101 509.9969231261438 0 0 10.0 1 1071
292.2771875695855 255.79252556791053 0 0 11.0 1 1072
487.3850794967766 590.9550938868666 0 0 12.0 1 1073
557.0632680231581 340.37509045805086 0 0 13.0 1 1074
679.8164961806176 468.1669162072221 0 0 10.0 1 1075
615.9619935318424 318.0157493798199 0 0 10.0 1 1076
342.5217725611109 576.8961655053137 0 0 11.0 1 1077
378.4744874513857 206.19171248494183 0 0 10.0 1 1078
394.61034447876835 573.9165075930473 0 0 11.0 1 1079
273.4027684388823 389.893518858636 0 0 13.0 1 1080
99.84284059186564 298.0456981974777 0 0 10.0 1 1081
385.1089355847529 705.6374587654153 0 0 12.0 1 1082
205.82868586592414 264.1084963382698 0 0 13.0 1 1083
167.69941276816795 609.7747295832984 0 0 12.0 1 1084
115.84994985860624 252.8308829793308 0 0 12.0 1 1085
425.2424492491243 255.18349971116763 0 0 10.0 1 1086
283.89662339915895 321.76953316077373 0 0 11.0 1 1087
347.5071314030325 638.2865895229136 0 0 11.0 1 1088
328.78711335846344 752.8862773985122 0 0 10.0 1 1089
79.47564346425003 439.9141186467074 0 0 13.0 1 1090
471.7492291787188 509.6040515321386 0 0 12.0 1 1091
208.29798258008645 585.8476163880914 0 0 12.0 1 1092
380.9030068158448 228.05726287125609 0 0 12.0 1 1093
49.74907670650981 478.7736677580627 0 0 10.0 1 1094
480.7225894684873 589.5253638685389 0 0 11.0 1 1095
505.1742093053811 554.6201335434292 0 0 12.0 1 1096
288.93026816461196 631.7596053457439 0 0 12.0 1 1097
403.9077486285734 694.9741166622182 0 0 12.0 1 1098
476.11595153166957 274.2408574996293 0 0 10.0 1 1099
478.05959718246044 498.9075289738451 0 0 11.0 1 1100
573.7001493616041 705.0069804311968 0 0 12.0 1 1101
190.27257380917877 336.9491736503507 0 0 12.0 1 1102
679.3831854384389 204.4852033879 0 0 12.0 1 1103
339.6319087974514 287.1297489833536 0 0 11.0 1 1104
603.3751485849905 561.9831748609498 0 0 12.0 1 1105
315.1138746033904 173.3762022312064 0 0 13.0 1 1106
736.947195014272 405.96554876052437 0 0 12.0 1 1107
585.6942641478153 325.71917971238196 0 0 13.0 1 1108
544.9196221462203 347.9010257586894 0 0 12.0 1 1109
333.59867567835727 639.9830496687881 19 -10 13.0 1 1110
280.0871814395823 165.92754125079912 -3 -13 11.0 1 1111
115.90385043371225 377.3201013756792 15 -2 12.0 1 1112
497.9247226764082 224.46724325998707 22 13 13.0 1 1113
615.2632468875702 155.17815755243356 14 12 11.0 1 1114
58.76525733290913 270.4474994570761 21 11 10.0 1 1115
529.7700956566587 690.3165897313856 10 17 11.0 1 1116
734.1392597543274 302.7634066267738 -10 11 11.0 1 1117
274.6819656228536 344.64306493447856 -12 -16 11.0 1 1118
726.1514791008638 434.7737354956133 6 -15 13.0 1 1119
389.7806420679677 609.7511971919516 5 -9 10.0 1 1120
407.41782577003704 271.21344844726457 5 3 11.0 1 1121
287.66561329289294 497.8876170061266 -11 -5 10.0 1 1122
120.25902758654155 248.77504057473618 -6 17 10.0 1 1123
512.6766137589864 170.13051374354143 -14 22 10.0 1 1124
138.7671472068567 593.3452782499638 8 -4 11.0 1 1125
703.7824485446152 589.4207590425035 -1 4 13.0 1 1126
492.79174046125814 735.4007944268626 22 14 13.0 1 1127
295.2719458435399 307.09125621018455 4 21 11.0 1 1128
137.13401740541684 315.8722685757882 13 19 11.0 1 1129
572.3816404296681 103.46404932491475 18 7 12.0 1 1130
473.11525456618807 683.7307871023543 -13 10 13.0 1 1131
693.7041613904496 260.84948587255326 18 -13 12.0 1 1132
356.8766408670695 613.6922457579878 -15 -3 12.0 1 1133
255.68499812208756 539.9077561573272 -7 -10 13.0 1 1134
432.454577606017 213.80735677150125 -12 6 11.0 1 1135
276.0911449992094 556.9923426552807 14 -4 13.0 1 1136
283.74587235450906 472.4843279984433 4 15 11.0 1 1137
275.6602369377087 213.6787094247862 -16 -3 13.0 1 1138
580.4904909296906 612.7538076838091 22 22 12.0 1 1139
254.68723494049166 225.60619187952764 19 3 10.0 1 1140
280.1738546156889 349.58477529220016 13 1 11.0 1 1141
366.6203668811495 581.9637329053538 11 -9 11.0 1 1142
261.4408252992491 388.93857575866457 -15 4 13.0 1 1143
273.0000000577013 399.99617166712335 -16 -4 11.0 1 1144
117.83000133809378 515.7803604033941 -13 -8 10.0 1 1145
108.82307588410458 242.5928881454015 8 4 10.0 1 1146
246.1695635319458 242.72254829109187 9 -9 13.0 1 1147
478.82608881592887 281.88798654673906 17 -4 12.0 1 1148
689.2148517881787 197.60491729011346 13 -16 10.0 1 1149
345.9174514428591 119.16004924234073 -11 6 12.0 1 1150
153.00000011222224 399.9925543447202 20 3 11.0 1 1151
221.2605994771938 599.6903270084655 9 -6 12.0 1 1152
203.07061866363043 545.7525943730496 -3 18 12.0 1 1153
179.50647662390818 499.7326734285051 14 15 11.0 1 1154
62.412558659248134 448.1219227484147 15 -3 12.0 1 1155
602.6516374633434 376.5838979882298 12 9 11.0 1 1156
567.2831470536188 496.25668138803326 6 -4 12.0 1 1157
245.49156777973826 387.66531829203603 -17 20 10.0 1 1158
606.639117761534 593.3630652703223 7 -1 10.0 1 1159
615.0573248352313 353.6281655019579 13 -14 13.0 1 1160
536.80442642256 86.55375435141298 11 18 10.0 1 1161
334.91933415259575 722.4988479558625 -9 1 12.0 1 1162
484.2476690825782 115.19949042504788 6 -8 12.0 1 1163
663.296547905333 186.46796994096013 -10 14 13.0 1 1164
381.8291560729085 259.1674028110775 4 -5 11.0 1 1165
577.991203533703 418.9771300418134 -9 6 12.0 1 1166
191.56904631038844 343.3207485578806 -4 1 13.0 1 1167
362.8905300080526 112.38413250149642 -17 -2 10.0 1 1168
94.66852743415421 311.13666751256653 -11 9 10.0 1 1169
633.6710306856123 329.7586345639294 4 14 12.0 1 1170
450.6621571483881 583.1211233939766 -10 19 11.0 1 1171
253.79494844872215 557.6359188157578 3 15 13.0 1 1172
118.02688590546177 586.3737184471795 10 12 12.0 1 1173
337.02273784707035 663.5808499336042 19 9 11.0 1 1174
