400 400 -7.071067811865475 7.0710678118654755 5 2 -1 10 187
57.15728752538104 742.842712474619
800.0 400.0 0 0 24.0 1 0
799.4518139018296 420.9343824971775 0 0 24.0 1 1
797.8087581473094 441.8113853070614 0 0 24.0 1 2
795.0753362380551 462.57378601609236 0 0 24.0 1 3
791.2590402935223 483.16467632710373 0 0 24.0 1 4
786.3703305156273 503.5276180410083 0 0 24.0 1 5
780.4226065180615 523.6067977499789 0 0 24.0 1 6
773.4321705988807 543.3471798181201 0 0 24.0 1 7
765.4181830570403 562.6946572303201 0 0 24.0 1 8
756.4026096753471 581.5961998958187 0 0 24.0 1 9
746.4101615137755 600.0 0 0 24.0 1 10
735.4682271781696 617.8556140060108 0 0 24.0 1 11
723.606797749979 635.1141009169893 0 0 24.0 1 12
710.8583845827884 651.728156419935 0 0 24.0 1 13
697.2579301909577 667.6522425435433 0 0 24.0 1 14
682.842712474619 682.842712474619 0 0 24.0 1 15
667.6522425435433 697.2579301909577 0 0 24.0 1 16
651.728156419935 710.8583845827884 0 0 24.0 1 17
635.1141009169893 723.606797749979 0 0 24.0 1 18
617.8556140060108 735.4682271781696 0 0 24.0 1 19
600.0 746.4101615137754 0 0 24.0 1 20
581.5961998958187 756.4026096753471 0 0 24.0 1 21
562.6946572303201 765.4181830570403 0 0 24.0 1 22
543.3471798181201 773.4321705988807 0 0 24.0 1 23
523.606797749979 780.4226065180615 0 0 24.0 1 24
503.5276180410083 786.3703305156273 0 0 24.0 1 25
483.1646763271038 791.2590402935223 0 0 24.0 1 26
462.57378601609236 795.0753362380551 0 0 24.0 1 27
441.8113853070614 797.8087581473094 0 0 24.0 1 28
420.9343824971776 799.4518139018296 0 0 24.0 1 29
400.0 800.0 0 0 24.0 1 30
379.0656175028225 799.4518139018296 0 0 24.0 1 31
358.1886146929386 797.8087581473094 0 0 24.0 1 32
337.4262139839077 795.0753362380551 0 0 24.0 1 33
316.83532367289627 791.2590402935223 0 0 24.0 1 34
296.47238195899166 786.3703305156273 0 0 24.0 1 35
276.3932022500211 780.4226065180615 0 0 24.0 1 36
256.65282018187986 773.4321705988807 0 0 24.0 1 37
237.3053427696799 765.4181830570403 0 0 24.0 1 38
218.4038001041813 756.4026096753471 0 0 24.0 1 39
43.597390324652906 581.5961998958187 0 0 24.0 1 40
34.58181694295968 562.6946572303202 0 0 24.0 1 41
26.567829401119297 543.3471798181201 0 0 24.0 1 42
19.5773934819386 523.606797749979 0 0 24.0 1 43
13.629669484372698 503.5276180410084 0 0 24.0 1 44
8.740959706477724 483.16467632710373 0 0 24.0 1 45
4.924663761944942 462.5737860160924 0 0 24.0 1 46
2.1912418526906663 441.81138530706147 0 0 24.0 1 47
0.5481860981704472 420.9343824971775 0 0 24.0 1 48
0.0 400.00000000000006 0 0 24.0 1 49
0.5481860981704472 379.0656175028226 0 0 24.0 1 50
2.1912418526906663 358.1886146929386 0 0 24.0 1 51
4.924663761944885 337.4262139839077 0 0 24.0 1 52
8.740959706477781 316.8353236728962 0 0 24.0 1 53
13.629669484372698 296.47238195899166 0 0 24.0 1 54
19.577393481938543 276.3932022500211 0 0 24.0 1 55
26.567829401119297 256.65282018187986 0 0 24.0 1 56
34.58181694295968 237.30534276967992 0 0 24.0 1 57
43.59739032465285 218.40380010418136 0 0 24.0 1 58
53.58983848622455 199.99999999999994 0 0 24.0 1 59
64.53177282183037 182.14438599398918 0 0 24.0 1 60
76.39320225002103 164.8858990830108 0 0 24.0 1 61
89.14161541721171 148.27184358006497 0 0 24.0 1 62
102.74206980904228 132.3477574564567 0 0 24.0 1 63
117.15728752538092 117.15728752538104 0 0 24.0 1 64
132.34775745645675 102.74206980904228 0 0 24.0 1 65
148.27184358006485 89.14161541721177 0 0 24.0 1 66
164.8858990830107 76.39320225002109 0 0 24.0 1 67
182.1443859939892 64.53177282183032 0 0 24.0 1 68
199.99999999999983 53.58983848622461 0 0 24.0 1 69
218.40380010418124 43.597390324652906 0 0 24.0 1 70
237.30534276967995 34.58181694295962 0 0 24.0 1 71
256.65282018187975 26.567829401119354 0 0 24.0 1 72
276.393202250021 19.5773934819386 0 0 24.0 1 73
296.4723819589917 13.629669484372698 0 0 24.0 1 74
316.8353236728961 8.740959706477781 0 0 24.0 1 75
337.4262139839076 4.924663761944942 0 0 24.0 1 76
358.18861469293864 2.1912418526906663 0 0 24.0 1 77
379.0656175028223 0.5481860981704472 0 0 24.0 1 78
399.99999999999994 0.0 0 0 24.0 1 79
420.9343824971776 0.5481860981704472 0 0 24.0 1 80
441.8113853070612 2.1912418526906663 0 0 24.0 1 81
462.5737860160923 4.924663761944885 0 0 24.0 1 82
483.1646763271038 8.740959706477781 0 0 24.0 1 83
503.5276180410081 13.629669484372641 0 0 24.0 1 84
523.6067977499789 19.577393481938543 0 0 24.0 1 85
543.3471798181201 26.567829401119297 0 0 24.0 1 86
562.6946572303199 34.58181694295956 0 0 24.0 1 87
581.5961998958187 43.59739032465279 0 0 24.0 1 88
600.0 53.58983848622455 0 0 24.0 1 89
617.8556140060107 64.53177282183032 0 0 24.0 1 90
635.1141009169892 76.39320225002098 0 0 24.0 1 91
651.728156419935 89.14161541721171 0 0 24.0 1 92
667.6522425435431 102.74206980904216 0 0 24.0 1 93
682.842712474619 117.15728752538092 0 0 24.0 1 94
697.2579301909577 132.34775745645675 0 0 24.0 1 95
710.8583845827882 148.27184358006485 0 0 24.0 1 96
723.6067977499789 164.88589908301066 0 0 24.0 1 97
735.4682271781696 182.1443859939892 0 0 24.0 1 98
746.4101615137754 199.99999999999983 0 0 24.0 1 99
756.4026096753471 218.40380010418122 0 0 24.0 1 100
765.4181830570403 237.30534276967995 0 0 24.0 1 101
773.4321705988806 256.6528201818797 0 0 24.0 1 102
780.4226065180615 276.3932022500209 0 0 24.0 1 103
786.3703305156273 296.4723819589917 0 0 24.0 1 104
791.2590402935223 316.83532367289604 0 0 24.0 1 105
795.0753362380551 337.4262139839076 0 0 24.0 1 106
797.8087581473094 358.18861469293864 0 0 24.0 1 107
799.4518139018296 379.06561750282225 0 0 24.0 1 108
800.0 399.9999999999999 0 0 24.0 1 109
598.5617121772066 523.8113341227537 0 0 10.0 1 110
452.85412931070863 284.52081999422194 0 0 11.0 1 111
601.722678008686 149.018006269366 0 0 11.0 1 112
385.89801690115553 248.6555779928447 0 0 13.0 1 113
230.04206237671073 553.4773580657359 0 0 12.0 1 114
509.45731047045865 609.0815562993868 0 0 13.0 1 115
584.9349273377145 395.09361124713513 0 0 11.0 1 116
577.182895191934 624.5043911628547 0 0 13.0 1 117
257.5148676186227 312.89668748973213 0 0 11.0 1 118
122.92812050064782 191.0976936683167 0 0 10.0 1 119
662.5234098248194 269.8829016080134 0 0 10.0 1 120
241.05756834514153 225.54856429469933 0 0 10.0 1 121
637.6461175668662 630.4025234353894 0 0 12.0 1 122
465.12468865291004 755.0771394047517 0 0 10.0 1 123
599.4881821280289 536.9980481293596 0 0 12.0 1 124
698.4380265383642 528.6846700888907 0 0 10.0 1 125
117.68812439171342 510.04092370809747 0 0 13.0 1 126
186.03676008550462 261.27461672321067 0 0 12.0 1 127
221.09422238424287 92.21968429462345 0 0 12.0 1 128
180.74444323138133 127.18687563446838 0 0 11.0 1 129
580.2866857333877 240.06966845757267 0 0 12.0 1 130
378.51107800307096 114.80843941061318 0 0 12.0 1 131
685.1036926087952 511.13903212116634 0 0 13.0 1 132
467.3841395886008 682.0627195002983 0 0 13.0 1 133
215.95168709929527 483.2479340188348 0 0 11.0 1 134
576.5564238979059 412.5231457862211 0 0 11.0 1 135
210.84427778164388 99.59175651781442 0 0 12.0 1 136
180.07108627143387 204.89163804138755 0 0 12.0 1 137
362.74378100119725 186.2221383166319 0 0 11.0 1 138
636.7601867884645 305.291954133287 0 0 11.0 1 139
425.14700857970087 609.4961287458373 0 0 13.0 1 140
693.0501620180701 366.1384799339598 0 0 12.0 1 141
406.5306243844748 236.130079193438 0 0 12.0 1 142
173.0403431362507 277.3080517870501 0 0 12.0 1 143
134.97333881295623 469.5476013967979 0 0 13.0 1 144
464.5046984959593 587.1981406743812 0 0 10.0 1 145
465.1299707910413 652.7431243471484 0 0 13.0 1 146
490.9188705623459 538.8875767506489 0 0 11.0 1 147
547.6892189676576 380.27958923543184 0 0 12.0 1 148
365.35735373611186 588.8488471233942 0 0 10.0 1 149
630.0046717133682 615.2274401418781 0 0 12.0 1 150
174.19980016958746 338.5974776043706 0 0 11.0 1 151
487.81276602015373 208.14088991166008 0 0 13.0 1 152
357.17137484349286 255.20114341886742 0 0 11.0 1 153
537.9837967323037 253.84435748374864 0 0 12.0 1 154
590.5943445200883 453.64509145260075 0 0 13.0 1 155
624.5450012174829 193.59132181945304 0 0 13.0 1 156
533.1206272885228 633.7517884216294 0 0 10.0 1 157
638.487004200817 339.66801157495706 0 0 11.0 1 158
372.462147451524 669.5972304698593 0 0 12.0 1 159
551.409199738638 91.11287784288379 0 0 12.0 1 160
46.60878502153895 336.78885243845724 0 0 10.0 1 161
395.9373153497438 705.9730291928238 0 0 10.0 1 162
366.7498807176761 601.272028776259 0 0 11.0 1 163
148.43496232924957 498.05626865077994 0 0 13.0 1 164
305.94760867803797 620.8034141190315 0 0 13.0 1 165
535.707093954484 628.7784619461125 0 0 11.0 1 166
273.72311924471296 62.873689269563215 0 0 11.0 1 167
185.11152458057097 288.7033552531189 0 0 13.0 1 168
43.20266675307607 323.0541554865793 0 0 13.0 1 169
659.5123635382624 259.7205176414428 0 0 11.0 1 170
671.1211174209276 297.07604900496875 0 0 13.0 1 171
107.52718593501868 532.2900337626038 0 0 10.0 1 172
66.66334860500086 543.7208295160058 0 0 12.0 1 173
311.3320456274187 508.3420226291804 0 0 11.0 1 174
420.4451928022286 128.76948163733545 0 0 10.0 1 175
112.05397057133155 290.6789858432313 0 0 12.0 1 176
584.0542408098181 566.216835609157 0 0 10.0 1 177
611.8760494952498 668.4632929290082 0 0 10.0 1 178
601.5208492055381 506.6458969462904 0 0 10.0 1 179
717.2030666640344 422.49921107354976 0 0 10.0 1 180
682.8362795867201 549.6784518544428 0 0 13.0 1 181
625.5055029715525 685.732861479997 0 0 13.0 1 182
469.1806498509948 275.9917837956128 0 0 11.0 1 183
126.00000012448942 399.9917404471795 0 0 11.0 1 184
244.61029771797516 413.7855150322242 0 0 12.0 1 185
568.7286780300232 648.0536901766244 0 0 11.0 1 186
582.226972272425 667.8979853907545 0 0 10.0 1 187
206.6764094803017 167.98709228025263 0 0 12.0 1 188
351.5484887417317 729.456296125586 0 0 11.0 1 189
201.29233925746198 169.93204142638982 0 0 12.0 1 190
114.40278176318401 415.1732967872015 0 0 13.0 1 191
619.9914404066079 398.0593434549451 0 0 11.0 1 192
163.38182880044042 246.58604672919773 0 0 12.0 1 193
235.34931291747512 162.48968181728932 0 0 10.0 1 194
608.8164957657968 422.2636721160939 0 0 12.0 1 195
525.6655004118907 726.6621833121017 0 0 12.0 1 196
426.10749132953134 529.3924220983533 0 0 11.0 1 197
629.8087142692632 484.9291165967724 0 0 13.0 1 198
516.4921334133081 632.4426442217865 0 0 11.0 1 199
447.81794946515106 93.71019653121283 0 0 13.0 1 200
254.3312178164736 577.9904657479393 0 0 10.0 1 201
423.12976341828954 557.3086585163511 0 0 13.0 1 202
228.23487695255926 331.2850634541693 0 0 11.0 1 203
305.9952824615342 264.3972231828815 0 0 10.0 1 204
712.0081009222176 375.101306080212 0 0 11.0 1 205
491.33922371915884 91.22638355846942 0 0 11.0 1 206
237.3890087023269 281.8532035593513 0 0 12.0 1 207
755.8747790931155 390.55851677827087 0 0 13.0 1 208
357.51605504370167 70.72942065688557 0 0 10.0 1 209
669.5097039342565 331.8199480399921 0 0 12.0 1 210
480.6286084042913 737.5026333331156 0 0 11.0 1 211
502.5511167998136 484.6892463250854 0 0 11.0 1 212
453.6853796278309 145.6029087937213 0 0 11.0 1 213
237.01256590790504 173.5577417351721 0 0 10.0 1 214
306.00345097773743 184.61743623982605 0 0 12.0 1 215
143.05408538130837 569.8316724311576 0 0 12.0 1 216
78.55207092910672 218.80334192917914 0 0 10.0 1 217
566.6738794527636 346.66316555919695 0 0 10.0 1 218
587.2616232211092 533.5405723688323 0 0 11.0 1 219
249.52415730663085 290.6701286668624 0 0 11.0 1 220
720.523153204826 439.92378062803647 0 0 11.0 1 221
141.94691558516348 439.1101728964378 0 0 11.0 1 222
704.9292650035078 317.0895462295585 0 0 11.0 1 223
460.43426786350375 729.5037166221381 0 0 10.0 1 224
516.4385956334756 719.4402188937767 0 0 12.0 1 225
192.94885295255634 529.0961754132858 0 0 11.0 1 226
376.45038760085356 754.2180342047112 0 0 11.0 1 227
608.4303284547998 548.6364631583524 0 0 12.0 1 228
65.77228642369204 481.4115193173144 0 0 10.0 1 229
601.007382508319 707.0586787198081 0 0 13.0 1 230
100.14050222332588 190.1422348515052 0 0 12.0 1 231
95.72355695597037 432.432178595854 0 0 11.0 1 232
377.68458100318907 103.83953323409827 0 0 12.0 1 233
247.3506564615917 462.6352769395411 0 0 12.0 1 234
489.3490335666963 217.72068082007388 0 0 12.0 1 235
491.0555615336956 92.18530783313258 0 0 11.0 1 236
291.36462846118854 492.9911611424677 0 0 12.0 1 237
61.34262780932755 345.59242459998484 0 0 10.0 1 238
351.7823425390317 236.98141974309576 0 0 13.0 1 239
225.51157747093677 111.68976708531642 0 0 11.0 1 240
239.2481693145217 567.2807488364017 0 0 13.0 1 241
580.5285615125551 523.9775724807015 0 0 10.0 1 242
665.4607139559121 528.6686027981084 0 0 10.0 1 243
523.5598627502746 102.65010456175827 0 0 10.0 1 244
353.95561350325545 541.7071433349018 0 0 12.0 1 245
608.3080217898222 645.5438210544321 0 0 11.0 1 246
291.00021581981014 608.1923318680879 0 0 11.0 1 247
197.25278492386735 206.88457653809107 0 0 12.0 1 248
328.19197784038647 700.5405263080579 0 0 13.0 1 249
256.5916235614017 489.41497395428405 0 0 11.0 1 250
709.9377984733487 364.1871380996456 0 0 13.0 1 251
89.75476879062029 358.56455005869356 0 0 11.0 1 252
613.4667951120301 582.7373179856772 0 0 10.0 1 253
406.9478014662541 86.07687556539338 0 0 10.0 1 254
431.46729577706714 198.44154868505618 0 0 11.0 1 255
303.8623907991219 637.2626394886883 0 0 13.0 1 256
236.80094781588062 107.44048577049307 0 0 12.0 1 257
504.12284319842365 670.66295188717 0 0 11.0 1 258
106.41783922803836 502.6182969867756 0 0 11.0 1 259
149.00000011403958 399.99243376730675 0 0 11.0 1 260
708.0066949373596 204.15088492984125 0 0 10.0 1 261
103.90104648390547 556.6857036448242 0 0 11.0 1 262
554.0 400.0 0 0 13.0 1 263
43.60270122383963 450.8032029015522 0 0 13.0 1 264
537.4303595202633 347.8282041507945 0 0 12.0 1 265
265.4529322544945 257.47601408504477 0 0 13.0 1 266
682.9556563472966 405.009644804832 0 0 10.0 1 267
371.9815862115064 99.30252995946779 0 0 12.0 1 268
490.44018536612833 497.51703887495944 0 0 13.0 1 269
581.7479309284633 657.2793998811846 0 0 13.0 1 270
629.8087142692632 484.9291165967724 0 0 11.0 1 271
151.07438462442138 145.49648723467593 0 0 13.0 1 272
218.37176001087644 539.471081011274 0 0 13.0 1 273
233.11808986926627 274.17699705094583 0 0 11.0 1 274
403.0599658752558 630.9797320304149 0 0 12.0 1 275
284.5640421300588 340.21254621035314 0 0 12.0 1 276
232.88614321184602 440.7057596586572 0 0 13.0 1 277
511.923356426582 564.5422811504942 0 0 10.0 1 278
281.79080884852294 84.41231467734116 0 0 11.0 1 279
700.9972850558484 365.2202014236943 0 0 13.0 1 280
645.6079735911992 426.1863191079771 0 0 13.0 1 281
684.0633116261142 303.5218419122489 0 0 12.0 1 282
459.5859176152798 58.15424761751814 0 0 10.0 1 283
268.6290498033092 453.9042989419081 0 0 12.0 1 284
272.57939908209755 339.6262436010427 0 0 12.0 1 285
113.54354051274521 361.7417091596244 0 0 12.0 1 286
504.01375378591047 568.4788978577554 0 0 12.0 1 287
114.81622803009611 528.9930858806698 0 0 11.0 1 288
660.9379033372709 338.8819944537692 0 0 11.0 1 289
352.101477134259 547.413471254428 0 0 12.0 1 290
252.63007651273213 505.08618201912566 0 0 11.0 1 291
415.86833354420935 588.3326737200152 0 0 13.0 1 292
242.43848816485718 78.53714057729132 0 0 11.0 1 293
258.23604720722767 145.86621301257753 0 0 13.0 1 294
285.81497009921435 696.7924846530934 0 0 11.0 1 295
124.52507657845388 192.30174154342728 0 0 11.0 1 296
580.4227679083899 175.51921057632734 0 0 10.0 1 297
437.4343805191095 185.23811521792206 0 0 12.0 1 298
615.8466435546886 466.9792987883211 0 0 10.0 1 299
366.8574043865022 143.129276958233 0 0 11.0 1 300
252.095072702239 543.3880485990518 0 0 12.0 1 301
199.85544509079176 548.1322285668953 0 0 10.0 1 302
485.00017421628604 491.6513523260897 0 0 11.0 1 303
276.76091644953965 588.2475186706126 0 0 11.0 1 304
619.7015951514413 316.59610867644017 0 0 10.0 1 305
184.00000009813766 399.9934888196743 0 0 10.0 1 306
334.1750167149363 214.3226681161077 0 0 11.0 1 307
769.2906955380163 377.1006072340733 0 0 11.0 1 308
522.7621581071919 523.3103910336223 0 0 13.0 1 309
147.79726302584555 470.9773165366617 0 0 10.0 1 310
719.7433398498226 428.37598670849763 0 0 13.0 1 311
622.1381217082629 133.42232860960587 0 0 11.0 1 312
356.1606682731639 520.258525659283 0 0 12.0 1 313
191.21357932366786 664.532097374148 0 0 13.0 1 314
586.0007145232478 209.8428697186422 0 0 11.0 1 315
536.0507824805478 552.0071859697122 0 0 12.0 1 316
612.651197600588 264.7836246638904 0 0 11.0 1 317
242.18601964754535 172.3517019494434 0 0 11.0 1 318
272.00469920372757 106.7131046669972 0 0 13.0 1 319
154.18717577091306 459.87533252116435 0 0 12.0 1 320
279.9353342442304 444.36751105206736 0 0 11.0 1 321
472.53747989086287 107.8710661179166 0 0 12.0 1 322
410.7417110529772 561.6434831462573 0 0 13.0 1 323
300.51338440112244 84.3048728334864 0 0 10.0 1 324
273.4520047064109 472.81212046887356 0 0 12.0 1 325
455.4580208345011 286.8611122331493 0 0 11.0 1 326
567.2321741041818 184.21677557236146 0 0 13.0 1 327
369.7725534163535 206.34489040298266 0 0 11.0 1 328
485.48919686854504 525.6805363561564 0 0 12.0 1 329
258.13127300387 573.3472362066886 0 0 12.0 1 330
198.34245541113984 376.6926039551418 0 0 13.0 1 331
357.9294333420624 242.52280348863195 0 0 13.0 1 332
590.8432611521416 197.85438497752298 0 0 13.0 1 333
496.39445482303273 266.0854411224444 0 0 10.0 1 334
310.4319895816752 115.77900937878837 0 0 13.0 1 335
325.27033939700027 531.2115765706687 0 0 13.0 1 336
563.2158037805968 649.3283004318878 0 0 13.0 1 337
210.90075684655972 504.39097776530343 0 0 11.0 1 338
209.47825394301816 413.50793394264736 0 0 11.0 1 339
261.97664008732374 513.9761032779056 0 0 10.0 1 340
624.4423063511143 469.6466159967056 0 0 10.0 1 341
253.00000006678812 399.99556878005615 0 0 10.0 1 342
225.05923637431428 683.3456003224012 0 0 12.0 1 343
317.4125104700156 289.44093626873143 0 0 12.0 1 344
342.70255244906735 254.90347177086517 0 0 13.0 1 345
332.7555022700067 508.91362414795003 0 0 10.0 1 346
500.31320297774073 204.20096703929667 0 0 13.0 1 347
658.5704028078497 322.27389890270877 0 0 12.0 1 348
66.94688682529102 536.6587860499078 0 0 11.0 1 349
585.1871510870959 461.07961257445163 0 0 12.0 1 350
191.03763423624747 646.3000805814236 0 0 11.0 1 351
612.0678006106721 105.3879704693777 0 0 12.0 1 352
665.5427977313759 293.7784269887062 0 0 12.0 1 353
213.50844288331086 103.8228585386903 0 0 12.0 1 354
323.8239721543528 172.4099897147083 0 0 13.0 1 355
645.519194030266 365.00963900259677 0 0 12.0 1 356
222.85118564278093 343.3052244749877 0 0 10.0 1 357
659.9583572863047 152.4062753682841 0 0 10.0 1 358
111.61053765740633 198.16958105937113 0 0 12.0 1 359
602.742342520032 626.5205124254535 0 0 11.0 1 360
518.9420015331916 441.5788440348965 0 0 10.0 1 361
167.8849688548098 307.14197764076937 0 0 10.0 1 362
550.5535551618406 348.8665762134919 0 0 10.0 1 363
251.81371117446923 334.5414344480696 0 0 12.0 1 364
159.5283726609773 348.1406089032836 0 0 11.0 1 365
549.1061951987683 514.5047708759193 0 0 13.0 1 366
307.698872449638 271.763882416334 0 0 10.0 1 367
477.9436738063579 574.3725428889769 0 0 13.0 1 368
95.33660296651914 457.27315695873256 0 0 10.0 1 369
566.3462235355776 414.76258498541773 0 0 12.0 1 370
677.5313369107803 497.0173027480919 0 0 10.0 1 371
309.7464251190762 84.66162266350534 0 0 11.0 1 372
483.2065551036935 529.5865316604161 0 0 10.0 1 373
373.05852533291284 624.3884064357219 0 0 10.0 1 374
262.28529194418593 142.51473986827534 0 0 11.0 1 375
300.131923290315 220.97104353119724 0 0 11.0 1 376
538.3157399185394 436.3009103300035 0 0 13.0 1 377
721.12465491577 484.2790365703577 0 0 10.0 1 378
461.0926947363691 186.57159830554693 0 0 11.0 1 379
390.0260397825483 721.8454910629955 0 0 12.0 1 380
231.02639073470033 402.98653174398567 0 0 12.0 1 381
626.0393038694807 442.49980124895353 0 0 11.0 1 382
191.4051217592162 560.1785777553059 0 0 11.0 1 383
475.8904430920355 115.96366315681627 0 0 12.0 1 384
166.97423155686005 144.2364544320592 0 0 12.0 1 385
624.927513545301 178.0459199511565 0 0 12.0 1 386
236.24022886470124 350.76853285027386 0 0 10.0 1 387
134.45912690309677 503.5038391313788 0 0 12.0 1 388
630.4859835727059 499.3841605917279 0 0 12.0 1 389
285.28712515831796 498.1934638637247 0 0 11.0 1 390
356.3705147235612 209.94351362157354 0 0 13.0 1 391
427.64661459791927 185.77660094827615 0 0 12.0 1 392
359.4152955818693 645.6702704180809 0 0 11.0 1 393
485.4362721273842 258.8417788261146 0 0 13.0 1 394
604.0726701840466 176.02824891528547 0 0 11.0 1 395
599.9204097567048 615.5639806709629 0 0 13.0 1 396
398.57144497343324 75.00313966049447 0 0 12.0 1 397
216.00000008359874 399.99445343898185 0 0 10.0 1 398
591.1213041298588 283.1725755325317 0 0 10.0 1 399
225.91013282960841 337.40832205000885 0 0 11.0 1 400
224.51209212961228 550.216491076294 0 0 11.0 1 401
402.8480201869264 614.981135872464 0 0 11.0 1 402
290.54718352450044 122.82842684434496 0 0 11.0 1 403
727.957396816005 373.82852939421645 0 0 11.0 1 404
450.65664394858766 596.5779856033377 0 0 13.0 1 405
216.35475112153335 266.57053337299874 0 0 11.0 1 406
667.8263856972446 554.1104380772139 0 0 12.0 1 407
58.931960901626894 436.3537165306468 0 0 10.0 1 408
147.67972253413555 370.8370512542168 0 0 10.0 1 409
182.76325099660426 152.91864723853473 0 0 12.0 1 410
593.6075776621204 436.4020036784515 0 0 10.0 1 411
197.7166392800747 466.7116329874527 0 0 11.0 1 412
86.18047789170288 274.45595377032015 0 0 12.0 1 413
62.91498817256837 285.502424474139 0 0 11.0 1 414
654.4381249544856 568.1851377787157 0 0 12.0 1 415
400.7036859801001 241.00155715843815 0 0 10.0 1 416
595.4462637326545 173.72194540135882 0 0 13.0 1 417
627.4182197346412 654.0904432140777 0 0 12.0 1 418
653.8408140585617 408.9911688943498 0 0 10.0 1 419
761.3457083954306 451.51969549797786 0 0 10.0 1 420
553.3136147984304 428.8259521514641 0 0 10.0 1 421
706.021543746913 193.81606570162612 0 0 10.0 1 422
259.21036990683433 147.61283697812684 0 0 11.0 1 423
177.0965726925898 219.2154262814161 0 0 13.0 1 424
79.31431892599801 385.7981003346922 0 0 11.0 1 425
427.78172313725247 551.4733503277888 0 0 10.0 1 426
540.4896685004 431.60147219114515 0 0 10.0 1 427
521.8171473430265 566.122191814361 0 0 11.0 1 428
657.2619361515244 219.96584710791961 0 0 12.0 1 429
236.5113809204521 699.2531895092557 0 0 11.0 1 430
250.37285188590917 325.8331843258461 0 0 12.0 1 431
318.0739232596915 70.01800359725519 0 0 10.0 1 432
648.2816511995488 605.0371226817856 0 0 12.0 1 433
426.35696616642906 117.2256901086987 0 0 12.0 1 434
257.06087404336415 94.8157830575883 0 0 11.0 1 435
496.2789321229314 526.5360313478653 0 0 11.0 1 436
337.7895772593881 214.13482493367843 0 0 10.0 1 437
162.03716565005138 404.2058849412343 0 0 13.0 1 438
239.76254328904406 384.34888288956586 0 0 12.0 1 439
585.9523547223979 476.30676099268993 0 0 13.0 1 440
322.87177180628225 169.56511458614216 0 0 13.0 1 441
583.1590478283897 163.66599229353875 0 0 12.0 1 442
413.9091811541452 685.6615736840031 0 0 12.0 1 443
155.73677886757636 505.3160899483679 0 0 12.0 1 444
435.14146507941325 654.5860904135817 0 0 11.0 1 445
668.3455588769325 229.3698120758617 0 0 11.0 1 446
494.38275331420874 559.1128400753039 0 0 11.0 1 447
632.9634909149121 404.1245485495614 0 0 11.0 1 448
210.288158108659 146.03461447237575 0 0 12.0 1 449
269.0496016199027 301.2680742409335 0 0 11.0 1 450
366.41501393564675 39.561310746117044 0 0 12.0 1 451
544.7449042738169 360.6437719444107 0 0 12.0 1 452
570.2794410209909 375.7324915663171 0 0 12.0 1 453
125.16447604343358 501.5600057676229 0 0 12.0 1 454
609.2060007745896 242.2760346684676 0 0 13.0 1 455
397.75622971930295 568.9851043581282 0 0 12.0 1 456
601.3048003498404 208.27004053588576 0 0 12.0 1 457
591.332528073742 536.4436282898939 0 0 10.0 1 458
410.5788890294729 525.5551158133435 0 0 12.0 1 459
294.84948993653956 659.5060119407527 0 0 10.0 1 460
378.6607046672326 608.9129830209241 0 0 12.0 1 461
126.32775515516045 215.59961387896664 0 0 12.0 1 462
584.6860018710319 642.7263494408738 0 0 11.0 1 463
206.7683145854662 254.31020711162145 0 0 12.0 1 464
389.3755641161928 742.8354143931908 0 0 10.0 1 465
192.63233298688883 438.9826971557825 0 0 13.0 1 466
39.317849318427534 467.8040277543705 0 0 13.0 1 467
158.04393042678115 454.41746407799315 0 0 12.0 1 468
538.9930625052389 324.8672602960948 0 0 13.0 1 469
577.4914515747905 526.5732381582845 0 0 11.0 1 470
213.40528760579122 274.27246400838635 0 0 12.0 1 471
511.3099412804759 191.89882995971166 0 0 10.0 1 472
646.6517478926778 413.11164602507637 0 0 13.0 1 473
592.2450748575427 567.5315826732913 0 0 13.0 1 474
449.05043825548313 643.1009142453912 0 0 10.0 1 475
736.1595701834675 450.9582512854038 0 0 12.0 1 476
438.60577111280537 610.4889413645897 0 0 11.0 1 477
508.21081147694866 139.58797977147776 0 0 13.0 1 478
195.92755634152388 457.4320271212682 0 0 11.0 1 479
589.9101334250508 292.9572925301337 0 0 11.0 1 480
541.4644809091315 504.70816893208473 0 0 11.0 1 481
475.70354447904356 633.0106721875834 0 0 13.0 1 482
484.89412612749163 529.6841831105456 0 0 13.0 1 483
75.00000014766084 399.99020308515816 0 0 13.0 1 484
545.1428809019886 307.70945810392516 0 0 11.0 1 485
325.0001632709443 526.4279418902918 0 0 13.0 1 486
589.2555126129278 192.29022424156838 0 0 13.0 1 487
240.78191037599117 356.7033495928255 0 0 13.0 1 488
439.68817591036066 616.3905004682698 0 0 13.0 1 489
583.4788636039725 659.7296798800531 0 0 11.0 1 490
516.1126147849426 146.3095179400624 0 0 12.0 1 491
70.32313160616616 385.39991623192657 0 0 11.0 1 492
544.7041467429782 374.12124586873193 0 0 12.0 1 493
205.77737968509533 432.96321825933234 0 0 12.0 1 494
603.0382232493866 555.9213901289114 0 0 13.0 1 495
129.9303030953605 286.37183969703574 0 0 10.0 1 496
264.05102167357677 265.84011295472214 0 0 12.0 1 497
714.1265360463161 280.7501809161017 0 0 12.0 1 498
375.13597716782687 133.1558875136999 0 0 11.0 1 499
361.2081941706221 634.8173669056355 0 0 10.0 1 500
592.6460153724726 318.95363819942907 0 0 11.0 1 501
204.2570810223443 285.0490988721406 0 0 10.0 1 502
291.09115788903586 627.2506636075 0 0 11.0 1 503
255.12197250331238 182.90242482084463 0 0 11.0 1 504
549.1995401024293 697.7053866379035 0 0 13.0 1 505
207.62474625549717 446.8589558861286 0 0 13.0 1 506
309.77277221711694 518.5750705950275 0 0 12.0 1 507
433.34599558374276 99.8466315722427 0 0 11.0 1 508
460.871829642333 587.3596017181793 0 0 12.0 1 509
627.7094168112737 424.27800435516906 0 0 12.0 1 510
96.08631480570813 512.3052623505454 0 0 10.0 1 511
314.65989971800724 556.2084097731598 0 0 10.0 1 512
239.29803496787076 427.2741349049298 0 0 13.0 1 513
381.9124068131781 577.0786237034499 0 0 13.0 1 514
377.17519339602205 253.77063152878281 0 0 12.0 1 515
323.29924477672637 524.2296025437555 0 0 12.0 1 516
359.4152955818693 645.6702704180809 0 0 12.0 1 517
379.4964587839169 179.95317589749135 0 0 10.0 1 518
659.1470177985377 161.784082886713 0 0 12.0 1 519
81.82517821657859 357.5054970250499 0 0 10.0 1 520
732.2189191810266 303.32223762317165 0 0 11.0 1 521
317.64212816844883 719.557789683459 0 0 12.0 1 522
195.90682133783235 492.3145406941535 0 0 10.0 1 523
189.5146655021261 138.09940060908963 0 0 11.0 1 524
272.5852376153589 473.3108336227699 0 0 10.0 1 525
332.1989172012519 519.0462648356398 0 0 11.0 1 526
740.5192147020371 418.10150321680584 0 0 13.0 1 527
251.51343740400173 275.1491260406052 0 0 11.0 1 528
532.4919043250479 259.66149748439545 0 0 11.0 1 529
371.20816983383395 176.84975797529896 0 0 11.0 1 530
276.38273928265176 203.6768662313604 0 0 12.0 1 531
246.60424581997978 571.3760269102502 0 0 11.0 1 532
655.2723483149921 568.7365644599573 0 0 10.0 1 533
529.4442192313655 54.44943335658934 0 0 13.0 1 534
343.1162175022988 744.3330296221294 0 0 12.0 1 535
589.6182953924231 343.0008591953198 0 0 13.0 1 536
191.32730692741396 291.9226796879461 0 0 11.0 1 537
475.6778876238806 135.61797087398827 0 0 10.0 1 538
659.9030047105908 651.9810075033564 0 0 11.0 1 539
687.5598764906498 321.8122935962292 0 0 10.0 1 540
246.81177577876045 225.7663409098482 0 0 13.0 1 541
206.52345955134118 506.8074355839447 0 0 10.0 1 542
321.42771864115474 190.23251776772824 0 0 13.0 1 543
398.8791337483861 145.00246342592644 0 0 11.0 1 544
561.0923462335509 71.35846886771941 0 0 11.0 1 545
158.7083578394897 161.8837606892712 0 0 13.0 1 546
536.7713322411522 311.3286817681142 0 0 10.0 1 547
192.84266523857676 519.1924437812381 0 0 11.0 1 548
176.90777055935433 441.93873106333 0 0 11.0 1 549
331.1527163398363 265.6085883227022 0 0 10.0 1 550
665.7831762021144 648.707264163948 0 0 12.0 1 551
316.0887791166028 630.1823342697213 0 0 11.0 1 552
297.40010415535704 587.8011218621135 0 0 12.0 1 553
488.2172137386869 688.8281897602496 0 0 11.0 1 554
506.98314130989644 327.9194376030075 0 0 13.0 1 555
495.77970382733355 677.9608755468083 0 0 11.0 1 556
678.6066302107575 414.81032081375025 0 0 10.0 1 557
135.07050686384122 534.2436727247061 0 0 11.0 1 558
718.2229261062901 483.517479010987 0 0 12.0 1 559
659.2211069801998 468.0324753037827 0 0 13.0 1 560
588.0360825042743 438.8127772318055 0 0 10.0 1 561
613.8628034832327 479.0360758533229 0 0 10.0 1 562
732.9478217796811 405.8947410601027 0 0 13.0 1 563
268.198790779913 260.3846668588194 0 0 11.0 1 564
157.45183833289087 434.57440197466747 0 0 11.0 1 565
247.36444997291366 586.503053240232 0 0 10.0 1 566
535.4832445220461 703.0978232415723 0 0 13.0 1 567
704.1782611786888 608.8937180154285 0 0 12.0 1 568
616.5882389381167 448.7189362946821 0 0 13.0 1 569
177.69677153731408 671.6289281631596 0 0 12.0 1 570
492.10575909774377 220.22088791789966 0 0 11.0 1 571
251.4845500678406 305.5586894868128 0 0 13.0 1 572
587.234991125957 194.50776633151605 0 0 11.0 1 573
189.03294937882706 403.72874673361525 0 0 10.0 1 574
105.61394993870357 360.68265612598077 0 0 10.0 1 575
249.0968686295606 311.38146388821406 0 0 11.0 1 576
718.6798984279255 477.63454345822515 0 0 13.0 1 577
683.136637263269 440.36885729430594 0 0 12.0 1 578
356.4384730224246 193.54566275473414 0 0 11.0 1 579
530.0959825993486 577.4120495104827 0 0 10.0 1 580
205.618423980961 384.4821746254647 0 0 12.0 1 581
465.2929076703339 673.3090488951166 0 0 11.0 1 582
226.30508816064005 460.7130760307611 0 0 13.0 1 583
268.17788351361384 497.56500194767403 0 0 11.0 1 584
129.07776167737717 247.284117452506 0 0 12.0 1 585
622.6462590441348 601.0687527530124 0 0 12.0 1 586
254.57501601422848 277.72337086451023 0 0 13.0 1 587
343.3090938917262 564.50574812031 0 0 11.0 1 588
548.4385645748766 355.37946048118465 0 0 13.0 1 589
163.7225247252237 645.8738592810905 0 0 12.0 1 590
129.09553943311914 392.804637259505 0 0 11.0 1 591
217.1121437880322 505.22847547213917 0 0 13.0 1 592
586.9486000921044 183.56012168825626 0 0 10.0 1 593
193.89977663749846 143.55566309640028 0 0 11.0 1 594
433.7279783320159 680.982959407924 0 0 12.0 1 595
450.1895660384061 610.0880945243601 0 0 11.0 1 596
407.95283976987133 656.8769206051699 0 0 13.0 1 597
408.24292224137974 193.1641853234248 0 0 10.0 1 598
496.968599444056 188.13662250908436 0 0 11.0 1 599
708.7864029702337 427.40360087113476 0 0 13.0 1 600
457.8482202692008 273.6094014109988 0 0 12.0 1 601
349.7355037115838 279.02694344246817 0 0 13.0 1 602
593.3454261803572 447.10144557374025 0 0 13.0 1 603
113.93899132385201 218.0931575910769 0 0 12.0 1 604
467.83122211325656 287.9289274316425 0 0 11.0 1 605
199.33584233029677 376.80741871398345 0 0 12.0 1 606
190.15192114364248 459.0574618511155 0 0 10.0 1 607
469.7769830768837 522.5241716262072 0 0 12.0 1 608
411.87919601867225 272.5524237109628 0 0 11.0 1 609
241.68399233213975 646.5462263270522 0 0 13.0 1 610
168.0000001054071 399.9930065100206 0 0 13.0 1 611
195.5957325335513 612.7061245980108 0 0 12.0 1 612
273.05837843866277 470.0772767405972 0 0 13.0 1 613
288.23022549724294 331.67344946799346 0 0 13.0 1 614
217.57641215022517 86.1678241543492 0 0 10.0 1 615
443.7738064467055 60.812951501437226 0 0 13.0 1 616
413.75540545149937 217.51770271923672 0 0 11.0 1 617
203.32072767542275 706.2895098397507 0 0 11.0 1 618
474.7789331288613 254.04072088383933 0 0 12.0 1 619
666.3861169504526 287.9311073666746 0 0 13.0 1 620
246.39953175847808 86.61860911026446 0 0 12.0 1 621
94.87618245604028 339.8297750760363 0 0 12.0 1 622
499.365280972192 251.1123210694809 0 0 10.0 1 623
361.2540774124943 51.1450824728953 0 0 10.0 1 624
713.8262727708261 444.74450266536707 0 0 10.0 1 625
521.4982743169107 261.8183465940116 0 0 11.0 1 626
128.45511672289285 159.10090003069277 0 0 10.0 1 627
576.5250340214827 461.70828440099723 0 0 10.0 1 628
699.1681295679201 286.4287437296207 0 0 11.0 1 629
200.50674344872715 652.7576716750018 0 0 11.0 1 630
477.1922033877057 182.27916099704404 0 0 10.0 1 631
346.7469876260474 762.1051182641577 0 0 11.0 1 632
236.7819671761664 622.5665602940342 0 0 13.0 1 633
298.1832778911016 217.47779560009866 0 0 13.0 1 634
350.6224945559699 515.9217924124915 0 0 13.0 1 635
304.4207137146735 96.70377510890842 0 0 11.0 1 636
623.3937907301481 553.4151695994069 0 0 11.0 1 637
445.0128020858921 166.29538376750813 0 0 11.0 1 638
401.33213509440327 99.00294782823823 0 0 11.0 1 639
676.8372930922674 441.96561870562664 0 0 13.0 1 640
231.3612339916008 156.73683674019944 0 0 12.0 1 641
394.8271697008868 566.9198664829821 0 0 13.0 1 642
397.86244369708743 560.98580947727 0 0 11.0 1 643
662.7234883675667 333.5367119382657 0 0 13.0 1 644
577.991203533703 418.9771300418134 0 0 12.0 1 645
504.8340615048174 248.78551805992865 0 0 11.0 1 646
571.0568209094473 324.4449603245869 0 0 10.0 1 647
612.3542540317958 522.191124041804 0 0 12.0 1 648
254.32445252931345 614.1486279879368 0 0 13.0 1 649
578.3805234672777 354.8736346739516 0 0 10.0 1 650
59.34847613144996 277.52331125461194 0 0 11.0 1 651
335.9223596933931 245.78243935032202 0 0 13.0 1 652
125.4984453222973 215.040824830115 0 0 11.0 1 653
360.06891062712674 554.9371101495558 0 0 13.0 1 654
641.5446624877247 441.0021465741877 0 0 10.0 1 655
559.2061228046314 266.1440682617441 0 0 11.0 1 656
322.80438894923526 235.18241102813374 0 0 10.0 1 657
373.29134707002316 716.8763920816223 0 0 13.0 1 658
572.1462075814284 290.53912472791126 0 0 13.0 1 659
231.53596745016623 386.5512180087361 0 0 12.0 1 660
128.54514569957422 476.3954323028191 0 0 12.0 1 661
394.9200947960805 563.92130600724 0 0 11.0 1 662
628.5661740501753 510.7858478329475 0 0 13.0 1 663
194.82265318486944 298.29819886598057 0 0 11.0 1 664
683.1837528254183 286.72174906138247 0 0 10.0 1 665
518.8737927017095 186.9154594797853 0 0 12.0 1 666
436.9901463833272 113.37702626875836 0 0 10.0 1 667
205.22450841810814 555.1241692291449 0 0 13.0 1 668
297.3985099402988 525.3671976137659 0 0 13.0 1 669
170.96275821366135 622.0426577820267 0 0 10.0 1 670
533.5416756394243 491.7094371775052 0 0 13.0 1 671
260.9276851606916 314.9829943762056 0 0 13.0 1 672
733.5778604735351 334.2291021659373 0 0 10.0 1 673
517.13119086077 50.08388987138949 0 0 13.0 1 674
275.4716007242055 557.777304368557 0 0 13.0 1 675
353.6359600956451 735.8144961191333 0 0 13.0 1 676
458.403779469109 252.11491439728047 0 0 10.0 1 677
539.4631501500105 530.5029875145991 0 0 13.0 1 678
613.9395582034133 436.3161869657091 0 0 12.0 1 679
424.0709504544898 183.3329989494997 0 0 12.0 1 680
189.10944907797034 107.0048199512442 0 0 11.0 1 681
499.5150975733162 486.72223103088015 0 0 11.0 1 682
459.5859176152798 58.15424761751814 0 0 10.0 1 683
463.4808713295871 549.0442181878801 0 0 11.0 1 684
510.11723798040344 481.5057905891796 0 0 10.0 1 685
698.6270377029044 217.45714926958084 0 0 10.0 1 686
585.0546468568066 552.8227001354924 0 0 12.0 1 687
634.17404359796 296.56636279729537 0 0 11.0 1 688
628.8074898666367 346.4077190172976 0 0 12.0 1 689
392.13234194027103 653.8781202795058 0 0 12.0 1 690
565.4237638531465 152.1311266966777 0 0 13.0 1 691
591.9186078354403 482.7541416879328 0 0 13.0 1 692
204.59322418072009 468.3022105346063 0 0 13.0 1 693
156.6030565342671 635.963827548925 0 0 12.0 1 694
180.59854939975645 191.02152389657712 0 0 11.0 1 695
635.9752300180711 362.0962954591711 0 0 11.0 1 696
393.041103884378 542.8305771354719 0 0 12.0 1 697
264.28940003252967 237.13001179938263 0 0 12.0 1 698
567.1435561771859 309.6505028877089 0 0 13.0 1 699
77.6808217653766 448.85025426911386 0 0 11.0 1 700
619.0978168674171 344.5730512843101 0 0 12.0 1 701
534.9668549155057 136.5613011074173 0 0 10.0 1 702
541.2174687280193 437.06246788937415 0 0 10.0 1 703
42.117709775074104 460.73933110729763 0 0 10.0 1 704
245.8756193195937 338.34227315347084 0 0 12.0 1 705
719.4212670704691 547.8987969629776 0 0 11.0 1 706
695.1106165365056 602.6665340095485 0 0 13.0 1 707
546.257037342601 527.455400151445 0 0 11.0 1 708
138.0668899260537 141.51393490752747 0 0 10.0 1 709
248.55908415120538 507.9891152240739 0 0 10.0 1 710
392.34916716238956 646.8814791694406 0 0 12.0 1 711
250.2237834895955 735.0463922620693 0 0 12.0 1 712
163.72881145428343 261.2486920306895 0 0 13.0 1 713
150.95516438172578 591.2398228713538 0 0 11.0 1 714
133.80023171862445 237.26806285506842 0 0 11.0 1 715
418.41570675200734 155.69309926892348 0 0 11.0 1 716
448.0123211398592 220.30354199716948 0 0 12.0 1 717
183.5617944343983 272.8956996339528 0 0 12.0 1 718
315.76091608289653 115.19695096293788 0 0 13.0 1 719
533.4619808401442 221.3469852752969 0 0 13.0 1 720
558.7624042348989 162.1124236082209 0 0 11.0 1 721
721.8741631208836 348.2987126346853 0 0 13.0 1 722
138.739240261723 369.80371842464183 0 0 12.0 1 723
413.3495504419539 558.4385985263621 0 0 11.0 1 724
271.1662743102197 281.56490754472117 0 0 11.0 1 725
155.76105033854674 500.21644310326576 0 0 12.0 1 726
283.05206015344015 70.1164154347091 0 0 13.0 1 727
443.8357065914261 520.2598471129512 0 0 10.0 1 728
596.6640913984871 184.15923657842694 0 0 12.0 1 729
273.0006438728719 493.9955506569055 0 0 12.0 1 730
359.9849444301805 581.6446952920571 0 0 10.0 1 731
445.25285712966433 279.1977693848239 0 0 10.0 1 732
629.966901614816 226.62403810884987 0 0 11.0 1 733
168.04032949343883 263.780650205312 0 0 12.0 1 734
587.702959075328 343.57660809233676 0 0 12.0 1 735
118.06988114080173 171.342159373359 0 0 11.0 1 736
325.9936606665704 735.9450278519764 0 0 13.0 1 737
433.2563861293657 266.0671333032309 0 0 13.0 1 738
290.94658817978205 554.3643526542639 0 0 10.0 1 739
471.68746671588195 543.0416272134071 0 0 13.0 1 740
310.2309896413213 279.82710463992544 0 0 13.0 1 741
698.7031518948106 461.65571383177434 0 0 12.0 1 742
416.5840236837885 740.5964917001577 0 0 11.0 1 743
535.3649251900365 246.0476144118064 0 0 12.0 1 744
492.16656972817134 276.62527234258175 0 0 13.0 1 745
318.27079662227254 181.80435999946732 0 0 11.0 1 746
575.9438539668156 622.9344303854922 0 0 10.0 1 747
453.895815238013 217.8043878140037 0 0 12.0 1 748
731.1509923246633 560.5086299311996 0 0 10.0 1 749
133.6685539412872 418.88281865281067 0 0 11.0 1 750
561.6417189576607 222.59663280418653 0 0 10.0 1 751
461.64307937363367 184.6488199119032 0 0 10.0 1 752
139.48892564112617 562.4283846388473 0 0 10.0 1 753
263.1716465682282 375.5254888271464 0 0 13.0 1 754
567.1378877082766 451.8645012741424 0 0 13.0 1 755
375.44866674272447 259.1233446049694 0 0 10.0 1 756
765.0 400.0 0 0 12.0 1 757
528.5893934216133 656.580918814049 0 0 11.0 1 758
81.37745825020943 489.66981592990464 0 0 13.0 1 759
530.2586549961711 271.46330174386594 0 0 12.0 1 760
233.9877491929913 89.60680970422231 0 0 11.0 1 761
586.6415136908353 388.42652311559925 0 0 12.0 1 762
275.43553471609073 648.5310724809551 0 0 10.0 1 763
202.99149317651137 428.08288160391356 0 0 12.0 1 764
707.6207350472368 532.6441983993182 0 0 12.0 1 765
324.36122839664694 282.1917819915105 0 0 10.0 1 766
167.91493367903593 472.01056860484937 0 0 11.0 1 767
576.343013398455 465.1700976334417 0 0 10.0 1 768
517.9357158640703 663.8411774602844 0 0 11.0 1 769
134.6534361041417 237.7896395766868 0 0 10.0 1 770
375.0548178217467 68.93846812700548 0 0 10.0 1 771
332.1680656428158 548.2154805725861 0 0 12.0 1 772
257.55812033189534 432.0360877233347 0 0 13.0 1 773
212.73548699345724 416.61331298755226 0 0 13.0 1 774
554.7691340997078 457.19716015701 0 0 10.0 1 775
534.6268530492115 177.5688636047866 0 0 10.0 1 776
560.9767388223532 627.8760398947636 0 0 11.0 1 777
651.7848866110792 168.55158053197687 0 0 12.0 1 778
534.7128731423804 286.7372885291681 0 0 10.0 1 779
301.0954565869094 121.01273991049686 0 0 13.0 1 780
521.3714202967085 308.4960201130041 0 0 10.0 1 781
613.1283336763967 261.8250623871228 0 0 10.0 1 782
40.01410249793065 396.8135286554546 0 0 11.0 1 783
210.6025669558082 384.8800675837861 0 0 11.0 1 784
151.64490014325187 179.67355044129476 0 0 11.0 1 785
150.15641242499643 408.842044314044 0 0 13.0 1 786
218.52940781463883 347.1850005027518 0 0 12.0 1 787
727.6332258957182 295.15502258493575 0 0 13.0 1 788
474.1134150380814 687.604244946755 0 0 10.0 1 789
235.42348100908902 179.68302517319663 0 0 13.0 1 790
172.02427099630245 369.55222528274606 0 0 12.0 1 791
416.8482399272934 107.48480926394205 0 0 12.0 1 792
582.7473971461335 337.9323849635468 0 0 11.0 1 793
176.80697326566366 255.29038450342765 0 0 12.0 1 794
544.7062748592504 676.4129049381722 0 0 10.0 1 795
72.43405212903315 514.4969422971419 0 0 13.0 1 796
491.89455013865523 56.064843822539444 0 0 11.0 1 797
282.0154210464555 646.1882189081249 0 0 13.0 1 798
647.1373475389896 623.1863155558437 0 0 10.0 1 799
573.9137250567032 442.36763194823874 0 0 11.0 1 800
568.9899704504644 350.82287231698905 0 0 10.0 1 801
238.52632513579434 246.19735917140824 0 0 10.0 1 802
754.3149224932988 365.4032415020176 0 0 11.0 1 803
242.1547114962856 393.0096568625588 0 0 11.0 1 804
285.2984999806143 93.77693441985326 0 0 13.0 1 805
458.3640453688673 286.08056264104533 0 0 13.0 1 806
642.777977059814 463.7169824673487 0 0 11.0 1 807
321.52770366375853 511.0769945025391 0 0 11.0 1 808
630.1794979321892 597.0441542692535 0 0 10.0 1 809
395.89748510807465 708.9727647731456 0 0 12.0 1 810
362.1362915038267 571.8788514591508 0 0 12.0 1 811
165.6844490517432 315.75498481325513 0 0 12.0 1 812
374.30099132644796 124.19470463169728 0 0 12.0 1 813
160.42384365723763 146.2200454881665 0 0 10.0 1 814
255.20578007358128 174.4814112408915 0 0 10.0 1 815
268.25112358099966 300.66605030337826 0 0 11.0 1 816
188.94882972618618 477.9897655212121 0 0 13.0 1 817
494.65824098777773 742.1473621308512 0 0 11.0 1 818
351.99475514327855 747.7017349198106 0 0 11.0 1 819
469.8045394470781 269.4958764154124 0 0 11.0 1 820
638.7128736674726 507.9822390276163 0 0 12.0 1 821
710.9072179784639 475.7410180080245 0 0 10.0 1 822
257.69572681763816 475.30268145318416 0 0 12.0 1 823
129.67856973066978 419.1657073217666 0 0 13.0 1 824
626.4217628150241 666.8954576678609 0 0 10.0 1 825
351.4029887079231 730.4456543722094 0 0 10.0 1 826
249.0268880536083 212.14867722259106 0 0 12.0 1 827
245.544878027048 247.57751052971048 0 0 13.0 1 828
587.4624841135447 629.0716417411352 0 0 10.0 1 829
166.00059122685315 362.40642749328396 0 0 13.0 1 830
682.6553885616001 275.1523675951729 0 0 12.0 1 831
212.0293577403767 403.3222956678657 0 0 12.0 1 832
460.3887085495478 634.3441995862448 0 0 10.0 1 833
541.9234618811879 671.0972721508997 0 0 10.0 1 834
619.9914404066079 398.0593434549451 0 0 11.0 1 835
187.83025203703764 659.2469827198246 0 0 13.0 1 836
253.30802783656702 466.3510761239228 0 0 12.0 1 837
756.0724645135898 303.1836789832503 0 0 12.0 1 838
709.2723952404639 469.5671297541182 0 0 11.0 1 839
502.6802104532735 510.71483360991635 0 0 11.0 1 840
668.135088459084 515.6182266644803 0 0 10.0 1 841
313.00925992413556 167.7574303856991 0 0 10.0 1 842
141.69377399743644 443.8394070251019 0 0 11.0 1 843
312.0247129494387 511.46456328524926 0 0 13.0 1 844
511.9832579369672 160.92731243025133 0 0 13.0 1 845
224.83358769485562 382.8907042767925 0 0 11.0 1 846
551.8450536326791 321.3610803273036 0 0 11.0 1 847
483.0108036667956 244.80590708859853 0 0 12.0 1 848
104.16191296306806 426.2454997728884 0 0 12.0 1 849
289.77389043222416 619.9231792457372 0 0 11.0 1 850
552.9254305426749 453.4585137591527 0 0 11.0 1 851
312.70005513327476 582.1612462250595 0 0 11.0 1 852
662.9897673951723 397.680033312048 0 0 12.0 1 853
89.6488692280754 543.687771325843 0 0 10.0 1 854
411.7305151712213 196.33754638172076 0 0 13.0 1 855
501.54596557531613 45.24738637273339 0 0 12.0 1 856
427.95849243503557 731.8242346495506 0 0 12.0 1 857
333.11542530043727 659.5196595005061 0 0 10.0 1 858
289.2964039326945 163.64071032056543 0 0 13.0 1 859
239.04220630983858 348.4870050337254 0 0 10.0 1 860
591.5548486322757 278.19794761390125 0 0 12.0 1 861
231.37330940197432 569.3695345035751 0 0 12.0 1 862
87.95260404408873 344.1840284762979 0 0 10.0 1 863
483.0108036667956 244.80590708859853 0 0 11.0 1 864
723.8187946628041 256.970673555635 0 0 10.0 1 865
526.3071338183782 441.65942806360033 0 0 12.0 1 866
597.5386959902853 437.14113065669414 0 0 13.0 1 867
256.8885364370734 595.1489405476677 0 0 12.0 1 868
563.4925262464873 614.8725060624129 0 0 11.0 1 869
520.8039087123191 123.21413395943483 0 0 10.0 1 870
301.9724106825483 208.64798999590042 0 0 10.0 1 871
246.0060327352259 398.6368983692778 0 0 11.0 1 872
170.00000010449844 399.99306679872734 0 0 13.0 1 873
335.80925228272906 228.627458712028 0 0 12.0 1 874
516.8911547579941 328.54751271409305 0 0 11.0 1 875
567.6456822702861 475.83485488962367 0 0 10.0 1 876
273.1931375524593 253.18031591026192 0 0 13.0 1 877
291.05598005206065 655.7639546878781 0 0 10.0 1 878
326.2512098525524 540.8620458171317 0 0 13.0 1 879
99.18506704682255 478.9390658189933 0 0 13.0 1 880
171.19412574197514 346.400821787821 0 0 13.0 1 881
350.7444200729372 644.0796752006376 0 0 11.0 1 882
580.7422341422581 158.0573522562317 0 0 11.0 1 883
413.9125676938794 274.7704489341145 0 0 10.0 1 884
560.9692099214648 345.32904375027437 0 0 11.0 1 885
146.5512653586911 645.7086463857538 0 0 11.0 1 886
533.1562087297756 624.4781149170503 0 0 13.0 1 887
195.5957325335513 612.7061245980108 0 0 11.0 1 888
108.91224866503427 203.86504385308268 0 0 11.0 1 889
276.8316055092811 373.43787285290136 0 0 13.0 1 890
654.851054927362 268.0153804323751 0 0 12.0 1 891
694.333406300178 341.9668548522976 0 0 12.0 1 892
494.5201937285101 501.9163037866117 0 0 10.0 1 893
632.7483175813163 553.8480440664316 0 0 13.0 1 894
542.0 400.0 0 0 11.0 1 895
292.4962474248291 334.28133307608533 0 0 10.0 1 896
292.8733519362721 316.2152682487424 0 0 10.0 1 897
532.6395731273108 533.2319167489711 0 0 12.0 1 898
233.50721490160745 360.9980447902867 0 0 12.0 1 899
257.81345613290796 696.6883663764582 0 0 12.0 1 900
467.12342571812127 584.1478908917065 0 0 12.0 1 901
460.10106964077215 55.198808836113415 0 0 12.0 1 902
126.29245668729124 340.9730507842252 0 0 12.0 1 903
598.0247509749198 271.61698709984637 0 0 12.0 1 904
364.8330308549084 692.8963712324688 0 0 13.0 1 905
171.72625175200037 381.77650250887905 0 0 11.0 1 906
724.7189340400292 353.72242577762796 0 0 13.0 1 907
189.0969370995031 657.6992395394077 0 0 11.0 1 908
223.85317918183466 674.3142313399966 0 0 10.0 1 909
111.48610657323422 579.888113280808 0 0 10.0 1 910
446.2054058281441 227.0663119220072 0 0 11.0 1 911
562.9289905525472 436.64892955500864 0 0 12.0 1 912
497.2031450897137 177.28819388126712 0 0 11.0 1 913
645.6797058692939 464.47854002671943 0 0 12.0 1 914
722.8518734097383 362.6949355204641 0 0 12.0 1 915
697.2095367755709 319.18854505918995 0 0 12.0 1 916
153.24185911128194 389.0720585129875 0 0 13.0 1 917
522.9454583306405 737.2912899496054 0 0 12.0 1 918
605.7881906571516 680.633605589309 0 0 12.0 1 919
324.8207766383051 97.19299153630476 0 0 12.0 1 920
383.84310496233326 558.1769728586996 0 0 11.0 1 921
393.99159525039516 249.11958684983352 0 0 11.0 1 922
570.5203828071021 530.949604991078 0 0 12.0 1 923
416.90824887968637 654.4388160635531 0 0 10.0 1 924
435.58221693621095 124.28655122046655 0 0 12.0 1 925
241.29635104656148 362.82269766559494 0 0 11.0 1 926
507.6910077076346 574.4352225294942 0 0 13.0 1 927
627.9226474918104 475.17490778394045 0 0 13.0 1 928
584.8886783083424 189.72357090393066 0 0 13.0 1 929
654.5136230325215 483.9453136920668 0 0 12.0 1 930
611.0926312161253 583.9562476412609 0 0 13.0 1 931
658.3703599833088 197.93872938612068 0 0 11.0 1 932
189.31491432885537 336.66127033368565 0 0 13.0 1 933
348.94600974721004 227.39209149268962 0 0 12.0 1 934
576.5089137730015 312.51512497194074 0 0 13.0 1 935
564.3420020197825 508.63105620461306 0 0 13.0 1 936
622.0803298295377 180.85546526823046 0 0 10.0 1 937
346.164987490813 766.0625512506513 0 0 13.0 1 938
80.83397939482342 357.3731153958445 0 0 13.0 1 939
310.45129177463417 147.40342667572014 0 0 12.0 1 940
504.38768425046726 47.11586692396503 0 0 12.0 1 941
109.00000013221324 399.9912279931724 0 0 12.0 1 942
620.6801250271352 256.929100030761 0 0 11.0 1 943
369.5446418686777 163.95663288053845 0 0 10.0 1 944
159.94283173097443 421.2968533510643 0 0 13.0 1 945
469.9172734188902 247.2401398348763 0 0 11.0 1 946
218.0731728696584 165.24133760330204 0 0 10.0 1 947
563.4235803078589 281.2703347963922 0 0 10.0 1 948
197.50705732490854 638.6746910897386 0 0 11.0 1 949
566.5339904561877 150.46757721142052 0 0 12.0 1 950
587.1081133709798 645.9096458269837 0 0 12.0 1 951
385.60488481516967 616.5220096406263 0 0 13.0 1 952
455.3136560450909 206.760771438806 0 0 11.0 1 953
436.9450972227156 554.6481806915428 0 0 10.0 1 954
235.64550720170448 414.58083320716025 0 0 10.0 1 955
598.4990916435833 312.3238309648949 0 0 10.0 1 956
239.5908215631873 496.1139712696691 0 0 12.0 1 957
420.5112996350869 539.5001311371416 0 0 12.0 1 958
493.2032059571464 246.00921326485226 0 0 12.0 1 959
259.9829938491066 577.4013472004672 0 0 11.0 1 960
139.51662135203935 321.69029786710223 0 0 11.0 1 961
690.8378100009963 326.4244043597037 0 0 13.0 1 962
436.10642568173466 74.99949842424957 0 0 11.0 1 963
270.94404268327423 348.3709395682678 0 0 11.0 1 964
555.3371964043263 274.02240114510926 0 0 13.0 1 965
727.2151417149126 275.78143845427263 0 0 12.0 1 966
418.94186980206473 148.71290210517844 0 0 10.0 1 967
277.6902460297298 504.6963422652958 0 0 10.0 1 968
305.4374250671969 553.1597839580547 0 0 11.0 1 969
272.2170436259909 461.93154333873895 0 0 10.0 1 970
321.10778211295474 231.56004643534547 0 0 10.0 1 971
168.01198621843045 465.2882949821964 0 0 12.0 1 972
459.97044849016385 138.79596996239013 0 0 12.0 1 973
544.6632558176699 278.3712927955271 0 0 10.0 1 974
480.31104925179943 575.4968243817393 0 0 12.0 1 975
489.142283483093 233.34270704400637 0 0 13.0 1 976
316.6248679867839 188.86594930760506 0 0 10.0 1 977
580.4264097984709 385.6017137396753 0 0 11.0 1 978
178.930817358083 589.2337614857211 0 0 11.0 1 979
652.0 400.0 0 0 11.0 1 980
287.04331301696095 299.7912834838419 0 0 13.0 1 981
504.34803580490126 177.22772294637056 0 0 10.0 1 982
361.8853427754184 181.2963811349875 0 0 12.0 1 983
346.9733948178667 169.00827040160476 0 0 10.0 1 984
372.2094935425548 588.9674251050659 0 0 10.0 1 985
621.4726789668844 538.0972572907638 0 0 10.0 1 986
447.3715849723588 239.8596461312559 0 0 13.0 1 987
643.3107924974659 499.8441698561067 0 0 11.0 1 988
438.52606941654494 101.47572632144039 0 0 12.0 1 989
73.81536624528565 547.5384177165488 0 0 10.0 1 990
188.75107589435297 222.37710715055172 0 0 12.0 1 991
516.4028465134903 521.1378443078661 0 0 13.0 1 992
91.92587031339417 526.4093770961647 0 0 13.0 1 993
373.8371103034596 119.21626969725139 0 0 11.0 1 994
518.1017083809727 338.83639581012505 0 0 11.0 1 995
137.82776150673305 216.51780096306467 0 0 11.0 1 996
622.0317983982902 244.62020562498796 0 0 12.0 1 997
144.083183631682 234.0735611787422 0 0 13.0 1 998
557.3276805201131 483.2586388440337 0 0 11.0 1 999
495.5884289104766 96.70665642248792 0 0 13.0 1 1000
695.8821575816446 275.52209503357284 0 0 12.0 1 1001
611.7731415473129 645.2103923555887 0 0 13.0 1 1002
556.5220537073519 65.84158441955583 0 0 11.0 1 1003
591.51410142567 450.26279891846633 0 0 10.0 1 1004
690.7355639799944 465.397491062231 0 0 12.0 1 1005
286.04687119513306 279.29090988835424 0 0 11.0 1 1006
473.6531384329974 560.9478648475018 0 0 12.0 1 1007
447.6636980152635 94.69822815530569 0 0 13.0 1 1008
491.8994049805404 489.0982567967669 0 0 10.0 1 1009
555.4228636485714 463.77878530732295 0 0 12.0 1 1010
328.79857994426266 657.3312219340016 0 0 13.0 1 1011
602.0679814535418 339.2584913647094 0 0 13.0 1 1012
429.3267651710972 85.3637960364394 0 0 13.0 1 1013
246.64677470257615 466.1195000803663 0 0 12.0 1 1014
263.054694313756 358.82982571689564 0 0 12.0 1 1015
411.93523450330804 579.6038701625081 0 0 10.0 1 1016
113.10009286179456 565.0740539397065 0 0 13.0 1 1017
367.05685126737956 527.8231158733836 0 0 10.0 1 1018
191.04725985202305 224.30779076848052 0 0 10.0 1 1019
154.34417808686044 568.6926707364012 0 0 11.0 1 1020
541.3463136235239 547.0959538024089 0 0 12.0 1 1021
572.1327506347073 177.89345764041602 0 0 10.0 1 1022
131.5076318143188 560.8752567240986 0 0 12.0 1 1023
536.4163062456817 504.7596839928624 0 0 12.0 1 1024
231.27350526711732 563.5737447610542 0 0 13.0 1 1025
570.1905947931294 383.38189409226123 0 0 11.0 1 1026
731.4642615038503 267.4087357866018 0 0 13.0 1 1027
281.15431164678023 726.0133469044624 0 0 12.0 1 1028
202.8639125148448 499.89175647191934 0 0 13.0 1 1029
566.804910650386 484.52882220235153 0 0 12.0 1 1030
136.91795506935023 251.70354813716017 0 0 11.0 1 1031
350.2448909876982 164.19196551607075 0 0 13.0 1 1032
336.8493427481206 744.2557109020207 0 0 10.0 1 1033
112.80148303147286 191.33277245557068 0 0 11.0 1 1034
501.60027978534936 77.63160336729851 0 0 10.0 1 1035
420.62189785041414 601.9498386457565 0 0 10.0 1 1036
139.50590696459028 578.8821609151099 0 0 11.0 1 1037
253.67118861015575 454.07290409470704 0 0 12.0 1 1038
731.9870827954265 397.0713728501899 0 0 10.0 1 1039
398.6813338216307 100.00289814814874 0 0 11.0 1 1040
574.497113375324 111.6950270569734 0 0 13.0 1 1041
687.2291003506228 273.13217936855756 0 0 11.0 1 1042
293.41660632767866 262.46462203021736 0 0 12.0 1 1043
521.2913148019915 622.0302163076103 0 0 12.0 1 1044
157.36885525300647 573.0148190149141 0 0 12.0 1 1045
266.253553646457 336.6289649145697 0 0 12.0 1 1046
70.94928144371505 310.5202558251726 0 0 11.0 1 1047
376.283494489196 561.2653941996113 0 0 11.0 1 1048
304.32280543828506 525.7373231813042 0 0 13.0 1 1049
179.94930530862146 240.11975805046544 0 0 11.0 1 1050
677.5957100783664 350.3550430951184 0 0 10.0 1 1051
485.591354370184 663.4447191671861 0 0 11.0 1 1052
459.13841820456946 250.25472464127142 0 0 12.0 1 1053
579.2293344734228 619.0110628808826 0 0 13.0 1 1054
242.00363969660725 340.015417556838 0 0 11.0 1 1055
434.1869961623473 532.6659311707253 0 0 12.0 1 1056
278.6076061352405 356.3549921321683 0 0 13.0 1 1057
521.7707271134618 622.9078060953874 0 0 13.0 1 1058
535.3933668980819 373.3047532320569 0 0 13.0 1 1059
507.9460355770135 508.4281024605989 0 0 12.0 1 1060
284.4552574833694 611.4956559288288 0 0 12.0 1 1061
769.9856043202043 396.7361685378622 0 0 10.0 1 1062
195.90682133783235 492.3145406941535 0 0 10.0 1 1063
154.72865076344638 337.94385410226846 0 0 11.0 1 1064
537.8741120269826 152.85686488843953 0 0 13.0 1 1065
167.8849688548098 307.14197764076937 0 0 13.0 1 1066
344.0020559016308 271.68698329181126 0 0 11.0 1 1067
484.93439426418047 253.89336541081806 0 0 11.0 1 1068
244.8855503787447 540.0732219901258 0 0 10.0 1 1069
619.3855560139016 591.1831002271676 0 0 11.0 1 1070
315.60352263431065 260.55024342702245 0 0 11.0 1 1071
612.1174017387833 371.6767254790766 0 0 13.0 1 1072
172.00893158202274 397.98190148178793 0 0 12.0 1 1073
457.59620496317683 168.04380332950853 0 0 13.0 1 1074
250.04929324800744 486.27737562407617 0 0 10.0 1 1075
632.0598386514354 252.4424475498804 0 0 13.0 1 1076
272.6831103508398 426.27564671066284 0 0 10.0 1 1077
452.8083347347338 661.7255810625784 0 0 11.0 1 1078
311.694745355607 529.8121026799463 0 0 12.0 1 1079
385.5169474263883 148.41653236321352 0 0 10.0 1 1080
213.05891734549812 419.9256522092175 0 0 12.0 1 1081
201.26234548026287 349.7173521382017 0 0 11.0 1 1082
381.0613739351441 253.21672969041887 0 0 13.0 1 1083
380.99056900271665 147.7151579401578 0 0 12.0 1 1084
600.31795395716 478.0878820459175 0 0 12.0 1 1085
154.39213334339348 311.6949840813638 0 0 12.0 1 1086
254.8053306592285 67.30267810662491 0 0 11.0 1 1087
276.5718526605904 136.4729758746534 0 0 10.0 1 1088
502.33362350567256 305.9317827308327 0 0 12.0 1 1089
381.32145997450874 75.53719451604917 0 0 13.0 1 1090
227.82939528724893 445.18055857164245 0 0 12.0 1 1091
548.5278180108959 388.1472671116664 0 0 10.0 1 1092
498.14708127436063 263.65063096103427 0 0 12.0 1 1093
272.91088993458715 642.7433997100259 0 0 10.0 1 1094
234.22371257134122 358.0569132469878 0 0 13.0 1 1095
447.42328851800244 722.5322180901287 0 0 11.0 1 1096
644.5023522324723 441.50421367509614 0 0 13.0 1 1097
271.5270426906542 484.9158362155788 0 0 12.0 1 1098
433.1251611759034 101.83440222408217 0 0 11.0 1 1099
198.22095576752673 281.5043574276691 0 0 11.0 1 1100
180.50657187703558 433.26612407283216 0 0 13.0 1 1101
538.3143550636098 486.2446472735421 0 0 12.0 1 1102
298.6852387661402 282.6956132272711 0 0 13.0 1 1103
653.4391680312424 363.88091768009986 0 0 12.0 1 1104
436.6584929648362 649.3193833089338 0 0 13.0 1 1105
150.30038649851662 204.70764731508345 0 0 12.0 1 1106
95.82761719124107 345.59263343588657 0 0 10.0 1 1107
149.88722716572713 625.8596928740305 0 0 11.0 1 1108
311.81558910389276 534.701557804305 0 0 10.0 1 1109
657.9605149652599 560.8489127064834 -1 17 13.0 1 1110
571.2649349993268 486.7889511382433 15 -12 10.0 1 1111
385.16410895912367 545.2442643859758 -6 13 12.0 1 1112
319.20296637235305 214.86264732104198 11 20 12.0 1 1113
166.82459424193829 452.44263675258213 6 14 12.0 1 1114
677.1990900341714 360.4947537126092 -16 3 12.0 1 1115
537.9341123698787 417.1808220040157 -8 -5 12.0 1 1116
286.91965359059515 269.0731683117284 13 18 11.0 1 1117
492.6982177294411 685.3191904337757 -5 19 13.0 1 1118
184.9241026315695 219.15930112067042 11 7 11.0 1 1119
396.7076037274761 251.03637985472872 14 16 13.0 1 1120
272.37666062436904 359.155376772303 22 11 10.0 1 1121
43.05574847507705 406.3088274118514 7 14 12.0 1 1122
484.11414989981074 607.6073452135838 5 -15 13.0 1 1123
244.76273705826452 628.2047155392686 -16 16 10.0 1 1124
573.6927721787363 278.44827893910497 7 6 10.0 1 1125
260.845114716361 470.5118280978254 18 5 11.0 1 1126
600.7129339263596 345.4260304295828 20 -1 11.0 1 1127
185.85316682505083 564.441885908489 -10 3 12.0 1 1128
361.5663264786095 549.1269685189475 14 5 12.0 1 1129
346.10967695538835 217.8027632422835 2 -3 13.0 1 1130
521.491744579668 207.06541005048186 0 1 11.0 1 1131
622.747354490334 431.75871640286306 -5 2 12.0 1 1132
126.84638284857726 484.7531795102342 5 5 11.0 1 1133
685.4664098166804 361.8826959718414 17 3 11.0 1 1134
428.3333614020783 237.45086702273917 0 3 10.0 1 1135
387.34746160796 659.6919584281306 5 -15 10.0 1 1136
386.9316235418821 596.5660640516285 15 -9 13.0 1 1137
106.26870113132509 436.5776443325863 -2 4 12.0 1 1138
315.08575283452114 259.69472344804717 -4 12 10.0 1 1139
748.02149329864 459.07656220689086 18 5 12.0 1 1140
646.551564950063 311.3640827842638 5 -5 13.0 1 1141
435.6884676441235 616.0725185608164 -1 -13 10.0 1 1142
226.4506531121519 246.03693886259154 10 -2 13.0 1 1143
647.9006161997393 548.5472466516616 -4 11 11.0 1 1144
630.4347061674497 188.17732370324197 -11 12 12.0 1 1145
176.80583658376847 301.408086452648 -9 -4 10.0 1 1146
263.2182438813424 466.29291963019944 22 -17 11.0 1 1147
693.3780427945055 617.1504639784712 0 20 13.0 1 1148
568.5194443612884 227.71478045937133 16 9 11.0 1 1149
257.02574974059036 568.5211077662372 -16 -15 12.0 1 1150
761.0489783948851 328.8126752854851 -12 14 11.0 1 1151
573.5294616456462 612.0460467468616 -4 4 12.0 1 1152
117.23013695568238 543.2836506859658 -4 21 10.0 1 1153
45.12515313194575 390.5743403214918 22 15 12.0 1 1154
547.7062549767829 609.090559903439 10 16 11.0 1 1155
80.64694917244367 448.40071205191344 -1 -12 13.0 1 1156
565.749398345824 555.1004092450994 -15 -2 12.0 1 1157
480.19988063192505 513.5296399475703 -1 19 13.0 1 1158
589.9833680945128 565.5606228771348 19 1 11.0 1 1159
517.6138367326114 248.24036963330917 -8 8 11.0 1 1160
333.409777927927 150.74161533783462 14 15 10.0 1 1161
663.794634450606 588.1180236847898 -5 -16 11.0 1 1162
723.3344824915616 460.7931939604596 -13 -6 13.0 1 1163
762.942956926266 438.6963824874965 -2 8 13.0 1 1164
332.63547302011216 147.84326202780943 -4 1 13.0 1 1165
548.0520554274167 292.4379765729692 -12 15 12.0 1 1166
130.09590307956825 635.1930663637136 -10 17 13.0 1 1167
209.98741323966595 351.9248830199392 4 -17 11.0 1 1168
602.5959304832272 341.04332988002665 -12 -5 13.0 1 1169
387.2014707803595 662.6884041023014 -2 -2 11.0 1 1170
534.625658305564 348.8929346783293 11 1 12.0 1 1171
417.313526191873 755.5787420681997 -17 7 10.0 1 1172
294.6776512263799 329.03379079584477 19 14 11.0 1 1173
605.7358276821935 363.2063971875168 2 -3 12.0 1 1174
