400 400 7.071067811865475 -7.0710678118654755 5 2 -1 10 187
742.842712474619 57.15728752538092
800.0 400.0 0 0 24.0 1 0
799.4518139018296 420.9343824971775 0 0 24.0 1 1
797.8087581473094 441.8113853070614 0 0 24.0 1 2
795.0753362380551 462.57378601609236 0 0 24.0 1 3
791.2590402935223 483.16467632710373 0 0 24.0 1 4
786.3703305156273 503.5276180410083 0 0 24.0 1 5
780.4226065180615 523.6067977499789 0 0 24.0 1 6
773.4321705988807 543.3471798181201 0 0 24.0 1 7
765.4181830570403 562.6946572303201 0 0 24.0 1 8
756.4026096753471 581.5961998958187 0 0 24.0 1 9
746.4101615137755 600.0 0 0 24.0 1 10
735.4682271781696 617.8556140060108 0 0 24.0 1 11
723.606797749979 635.1141009169893 0 0 24.0 1 12
710.8583845827884 651.728156419935 0 0 24.0 1 13
697.2579301909577 667.6522425435433 0 0 24.0 1 14
682.842712474619 682.842712474619 0 0 24.0 1 15
667.6522425435433 697.2579301909577 0 0 24.0 1 16
651.728156419935 710.8583845827884 0 0 24.0 1 17
635.1141009169893 723.606797749979 0 0 24.0 1 18
617.8556140060108 735.4682271781696 0 0 24.0 1 19
600.0 746.4101615137754 0 0 24.0 1 20
581.5961998958187 756.4026096753471 0 0 24.0 1 21
562.6946572303201 765.4181830570403 0 0 24.0 1 22
543.3471798181201 773.4321705988807 0 0 24.0 1 23
523.606797749979 780.4226065180615 0 0 24.0 1 24
503.5276180410083 786.3703305156273 0 0 24.0 1 25
483.1646763271038 791.2590402935223 0 0 24.0 1 26
462.57378601609236 795.0753362380551 0 0 24.0 1 27
441.8113853070614 797.8087581473094 0 0 24.0 1 28
420.9343824971776 799.4518139018296 0 0 24.0 1 29
400.0 800.0 0 0 24.0 1 30
379.0656175028225 799.4518139018296 0 0 24.0 1 31
358.1886146929386 797.8087581473094 0 0 24.0 1 32
337.4262139839077 795.0753362380551 0 0 24.0 1 33
316.83532367289627 791.2590402935223 0 0 24.0 1 34
296.47238195899166 786.3703305156273 0 0 24.0 1 35
276.3932022500211 780.4226065180615 0 0 24.0 1 36
256.65282018187986 773.4321705988807 0 0 24.0 1 37
237.3053427696799 765.4181830570403 0 0 24.0 1 38
218.4038001041813 756.4026096753471 0 0 24.0 1 39
200.00000000000009 746.4101615137755 0 0 24.0 1 40
182.14438599398918 735.4682271781696 0 0 24.0 1 41
164.8858990830108 723.606797749979 0 0 24.0 1 42
148.27184358006508 710.8583845827884 0 0 24.0 1 43
132.3477574564567 697.2579301909577 0 0 24.0 1 44
117.15728752538104 682.842712474619 0 0 24.0 1 45
102.74206980904233 667.6522425435434 0 0 24.0 1 46
89.14161541721165 651.728156419935 0 0 24.0 1 47
76.39320225002109 635.1141009169893 0 0 24.0 1 48
64.53177282183043 617.8556140060109 0 0 24.0 1 49
53.589838486224494 600.0 0 0 24.0 1 50
43.597390324652906 581.5961998958187 0 0 24.0 1 51
34.58181694295968 562.6946572303202 0 0 24.0 1 52
26.567829401119297 543.3471798181201 0 0 24.0 1 53
19.5773934819386 523.606797749979 0 0 24.0 1 54
13.629669484372698 503.5276180410084 0 0 24.0 1 55
8.740959706477724 483.16467632710373 0 0 24.0 1 56
4.924663761944942 462.5737860160924 0 0 24.0 1 57
2.1912418526906663 441.81138530706147 0 0 24.0 1 58
0.5481860981704472 420.9343824971775 0 0 24.0 1 59
0.0 400.00000000000006 0 0 24.0 1 60
0.5481860981704472 379.0656175028226 0 0 24.0 1 61
2.1912418526906663 358.1886146929386 0 0 24.0 1 62
4.924663761944885 337.4262139839077 0 0 24.0 1 63
8.740959706477781 316.8353236728962 0 0 24.0 1 64
13.629669484372698 296.47238195899166 0 0 24.0 1 65
19.577393481938543 276.3932022500211 0 0 24.0 1 66
26.567829401119297 256.65282018187986 0 0 24.0 1 67
34.58181694295968 237.30534276967992 0 0 24.0 1 68
43.59739032465285 218.40380010418136 0 0 24.0 1 69
53.58983848622455 199.99999999999994 0 0 24.0 1 70
64.53177282183037 182.14438599398918 0 0 24.0 1 71
76.39320225002103 164.8858990830108 0 0 24.0 1 72
89.14161541721171 148.27184358006497 0 0 24.0 1 73
102.74206980904228 132.3477574564567 0 0 24.0 1 74
117.15728752538092 117.15728752538104 0 0 24.0 1 75
132.34775745645675 102.74206980904228 0 0 24.0 1 76
148.27184358006485 89.14161541721177 0 0 24.0 1 77
164.8858990830107 76.39320225002109 0 0 24.0 1 78
182.1443859939892 64.53177282183032 0 0 24.0 1 79
199.99999999999983 53.58983848622461 0 0 24.0 1 80
218.40380010418124 43.597390324652906 0 0 24.0 1 81
237.30534276967995 34.58181694295962 0 0 24.0 1 82
256.65282018187975 26.567829401119354 0 0 24.0 1 83
276.393202250021 19.5773934819386 0 0 24.0 1 84
296.4723819589917 13.629669484372698 0 0 24.0 1 85
316.8353236728961 8.740959706477781 0 0 24.0 1 86
337.4262139839076 4.924663761944942 0 0 24.0 1 87
358.18861469293864 2.1912418526906663 0 0 24.0 1 88
379.0656175028223 0.5481860981704472 0 0 24.0 1 89
399.99999999999994 0.0 0 0 24.0 1 90
420.9343824971776 0.5481860981704472 0 0 24.0 1 91
441.8113853070612 2.1912418526906663 0 0 24.0 1 92
462.5737860160923 4.924663761944885 0 0 24.0 1 93
483.1646763271038 8.740959706477781 0 0 24.0 1 94
503.5276180410081 13.629669484372641 0 0 24.0 1 95
523.6067977499789 19.577393481938543 0 0 24.0 1 96
543.3471798181201 26.567829401119297 0 0 24.0 1 97
562.6946572303199 34.58181694295956 0 0 24.0 1 98
581.5961998958187 43.59739032465279 0 0 24.0 1 99
756.4026096753471 218.40380010418122 0 0 24.0 1 100
765.4181830570403 237.30534276967995 0 0 24.0 1 101
773.4321705988806 256.6528201818797 0 0 24.0 1 102
780.4226065180615 276.3932022500209 0 0 24.0 1 103
786.3703305156273 296.4723819589917 0 0 24.0 1 104
791.2590402935223 316.83532367289604 0 0 24.0 1 105
795.0753362380551 337.4262139839076 0 0 24.0 1 106
797.8087581473094 358.18861469293864 0 0 24.0 1 107
799.4518139018296 379.06561750282225 0 0 24.0 1 108
800.0 399.9999999999999 0 0 24.0 1 109
569.1826420714641 286.0121338838258 0 0 13.0 1 110
313.4062364387614 270.2405297779761 0 0 12.0 1 111
331.6539725962276 282.4210029889573 0 0 11.0 1 112
220.9187571979691 701.8789632890639 0 0 10.0 1 113
142.95035306586033 349.3099712859213 0 0 10.0 1 114
474.03583040590206 149.72076431292086 0 0 10.0 1 115
707.8241630889842 316.30242166844675 0 0 12.0 1 116
228.38623582390503 617.4343945775637 0 0 12.0 1 117
275.10514870975203 212.846917949004 0 0 10.0 1 118
752.4608992839255 317.44508206068826 0 0 10.0 1 119
554.6136384929594 270.0052970618861 0 0 11.0 1 120
363.69283453506625 211.4640890018511 0 0 13.0 1 121
511.3125191225003 612.6253114909018 0 0 12.0 1 122
527.677032864085 624.1931651032728 0 0 12.0 1 123
173.08672475232427 549.9812172119314 0 0 12.0 1 124
597.3263250080458 679.3319198710005 0 0 11.0 1 125
290.51621721043847 518.0436415318001 0 0 10.0 1 126
329.6025845620502 238.69220756684845 0 0 11.0 1 127
367.28573111753366 230.1212885277096 0 0 13.0 1 128
591.8088319307551 355.0737048783303 0 0 12.0 1 129
510.1044145515833 202.63481082963722 0 0 12.0 1 130
285.5552430648853 322.8871112584769 0 0 11.0 1 131
615.0681716456373 504.2433765042301 0 0 11.0 1 132
151.9432957525809 658.1315003596198 0 0 12.0 1 133
689.6516978541756 495.53477864209094 0 0 10.0 1 134
714.8025843639643 411.1504653611031 0 0 13.0 1 135
626.1586919442987 619.2652413357936 0 0 13.0 1 136
365.37099195354995 635.4672626963649 0 0 11.0 1 137
530.7241614489585 551.3644397256721 0 0 12.0 1 138
153.42393258552073 249.26432745229096 0 0 10.0 1 139
739.0 400.0 0 0 11.0 1 140
449.3289424865884 578.3021464625563 0 0 10.0 1 141
137.5122534670337 557.2774075321857 0 0 10.0 1 142
144.88271031332857 529.2716848460133 0 0 10.0 1 143
415.0346074611321 238.69916125918726 0 0 11.0 1 144
57.93759344069866 436.45970404239796 0 0 13.0 1 145
203.32431233991056 353.9275148984674 0 0 12.0 1 146
210.18212616594036 240.39682091788706 0 0 13.0 1 147
563.7115986780464 654.9657083967927 0 0 11.0 1 148
619.300799741015 117.03152254544102 0 0 10.0 1 149
562.8129605127286 685.8897337944836 0 0 11.0 1 150
539.1705872434745 334.06406407499446 0 0 13.0 1 151
223.69245318001026 415.64125744040825 0 0 10.0 1 152
436.70748171823635 705.8047756100375 0 0 11.0 1 153
128.52080312233818 265.433861381625 0 0 12.0 1 154
264.08000299178525 256.0216876981575 0 0 13.0 1 155
134.0937767129509 392.93739302962484 0 0 11.0 1 156
605.8504849761132 288.7274614511783 0 0 13.0 1 157
585.6824478917977 653.2153797558708 0 0 13.0 1 158
575.8996330914981 97.41229522950482 0 0 11.0 1 159
218.25992338002095 252.60073083571905 0 0 12.0 1 160
594.1099296111781 334.0732586400367 0 0 10.0 1 161
510.2216703971005 571.660080900811 0 0 13.0 1 162
307.5451184146634 76.97044272846892 0 0 11.0 1 163
403.47061064639405 661.9770120864446 0 0 11.0 1 164
180.6086809948446 591.1764869045828 0 0 12.0 1 165
346.0500515566215 726.5737329654007 0 0 11.0 1 166
687.9493247091232 290.6876658397599 0 0 12.0 1 167
181.66518136324632 489.58742641049514 0 0 10.0 1 168
280.11275106739834 441.90522095601443 0 0 12.0 1 169
350.5539581951374 116.27638633728111 0 0 13.0 1 170
615.5376067646939 432.6732317065236 0 0 13.0 1 171
622.2714049537514 558.5068532899618 0 0 12.0 1 172
122.18120599084466 212.80566863470855 0 0 11.0 1 173
146.6863356149786 370.72223649537517 0 0 11.0 1 174
500.3681396531002 285.8499384907052 0 0 12.0 1 175
583.416902778556 385.3630681110511 0 0 10.0 1 176
504.1883701652779 293.48341198525446 0 0 10.0 1 177
565.5203118184181 361.2311158848536 0 0 12.0 1 178
739.8360449426207 470.14600885123184 0 0 10.0 1 179
466.2223440784525 677.1995691640863 0 0 12.0 1 180
527.278625990581 413.57023824219056 0 0 10.0 1 181
513.356397513766 710.9844483936472 0 0 11.0 1 182
210.6810250447555 374.7151088217587 0 0 13.0 1 183
164.41833016725892 183.43297379606156 0 0 11.0 1 184
313.437627515176 125.31662651372835 0 0 10.0 1 185
605.481485673444 144.34132315637282 0 0 10.0 1 186
130.82002687559344 248.26621316020692 0 0 11.0 1 187
311.60324538757436 197.44873791064492 0 0 11.0 1 188
334.487181628793 601.6235864899274 0 0 10.0 1 189
508.1883071143989 270.16822344387145 0 0 11.0 1 190
378.4759205333427 169.00061904171037 0 0 13.0 1 191
480.56006067155624 127.6655059956687 0 0 13.0 1 192
161.6338407591919 128.8864183985138 0 0 12.0 1 193
475.13305256900526 280.68518779437693 0 0 13.0 1 194
687.8540564587558 629.2684936493442 0 0 12.0 1 195
350.54660649893293 645.0599148600779 0 0 13.0 1 196
277.1720890434302 484.3463353682006 0 0 12.0 1 197
244.38563068824658 642.3389528402424 0 0 12.0 1 198
623.9666887714313 319.4834034452473 0 0 10.0 1 199
123.83737236642543 451.91534550130274 0 0 10.0 1 200
170.88323673977 214.1761350279364 0 0 11.0 1 201
241.75307070160252 384.54330670460234 0 0 10.0 1 202
523.3697645712043 501.8818000903283 0 0 11.0 1 203
630.4448035525065 290.82036583846485 0 0 11.0 1 204
278.42656961949547 92.13493048818185 0 0 10.0 1 205
122.70857470690049 230.48756547402962 0 0 11.0 1 206
281.28502502589737 532.6301425653241 0 0 11.0 1 207
596.8765368879396 406.97346563853114 0 0 13.0 1 208
300.3908716253219 51.97410793960046 0 0 13.0 1 209
160.86461421321104 244.95398339652962 0 0 13.0 1 210
554.2803669501192 214.85527721877526 0 0 11.0 1 211
536.8389016754489 307.8039318178003 0 0 13.0 1 212
386.0577472126536 565.413462533174 0 0 13.0 1 213
470.46917173737376 189.4813646380717 0 0 11.0 1 214
387.62507366140994 89.24630139270351 0 0 10.0 1 215
466.3213487903827 168.30520356593155 0 0 11.0 1 216
220.06213762051823 528.3096476587115 0 0 12.0 1 217
528.9797868155522 402.28354833859834 0 0 11.0 1 218
653.7977790617333 594.9017376611394 0 0 10.0 1 219
233.58343691183228 229.8543931512721 0 0 12.0 1 220
555.5617521242607 580.1236832735498 0 0 10.0 1 221
392.08163877369964 201.15760121269452 0 0 10.0 1 222
206.08658345743294 440.01983114393266 0 0 11.0 1 223
256.5742679342661 610.8413132699764 0 0 10.0 1 224
359.6848443947306 531.9798781198215 0 0 10.0 1 225
308.744378766354 625.2141460771533 0 0 10.0 1 226
521.5734701475315 540.768928944875 0 0 10.0 1 227
347.76745817380765 152.45048662060537 0 0 10.0 1 228
444.09658009623894 600.201127928431 0 0 13.0 1 229
52.4214054439114 298.8411120740537 0 0 10.0 1 230
171.78025734953206 190.20069336493464 0 0 10.0 1 231
578.4381520558362 532.0750767211523 0 0 13.0 1 232
638.9372621940302 361.6205167410854 0 0 13.0 1 233
628.8941628025691 245.7811223134114 0 0 10.0 1 234
251.2098408486518 407.90496930522033 0 0 10.0 1 235
606.4208193928396 196.3079645121373 0 0 11.0 1 236
152.5749499219793 226.83867465889227 0 0 12.0 1 237
273.07945751189817 404.4917585115344 0 0 10.0 1 238
128.79141510940082 632.1527589360908 0 0 10.0 1 239
639.8800790600301 640.9513388013308 0 0 10.0 1 240
84.83459474426621 573.9849629421724 0 0 13.0 1 241
627.8405688577728 255.12531213988257 0 0 10.0 1 242
511.7316240645697 570.6811184164601 0 0 13.0 1 243
373.3369253616893 261.5439403607344 0 0 13.0 1 244
150.17000775582616 606.3031143130806 0 0 10.0 1 245
442.93539030302657 634.09517777931 0 0 11.0 1 246
662.0067238194674 439.71746056068235 0 0 12.0 1 247
721.2510769757205 271.4941809024208 0 0 11.0 1 248
514.6436337751228 257.36116505370796 0 0 11.0 1 249
530.1760330229295 156.62744520712042 0 0 13.0 1 250
126.12203265625993 193.50578941853783 0 0 10.0 1 251
144.69956177666472 370.4926069776918 0 0 11.0 1 252
252.2123164608144 320.107568605521 0 0 11.0 1 253
443.9190607633075 570.4321451536326 0 0 11.0 1 254
473.9277000507533 547.511678063826 0 0 13.0 1 255
410.2737871414298 142.20463677992075 0 0 13.0 1 256
60.84984066838979 457.5601374680727 0 0 10.0 1 257
580.0457029752581 533.2649422771988 0 0 11.0 1 258
485.4248762336419 600.5656763269004 0 0 10.0 1 259
653.5571321666349 447.6736900966522 0 0 11.0 1 260
586.6706663667227 580.9808341184328 0 0 13.0 1 261
442.9483037022647 196.48232703497703 0 0 10.0 1 262
618.3142533059995 515.533055025148 0 0 12.0 1 263
717.6529899201254 553.9661586024822 0 0 10.0 1 264
663.8818926954193 274.97861499934015 0 0 13.0 1 265
587.8026269086904 477.0660322463485 0 0 10.0 1 266
579.0721427745258 701.884361440171 0 0 10.0 1 267
514.7838563609093 449.49410388034255 0 0 10.0 1 268
177.61222099182964 123.28954528638934 0 0 13.0 1 269
253.1006577313665 424.9315711707641 0 0 10.0 1 270
373.1777353978115 623.3955373806965 0 0 10.0 1 271
371.36115838264527 275.2449730439047 0 0 12.0 1 272
315.1947366835069 234.45826111273246 0 0 10.0 1 273
672.8536705966017 587.3816278132977 0 0 13.0 1 274
586.0318093929518 522.968149916897 0 0 11.0 1 275
204.91670358711116 561.0947158062019 0 0 11.0 1 276
529.0575135827316 348.37482990010545 0 0 10.0 1 277
214.28611857567165 713.0596656331034 0 0 13.0 1 278
434.58952168140394 270.54126143882104 0 0 10.0 1 279
315.8123827873232 266.297176140323 0 0 13.0 1 280
522.7999032763953 149.47817708768773 0 0 10.0 1 281
402.3181559661029 574.984645477587 0 0 10.0 1 282
251.65660412642737 279.6869213231724 0 0 10.0 1 283
321.12252164186424 658.2215006692159 0 0 13.0 1 284
451.1717678655717 106.42641438046229 0 0 11.0 1 285
567.4676096045171 360.77501136585187 0 0 11.0 1 286
304.0035244027957 180.0348285002479 0 0 10.0 1 287
302.13138142151456 753.7099567407439 0 0 11.0 1 288
320.0154152706291 129.58094333854706 0 0 10.0 1 289
213.65462151002112 375.112253709375 0 0 10.0 1 290
602.8518381206416 666.6010723366975 0 0 10.0 1 291
438.861719408462 268.62737437115004 0 0 12.0 1 292
144.47655894028588 192.7591472006477 0 0 11.0 1 293
445.89050533789924 525.8970274463708 0 0 11.0 1 294
466.3128775340597 516.4414113327076 0 0 13.0 1 295
333.556012851514 582.2668279523508 0 0 12.0 1 296
486.3923100846197 712.2697051560444 0 0 11.0 1 297
397.8093367081952 564.9854569176991 0 0 10.0 1 298
596.6333269947958 262.39427804426975 0 0 12.0 1 299
40.60850298132715 342.26134855508593 0 0 11.0 1 300
598.2465960189472 651.1937243780194 0 0 10.0 1 301
250.86956274290299 632.2414964718989 0 0 11.0 1 302
109.2228705099946 295.45498115379854 0 0 10.0 1 303
270.43200006153165 471.527151431782 0 0 10.0 1 304
533.9045554014385 444.165258323065 0 0 12.0 1 305
479.7456533793554 229.75126794275474 0 0 11.0 1 306
219.92098682416193 222.29083024892512 0 0 11.0 1 307
130.2835355983288 373.6555730625612 0 0 11.0 1 308
587.6708853822588 588.5089885916294 0 0 10.0 1 309
529.5078865118383 450.48472374131416 0 0 13.0 1 310
293.5968408632785 586.8244302165151 0 0 13.0 1 311
136.5800855452859 459.2448197623313 0 0 11.0 1 312
567.4325808467609 719.8239060342314 0 0 13.0 1 313
481.847529401177 253.2860540680489 0 0 11.0 1 314
523.5523270596391 251.7305747021727 0 0 11.0 1 315
729.8246575100194 549.1968340763248 0 0 12.0 1 316
676.9565964954104 404.90343325419957 0 0 13.0 1 317
448.34951151097704 283.64569308938366 0 0 10.0 1 318
288.5860841761841 649.2306950614303 0 0 13.0 1 319
49.0000001594737 399.9894193319708 0 0 10.0 1 320
239.6472577432302 100.18839573703292 0 0 11.0 1 321
331.36074643791574 167.93825634017162 0 0 13.0 1 322
488.9902890202635 673.9064228164245 0 0 13.0 1 323
217.1485290912056 262.13651829984013 0 0 10.0 1 324
693.9885612706488 397.4065771625176 0 0 13.0 1 325
677.278933152637 637.3634201593317 0 0 10.0 1 326
752.8895193887204 323.90803521003085 0 0 10.0 1 327
752.3824952006844 297.4545121609942 0 0 13.0 1 328
173.18415180560663 497.793512094913 0 0 11.0 1 329
501.61517206660625 320.5307807646633 0 0 11.0 1 330
357.9210689309883 266.4733601108402 0 0 12.0 1 331
358.65696303310796 604.8700888230251 0 0 12.0 1 332
531.4214499276989 331.9382449616429 0 0 13.0 1 333
162.05907425005648 582.7132065649878 0 0 12.0 1 334
728.4233130669217 534.7706475244026 0 0 11.0 1 335
322.0008482249042 136.2934731138314 0 0 13.0 1 336
441.5540401134763 254.83023127989904 0 0 10.0 1 337
577.0860913185782 107.41750520321932 0 0 13.0 1 338
528.9880917459184 436.3052639123662 0 0 13.0 1 339
366.34554962799257 139.16216154446056 0 0 13.0 1 340
526.3822049620788 560.1359992909873 0 0 12.0 1 341
214.9982858934013 177.97440287746028 0 0 11.0 1 342
413.61248429534726 533.3067900420265 0 0 10.0 1 343
316.8180845339609 230.28916080756443 0 0 13.0 1 344
628.8564819661835 408.1062113260083 0 0 12.0 1 345
505.70375760606066 84.22204695710758 0 0 12.0 1 346
232.39672358612287 428.44541677201266 0 0 12.0 1 347
295.0892427191715 704.4301775559761 0 0 11.0 1 348
241.54183791308938 487.47577303481444 0 0 11.0 1 349
244.20028320702633 629.0315442187587 0 0 11.0 1 350
644.3037604008368 338.1964996621511 0 0 10.0 1 351
467.642136626513 735.2440027093701 0 0 12.0 1 352
357.5139901278848 688.8926080140275 0 0 13.0 1 353
431.4215653984311 613.7023285505147 0 0 10.0 1 354
216.91521300102406 556.7193694778651 0 0 10.0 1 355
626.3423098063842 561.4099092110234 0 0 12.0 1 356
505.28517194785513 635.5398746877279 0 0 13.0 1 357
311.74867905388146 617.7996885931318 0 0 12.0 1 358
163.458108360124 328.88788078372886 0 0 10.0 1 359
225.77628602177688 340.8214778180943 0 0 11.0 1 360
231.05102985621227 622.0298301745815 0 0 13.0 1 361
493.6268708894035 604.5947434502142 0 0 13.0 1 362
94.20074107128664 500.85044986835567 0 0 12.0 1 363
180.4834046210716 449.37068313527607 0 0 11.0 1 364
600.8034514520624 391.1132747910595 0 0 11.0 1 365
160.76113720733665 380.90113800057196 0 0 11.0 1 366
640.5587659061421 440.8347908738849 0 0 12.0 1 367
406.88901230801304 227.13721768576082 0 0 10.0 1 368
169.57841183684397 416.336820632207 0 0 10.0 1 369
361.3549657325238 100.48278626017901 0 0 13.0 1 370
386.3937051111439 561.4275959661095 0 0 13.0 1 371
234.61197533605312 186.58303418482004 0 0 12.0 1 372
530.4441891336224 453.52862338293176 0 0 10.0 1 373
697.6240255676862 324.7076404614301 0 0 10.0 1 374
539.3334386816771 191.22453960022182 0 0 12.0 1 375
58.18237662439907 300.51777872476 0 0 12.0 1 376
510.2861753333684 159.03950628715603 0 0 13.0 1 377
413.12875795363885 597.5642571787589 0 0 13.0 1 378
231.34928334534166 544.3639005148799 0 0 13.0 1 379
270.69561206292616 364.83787179053706 0 0 13.0 1 380
157.99465808602682 489.4282644643232 0 0 12.0 1 381
323.41901462081506 141.08813723903444 0 0 13.0 1 382
525.6048956784972 225.5052717656094 0 0 11.0 1 383
254.26117140567968 435.4992090046429 0 0 11.0 1 384
453.74823618516024 575.9747911122051 0 0 13.0 1 385
266.65670134382316 245.61229095718264 0 0 12.0 1 386
502.5020574165802 74.77034540902008 0 0 10.0 1 387
301.4086748091107 299.1994514047452 0 0 11.0 1 388
82.76324467497528 582.5290143260802 0 0 10.0 1 389
649.8356313385306 264.9512780005754 0 0 11.0 1 390
553.9458314054489 395.9157628759936 0 0 11.0 1 391
190.47905494713063 675.3488216501978 0 0 11.0 1 392
535.0931563854326 312.4166734028613 0 0 11.0 1 393
625.1498203424479 585.934285164849 0 0 12.0 1 394
295.8215733768882 121.87079364738969 0 0 11.0 1 395
318.5475486950089 636.3588335061926 0 0 11.0 1 396
718.1965649764524 433.9255956054764 0 0 13.0 1 397
551.3898412896292 569.1452510545327 0 0 13.0 1 398
585.9669385724579 356.4420184353355 0 0 12.0 1 399
236.22184464739684 479.3770485045809 0 0 11.0 1 400
573.9255855114966 471.37149784390897 0 0 12.0 1 401
494.8594562799608 309.65242917338503 0 0 10.0 1 402
591.631928495403 388.1170718620056 0 0 12.0 1 403
369.9217551500041 694.4678236866359 0 0 10.0 1 404
273.01983209057363 402.2443167543561 0 0 13.0 1 405
483.59593952106826 724.4020944685622 0 0 10.0 1 406
524.3780337398064 425.673034939788 0 0 13.0 1 407
217.18963881623623 447.9726155620249 0 0 13.0 1 408
430.66813593073323 567.2108412709357 0 0 11.0 1 409
391.9464917498837 659.8752412309901 0 0 10.0 1 410
157.30897116674413 619.1576248362255 0 0 10.0 1 411
258.43659040702784 329.83019834421367 0 0 13.0 1 412
553.5119729777045 387.7495243972928 0 0 11.0 1 413
160.49631645623077 624.1026228515991 0 0 13.0 1 414
471.15896499952277 90.0638748061196 0 0 11.0 1 415
501.01505489845044 570.2937423508657 0 0 12.0 1 416
425.60574068133894 235.98675040058492 0 0 12.0 1 417
650.767738922181 578.8282447373928 0 0 12.0 1 418
268.40483136883245 98.46441073575647 0 0 12.0 1 419
277.84333265748387 248.0041164249181 0 0 10.0 1 420
117.23289470123552 216.66488563028238 0 0 12.0 1 421
558.1548839319173 666.6215158018605 0 0 13.0 1 422
188.01082452496922 478.33638670130637 0 0 13.0 1 423
207.07905731986494 351.18903939269336 0 0 12.0 1 424
659.0588297780097 317.0993201834376 0 0 11.0 1 425
706.5786397391817 495.1343137657127 0 0 11.0 1 426
401.11085019500075 149.00245815577344 0 0 13.0 1 427
208.49445992454233 478.578801978697 0 0 10.0 1 428
495.01609764348734 197.15044691051628 0 0 10.0 1 429
130.9616854662088 494.03927537373323 0 0 12.0 1 430
639.7982180180578 445.08674567280286 0 0 10.0 1 431
355.00363088928384 725.9084637852355 0 0 13.0 1 432
121.21399469537897 567.0429981959489 0 0 12.0 1 433
416.9835380579455 217.7897932742671 0 0 10.0 1 434
538.5677689163172 702.800220306317 0 0 12.0 1 435
491.71058135812314 179.2961956219262 0 0 12.0 1 436
450.1895660384061 610.0880945243601 0 0 10.0 1 437
483.65232943962695 198.68858010702888 0 0 10.0 1 438
486.88242393974264 304.64569013225025 0 0 12.0 1 439
710.5721192110207 210.15543524036408 0 0 12.0 1 440
659.0 400.0 0 0 12.0 1 441
251.7828274301114 485.27994931628336 0 0 12.0 1 442
585.0391169062588 672.0322135603648 0 0 13.0 1 443
413.5929059621008 604.5488521295231 0 0 12.0 1 444
578.7905306650607 241.39689112597458 0 0 13.0 1 445
524.7638830080011 552.4564642669042 0 0 10.0 1 446
278.26845949687095 140.0953404674417 0 0 11.0 1 447
673.4943042468857 356.0697650300853 0 0 10.0 1 448
326.3384862260825 203.3429854072452 0 0 13.0 1 449
318.1328171648772 602.043966439586 0 0 11.0 1 450
125.68858552005236 419.4485959907226 0 0 10.0 1 451
265.91788380473696 464.98450674276125 0 0 10.0 1 452
154.47205067464893 384.7675970350099 0 0 11.0 1 453
474.4853772853477 562.7664847892815 0 0 13.0 1 454
513.6106432068823 567.0228180522604 0 0 13.0 1 455
548.949952561888 733.2250165155841 0 0 12.0 1 456
614.595265237886 361.6219836692759 0 0 13.0 1 457
695.3261868687698 431.4871934213328 0 0 11.0 1 458
57.69541145932686 540.4548634401831 0 0 11.0 1 459
57.858853939556184 424.257703362974 0 0 13.0 1 460
231.1654825498245 392.522987403623 0 0 12.0 1 461
364.6434917845069 640.4140539294817 0 0 13.0 1 462
458.5956822513335 180.69303243740578 0 0 12.0 1 463
654.3609496834238 418.041820200488 0 0 11.0 1 464
421.18493513121484 528.2622256297084 0 0 11.0 1 465
211.75063719127976 182.04088135131667 0 0 12.0 1 466
351.8955968056958 601.3329739345243 0 0 11.0 1 467
127.96118349783711 291.1703977949817 0 0 10.0 1 468
315.61798104816154 619.3277795392357 0 0 10.0 1 469
666.4460582206962 566.139995361302 0 0 10.0 1 470
262.7873994841992 505.3646157858096 0 0 10.0 1 471
337.2023055468288 256.1061169772455 0 0 13.0 1 472
638.4215354625495 138.3300333861751 0 0 10.0 1 473
537.6513703732429 215.7390431090506 0 0 13.0 1 474
564.182246477361 105.69881083888379 0 0 11.0 1 475
290.05917590379386 701.5858338799205 0 0 13.0 1 476
294.87290000374134 505.5902118871661 0 0 11.0 1 477
438.2958442756576 631.858638638319 0 0 10.0 1 478
579.4144618469968 254.49587332260117 0 0 12.0 1 479
344.6121992788049 674.4671046432873 0 0 11.0 1 480
510.5664716172127 507.1963402086102 0 0 13.0 1 481
487.32894672510673 639.5801641703325 0 0 12.0 1 482
555.783822887923 363.5116384798622 0 0 12.0 1 483
550.1667389591748 308.2070236327035 0 0 10.0 1 484
259.7957556197033 205.2109606324061 0 0 11.0 1 485
270.81786557021053 298.96547053524824 0 0 11.0 1 486
582.5212057750833 251.97632134550335 0 0 13.0 1 487
218.03075465013913 419.3957146504617 0 0 10.0 1 488
290.78366256126435 320.6476740324001 0 0 13.0 1 489
238.18647456107107 538.5113099534659 0 0 13.0 1 490
219.2983398734627 101.42352733761254 0 0 13.0 1 491
583.2278203006276 353.6473747466133 0 0 12.0 1 492
443.6188832566318 224.33442846293323 0 0 10.0 1 493
646.4741453956374 441.83892507570175 0 0 12.0 1 494
298.74291933196656 57.66098146050109 0 0 13.0 1 495
358.1751726161573 253.86758123430735 0 0 12.0 1 496
463.5403295437627 185.20096247545698 0 0 10.0 1 497
362.67511119778345 625.9377185772712 0 0 11.0 1 498
225.5262706196974 475.2257785345485 0 0 12.0 1 499
621.1385159399621 114.66027832096148 0 0 10.0 1 500
231.44090155133478 476.241919769725 0 0 13.0 1 501
219.80416377390455 519.1027313153573 0 0 12.0 1 502
347.2558040161503 544.6860386838248 0 0 12.0 1 503
230.93341945147972 575.9332013624226 0 0 11.0 1 504
115.08123892047371 258.77217135101233 0 0 10.0 1 505
210.7617010738161 658.0481858481555 0 0 10.0 1 506
265.1527212410678 460.99353581578 0 0 10.0 1 507
653.9935259673167 166.5213312383977 0 0 13.0 1 508
90.04840903998286 405.478253494885 0 0 11.0 1 509
589.0403874570202 603.8326075732234 0 0 13.0 1 510
185.63969801271503 577.0131659846803 0 0 11.0 1 511
560.3847209321063 332.5259954387591 0 0 10.0 1 512
543.5436630440873 388.54500982604003 0 0 11.0 1 513
297.0441015504913 698.7575655518274 0 0 12.0 1 514
523.6801893213874 147.68232172630914 0 0 11.0 1 515
244.0640817173237 515.4122584015169 0 0 10.0 1 516
183.38361604760905 230.58234388532478 0 0 10.0 1 517
423.30342864433635 541.0884481926792 0 0 12.0 1 518
644.0209508086591 250.8364134031432 0 0 11.0 1 519
487.8854956318901 152.11869845118002 0 0 12.0 1 520
351.4201751334253 88.76857386193643 0 0 12.0 1 521
262.4683158178884 300.0748487815409 0 0 13.0 1 522
528.2492274161164 431.2431699283101 0 0 10.0 1 523
570.0208676931312 431.9672418089955 0 0 13.0 1 524
235.13032086366474 513.2165575412089 0 0 11.0 1 525
403.4838572519146 662.9769243463165 0 0 11.0 1 526
672.642309721527 201.92130112071374 0 0 12.0 1 527
754.7834291168806 466.70620978640096 0 0 10.0 1 528
578.1964083641598 511.1127357511892 0 0 12.0 1 529
507.34398667966894 113.44587156400092 0 0 13.0 1 530
733.5778604735351 334.2291021659373 0 0 13.0 1 531
259.46662151432344 237.28746350879544 0 0 13.0 1 532
440.48603528792347 236.9512927169767 0 0 13.0 1 533
273.5889485973132 361.9967622002114 0 0 11.0 1 534
524.1816221217488 460.19073622419984 0 0 11.0 1 535
140.9436693270775 317.09151106019704 0 0 11.0 1 536
222.05631109106912 224.39805360565722 0 0 13.0 1 537
274.241782052869 392.1980375057368 0 0 10.0 1 538
571.5300101698733 142.98160452776312 0 0 11.0 1 539
396.0036990858591 700.9734698922874 0 0 12.0 1 540
366.11111614141237 94.8761832455238 0 0 13.0 1 541
474.9630606127048 73.49496245298764 0 0 12.0 1 542
364.5540579732089 125.2772575962569 0 0 12.0 1 543
286.0468130711768 497.5431760235675 0 0 11.0 1 544
231.62314833945265 469.08860850300897 0 0 11.0 1 545
150.37515536774842 144.78158972690815 0 0 10.0 1 546
476.5774756793223 747.6663489879095 0 0 12.0 1 547
267.2403380473893 80.48337733659531 0 0 13.0 1 548
542.2588011020457 144.99718921351356 0 0 10.0 1 549
358.8084279685291 534.8490059050349 0 0 11.0 1 550
263.1456298236104 269.6470891632115 0 0 12.0 1 551
577.8610898829536 255.75564931115008 0 0 11.0 1 552
558.3591105290977 678.0690419885555 0 0 11.0 1 553
535.3100934262272 669.9910713653059 0 0 10.0 1 554
124.6452070683589 564.9870843719988 0 0 10.0 1 555
271.7746193420121 207.85616909431076 0 0 13.0 1 556
499.45526746883917 658.5297850784348 0 0 13.0 1 557
583.1873895018065 125.51433493256258 0 0 10.0 1 558
540.9606576193924 496.8044059095888 0 0 11.0 1 559
592.4891888497408 308.8028938180118 0 0 11.0 1 560
506.40344277310226 156.20847560665453 0 0 12.0 1 561
472.8882269562473 54.607026169937 0 0 11.0 1 562
295.6340229736702 148.81930241489573 0 0 10.0 1 563
567.333028013338 443.91648592371047 0 0 11.0 1 564
488.9957746707819 619.655985784015 0 0 11.0 1 565
400.9072680875504 195.0020076571058 0 0 13.0 1 566
76.77931796416459 232.5951293889888 0 0 11.0 1 567
410.79977073807424 748.8328610552696 0 0 11.0 1 568
229.39901495459728 202.47454872463075 0 0 10.0 1 569
58.05340610217468 406.0437506298408 0 0 11.0 1 570
308.9209351049214 81.77743018786668 0 0 12.0 1 571
580.6530159253539 388.79786461991154 0 0 11.0 1 572
150.910564335037 162.74390831822618 0 0 13.0 1 573
377.3504269359494 224.4551429405685 0 0 10.0 1 574
445.67764599586735 710.659866503989 0 0 11.0 1 575
564.4743303786518 322.0757120886298 0 0 12.0 1 576
535.6283891785589 419.33752954307664 0 0 10.0 1 577
532.130882847716 632.013856909201 0 0 11.0 1 578
539.0295703263934 654.5010384553635 0 0 13.0 1 579
320.00293700232976 216.69569041687325 0 0 10.0 1 580
542.949700590774 396.2074940991369 0 0 13.0 1 581
190.68471377561514 339.0811116910047 0 0 10.0 1 582
141.7164587414701 324.8294451600012 0 0 10.0 1 583
366.97881202308344 675.024728242013 0 0 11.0 1 584
538.4044781935842 82.88771639061082 0 0 12.0 1 585
466.55121717271953 538.8774117444214 0 0 12.0 1 586
294.67733426822633 194.40784041419997 0 0 12.0 1 587
540.2131831616737 290.3447982644192 0 0 12.0 1 588
548.949952561888 733.2250165155841 0 0 10.0 1 589
426.91380347980436 111.25158497015008 0 0 10.0 1 590
331.3848286169583 293.13111652087025 0 0 12.0 1 591
466.46519880476114 564.046875458948 0 0 13.0 1 592
212.57597777292807 273.7136749595347 0 0 11.0 1 593
713.6211355765815 528.6964774951338 0 0 13.0 1 594
229.16333707714003 331.65649554360624 0 0 13.0 1 595
533.4636698444009 361.1612457503493 0 0 11.0 1 596
450.6900727467738 271.6469068353755 0 0 10.0 1 597
207.18898303027294 391.4611631295813 0 0 10.0 1 598
611.6914611285094 315.31986487211543 0 0 10.0 1 599
562.3180882923252 685.0207680382694 0 0 11.0 1 600
322.0994759921221 241.06445218486192 0 0 12.0 1 601
637.2455652263886 530.9791654440179 0 0 12.0 1 602
609.826925278201 157.07272399276314 0 0 13.0 1 603
345.64088309270494 262.3443193723592 0 0 12.0 1 604
543.7786705332295 674.6410273424149 0 0 11.0 1 605
151.0481283238719 265.4192971152527 0 0 11.0 1 606
332.61628668327637 661.4563733773755 0 0 11.0 1 607
287.6223964750183 224.97064753024415 0 0 11.0 1 608
269.9279196025078 166.8257005991691 0 0 11.0 1 609
570.69546526717 554.1527104439762 0 0 13.0 1 610
663.725883229047 222.31303223066968 0 0 12.0 1 611
609.7719819649574 264.00104565661695 0 0 13.0 1 612
312.7616470528656 73.45219373716321 0 0 12.0 1 613
360.49396839115116 565.3459206225562 0 0 10.0 1 614
443.61992957426787 763.3913891989406 0 0 11.0 1 615
260.72793979404685 544.9285798108481 0 0 11.0 1 616
156.13252692002496 518.1932974985792 0 0 10.0 1 617
337.2188597168854 73.98998723236753 0 0 12.0 1 618
271.36486970581905 234.00902658819336 0 0 10.0 1 619
467.3300737083092 50.42502782030624 0 0 11.0 1 620
102.72502663723543 341.37756221234406 0 0 11.0 1 621
323.05566890237867 155.83700134553632 0 0 13.0 1 622
275.96029059159116 357.86746518570845 0 0 12.0 1 623
535.3840104177016 360.60241475395145 0 0 12.0 1 624
428.99927257886577 214.25005467054197 0 0 13.0 1 625
597.9303546641486 394.74883798342034 0 0 10.0 1 626
491.079540754322 111.01294621388001 0 0 12.0 1 627
671.1955736641801 368.6637458371899 0 0 10.0 1 628
268.0619617496619 532.5192592140943 0 0 10.0 1 629
91.36160058885201 556.3916187297923 0 0 11.0 1 630
330.2834736314432 691.7869187456873 0 0 10.0 1 631
342.6517462817841 169.01260251807864 0 0 12.0 1 632
368.36331423219764 60.4707374707898 0 0 11.0 1 633
694.9130543223879 226.8229507404625 0 0 13.0 1 634
603.1850358211211 263.1028078506732 0 0 12.0 1 635
575.2199872125859 368.66382152812434 0 0 10.0 1 636
339.46406562864865 188.4925517864975 0 0 10.0 1 637
522.173869876068 490.4297822595277 0 0 12.0 1 638
322.2079699207399 562.3219025767856 0 0 11.0 1 639
639.9418761122249 449.52672094683516 0 0 10.0 1 640
477.3264503843818 679.5006620223855 0 0 10.0 1 641
297.5754189429338 126.55310351864574 0 0 12.0 1 642
489.69018277411124 539.6841834781108 0 0 10.0 1 643
521.9416264045965 364.51423172873643 0 0 13.0 1 644
556.5679629852896 182.49029224736427 0 0 13.0 1 645
533.6837211495385 170.03334437442368 0 0 11.0 1 646
479.0020946900837 730.6942228624187 0 0 12.0 1 647
213.04681731697931 548.8942829147213 0 0 13.0 1 648
313.29715689518673 223.10563322269942 0 0 12.0 1 649
511.90439404936853 297.13403579198973 0 0 12.0 1 650
574.2932567991757 344.22491027047454 0 0 12.0 1 651
152.51886455247936 254.6656007766711 0 0 12.0 1 652
357.1551284342476 239.62445017860676 0 0 12.0 1 653
460.6287525296379 254.0953929216081 0 0 12.0 1 654
371.85125282104286 146.5583932495393 0 0 13.0 1 655
476.16103772240365 507.81231995021074 0 0 11.0 1 656
67.60950116444201 509.62005420473446 0 0 13.0 1 657
499.91440673526046 599.3642679286861 0 0 11.0 1 658
94.03765607507586 555.0356220356033 0 0 11.0 1 659
737.0991918087523 298.66819412501286 0 0 12.0 1 660
724.2951147652275 449.15972476944836 0 0 12.0 1 661
541.7850654597023 337.37416497492495 0 0 11.0 1 662
636.7471887835966 613.8031070940365 0 0 13.0 1 663
642.7224117688216 160.4862617194442 0 0 11.0 1 664
96.86323652381373 473.8383547296572 0 0 11.0 1 665
293.90098094742063 63.322115136618436 0 0 10.0 1 666
371.3870839205054 529.8857229776537 0 0 12.0 1 667
296.0706642826857 279.6684032460394 0 0 12.0 1 668
503.9329629882678 279.6715361833313 0 0 11.0 1 669
516.5028973032447 305.5168008588319 0 0 10.0 1 670
102.10505812202769 392.0877561008579 0 0 10.0 1 671
563.507778659276 508.07962952337135 0 0 12.0 1 672
282.9864427079827 467.3262757760132 0 0 13.0 1 673
478.5132946339707 627.8522823359891 0 0 10.0 1 674
156.79356650602205 653.0842363861078 0 0 11.0 1 675
83.19833095489548 411.21171219020783 0 0 10.0 1 676
462.10780587872557 591.1638575906297 0 0 13.0 1 677
264.3188293269441 648.353820032608 0 0 13.0 1 678
652.5247853890462 326.5137239736825 0 0 11.0 1 679
419.5821121870301 189.9106359610402 0 0 11.0 1 680
323.1905470870643 580.3227881972091 0 0 12.0 1 681
209.02982621495718 403.37531102426783 0 0 11.0 1 682
243.07802298482196 227.76616729095315 0 0 12.0 1 683
701.9975079266487 499.6067528137211 0 0 13.0 1 684
553.611611963792 222.15604404454623 0 0 13.0 1 685
137.92926052346303 275.8270258461162 0 0 11.0 1 686
411.74715971597595 105.23398391502565 0 0 11.0 1 687
698.8044161832481 613.0843046059193 0 0 10.0 1 688
742.4039995186222 489.8637920057428 0 0 13.0 1 689
137.16120361921077 263.86856675588103 0 0 13.0 1 690
254.67699691964813 290.43164336493845 0 0 12.0 1 691
128.93177177725073 511.2250675350639 0 0 11.0 1 692
211.44183080069232 284.73154452234013 0 0 10.0 1 693
416.12719184878625 275.03635055316107 0 0 13.0 1 694
537.9983734280727 675.3551323858087 0 0 10.0 1 695
525.9016764753319 509.7167619860378 0 0 11.0 1 696
167.44710490728943 385.5725614193386 0 0 12.0 1 697
578.5000065635505 295.1823122902799 0 0 11.0 1 698
145.44193000238042 427.13280300829615 0 0 10.0 1 699
160.95094143754304 648.7580101230974 0 0 10.0 1 700
660.8639765906258 473.42333224068085 0 0 11.0 1 701
187.07509187916745 394.3446041928951 0 0 11.0 1 702
145.94803439762782 478.8263837402877 0 0 13.0 1 703
523.7180551008577 617.2414390535589 0 0 11.0 1 704
324.7052772567872 209.32828021171383 0 0 13.0 1 705
497.6848176716247 515.14632602242 0 0 13.0 1 706
760.004775532275 480.97877248980944 0 0 12.0 1 707
263.82865570954414 536.7712140551882 0 0 11.0 1 708
641.2043044641356 308.4331746320067 0 0 11.0 1 709
330.9017950890575 259.0232711470244 0 0 13.0 1 710
274.68372504599307 725.7250853582691 0 0 13.0 1 711
300.10447587903855 261.21280945058936 0 0 12.0 1 712
597.4688117306034 368.28141879428546 0 0 13.0 1 713
335.1738413698641 92.7646355686565 0 0 11.0 1 714
431.99915721676655 260.6262078530664 0 0 13.0 1 715
649.9608271619228 404.42548127635337 0 0 13.0 1 716
240.51717147120857 320.94794497006353 0 0 13.0 1 717
255.55165598321545 363.4530998467905 0 0 10.0 1 718
326.43863617969544 268.12989060102825 0 0 11.0 1 719
419.8268966401359 543.6380665757562 0 0 12.0 1 720
332.6628365948736 705.6709119699669 0 0 10.0 1 721
699.9529925943074 405.31057753162406 0 0 12.0 1 722
449.43904945570193 552.1702348980136 0 0 13.0 1 723
602.6428659833438 344.901280722175 0 0 12.0 1 724
160.33799868239217 412.73283646478444 0 0 12.0 1 725
695.9367217609345 577.3314882173814 0 0 10.0 1 726
300.8036418828889 172.7026561169228 0 0 13.0 1 727
282.23800373343266 320.6519550630705 0 0 12.0 1 728
260.6025381241106 576.6163854871908 0 0 12.0 1 729
479.3241516232957 504.2529566450966 0 0 12.0 1 730
552.686192676656 491.49276783389536 0 0 11.0 1 731
495.72481271721745 746.0025436759875 0 0 13.0 1 732
89.4523053736358 502.41645064270904 0 0 13.0 1 733
226.33119037620222 556.8283920846384 0 0 12.0 1 734
511.2108212469314 282.2029149869019 0 0 11.0 1 735
727.178005867306 423.2067334343532 0 0 13.0 1 736
600.476879840749 510.67981138996345 0 0 10.0 1 737
275.1540684150501 255.4507233961857 0 0 13.0 1 738
319.0360452204895 649.1763191526461 0 0 13.0 1 739
388.12568839592336 578.6057130215304 0 0 12.0 1 740
263.42319142428863 442.3765897551171 0 0 12.0 1 741
376.0637392138035 143.11275738259172 0 0 11.0 1 742
533.431144189414 373.69164086637494 0 0 13.0 1 743
389.5350301381055 137.2082870298425 0 0 11.0 1 744
597.1174517054524 556.9990771729206 0 0 13.0 1 745
693.5997966380919 583.0714598567213 0 0 10.0 1 746
522.9475908305562 286.98278932409397 0 0 10.0 1 747
426.30815250286764 50.99014181274782 0 0 12.0 1 748
146.08398362883574 208.5563878574199 0 0 10.0 1 749
540.9367694265293 471.4200743741794 0 0 12.0 1 750
323.29924477672637 524.2296025437555 0 0 11.0 1 751
522.0765238426023 314.56978095248417 0 0 12.0 1 752
575.3187917222991 316.9378469516164 0 0 11.0 1 753
473.23701900682227 560.038554876612 0 0 11.0 1 754
682.2512576065419 498.66725687646084 0 0 10.0 1 755
629.423601675245 416.2730142984794 0 0 13.0 1 756
295.3219708204115 134.91980419677287 0 0 13.0 1 757
304.1026893258209 129.4954606564615 0 0 11.0 1 758
170.23988233571853 341.8683534475795 0 0 11.0 1 759
268.7144304741531 661.9410224349634 0 0 13.0 1 760
569.3344790481926 415.02778112288036 0 0 10.0 1 761
503.3672107808484 271.3912143926875 0 0 12.0 1 762
244.66333645403634 257.2011170967781 0 0 11.0 1 763
347.601923736526 279.935677223052 0 0 10.0 1 764
361.1985921947953 177.35577538967195 0 0 10.0 1 765
411.3500886512372 249.4271754677855 0 0 12.0 1 766
574.6784363156775 157.33058724612653 0 0 13.0 1 767
635.0761003257263 420.86209614705746 0 0 10.0 1 768
587.5264427266092 242.33315732753513 0 0 10.0 1 769
197.38453758719484 348.73622730187395 0 0 13.0 1 770
186.44193588788522 335.79756038369044 0 0 13.0 1 771
431.4613082057023 62.463059672003 0 0 13.0 1 772
323.6567964890789 157.74452477252433 0 0 11.0 1 773
318.18178140756925 93.74066690733946 0 0 11.0 1 774
470.98272496192357 632.4014904362274 0 0 10.0 1 775
437.6434220333747 570.903401890124 0 0 11.0 1 776
432.8555588260554 189.54926406822042 0 0 12.0 1 777
291.99771183294035 198.06806654053102 0 0 10.0 1 778
69.5430642478268 287.7537812962767 0 0 12.0 1 779
390.37063609665984 158.19165574609082 0 0 12.0 1 780
39.93427318767459 328.9952651218821 0 0 12.0 1 781
172.0803800396722 393.94633688253555 0 0 12.0 1 782
289.6395832703408 193.65907236019325 0 0 12.0 1 783
284.844269021833 535.7319329519919 0 0 13.0 1 784
539.4254686495295 290.9608387236078 0 0 12.0 1 785
253.14394044274675 393.49632632149456 0 0 11.0 1 786
636.5298024396368 310.2077255112314 0 0 12.0 1 787
242.00654176872547 188.49570416626875 0 0 11.0 1 788
314.6357460338961 240.39441067177341 0 0 12.0 1 789
605.7836036577775 614.1544033299776 0 0 12.0 1 790
500.3881872060944 624.5845316789964 0 0 11.0 1 791
397.91555068597967 556.9861620368409 0 0 12.0 1 792
86.48328294345339 453.2096619617649 0 0 11.0 1 793
279.02557278342294 509.2437090162225 0 0 11.0 1 794
755.5057184846436 473.38040695388224 0 0 10.0 1 795
360.8822126090307 636.7906220897165 0 0 11.0 1 796
265.04108633504325 136.55723273854198 0 0 13.0 1 797
348.48996347480653 69.99588466630718 0 0 13.0 1 798
366.44227787292954 97.85784920729395 0 0 12.0 1 799
259.4634817640029 474.3672444164987 0 0 11.0 1 800
421.1518878141959 718.2979698991114 0 0 10.0 1 801
470.0401133485869 94.93708432174668 0 0 12.0 1 802
234.7979470719722 364.3730199376217 0 0 13.0 1 803
154.221408949551 614.1702224429347 0 0 10.0 1 804
627.4684550982056 568.365976180568 0 0 12.0 1 805
451.840369771676 635.3583991743993 0 0 12.0 1 806
213.865221132734 352.90600785626697 0 0 12.0 1 807
347.12287561917566 573.104043041215 0 0 11.0 1 808
438.14968387998556 676.3794522388689 0 0 11.0 1 809
152.1901545500097 455.73401562826723 0 0 11.0 1 810
219.11324259569741 406.40164008336785 0 0 12.0 1 811
609.2680031086029 193.49841919506332 0 0 13.0 1 812
599.2520449176163 452.2936190767882 0 0 10.0 1 813
57.93759344069866 436.45970404239796 0 0 11.0 1 814
586.9342238494736 395.04056920656365 0 0 10.0 1 815
209.85671460519947 649.8830346767692 0 0 10.0 1 816
522.1246024035258 189.91767925934192 0 0 12.0 1 817
623.8932223168282 513.458472581766 0 0 10.0 1 818
574.5526082989463 330.1760289296391 0 0 13.0 1 819
605.4837475873934 414.5749606325511 0 0 13.0 1 820
235.53190859431984 517.2785014799082 0 0 10.0 1 821
286.7527621159454 336.1637789994398 0 0 12.0 1 822
245.6378436469829 200.81083190583203 0 0 12.0 1 823
715.486906106416 453.5538240968982 0 0 13.0 1 824
495.4917345654057 66.39794870281435 0 0 11.0 1 825
549.3890944884447 566.9098512608605 0 0 13.0 1 826
652.8625783783434 522.5622962246388 0 0 11.0 1 827
424.72993573024667 568.1916474703124 0 0 13.0 1 828
565.643809502382 103.07891894724185 0 0 10.0 1 829
631.1666713826246 112.38398855091941 0 0 13.0 1 830
200.9151104250789 161.0728003283396 0 0 13.0 1 831
326.64586885873655 534.2690263780531 0 0 12.0 1 832
523.129867073738 71.30555855870693 0 0 11.0 1 833
376.84840921886735 748.2312505280119 0 0 10.0 1 834
710.8555877163798 332.9716210437391 0 0 13.0 1 835
610.7629898077703 315.6912689735535 0 0 13.0 1 836
464.19591360254714 228.62939377847113 0 0 13.0 1 837
476.3906977997363 268.59048249967066 0 0 11.0 1 838
192.6676620453913 164.18375450729454 0 0 10.0 1 839
640.3400123108379 197.92902612590217 0 0 10.0 1 840
623.4331096644148 609.0780847092531 0 0 10.0 1 841
180.14393741003175 437.31369376564015 0 0 13.0 1 842
109.93219849606947 441.3481623615411 0 0 11.0 1 843
368.2287850807471 261.5998919705818 0 0 10.0 1 844
669.6071648268648 364.0003239734057 0 0 11.0 1 845
484.7344517063034 620.2636436047314 0 0 12.0 1 846
657.1539854414067 317.7088840056182 0 0 13.0 1 847
460.89845937587575 290.8378378482507 0 0 13.0 1 848
566.3841648365611 247.05455321703732 0 0 13.0 1 849
534.4070300373356 715.5689311014992 0 0 12.0 1 850
517.1195517404435 662.0152869588292 0 0 12.0 1 851
690.715444639553 387.13414410048915 0 0 12.0 1 852
628.3456787143596 214.81292968331056 0 0 13.0 1 853
195.4855230926882 340.4783338999266 0 0 11.0 1 854
404.30514679419105 724.9714844583759 0 0 12.0 1 855
397.0791156109269 619.9806092235988 0 0 12.0 1 856
234.9818954251782 231.28418816680764 0 0 11.0 1 857
671.7597817446965 531.7217560848432 0 0 12.0 1 858
345.4033288404642 86.72184324741454 0 0 13.0 1 859
428.84410398634634 574.6339533573721 0 0 13.0 1 860
530.8152994896388 406.95394991613364 0 0 13.0 1 861
373.2951675094238 532.3323540244421 0 0 12.0 1 862
355.5841601219889 115.445553245199 0 0 11.0 1 863
396.3090642719895 677.9754971098203 0 0 12.0 1 864
524.5418224083614 338.2720932543135 0 0 11.0 1 865
422.8145455259237 538.1285506781475 0 0 10.0 1 866
172.60066540854692 117.05381672946288 0 0 11.0 1 867
211.308454438184 137.84641785111324 0 0 11.0 1 868
641.2043044641356 308.4331746320067 0 0 13.0 1 869
591.5336317095183 342.4251102983028 0 0 12.0 1 870
286.66826305902686 598.989741951544 0 0 13.0 1 871
510.8941896480986 540.5114895739546 0 0 13.0 1 872
252.38284975035927 300.5355493044123 0 0 12.0 1 873
664.0713695596922 165.74519902706706 0 0 13.0 1 874
693.3460278368639 306.1271713841867 0 0 11.0 1 875
104.79128261103864 219.53445432004384 0 0 11.0 1 876
495.70770543695994 312.0225306115701 0 0 10.0 1 877
458.0908831104498 578.800026005166 0 0 12.0 1 878
108.56162799296214 306.7279499427217 0 0 10.0 1 879
329.3429254310694 507.9285773711512 0 0 10.0 1 880
608.519592410424 158.58628957536274 0 0 11.0 1 881
229.08233174824406 153.4494966961481 0 0 13.0 1 882
595.8771636042444 406.9380673357975 0 0 13.0 1 883
528.2492274161164 431.2431699283101 0 0 10.0 1 884
442.0569974673681 576.0460421708758 0 0 10.0 1 885
198.32375314292213 345.15757615091223 0 0 10.0 1 886
370.04800961931056 616.9421081123604 0 0 13.0 1 887
158.21892811824497 134.62684144829262 0 0 13.0 1 888
482.59307197301996 268.83832700800303 0 0 13.0 1 889
93.14092870748527 548.7229315388026 0 0 10.0 1 890
56.38615266561402 520.1063025825927 0 0 13.0 1 891
702.2406578591272 421.4379275323446 0 0 10.0 1 892
348.57819269670034 515.029551566814 0 0 13.0 1 893
304.4846059842454 567.7075117757554 0 0 10.0 1 894
242.6026174500662 575.8467058731263 0 0 13.0 1 895
176.53379615537548 454.4321204737858 0 0 10.0 1 896
194.10883846224982 226.88203559238556 0 0 10.0 1 897
596.9159515746926 491.17624699138105 0 0 13.0 1 898
314.70509740960614 590.8029863290803 0 0 10.0 1 899
390.8481252158337 170.18215215537558 0 0 13.0 1 900
276.21318718931536 589.0841743091487 0 0 13.0 1 901
510.04107406514896 522.9469886519731 0 0 11.0 1 902
600.3630296657052 384.01074288218086 0 0 12.0 1 903
682.8362795867201 549.6784518544428 0 0 12.0 1 904
533.6233155764766 713.7288790251057 0 0 13.0 1 905
396.6277062053429 653.9776124672459 0 0 10.0 1 906
325.2680303477549 584.434629915035 0 0 10.0 1 907
190.40314212820252 530.6834234716459 0 0 10.0 1 908
241.54183791308938 487.47577303481444 0 0 11.0 1 909
421.8205315266882 548.4043948267463 0 0 10.0 1 910
651.9098785432128 635.7252915839617 0 0 11.0 1 911
311.3104770163377 672.9526854840055 0 0 12.0 1 912
577.5416116397008 699.3041532227337 0 0 10.0 1 913
309.7653633755074 677.7079587502774 0 0 10.0 1 914
461.3430956461068 600.8407942041472 0 0 11.0 1 915
676.9252688510039 206.2052749123466 0 0 11.0 1 916
571.1330077697628 315.1796389321862 0 0 10.0 1 917
555.0547105634257 337.9755150598389 0 0 12.0 1 918
589.1571109760836 127.15647823856693 0 0 13.0 1 919
528.7610761422454 159.27279906356475 0 0 12.0 1 920
399.4461602050849 274.00121722222246 0 0 11.0 1 921
568.1030364216736 672.2891278509179 0 0 11.0 1 922
524.0040122543672 115.88205803783046 0 0 10.0 1 923
546.8893063146425 552.864422578974 0 0 10.0 1 924
383.850246931806 119.46446664310713 0 0 13.0 1 925
127.23533410676515 471.57818829889425 0 0 13.0 1 926
415.2378555544932 549.224018703761 0 0 13.0 1 927
223.08709548283528 723.8252989117752 0 0 12.0 1 928
454.60438897696963 628.5680658019659 0 0 12.0 1 929
524.2085098870989 546.4112224920837 0 0 10.0 1 930
337.18196010682686 291.93106892367393 0 0 13.0 1 931
337.503534411759 272.4923853686463 0 0 10.0 1 932
319.5249781106688 633.5225275041182 0 0 13.0 1 933
84.7489293879018 542.5929958936478 0 0 11.0 1 934
530.2586549961711 271.46330174386594 0 0 10.0 1 935
471.334244323105 698.5974306434193 0 0 10.0 1 936
115.47139772191309 634.9563246343419 0 0 12.0 1 937
686.5971273659819 167.5713301127265 0 0 12.0 1 938
578.8631457004125 265.1520296402166 0 0 13.0 1 939
552.9940471918683 398.6503615845755 0 0 10.0 1 940
268.579493887775 741.5913502611074 0 0 10.0 1 941
167.80022355473352 452.22321149420316 0 0 10.0 1 942
434.68440117901264 248.93050501556147 0 0 13.0 1 943
45.019034103485126 493.15317413366733 0 0 10.0 1 944
519.0000043757004 330.1215415268533 0 0 12.0 1 945
564.4257824999494 666.3328031791791 0 0 13.0 1 946
194.64599350212555 528.0380100410457 0 0 10.0 1 947
746.6915271172556 471.5610580211414 0 0 11.0 1 948
201.7925727963686 255.9902232439854 0 0 12.0 1 949
288.04317256347474 324.5634784050318 0 0 10.0 1 950
168.10216579640988 194.27349589398005 0 0 10.0 1 951
663.0866585422002 323.44015349349434 0 0 11.0 1 952
679.1975242436941 541.4840713868238 0 0 13.0 1 953
194.5136670303869 153.39025371510294 0 0 12.0 1 954
624.0668399153292 508.60502405670843 0 0 13.0 1 955
97.49828522285895 574.0508907098415 0 0 12.0 1 956
247.12383719196833 647.6083173988552 0 0 13.0 1 957
121.70059200796243 197.79851753441216 0 0 13.0 1 958
201.16577926712392 113.1795811565189 0 0 11.0 1 959
553.2133210923007 324.0613521330044 0 0 11.0 1 960
556.8707261928389 727.3538991118502 0 0 10.0 1 961
129.13612768607936 531.2774263729607 0 0 12.0 1 962
282.0855641782434 352.82812464151084 0 0 13.0 1 963
293.11376931432574 171.79103065433904 0 0 11.0 1 964
352.39674251707373 233.67823390483667 0 0 11.0 1 965
288.4950273141617 337.1458747071407 0 0 13.0 1 966
172.6682161460391 234.82960298595876 0 0 12.0 1 967
576.8306011364143 530.8852111651058 0 0 13.0 1 968
272.3229223478475 433.50468388458876 0 0 12.0 1 969
524.8221372645476 363.67598523413966 0 0 12.0 1 970
272.6312891169898 361.7088588835463 0 0 13.0 1 971
273.4582215221115 242.54785393760747 0 0 13.0 1 972
210.53952282738356 446.1489717060358 0 0 13.0 1 973
393.89791874895036 596.905471240404 0 0 12.0 1 974
578.341474103265 250.0556149278191 0 0 12.0 1 975
59.02760531620885 354.46071955332457 0 0 13.0 1 976
660.5068953422306 210.73786041801134 0 0 12.0 1 977
560.17088521725 505.8739227984046 0 0 11.0 1 978
501.5726736992815 594.0205967354478 0 0 13.0 1 979
702.9525225202505 405.3636833069403 0 0 11.0 1 980
265.2049488489256 91.13223835243144 0 0 10.0 1 981
575.5982494071454 673.4780700625663 0 0 12.0 1 982
307.60220427834486 684.365341323058 0 0 12.0 1 983
543.4866253337093 107.27557609529106 0 0 13.0 1 984
503.0507334040803 605.6223391192727 0 0 13.0 1 985
224.52919283867112 355.6041011561683 0 0 11.0 1 986
368.2442409247692 573.1114431964447 0 0 10.0 1 987
535.7947852252959 381.8678102366051 0 0 13.0 1 988
223.7965808324665 368.4824640292029 0 0 13.0 1 989
69.8221691716335 522.0106553931852 0 0 12.0 1 990
617.9899247193481 352.9958223042573 0 0 11.0 1 991
472.0602650353173 727.1579407610946 0 0 11.0 1 992
568.8741049729002 547.1649981130088 0 0 10.0 1 993
610.4519164382746 291.00921659398216 0 0 10.0 1 994
297.5044351884558 298.85327887685855 0 0 10.0 1 995
487.7863496437015 93.31684621382641 0 0 11.0 1 996
675.2167313258349 439.2396584888708 0 0 13.0 1 997
559.5836527100192 378.69136823425856 0 0 10.0 1 998
492.8979763713515 137.98098163280628 0 0 12.0 1 999
289.7647667310025 686.5260779512569 0 0 10.0 1 1000
113.93899132385201 218.0931575910769 0 0 10.0 1 1001
372.970225911828 664.6231118265039 0 0 10.0 1 1002
201.19485815038504 391.1957070610709 0 0 10.0 1 1003
143.02380019006102 597.3302630901867 0 0 11.0 1 1004
519.3280302710186 176.90849143986037 0 0 11.0 1 1005
677.4135145041178 540.5800198124671 0 0 13.0 1 1006
382.29849129891903 92.50909511059427 0 0 11.0 1 1007
531.2009687332674 459.34901687014025 0 0 12.0 1 1008
524.5212656605531 84.69783635646587 0 0 11.0 1 1009
306.1464832085377 224.5220316225575 0 0 13.0 1 1010
418.2858030610215 82.5261752420941 0 0 11.0 1 1011
714.9336479549082 229.7625264936831 0 0 11.0 1 1012
523.2316623632003 296.3903605295231 0 0 10.0 1 1013
551.2215181775139 434.01547353907984 0 0 11.0 1 1014
551.9551498433495 456.1572117905189 0 0 12.0 1 1015
685.7356346559475 443.31451359259324 0 0 10.0 1 1016
392.5755359223622 64.08203779321377 0 0 13.0 1 1017
596.4814676719504 368.440011700314 0 0 10.0 1 1018
337.031915980282 101.57074474025552 0 0 11.0 1 1019
482.53040790441395 238.91079560960316 0 0 10.0 1 1020
385.89801690115553 248.6555779928447 0 0 12.0 1 1021
240.66016333711005 505.3176929686724 0 0 11.0 1 1022
409.5461010510405 273.35928002919707 0 0 11.0 1 1023
683.968696475537 193.69251244323596 0 0 10.0 1 1024
545.4513781421007 427.34769819497876 0 0 12.0 1 1025
529.6637368087765 71.67650806440253 0 0 12.0 1 1026
528.6903988497385 471.0477391891905 0 0 12.0 1 1027
521.1928282021598 449.7322671146387 0 0 11.0 1 1028
273.384842580028 261.0302122347605 0 0 12.0 1 1029
377.4454416458879 739.2510750129629 0 0 11.0 1 1030
708.9954551108502 526.7982993609872 0 0 12.0 1 1031
369.0072139214569 703.4212372446755 0 0 13.0 1 1032
309.07954121438183 300.207865168578 0 0 10.0 1 1033
538.6768467401149 664.8957005657485 0 0 13.0 1 1034
536.6980354038147 174.1468461217833 0 0 13.0 1 1035
573.8209607713821 313.8473819520635 0 0 13.0 1 1036
191.70221340159432 694.8440809957103 0 0 11.0 1 1037
539.3425134289955 678.03716289606 0 0 11.0 1 1038
685.0406954668965 285.9789408585063 0 0 13.0 1 1039
129.8005150943792 505.3196959582451 0 0 11.0 1 1040
287.5722327096531 221.44749471903899 0 0 12.0 1 1041
258.1376430893739 733.0451496295392 0 0 12.0 1 1042
509.921112633469 609.9674950972656 0 0 11.0 1 1043
132.51515301031378 428.5106406610612 0 0 11.0 1 1044
245.47910777186286 287.73115363102534 0 0 12.0 1 1045
606.8399338534396 480.6302782055521 0 0 11.0 1 1046
281.69050462368625 263.018748349265 0 0 10.0 1 1047
168.21555427317455 111.59755424215228 0 0 10.0 1 1048
432.241823544546 109.78548483143999 0 0 13.0 1 1049
493.4743000460522 291.7800608441281 0 0 11.0 1 1050
406.6159001223248 101.07320316577267 0 0 13.0 1 1051
580.4227679083899 175.51921057632734 0 0 10.0 1 1052
244.281650352181 432.1371371307338 0 0 11.0 1 1053
246.80407944417448 338.71370524290774 0 0 13.0 1 1054
675.3470162287326 251.16109159922573 0 0 13.0 1 1055
719.8476905944881 265.4397725129277 0 0 11.0 1 1056
655.9660323167752 243.53469937392646 0 0 10.0 1 1057
454.280307959869 237.84375384283902 0 0 12.0 1 1058
567.3663004642136 545.8510249155712 0 0 13.0 1 1059
119.86488879774106 367.62223800665015 0 0 13.0 1 1060
261.50525791185396 306.6822288417801 0 0 13.0 1 1061
306.69541757248527 209.63651900107754 0 0 11.0 1 1062
185.71334245905052 474.9014579292542 0 0 10.0 1 1063
611.7332141746724 323.88136880328 0 0 11.0 1 1064
550.0538039021578 131.02443245808968 0 0 12.0 1 1065
476.8040171641918 580.3251034865709 0 0 13.0 1 1066
476.9769935843894 64.72318532485895 0 0 11.0 1 1067
283.31195488110984 643.4828538651785 0 0 13.0 1 1068
471.1992085512698 159.31000705955225 0 0 12.0 1 1069
327.12576189450624 682.7602260229394 0 0 11.0 1 1070
412.54744313905405 657.6947063303246 0 0 13.0 1 1071
163.72542056247366 249.75246054720216 0 0 13.0 1 1072
188.4580910444723 443.6579976115629 0 0 10.0 1 1073
604.0070767571005 257.23406347092987 0 0 11.0 1 1074
445.8218030965073 649.8326687224569 0 0 11.0 1 1075
614.338905518053 263.7104788278895 0 0 10.0 1 1076
455.0178778120051 287.7590399138386 0 0 10.0 1 1077
328.87444292871214 272.4964505149014 0 0 10.0 1 1078
609.3783980266302 178.22153747533997 0 0 12.0 1 1079
436.9897633130921 67.04841581689175 0 0 10.0 1 1080
88.76356996886506 358.4321684294881 0 0 12.0 1 1081
111.1717069825574 530.6415598216369 0 0 12.0 1 1082
713.9867464351764 522.3982151138335 0 0 11.0 1 1083
719.5308214611579 439.80017759203633 0 0 13.0 1 1084
278.30225024348596 297.67376824977435 0 0 11.0 1 1085
138.04091344669519 404.6300077924512 0 0 11.0 1 1086
612.227881977838 290.0894631475179 0 0 11.0 1 1087
215.622979911674 162.0796047764105 0 0 10.0 1 1088
424.5161555286198 690.9689985515579 0 0 12.0 1 1089
60.47883146672223 418.038184991778 0 0 13.0 1 1090
295.41050044251995 227.1849642469849 0 0 11.0 1 1091
163.458108360124 328.88788078372886 0 0 10.0 1 1092
281.2604917257699 636.9091158541478 0 0 11.0 1 1093
208.29475892150606 692.8294734876197 0 0 10.0 1 1094
729.5347239051971 417.51758375819924 0 0 13.0 1 1095
388.75870627476445 630.7263169111469 0 0 13.0 1 1096
457.47644581249085 237.88751381598084 0 0 12.0 1 1097
172.02427099630245 369.55222528274606 0 0 10.0 1 1098
177.75143289381555 623.2276291574317 0 0 13.0 1 1099
590.1567746012346 198.58152747760383 0 0 11.0 1 1100
325.21246496413795 644.8322376715528 0 0 10.0 1 1101
224.17890746800984 668.566459970074 0 0 13.0 1 1102
423.20155472396925 151.0789525604742 0 0 11.0 1 1103
50.671616813524906 378.32788196037995 0 0 10.0 1 1104
242.01975260220237 564.3965979943948 0 0 11.0 1 1105
199.6247674064926 121.61399790381375 0 0 10.0 1 1106
538.9930625052389 324.8672602960948 0 0 10.0 1 1107
553.5480682586217 735.5353792583512 0 0 10.0 1 1108
249.6906354697914 511.2478985622869 0 0 13.0 1 1109
226.02078690742866 693.2784230244183 22 -10 12.0 1 1110
127.73210823740772 550.3036763194877 -17 0 13.0 1 1111
190.0118129568626 199.98759712873718 10 -4 10.0 1 1112
625.994241104872 369.8238009777077 13 -3 13.0 1 1113
271.24618048206423 159.2689177535588 15 14 10.0 1 1114
756.7762622791595 412.63719407591685 3 15 10.0 1 1115
508.6214783472044 162.67664581489709 3 -8 11.0 1 1116
409.716699174084 713.8496228405577 -3 -17 13.0 1 1117
462.69753599591996 710.7378621604396 -1 -8 12.0 1 1118
525.6770257394569 288.51329585424156 -8 -16 13.0 1 1119
752.778769144379 412.49560086498224 -17 1 10.0 1 1120
384.98733483788953 264.83114306642096 15 18 10.0 1 1121
253.5805308643291 188.7884021697002 -8 -6 10.0 1 1122
246.9246711008697 517.5454962234754 -4 6 10.0 1 1123
294.76926603726076 119.06140772463601 -4 -3 12.0 1 1124
378.19566906521686 274.8857675862316 -12 10 10.0 1 1125
506.15529727404083 131.20258025669216 7 13 10.0 1 1126
269.118169251151 475.3056862383555 -9 -13 10.0 1 1127
297.70444400415136 267.9976544772776 22 20 11.0 1 1128
146.35771527219836 413.47558525856357 11 -12 13.0 1 1129
181.36260305328156 590.5195230320585 -4 -10 11.0 1 1130
574.2956048556616 347.60685037145555 14 -17 12.0 1 1131
578.8878177814273 406.33629618932525 -14 6 11.0 1 1132
531.9793167414953 402.3366541139146 -4 14 11.0 1 1133
637.9179738371046 675.4832803007232 0 7 11.0 1 1134
681.1590770346595 359.9303930513608 -9 1 10.0 1 1135
621.430222711181 250.8099987597132 7 -16 10.0 1 1136
349.57171259341055 611.0592045593805 15 0 13.0 1 1137
368.4292482620324 115.74784497791467 -10 -5 11.0 1 1138
288.1159177568262 342.0521601731115 10 -4 13.0 1 1139
504.8526075729202 314.9651207729487 1 6 13.0 1 1140
322.05418403146535 260.27008275605635 1 -14 10.0 1 1141
494.42528927890345 292.6088237116503 4 -12 10.0 1 1142
387.0680030223738 75.25738891520461 4 -11 10.0 1 1143
580.4039044898634 283.04089926469055 -6 19 10.0 1 1144
520.6711160987463 323.2700727259378 20 4 12.0 1 1145
226.48131383033896 429.4493726580837 6 22 10.0 1 1146
625.3109975808399 314.4666476213706 5 10 12.0 1 1147
448.1188371726621 278.15757098140716 15 9 10.0 1 1148
346.9416472358442 148.53666032211694 -5 -13 10.0 1 1149
305.94760867803797 620.8034141190315 -13 0 10.0 1 1150
275.04279746706476 724.7917756581022 -10 17 12.0 1 1151
608.6600798051293 162.68803002015034 -12 -3 13.0 1 1152
477.3149928394098 509.44583994945634 -9 -11 12.0 1 1153
501.900872329093 76.67785071453903 14 -9 10.0 1 1154
757.9860712071165 396.84202253122885 -15 -4 11.0 1 1155
555.3790525449047 269.36175892852907 10 13 12.0 1 1156
409.75611569631906 155.19432562434335 -8 13 13.0 1 1157
582.2731509380983 146.77974321334943 -1 1 12.0 1 1158
359.27377434750446 518.1794167530963 -5 -15 13.0 1 1159
282.06680890628843 229.88015272034218 -3 -13 12.0 1 1160
419.1990379152217 251.2337506585251 -7 4 11.0 1 1161
671.7952651546125 471.33255806105575 12 22 13.0 1 1162
373.986382832436 654.6748745397932 20 -14 10.0 1 1163
292.45575096917446 270.933216897624 -16 20 10.0 1 1164
519.9761261731372 668.4059037139225 7 -12 13.0 1 1165
599.0726329515471 552.8760504779561 -13 12 10.0 1 1166
404.77937935258245 184.05288255453812 10 -2 13.0 1 1167
421.02197409174397 527.2755931248645 -1 -3 11.0 1 1168
504.97313018506406 233.29774464888126 14 19 13.0 1 1169
372.1154944253072 730.8269250663478 5 4 13.0 1 1170
713.8895523461749 391.67239963027265 13 -5 12.0 1 1171
154.57053090778626 149.07097477351473 -16 -4 13.0 1 1172
336.09318416215626 667.4713421835468 -8 18 11.0 1 1173
462.7705977186946 102.55109335881258 19 21 12.0 1 1174
