400 400 -7.071067811865475 -7.071067811865477 5 2 -1 10 187
57.15728752538104 57.15728752538092
800.0 400.0 0 0 24.0 1 0
799.4518139018296 420.9343824971775 0 0 24.0 1 1
797.8087581473094 441.8113853070614 0 0 24.0 1 2
795.0753362380551 462.57378601609236 0 0 24.0 1 3
791.2590402935223 483.16467632710373 0 0 24.0 1 4
786.3703305156273 503.5276180410083 0 0 24.0 1 5
780.4226065180615 523.6067977499789 0 0 24.0 1 6
773.4321705988807 543.3471798181201 0 0 24.0 1 7
765.4181830570403 562.6946572303201 0 0 24.0 1 8
756.4026096753471 581.5961998958187 0 0 24.0 1 9
746.4101615137755 600.0 0 0 24.0 1 10
735.4682271781696 617.8556140060108 0 0 24.0 1 11
723.606797749979 635.1141009169893 0 0 24.0 1 12
710.8583845827884 651.728156419935 0 0 24.0 1 13
697.2579301909577 667.6522425435433 0 0 24.0 1 14
682.842712474619 682.842712474619 0 0 24.0 1 15
667.6522425435433 697.2579301909577 0 0 24.0 1 16
651.728156419935 710.8583845827884 0 0 24.0 1 17
635.1141009169893 723.606797749979 0 0 24.0 1 18
617.8556140060108 735.4682271781696 0 0 24.0 1 19
600.0 746.4101615137754 0 0 24.0 1 20
581.5961998958187 756.4026096753471 0 0 24.0 1 21
562.6946572303201 765.4181830570403 0 0 24.0 1 22
543.3471798181201 773.4321705988807 0 0 24.0 1 23
523.606797749979 780.4226065180615 0 0 24.0 1 24
503.5276180410083 786.3703305156273 0 0 24.0 1 25
483.1646763271038 791.2590402935223 0 0 24.0 1 26
462.57378601609236 795.0753362380551 0 0 24.0 1 27
441.8113853070614 797.8087581473094 0 0 24.0 1 28
420.9343824971776 799.4518139018296 0 0 24.0 1 29
400.0 800.0 0 0 24.0 1 30
379.0656175028225 799.4518139018296 0 0 24.0 1 31
358.1886146929386 797.8087581473094 0 0 24.0 1 32
337.4262139839077 795.0753362380551 0 0 24.0 1 33
316.83532367289627 791.2590402935223 0 0 24.0 1 34
296.47238195899166 786.3703305156273 0 0 24.0 1 35
276.3932022500211 780.4226065180615 0 0 24.0 1 36
256.65282018187986 773.4321705988807 0 0 24.0 1 37
237.3053427696799 765.4181830570403 0 0 24.0 1 38
218.4038001041813 756.4026096753471 0 0 24.0 1 39
200.00000000000009 746.4101615137755 0 0 24.0 1 40
182.14438599398918 735.4682271781696 0 0 24.0 1 41
164.8858990830108 723.606797749979 0 0 24.0 1 42
148.27184358006508 710.8583845827884 0 0 24.0 1 43
132.3477574564567 697.2579301909577 0 0 24.0 1 44
117.15728752538104 682.842712474619 0 0 24.0 1 45
102.74206980904233 667.6522425435434 0 0 24.0 1 46
89.14161541721165 651.728156419935 0 0 24.0 1 47
76.39320225002109 635.1141009169893 0 0 24.0 1 48
64.53177282183043 617.8556140060109 0 0 24.0 1 49
53.589838486224494 600.0 0 0 24.0 1 50
43.597390324652906 581.5961998958187 0 0 24.0 1 51
34.58181694295968 562.6946572303202 0 0 24.0 1 52
26.567829401119297 543.3471798181201 0 0 24.0 1 53
19.5773934819386 523.606797749979 0 0 24.0 1 54
13.629669484372698 503.5276180410084 0 0 24.0 1 55
8.740959706477724 483.16467632710373 0 0 24.0 1 56
4.924663761944942 462.5737860160924 0 0 24.0 1 57
2.1912418526906663 441.81138530706147 0 0 24.0 1 58
0.5481860981704472 420.9343824971775 0 0 24.0 1 59
0.0 400.00000000000006 0 0 24.0 1 60
0.5481860981704472 379.0656175028226 0 0 24.0 1 61
2.1912418526906663 358.1886146929386 0 0 24.0 1 62
4.924663761944885 337.4262139839077 0 0 24.0 1 63
8.740959706477781 316.8353236728962 0 0 24.0 1 64
13.629669484372698 296.47238195899166 0 0 24.0 1 65
19.577393481938543 276.3932022500211 0 0 24.0 1 66
26.567829401119297 256.65282018187986 0 0 24.0 1 67
34.58181694295968 237.30534276967992 0 0 24.0 1 68
43.59739032465285 218.40380010418136 0 0 24.0 1 69
218.40380010418124 43.597390324652906 0 0 24.0 1 70
237.30534276967995 34.58181694295962 0 0 24.0 1 71
256.65282018187975 26.567829401119354 0 0 24.0 1 72
276.393202250021 19.5773934819386 0 0 24.0 1 73
296.4723819589917 13.629669484372698 0 0 24.0 1 74
316.8353236728961 8.740959706477781 0 0 24.0 1 75
337.4262139839076 4.924663761944942 0 0 24.0 1 76
358.18861469293864 2.1912418526906663 0 0 24.0 1 77
379.0656175028223 0.5481860981704472 0 0 24.0 1 78
399.99999999999994 0.0 0 0 24.0 1 79
420.9343824971776 0.5481860981704472 0 0 24.0 1 80
441.8113853070612 2.1912418526906663 0 0 24.0 1 81
462.5737860160923 4.924663761944885 0 0 24.0 1 82
483.1646763271038 8.740959706477781 0 0 24.0 1 83
503.5276180410081 13.629669484372641 0 0 24.0 1 84
523.6067977499789 19.577393481938543 0 0 24.0 1 85
543.3471798181201 26.567829401119297 0 0 24.0 1 86
562.6946572303199 34.58181694295956 0 0 24.0 1 87
581.5961998958187 43.59739032465279 0 0 24.0 1 88
600.0 53.58983848622455 0 0 24.0 1 89
617.8556140060107 64.53177282183032 0 0 24.0 1 90
635.1141009169892 76.39320225002098 0 0 24.0 1 91
651.728156419935 89.14161541721171 0 0 24.0 1 92
667.6522425435431 102.74206980904216 0 0 24.0 1 93
682.842712474619 117.15728752538092 0 0 24.0 1 94
697.2579301909577 132.34775745645675 0 0 24.0 1 95
710.8583845827882 148.27184358006485 0 0 24.0 1 96
723.6067977499789 164.88589908301066 0 0 24.0 1 97
735.4682271781696 182.1443859939892 0 0 24.0 1 98
746.4101615137754 199.99999999999983 0 0 24.0 1 99
756.4026096753471 218.40380010418122 0 0 24.0 1 100
765.4181830570403 237.30534276967995 0 0 24.0 1 101
773.4321705988806 256.6528201818797 0 0 24.0 1 102
780.4226065180615 276.3932022500209 0 0 24.0 1 103
786.3703305156273 296.4723819589917 0 0 24.0 1 104
791.2590402935223 316.83532367289604 0 0 24.0 1 105
795.0753362380551 337.4262139839076 0 0 24.0 1 106
797.8087581473094 358.18861469293864 0 0 24.0 1 107
799.4518139018296 379.06561750282225 0 0 24.0 1 108
800.0 399.9999999999999 0 0 24.0 1 109
163.0649222899945 629.6993011538208 0 0 10.0 1 110
391.3865411715728 576.7902947760736 0 0 13.0 1 111
94.34881410545313 480.20818263280347 0 0 10.0 1 112
145.2773194933487 165.83690291699156 0 0 13.0 1 113
296.1321021441088 471.32643125096155 0 0 12.0 1 114
610.6207499172506 521.1936454781974 0 0 10.0 1 115
408.0320125230899 37.08887207082097 0 0 12.0 1 116
617.4069818893706 489.21437230488624 0 0 10.0 1 117
186.49936966525445 444.0622383301885 0 0 12.0 1 118
348.5444557843514 220.2186690185229 0 0 10.0 1 119
565.2678950915556 333.89006994401996 0 0 10.0 1 120
532.6257550681194 632.8828226654151 0 0 12.0 1 121
290.853715251312 716.7208368982981 0 0 10.0 1 122
354.5805871224765 202.14632443681757 0 0 13.0 1 123
59.61981245250354 366.7535276287673 0 0 10.0 1 124
552.5328327337754 477.29640960749794 0 0 13.0 1 125
250.0591292096348 364.8754321503167 0 0 13.0 1 126
423.75472328268796 247.84312988969927 0 0 13.0 1 127
114.71568011400615 215.03282229761427 0 0 12.0 1 128
387.98950512897267 542.4947297725535 0 0 11.0 1 129
637.7616318003121 466.92089691309286 0 0 13.0 1 130
542.2732272051376 174.06344071701164 0 0 10.0 1 131
189.25535817413166 176.76089961279976 0 0 13.0 1 132
93.77616538658697 525.6501616181097 0 0 12.0 1 133
564.1755254803236 249.0848025106165 0 0 10.0 1 134
430.8676550812442 657.1540158538951 0 0 10.0 1 135
445.63257268365624 183.7624724746631 0 0 12.0 1 136
512.574910171224 492.9671425824245 0 0 11.0 1 137
665.15901211255 540.32354861354 0 0 13.0 1 138
601.5550865478511 707.8953508689085 0 0 13.0 1 139
383.53825788615086 561.1614440447129 0 0 11.0 1 140
627.4078637178665 117.06067166391261 0 0 10.0 1 141
610.338728961782 583.2992610425422 0 0 13.0 1 142
420.7379808752366 646.1278857610781 0 0 12.0 1 143
169.45186646404426 244.65664441925068 0 0 11.0 1 144
271.44040993030336 455.4295210254568 0 0 13.0 1 145
125.15172914718858 317.37174811712623 0 0 11.0 1 146
478.1871338862728 270.81884001662604 0 0 13.0 1 147
564.7239413398961 209.29073659244958 0 0 10.0 1 148
445.8485302688176 136.96594845497793 0 0 11.0 1 149
714.3061934859583 287.0061208013134 0 0 11.0 1 150
352.5467918364449 658.6835770492328 0 0 11.0 1 151
413.17848308321453 258.61284505434935 0 0 11.0 1 152
364.3380607130422 256.36077803645225 0 0 11.0 1 153
638.1653002334388 520.6908851766196 0 0 12.0 1 154
114.18654617028938 168.1926023399342 0 0 13.0 1 155
312.6638313254437 639.5775315868528 0 0 13.0 1 156
520.5883097271392 570.702839921167 0 0 10.0 1 157
283.1938853013595 88.15816257434597 0 0 12.0 1 158
193.19873953906233 112.68616693279904 0 0 12.0 1 159
481.49868421554186 666.831340871224 0 0 10.0 1 160
563.507778659276 508.07962952337135 0 0 13.0 1 161
195.26679814930537 700.9656393343976 0 0 10.0 1 162
319.4650604613008 691.0637791163615 0 0 12.0 1 163
468.662781845175 143.01474285616712 0 0 12.0 1 164
609.5328770263313 332.9479795601334 0 0 11.0 1 165
328.5477676290483 281.93824290140554 0 0 11.0 1 166
77.68093832999858 218.31229407532868 0 0 12.0 1 167
246.7889680987453 324.0567336510161 0 0 10.0 1 168
726.0989948139813 527.1198079817262 0 0 13.0 1 169
583.8198458364337 546.4078695858584 0 0 12.0 1 170
319.4481487122647 127.66307768846588 0 0 10.0 1 171
52.36926214846795 288.7441232976909 0 0 13.0 1 172
675.0 400.0 0 0 11.0 1 173
570.4649322214713 348.75834816548945 0 0 10.0 1 174
571.4336204170897 602.0779893770947 0 0 12.0 1 175
159.01955973957638 454.19803881961417 0 0 10.0 1 176
609.7234502330241 223.67055146018214 0 0 13.0 1 177
214.97715912763834 464.6726244675499 0 0 11.0 1 178
249.02272637761558 182.21372208159747 0 0 10.0 1 179
611.4835917935627 106.1995738565144 0 0 10.0 1 180
435.57948249976135 245.0319374030598 0 0 11.0 1 181
99.78984050353961 197.7183643157149 0 0 13.0 1 182
272.9614482810656 354.3249917662227 0 0 11.0 1 183
295.7300036751318 300.683496505304 0 0 10.0 1 184
305.37891075421817 580.7286625578295 0 0 10.0 1 185
67.32606916622223 385.2671881976714 0 0 12.0 1 186
192.74708069280163 464.30573410391895 0 0 13.0 1 187
544.7411914744251 325.04009411316076 0 0 12.0 1 188
257.16164637972327 719.5265321300388 0 0 10.0 1 189
336.51997679529404 210.34165809559025 0 0 11.0 1 190
601.6263591394386 609.8280517475539 0 0 11.0 1 191
143.20765756481183 631.8915541080551 0 0 12.0 1 192
385.7946987045767 43.28273182377859 0 0 11.0 1 193
274.6514943782945 507.2974936259243 0 0 11.0 1 194
496.1339239536445 555.7153449897437 0 0 13.0 1 195
618.8612225335688 520.8294884169907 0 0 11.0 1 196
481.1775802683842 194.4490319609999 0 0 12.0 1 197
186.72056588125773 346.0381340019726 0 0 12.0 1 198
488.22894026669474 207.23160502972482 0 0 10.0 1 199
415.31955266977525 714.6272577288846 0 0 11.0 1 200
559.1725626117722 657.8237679338379 0 0 12.0 1 201
558.2716155726511 508.69266628445064 0 0 10.0 1 202
526.7213774224439 454.6414906838982 0 0 12.0 1 203
487.8692458774808 616.8755302677616 0 0 11.0 1 204
446.19196495247917 134.99565593404145 0 0 11.0 1 205
542.761250722225 509.63222743439087 0 0 11.0 1 206
54.27408810929825 289.35374453989533 0 0 12.0 1 207
705.0777076413677 474.3208739203741 0 0 12.0 1 208
342.4433351857664 184.55573728812837 0 0 11.0 1 209
51.966741597143255 311.9440459395825 0 0 11.0 1 210
217.45417457151564 313.5071007617775 0 0 11.0 1 211
453.45875009755434 519.5958278453193 0 0 11.0 1 212
221.04194596802083 339.21336580228166 0 0 13.0 1 213
510.91604166900225 173.7222244662986 0 0 10.0 1 214
74.65838233384216 276.4814515371575 0 0 11.0 1 215
267.8143031625651 513.1500841873383 0 0 11.0 1 216
457.69702685514125 68.9908564826689 0 0 10.0 1 217
538.9511075672558 396.31357818027993 0 0 12.0 1 218
271.05788044267865 124.70029094809155 0 0 12.0 1 219
693.6466228982915 594.1021917970751 0 0 11.0 1 220
559.8726308379402 160.4488741229637 0 0 12.0 1 221
383.69546827505735 183.61339633602466 0 0 10.0 1 222
157.61134541173956 499.4572276252107 0 0 11.0 1 223
319.79669712692964 513.5272223224481 0 0 13.0 1 224
422.41716961007353 666.0572692235136 0 0 13.0 1 225
555.9997684147174 503.11678939219615 0 0 13.0 1 226
578.3318546250426 142.77101713455255 0 0 13.0 1 227
239.65296880976024 353.3327782220082 0 0 11.0 1 228
355.56398375670585 267.23916066691316 0 0 10.0 1 229
141.08488580689954 584.626551834707 0 0 13.0 1 230
279.3001838045011 351.71382837320004 0 0 10.0 1 231
583.7772202486202 378.76480945011036 0 0 12.0 1 232
733.4143231327389 367.444061525775 0 0 12.0 1 233
579.9366860583168 395.2262163485639 0 0 10.0 1 234
295.8679479839327 260.5994413823135 0 0 10.0 1 235
282.1292235062694 300.8915742796557 0 0 13.0 1 236
602.8199814017969 516.7049919419678 0 0 12.0 1 237
348.29357136568194 534.3965968240423 0 0 12.0 1 238
304.4706095440356 712.7349285882725 0 0 10.0 1 239
313.5506661883732 292.43368239301896 0 0 13.0 1 240
278.90127056478156 664.6055512062734 0 0 10.0 1 241
521.1641677442904 199.81197724430794 0 0 13.0 1 242
293.59092922933337 487.86984498520104 0 0 10.0 1 243
169.75416227150558 527.1056812605315 0 0 13.0 1 244
562.1177859932365 463.19670453948675 0 0 10.0 1 245
330.383675472946 156.76643455447214 0 0 11.0 1 246
160.67884083839823 478.92643902740883 0 0 11.0 1 247
247.3506564615917 462.6352769395411 0 0 13.0 1 248
269.3298933241973 685.5193920232641 0 0 10.0 1 249
549.3868739968705 726.4422795494529 0 0 12.0 1 250
289.7413168907021 257.72202278988004 0 0 13.0 1 251
632.2522137764478 289.9640549822959 0 0 13.0 1 252
315.5938098950429 219.7873615087836 0 0 11.0 1 253
427.2556542725911 270.84455369527393 0 0 11.0 1 254
523.0662662211704 505.3503399063335 0 0 12.0 1 255
527.5444760634105 374.85230376932896 0 0 12.0 1 256
538.8333384383171 318.47513178132886 0 0 10.0 1 257
567.6442170592289 148.80402772616333 0 0 13.0 1 258
63.807545546281744 457.0581595250372 0 0 12.0 1 259
305.22648409741373 171.90576358999724 0 0 11.0 1 260
339.34611555450715 172.96232404802765 0 0 13.0 1 261
580.96783381104 253.23609733405226 0 0 12.0 1 262
298.1895649209091 44.282928004563985 0 0 13.0 1 263
667.5707852009166 332.3104520109274 0 0 11.0 1 264
152.3381417663317 446.5575340438729 0 0 11.0 1 265
170.24477312969165 622.7387162703717 0 0 12.0 1 266
255.6484661894018 421.8777212370878 0 0 11.0 1 267
88.74140978137382 544.1079110080823 0 0 10.0 1 268
133.0432055909697 576.4484908375664 0 0 11.0 1 269
71.04656366008788 373.73906475078644 0 0 11.0 1 270
422.1675051934804 584.6743125437239 0 0 10.0 1 271
339.0508859697006 50.27124010324576 0 0 13.0 1 272
542.3872640441982 671.9832109487786 0 0 11.0 1 273
319.0057760509187 47.17718938979294 0 0 12.0 1 274
232.38875233102473 646.3949464880508 0 0 12.0 1 275
200.71292676380034 244.13575637449878 0 0 11.0 1 276
268.5097036972187 67.02206983313926 0 0 10.0 1 277
617.6350525849248 453.01871260561717 0 0 11.0 1 278
270.3565396229891 332.8540903593197 0 0 12.0 1 279
539.0408383862888 338.5862779108941 0 0 13.0 1 280
506.00973521764297 510.3219653518067 0 0 12.0 1 281
236.92207790025762 355.6537338253788 0 0 12.0 1 282
672.2299442254182 451.1845432433049 0 0 11.0 1 283
349.80648187345645 763.551386654047 0 0 12.0 1 284
501.3700714926729 678.1008964486996 0 0 10.0 1 285
730.67633050066 385.36564157134677 0 0 11.0 1 286
120.16139769943811 434.8476206141532 0 0 12.0 1 287
513.4695495846296 583.7951612993696 0 0 12.0 1 288
462.95987905779947 743.2740211973917 0 0 13.0 1 289
264.7843337958911 477.7992520078375 0 0 10.0 1 290
110.7912494121149 197.5961991873807 0 0 12.0 1 291
292.8679720043651 239.46424517403455 0 0 10.0 1 292
610.8077418072825 168.63644194879325 0 0 13.0 1 293
130.77668481758508 326.7893002205958 0 0 10.0 1 294
248.18217985326993 163.54207671153176 0 0 12.0 1 295
220.4238952182825 228.9549106480235 0 0 10.0 1 296
740.3462896715231 378.8954245049162 0 0 13.0 1 297
648.6404181173538 515.1257680904996 0 0 10.0 1 298
464.47520911522355 262.3520889749932 0 0 12.0 1 299
167.6903816444073 507.55575865326256 0 0 13.0 1 300
544.0994793871159 262.75445347712684 0 0 10.0 1 301
636.9629375453195 646.6020401981561 0 0 13.0 1 302
138.92792213853886 168.39177440967433 0 0 13.0 1 303
467.6730331649905 292.5320485807508 0 0 10.0 1 304
322.1498788884449 725.8287259326842 0 0 13.0 1 305
42.50418136790165 418.99314772663683 0 0 10.0 1 306
187.73812157091385 591.6791458812247 0 0 12.0 1 307
171.3174555161562 298.98369513590984 0 0 11.0 1 308
310.3449508273447 564.1065877953982 0 0 11.0 1 309
570.0273848319725 441.4208692231384 0 0 11.0 1 310
365.1458176231466 741.224538934176 0 0 12.0 1 311
449.67701330155364 183.62949750615897 0 0 10.0 1 312
479.6309966545257 187.4255321732948 0 0 10.0 1 313
415.2381692175179 135.43847936841178 0 0 13.0 1 314
326.93187604767024 664.0777333704737 0 0 13.0 1 315
562.0334165920159 308.6699835348847 0 0 11.0 1 316
167.0799190421453 443.7862522555472 0 0 11.0 1 317
542.5469513746666 201.96877353864505 0 0 12.0 1 318
246.9456672561429 443.07402034095117 0 0 12.0 1 319
283.00141719814474 336.75182514603745 0 0 11.0 1 320
440.1637056462521 734.598082404489 0 0 13.0 1 321
500.7320632659927 710.0468536047028 0 0 10.0 1 322
229.58804497937646 280.73657062599204 0 0 10.0 1 323
210.46226646951413 649.0872288338495 0 0 11.0 1 324
613.5505204927508 220.45286079339715 0 0 13.0 1 325
319.0057760509187 47.17718938979294 0 0 12.0 1 326
217.94700713010863 262.73854223739545 0 0 10.0 1 327
543.0419018452608 698.4962551130094 0 0 13.0 1 328
502.1386105926273 652.0946334736375 0 0 11.0 1 329
605.1309659213521 227.53178026032413 0 0 13.0 1 330
62.648589951346935 379.0709260074526 0 0 11.0 1 331
225.0081689780225 504.8516050214572 0 0 10.0 1 332
632.9180436199324 393.82060227341884 0 0 12.0 1 333
276.8766418093806 188.18489509040097 0 0 11.0 1 334
301.93321476859603 151.6617113001346 0 0 13.0 1 335
260.8104024195718 352.72150673510794 0 0 11.0 1 336
663.1414365875073 533.3476072176134 0 0 11.0 1 337
616.9204445999619 633.8942511361809 0 0 13.0 1 338
91.21340194131619 316.0307386042675 0 0 13.0 1 339
386.46726498753276 603.5506450077777 0 0 10.0 1 340
398.4791383409474 54.00334253086487 0 0 10.0 1 341
420.0949930179321 244.29132568925627 0 0 10.0 1 342
237.5778538399831 370.9475227084831 0 0 12.0 1 343
467.4444621665825 256.01304044094684 0 0 10.0 1 344
244.44492550898448 213.31411729834898 0 0 13.0 1 345
696.692618574963 313.66061105653193 0 0 10.0 1 346
128.8819852782018 297.0678762809646 0 0 10.0 1 347
565.8738018537068 373.35639178719975 0 0 10.0 1 348
393.2826277392801 96.07422467005057 0 0 13.0 1 349
235.32373848583833 467.5701775468989 0 0 12.0 1 350
530.9144562242097 347.6320216972293 0 0 12.0 1 351
715.471407762874 529.4557487487923 0 0 13.0 1 352
251.17665074094842 468.90290788724633 0 0 11.0 1 353
300.42126204757847 622.7556395420843 0 0 12.0 1 354
297.5746283380618 556.4546044062424 0 0 10.0 1 355
708.5326572273107 369.8736091731052 0 0 12.0 1 356
220.0240051070295 487.22752582920975 0 0 12.0 1 357
72.55824063413354 368.0172824265042 0 0 12.0 1 358
553.411939670503 680.828732088677 0 0 12.0 1 359
177.52566917958075 269.35095818948133 0 0 10.0 1 360
188.31109159558653 315.31348360838166 0 0 10.0 1 361
192.0303708358932 111.0629249380691 0 0 11.0 1 362
451.24340561286385 176.8070041842811 0 0 12.0 1 363
415.18356230165506 198.5714532747859 0 0 11.0 1 364
519.1943010616961 145.53248027613873 0 0 12.0 1 365
171.52100859390228 373.5926054664168 0 0 11.0 1 366
715.486906106416 453.5538240968982 0 0 11.0 1 367
345.542410397024 215.88489759220226 0 0 11.0 1 368
355.7045875498106 145.83092942714762 0 0 10.0 1 369
109.65489645443176 490.087295703186 0 0 13.0 1 370
714.299315539497 299.4219693402 0 0 11.0 1 371
325.9337418339549 573.8826886187373 0 0 11.0 1 372
363.75396607803543 242.10691900869185 0 0 11.0 1 373
611.7781266278071 469.850018482578 0 0 12.0 1 374
344.0668862019412 572.1408922390418 0 0 11.0 1 375
620.9222645493779 394.1388545168479 0 0 12.0 1 376
655.2463861971544 250.1157702315114 0 0 10.0 1 377
502.3620646715474 550.4859053738188 0 0 11.0 1 378
225.48359644219255 563.2942892119884 0 0 13.0 1 379
271.2420232503439 214.26528751109822 0 0 10.0 1 380
713.6211355765815 528.6964774951338 0 0 10.0 1 381
130.1426169359044 308.33761509867867 0 0 12.0 1 382
563.5784687906009 172.75105160172384 0 0 13.0 1 383
229.3197994360145 712.4168195463196 0 0 12.0 1 384
247.90582553987582 172.08913563567597 0 0 13.0 1 385
267.6145957222933 357.6313236667919 0 0 12.0 1 386
349.8656667772336 581.1920214366753 0 0 13.0 1 387
410.99868621318217 530.5374616789524 0 0 13.0 1 388
305.60405034914857 303.4888364513518 0 0 12.0 1 389
161.23617392849025 666.7505114516068 0 0 12.0 1 390
130.06019667673888 423.9479139341844 0 0 12.0 1 391
547.72239629217 722.8050396658934 0 0 13.0 1 392
367.702949576896 576.0622064327478 0 0 13.0 1 393
232.2821830590697 198.7172787331993 0 0 13.0 1 394
534.9356799997547 511.4332188487965 0 0 12.0 1 395
590.4038624215746 114.7012632783908 0 0 11.0 1 396
521.2039216550751 122.29762446923434 0 0 13.0 1 397
77.90555410479715 484.52317979975805 0 0 13.0 1 398
207.12054755571359 237.822576093982 0 0 11.0 1 399
645.261667988914 562.119444285057 0 0 10.0 1 400
705.5239475067135 265.0514264620963 0 0 12.0 1 401
120.3308985355365 372.683453987379 0 0 10.0 1 402
498.16447647837646 519.9530556414728 0 0 12.0 1 403
190.68407316494879 366.3719942134017 0 0 11.0 1 404
69.26166296241456 474.3851625904826 0 0 13.0 1 405
252.91728307231085 445.63632742858766 0 0 10.0 1 406
100.53838258849379 538.6460951389713 0 0 10.0 1 407
391.3865411715728 576.7902947760736 0 0 13.0 1 408
384.4468291840409 193.58512922376548 0 0 12.0 1 409
619.7689433707997 356.66858495638223 0 0 11.0 1 410
273.0215810182947 61.00076532106078 0 0 13.0 1 411
413.6853881889213 562.4244752188491 0 0 10.0 1 412
554.4820239330493 437.63381832273717 0 0 12.0 1 413
283.7668762088836 479.81767306655223 0 0 11.0 1 414
732.0142725298856 322.23417951020633 0 0 12.0 1 415
259.27606899137277 557.2188768611426 0 0 10.0 1 416
439.38031884385606 685.2949184401227 0 0 12.0 1 417
546.7505510363355 147.55540059147262 0 0 11.0 1 418
161.2464755848491 502.9405390472769 0 0 13.0 1 419
592.7119185225401 142.03466035267087 0 0 11.0 1 420
416.37209016466045 594.3114887587459 0 0 12.0 1 421
265.53466384349986 340.602412739915 0 0 11.0 1 422
589.0819446708472 589.9263494081079 0 0 13.0 1 423
533.2161324971378 575.0813012360402 0 0 12.0 1 424
198.91133222078116 149.7913916533267 0 0 11.0 1 425
671.6761053823092 601.0872789718445 0 0 12.0 1 426
592.1467090442686 537.0242394741061 0 0 11.0 1 427
377.5701989843239 562.4589302759229 0 0 11.0 1 428
508.2233284556393 300.51778461462163 0 0 10.0 1 429
750.1203660348305 424.83403486420116 0 0 10.0 1 430
559.1363266868233 219.01207352802604 0 0 11.0 1 431
515.7056008350272 107.02011342857452 0 0 10.0 1 432
614.3159345446961 219.80932266004015 0 0 12.0 1 433
613.5599993561129 335.8039979826076 0 0 10.0 1 434
493.2230312251869 196.3201864465017 0 0 10.0 1 435
696.5931446333493 619.5301950905639 0 0 13.0 1 436
561.8232160719217 684.1518022820551 0 0 11.0 1 437
111.08859656536725 459.6255059972734 0 0 11.0 1 438
468.3032781663009 235.62645531674838 0 0 12.0 1 439
351.88427617741536 264.2764680645661 0 0 10.0 1 440
702.0343101824601 511.62112467004374 0 0 12.0 1 441
502.9229378502743 109.70554799605873 0 0 11.0 1 442
418.7329988944732 535.7132077301973 0 0 12.0 1 443
300.33401927727107 673.4002419285262 0 0 10.0 1 444
353.0880831843182 655.7328138129296 0 0 13.0 1 445
447.38419843720163 280.0177607374162 0 0 12.0 1 446
166.02475634588887 579.6679864555713 0 0 13.0 1 447
593.8918733339975 350.9496029064691 0 0 12.0 1 448
161.603124986005 309.4907187987792 0 0 10.0 1 449
603.5299404921768 483.5198379024467 0 0 11.0 1 450
337.7832947765328 202.57132530674227 0 0 13.0 1 451
562.7450415409442 312.0281212327692 0 0 12.0 1 452
299.7688883343458 275.28542886147125 0 0 13.0 1 453
265.3030240213064 252.15980024974522 0 0 12.0 1 454
330.7317073566583 289.9913474572278 0 0 11.0 1 455
512.8036498571986 141.5443237634458 0 0 13.0 1 456
595.2075231533448 433.13642865995575 0 0 13.0 1 457
137.1645458710962 409.3018306183743 0 0 13.0 1 458
557.8070994020868 128.53560200589862 0 0 12.0 1 459
550.5535551618406 348.8665762134919 0 0 13.0 1 460
71.7371936898773 566.3355944871779 0 0 11.0 1 461
417.7259878091125 209.82431975620227 0 0 13.0 1 462
280.5530932982606 245.8655246890367 0 0 10.0 1 463
588.1053942450378 381.6326197861835 0 0 12.0 1 464
683.6509913218824 372.30315682043545 0 0 10.0 1 465
432.26628581523494 595.3532359590943 0 0 12.0 1 466
397.95538092764883 553.9864264565192 0 0 10.0 1 467
139.3018992884181 284.8414124549372 0 0 10.0 1 468
282.5789453315015 236.86417952964013 0 0 11.0 1 469
576.4270435830949 213.1243774792209 0 0 10.0 1 470
348.3474879979422 751.2221775513005 0 0 12.0 1 471
150.56224522406234 564.869058626351 0 0 11.0 1 472
407.1911957851356 75.07956865844852 0 0 13.0 1 473
172.15245916877814 605.7534887606154 0 0 11.0 1 474
526.0470484746252 540.830187001351 0 0 10.0 1 475
605.8334029691426 421.9456196572925 0 0 13.0 1 476
620.6884060092381 411.73147275927886 0 0 13.0 1 477
706.850870423734 193.25730165203703 0 0 11.0 1 478
632.7020854388348 345.4955099792942 0 0 10.0 1 479
213.57762379086404 294.9157592760009 0 0 12.0 1 480
626.381156382153 593.7926005684407 0 0 12.0 1 481
625.4077330343864 454.9122380558178 0 0 13.0 1 482
299.6490297190392 675.2792813919525 0 0 11.0 1 483
68.86767558739422 253.72839055679742 0 0 13.0 1 484
109.91480216562633 262.5533630917355 0 0 11.0 1 485
68.96171383945341 322.4522527994005 0 0 11.0 1 486
363.61995688920825 663.5004600816799 0 0 11.0 1 487
432.11095173797344 55.49327034369628 0 0 12.0 1 488
302.7410191801541 551.4618455251515 0 0 10.0 1 489
431.10407589601783 264.52477546556804 0 0 11.0 1 490
686.664644884397 279.39991138766715 0 0 12.0 1 491
731.6597760932153 242.8669578930063 0 0 12.0 1 492
334.66536361926717 636.1279002765184 0 0 13.0 1 493
171.60818965583434 434.61475072443346 0 0 10.0 1 494
97.0957352763358 284.9999721208018 0 0 11.0 1 495
542.6093202816076 497.9366211833852 0 0 13.0 1 496
140.75629687805548 324.55000071821684 0 0 11.0 1 497
378.1353975485792 109.82257296674277 0 0 13.0 1 498
226.31089199821062 278.44304313803036 0 0 11.0 1 499
193.26945452795795 523.868807892996 0 0 11.0 1 500
454.10306510433327 727.5619916081782 0 0 12.0 1 501
557.097064330337 164.60774783610668 0 0 10.0 1 502
555.9134152423297 294.95235867725125 0 0 12.0 1 503
402.98048624213226 624.9802584711833 0 0 11.0 1 504
599.3373821515858 586.530448122961 0 0 12.0 1 505
215.55216174191503 363.62700229676796 0 0 11.0 1 506
261.2278695105379 456.94116085412827 0 0 10.0 1 507
80.01253555371613 397.16758102707075 0 0 12.0 1 508
462.7705977186946 102.55109335881258 0 0 13.0 1 509
413.62809850774244 163.39214947288147 0 0 10.0 1 510
286.6084138460984 212.6411246044044 0 0 12.0 1 511
277.9838945059821 106.34021385270898 0 0 12.0 1 512
512.7884280476428 324.0080892558839 0 0 12.0 1 513
553.905260545467 670.2483501826273 0 0 12.0 1 514
254.96550980308578 383.2370452091168 0 0 10.0 1 515
280.8263922767478 234.4293165375452 0 0 13.0 1 516
155.8655959098531 333.61180270899905 0 0 11.0 1 517
533.2448115838895 414.2063431597932 0 0 12.0 1 518
261.51302626938354 442.96926933211176 0 0 11.0 1 519
491.7298038167152 267.68732830243755 0 0 11.0 1 520
379.3575854020981 214.14282171632883 0 0 11.0 1 521
554.3299872206501 344.51797548327966 0 0 11.0 1 522
188.33469799411003 612.5977420546968 0 0 13.0 1 523
242.85001135924563 221.26029800234429 0 0 12.0 1 524
357.57321754132215 564.6206795339031 0 0 13.0 1 525
237.73537102284473 557.30921836595 0 0 13.0 1 526
401.310006604463 104.00289886099176 0 0 13.0 1 527
126.36081325484889 563.9591274600238 0 0 13.0 1 528
484.2327733911613 568.0739119757533 0 0 12.0 1 529
197.84462705075856 453.04908281726557 0 0 13.0 1 530
518.6366476818253 460.1194296947206 0 0 10.0 1 531
557.381456997732 413.96699657303 0 0 13.0 1 532
657.3534314444053 418.2540769087291 0 0 11.0 1 533
241.18539996411067 115.30029361546485 0 0 11.0 1 534
758.1003173974477 425.4000527528439 0 0 10.0 1 535
630.6883405379185 522.0814872937798 0 0 13.0 1 536
592.0502493155011 169.52939072876586 0 0 13.0 1 537
583.3725201947426 375.514926231912 0 0 13.0 1 538
93.97362134438481 375.56937235906497 0 0 13.0 1 539
603.937577888928 429.07686923995465 0 0 11.0 1 540
235.76347543845375 641.4339744111102 0 0 11.0 1 541
735.2362273525378 510.56976019887907 0 0 12.0 1 542
174.28623595994628 236.0051930002936 0 0 12.0 1 543
502.11838676676143 54.78726112127015 0 0 11.0 1 544
473.2023685243523 232.27876329329993 0 0 10.0 1 545
229.59220770405037 687.2580448391664 0 0 10.0 1 546
380.85260888905697 538.6844526745683 0 0 12.0 1 547
140.00810708245666 432.3761581592487 0 0 11.0 1 548
356.3358312715577 638.0282343951114 0 0 11.0 1 549
381.0340978202704 70.54545904706532 0 0 11.0 1 550
275.2980053913339 99.87600472368058 0 0 11.0 1 551
564.0442248436593 355.3962748703321 0 0 12.0 1 552
667.5165416002567 613.0701761632494 0 0 12.0 1 553
522.1321652036154 506.4318289924438 0 0 10.0 1 554
246.7889680987453 324.0567336510161 0 0 11.0 1 555
219.07942484215675 194.2240405573207 0 0 12.0 1 556
452.19384212523363 223.55793346198251 0 0 12.0 1 557
589.8197870702852 163.8275027938444 0 0 11.0 1 558
309.27998963272296 598.2268390479986 0 0 11.0 1 559
472.9491276410202 82.26673958111633 0 0 11.0 1 560
173.3889038279033 128.03784989142196 0 0 11.0 1 561
503.2167423321989 138.64333928072836 0 0 11.0 1 562
160.44239327994325 318.62953199987965 0 0 10.0 1 563
479.79468465470535 618.9105029477939 0 0 13.0 1 564
109.82917746201446 312.7652950504852 0 0 12.0 1 565
467.1412816486387 574.5309379410372 0 0 13.0 1 566
514.8773288714666 165.64087534009496 0 0 11.0 1 567
573.5472567522565 717.6875031753159 0 0 11.0 1 568
225.36109407455658 461.0430384004935 0 0 10.0 1 569
303.8949516103532 298.1971529178891 0 0 10.0 1 570
491.06953004620385 515.3921171361526 0 0 11.0 1 571
275.17515412179927 456.46023247812064 0 0 12.0 1 572
253.23097441372678 537.331180466986 0 0 10.0 1 573
380.8054465558893 251.23317198353263 0 0 12.0 1 574
362.6891115824019 64.0656349738992 0 0 10.0 1 575
295.1330896752851 486.59636897092275 0 0 12.0 1 576
215.42560273792725 422.98460083061167 0 0 11.0 1 577
540.2053614427493 414.94846556366304 0 0 10.0 1 578
375.9355808430876 183.3322734447042 0 0 11.0 1 579
281.6219461575023 178.6684921470449 0 0 10.0 1 580
544.9981752132798 116.981397811347 0 0 13.0 1 581
253.89676972554548 726.8299957215826 0 0 12.0 1 582
204.3383040338608 476.2659867283844 0 0 12.0 1 583
225.32557660615112 605.8855162754933 0 0 12.0 1 584
225.28851444888528 621.3592031439457 0 0 13.0 1 585
198.87336785687543 360.33795463211396 0 0 12.0 1 586
482.191949858924 625.4872133367835 0 0 12.0 1 587
221.84136218898954 236.22118643327155 0 0 10.0 1 588
425.0707319072935 256.1686459716359 0 0 10.0 1 589
115.63792806910658 537.8194908101514 0 0 11.0 1 590
603.9393305251403 370.9354259457054 0 0 10.0 1 591
274.3044160644621 744.8037415387255 0 0 10.0 1 592
419.34753795366356 531.5852300797151 0 0 13.0 1 593
707.0208777537332 474.79425528292427 0 0 10.0 1 594
421.6615346793969 657.0890466654176 0 0 12.0 1 595
112.44248055785073 321.8036253252242 0 0 11.0 1 596
205.8022211477949 158.36551841910054 0 0 10.0 1 597
444.5293697041095 560.9538295094427 0 0 11.0 1 598
83.88306921769947 236.27435731450552 0 0 13.0 1 599
393.89791874895036 596.905471240404 0 0 13.0 1 600
723.9700728425582 374.1467235657153 0 0 12.0 1 601
320.8267411361894 577.1089920949358 0 0 13.0 1 602
524.8098326555403 594.3797974906241 0 0 11.0 1 603
579.6744627271389 483.1930732916749 0 0 10.0 1 604
419.8605308437177 186.9235833917659 0 0 11.0 1 605
717.2040313158276 292.26605680201124 0 0 11.0 1 606
392.55446779237644 552.8187293827077 0 0 12.0 1 607
445.89050533789924 525.8970274463708 0 0 13.0 1 608
62.49970020861048 333.44515313876684 0 0 13.0 1 609
596.3290850289476 325.4688630725636 0 0 13.0 1 610
211.2222263774795 200.03012180299652 0 0 11.0 1 611
725.0016937401202 231.68511929703578 0 0 12.0 1 612
450.3955142160281 582.1573280076926 0 0 12.0 1 613
131.2748029990857 337.0494758018663 0 0 12.0 1 614
413.6187410944535 58.271262708267045 0 0 11.0 1 615
312.4032160175511 199.2817810064762 0 0 11.0 1 616
273.89296041052995 531.2288633113151 0 0 11.0 1 617
533.0920816063256 603.3113322313716 0 0 11.0 1 618
566.4902813839929 434.3654798406611 0 0 11.0 1 619
247.79604019707938 361.49085017413495 0 0 12.0 1 620
299.21211098682653 729.9496952995535 0 0 10.0 1 621
615.59397026389 237.46003572704674 0 0 12.0 1 622
252.49054575656706 629.717132379813 0 0 11.0 1 623
409.33763210348206 591.7728047109392 0 0 10.0 1 624
593.9317616406304 394.85492206456337 0 0 13.0 1 625
752.6853753943201 485.9187173028528 0 0 12.0 1 626
452.79530060726756 590.8314864842494 0 0 12.0 1 627
307.43375502209864 541.3948029125935 0 0 10.0 1 628
252.72844135240462 334.94549966752595 0 0 12.0 1 629
184.5972510972635 313.82775525063397 0 0 12.0 1 630
158.15623857951005 313.04831765866095 0 0 11.0 1 631
457.8061301894697 550.2646043235668 0 0 10.0 1 632
192.13474034449655 296.965860859858 0 0 11.0 1 633
323.76050557852835 621.2318681617962 0 0 11.0 1 634
122.5334556404569 382.7861462428161 0 0 10.0 1 635
335.5169613357166 65.15236640432931 0 0 13.0 1 636
140.30590870013583 365.3160131481716 0 0 13.0 1 637
247.30538473475104 73.98718664905579 0 0 10.0 1 638
449.80980967244506 225.9885553752432 0 0 12.0 1 639
558.8341714643392 642.6349232390854 0 0 10.0 1 640
708.0066949373596 204.15088492984125 0 0 10.0 1 641
396.77375042479656 642.978582006066 0 0 13.0 1 642
120.5372934508199 382.66230556830396 0 0 10.0 1 643
138.2376217459322 544.5041775547487 0 0 10.0 1 644
564.8430847257467 116.43209381507882 0 0 12.0 1 645
559.0565667758631 717.3736103797469 0 0 12.0 1 646
638.5892167794117 365.9972701597815 0 0 13.0 1 647
445.6584291667249 107.54263926851291 0 0 12.0 1 648
281.553065954992 453.57540308142836 0 0 13.0 1 649
522.4246185440176 673.8835752182883 0 0 12.0 1 650
223.1771283900635 379.5629729261834 0 0 10.0 1 651
456.5459128149591 574.0447061646031 0 0 12.0 1 652
393.6501184951006 604.9016325090499 0 0 11.0 1 653
346.10967695538835 217.8027632422835 0 0 12.0 1 654
442.39622624523 553.24346641917 0 0 13.0 1 655
575.054070481281 214.5786624793826 0 0 10.0 1 656
719.3865474923384 380.19511977000934 0 0 13.0 1 657
530.8795610313979 639.5820120631527 0 0 10.0 1 658
671.7979891220912 246.80126270367757 0 0 10.0 1 659
273.39121911774697 605.0639329660621 0 0 13.0 1 660
288.4427951320485 743.3307298248292 0 0 11.0 1 661
615.9240232699802 394.2714596182767 0 0 11.0 1 662
242.18601964754535 172.3517019494434 0 0 11.0 1 663
513.8873486305322 287.61818731704125 0 0 12.0 1 664
623.5718606157448 547.7823505727731 0 0 11.0 1 665
475.9814263636981 718.0500319882674 0 0 12.0 1 666
351.0690211306047 119.23184064626776 0 0 10.0 1 667
209.92025844824843 518.5145216908853 0 0 12.0 1 668
354.19616512580103 106.55322678411147 0 0 11.0 1 669
522.2334384396473 614.6345417849162 0 0 12.0 1 670
141.64852236252204 418.31704131489874 0 0 13.0 1 671
286.00385339927266 544.4329552428583 0 0 12.0 1 672
178.1530234741306 564.1947593753539 0 0 13.0 1 673
546.5614835112921 679.9566601296874 0 0 13.0 1 674
488.5388502740414 68.62427368295232 0 0 11.0 1 675
226.30312420254123 533.380640792441 0 0 10.0 1 676
365.24743331520745 740.229715205505 0 0 13.0 1 677
730.1289361630693 435.19780544068175 0 0 10.0 1 678
319.75415944245816 243.35835460129522 0 0 13.0 1 679
656.2626978015135 505.159068631717 0 0 10.0 1 680
567.5239887178224 287.129661983004 0 0 13.0 1 681
465.1768964349288 695.9070329869005 0 0 10.0 1 682
189.69673388742495 366.213371544597 0 0 11.0 1 683
518.3284369988091 549.9312542381304 0 0 12.0 1 684
61.00000015402162 399.9897810642111 0 0 11.0 1 685
673.8936500981531 557.6016130498369 0 0 13.0 1 686
287.61184438595586 575.0225770512861 0 0 10.0 1 687
715.3553591737084 222.2501830087541 0 0 10.0 1 688
633.321379656039 332.102033937661 0 0 10.0 1 689
128.8819852782018 297.0678762809646 0 0 10.0 1 690
651.9354548729661 566.5308577349906 0 0 10.0 1 691
546.941430755189 327.1699517532908 0 0 11.0 1 692
442.2137871046564 630.1608050435233 0 0 10.0 1 693
223.57632582145993 154.8904587957777 0 0 11.0 1 694
111.43711938324577 470.28843382919297 0 0 13.0 1 695
245.22064439204536 475.0156722131204 0 0 10.0 1 696
295.14995579616595 314.9619600975302 0 0 12.0 1 697
361.56845069875004 678.3595085825264 0 0 11.0 1 698
516.7102300690974 530.3983212975472 0 0 11.0 1 699
184.17131198925412 231.19840808937812 0 0 13.0 1 700
669.9794637975618 494.3773761427017 0 0 10.0 1 701
727.6196860754518 288.7285243387937 0 0 13.0 1 702
480.90654167789415 117.35157613437292 0 0 11.0 1 703
410.05709309419524 724.8443548508958 0 0 12.0 1 704
176.38663318155517 487.16112768958214 0 0 10.0 1 705
428.8764676826635 543.1158608057544 0 0 13.0 1 706
732.3927328245893 267.03733168516374 0 0 12.0 1 707
247.138203155277 364.19118732207613 0 0 10.0 1 708
353.90936427206975 199.2223784925341 0 0 13.0 1 709
202.01144600714872 504.768948108778 0 0 12.0 1 710
549.8227287547646 72.6574425033063 0 0 13.0 1 711
720.6309206634357 330.8638103847372 0 0 12.0 1 712
446.2595268365791 714.6173170327022 0 0 13.0 1 713
318.003010427388 212.11308267729507 0 0 10.0 1 714
360.75411352290905 520.7839409633056 0 0 11.0 1 715
525.9362458104613 63.81394735776581 0 0 13.0 1 716
211.03899612379436 639.4133225493031 0 0 13.0 1 717
604.8541042914204 513.0964011583033 0 0 11.0 1 718
507.81246798671737 327.36067355341845 0 0 12.0 1 719
362.892306417625 250.53756633522735 0 0 13.0 1 720
569.7108651087236 505.82165309637065 0 0 13.0 1 721
93.98245948006718 271.2472722846958 0 0 12.0 1 722
435.9345899005021 213.42908788162413 0 0 10.0 1 723
144.0408439440729 307.9733167437968 0 0 13.0 1 724
616.0383144963323 337.13151290524166 0 0 12.0 1 725
760.004775532275 480.97877248980944 0 0 10.0 1 726
376.1379944553874 562.2547524462346 0 0 13.0 1 727
561.0761620274857 478.07349118936065 0 0 10.0 1 728
441.33938856987254 135.20752474311303 0 0 13.0 1 729
303.8863319265679 714.6476804450815 0 0 11.0 1 730
115.89120187828718 286.34178063230166 0 0 11.0 1 731
490.2236533730615 518.5777903825908 0 0 12.0 1 732
450.3816639584259 161.2581144064154 0 0 10.0 1 733
238.2281491106147 408.5946646137295 0 0 11.0 1 734
607.0491045248141 317.1768853793059 0 0 11.0 1 735
698.5784316595574 415.87199255667144 0 0 13.0 1 736
607.9200996986126 248.94295070630096 0 0 11.0 1 737
617.7086811574784 303.8390404131105 0 0 10.0 1 738
595.3174367097666 544.5686650596397 0 0 12.0 1 739
637.2643530298599 674.7264581020947 0 0 13.0 1 740
343.13981801744296 574.994056198805 0 0 11.0 1 741
317.95951923915715 281.6557584141511 0 0 13.0 1 742
401.6021026716744 38.00354522864535 0 0 10.0 1 743
365.8082301590303 647.6508083474434 0 0 12.0 1 744
497.2401993034312 504.8491470610466 0 0 12.0 1 745
595.5066589411193 357.8437868199617 0 0 12.0 1 746
433.4070130915311 602.2596634930017 0 0 11.0 1 747
452.19583408961466 528.8277722530721 0 0 13.0 1 748
346.676780508047 240.6869928002958 0 0 13.0 1 749
47.01382828269311 396.8754878204874 0 0 10.0 1 750
293.90146134595847 525.056387663633 0 0 11.0 1 751
561.0029660922871 523.6407898287853 0 0 13.0 1 752
683.1229053355116 240.41798198299747 0 0 13.0 1 753
380.1656281077523 246.27427771631704 0 0 13.0 1 754
584.384191961021 162.0851628105524 0 0 12.0 1 755
295.71675945427637 562.4007565908569 0 0 13.0 1 756
210.7242700865994 137.03479685374828 0 0 10.0 1 757
453.2613083208855 265.1362426893438 0 0 11.0 1 758
286.6084138460984 212.6411246044044 0 0 13.0 1 759
438.5585172632671 526.242784928321 0 0 10.0 1 760
321.2311222678568 584.922859324689 0 0 11.0 1 761
566.0104487407955 509.7339095670964 0 0 10.0 1 762
212.59622414574704 385.0392247671147 0 0 10.0 1 763
740.633008057716 307.3816766425131 0 0 12.0 1 764
431.1828895490147 65.45011224127734 0 0 11.0 1 765
216.23552815117012 162.8700379831334 0 0 11.0 1 766
688.6462471837814 212.8654388235049 0 0 10.0 1 767
140.53121278328138 181.83275117404722 0 0 12.0 1 768
489.76018397239807 496.7838280563507 0 0 10.0 1 769
274.6557499144435 204.7749530145031 0 0 13.0 1 770
481.45692631515874 115.42879774072924 0 0 12.0 1 771
214.0090994287238 243.61462694776836 0 0 12.0 1 772
367.89081618324605 594.3656356319756 0 0 11.0 1 773
179.6714316342383 511.6437278215569 0 0 10.0 1 774
642.2449675761004 494.4318573578538 0 0 11.0 1 775
304.5163754385451 228.83085137616908 0 0 10.0 1 776
264.5320544207989 412.0181413101442 0 0 12.0 1 777
44.620663386472074 316.75021256406234 0 0 10.0 1 778
639.6545242800278 247.61329128787648 0 0 11.0 1 779
431.08522533116616 704.4169981556723 0 0 10.0 1 780
386.0334432641636 49.277980028420984 0 0 13.0 1 781
263.8124160877736 332.4948743564587 0 0 11.0 1 782
501.0229020820028 488.03620422831773 0 0 10.0 1 783
177.96459121686067 491.1058573666052 0 0 13.0 1 784
208.7511722018511 531.3312067478023 0 0 11.0 1 785
384.3208214229953 231.72889921572866 0 0 13.0 1 786
658.6223327133059 519.7476054955927 0 0 13.0 1 787
471.3180159381781 567.4447389518159 0 0 13.0 1 788
184.12367800725147 304.6406082082989 0 0 11.0 1 789
203.43654423330665 219.30188751108886 0 0 13.0 1 790
386.5688438607575 675.673002023708 0 0 11.0 1 791
292.8326014694077 331.8520088910524 0 0 11.0 1 792
459.52290782978946 140.74525376864096 0 0 11.0 1 793
302.86925862293884 192.6196270628716 0 0 11.0 1 794
327.60289003679065 287.24070562044574 0 0 10.0 1 795
271.83278862468217 421.7523775315391 0 0 12.0 1 796
106.74191787924059 336.7568401259556 0 0 11.0 1 797
618.0086600869097 618.9822461459154 0 0 10.0 1 798
157.30025573505762 586.3674706962875 0 0 11.0 1 799
400.7302401680284 235.00161591913394 0 0 10.0 1 800
480.40260149396073 215.78159246969008 0 0 11.0 1 801
536.3099839894254 736.4351174666559 0 0 11.0 1 802
614.1582470383686 269.09069847618514 0 0 10.0 1 803
486.40279563530106 202.0339501166819 0 0 11.0 1 804
386.1926063038883 53.274812164849266 0 0 12.0 1 805
360.47813759285856 194.77080521555666 0 0 11.0 1 806
244.44489009630777 637.61020134424 0 0 13.0 1 807
557.0632680231581 340.37509045805086 0 0 11.0 1 808
327.2841912059353 83.23918936928925 0 0 10.0 1 809
156.72619324510697 593.7494643785705 0 0 12.0 1 810
534.3680279351365 213.33122095855887 0 0 13.0 1 811
554.0530081203165 618.0749198992899 0 0 12.0 1 812
718.7765351679216 307.23405459795663 0 0 12.0 1 813
145.04644936094317 354.39641443331595 0 0 10.0 1 814
536.0537282583919 423.09508664178736 0 0 11.0 1 815
588.2455244318912 481.1703303637618 0 0 13.0 1 816
426.834315552925 44.00994464900282 0 0 10.0 1 817
216.70544100531126 108.90018096374132 0 0 12.0 1 818
215.4089182881036 133.72545643183992 0 0 11.0 1 819
207.16061489545504 483.14428153818517 0 0 10.0 1 820
273.37485246490166 283.5952234153831 0 0 10.0 1 821
215.41523930442156 681.9529501866509 0 0 12.0 1 822
177.52227558776067 238.35637302896322 0 0 12.0 1 823
176.7578379438552 523.2393487507054 0 0 10.0 1 824
248.0535866931148 395.96422458835707 0 0 11.0 1 825
692.9540894337736 405.1866640558862 0 0 10.0 1 826
352.4425222918509 127.11305213689883 0 0 13.0 1 827
523.6608800848963 646.7468069431272 0 0 13.0 1 828
631.3297583986387 358.6292025792653 0 0 10.0 1 829
581.618104888059 718.9104325306245 0 0 13.0 1 830
494.77501705049497 509.73921880111226 0 0 12.0 1 831
112.49098129955382 175.13656552052197 0 0 12.0 1 832
109.04544203430652 405.14248957100494 0 0 11.0 1 833
564.8430847257467 116.43209381507882 0 0 10.0 1 834
633.85191114088 284.09364272932254 0 0 12.0 1 835
429.5918106504737 133.6387326535134 0 0 13.0 1 836
509.36676070915814 592.0414321233461 0 0 12.0 1 837
661.3584637972493 217.09906123384192 0 0 13.0 1 838
604.161700416328 700.1449651137156 0 0 10.0 1 839
348.5828049398556 633.4036676064604 0 0 11.0 1 840
582.6221793834312 684.417192865069 0 0 13.0 1 841
511.77696019492953 270.59014268773365 0 0 10.0 1 842
416.35529829515605 560.1671134087035 0 0 12.0 1 843
357.58904178314907 128.2900248001032 0 0 12.0 1 844
170.28492115039194 438.98695357575855 0 0 10.0 1 845
359.46857793447066 737.5754787086081 0 0 12.0 1 846
349.4794741984965 675.4045687216166 0 0 11.0 1 847
174.1794280876555 143.15555427227622 0 0 13.0 1 848
289.9879087728788 738.5754565585573 0 0 12.0 1 849
265.97650890119985 252.8990012484965 0 0 13.0 1 850
332.98767118310207 557.32243255981 0 0 11.0 1 851
262.43626689587154 430.9389614314397 0 0 13.0 1 852
444.3936793076294 189.63317457942338 0 0 12.0 1 853
470.22190957546667 231.00922091553343 0 0 11.0 1 854
220.17625360336336 392.0363179446872 0 0 12.0 1 855
586.9445978303763 691.1489607435321 0 0 12.0 1 856
400.89399099358627 198.0019782767579 0 0 10.0 1 857
174.9763762278977 300.59995601373527 0 0 13.0 1 858
262.1324930260415 208.45744462186602 0 0 12.0 1 859
316.36152287446635 505.96983129231444 0 0 11.0 1 860
377.7017767445124 199.2344919074782 0 0 13.0 1 861
508.56192462543584 494.6060702155056 0 0 10.0 1 862
389.5373240219669 614.7452733155696 0 0 12.0 1 863
208.9429438776726 84.31312775810608 0 0 12.0 1 864
310.2967517951794 86.5844176472645 0 0 13.0 1 865
510.12109629859435 252.5912344872405 0 0 10.0 1 866
72.85310535462173 434.8698913661306 0 0 13.0 1 867
329.5908162943574 249.67186939928683 0 0 12.0 1 868
521.2572183134573 315.1431381272997 0 0 11.0 1 869
238.3896589820823 316.2975646944944 0 0 13.0 1 870
562.9796438683406 497.66081959797816 0 0 12.0 1 871
697.8951802521024 392.09673595484475 0 0 10.0 1 872
188.60233758585633 556.4609482453553 0 0 10.0 1 873
261.3420405191461 140.75114219614028 0 0 13.0 1 874
267.51746795824414 315.7540582353955 0 0 10.0 1 875
259.1138367484066 124.98711120341034 0 0 12.0 1 876
117.20534699366578 209.45293434159885 0 0 11.0 1 877
394.91777756590267 170.05615682273563 0 0 11.0 1 878
492.3049931032677 271.7666648324013 0 0 13.0 1 879
143.27950516540142 365.71315803578796 0 0 12.0 1 880
329.398998573793 115.63316192351698 0 0 10.0 1 881
669.2566830143321 292.29281058295385 0 0 13.0 1 882
353.4126120307371 252.1669344084302 0 0 13.0 1 883
703.0293807928006 530.6644342441044 0 0 12.0 1 884
697.1905616545581 352.2635352853996 0 0 12.0 1 885
569.6022336293538 328.6481790846648 0 0 11.0 1 886
408.75403009701444 579.7870044165055 0 0 10.0 1 887
617.9595140478488 192.4074899327396 0 0 10.0 1 888
535.4632138492356 275.47804332714543 0 0 10.0 1 889
64.64475214098388 379.1947666819647 0 0 12.0 1 890
102.04653514166097 405.26619206927654 0 0 10.0 1 891
475.1872110919212 187.93424772439354 0 0 12.0 1 892
472.9607580373126 705.4058411141161 0 0 11.0 1 893
707.8889892879545 356.12095858793384 0 0 10.0 1 894
640.4948191355141 609.5787249912937 0 0 10.0 1 895
581.5079618799107 220.8914860365345 0 0 10.0 1 896
367.89943320920935 55.492302536343914 0 0 11.0 1 897
272.50075710192834 411.3111918213122 0 0 12.0 1 898
271.3486542987814 178.67482915568428 0 0 11.0 1 899
506.6447257658314 663.216455538651 0 0 13.0 1 900
274.00708777411757 279.9925582772423 0 0 12.0 1 901
310.5039893862013 208.9202677304188 0 0 10.0 1 902
305.2947952453788 505.80606878806753 0 0 13.0 1 903
335.95347630532535 575.6901898303587 0 0 13.0 1 904
658.3819222055199 145.03376247553737 0 0 13.0 1 905
487.72552474641935 717.0886820874648 0 0 11.0 1 906
575.0709715052842 445.94730608203236 0 0 13.0 1 907
357.58904178314907 128.2900248001032 0 0 12.0 1 908
655.4169664822497 436.416661475283 0 0 13.0 1 909
704.8482944388185 512.6610730365348 0 0 13.0 1 910
445.7920520913182 677.2437338611389 0 0 13.0 1 911
304.7604963387793 43.50254286690301 0 0 12.0 1 912
143.37698596605378 267.0878911907081 0 0 12.0 1 913
310.63531392455565 225.55816762416967 0 0 11.0 1 914
336.2804758097824 197.80251673927228 0 0 12.0 1 915
270.1383693539782 353.3099915832498 0 0 12.0 1 916
78.16900231203283 284.28997914109743 0 0 11.0 1 917
171.36334622498683 679.3676440652439 0 0 11.0 1 918
152.0387272319863 404.382602795908 0 0 10.0 1 919
201.12652564326757 496.3864160412768 0 0 13.0 1 920
534.1765628196589 626.1982537286751 0 0 11.0 1 921
583.8561606229134 451.7485478153876 0 0 12.0 1 922
304.84484901980056 272.61673091832097 0 0 10.0 1 923
367.5283283908187 51.50955458878718 0 0 13.0 1 924
214.05860191620746 80.11596401407496 0 0 12.0 1 925
257.71990470787136 316.445380237459 0 0 11.0 1 926
741.4267513082066 332.68155162866526 0 0 13.0 1 927
448.67844968198875 752.6562186273738 0 0 13.0 1 928
481.5927373021408 694.9213882029309 0 0 13.0 1 929
142.88081986060672 510.85904205091356 0 0 12.0 1 930
405.37680177165527 157.05949287385536 0 0 12.0 1 931
619.3102968459602 677.8830575931839 0 0 12.0 1 932
335.078220636382 193.98746988529626 0 0 13.0 1 933
154.5104951349682 441.66416927194797 0 0 10.0 1 934
303.7961797861288 212.20802739132552 0 0 12.0 1 935
579.5733242252111 114.82913678514205 0 0 13.0 1 936
662.1264882555499 323.7195689916932 0 0 12.0 1 937
364.8330308549084 692.8963712324688 0 0 12.0 1 938
746.4421790688993 521.106633022278 0 0 13.0 1 939
81.53817726879907 272.5987933231355 0 0 13.0 1 940
614.6699975888612 180.53293610384645 0 0 10.0 1 941
568.0913042282659 538.8139526230723 0 0 12.0 1 942
231.05102985621227 622.0298301745815 0 0 10.0 1 943
109.70276447659973 243.06843833227342 0 0 11.0 1 944
463.19198179372614 37.46617614768496 0 0 11.0 1 945
493.1096867204747 542.23426534705 0 0 11.0 1 946
558.4514880985746 76.74603495185511 0 0 10.0 1 947
478.3454580042952 240.16887283730614 0 0 13.0 1 948
430.1269335319556 564.2600617190957 0 0 11.0 1 949
435.0077724645988 573.5034750864284 0 0 11.0 1 950
457.4331067594917 660.7497617409321 0 0 13.0 1 951
240.00913186504292 135.6443264966254 0 0 13.0 1 952
517.8084614644577 723.1983391160563 0 0 10.0 1 953
647.9127674581255 393.4227869691325 0 0 13.0 1 954
187.73812157091385 591.6791458812247 0 0 10.0 1 955
618.6316537595583 590.5261136284488 0 0 13.0 1 956
259.42106548273676 420.03904114450114 0 0 13.0 1 957
669.8056224418299 346.80295028127284 0 0 12.0 1 958
593.711124045843 377.6169613122785 0 0 11.0 1 959
637.9417623773476 462.44771986839754 0 0 10.0 1 960
656.9583303476381 146.43853513407436 0 0 10.0 1 961
323.85694044136034 93.31085040215481 0 0 12.0 1 962
218.1568894045101 447.7187921992628 0 0 13.0 1 963
76.01269224813757 397.1321757899091 0 0 12.0 1 964
420.113969331931 596.9757046889645 0 0 12.0 1 965
192.2957105400746 672.9614041214389 0 0 11.0 1 966
660.8923692390636 550.1205238227876 0 0 10.0 1 967
184.17131198925412 231.19840808937812 0 0 11.0 1 968
553.1697718286222 87.52116712012662 0 0 12.0 1 969
277.3515277842116 160.58748515766146 0 0 11.0 1 970
382.5588154734305 242.9655926801067 0 0 12.0 1 971
626.3511054031826 176.6411472926195 0 0 10.0 1 972
445.709733018837 263.44737165712763 0 0 12.0 1 973
187.3280541594135 323.5366528827135 0 0 12.0 1 974
498.99810272666593 65.3354281425647 0 0 13.0 1 975
353.3421829445411 260.60111870025884 0 0 10.0 1 976
346.20394767058247 248.2535510999662 0 0 11.0 1 977
397.4110342915034 594.9828127209171 0 0 13.0 1 978
291.05598005206065 655.7639546878781 0 0 13.0 1 979
286.0660274537255 252.9794235495427 0 0 11.0 1 980
607.0 400.0 0 0 11.0 1 981
249.00256316239225 499.8036776299985 0 0 12.0 1 982
351.88483571043474 278.1561205255342 0 0 13.0 1 983
478.0802109124238 85.54892166845508 0 0 11.0 1 984
732.0962063607599 493.4725078340771 0 0 11.0 1 985
449.64379033115426 646.0416511112628 0 0 11.0 1 986
217.80914138588878 463.6827373583527 0 0 13.0 1 987
683.3318278774098 333.6367924852494 0 0 12.0 1 988
246.68274558212528 522.1057717627003 0 0 10.0 1 989
419.95333706261357 185.9278992020078 0 0 12.0 1 990
604.2012722973202 205.51133608316468 0 0 13.0 1 991
368.9876294987024 238.95890935574783 0 0 11.0 1 992
612.3964313092707 474.24793577660097 0 0 12.0 1 993
757.7756355628546 412.6725923786505 0 0 11.0 1 994
187.97649715053302 205.0896764164554 0 0 12.0 1 995
280.65603098931865 221.16483270682605 0 0 11.0 1 996
420.35589397358996 46.585742250633075 0 0 12.0 1 997
576.9931134180437 398.4386535978422 0 0 13.0 1 998
286.67857569322155 253.76985675626557 0 0 11.0 1 999
252.69817057008441 330.2062248721274 0 0 12.0 1 1000
365.93492681369753 606.2051667364615 0 0 13.0 1 1001
94.48887707209008 446.30284837164476 0 0 10.0 1 1002
124.23328763224788 636.0544859770334 0 0 11.0 1 1003
404.6466188150107 190.05141359468982 0 0 13.0 1 1004
328.5892997844592 753.8665170579525 0 0 12.0 1 1005
199.27951891072595 201.92100446718138 0 0 10.0 1 1006
288.0716836036038 564.5389072185305 0 0 11.0 1 1007
493.46777543600535 508.2255744038555 0 0 13.0 1 1008
311.28142400642434 577.0113393929105 0 0 13.0 1 1009
544.7681695818289 353.673149514274 0 0 13.0 1 1010
149.39775364878693 327.06500069427625 0 0 12.0 1 1011
309.4183865433224 256.142531290221 0 0 11.0 1 1012
166.65881979828671 325.32139782995694 0 0 12.0 1 1013
491.6390421045536 79.85739745832035 0 0 12.0 1 1014
355.8973849902527 600.1997985745791 0 0 11.0 1 1015
551.051351701571 730.0795194330123 0 0 12.0 1 1016
265.84557973735076 324.3786305070287 0 0 13.0 1 1017
692.049041286002 358.3784012329276 0 0 11.0 1 1018
74.88678646429219 356.5788256206118 0 0 11.0 1 1019
97.50475305428728 536.8233371002632 0 0 13.0 1 1020
294.1910597627927 648.4038408839104 0 0 12.0 1 1021
240.77636475837744 313.92541617618633 0 0 11.0 1 1022
643.1174906579311 480.1865683028698 0 0 11.0 1 1023
573.3408346308742 344.5296921815649 0 0 11.0 1 1024
34.43576450318511 432.4313078001685 0 0 13.0 1 1025
172.03560406811644 404.02916708656056 0 0 12.0 1 1026
444.7977551355174 52.87875153655858 0 0 10.0 1 1027
524.585196255201 492.2145805935973 0 0 10.0 1 1028
526.7206477022377 279.30668019345325 0 0 11.0 1 1029
401.18166136280956 133.00261485096217 0 0 12.0 1 1030
580.988835442367 310.29469667173623 0 0 10.0 1 1031
582.9331492037562 679.4484977994985 0 0 11.0 1 1032
733.1622783119738 462.64101140606624 0 0 10.0 1 1033
180.8634841934777 667.7595702121173 0 0 13.0 1 1034
240.28393659383474 427.106808923918 0 0 11.0 1 1035
197.40584681951742 341.0372227834954 0 0 12.0 1 1036
645.8458277890006 408.7079824724805 0 0 13.0 1 1037
260.1177665549223 190.38854810288447 0 0 11.0 1 1038
321.85148120244486 543.0447797360958 0 0 10.0 1 1039
186.72056588125773 346.0381340019726 0 0 13.0 1 1040
541.2800350240855 372.1440903291029 0 0 10.0 1 1041
321.42771864115474 190.23251776772824 0 0 11.0 1 1042
188.04707231238885 581.4303074038356 0 0 11.0 1 1043
381.60630505765744 618.2261945467776 0 0 13.0 1 1044
81.05030079515359 319.3024822120408 0 0 13.0 1 1045
292.80244617836763 275.88439076949976 0 0 12.0 1 1046
35.42700066940057 357.86298350510856 0 0 10.0 1 1047
519.8842748935983 268.4258359964383 0 0 12.0 1 1048
234.43179099406655 446.5957955889535 0 0 13.0 1 1049
550.9864064735472 574.8259278831513 0 0 10.0 1 1050
240.41709942815191 513.7949816339703 0 0 11.0 1 1051
468.50390343930593 206.78453681555857 0 0 13.0 1 1052
200.21065451420557 574.09542621895 0 0 11.0 1 1053
625.0736143981627 474.23522143664115 0 0 10.0 1 1054
379.5892349885146 180.94886288438053 0 0 11.0 1 1055
466.05986442472323 727.4020377337124 0 0 13.0 1 1056
420.6029805948847 178.9581098737011 0 0 13.0 1 1057
438.67871828586743 550.0964914705287 0 0 12.0 1 1058
561.1758514547602 430.3042061079495 0 0 12.0 1 1059
300.03052025294073 575.5280693197026 0 0 11.0 1 1060
302.91662573719066 321.2610741643798 0 0 11.0 1 1061
586.221908159968 159.71391858607282 0 0 12.0 1 1062
716.1578899336374 543.0146448190185 0 0 11.0 1 1063
350.82098857268863 734.403087358703 0 0 11.0 1 1064
734.8821657196453 391.11545820427176 0 0 11.0 1 1065
634.7912762660666 491.5262617468429 0 0 12.0 1 1066
377.4908208011516 667.053059993317 0 0 10.0 1 1067
258.798972258495 60.16729150250603 0 0 13.0 1 1068
569.8646702653115 145.4769287556489 0 0 12.0 1 1069
699.9786981916864 237.84642886688812 0 0 13.0 1 1070
574.5060813751971 719.4426827508701 0 0 13.0 1 1071
246.6482064137549 263.95505373634165 0 0 11.0 1 1072
205.01229969068226 656.2494814201264 0 0 13.0 1 1073
674.2290997838052 360.91802420854555 0 0 12.0 1 1074
198.9833614976935 707.0526193427326 0 0 10.0 1 1075
202.46507497772552 465.14563221309936 0 0 12.0 1 1076
542.864868818156 661.5217567575805 0 0 13.0 1 1077
241.30398429379534 302.9867297789831 0 0 13.0 1 1078
65.51167213407626 530.378520169 0 0 11.0 1 1079
426.8209972609085 112.24726915990817 0 0 10.0 1 1080
429.8087135693077 615.9524035414818 0 0 10.0 1 1081
153.01415979440392 156.26449840465224 0 0 10.0 1 1082
270.65445882533766 324.04125476132634 0 0 13.0 1 1083
511.7247888998254 482.695656145226 0 0 11.0 1 1084
222.31274633434407 502.2361965487608 0 0 10.0 1 1085
580.0961874968112 167.61806600100465 0 0 10.0 1 1086
207.03496206363266 537.5990339145458 0 0 12.0 1 1087
681.3984256358324 503.99483664910906 0 0 12.0 1 1088
270.77455476954435 158.38711891749125 0 0 13.0 1 1089
626.3348471394281 459.40148963091474 0 0 12.0 1 1090
435.8997591189172 595.7350436053895 0 0 13.0 1 1091
273.01983209057363 402.2443167543561 0 0 10.0 1 1092
125.1057298602766 551.7535510106726 0 0 11.0 1 1093
302.05370037466736 619.1039077463124 0 0 10.0 1 1094
434.43027466129763 133.21252618095502 0 0 13.0 1 1095
94.9121632451376 350.9855953393449 0 0 10.0 1 1096
293.43838469932007 535.0134146835413 0 0 11.0 1 1097
559.6211974706899 224.8141748941342 0 0 12.0 1 1098
214.43326726877632 423.10817395335687 0 0 13.0 1 1099
672.7330460020548 387.92997023860323 0 0 11.0 1 1100
230.24052362955956 576.6542390729243 0 0 10.0 1 1101
338.3641353890775 46.33063435793025 0 0 11.0 1 1102
371.95406899122 674.5713491132146 0 0 11.0 1 1103
668.0 400.0 0 0 10.0 1 1104
197.00000009223123 399.99388069626804 0 0 10.0 1 1105
419.2108873114465 193.89337272007262 0 0 12.0 1 1106
374.48654373564324 126.18607860547564 0 0 10.0 1 1107
618.6882276746993 117.8219372869342 0 0 13.0 1 1108
419.75944378880996 697.3441850468189 0 0 13.0 1 1109
157.00951918610318 397.84913184243186 9 5 11.0 1 1110
187.2160665828248 487.30977997633 -17 5 11.0 1 1111
69.24865293650856 243.28514296440872 -12 -6 11.0 1 1112
228.84714739365936 726.9062572737209 18 -16 12.0 1 1113
220.62805591204847 120.626225865582 -12 5 10.0 1 1114
713.9651004511387 595.7700582282857 4 6 13.0 1 1115
684.663963775055 522.7453776232496 2 13 10.0 1 1116
286.7015764334508 97.52278231685813 -15 17 10.0 1 1117
687.9132369424478 530.2381203539189 -2 16 10.0 1 1118
547.8786919729358 222.53763086114972 2 2 12.0 1 1119
595.8495012567869 561.7373576433961 -2 -16 10.0 1 1120
514.0413304292571 712.8635085047872 12 5 11.0 1 1121
607.1689166939336 237.98135923338336 4 -15 11.0 1 1122
482.71984032255824 746.2563039382973 5 11 12.0 1 1123
649.8515072908442 642.23588566621 -6 -10 12.0 1 1124
540.5392641410751 439.55648157616014 -9 -9 12.0 1 1125
423.0084798480438 746.2363497021684 5 -15 11.0 1 1126
627.5001775357077 479.5277889873815 22 -15 13.0 1 1127
202.2697370590391 702.0326855115163 -7 14 13.0 1 1128
264.5405398461739 275.4739599327354 8 21 11.0 1 1129
251.1507778024478 207.92473076633803 15 -5 12.0 1 1130
551.1672082348589 336.4038117928534 -11 0 12.0 1 1131
315.0700100644299 253.8908051848072 2 18 12.0 1 1132
506.1150417411814 571.8825119558919 10 15 12.0 1 1133
349.07498816698524 746.2753863181836 14 -16 10.0 1 1134
453.98138038389794 182.6017236226356 19 22 12.0 1 1135
574.860689978997 137.99095607199155 20 -9 11.0 1 1136
299.0150549350639 47.16712048020264 12 -6 11.0 1 1137
598.730845137593 492.01658106503436 22 21 13.0 1 1138
264.6199336655645 340.19834752045864 1 20 12.0 1 1139
561.3694702698926 377.0023030541261 8 7 10.0 1 1140
481.1144466989168 590.4453899067357 -14 4 12.0 1 1141
334.9583877435566 156.538321957885 10 18 13.0 1 1142
308.5292724628431 681.5121773632949 -10 21 13.0 1 1143
361.97875193684166 675.3876988823571 14 -1 11.0 1 1144
315.2797454671875 677.3490192373058 -13 -13 10.0 1 1145
499.8111778753687 561.6716696614825 -12 13 12.0 1 1146
68.96171383945341 322.4522527994005 -4 9 10.0 1 1147
300.893058217988 242.60300482341827 -1 14 11.0 1 1148
341.6262006470372 65.04851164817904 4 -16 10.0 1 1149
502.34080145141104 263.00598422455505 -2 13 11.0 1 1150
324.1158078090468 269.45273125979816 7 -17 12.0 1 1151
716.2265065747406 221.75916141485564 -13 0 10.0 1 1152
107.5622392181794 381.8573411839752 12 20 10.0 1 1153
233.26548458693452 586.2782901198373 22 -12 10.0 1 1154
556.20438116268 190.90387065853136 2 -11 12.0 1 1155
523.542657665347 704.9232882824513 16 15 13.0 1 1156
482.2551221184989 744.3110438038125 -7 -12 13.0 1 1157
288.4207888473472 244.98038950328987 19 21 11.0 1 1158
687.6599163592865 579.3677019983483 -9 14 12.0 1 1159
553.4135201059444 720.13948811214 -3 -12 13.0 1 1160
479.5305800847327 122.15852211848227 -14 -15 10.0 1 1161
79.52508657808812 368.69776577913177 -3 7 10.0 1 1162
401.11085019500075 149.00245815577344 -7 19 12.0 1 1163
452.54550660021795 98.5452442967163 2 9 11.0 1 1164
715.8981407516824 363.4984292169465 11 21 13.0 1 1165
200.35017378896833 277.95104714130133 -14 4 13.0 1 1166
251.56537047922328 626.7336780432712 10 2 13.0 1 1167
144.0408439440729 307.9733167437968 22 5 10.0 1 1168
265.14039985501626 375.87764006704356 18 -17 13.0 1 1169
664.9525755594073 433.0020106120302 1 6 12.0 1 1170
575.9506676263452 501.2440742060661 -5 2 10.0 1 1171
221.4465254368921 473.2642936323117 -8 5 13.0 1 1172
442.62186417179225 69.73892646192576 14 -4 10.0 1 1173
245.11393124901176 596.2404283191008 -3 14 10.0 1 1174
