400 400 -7.071067811865475 7.0710678118654755 5 2 -1 10 187
57.15728752538104 742.842712474619
800.0 400.0 0 0 24.0 1 0
799.4518139018296 420.9343824971775 0 0 24.0 1 1
797.8087581473094 441.8113853070614 0 0 24.0 1 2
795.0753362380551 462.57378601609236 0 0 24.0 1 3
791.2590402935223 483.16467632710373 0 0 24.0 1 4
786.3703305156273 503.5276180410083 0 0 24.0 1 5
780.4226065180615 523.6067977499789 0 0 24.0 1 6
773.4321705988807 543.3471798181201 0 0 24.0 1 7
765.4181830570403 562.6946572303201 0 0 24.0 1 8
756.4026096753471 581.5961998958187 0 0 24.0 1 9
746.4101615137755 600.0 0 0 24.0 1 10
735.4682271781696 617.8556140060108 0 0 24.0 1 11
723.606797749979 635.1141009169893 0 0 24.0 1 12
710.8583845827884 651.728156419935 0 0 24.0 1 13
697.2579301909577 667.6522425435433 0 0 24.0 1 14
682.842712474619 682.842712474619 0 0 24.0 1 15
667.6522425435433 697.2579301909577 0 0 24.0 1 16
651.728156419935 710.8583845827884 0 0 24.0 1 17
635.1141009169893 723.606797749979 0 0 24.0 1 18
617.8556140060108 735.4682271781696 0 0 24.0 1 19
600.0 746.4101615137754 0 0 24.0 1 20
581.5961998958187 756.4026096753471 0 0 24.0 1 21
562.6946572303201 765.4181830570403 0 0 24.0 1 22
543.3471798181201 773.4321705988807 0 0 24.0 1 23
523.606797749979 780.4226065180615 0 0 24.0 1 24
503.5276180410083 786.3703305156273 0 0 24.0 1 25
483.1646763271038 791.2590402935223 0 0 24.0 1 26
462.57378601609236 795.0753362380551 0 0 24.0 1 27
441.8113853070614 797.8087581473094 0 0 24.0 1 28
420.9343824971776 799.4518139018296 0 0 24.0 1 29
400.0 800.0 0 0 24.0 1 30
379.0656175028225 799.4518139018296 0 0 24.0 1 31
358.1886146929386 797.8087581473094 0 0 24.0 1 32
337.4262139839077 795.0753362380551 0 0 24.0 1 33
316.83532367289627 791.2590402935223 0 0 24.0 1 34
296.47238195899166 786.3703305156273 0 0 24.0 1 35
276.3932022500211 780.4226065180615 0 0 24.0 1 36
256.65282018187986 773.4321705988807 0 0 24.0 1 37
237.3053427696799 765.4181830570403 0 0 24.0 1 38
218.4038001041813 756.4026096753471 0 0 24.0 1 39
43.597390324652906 581.5961998958187 0 0 24.0 1 40
34.58181694295968 562.6946572303202 0 0 24.0 1 41
26.567829401119297 543.3471798181201 0 0 24.0 1 42
19.5773934819386 523.606797749979 0 0 24.0 1 43
13.629669484372698 503.5276180410084 0 0 24.0 1 44
8.740959706477724 483.16467632710373 0 0 24.0 1 45
4.924663761944942 462.5737860160924 0 0 24.0 1 46
2.1912418526906663 441.81138530706147 0 0 24.0 1 47
0.5481860981704472 420.9343824971775 0 0 24.0 1 48
0.0 400.00000000000006 0 0 24.0 1 49
0.5481860981704472 379.0656175028226 0 0 24.0 1 50
2.1912418526906663 358.1886146929386 0 0 24.0 1 51
4.924663761944885 337.4262139839077 0 0 24.0 1 52
8.740959706477781 316.8353236728962 0 0 24.0 1 53
13.629669484372698 296.47238195899166 0 0 24.0 1 54
19.577393481938543 276.3932022500211 0 0 24.0 1 55
26.567829401119297 256.65282018187986 0 0 24.0 1 56
34.58181694295968 237.30534276967992 0 0 24.0 1 57
43.59739032465285 218.40380010418136 0 0 24.0 1 58
53.58983848622455 199.99999999999994 0 0 24.0 1 59
64.53177282183037 182.14438599398918 0 0 24.0 1 60
76.39320225002103 164.8858990830108 0 0 24.0 1 61
89.14161541721171 148.27184358006497 0 0 24.0 1 62
102.74206980904228 132.3477574564567 0 0 24.0 1 63
117.15728752538092 117.15728752538104 0 0 24.0 1 64
132.34775745645675 102.74206980904228 0 0 24.0 1 65
148.27184358006485 89.14161541721177 0 0 24.0 1 66
164.8858990830107 76.39320225002109 0 0 24.0 1 67
182.1443859939892 64.53177282183032 0 0 24.0 1 68
199.99999999999983 53.58983848622461 0 0 24.0 1 69
218.40380010418124 43.597390324652906 0 0 24.0 1 70
237.30534276967995 34.58181694295962 0 0 24.0 1 71
256.65282018187975 26.567829401119354 0 0 24.0 1 72
276.393202250021 19.5773934819386 0 0 24.0 1 73
296.4723819589917 13.629669484372698 0 0 24.0 1 74
316.8353236728961 8.740959706477781 0 0 24.0 1 75
337.4262139839076 4.924663761944942 0 0 24.0 1 76
358.18861469293864 2.1912418526906663 0 0 24.0 1 77
379.0656175028223 0.5481860981704472 0 0 24.0 1 78
399.99999999999994 0.0 0 0 24.0 1 79
420.9343824971776 0.5481860981704472 0 0 24.0 1 80
441.8113853070612 2.1912418526906663 0 0 24.0 1 81
462.5737860160923 4.924663761944885 0 0 24.0 1 82
483.1646763271038 8.740959706477781 0 0 24.0 1 83
503.5276180410081 13.629669484372641 0 0 24.0 1 84
523.6067977499789 19.577393481938543 0 0 24.0 1 85
543.3471798181201 26.567829401119297 0 0 24.0 1 86
562.6946572303199 34.58181694295956 0 0 24.0 1 87
581.5961998958187 43.59739032465279 0 0 24.0 1 88
600.0 53.58983848622455 0 0 24.0 1 89
617.8556140060107 64.53177282183032 0 0 24.0 1 90
635.1141009169892 76.39320225002098 0 0 24.0 1 91
651.728156419935 89.14161541721171 0 0 24.0 1 92
667.6522425435431 102.74206980904216 0 0 24.0 1 93
682.842712474619 117.15728752538092 0 0 24.0 1 94
697.2579301909577 132.34775745645675 0 0 24.0 1 95
710.8583845827882 148.27184358006485 0 0 24.0 1 96
723.6067977499789 164.88589908301066 0 0 24.0 1 97
735.4682271781696 182.1443859939892 0 0 24.0 1 98
746.4101615137754 199.99999999999983 0 0 24.0 1 99
756.4026096753471 218.40380010418122 0 0 24.0 1 100
765.4181830570403 237.30534276967995 0 0 24.0 1 101
773.4321705988806 256.6528201818797 0 0 24.0 1 102
780.4226065180615 276.3932022500209 0 0 24.0 1 103
786.3703305156273 296.4723819589917 0 0 24.0 1 104
791.2590402935223 316.83532367289604 0 0 24.0 1 105
795.0753362380551 337.4262139839076 0 0 24.0 1 106
797.8087581473094 358.18861469293864 0 0 24.0 1 107
799.4518139018296 379.06561750282225 0 0 24.0 1 108
800.0 399.9999999999999 0 0 24.0 1 109
255.04409439809103 476.7058370082125 0 0 12.0 1 110
292.3917024263658 605.534557418708 0 0 13.0 1 111
512.6059468110253 99.39910056223624 0 0 11.0 1 112
441.8954205312414 684.9364380673529 0 0 13.0 1 113
400.62844911430324 258.0013906698001 0 0 13.0 1 114
104.27014606830028 313.93111193041034 0 0 13.0 1 115
753.7781424280741 412.5309991677159 0 0 12.0 1 116
717.3814117436109 590.1815960592206 0 0 13.0 1 117
272.0189346213614 439.7095316586412 0 0 13.0 1 118
646.5806111318268 249.27176039688248 0 0 12.0 1 119
280.3341176400339 354.5678902205637 0 0 12.0 1 120
469.2213679135988 40.60550612986543 0 0 13.0 1 121
575.0 400.0 0 0 11.0 1 122
647.9962693224732 332.5696625980903 0 0 11.0 1 123
728.1402076319665 434.98577046814756 0 0 10.0 1 124
333.2543433615722 131.1617264601167 0 0 11.0 1 125
299.4900147236465 569.4306432135202 0 0 10.0 1 126
565.8738018537068 373.35639178719975 0 0 13.0 1 127
355.1997566154793 187.67492330700145 0 0 10.0 1 128
312.62474793155195 213.44822347140413 0 0 12.0 1 129
185.8620957653186 652.4003921747715 0 0 13.0 1 130
476.5848859143111 243.7605835600633 0 0 13.0 1 131
468.5521001401533 75.15448353659798 0 0 12.0 1 132
693.4536820401293 625.3551341706923 0 0 10.0 1 133
294.276987336367 331.4533400279394 0 0 11.0 1 134
234.9818954251782 231.28418816680764 0 0 13.0 1 135
409.2829601692396 539.691899015284 0 0 13.0 1 136
299.7283012923032 255.3570380617402 0 0 11.0 1 137
380.2935917973797 247.26605656976017 0 0 12.0 1 138
145.79465693417512 514.9810573824501 0 0 13.0 1 139
358.8084279685291 534.8490059050349 0 0 13.0 1 140
427.96368493907835 526.9568128326636 0 0 12.0 1 141
411.2058590614392 568.6280780970214 0 0 11.0 1 142
439.7127059648517 265.7506015471606 0 0 11.0 1 143
571.6159628881733 236.5467611762767 0 0 11.0 1 144
458.6159638686784 195.22410107694367 0 0 13.0 1 145
366.07123342651926 182.63201984008256 0 0 12.0 1 146
167.32721627249998 439.48893151879406 0 0 11.0 1 147
656.1087050694421 249.60940459040165 0 0 13.0 1 148
468.002200268524 244.19338666590704 0 0 10.0 1 149
185.8620957653186 652.4003921747715 0 0 11.0 1 150
372.072027308721 148.54617055738606 0 0 10.0 1 151
212.76843663415116 345.5083338520455 0 0 13.0 1 152
343.8209449827878 678.3880632810485 0 0 13.0 1 153
505.2034039448342 158.9580040772562 0 0 10.0 1 154
756.3957671845344 450.8139462445809 0 0 11.0 1 155
645.0832444597628 273.0740243879286 0 0 10.0 1 156
551.500432867261 348.5449823531994 0 0 13.0 1 157
697.360843559042 360.2944749706681 0 0 10.0 1 158
166.82459424193829 452.44263675258213 0 0 11.0 1 159
530.254161318065 426.88593422828194 0 0 12.0 1 160
708.5927887609432 458.0214677920496 0 0 10.0 1 161
287.6103322045726 692.1259361522586 0 0 13.0 1 162
574.7573919521171 166.0686982080121 0 0 13.0 1 163
98.77332106155359 204.69642119071625 0 0 12.0 1 164
599.8432741763069 151.35634782586257 0 0 10.0 1 165
547.8825440528407 430.52463209376367 0 0 12.0 1 166
180.57363692056074 620.3929925967024 0 0 13.0 1 167
495.310494315644 77.8014437131855 0 0 12.0 1 168
551.5343531230042 532.0543063424766 0 0 12.0 1 169
260.481663576092 127.6571392499792 0 0 11.0 1 170
205.51294864546438 318.17221220503257 0 0 12.0 1 171
226.57055947001044 89.10093413222546 0 0 10.0 1 172
122.40578656288022 350.34667517449844 0 0 13.0 1 173
164.00924497086564 397.9110910074647 0 0 11.0 1 174
579.7414975963261 324.3825810951611 0 0 12.0 1 175
557.3920816931827 575.8514504355494 0 0 11.0 1 176
594.296599073682 307.9465829618429 0 0 10.0 1 177
259.73218051634205 627.1870128711146 0 0 13.0 1 178
292.819869668575 623.6435102169047 0 0 11.0 1 179
212.09146451216898 214.56434460757404 0 0 10.0 1 180
521.3452880181691 469.8234994524594 0 0 13.0 1 181
744.6626405520474 384.7466656861469 0 0 10.0 1 182
720.6861090353832 385.80776720363235 0 0 11.0 1 183
177.03482327714897 403.9408081592237 0 0 12.0 1 184
691.3900722371764 342.54718630377465 0 0 10.0 1 185
282.2134415376672 258.6411423164453 0 0 13.0 1 186
186.994750799437 557.6507653422782 0 0 10.0 1 187
309.03947823468525 243.5161878014799 0 0 13.0 1 188
604.7196392426007 284.6099254338597 0 0 12.0 1 189
241.15851453496217 642.6301351754562 0 0 11.0 1 190
297.99934944146753 231.46256414186152 0 0 12.0 1 191
407.8048925570552 204.15546049947469 0 0 11.0 1 192
700.51354706089 559.0333550953453 0 0 12.0 1 193
329.16296215008373 200.18480020616667 0 0 12.0 1 194
293.1019424486891 587.6933810547314 0 0 13.0 1 195
581.821192815241 360.7947217425644 0 0 10.0 1 196
209.31123996856437 509.7168938572067 0 0 10.0 1 197
735.3558748669552 379.20487575850984 0 0 12.0 1 198
722.6129444036623 264.2764276066994 0 0 13.0 1 199
630.2456474997969 552.1937640227065 0 0 10.0 1 200
555.792812714388 629.0362405964165 0 0 10.0 1 201
679.8585831874193 535.6472388820736 0 0 11.0 1 202
517.1589945033078 689.167373690349 0 0 10.0 1 203
505.28517194785513 635.5398746877279 0 0 12.0 1 204
34.515447990648056 419.4175756087963 0 0 10.0 1 205
548.5742060151416 75.38529714911209 0 0 13.0 1 206
499.6196193448901 51.97711075048642 0 0 13.0 1 207
312.95653161389913 279.0684713926188 0 0 11.0 1 208
460.9332572815159 527.1539938698922 0 0 13.0 1 209
325.7967425816056 642.9194858147438 0 0 12.0 1 210
182.8231481229418 200.35227271824425 0 0 12.0 1 211
131.1043364598607 470.5628948478461 0 0 11.0 1 212
282.22844379285624 253.46037891222872 0 0 11.0 1 213
527.3535998896037 699.008462413957 0 0 12.0 1 214
253.79103819625985 572.3338025120796 0 0 13.0 1 215
486.46455386308384 683.089881354417 0 0 12.0 1 216
759.8522522776307 461.08483061052453 0 0 10.0 1 217
268.3933954461479 210.156112456034 0 0 11.0 1 218
181.60256621720984 445.07284012675245 0 0 10.0 1 219
516.0162271032804 277.1129174863359 0 0 10.0 1 220
345.59389072946016 611.1018125787698 0 0 10.0 1 221
379.7991343774543 218.11837633202234 0 0 10.0 1 222
539.1093168024902 726.6092435598607 0 0 12.0 1 223
363.5217201410236 703.8179308377473 0 0 12.0 1 224
130.84982513800526 634.5361024911892 0 0 12.0 1 225
294.3620094523092 487.23310697806187 0 0 12.0 1 226
690.3926754365889 348.06644579099265 0 0 10.0 1 227
329.007858782688 151.95944709507435 0 0 12.0 1 228
86.92649088797077 544.9481903725608 0 0 11.0 1 229
416.7918873483697 599.2938346243548 0 0 12.0 1 230
207.1144466393101 93.66821368858825 0 0 11.0 1 231
569.8889559655757 686.403112135547 0 0 11.0 1 232
576.4022034717595 96.54775893016057 0 0 11.0 1 233
474.5397142760719 266.3855135262588 0 0 11.0 1 234
307.9477569991989 568.4944644744196 0 0 11.0 1 235
398.6857293755586 101.0028884876549 0 0 12.0 1 236
571.2348555913013 280.1683504635516 0 0 11.0 1 237
610.6151067493329 147.25056516587992 0 0 13.0 1 238
463.2942332854274 178.88048473097203 0 0 13.0 1 239
677.1190161545575 377.8855050808273 0 0 12.0 1 240
585.856183767763 635.4941166043932 0 0 12.0 1 241
266.71249666417805 588.6675421329892 0 0 12.0 1 242
136.97311084394948 257.8104941253023 0 0 12.0 1 243
480.7065314866369 242.4707780270705 0 0 11.0 1 244
551.4351247599395 351.53967613664184 0 0 13.0 1 245
593.5660788421616 502.43619048788423 0 0 10.0 1 246
231.8471171111496 656.8532810305692 0 0 10.0 1 247
369.6726055583051 164.94841173398157 0 0 12.0 1 248
653.1811233287495 345.4077039318504 0 0 13.0 1 249
295.6377220029859 324.17444407540455 0 0 13.0 1 250
512.6694795984273 264.7905758942093 0 0 11.0 1 251
496.0256949466775 521.6719602456031 0 0 10.0 1 252
566.563461817409 340.12001012524695 0 0 11.0 1 253
114.60021635175218 557.5530497754116 0 0 10.0 1 254
665.5955517776615 357.3385082783139 0 0 10.0 1 255
431.59315384964924 709.3911321124644 0 0 12.0 1 256
254.6914988832325 385.80706150233925 0 0 12.0 1 257
296.7535896000617 245.28678550450996 0 0 11.0 1 258
446.6770299527984 631.3379667819045 0 0 13.0 1 259
689.4755232826126 534.0332847476984 0 0 11.0 1 260
239.1381985458828 636.4730023341696 0 0 13.0 1 261
434.6106839567994 220.30275306493272 0 0 10.0 1 262
496.831464949129 202.4559102483559 0 0 13.0 1 263
451.44320238387667 132.90901002000925 0 0 11.0 1 264
433.6920697943004 541.0313597501491 0 0 10.0 1 265
361.387883851708 610.4877775229498 0 0 10.0 1 266
700.2775973160564 565.7780581081112 0 0 12.0 1 267
165.10831636906403 644.4317838600871 0 0 13.0 1 268
205.29616384523845 377.49630726703344 0 0 11.0 1 269
531.8758848447076 437.1180683283147 0 0 12.0 1 270
500.5287138267695 537.0911291671912 0 0 12.0 1 271
211.1134484848646 355.75216777377557 0 0 13.0 1 272
459.52290782978946 140.74525376864096 0 0 12.0 1 273
283.89662339915895 321.76953316077373 0 0 10.0 1 274
288.93026816461196 631.7596053457439 0 0 12.0 1 275
503.0490176044064 198.86099341309566 0 0 13.0 1 276
200.00783472107258 398.2297381419192 0 0 12.0 1 277
508.052631756206 214.12469564098154 0 0 11.0 1 278
618.166251621253 176.95855395570064 0 0 10.0 1 279
251.14967962736068 418.5359684117836 0 0 10.0 1 280
317.03212840851324 501.3771783173045 0 0 12.0 1 281
222.01782047020853 270.68509842317053 0 0 11.0 1 282
736.0951217563778 435.83391035828447 0 0 13.0 1 283
344.2885034162397 157.3124866244708 0 0 12.0 1 284
287.20414117328494 141.54092348779125 0 0 11.0 1 285
75.77407203838197 311.8322755344809 0 0 10.0 1 286
481.7336980304612 203.30581450824383 0 0 11.0 1 287
278.2840752727551 559.956974426849 0 0 10.0 1 288
266.7979808741501 568.7667683544267 0 0 13.0 1 289
613.8392980263607 369.52452429258426 0 0 12.0 1 290
138.65603420455898 418.5292078166157 0 0 12.0 1 291
509.108160296421 280.2527271428259 0 0 10.0 1 292
581.0528346211099 637.9514048617091 0 0 11.0 1 293
218.86718026027873 718.0360067871839 0 0 11.0 1 294
548.5182967369186 305.56316643192343 0 0 10.0 1 295
222.5977525353893 312.06569159591334 0 0 10.0 1 296
224.15185945625734 479.538867651659 0 0 12.0 1 297
507.6123585379985 497.18323049728934 0 0 12.0 1 298
221.99772507255827 642.7265748134214 0 0 11.0 1 299
344.02645324156043 109.34047054452049 0 0 12.0 1 300
544.1083166835855 486.35272469715966 0 0 11.0 1 301
233.62810080191545 177.27956726599513 0 0 12.0 1 302
354.6996987435941 217.53936669495286 0 0 12.0 1 303
191.8432319513493 259.7439487382443 0 0 12.0 1 304
603.8721498738055 407.2212537576668 0 0 11.0 1 305
546.199296652424 480.7140982625498 0 0 11.0 1 306
345.5279900260303 527.8819773439391 0 0 13.0 1 307
148.42503238516503 426.8148404730427 0 0 12.0 1 308
261.00920238576595 324.86307047424 0 0 13.0 1 309
429.55372173313066 750.7571489388644 0 0 12.0 1 310
547.8416069928512 463.7484057978812 0 0 11.0 1 311
713.9651004511387 595.7700582282857 0 0 12.0 1 312
714.1265360463161 280.7501809161017 0 0 13.0 1 313
728.9484485450904 405.82393335968106 0 0 13.0 1 314
585.3683126046944 441.69638691887207 0 0 10.0 1 315
268.2326822663091 142.7872981805359 0 0 13.0 1 316
325.8071512481513 212.11859806227412 0 0 11.0 1 317
397.06583886370385 620.980521083706 0 0 11.0 1 318
384.539916101978 131.4446317686684 0 0 10.0 1 319
359.94541819406516 733.6040024885069 0 0 10.0 1 320
749.770620225772 485.2086452590276 0 0 13.0 1 321
44.501364712215036 418.88704075609695 0 0 10.0 1 322
130.5810823000444 173.46645549635582 0 0 12.0 1 323
137.25809960661843 507.80859788381616 0 0 10.0 1 324
357.948378554708 654.5499187464452 0 0 10.0 1 325
208.66264500421784 486.54488190076887 0 0 12.0 1 326
178.1013845286254 352.14600902863975 0 0 11.0 1 327
358.2743601162994 652.5766635623643 0 0 10.0 1 328
594.7979170883876 148.6481122051683 0 0 13.0 1 329
308.7806069196833 142.6908040390731 0 0 10.0 1 330
214.68876036098038 346.0672227356143 0 0 11.0 1 331
648.1300713254338 205.94725535557322 0 0 12.0 1 332
488.64077110345795 186.68377066387006 0 0 10.0 1 333
110.13843997391518 425.7152876562644 0 0 11.0 1 334
40.96841289135267 480.74849508347376 0 0 11.0 1 335
321.36313978530796 604.3948243365643 0 0 10.0 1 336
505.9380247476249 534.2316464645041 0 0 10.0 1 337
276.47908715135134 721.0585368574343 0 0 10.0 1 338
209.2457787206437 97.05309530528893 0 0 13.0 1 339
390.6889621761091 166.18532001894732 0 0 12.0 1 340
611.6446630390177 336.3797468796246 0 0 10.0 1 341
728.4513918437557 559.2001356654562 0 0 12.0 1 342
314.936768905694 145.85782184809094 0 0 12.0 1 343
118.85892775256701 328.8684493662366 0 0 11.0 1 344
245.0252954074868 200.02039869910914 0 0 12.0 1 345
272.99342362418963 560.9171512216626 0 0 11.0 1 346
743.4191896676443 477.2480431339104 0 0 10.0 1 347
610.4414727348174 531.2188498394996 0 0 10.0 1 348
98.33726369813382 309.31045525050445 0 0 13.0 1 349
397.9022739387566 557.9860738969483 0 0 10.0 1 350
325.2254667531996 254.03846678757054 0 0 12.0 1 351
219.5943606416431 191.1225112950118 0 0 13.0 1 352
422.8369667937828 671.0396150891224 0 0 13.0 1 353
361.61273651363774 200.66255243424882 0 0 11.0 1 354
353.3159965349927 631.3365596279135 0 0 12.0 1 355
713.116546125595 595.2409499628038 0 0 13.0 1 356
106.32940377584407 186.63041239823144 0 0 13.0 1 357
62.648589951346935 379.0709260074526 0 0 11.0 1 358
297.4782526881261 653.0183616422339 0 0 11.0 1 359
616.5054683520591 585.3385609463274 0 0 10.0 1 360
492.0146434691602 701.2611913062208 0 0 13.0 1 361
292.18073696912256 140.5081763918592 0 0 12.0 1 362
249.14785718948815 393.3193556091543 0 0 13.0 1 363
401.05774181914416 161.00234063438188 0 0 13.0 1 364
477.3290415356744 129.8496356930571 0 0 12.0 1 365
321.72320186117963 526.782265609723 0 0 13.0 1 366
377.5089184845937 270.94516184091606 0 0 10.0 1 367
413.8581086091389 159.3987680293858 0 0 12.0 1 368
742.1404146722132 424.2680169755584 0 0 12.0 1 369
226.69172077477268 359.40147352439203 0 0 12.0 1 370
371.64922191503763 677.5558202992278 0 0 11.0 1 371
91.74608711225756 432.8561286428586 0 0 13.0 1 372
686.329777009375 354.00805725171386 0 0 12.0 1 373
399.2307780626179 225.0016905864201 0 0 12.0 1 374
468.1883701975988 709.5793051381104 0 0 10.0 1 375
723.3064101470409 449.0098475597854 0 0 11.0 1 376
179.04018854368374 329.2839359042857 0 0 13.0 1 377
361.80624411918745 218.98553369490907 0 0 11.0 1 378
272.9740171988139 439.41319187014386 0 0 10.0 1 379
211.92631718619998 352.4154454381031 0 0 11.0 1 380
265.5926591408339 680.4561761187797 0 0 10.0 1 381
145.15587816842628 581.7236186297588 0 0 11.0 1 382
695.3784379353151 360.5591784708636 0 0 12.0 1 383
108.17057929878251 235.49896896009489 0 0 10.0 1 384
347.97503003687746 657.803030432802 0 0 11.0 1 385
689.9733274240364 271.9200664325884 0 0 11.0 1 386
203.37454314115948 562.3681918204802 0 0 10.0 1 387
469.817760903974 746.0267045508996 0 0 13.0 1 388
470.69061498265637 631.445105701922 0 0 10.0 1 389
478.990926556074 55.951408196730256 0 0 12.0 1 390
641.4605203111734 499.0848986024481 0 0 12.0 1 391
560.3971026124245 459.2770568899922 0 0 13.0 1 392
440.8834814088866 206.26683054291084 0 0 13.0 1 393
660.9004411276804 295.63544749589664 0 0 12.0 1 394
444.5302957072485 206.0462612780434 0 0 10.0 1 395
420.0949930179321 244.29132568925627 0 0 10.0 1 396
323.96615903626866 608.5733804403189 0 0 13.0 1 397
642.8799399013543 450.1331705910821 0 0 13.0 1 398
411.35677897098356 766.82424070855 0 0 10.0 1 399
516.9602397216096 526.1122608006995 0 0 10.0 1 400
104.74116841431089 420.9337615027414 0 0 10.0 1 401
570.1638228400514 521.3477375003737 0 0 10.0 1 402
566.831481344225 437.52674822698486 0 0 11.0 1 403
226.64884822260382 176.3074024974225 0 0 10.0 1 404
250.33450246524436 555.744145468374 0 0 10.0 1 405
606.4619340446654 283.62788224606277 0 0 12.0 1 406
570.6997322621041 502.2868584210403 0 0 12.0 1 407
145.87943327087453 340.47069994306923 0 0 13.0 1 408
159.00000010949617 399.99273521084035 0 0 10.0 1 409
227.01091289863575 216.75487525220046 0 0 11.0 1 410
264.1237552840481 370.6973359250261 0 0 10.0 1 411
270.71345167994684 72.60270553425983 0 0 12.0 1 412
48.58075799025295 297.7233343069162 0 0 10.0 1 413
186.89912699224817 354.0433038248611 0 0 12.0 1 414
565.6817715116506 389.72621838069233 0 0 11.0 1 415
684.7854829699427 570.649432139625 0 0 12.0 1 416
601.4531854819436 493.2770821755143 0 0 11.0 1 417
312.0825516449894 260.37363331109685 0 0 13.0 1 418
152.90846818141875 430.76970756356076 0 0 12.0 1 419
568.0035997300504 562.8827507065895 0 0 11.0 1 420
429.2395122457622 598.86188906784 0 0 11.0 1 421
370.17249306923424 602.8184405577932 0 0 12.0 1 422
154.9623925552685 421.73869678158434 0 0 13.0 1 423
233.46918512775298 446.86670137726134 0 0 10.0 1 424
706.4984316378675 446.4619349955152 0 0 13.0 1 425
654.361025695775 509.67893419883916 0 0 12.0 1 426
86.58668844134866 293.54298455320225 0 0 10.0 1 427
417.84849469780164 766.5657256714306 0 0 10.0 1 428
678.8020585581933 526.116660849048 0 0 10.0 1 429
518.4846146740683 707.9957728371244 0 0 10.0 1 430
426.61618798377054 247.30232962742164 0 0 10.0 1 431
219.19427673960053 554.7685059573938 0 0 10.0 1 432
743.4783252166909 276.51866494754313 0 0 11.0 1 433
297.06486812204844 262.20174665378113 0 0 13.0 1 434
302.59593754110693 586.0442114565892 0 0 11.0 1 435
231.54397339512585 447.4085129538771 0 0 11.0 1 436
428.12651196592134 634.3179449479508 0 0 11.0 1 437
679.2982976916026 419.81062610249666 0 0 10.0 1 438
301.06052613075803 206.86797129818785 0 0 13.0 1 439
307.8996602691849 220.218111531032 0 0 13.0 1 440
244.0003941512354 374.937618328856 0 0 11.0 1 441
521.2529651182191 526.1852544873606 0 0 10.0 1 442
487.3524063708486 510.68223480406476 0 0 11.0 1 443
499.9108680226267 147.0141931827691 0 0 11.0 1 444
143.7317770150492 559.7829712082472 0 0 11.0 1 445
463.46112202262503 556.6323274156057 0 0 11.0 1 446
530.913568478601 283.86801651483495 0 0 11.0 1 447
382.9306880382434 103.4909131423588 0 0 11.0 1 448
524.4831989657672 609.8569350182386 0 0 13.0 1 449
695.5624515299689 570.0700950949189 0 0 13.0 1 450
562.9441696399721 189.74967876281372 0 0 10.0 1 451
265.5588923241422 570.3366917809795 0 0 13.0 1 452
362.0590595170747 257.9806878087662 0 0 11.0 1 453
663.1414365875073 533.3476072176134 0 0 10.0 1 454
497.9456271509056 282.45998927167057 0 0 10.0 1 455
226.16941655667705 289.4607388311559 0 0 11.0 1 456
591.9345704154359 547.3944391062366 0 0 10.0 1 457
676.9116775023385 424.57484207153374 0 0 12.0 1 458
512.8036498571986 141.5443237634458 0 0 11.0 1 459
645.7916587434947 227.99284755533722 0 0 12.0 1 460
234.03701157417478 76.03659701631511 0 0 10.0 1 461
268.0051709159079 398.8316271736667 0 0 10.0 1 462
598.8638389027797 271.07299128247286 0 0 13.0 1 463
404.53033908804105 741.9699928761986 0 0 13.0 1 464
286.0468130711768 497.5431760235675 0 0 10.0 1 465
373.29629350491956 545.570986324283 0 0 11.0 1 466
603.2027609194208 657.4735674874698 0 0 11.0 1 467
536.6991434311071 164.84612657835805 0 0 10.0 1 468
613.6774820235722 470.4764760474442 0 0 10.0 1 469
252.1951428494058 708.4116148958927 0 0 12.0 1 470
437.32101492485117 64.0667598391326 0 0 11.0 1 471
629.9854996053386 312.6920967421459 0 0 11.0 1 472
266.5242300910812 411.8414039379362 0 0 13.0 1 473
487.23776651326364 48.668856925866464 0 0 13.0 1 474
419.47858932410884 631.1808481642515 0 0 11.0 1 475
324.49972737213943 568.8925955544491 0 0 10.0 1 476
243.07537550455 630.6852015777389 0 0 11.0 1 477
530.178177718472 691.2295349821133 0 0 11.0 1 478
265.04108633504325 136.55723273854198 0 0 12.0 1 479
52.16999575488882 484.7247788244144 0 0 13.0 1 480
469.4790018101716 715.4388503457717 0 0 10.0 1 481
756.9126435660214 493.67157980259634 0 0 10.0 1 482
472.87270513790634 274.6422365950806 0 0 13.0 1 483
554.324888264507 514.227093380456 0 0 13.0 1 484
539.5620461711749 515.2537863521839 0 0 11.0 1 485
286.42498387314293 204.61137261400253 0 0 13.0 1 486
305.3339575004488 306.5797645182097 0 0 11.0 1 487
548.4385645748766 355.37946048118465 0 0 10.0 1 488
119.16746249915843 561.5830618624317 0 0 12.0 1 489
480.51249381123404 522.9908059177433 0 0 13.0 1 490
399.14726253798784 206.00187413580284 0 0 10.0 1 491
713.116546125595 595.2409499628038 0 0 11.0 1 492
528.0890179876789 581.3207199162634 0 0 13.0 1 493
233.0216072133262 718.9329339255814 0 0 13.0 1 494
496.9850313745964 293.5579796825119 0 0 13.0 1 495
341.4833595968231 665.6309522550512 0 0 10.0 1 496
167.0380839429793 603.001836610021 0 0 13.0 1 497
139.96987268440597 549.6139461689182 0 0 13.0 1 498
692.6350831372174 502.2971559588724 0 0 11.0 1 499
203.7696596941716 213.09185800650957 0 0 12.0 1 500
617.1237031500425 349.14434613130794 0 0 11.0 1 501
211.7340982121548 499.62404440700766 0 0 11.0 1 502
245.66560323227938 502.00928376546807 0 0 11.0 1 503
585.6279497031699 249.45676936840553 0 0 12.0 1 504
136.3824801545157 289.0865056428404 0 0 12.0 1 505
348.9430485649369 134.87137515885314 0 0 10.0 1 506
452.9623378280371 720.6555640742708 0 0 12.0 1 507
227.4689403418789 579.5383899149311 0 0 13.0 1 508
307.14305928783585 556.5298328165517 0 0 12.0 1 509
505.8769364111447 620.9413368661247 0 0 10.0 1 510
463.48574030394036 210.34357174601055 0 0 11.0 1 511
325.06374479940825 617.4501268256972 0 0 11.0 1 512
315.7088832894669 531.2669327884646 0 0 12.0 1 513
239.00377688704287 199.6772201087382 0 0 12.0 1 514
287.0382273741282 333.66269582489167 0 0 12.0 1 515
125.89130027112475 485.0495192987315 0 0 13.0 1 516
240.15009389998073 146.13387874744882 0 0 13.0 1 517
433.8945589714557 630.5214932975459 0 0 12.0 1 518
479.805772403365 121.1971329216604 0 0 13.0 1 519
172.8386262268081 561.9836728361108 0 0 11.0 1 520
385.33953706982714 620.5131987584259 0 0 13.0 1 521
311.78783965859486 151.17352478503773 0 0 13.0 1 522
265.3610204623394 419.19232109614194 0 0 10.0 1 523
420.6434066003356 41.594015446263484 0 0 12.0 1 524
181.54767514435576 550.0119387421017 0 0 13.0 1 525
690.0948366256786 222.67265929044996 0 0 11.0 1 526
329.39316480411946 65.36785147923734 0 0 10.0 1 527
496.8031321469577 178.20470337146767 0 0 12.0 1 528
594.6435699115164 186.3767786683746 0 0 11.0 1 529
462.98009703614315 73.00992770832016 0 0 12.0 1 530
554.7814612281986 408.227956007639 0 0 11.0 1 531
195.44563364066082 348.24566488371005 0 0 12.0 1 532
158.17198159649755 539.1409699370939 0 0 11.0 1 533
247.28898170808566 300.9881578181347 0 0 13.0 1 534
337.6607690338056 553.8499927934463 0 0 11.0 1 535
78.80627104529765 422.7725378509552 0 0 10.0 1 536
184.50497523232607 322.5216526997407 0 0 10.0 1 537
583.6459949094611 370.50171947868546 0 0 11.0 1 538
406.23974526587153 118.06904111286923 0 0 13.0 1 539
579.5989087688854 259.5427753049863 0 0 13.0 1 540
87.8339503346723 544.5280506903216 0 0 12.0 1 541
527.7026481244986 362.83773873954283 0 0 10.0 1 542
636.3004037466139 435.82065310944563 0 0 10.0 1 543
160.23938275792537 136.84444444454647 0 0 11.0 1 544
621.7883792961971 681.0229791479092 0 0 11.0 1 545
718.3831880271924 325.4269111432184 0 0 10.0 1 546
272.79210502526035 151.68739166909867 0 0 11.0 1 547
319.47298999136876 172.851588913614 0 0 13.0 1 548
304.1122461483576 591.3152860105193 0 0 10.0 1 549
347.63526822748923 99.52881191969004 0 0 13.0 1 550
32.51826464633467 419.5236825793362 0 0 11.0 1 551
362.8440404271362 274.37979991967967 0 0 11.0 1 552
567.5777144328558 671.4382243263838 0 0 11.0 1 553
697.0279032987087 492.1706279786188 0 0 12.0 1 554
515.3297405523733 277.84005998641675 0 0 10.0 1 555
539.9382972198482 617.9409850652452 0 0 10.0 1 556
557.8642383086943 677.2000762323412 0 0 11.0 1 557
300.51338440112244 84.3048728334864 0 0 12.0 1 558
400.72581447004035 236.00160612568462 0 0 13.0 1 559
442.6664884906773 755.4484080142643 0 0 12.0 1 560
497.2221997826055 487.8000220354821 0 0 11.0 1 561
267.32237525961 303.6016188245453 0 0 10.0 1 562
114.6899259753489 588.5793245826491 0 0 11.0 1 563
443.3815693033702 761.4056439027715 0 0 13.0 1 564
505.48470192253296 481.00603471541103 0 0 10.0 1 565
624.6596407547826 283.6511890222679 0 0 13.0 1 566
694.3254086742872 282.2648998441254 0 0 10.0 1 567
722.5357148026158 545.8996664724281 0 0 10.0 1 568
506.9122524117861 750.0368127557994 0 0 13.0 1 569
348.3030275437857 235.95298527903222 0 0 12.0 1 570
105.66880143027021 555.7502666081388 0 0 11.0 1 571
535.0755764670349 610.3677462019741 0 0 12.0 1 572
237.28912918063065 95.77940155669518 0 0 10.0 1 573
759.2764415352722 315.84871624418224 0 0 13.0 1 574
392.4795463730112 211.14968155376513 0 0 12.0 1 575
588.6013925540719 485.3142117508266 0 0 13.0 1 576
369.84773350576023 76.40172926101667 0 0 13.0 1 577
279.02012364512404 641.3790991721506 0 0 11.0 1 578
552.6078169693405 264.62328782300756 0 0 12.0 1 579
278.04143612486433 331.2533004609352 0 0 11.0 1 580
540.7666189404482 374.82542965461676 0 0 13.0 1 581
316.33612589030486 617.4611601389017 0 0 11.0 1 582
263.33924691794107 265.13770516914474 0 0 11.0 1 583
566.350795866531 113.838484917046 0 0 12.0 1 584
653.0035732488055 539.6788886100412 0 0 10.0 1 585
137.0000001194917 399.9920720350664 0 0 12.0 1 586
295.67353695277654 281.3408701023966 0 0 10.0 1 587
227.77535172288796 702.3948916992896 0 0 12.0 1 588
576.9762437871518 325.5459260013894 0 0 10.0 1 589
685.4397220540343 338.45192875714406 0 0 10.0 1 590
349.8058465105361 240.7217938465022 0 0 13.0 1 591
420.78405716759073 550.5723180656203 0 0 11.0 1 592
117.70861709881751 420.0143733286345 0 0 12.0 1 593
296.67172190484655 313.11923719320464 0 0 12.0 1 594
377.70696606368773 561.4683270425331 0 0 11.0 1 595
302.7501507956889 248.53229113194206 0 0 10.0 1 596
194.81544184207576 591.990356772254 0 0 13.0 1 597
445.5480388801537 524.9574973908009 0 0 12.0 1 598
207.37034870002944 388.04937490958093 0 0 11.0 1 599
90.09885156454243 239.49368174933267 0 0 12.0 1 600
398.6197960666401 86.00303339506235 0 0 11.0 1 601
279.3174174013287 663.6962537794477 0 0 10.0 1 602
143.40949073485257 457.70884295367824 0 0 11.0 1 603
124.52507657845388 192.30174154342728 0 0 11.0 1 604
32.74769238296432 364.1288061257752 0 0 10.0 1 605
503.5984551601771 700.6515592649151 0 0 11.0 1 606
133.61726141487776 287.92307738035265 0 0 13.0 1 607
164.43848350755593 580.8860744993378 0 0 11.0 1 608
370.0485454176801 563.2755657421012 0 0 13.0 1 609
240.81782915406635 424.12543232308997 0 0 12.0 1 610
85.4436232706397 416.7118478600296 0 0 11.0 1 611
542.4516546823814 446.98431736496275 0 0 13.0 1 612
318.82681527477894 116.38773989553073 0 0 12.0 1 613
529.316330305507 330.0980206552274 0 0 10.0 1 614
300.29802685314235 256.17887307275305 0 0 11.0 1 615
545.663416709849 577.9948567583144 0 0 13.0 1 616
342.7223167652906 150.48994608780936 0 0 10.0 1 617
504.31389633156164 187.19113967663796 0 0 13.0 1 618
474.6790173118507 567.0689808831559 0 0 10.0 1 619
415.73177787924413 531.0591895471589 0 0 10.0 1 620
377.222463246322 223.4633640871254 0 0 13.0 1 621
181.40136705010258 457.3640799842202 0 0 10.0 1 622
269.2976387299183 739.7247308607735 0 0 13.0 1 623
204.03060700592465 403.4636699516047 0 0 11.0 1 624
474.4853772853477 562.7664847892815 0 0 12.0 1 625
176.82601773164882 539.1487464495663 0 0 11.0 1 626
671.2471646433769 450.9997614987442 0 0 11.0 1 627
285.8176404368664 313.9105769295945 0 0 12.0 1 628
349.83656897532796 594.6397446253795 0 0 10.0 1 629
634.9481164356346 472.9066703625088 0 0 10.0 1 630
601.6796683058843 482.7605666487881 0 0 12.0 1 631
589.0877542562391 426.95962147976377 0 0 10.0 1 632
581.624035641053 539.4765560137528 0 0 11.0 1 633
513.6315299375524 617.0550054802956 0 0 12.0 1 634
461.9899604009107 44.362199970962706 0 0 12.0 1 635
571.3643886213181 625.2182193172698 0 0 10.0 1 636
463.2420359100296 163.30305263068024 0 0 11.0 1 637
253.36443370919423 137.13309318483107 0 0 11.0 1 638
293.6101432946198 310.5449923692996 0 0 13.0 1 639
596.3352395955101 556.3760649619169 0 0 12.0 1 640
395.7132558599353 206.047367059177 0 0 10.0 1 641
548.7150499866608 263.29654756567055 0 0 11.0 1 642
559.4167299731513 522.4226539684031 0 0 11.0 1 643
193.9804128001995 379.87713514372757 0 0 11.0 1 644
708.0252201723333 592.0663003699127 0 0 11.0 1 645
263.6570153951254 360.31888926661776 0 0 11.0 1 646
573.1763947017809 383.09034837458165 0 0 12.0 1 647
655.0883903930475 471.79772340878384 0 0 10.0 1 648
322.633514340058 700.1906509147645 0 0 13.0 1 649
250.80127066157735 641.6521035782641 0 0 12.0 1 650
254.34860720850017 718.2540993889886 0 0 11.0 1 651
312.00314075224105 228.2281956707385 0 0 13.0 1 652
525.2346511262805 65.68685015800105 0 0 10.0 1 653
200.2902222492561 564.9151438490367 0 0 12.0 1 654
389.68331484956735 611.7488276413989 0 0 11.0 1 655
196.77444705557505 241.05543535423197 0 0 12.0 1 656
669.4540014609795 152.30958618334364 0 0 11.0 1 657
176.0565941753206 343.3400407020712 0 0 13.0 1 658
603.5732642744312 155.7011541724918 0 0 12.0 1 659
521.7422648441452 572.3363599204126 0 0 10.0 1 660
652.5743525845937 447.4889083520915 0 0 13.0 1 661
105.95582116473975 477.162302279659 0 0 10.0 1 662
149.8565886706757 437.91139365057 0 0 12.0 1 663
326.45133060781984 519.1242764118203 0 0 11.0 1 664
608.8872458027054 520.1961669145908 0 0 11.0 1 665
353.22082406137605 268.04656617388366 0 0 13.0 1 666
466.8717334276472 166.38242517228784 0 0 11.0 1 667
297.48157964167797 230.60704416288618 0 0 11.0 1 668
37.22711084109483 412.8386483439919 0 0 13.0 1 669
728.4801783818239 301.25906416158927 0 0 11.0 1 670
490.463389029439 297.11474719228033 0 0 13.0 1 671
166.89519481363948 585.65061216982 0 0 13.0 1 672
292.2782736785041 679.9929100500881 0 0 13.0 1 673
246.17712753372336 560.0703717313844 0 0 12.0 1 674
331.28370676332025 543.3843472761607 0 0 11.0 1 675
403.6428165181617 674.9758714647796 0 0 13.0 1 676
32.51826464633467 419.5236825793362 0 0 10.0 1 677
610.508463030966 473.5879541252534 0 0 11.0 1 678
627.0686821373528 667.6580161183406 0 0 10.0 1 679
92.13898032030852 270.4716534430373 0 0 11.0 1 680
639.6616173855979 412.74006091505396 0 0 12.0 1 681
443.1369066460613 226.27548450201684 0 0 11.0 1 682
476.3113455591043 570.7207618860664 0 0 13.0 1 683
148.03173650495387 151.34764390561065 0 0 13.0 1 684
121.39292346828091 414.801922390312 0 0 11.0 1 685
542.6398087491889 622.1483399892846 0 0 10.0 1 686
495.17017020222625 692.9277021786763 0 0 10.0 1 687
538.4186465461337 420.9828093528133 0 0 11.0 1 688
735.9088681020837 321.3219704722029 0 0 12.0 1 689
301.669596915641 246.84931658896363 0 0 10.0 1 690
221.472643738961 517.9999282476225 0 0 12.0 1 691
531.178992255735 514.3156681770693 0 0 10.0 1 692
56.013475720244855 396.95514960410105 0 0 11.0 1 693
692.0589727284013 187.81480624503754 0 0 12.0 1 694
372.0639935087462 589.9567833516893 0 0 12.0 1 695
474.73929028251763 74.46960435611305 0 0 13.0 1 696
178.5953463620235 500.1447919137469 0 0 11.0 1 697
407.2463915803064 548.8236869892185 0 0 10.0 1 698
595.2510868040928 165.68821390757864 0 0 13.0 1 699
168.81342897939058 307.51340973020626 0 0 13.0 1 700
80.15636578187741 265.43013097225736 0 0 10.0 1 701
248.23161561809366 138.9054625195963 0 0 12.0 1 702
241.10185636899703 179.23908871672694 0 0 11.0 1 703
190.18507530521495 207.11999228711733 0 0 11.0 1 704
419.4893059681342 190.9063201507983 0 0 13.0 1 705
716.1578899336374 543.0146448190185 0 0 10.0 1 706
335.3787844297321 194.94123159879027 0 0 13.0 1 707
460.14315572820874 87.7392102439814 0 0 13.0 1 708
194.58722429630907 690.7603679625288 0 0 10.0 1 709
322.58321568553345 653.4396210271933 0 0 12.0 1 710
122.31740930933057 528.5627427652279 0 0 10.0 1 711
344.7886434849722 46.28301410340708 0 0 12.0 1 712
662.1264882555499 323.7195689916932 0 0 10.0 1 713
691.3900722371764 342.54718630377465 0 0 12.0 1 714
239.00377688704287 199.6772201087382 0 0 11.0 1 715
191.28432725864718 496.63212691504054 0 0 10.0 1 716
114.21633622082305 603.7859109873652 0 0 11.0 1 717
510.02431214573454 671.5578220874111 0 0 10.0 1 718
246.83964771332484 87.51655005837262 0 0 11.0 1 719
123.70618761890205 330.0948554116463 0 0 11.0 1 720
375.3910839355874 691.9647260374696 0 0 11.0 1 721
228.32722163584808 270.5648534256141 0 0 11.0 1 722
106.78964872207422 490.976315068678 0 0 10.0 1 723
617.6905624415593 206.88910174752553 0 0 12.0 1 724
443.1704404093875 567.527051770332 0 0 10.0 1 725
631.2159846927028 252.97902046788082 0 0 13.0 1 726
372.18660148476476 240.4054673147206 0 0 12.0 1 727
562.0930840440227 157.1217751524493 0 0 13.0 1 728
236.09427545040012 436.8634434076728 0 0 10.0 1 729
245.9290328422704 544.1635775051445 0 0 13.0 1 730
487.6313225663934 278.2594919294949 0 0 10.0 1 731
308.41044238715153 262.7544064959362 0 0 12.0 1 732
252.43119022277543 580.3120805185646 0 0 10.0 1 733
661.4065932600446 151.02692314192356 0 0 13.0 1 734
133.60932799244335 262.0289527931226 0 0 12.0 1 735
458.9388436408267 667.585897816537 0 0 10.0 1 736
762.8723168842723 390.3728696362706 0 0 11.0 1 737
600.9678330855955 120.808434824975 0 0 12.0 1 738
123.73211636800636 477.7499612443584 0 0 12.0 1 739
507.2909011136592 79.48063625075781 0 0 13.0 1 740
202.46507497772552 465.14563221309936 0 0 11.0 1 741
297.45298252070313 190.77975909080692 0 0 13.0 1 742
631.6371040412237 559.0762459683887 0 0 13.0 1 743
316.8180845339609 230.28916080756443 0 0 13.0 1 744
364.6383336357155 216.37387835076123 0 0 13.0 1 745
166.3259156513789 345.26041374075334 0 0 13.0 1 746
469.33288715351677 270.3776610342272 0 0 10.0 1 747
295.8667992856631 265.62635485710894 0 0 13.0 1 748
568.1892049722111 221.85008748019112 0 0 13.0 1 749
514.3492382428369 731.851249377312 0 0 10.0 1 750
375.6868989707931 211.56201784580801 0 0 12.0 1 751
262.3054326796725 131.21717664540432 0 0 10.0 1 752
302.3170149916831 58.70389038275732 0 0 10.0 1 753
462.48892655195226 223.7497969976071 0 0 12.0 1 754
671.989417229988 397.600642817023 0 0 11.0 1 755
477.7304867377715 591.8514306214815 0 0 12.0 1 756
184.21150432403604 390.4435815336247 0 0 12.0 1 757
357.4654383178337 708.0776055842196 0 0 11.0 1 758
464.1028892058788 141.8395468018798 0 0 11.0 1 759
732.0 400.0 0 0 11.0 1 760
286.9767228917507 710.041511465339 0 0 10.0 1 761
141.5440293438291 277.5397565241008 0 0 11.0 1 762
561.726123246509 672.6420016425477 0 0 12.0 1 763
330.1005158838494 539.4634795216871 0 0 11.0 1 764
479.41147318822124 644.4234398049344 0 0 12.0 1 765
520.2183413424634 332.23902004201125 0 0 11.0 1 766
70.28269158092559 236.56653791563693 0 0 13.0 1 767
446.66201912339614 260.60252523331775 0 0 12.0 1 768
193.74181557506589 355.51897755525545 0 0 13.0 1 769
383.300283172421 220.7763423599477 0 0 13.0 1 770
592.5485748181704 260.1105924828779 0 0 10.0 1 771
108.84217941047098 211.2246745213887 0 0 13.0 1 772
150.23494363304985 650.8653356245422 0 0 11.0 1 773
218.1568894045101 447.7187921992628 0 0 12.0 1 774
586.3626126578633 141.09851950339254 0 0 10.0 1 775
424.19078777317935 212.55452582974164 0 0 13.0 1 776
304.23792833506286 636.3358323031855 0 0 11.0 1 777
152.2951460304488 640.1401784789945 0 0 10.0 1 778
562.7450415409442 312.0281212327692 0 0 12.0 1 779
711.681952193394 238.58327014551793 0 0 11.0 1 780
304.99001716828957 197.14758280385692 0 0 12.0 1 781
632.3225252744804 500.17606625381336 0 0 12.0 1 782
98.97854063146099 244.09271665622856 0 0 10.0 1 783
137.371123143334 513.2345929520046 0 0 12.0 1 784
622.1381217082629 133.42232860960587 0 0 10.0 1 785
564.2111584743881 570.8908875057398 0 0 11.0 1 786
612.16043484385 628.7617754059198 0 0 11.0 1 787
494.1249551230578 740.219771358283 0 0 13.0 1 788
403.11295229733815 634.9793810699026 0 0 12.0 1 789
548.8542998326234 393.4123280789446 0 0 12.0 1 790
458.1485034157743 688.1922128554233 0 0 12.0 1 791
544.2712800687289 322.0141182820224 0 0 13.0 1 792
553.5528006559929 72.18063295360218 0 0 11.0 1 793
363.3270743209663 621.9912082091092 0 0 11.0 1 794
299.5356218383513 576.3970201579189 0 0 11.0 1 795
333.556012851514 582.2668279523508 0 0 11.0 1 796
74.00000014811519 399.9901729408048 0 0 11.0 1 797
427.20292930327133 585.0108122173438 0 0 12.0 1 798
555.412868327235 121.41816218873572 0 0 11.0 1 799
247.1051522016371 456.499252355367 0 0 12.0 1 800
302.9242934277153 166.36501290797287 0 0 11.0 1 801
170.22521293763097 389.8241840404337 0 0 12.0 1 802
133.84676514316203 378.7525160256363 0 0 12.0 1 803
606.2595251828809 355.5251950950596 0 0 12.0 1 804
84.93003097360645 305.2798088171935 0 0 12.0 1 805
365.71821463469405 586.8816716325255 0 0 13.0 1 806
264.1421168234224 313.6076648146412 0 0 12.0 1 807
670.8599149177273 531.2855913295953 0 0 10.0 1 808
210.5172755171169 172.59662024819463 0 0 13.0 1 809
372.8758711856945 40.02044275255719 0 0 11.0 1 810
463.7618374255528 516.7194417743564 0 0 10.0 1 811
621.4986324569618 458.13222703196357 0 0 13.0 1 812
172.76910579549684 246.89180061465714 0 0 11.0 1 813
207.0074654536635 343.8316672013392 0 0 13.0 1 814
224.48174098926614 288.38754212077873 0 0 12.0 1 815
460.7037076891304 194.79020522208836 0 0 11.0 1 816
677.5987227735723 472.8556731797971 0 0 11.0 1 817
348.65264378675363 533.4632871238753 0 0 13.0 1 818
559.8272779207806 539.2811589283833 0 0 10.0 1 819
650.8756134844691 275.6560151885452 0 0 13.0 1 820
162.21768327518893 603.5400939691776 0 0 12.0 1 821
561.5537163808563 628.6927998943863 0 0 13.0 1 822
534.4043487660239 92.05281129261624 0 0 13.0 1 823
187.69959809290978 507.57573773899003 0 0 12.0 1 824
632.9326607879163 368.89733872702334 0 0 12.0 1 825
102.06582253374734 550.9676319530365 0 0 13.0 1 826
708.4076349222892 380.8759125279153 0 0 12.0 1 827
411.08843812288495 627.7302055942403 0 0 11.0 1 828
553.5430970073211 625.7288580607283 0 0 11.0 1 829
251.03277122775404 365.1035137597302 0 0 11.0 1 830
553.2119600676095 194.90954363442157 0 0 13.0 1 831
656.5586089527003 547.6268274137713 0 0 10.0 1 832
81.9303138892081 242.34000260883454 0 0 13.0 1 833
501.0260743485379 289.1228955026166 0 0 11.0 1 834
533.4751234552003 420.23342330449856 0 0 12.0 1 835
633.4512858433297 203.72086932611515 0 0 12.0 1 836
379.7991343774543 218.11837633202234 0 0 11.0 1 837
114.55408146945854 544.6396473801547 0 0 12.0 1 838
212.44277684264407 102.13041773033996 0 0 13.0 1 839
704.1061225851851 474.084183239099 0 0 11.0 1 840
610.3625942112807 342.80228189254353 0 0 12.0 1 841
467.78202546439024 261.71913717384916 0 0 10.0 1 842
367.1740152159503 244.42540463508402 0 0 11.0 1 843
197.07156643883096 394.61011573313476 0 0 10.0 1 844
203.32431233991056 353.9275148984674 0 0 12.0 1 845
606.4764777441674 614.8754619270483 0 0 13.0 1 846
223.16545349387223 530.8798806615139 0 0 13.0 1 847
701.8311568453506 329.303799554733 0 0 10.0 1 848
294.2996183209952 636.4496337762288 0 0 11.0 1 849
174.28975867843428 253.65832117075954 0 0 11.0 1 850
639.6754096012409 238.51718966875325 0 0 11.0 1 851
191.9530896725101 150.31723506980828 0 0 11.0 1 852
286.92631557800917 179.27768148364328 0 0 13.0 1 853
369.4822233859544 654.1744780864814 0 0 10.0 1 854
222.6076567172061 724.7028742475795 0 0 13.0 1 855
366.7734396044467 100.83951516906404 0 0 13.0 1 856
243.87341910848173 340.7252942721417 0 0 10.0 1 857
609.3692966851065 286.82536677513014 0 0 13.0 1 858
570.4649322214713 348.75834816548945 0 0 10.0 1 859
720.3226056549813 271.8655850038589 0 0 13.0 1 860
672.0560178258273 296.7211388291238 0 0 10.0 1 861
527.0628963467256 435.76339430173385 0 0 13.0 1 862
603.3352192418577 318.6625017850582 0 0 10.0 1 863
371.9184934749376 590.9461415983127 0 0 11.0 1 864
66.4433944958198 530.0153488036267 0 0 12.0 1 865
612.1205665549603 491.4651039708731 0 0 12.0 1 866
608.9816195248533 554.6825222860342 0 0 12.0 1 867
138.64035536634157 562.9574673249674 0 0 11.0 1 868
222.95784582025198 686.7491510770246 0 0 12.0 1 869
577.721930557543 371.4532769148569 0 0 13.0 1 870
258.58828594094825 250.2043821506083 0 0 11.0 1 871
704.3772128279281 235.4688105218278 0 0 13.0 1 872
513.3558067444883 626.1845730312 0 0 12.0 1 873
584.8190803095296 531.7987388161953 0 0 12.0 1 874
244.2513091170528 451.3648253987899 0 0 11.0 1 875
549.8443379117771 183.86190896609367 0 0 12.0 1 876
622.3212332924279 538.6263655562456 0 0 13.0 1 877
690.3619391863331 567.0776594040992 0 0 12.0 1 878
491.13202360254314 249.43123074785555 0 0 10.0 1 879
156.6965195664316 273.986443551052 0 0 13.0 1 880
147.65922045023055 223.39838342694975 0 0 11.0 1 881
91.14001244276301 211.18922677414992 0 0 12.0 1 882
230.42653016267934 466.09718849793313 0 0 13.0 1 883
639.4721770847833 226.0198965333272 0 0 11.0 1 884
734.4157976161807 441.65422313203806 0 0 12.0 1 885
250.51113301333274 421.30912121703994 0 0 13.0 1 886
266.7785898507767 575.0772854423224 0 0 12.0 1 887
452.85412931070863 284.52081999422194 0 0 10.0 1 888
211.42564274374325 693.6676893793215 0 0 10.0 1 889
496.13045702835507 637.2655373869529 0 0 12.0 1 890
202.25863995123413 92.01565863494886 0 0 13.0 1 891
200.7326353919702 485.915757589458 0 0 10.0 1 892
559.2307219496133 292.7173024788949 0 0 12.0 1 893
560.4944598865943 252.4685513332484 0 0 13.0 1 894
286.09064404630885 211.7856046254291 0 0 13.0 1 895
628.4059361031432 581.9195656130667 0 0 10.0 1 896
553.2133210923007 324.0613521330044 0 0 13.0 1 897
97.54901302439805 311.97500083791965 0 0 13.0 1 898
300.04876609556914 244.324854774496 0 0 12.0 1 899
104.22951221080507 450.19779430355175 0 0 12.0 1 900
217.10488540042235 451.47209977849514 0 0 13.0 1 901
607.661930481017 132.0494026338115 0 0 12.0 1 902
696.8955319962229 392.12325697513046 0 0 12.0 1 903
155.70805322618716 317.02141998406705 0 0 11.0 1 904
499.4723230841052 197.06834416422018 0 0 12.0 1 905
72.28710223855018 429.07329772821646 0 0 11.0 1 906
580.2594397525922 76.88000003082198 0 0 12.0 1 907
447.7084385242973 272.6426095840004 0 0 13.0 1 908
673.698324959711 373.2749758793675 0 0 10.0 1 909
617.8482557211323 108.38700735519319 0 0 10.0 1 910
143.7610879711395 147.1331971921464 0 0 13.0 1 911
523.824175754758 282.0653846461743 0 0 13.0 1 912
670.7867337961638 346.60950646411385 0 0 13.0 1 913
462.9770799480324 101.57264300801921 0 0 13.0 1 914
360.7992181715603 541.676740165911 0 0 13.0 1 915
521.4982743169107 261.8183465940116 0 0 11.0 1 916
385.36734034324525 543.2546169286337 0 0 12.0 1 917
549.8412532455936 430.928931856595 0 0 10.0 1 918
604.2360370498023 294.22835365660717 0 0 10.0 1 919
303.14250500583785 61.58808285839598 0 0 13.0 1 920
204.191920590329 391.3284350953261 0 0 12.0 1 921
230.9389982902859 250.01874216786933 0 0 11.0 1 922
726.8254349286274 362.2357962653314 0 0 12.0 1 923
256.8711999718986 279.65405448243905 0 0 11.0 1 924
176.26169576829935 431.89312182153 0 0 10.0 1 925
425.8376257172047 167.4308337347841 0 0 10.0 1 926
325.728372850494 178.0997399718406 0 0 13.0 1 927
538.7203942366426 689.4782413633716 0 0 11.0 1 928
96.90854480168764 540.3266538679285 0 0 12.0 1 929
704.3133580341064 537.6567474626864 0 0 11.0 1 930
72.78860292196771 275.7715748218538 0 0 11.0 1 931
155.38495735621132 628.88530077831 0 0 12.0 1 932
620.9632548471666 174.09904823718398 0 0 11.0 1 933
671.5131158507895 522.8194932451513 0 0 12.0 1 934
304.4625650769175 114.56419543386335 0 0 13.0 1 935
735.6714412332983 385.14457875520395 0 0 10.0 1 936
726.3731282187332 379.7618880149783 0 0 10.0 1 937
244.1682162902205 486.02589834362965 0 0 10.0 1 938
213.44468826950936 195.24132334589711 0 0 11.0 1 939
638.3996032494363 309.49790515954146 0 0 10.0 1 940
563.8166129478591 347.5775112924679 0 0 12.0 1 941
123.09026497996098 620.5379755305914 0 0 11.0 1 942
430.8803055658306 265.49941736869346 0 0 10.0 1 943
302.3277844560401 603.8041665686309 0 0 12.0 1 944
519.6846026674045 485.3498440792102 0 0 12.0 1 945
499.13975744598963 476.13349127388256 0 0 10.0 1 946
324.4587723863999 174.30657313375238 0 0 12.0 1 947
426.6993183396972 545.5717912241088 0 0 10.0 1 948
614.5489021465072 432.52335449686063 0 0 13.0 1 949
562.073876178831 501.059678707034 0 0 11.0 1 950
673.4501730266388 429.1548087234563 0 0 10.0 1 951
621.3676505886965 302.2228898318183 0 0 12.0 1 952
88.5566222579559 447.20193280604565 0 0 10.0 1 953
306.1394610312291 523.3499056525453 0 0 12.0 1 954
689.4298986935712 278.23656648143884 0 0 10.0 1 955
240.2052497100716 588.347120444618 0 0 11.0 1 956
404.8892944888703 557.9243325121278 0 0 12.0 1 957
581.3266742566666 474.4085828585434 0 0 12.0 1 958
466.5173760755829 548.8100758686033 0 0 13.0 1 959
584.5993993317556 558.0255098595003 0 0 10.0 1 960
485.3926786584526 520.8804799441757 0 0 13.0 1 961
233.43834330184157 340.11498920460303 0 0 12.0 1 962
768.9421808909981 406.5320103638976 0 0 13.0 1 963
562.0826347099829 493.2642456972136 0 0 12.0 1 964
145.4018813110129 228.4517620025538 0 0 12.0 1 965
605.2585014457819 540.9608015876469 0 0 12.0 1 966
576.0505001412765 109.12851394472096 0 0 12.0 1 967
260.94247487474854 596.8349681993524 0 0 13.0 1 968
596.3880341812695 648.8387832119754 0 0 10.0 1 969
507.7749313793578 635.5112824604688 0 0 11.0 1 970
389.49946424311764 738.8373337588679 0 0 13.0 1 971
216.16489533300935 326.4564462914893 0 0 13.0 1 972
299.3621754554132 145.15096964882727 0 0 12.0 1 973
376.37712981844385 187.3078280603977 0 0 11.0 1 974
224.96478938448314 544.5395276205843 0 0 12.0 1 975
529.3407061192833 465.54373914086085 0 0 11.0 1 976
335.11057649821714 545.1563388819319 0 0 13.0 1 977
574.0 400.0 0 0 12.0 1 978
211.7466679400649 273.1548859106831 0 0 10.0 1 979
642.2900441125407 327.16776452735303 0 0 12.0 1 980
74.27927790883251 428.8965603560085 0 0 11.0 1 981
742.0 400.0 0 0 11.0 1 982
186.20954595066533 390.5320668897948 0 0 11.0 1 983
601.80247359859 391.06906222783095 0 0 13.0 1 984
214.41449850140222 303.8801704458754 0 0 10.0 1 985
239.13099706688826 596.5633839129416 0 0 13.0 1 986
417.5888791019172 166.66198052623713 0 0 12.0 1 987
264.5691447546711 157.21926878864795 0 0 12.0 1 988
208.71294570031029 96.20687490111374 0 0 10.0 1 989
627.9706717474373 562.571131579448 0 0 11.0 1 990
42.117709775074104 460.73933110729763 0 0 12.0 1 991
296.79266043282007 298.1508710912812 0 0 12.0 1 992
558.3205894366174 180.05548208595414 0 0 11.0 1 993
212.8198050767111 543.7343891644571 0 0 11.0 1 994
492.0018686853473 486.09097605675123 0 0 12.0 1 995
257.0932730851447 284.0963011699671 0 0 13.0 1 996
193.94372756076538 504.41174545254916 0 0 10.0 1 997
589.1483379960407 332.0006894642635 0 0 12.0 1 998
565.8234465934352 475.01056298864944 0 0 10.0 1 999
261.19117446284054 370.06490432628567 0 0 11.0 1 1000
636.2218066580663 116.52115059638203 0 0 11.0 1 1001
670.9050653831473 441.06635544764896 0 0 10.0 1 1002
91.59294170108342 380.8666157878783 0 0 11.0 1 1003
98.19390552500147 493.6433731651539 0 0 10.0 1 1004
219.36207867486814 717.1670559489676 0 0 13.0 1 1005
495.24650197971783 495.67185511229314 0 0 10.0 1 1006
486.5014887799745 301.6206706729104 0 0 13.0 1 1007
638.8106703212952 248.14986420587692 0 0 13.0 1 1008
477.723438816924 137.25474874230008 0 0 12.0 1 1009
349.5103480253265 137.8172487681992 0 0 12.0 1 1010
627.4863969564002 373.7142776436501 0 0 12.0 1 1011
255.39341847116893 356.5265991835751 0 0 13.0 1 1012
462.2235793540273 76.93773638449653 0 0 11.0 1 1013
678.5413962217228 288.57876956857297 0 0 12.0 1 1014
389.6146116579678 139.2067030980566 0 0 12.0 1 1015
201.17324950976652 238.7426798886499 0 0 13.0 1 1016
523.0482940188948 453.0576793597272 0 0 10.0 1 1017
623.1230782752657 419.8013115972071 0 0 12.0 1 1018
119.03817077752888 310.0808667748461 0 0 12.0 1 1019
363.9979295312232 578.4036180181367 0 0 13.0 1 1020
433.45641278766243 98.85274624632297 0 0 10.0 1 1021
246.60424581997978 571.3760269102502 0 0 13.0 1 1022
447.7942144552383 248.35332821124396 0 0 11.0 1 1023
261.1572639785769 214.13258850975134 0 0 13.0 1 1024
332.68046403376866 50.42299835759894 0 0 11.0 1 1025
348.5444557843514 220.2186690185229 0 0 10.0 1 1026
581.0769885669965 491.76123479720513 0 0 10.0 1 1027
658.0798124663712 212.50117227747086 0 0 11.0 1 1028
703.5335637164503 195.4923578503934 0 0 11.0 1 1029
585.4384320570223 279.77692436044936 0 0 11.0 1 1030
178.25753730241195 113.8631791663143 0 0 12.0 1 1031
384.54593666944737 583.3498620849639 0 0 12.0 1 1032
245.59169464810645 671.112661523501 0 0 10.0 1 1033
596.6766300555846 329.2942492439356 0 0 10.0 1 1034
238.22795286981167 216.00324794358968 0 0 13.0 1 1035
293.6614736208836 748.1208379392391 0 0 10.0 1 1036
506.8614960856813 557.1006704451954 0 0 10.0 1 1037
714.8777190352205 559.5651028739578 0 0 10.0 1 1038
563.1056104250063 130.51612321349148 0 0 10.0 1 1039
220.5899243623284 254.4904650557739 0 0 13.0 1 1040
40.194827702859925 351.9454685984209 0 0 11.0 1 1041
40.126915852113996 390.44158455137193 0 0 10.0 1 1042
83.79375130856943 422.41892701476024 0 0 11.0 1 1043
658.2872254024564 621.1056516552678 0 0 11.0 1 1044
227.84555436854282 572.9128302044867 0 0 13.0 1 1045
522.2594558940195 687.0481239173987 0 0 12.0 1 1046
655.2278105376319 303.1095219943327 0 0 11.0 1 1047
96.46629534346812 446.0031535601778 0 0 13.0 1 1048
646.5546423011453 207.17933627395053 0 0 13.0 1 1049
549.2967424671781 362.23119423798124 0 0 12.0 1 1050
234.1043845007899 380.82593527344176 0 0 11.0 1 1051
245.21344472365465 426.27017901885876 0 0 11.0 1 1052
213.1201976075244 476.6807632835594 0 0 12.0 1 1053
140.16266892199627 409.19572608660576 0 0 11.0 1 1054
524.6270583103383 370.80931078388977 0 0 10.0 1 1055
148.35489861651178 413.3694782880237 0 0 12.0 1 1056
371.31155856271766 556.3904515240608 0 0 10.0 1 1057
232.93945095204785 670.5822849925634 0 0 11.0 1 1058
522.3552284830578 132.6702447110335 0 0 10.0 1 1059
451.654804420481 600.4514434477384 0 0 12.0 1 1060
636.5440351612551 328.89501121840397 0 0 12.0 1 1061
121.5530596097633 318.9611118825292 0 0 10.0 1 1062
430.9810321577421 767.6971248819345 0 0 13.0 1 1063
269.7583106760197 360.8451489335511 0 0 10.0 1 1064
246.0256704775573 736.4400479255023 0 0 12.0 1 1065
254.038443636891 218.38440577951752 0 0 12.0 1 1066
318.84777579547756 142.48433735662036 0 0 11.0 1 1067
685.0210538009763 327.8959162725096 0 0 13.0 1 1068
665.4952589022274 428.30666883331935 0 0 11.0 1 1069
91.19332575729555 410.9287667721584 0 0 10.0 1 1070
729.3673340459352 480.238140952251 0 0 11.0 1 1071
635.769226580531 389.56583507805993 0 0 13.0 1 1072
256.4029832060573 539.2116976689823 0 0 13.0 1 1073
111.11908086539432 290.3240474855795 0 0 12.0 1 1074
521.4343638021701 653.4061863648207 0 0 13.0 1 1075
579.6061446423898 195.7314688781041 0 0 10.0 1 1076
709.3281893664052 520.5822178569517 0 0 11.0 1 1077
382.1172664980743 238.99003806441323 0 0 13.0 1 1078
523.9040826357694 427.87074283524606 0 0 10.0 1 1079
226.21667279188628 234.47249417550663 0 0 11.0 1 1080
742.5163948469169 418.20767039109796 0 0 13.0 1 1081
717.3741824379208 448.1105843018077 0 0 13.0 1 1082
276.4043895454987 670.0613357672275 0 0 12.0 1 1083
542.8149722168328 361.16852165181854 0 0 13.0 1 1084
318.5472120021275 141.53057564312633 0 0 11.0 1 1085
504.4033780593221 160.79102305765727 0 0 12.0 1 1086
645.1164286751161 301.9493172203442 0 0 12.0 1 1087
396.4683852386662 665.9765547885331 0 0 13.0 1 1088
386.52018025155735 676.6718172484316 0 0 12.0 1 1089
620.6567379716561 182.26023792676745 0 0 11.0 1 1090
595.4112691816468 317.79029329320076 0 0 11.0 1 1091
229.19940176454588 473.64207793382116 0 0 12.0 1 1092
234.00000007542062 399.99499603734233 0 0 13.0 1 1093
445.0888815615456 256.9371020860792 0 0 11.0 1 1094
629.4189665358257 656.3258430077499 0 0 12.0 1 1095
404.29190018867047 723.971572198504 0 0 11.0 1 1096
368.70577008722455 589.4324976717731 0 0 13.0 1 1097
428.86273407661776 90.34221698522987 0 0 10.0 1 1098
217.70466565809133 173.17537374180085 0 0 13.0 1 1099
294.757332751063 269.0497003045448 0 0 13.0 1 1100
189.49509912759424 573.8294759489846 0 0 12.0 1 1101
615.6218847095948 460.68939639082106 0 0 12.0 1 1102
125.99798331346477 544.9927406862553 0 0 12.0 1 1103
574.9326056470046 309.4042855232679 0 0 12.0 1 1104
479.9363154189701 280.22443706148186 0 0 13.0 1 1105
93.3027642924348 328.1542930347387 0 0 12.0 1 1106
126.07731616039007 296.00306120800906 0 0 12.0 1 1107
258.8240833392188 607.533998552016 0 0 13.0 1 1108
478.9294019703448 189.29843497353008 0 0 13.0 1 1109
255.70373898636782 308.2416812627556 -14 5 13.0 1 1110
503.5452666227753 536.0859205061948 12 2 13.0 1 1111
656.6376486170777 413.642481896537 -5 -13 13.0 1 1112
273.1169236004558 461.4954057095929 -8 -10 10.0 1 1113
672.1889640439024 368.5489610234067 0 -1 11.0 1 1114
470.86952611904564 696.6521705089344 2 -12 13.0 1 1115
358.2059284481214 132.24216989391988 22 17 12.0 1 1116
392.3324731102967 53.08472355430115 -5 6 10.0 1 1117
722.174022038658 434.34966555054484 -9 -9 10.0 1 1118
609.4694766549349 119.60289168768571 -10 22 13.0 1 1119
84.77103812439128 236.7342608051951 -9 -13 11.0 1 1120
50.97702121420127 437.201616624656 1 -17 10.0 1 1121
298.4279352754973 241.80039296002838 1 6 12.0 1 1122
718.3628870561074 448.2604615114707 -9 -3 12.0 1 1123
369.0072139214569 703.4212372446755 20 9 12.0 1 1124
628.8588015316577 207.58209812625714 -2 1 13.0 1 1125
555.5269684918966 545.5347452387938 -16 -6 13.0 1 1126
558.5876183655078 297.18479051640236 16 12 10.0 1 1127
630.0912824171526 321.8526919489216 -15 18 13.0 1 1128
682.2512576065419 498.66725687646084 -6 18 12.0 1 1129
601.443343964643 425.09141630802293 12 -5 11.0 1 1130
31.92395657054294 426.0964797111878 1 -16 12.0 1 1131
632.8683407757172 528.5625756756781 -13 1 10.0 1 1132
342.89185432078125 103.44872332582833 15 13 13.0 1 1133
699.0105042964037 365.44977105126065 9 -15 12.0 1 1134
761.5940982189069 358.21832778291986 -14 6 12.0 1 1135
346.3021719674599 166.08432445732126 12 0 11.0 1 1136
540.7297429359318 250.93578748342523 -13 18 12.0 1 1137
381.2639875436611 74.53884742225239 -2 11 10.0 1 1138
513.1769019541971 505.90556578409877 -16 6 11.0 1 1139
585.2595479539759 312.2281372426874 14 -10 13.0 1 1140
740.0 400.0 -1 -5 13.0 1 1141
644.1031842101028 513.0249329063664 -15 19 10.0 1 1142
347.9344989446103 535.3299065242093 8 16 11.0 1 1143
174.17380292956764 304.9866918968388 -8 17 11.0 1 1144
538.6657743070335 140.75532206845435 16 -5 10.0 1 1145
398.95825371908825 163.0022895370375 7 4 11.0 1 1146
151.20705014105494 232.3632853445151 5 -6 10.0 1 1147
631.8804752620283 650.0248891455726 -13 15 10.0 1 1148
173.3388535338786 493.0038960617428 17 -10 13.0 1 1149
404.3147174710814 205.04774119506914 -7 -17 11.0 1 1150
541.1820943648753 563.4735949037258 11 20 11.0 1 1151
548.478026449917 471.96718461589114 9 7 11.0 1 1152
541.2232649559476 463.8826223254982 4 0 12.0 1 1153
82.61285549935451 590.172028715388 -12 8 12.0 1 1154
673.7266651423597 626.0502439504158 -5 -5 11.0 1 1155
720.9875107750961 397.16840567744265 9 -7 10.0 1 1156
370.68271934713914 85.36291214301929 13 22 11.0 1 1157
78.97380480104437 531.72388544255 8 14 12.0 1 1158
724.4564469431118 263.50086433588046 17 17 12.0 1 1159
131.83016676083605 629.5516075754622 -3 5 10.0 1 1160
201.06130247223194 564.2784058418976 3 -13 13.0 1 1161
145.70573422915325 318.6155641657082 -7 -4 13.0 1 1162
526.5465247135235 242.5516685292296 2 -9 13.0 1 1163
367.711487402349 269.94827200597706 10 -11 12.0 1 1164
143.7563967935502 292.1889810094742 -3 17 12.0 1 1165
725.7733945406204 550.8399662207642 -8 -7 13.0 1 1166
573.2052771412007 704.1380146749825 17 -6 10.0 1 1167
685.4397220540343 338.45192875714406 -8 8 12.0 1 1168
367.713880800014 53.50092856256555 -17 13 10.0 1 1169
755.7768889954643 412.6017957731832 7 21 13.0 1 1170
168.967209689343 517.0677145983127 -7 -1 10.0 1 1171
714.9336479549082 229.7625264936831 1 -9 10.0 1 1172
243.59500551269767 251.02524475795596 -3 4 11.0 1 1173
300.10447587903855 261.21280945058936 -6 17 13.0 1 1174
