400 400 -7.071067811865475 -7.071067811865477 5 2 -1 10 187
57.15728752538104 57.15728752538092
800.0 400.0 0 0 24.0 1 0
799.4518139018296 420.9343824971775 0 0 24.0 1 1
797.8087581473094 441.8113853070614 0 0 24.0 1 2
795.0753362380551 462.57378601609236 0 0 24.0 1 3
791.2590402935223 483.16467632710373 0 0 24.0 1 4
786.3703305156273 503.5276180410083 0 0 24.0 1 5
780.4226065180615 523.6067977499789 0 0 24.0 1 6
773.4321705988807 543.3471798181201 0 0 24.0 1 7
765.4181830570403 562.6946572303201 0 0 24.0 1 8
756.4026096753471 581.5961998958187 0 0 24.0 1 9
746.4101615137755 600.0 0 0 24.0 1 10
735.4682271781696 617.8556140060108 0 0 24.0 1 11
723.606797749979 635.1141009169893 0 0 24.0 1 12
710.8583845827884 651.728156419935 0 0 24.0 1 13
697.2579301909577 667.6522425435433 0 0 24.0 1 14
682.842712474619 682.842712474619 0 0 24.0 1 15
667.6522425435433 697.2579301909577 0 0 24.0 1 16
651.728156419935 710.8583845827884 0 0 24.0 1 17
635.1141009169893 723.606797749979 0 0 24.0 1 18
617.8556140060108 735.4682271781696 0 0 24.0 1 19
600.0 746.4101615137754 0 0 24.0 1 20
581.5961998958187 756.4026096753471 0 0 24.0 1 21
562.6946572303201 765.4181830570403 0 0 24.0 1 22
543.3471798181201 773.4321705988807 0 0 24.0 1 23
523.606797749979 780.4226065180615 0 0 24.0 1 24
503.5276180410083 786.3703305156273 0 0 24.0 1 25
483.1646763271038 791.2590402935223 0 0 24.0 1 26
462.57378601609236 795.0753362380551 0 0 24.0 1 27
441.8113853070614 797.8087581473094 0 0 24.0 1 28
420.9343824971776 799.4518139018296 0 0 24.0 1 29
400.0 800.0 0 0 24.0 1 30
379.0656175028225 799.4518139018296 0 0 24.0 1 31
358.1886146929386 797.8087581473094 0 0 24.0 1 32
337.4262139839077 795.0753362380551 0 0 24.0 1 33
316.83532367289627 791.2590402935223 0 0 24.0 1 34
296.47238195899166 786.3703305156273 0 0 24.0 1 35
276.3932022500211 780.4226065180615 0 0 24.0 1 36
256.65282018187986 773.4321705988807 0 0 24.0 1 37
237.3053427696799 765.4181830570403 0 0 24.0 1 38
218.4038001041813 756.4026096753471 0 0 24.0 1 39
200.00000000000009 746.4101615137755 0 0 24.0 1 40
182.14438599398918 735.4682271781696 0 0 24.0 1 41
164.8858990830108 723.606797749979 0 0 24.0 1 42
148.27184358006508 710.8583845827884 0 0 24.0 1 43
132.3477574564567 697.2579301909577 0 0 24.0 1 44
117.15728752538104 682.842712474619 0 0 24.0 1 45
102.74206980904233 667.6522425435434 0 0 24.0 1 46
89.14161541721165 651.728156419935 0 0 24.0 1 47
76.39320225002109 635.1141009169893 0 0 24.0 1 48
64.53177282183043 617.8556140060109 0 0 24.0 1 49
53.589838486224494 600.0 0 0 24.0 1 50
43.597390324652906 581.5961998958187 0 0 24.0 1 51
34.58181694295968 562.6946572303202 0 0 24.0 1 52
26.567829401119297 543.3471798181201 0 0 24.0 1 53
19.5773934819386 523.606797749979 0 0 24.0 1 54
13.629669484372698 503.5276180410084 0 0 24.0 1 55
8.740959706477724 483.16467632710373 0 0 24.0 1 56
4.924663761944942 462.5737860160924 0 0 24.0 1 57
2.1912418526906663 441.81138530706147 0 0 24.0 1 58
0.5481860981704472 420.9343824971775 0 0 24.0 1 59
0.0 400.00000000000006 0 0 24.0 1 60
0.5481860981704472 379.0656175028226 0 0 24.0 1 61
2.1912418526906663 358.1886146929386 0 0 24.0 1 62
4.924663761944885 337.4262139839077 0 0 24.0 1 63
8.740959706477781 316.8353236728962 0 0 24.0 1 64
13.629669484372698 296.47238195899166 0 0 24.0 1 65
19.577393481938543 276.3932022500211 0 0 24.0 1 66
26.567829401119297 256.65282018187986 0 0 24.0 1 67
34.58181694295968 237.30534276967992 0 0 24.0 1 68
43.59739032465285 218.40380010418136 0 0 24.0 1 69
218.40380010418124 43.597390324652906 0 0 24.0 1 70
237.30534276967995 34.58181694295962 0 0 24.0 1 71
256.65282018187975 26.567829401119354 0 0 24.0 1 72
276.393202250021 19.5773934819386 0 0 24.0 1 73
296.4723819589917 13.629669484372698 0 0 24.0 1 74
316.8353236728961 8.740959706477781 0 0 24.0 1 75
337.4262139839076 4.924663761944942 0 0 24.0 1 76
358.18861469293864 2.1912418526906663 0 0 24.0 1 77
379.0656175028223 0.5481860981704472 0 0 24.0 1 78
399.99999999999994 0.0 0 0 24.0 1 79
420.9343824971776 0.5481860981704472 0 0 24.0 1 80
441.8113853070612 2.1912418526906663 0 0 24.0 1 81
462.5737860160923 4.924663761944885 0 0 24.0 1 82
483.1646763271038 8.740959706477781 0 0 24.0 1 83
503.5276180410081 13.629669484372641 0 0 24.0 1 84
523.6067977499789 19.577393481938543 0 0 24.0 1 85
543.3471798181201 26.567829401119297 0 0 24.0 1 86
562.6946572303199 34.58181694295956 0 0 24.0 1 87
581.5961998958187 43.59739032465279 0 0 24.0 1 88
600.0 53.58983848622455 0 0 24.0 1 89
617.8556140060107 64.53177282183032 0 0 24.0 1 90
635.1141009169892 76.39320225002098 0 0 24.0 1 91
651.728156419935 89.14161541721171 0 0 24.0 1 92
667.6522425435431 102.74206980904216 0 0 24.0 1 93
682.842712474619 117.15728752538092 0 0 24.0 1 94
697.2579301909577 132.34775745645675 0 0 24.0 1 95
710.8583845827882 148.27184358006485 0 0 24.0 1 96
723.6067977499789 164.88589908301066 0 0 24.0 1 97
735.4682271781696 182.1443859939892 0 0 24.0 1 98
746.4101615137754 199.99999999999983 0 0 24.0 1 99
756.4026096753471 218.40380010418122 0 0 24.0 1 100
765.4181830570403 237.30534276967995 0 0 24.0 1 101
773.4321705988806 256.6528201818797 0 0 24.0 1 102
780.4226065180615 276.3932022500209 0 0 24.0 1 103
786.3703305156273 296.4723819589917 0 0 24.0 1 104
791.2590402935223 316.83532367289604 0 0 24.0 1 105
795.0753362380551 337.4262139839076 0 0 24.0 1 106
797.8087581473094 358.18861469293864 0 0 24.0 1 107
799.4518139018296 379.06561750282225 0 0 24.0 1 108
800.0 399.9999999999999 0 0 24.0 1 109
366.34023201688433 225.21149917879947 0 0 12.0 1 110
323.2907457386426 534.6873799235341 0 0 12.0 1 111
717.7083133717429 477.39785277695006 0 0 12.0 1 112
318.31836841677693 570.437997705625 0 0 12.0 1 113
367.26249239306196 622.6056054902609 0 0 13.0 1 114
593.3561048782158 264.687706743532 0 0 11.0 1 115
689.4278495285084 342.9340739380927 0 0 10.0 1 116
517.3789393658957 311.50601945139215 0 0 12.0 1 117
111.65510969521495 237.46316037549676 0 0 10.0 1 118
556.9928570827162 479.5565385433897 0 0 10.0 1 119
388.9779594990693 123.21937455234365 0 0 12.0 1 120
461.3050015972102 678.3283973639162 0 0 10.0 1 121
158.70155571328544 642.3614259423543 0 0 13.0 1 122
499.4158056987688 319.3743367328699 0 0 12.0 1 123
254.57501601422848 277.72337086451023 0 0 13.0 1 124
588.5071659907007 570.2382106642171 0 0 10.0 1 125
338.1985538814767 528.9557337137798 0 0 12.0 1 126
493.76730334476326 706.9994997120535 0 0 13.0 1 127
122.56767284989473 305.76463587337844 0 0 10.0 1 128
292.22505287732463 285.83537862934713 0 0 10.0 1 129
118.27613064526929 387.52356478000996 0 0 11.0 1 130
394.6282474092937 265.10691539554654 0 0 12.0 1 131
384.65617310637236 261.8494771046509 0 0 12.0 1 132
591.9324651288713 394.90796410513485 0 0 12.0 1 133
616.0 400.0 0 0 12.0 1 134
228.84714739365936 726.9062572737209 0 0 13.0 1 135
668.564758187397 475.5908106832102 0 0 11.0 1 136
569.6314021998991 640.1274398891057 0 0 10.0 1 137
151.1726866123561 300.4562000309047 0 0 10.0 1 138
532.1355676408472 432.18993265341044 0 0 11.0 1 139
308.58345368302287 604.4969805632248 0 0 13.0 1 140
203.2532701200528 172.2024489123136 0 0 11.0 1 141
531.0904221915564 230.85124532045916 0 0 11.0 1 142
450.3354979692072 211.6085520938067 0 0 10.0 1 143
265.5439082247669 112.92760602152964 0 0 11.0 1 144
185.85316682505083 564.441885908489 0 0 13.0 1 145
568.047560878189 417.91695517914224 0 0 12.0 1 146
207.28293768355235 377.7259367847168 0 0 10.0 1 147
456.36964860922245 132.8830542334074 0 0 11.0 1 148
595.4579985674225 156.8124781243546 0 0 11.0 1 149
441.98189624128486 74.69780143997491 0 0 12.0 1 150
140.30590870013583 365.3160131481716 0 0 10.0 1 151
499.3704244588315 511.02485641905446 0 0 13.0 1 152
464.47696576651595 544.2453496149651 0 0 13.0 1 153
265.584571795273 693.7030688646952 0 0 12.0 1 154
178.91450066917176 259.4112309405963 0 0 12.0 1 155
175.03513559353595 403.97615173015845 0 0 13.0 1 156
339.36620251325684 135.87021636639196 0 0 11.0 1 157
541.9228901083804 593.5404176477994 0 0 12.0 1 158
67.81771291271224 280.5683118035304 0 0 12.0 1 159
303.293410332009 193.52521821106865 0 0 11.0 1 160
416.08555610175335 186.6054009940801 0 0 10.0 1 161
425.4813248527775 61.959023070061505 0 0 13.0 1 162
256.2739529974542 291.635691240049 0 0 11.0 1 163
260.7667656886006 311.461271393887 0 0 10.0 1 164
419.6060408134479 592.0015707321725 0 0 10.0 1 165
353.08338804832516 536.142688099567 0 0 11.0 1 166
136.20851338186355 581.1464920659341 0 0 11.0 1 167
548.9203052269331 560.5731692753092 0 0 11.0 1 168
492.73981137908277 76.01184067103293 0 0 11.0 1 169
584.2835858282365 552.1859388849279 0 0 12.0 1 170
117.24850028118499 594.1663961831731 0 0 12.0 1 171
548.4308393627565 534.045835168675 0 0 11.0 1 172
250.16217749929396 183.85739210362314 0 0 13.0 1 173
580.247216411896 273.86142154058064 0 0 11.0 1 174
235.00000007496627 399.99502618169566 0 0 11.0 1 175
735.4329408678157 315.1428130281916 0 0 10.0 1 176
654.0244628042873 581.1506894742421 0 0 11.0 1 177
291.5260861204204 197.18626770446346 0 0 12.0 1 178
749.6577512846858 384.5256028700041 0 0 11.0 1 179
628.1896209557078 447.1009223698473 0 0 13.0 1 180
534.5294305698161 267.248983768255 0 0 13.0 1 181
347.216354102467 537.1965259245432 0 0 11.0 1 182
281.8142984206115 658.2404692184937 0 0 13.0 1 183
274.0665545700887 357.2242203793834 0 0 11.0 1 184
502.3653788390812 623.6902528389008 0 0 10.0 1 185
266.72988437358197 557.0830235287098 0 0 12.0 1 186
210.16784594770647 428.7707019008278 0 0 12.0 1 187
667.6690489872856 226.46533425784318 0 0 13.0 1 188
546.5614835112921 679.9566601296874 0 0 11.0 1 189
479.3101698747814 551.4955344372675 0 0 11.0 1 190
201.33557275749524 541.6631404014734 0 0 10.0 1 191
261.19117446284054 370.06490432628567 0 0 12.0 1 192
372.3353335782223 268.8868190006368 0 0 12.0 1 193
361.02138238129453 682.3219215160855 0 0 11.0 1 194
251.03632555251286 316.0308169915708 0 0 10.0 1 195
216.55048236642415 313.07891809228136 0 0 13.0 1 196
411.67301264587223 197.33589174259467 0 0 10.0 1 197
591.0003369845531 482.35818885689 0 0 13.0 1 198
435.5255066046526 615.0858860559724 0 0 13.0 1 199
320.93210105604294 572.7665110968795 0 0 13.0 1 200
511.1286817833917 278.0351850528782 0 0 13.0 1 201
486.9689600706015 590.0457839159767 0 0 12.0 1 202
659.5123635382624 259.7205176414428 0 0 10.0 1 203
372.7255990038978 38.026096175009 0 0 10.0 1 204
47.720908451420314 443.86845857455455 0 0 10.0 1 205
543.4840356640309 306.97671522912594 0 0 13.0 1 206
694.029034786246 358.09622090230334 0 0 13.0 1 207
541.5616979062306 465.546057744956 0 0 11.0 1 208
564.6497678686983 714.5082732469589 0 0 12.0 1 209
274.76620540999465 639.1997004441861 0 0 11.0 1 210
662.5370198172527 179.26642025854918 0 0 10.0 1 211
149.62849078375686 417.7512639769868 0 0 12.0 1 212
677.5913208487709 613.1737755668711 0 0 10.0 1 213
477.55356596848105 601.5972331297542 0 0 10.0 1 214
358.47900147862816 588.4807859750915 0 0 11.0 1 215
266.1144932027912 206.86877241198266 0 0 10.0 1 216
252.93808638798228 166.4431684476529 0 0 11.0 1 217
491.0022997843864 603.586790912261 0 0 12.0 1 218
305.7733741807718 134.20808329310847 0 0 11.0 1 219
563.5147241360726 486.5328549783497 0 0 11.0 1 220
599.4955489721845 643.7755646907351 0 0 13.0 1 221
459.9880630865686 534.2029518569612 0 0 10.0 1 222
336.0023496018638 253.3565523334986 0 0 10.0 1 223
175.59786352045927 458.8870201607924 0 0 13.0 1 224
556.1473663958924 643.1851146094821 0 0 11.0 1 225
379.1949800331451 38.59835204556862 0 0 12.0 1 226
632.025853783459 362.73066708328537 0 0 10.0 1 227
533.9647853952059 416.68640986001526 0 0 10.0 1 228
254.005719346383 398.70770884360104 0 0 11.0 1 229
392.8185987344277 75.07935203212645 0 0 10.0 1 230
312.3723472623145 278.2568503952538 0 0 11.0 1 231
139.3206858990073 643.9165742622587 0 0 13.0 1 232
612.3589931449931 426.4510497040242 0 0 11.0 1 233
542.8714468073362 339.8938465115383 0 0 11.0 1 234
482.81867506166157 219.05230849488322 0 0 12.0 1 235
475.4599498578622 672.7540943183968 0 0 11.0 1 236
488.18096917626804 241.93318920426697 0 0 13.0 1 237
479.3241516232957 504.2529566450966 0 0 12.0 1 238
639.0275609902639 453.7663936585456 0 0 10.0 1 239
244.75668419232952 350.3158687603387 0 0 13.0 1 240
616.4818457962244 488.8347366780569 0 0 11.0 1 241
477.0527629670439 513.2778518473251 0 0 12.0 1 242
142.02162782796415 472.6027512665089 0 0 12.0 1 243
468.36372402218365 515.2493003788687 0 0 10.0 1 244
255.78633330632488 738.565234982515 0 0 12.0 1 245
240.00659921489026 270.23825022289793 0 0 11.0 1 246
357.07808871105675 153.71214091777873 0 0 11.0 1 247
635.4648869610955 150.59012247226758 0 0 13.0 1 248
321.2262008033414 616.0895382940241 0 0 11.0 1 249
630.1483301484607 447.5052221326786 0 0 13.0 1 250
218.06416301412432 395.16768996763807 0 0 10.0 1 251
468.56459952825554 195.1710574856914 0 0 13.0 1 252
408.6809519257043 182.1729101473749 0 0 13.0 1 253
523.5156516469905 366.4160187258971 0 0 11.0 1 254
471.1998439602687 723.2515772893203 0 0 13.0 1 255
199.45673245576862 574.7523900914744 0 0 12.0 1 256
123.98852613006551 611.9473196153858 0 0 11.0 1 257
495.0831204025203 612.7162434195372 0 0 11.0 1 258
570.6721863162184 389.41676712709875 0 0 13.0 1 259
654.6032897840171 228.45943677614966 0 0 13.0 1 260
553.6008897025263 577.8532166776647 0 0 13.0 1 261
478.40816672049584 556.451779764664 0 0 13.0 1 262
229.88583340306207 232.12453924700833 0 0 12.0 1 263
274.0297626382388 483.26163161397665 0 0 12.0 1 264
564.9935803049559 398.54450759120886 0 0 12.0 1 265
440.9483024960415 277.6716037761768 0 0 11.0 1 266
302.4451069138687 191.71403591467453 0 0 13.0 1 267
656.9597303224566 404.5493947520913 0 0 11.0 1 268
632.682770277175 237.1665623523859 0 0 11.0 1 269
437.34296551565757 603.6037890769629 0 0 11.0 1 270
84.99947411390662 343.65580161645215 0 0 12.0 1 271
117.66330880695494 292.8086159891424 0 0 12.0 1 272
525.5860401804555 478.30802329131427 0 0 12.0 1 273
89.90646967990784 263.02189060429373 0 0 11.0 1 274
723.1683863042094 434.455683036812 0 0 10.0 1 275
252.98519860479277 528.1079551422463 0 0 11.0 1 276
273.97124347528865 368.1134428193474 0 0 13.0 1 277
240.65888073687643 438.8124685117429 0 0 11.0 1 278
251.00000006769682 399.9955084913494 0 0 13.0 1 279
268.3521197602489 289.30747257208293 0 0 13.0 1 280
689.6516978541756 495.53477864209094 0 0 13.0 1 281
574.3436022851854 148.52374199096832 0 0 12.0 1 282
469.17822446459434 589.7850712251261 0 0 12.0 1 283
270.16218699729154 683.7007971696128 0 0 13.0 1 284
312.2450889972954 547.929292551906 0 0 12.0 1 285
52.93807554972841 528.2498366348821 0 0 12.0 1 286
418.975833365211 70.54603091160709 0 0 10.0 1 287
674.0489279979593 526.8904451216456 0 0 10.0 1 288
720.8188331134431 303.5620597496572 0 0 10.0 1 289
517.0988986009115 198.56304225278464 0 0 11.0 1 290
359.9023667767955 143.11056890191577 0 0 12.0 1 291
619.3102968459602 677.8830575931839 0 0 13.0 1 292
173.8663396235572 686.5110253458872 0 0 12.0 1 293
153.08285592513843 164.81300214103234 0 0 11.0 1 294
277.84430778780086 139.18974931924458 0 0 11.0 1 295
682.1490737847814 359.7893028860487 0 0 12.0 1 296
558.2544286727066 356.9705239925557 0 0 11.0 1 297
107.73365657227396 420.7215950010244 0 0 10.0 1 298
73.11528189900355 391.31777263416285 0 0 13.0 1 299
217.25454153834656 257.07310465961945 0 0 13.0 1 300
624.8920678021491 288.5344993297316 0 0 10.0 1 301
320.29904854981123 130.53987616358768 0 0 10.0 1 302
251.5011255099332 421.16800120898006 0 0 13.0 1 303
337.128793011901 126.123729885447 0 0 13.0 1 304
172.02427099630245 369.55222528274606 0 0 10.0 1 305
377.7920800609944 257.7227766225995 0 0 12.0 1 306
329.36750856273045 175.86599732891028 0 0 13.0 1 307
251.83332642343703 237.37578027471972 0 0 11.0 1 308
455.651864468123 544.6646811810735 0 0 10.0 1 309
630.5128131216434 504.2729254732325 0 0 10.0 1 310
632.8683407757172 528.5625756756781 0 0 12.0 1 311
713.8289697886868 355.2744175960612 0 0 12.0 1 312
280.17503471382594 323.80303356322395 0 0 10.0 1 313
589.0403874570202 603.8326075732234 0 0 13.0 1 314
249.83680314492048 499.2522760961311 0 0 11.0 1 315
464.7959607759318 283.8514594705387 0 0 12.0 1 316
294.31181635740177 326.03373851323545 0 0 13.0 1 317
548.8212721578321 468.9073940395691 0 0 10.0 1 318
551.3994561500117 536.7267518720485 0 0 11.0 1 319
352.6024404185418 523.1968804220387 0 0 13.0 1 320
580.1437499232441 158.85848685140974 0 0 10.0 1 321
423.8129055462164 529.8343002809619 0 0 12.0 1 322
623.2901425130248 382.18112639606227 0 0 11.0 1 323
523.8702789774351 721.9955806933574 0 0 11.0 1 324
305.96930122801353 565.1006592611063 0 0 10.0 1 325
435.0862244064783 546.8671401536036 0 0 10.0 1 326
285.7942900764811 490.9563401905829 0 0 13.0 1 327
278.42627397519266 589.3273069064394 0 0 10.0 1 328
263.61541420415716 608.327253995478 0 0 13.0 1 329
505.8992519501554 564.9283130223478 0 0 12.0 1 330
581.7358829449104 288.9096365554878 0 0 13.0 1 331
585.4105713370923 472.27669082389576 0 0 11.0 1 332
122.3504604397827 502.5998693079057 0 0 12.0 1 333
442.02319203734663 529.3446996633116 0 0 12.0 1 334
520.6766970641899 244.28829592584324 0 0 12.0 1 335
249.20095153478454 461.876061461486 0 0 11.0 1 336
478.54338589569966 57.90069200298109 0 0 11.0 1 337
158.0933921542241 585.7584266744042 0 0 10.0 1 338
484.7031394391385 645.8157402794903 0 0 13.0 1 339
75.89134905747278 232.13522589829918 0 0 11.0 1 340
214.0655731902589 395.06148535154216 0 0 12.0 1 341
198.1844304091241 560.731066912126 0 0 12.0 1 342
472.1104312472895 246.05167845887397 0 0 13.0 1 343
381.16031008068285 683.374427363769 0 0 12.0 1 344
735.1007574908265 435.7278928720173 0 0 10.0 1 345
259.98590466054014 487.2986432098039 0 0 11.0 1 346
590.970098422706 365.847086384585 0 0 10.0 1 347
570.7983782650331 473.64722657394975 0 0 12.0 1 348
276.19416790246356 341.3389742790273 0 0 10.0 1 349
731.7923868272387 361.66187219641546 0 0 13.0 1 350
226.1088630477975 406.1540628425746 0 0 11.0 1 351
273.68577312932376 328.79806119168285 0 0 12.0 1 352
230.78496322536043 335.7561572650158 0 0 12.0 1 353
401.22149264470204 124.00270299200582 0 0 10.0 1 354
473.86387492010806 686.6358804856549 0 0 13.0 1 355
607.6161474842733 548.0558519741402 0 0 10.0 1 356
289.75904515731827 562.0584211800602 0 0 11.0 1 357
451.8124856363306 191.33647579851186 0 0 10.0 1 358
546.946530969129 532.7053768169882 0 0 10.0 1 359
451.7956343077679 253.9102595434711 0 0 10.0 1 360
150.74655256257117 531.896622172658 0 0 10.0 1 361
442.68414121159645 264.56712330815503 0 0 13.0 1 362
143.3472592733329 322.8419111337625 0 0 12.0 1 363
562.3948863379148 453.56212179605757 0 0 12.0 1 364
230.16646173650983 392.4787447255379 0 0 13.0 1 365
32.23023908959476 413.0154892302728 0 0 10.0 1 366
260.6187841427021 321.4323433839259 0 0 13.0 1 367
385.8038956241765 613.5286178022766 0 0 12.0 1 368
617.3206518633341 427.0690648840247 0 0 13.0 1 369
264.9750420811128 205.225102389957 0 0 11.0 1 370
736.1907343196494 457.0682938032572 0 0 12.0 1 371
151.64490014325187 179.67355044129476 0 0 13.0 1 372
61.462294104141165 488.8381769667127 0 0 11.0 1 373
488.21966101452085 151.17618399662177 0 0 11.0 1 374
461.9864288519385 570.0549400581576 0 0 11.0 1 375
566.4932596271526 88.73002955838228 0 0 10.0 1 376
236.64159503684567 414.49246452105626 0 0 11.0 1 377
364.28896980759924 195.0885012435919 0 0 12.0 1 378
68.96171383945341 322.4522527994005 0 0 10.0 1 379
678.865827937726 249.2589969231775 0 0 10.0 1 380
631.9928958855829 528.0792577220101 0 0 13.0 1 381
502.739937323655 681.8590166709794 0 0 11.0 1 382
211.2222263774795 200.03012180299652 0 0 11.0 1 383
562.5572611456097 378.2943129839652 0 0 10.0 1 384
414.2559745456179 614.5268449163291 0 0 10.0 1 385
249.85029498917186 79.42073353823815 0 0 13.0 1 386
217.90957479839963 683.570233010978 0 0 12.0 1 387
85.00216398965989 374.85316503408643 0 0 11.0 1 388
347.41041181110484 63.07963075212797 0 0 11.0 1 389
518.4453189953108 453.57897356332103 0 0 13.0 1 390
259.7955493908273 367.156248244452 0 0 13.0 1 391
352.55255011939573 266.16151711922487 0 0 12.0 1 392
475.9530799425129 134.65658167716646 0 0 11.0 1 393
166.9299485063578 684.7847451967028 0 0 12.0 1 394
276.1187657050234 234.1614044030971 0 0 13.0 1 395
590.1928280556774 640.9889793251623 0 0 11.0 1 396
617.3648923024232 656.2196393611465 0 0 11.0 1 397
694.2285294785991 352.7393140034853 0 0 11.0 1 398
179.8233411121867 364.6271448565499 0 0 10.0 1 399
258.9720606963149 429.10533174104194 0 0 13.0 1 400
339.5192786417134 156.39564383209134 0 0 11.0 1 401
365.71821463469405 586.8816716325255 0 0 11.0 1 402
161.58712062018535 233.14587525078693 0 0 12.0 1 403
612.2202270106512 306.2632662850489 0 0 10.0 1 404
359.92943048642576 39.21841862581482 0 0 11.0 1 405
605.1303827426293 467.6574170055464 0 0 13.0 1 406
247.11893226418275 232.2013732834608 0 0 11.0 1 407
220.26255207073888 285.7045503448359 0 0 13.0 1 408
617.6709224848628 147.9913304971655 0 0 11.0 1 409
556.5885614623644 107.24750655349266 0 0 12.0 1 410
665.5140587329761 508.95542490001003 0 0 10.0 1 411
742.1061138091447 458.072428005074 0 0 12.0 1 412
467.48342745775284 268.28065055370865 0 0 12.0 1 413
611.7879245798665 154.80237561886372 0 0 11.0 1 414
154.00963670691928 397.82257791456067 0 0 10.0 1 415
514.0728951653866 317.1243426054025 0 0 13.0 1 416
405.2606333108098 569.9185856143147 0 0 13.0 1 417
631.6847037735021 485.6224155077665 0 0 10.0 1 418
353.90936427206975 199.2223784925341 0 0 13.0 1 419
266.72988437358197 557.0830235287098 0 0 10.0 1 420
745.3603982315769 275.84205489246114 0 0 12.0 1 421
84.20411254786615 546.2086094192788 0 0 10.0 1 422
379.5398146182311 44.588434608349246 0 0 13.0 1 423
209.15201888449846 624.9489900047057 0 0 10.0 1 424
456.6102821087434 37.392393957919694 0 0 13.0 1 425
531.7518707168217 300.6700218331952 0 0 11.0 1 426
595.3490664836071 498.9936473920588 0 0 10.0 1 427
293.8571910431515 224.61840431005893 0 0 13.0 1 428
203.9569129456574 472.4438266397037 0 0 13.0 1 429
175.56212530615846 359.85475865172214 0 0 11.0 1 430
371.6350269805205 252.70631953269617 0 0 12.0 1 431
546.6536531119931 599.9917649027259 0 0 12.0 1 432
144.79028035603034 287.26580377167534 0 0 10.0 1 433
185.54922668875304 528.4946139968838 0 0 13.0 1 434
380.80420809687973 66.5520706718782 0 0 11.0 1 435
537.6462662860719 277.89551450702646 0 0 11.0 1 436
520.9814561179461 364.7936472269353 0 0 12.0 1 437
605.1611200512768 503.9659310510206 0 0 13.0 1 438
613.5018147568575 546.6218779566287 0 0 12.0 1 439
97.18957185909568 410.71655770862134 0 0 11.0 1 440
491.2073089435096 156.52263596941253 0 0 13.0 1 441
173.6985454304602 323.1322456441551 0 0 10.0 1 442
624.0 400.0 0 0 10.0 1 443
554.4977275554252 463.3991496804936 0 0 13.0 1 444
339.75934414289054 255.01702382036262 0 0 10.0 1 445
438.4588053151285 632.8452711431629 0 0 13.0 1 446
510.19754133701616 534.6569785910727 0 0 13.0 1 447
505.63432539904977 184.49735663457008 0 0 11.0 1 448
167.13923692067064 566.0477793230384 0 0 10.0 1 449
376.83857217743974 220.48802752679603 0 0 11.0 1 450
565.9935413977132 398.5356864250949 0 0 10.0 1 451
172.0803800396722 393.94633688253555 0 0 12.0 1 452
529.970893857078 521.6205852230296 0 0 11.0 1 453
478.7285283669437 757.4322576673451 0 0 12.0 1 454
298.6731505765911 694.0303888817036 0 0 11.0 1 455
531.1247158588595 466.44779071521754 0 0 10.0 1 456
388.9109386402245 757.8282167719018 0 0 13.0 1 457
613.2442714617987 294.30761291026346 0 0 10.0 1 458
513.0783355588202 205.47933264753883 0 0 12.0 1 459
309.6940741425656 552.2295626842289 0 0 12.0 1 460
71.49968029404471 552.0905649706291 0 0 13.0 1 461
124.06781786142017 467.21183571545725 0 0 13.0 1 462
184.29760511500805 150.2551765483837 0 0 10.0 1 463
256.4852042138066 453.03304055442425 0 0 11.0 1 464
449.0057023109921 186.55342321553522 0 0 13.0 1 465
70.11633953110453 391.23811917209093 0 0 10.0 1 466
112.0977902212523 512.219951900337 0 0 13.0 1 467
264.04212686036874 242.58508097595094 0 0 12.0 1 468
163.3425201171459 492.2455268048078 0 0 13.0 1 469
653.4045542136685 235.71326315319325 0 0 11.0 1 470
463.83663162039204 557.5591459210234 0 0 10.0 1 471
688.3883964102333 223.7157612946238 0 0 11.0 1 472
428.4876386112769 143.57758591271067 0 0 11.0 1 473
427.32655429439114 667.6084068754113 0 0 11.0 1 474
642.4205839376091 298.0134298873198 0 0 10.0 1 475
266.6034613348745 461.7605332891781 0 0 13.0 1 476
547.6047758769727 61.8079981159982 0 0 13.0 1 477
259.6028611144785 443.5619489091064 0 0 11.0 1 478
189.5545718534179 531.2125061577659 0 0 13.0 1 479
498.6967418939637 514.2801519928825 0 0 11.0 1 480
190.72822964104807 266.9236079132362 0 0 13.0 1 481
277.8395040500068 311.2429539177216 0 0 11.0 1 482
462.7265333763967 525.1614238117312 0 0 13.0 1 483
583.9783956430717 205.12580997833152 0 0 10.0 1 484
706.349159867716 322.5003725922212 0 0 12.0 1 485
238.15862824302704 392.8326861502185 0 0 13.0 1 486
342.33166447606635 567.3420541223843 0 0 11.0 1 487
680.115930582554 478.84202834700415 0 0 11.0 1 488
318.42817018195285 156.28903065283347 0 0 13.0 1 489
233.32045716531044 389.6593036782384 0 0 12.0 1 490
390.38258036501077 272.3618190369178 0 0 13.0 1 491
601.9168806905873 543.991573684654 0 0 10.0 1 492
715.8501692626849 523.1246140165863 0 0 12.0 1 493
339.9988033238168 616.85215331517 0 0 11.0 1 494
215.19921433421055 541.9072570988071 0 0 10.0 1 495
509.8303307258168 71.89437912059827 0 0 11.0 1 496
683.0 400.0 0 0 12.0 1 497
617.4720749660568 223.63136160315292 0 0 13.0 1 498
125.16447604343358 501.5600057676229 0 0 13.0 1 499
559.3175175364196 161.2806488655923 0 0 10.0 1 500
504.46900782422836 633.7139841862727 0 0 13.0 1 501
345.2424957277322 208.6818991159682 0 0 11.0 1 502
302.25705843401073 683.6306002074311 0 0 11.0 1 503
192.87354611000444 195.59933439698503 0 0 12.0 1 504
291.03474166681747 643.7530973677725 0 0 11.0 1 505
416.2084984210394 535.030680139497 0 0 12.0 1 506
352.71952259059117 545.5113619479193 0 0 12.0 1 507
168.50750275561455 571.333661956891 0 0 13.0 1 508
208.50507657563236 625.7115289538742 0 0 10.0 1 509
591.8073185831896 698.7221996068033 0 0 13.0 1 510
565.7394937692641 211.5022010603093 0 0 13.0 1 511
264.7108727246057 606.6539427184059 0 0 13.0 1 512
569.7728128582419 188.76981272980802 0 0 11.0 1 513
387.3067475819607 81.25263711984701 0 0 12.0 1 514
272.71135770013456 260.29101123600924 0 0 10.0 1 515
174.7552047173807 548.8784141441967 0 0 11.0 1 516
338.4243774914352 216.03140835272254 0 0 10.0 1 517
300.36022519765464 241.7567844192431 0 0 13.0 1 518
478.2304521209238 570.95027452729 0 0 11.0 1 519
125.1057298602766 551.7535510106726 0 0 13.0 1 520
643.5439642924251 580.2646317410322 0 0 10.0 1 521
657.0426025430734 286.46542166421875 0 0 13.0 1 522
344.0449071448014 538.0942706399005 0 0 11.0 1 523
230.26874458165585 366.52910317734495 0 0 10.0 1 524
59.921337963615144 532.5575483612395 0 0 11.0 1 525
527.0340841904756 614.1572820473009 0 0 13.0 1 526
393.28442193037876 537.836501011854 0 0 11.0 1 527
96.83839350133906 340.21672186011324 0 0 11.0 1 528
369.0014450851381 201.40470903571182 0 0 12.0 1 529
514.6832806075901 463.3146519305031 0 0 11.0 1 530
592.9066675169743 420.56739233582005 0 0 11.0 1 531
569.7882522549833 659.3683662210913 0 0 12.0 1 532
526.1351026215773 458.4032181189031 0 0 10.0 1 533
421.53616918368374 610.9032797679822 0 0 13.0 1 534
149.263266611624 456.3922914034042 0 0 11.0 1 535
162.59593946826348 416.8318758028799 0 0 10.0 1 536
586.0378552957927 202.94438247808895 0 0 13.0 1 537
207.85827441199697 671.9752880098936 0 0 11.0 1 538
84.1461193689467 523.1150928615348 0 0 12.0 1 539
127.97849164708441 500.52014222734005 0 0 13.0 1 540
456.934501998188 255.83529390929857 0 0 10.0 1 541
349.6395587096339 197.1581257406657 0 0 13.0 1 542
210.34475499773515 477.81958650064195 0 0 13.0 1 543
268.19008276054126 487.1214423510484 0 0 11.0 1 544
269.41545405900456 389.57520449197887 0 0 13.0 1 545
247.6081073269456 259.9082049243273 0 0 13.0 1 546
644.5023522324723 441.50421367509614 0 0 13.0 1 547
461.38564705088277 289.9645405510367 0 0 12.0 1 548
592.4403944256716 607.498661666267 0 0 12.0 1 549
368.1520145853128 557.8185851698902 0 0 11.0 1 550
273.90247459009476 354.66332516054695 0 0 12.0 1 551
642.5341595019945 384.96066907535084 0 0 10.0 1 552
631.9212661449217 517.5267046663712 0 0 11.0 1 553
230.21232728207136 296.2062323979443 0 0 12.0 1 554
117.06749928938115 463.6333249299114 0 0 12.0 1 555
294.5829447266342 647.4838266584145 0 0 10.0 1 556
239.60290095584656 514.37556827496 0 0 12.0 1 557
582.9187588069133 590.3594696266468 0 0 13.0 1 558
687.4488154404073 361.61799247164583 0 0 13.0 1 559
532.2804235644714 464.11621902143025 0 0 11.0 1 560
332.6590612345184 284.1501058861785 0 0 11.0 1 561
295.9632908632144 627.3243567064204 0 0 11.0 1 562
417.71544115253005 610.2549955286943 0 0 13.0 1 563
623.5888042052247 111.49861935498876 0 0 13.0 1 564
388.75606348156845 762.8258175648054 0 0 13.0 1 565
274.3863649844938 81.90376503612748 0 0 12.0 1 566
273.97986617634865 612.4333445367488 0 0 10.0 1 567
139.16329457169627 409.23109426386196 0 0 12.0 1 568
542.948325472568 94.8200920037678 0 0 12.0 1 569
281.2043614484597 127.79310026905677 0 0 10.0 1 570
595.5590800909569 89.44300652862648 0 0 11.0 1 571
358.8210640842244 559.7788948417294 0 0 11.0 1 572
705.5239475067135 265.0514264620963 0 0 12.0 1 573
116.95787630437906 453.2086103358548 0 0 10.0 1 574
69.41687711594943 316.3591077030575 0 0 12.0 1 575
451.24340561286385 176.8070041842811 0 0 10.0 1 576
492.05432344071346 124.99817903171532 0 0 11.0 1 577
392.5058041831763 553.8175446074313 0 0 12.0 1 578
491.98919782153587 302.56290498916576 0 0 12.0 1 579
643.8358917184145 367.4414694759478 0 0 13.0 1 580
530.7531580200898 603.6359783235109 0 0 13.0 1 581
633.639707367467 340.8942715022953 0 0 12.0 1 582
96.25851007161248 518.3938651116824 0 0 10.0 1 583
478.2729763338417 526.7846251555836 0 0 12.0 1 584
237.2576103883968 312.02321542869873 0 0 10.0 1 585
592.9608900147952 537.6048506583185 0 0 12.0 1 586
211.84610117389775 306.73633957142323 0 0 12.0 1 587
292.30223740454295 504.4087732517367 0 0 12.0 1 588
190.75099261752572 549.2107667343387 0 0 10.0 1 589
448.19766105705173 205.89439609163892 0 0 12.0 1 590
709.6010109487434 288.6976459390183 0 0 11.0 1 591
169.00000010495276 399.99303665437395 0 0 11.0 1 592
595.0320845297863 207.54614578043316 0 0 11.0 1 593
47.38490636002052 431.2825148808165 0 0 12.0 1 594
352.406692007654 688.0952568758216 0 0 13.0 1 595
708.6599744413003 289.0359509665593 0 0 13.0 1 596
458.5242187632519 552.1312453710646 0 0 10.0 1 597
408.6567630959365 577.7893710340999 0 0 10.0 1 598
631.2273956295435 564.8935763162972 0 0 10.0 1 599
550.0211541812873 273.8665258620281 0 0 13.0 1 600
592.3619289178077 94.5202325799296 0 0 13.0 1 601
547.9006048905572 543.3925070322967 0 0 13.0 1 602
601.1229026428401 434.1405628617726 0 0 11.0 1 603
180.42928623057597 506.4175815116359 0 0 11.0 1 604
552.9303977823014 157.1393538793346 0 0 10.0 1 605
240.68967857643926 161.27584645050732 0 0 11.0 1 606
415.53249579724195 584.3467970275282 0 0 13.0 1 607
712.9179696125155 363.842783658296 0 0 10.0 1 608
582.6221793834312 684.417192865069 0 0 10.0 1 609
203.6492300946366 468.63217290433863 0 0 10.0 1 610
288.2632309142492 570.6777502613554 0 0 10.0 1 611
558.8286204334069 444.7042428771673 0 0 13.0 1 612
326.98940808143095 105.92780908814211 0 0 12.0 1 613
549.6240880490728 410.61283541205177 0 0 13.0 1 614
673.2367548414763 438.957358787512 0 0 11.0 1 615
691.6256725050748 513.6814282808009 0 0 13.0 1 616
355.47555092301883 206.04491902919557 0 0 11.0 1 617
184.95124873587167 151.0119790436916 0 0 11.0 1 618
172.21743452883078 503.02962131043915 0 0 12.0 1 619
168.14515073039667 408.2054171234328 0 0 11.0 1 620
182.88861499776328 248.05380392253792 0 0 13.0 1 621
274.7742152376643 315.62285362340594 0 0 11.0 1 622
279.67114659857464 184.29194025466205 0 0 13.0 1 623
186.5798202712762 638.4362113533916 0 0 11.0 1 624
191.91281035027433 624.3562379424275 0 0 13.0 1 625
335.8988789048304 183.28118154082142 0 0 11.0 1 626
211.20118278330443 465.99247394647944 0 0 12.0 1 627
220.5523223487419 654.0069506638946 0 0 12.0 1 628
444.3684141042661 701.7556028143841 0 0 13.0 1 629
609.3345120056464 350.96876420731485 0 0 13.0 1 630
346.067985741887 211.56609159160686 0 0 12.0 1 631
266.5434046000977 221.3429622313558 0 0 11.0 1 632
67.25201166356703 260.00079908064816 0 0 10.0 1 633
694.4808462587981 594.6536184783167 0 0 13.0 1 634
205.4881089232643 569.4966791112796 0 0 13.0 1 635
80.8080450420473 434.02199127212134 0 0 11.0 1 636
94.84324054784702 345.416557815938 0 0 13.0 1 637
89.46769559639392 202.53180529060856 0 0 12.0 1 638
223.02106471166383 426.8226856262926 0 0 11.0 1 639
386.06924336951903 609.537428684477 0 0 12.0 1 640
589.3978887387264 384.8857768538028 0 0 11.0 1 641
580.4959728795955 620.5588442439984 0 0 11.0 1 642
423.1085898771239 567.4126431124331 0 0 12.0 1 643
623.0256522639884 319.82170847278826 0 0 11.0 1 644
330.85152881843544 544.2861356238095 0 0 11.0 1 645
491.82167483336656 309.3921635243645 0 0 10.0 1 646
572.9051525788736 184.87257680231372 0 0 12.0 1 647
608.5050375110889 641.426281362447 0 0 11.0 1 648
318.87772761959286 536.7485902078665 0 0 12.0 1 649
316.74564531846727 586.2383215843655 0 0 13.0 1 650
603.8865056193742 184.0386774759868 0 0 11.0 1 651
286.5886587630521 749.0370577443555 0 0 12.0 1 652
504.75147150150156 87.0668933809174 0 0 10.0 1 653
216.81211266897668 198.93732833965348 0 0 13.0 1 654
371.70325759771345 96.31546899880027 0 0 13.0 1 655
550.744343337211 634.7704047614031 0 0 13.0 1 656
457.11708499974543 103.45044494868677 0 0 13.0 1 657
400.7346658660164 234.00162571258323 0 0 13.0 1 658
447.44781471811825 743.74075242612 0 0 13.0 1 659
286.911691234456 498.54458087865095 0 0 10.0 1 660
371.74721461902806 635.3099660410004 0 0 13.0 1 661
640.5692102796559 365.7150898291573 0 0 13.0 1 662
474.88298665895206 271.18409139770347 0 0 12.0 1 663
272.63865974667436 282.9184514584958 0 0 10.0 1 664
136.39720862310253 481.78978162526096 0 0 13.0 1 665
623.6107393010158 487.16786833032654 0 0 10.0 1 666
315.2496918801081 103.8895725010965 0 0 13.0 1 667
44.87093014253361 479.87079404995774 0 0 11.0 1 668
458.9388436408267 667.585897816537 0 0 10.0 1 669
48.38099419516175 431.1941461947125 0 0 11.0 1 670
479.7083027974632 198.169411473018 0 0 12.0 1 671
390.60798863770583 275.35333890324 0 0 11.0 1 672
156.90323084592546 202.83772970760708 0 0 11.0 1 673
704.8958284115283 290.3891710767232 0 0 12.0 1 674
232.9512061822629 645.5681178085607 0 0 13.0 1 675
635.0761003257263 420.86209614705746 0 0 12.0 1 676
382.9285637337861 567.1303864167393 0 0 13.0 1 677
224.0316919884189 607.4105941738303 0 0 13.0 1 678
263.434482489188 389.0977329419932 0 0 13.0 1 679
180.40240812928312 531.578484732809 0 0 13.0 1 680
269.556540602488 472.01044299551023 0 0 10.0 1 681
618.9229680376188 394.19189655741945 0 0 12.0 1 682
281.7236384427727 625.9108281972868 0 0 10.0 1 683
393.434524611359 235.13067437233465 0 0 13.0 1 684
474.5617182098033 516.1229959034897 0 0 10.0 1 685
257.69572681763816 475.30268145318416 0 0 10.0 1 686
329.85184070630197 615.8894062887431 0 0 13.0 1 687
204.2296341803353 275.50918159625326 0 0 13.0 1 688
202.53214449523472 368.27546623905823 0 0 11.0 1 689
319.2141879513223 97.60513798737298 0 0 12.0 1 690
737.3520407887825 379.0810952570724 0 0 10.0 1 691
486.3364248159314 517.7370874024112 0 0 13.0 1 692
224.0900640024592 296.69610647540384 0 0 13.0 1 693
243.34709202198113 151.21120117249984 0 0 13.0 1 694
467.21621800029516 565.9005124697835 0 0 12.0 1 695
80.03635470798145 569.3141036400788 0 0 13.0 1 696
54.35752120600881 430.6639340780885 0 0 10.0 1 697
194.37774309034774 274.3000100899727 0 0 10.0 1 698
187.2700807452429 470.15683469103004 0 0 13.0 1 699
511.5141699779691 293.7898785702389 0 0 11.0 1 700
149.32921481776904 461.05863948798583 0 0 11.0 1 701
253.6009707604322 211.08646359322958 0 0 10.0 1 702
119.97180932108029 574.5972864196078 0 0 12.0 1 703
207.7899032207064 196.39430583577828 0 0 11.0 1 704
587.3195580005333 442.13529625486024 0 0 11.0 1 705
457.8106111951216 236.9449993614226 0 0 13.0 1 706
604.1724393266636 508.04913243242584 0 0 10.0 1 707
360.1546222432604 211.15788109793218 0 0 10.0 1 708
371.0236312552138 743.7809914093073 0 0 13.0 1 709
189.13937175629363 455.33349308212394 0 0 10.0 1 710
232.36335515708942 148.79897431377424 0 0 10.0 1 711
434.3397504190199 90.9016636389652 0 0 13.0 1 712
89.43360367172852 210.14607333091317 0 0 13.0 1 713
120.39433179612422 414.8549758755819 0 0 11.0 1 714
673.2752218312967 264.55387368752247 0 0 12.0 1 715
272.45628205557955 374.8484590349991 0 0 10.0 1 716
304.5183216960959 66.3950703177938 0 0 12.0 1 717
249.1784538002256 431.12653533416983 0 0 12.0 1 718
341.6984943041877 664.6543678717605 0 0 13.0 1 719
694.9617928326581 311.3346698593863 0 0 10.0 1 720
535.9784077625611 489.88254904239557 0 0 13.0 1 721
188.88822105421573 137.31993453947382 0 0 10.0 1 722
340.7206446509272 199.58303956651184 0 0 13.0 1 723
650.8904514973149 258.58578095724084 0 0 11.0 1 724
488.52545354349917 719.9800682463172 0 0 10.0 1 725
428.5980558151966 142.58370058679094 0 0 10.0 1 726
388.87985854704374 252.41835326143618 0 0 13.0 1 727
280.28608517568057 111.88096453473338 0 0 11.0 1 728
526.6201729325119 664.2278028643859 0 0 13.0 1 729
432.2663448520559 279.2362513421838 0 0 11.0 1 730
637.4647028445365 309.8528153353864 0 0 10.0 1 731
481.54449338931573 562.7098509552505 0 0 11.0 1 732
407.8328717167323 46.08666863104855 0 0 12.0 1 733
268.198790779913 260.3846668588194 0 0 11.0 1 734
344.50814827327247 192.2846794481955 0 0 12.0 1 735
101.7979619930677 268.2747384572264 0 0 10.0 1 736
374.250625981899 614.4597158854687 0 0 12.0 1 737
198.04473225138588 445.421028484454 0 0 13.0 1 738
417.5382702314829 95.50466493345505 0 0 11.0 1 739
531.7894736103271 274.47894740119136 0 0 13.0 1 740
737.1355827483028 511.19621776374527 0 0 11.0 1 741
507.1045643004968 229.91292728134584 0 0 10.0 1 742
497.19586210049414 300.6321762815461 0 0 11.0 1 743
327.98964357322336 130.45314216765837 0 0 12.0 1 744
483.63528269549334 505.97235247197693 0 0 13.0 1 745
736.0 400.0 0 0 10.0 1 746
496.00521075826555 568.5793567055617 0 0 12.0 1 747
625.4336259939364 415.99000535415803 0 0 13.0 1 748
756.3988300439346 349.2075404876405 0 0 10.0 1 749
288.57304661477224 723.3388842364715 0 0 11.0 1 750
296.22408192788015 684.6744787090839 0 0 13.0 1 751
568.1892049722111 221.85008748019112 0 0 12.0 1 752
374.87767610145795 524.4904367489196 0 0 12.0 1 753
273.2474353617065 729.458324158937 0 0 11.0 1 754
338.5986159967473 559.5959587285502 0 0 10.0 1 755
194.41769117182912 585.6472846472002 0 0 13.0 1 756
450.1577254949824 517.7633328891892 0 0 11.0 1 757
74.24344924372338 557.8818217508697 0 0 11.0 1 758
290.2268019992663 629.0542403027976 0 0 13.0 1 759
260.66464312880083 570.251749845855 0 0 12.0 1 760
607.0905332455505 672.1718410123897 0 0 10.0 1 761
201.49828552178332 414.0737112805593 0 0 11.0 1 762
613.0803831618025 646.7240367528454 0 0 10.0 1 763
366.8072819587991 528.7914728118183 0 0 12.0 1 764
507.1291736516159 316.2184975503427 0 0 12.0 1 765
189.68397753172613 439.53695351344766 0 0 13.0 1 766
568.0533090537729 332.7758576397057 0 0 12.0 1 767
445.53217578568945 709.6705038718106 0 0 11.0 1 768
141.43194031268615 322.26610450043233 0 0 10.0 1 769
666.7893537463576 523.5291088270325 0 0 10.0 1 770
132.1833798406803 190.53817062185607 0 0 13.0 1 771
638.2348176802068 173.09655876369212 0 0 13.0 1 772
312.29777729255255 290.87475025378734 0 0 13.0 1 773
417.41079319295096 757.5763754506054 0 0 13.0 1 774
163.36376861880404 272.07699973145924 0 0 10.0 1 775
636.1255526499538 678.333834425055 0 0 11.0 1 776
437.162564716065 602.6201958930162 0 0 11.0 1 777
138.04917252590263 264.3284702465706 0 0 11.0 1 778
243.05207805100207 285.96776860952315 0 0 10.0 1 779
438.2647264620075 233.3362345655549 0 0 12.0 1 780
515.8432319196568 272.8609201763337 0 0 11.0 1 781
558.8488779252331 647.3924695335215 0 0 11.0 1 782
460.11850874872744 209.24946944810563 0 0 11.0 1 783
512.7308181493613 537.7525413173042 0 0 10.0 1 784
191.10767901480753 450.8821995733215 0 0 10.0 1 785
223.61224832842504 577.1647850455806 0 0 13.0 1 786
296.47385309850927 49.98951886017619 0 0 11.0 1 787
461.62039133382217 537.8547328598718 0 0 12.0 1 788
209.33968056614424 435.8419111290133 0 0 13.0 1 789
591.5078487458392 230.11549844455854 0 0 13.0 1 790
485.62748417728994 538.6972744990613 0 0 10.0 1 791
617.2497715021182 109.18814195037123 0 0 13.0 1 792
252.9915696343515 468.0626285227677 0 0 11.0 1 793
598.098276493667 134.8244489960685 0 0 10.0 1 794
666.9514753620833 576.456537997341 0 0 12.0 1 795
485.44183016702385 530.5208552596459 0 0 13.0 1 796
545.9753223012738 606.6402799045705 0 0 12.0 1 797
688.8646995527993 425.6356266213841 0 0 11.0 1 798
77.20208485309536 411.4239212537449 0 0 12.0 1 799
248.461666254171 532.0497383773923 0 0 10.0 1 800
486.7557899026931 50.60991296495007 0 0 10.0 1 801
139.06393914403975 338.87412867717455 0 0 10.0 1 802
559.5521601441233 302.4699626097475 0 0 10.0 1 803
154.90595955302192 510.85987253003253 0 0 12.0 1 804
505.19639381957523 175.4165662223573 0 0 13.0 1 805
664.5553994011007 482.09409630249974 0 0 12.0 1 806
564.2519009839145 655.8071793816006 0 0 12.0 1 807
211.42423362982893 193.02372034964327 0 0 13.0 1 808
228.59691815536868 591.4940822431927 0 0 10.0 1 809
510.19754133701616 534.6569785910727 0 0 10.0 1 810
176.5613602810008 315.16973252120874 0 0 12.0 1 811
520.2798361085239 712.6623754558688 0 0 10.0 1 812
420.09593111338137 219.11287068260984 0 0 11.0 1 813
218.30394006631144 111.4388421762668 0 0 11.0 1 814
475.73373556387304 565.494414701951 0 0 13.0 1 815
369.83985358065024 651.1958709214055 0 0 10.0 1 816
544.2712800687289 322.0141182820224 0 0 12.0 1 817
541.836936980787 629.743951624212 0 0 13.0 1 818
199.3803304696855 304.94344737185446 0 0 11.0 1 819
387.3067475819607 81.25263711984701 0 0 11.0 1 820
680.8276665563342 561.5915273042631 0 0 11.0 1 821
702.7583451629926 493.94883945087514 0 0 11.0 1 822
304.5163754385451 228.83085137616908 0 0 10.0 1 823
721.3290009106674 448.7100931404595 0 0 11.0 1 824
694.0419657009545 331.1282176307399 0 0 13.0 1 825
422.165291299848 663.0678617041483 0 0 12.0 1 826
726.4961204316694 329.599123989336 0 0 11.0 1 827
279.78433253031665 729.7714258313151 0 0 12.0 1 828
743.9728537144272 464.67361059623363 0 0 11.0 1 829
348.1525355251264 635.3568363730417 0 0 10.0 1 830
363.9979295312232 578.4036180181367 0 0 12.0 1 831
189.74580000748264 611.1804237743322 0 0 10.0 1 832
662.6991118715536 289.4822339083123 0 0 10.0 1 833
700.1547518474897 251.2313038862952 0 0 12.0 1 834
468.0765482287857 524.6177498643505 0 0 12.0 1 835
216.4382485624802 191.2200119523181 0 0 12.0 1 836
219.00709042257068 398.3979130184369 0 0 12.0 1 837
373.5954935110957 559.8336699105587 0 0 11.0 1 838
537.5782806373702 538.1926796066457 0 0 13.0 1 839
636.0881225397741 663.7771756533241 0 0 13.0 1 840
515.6964405384016 147.21880282199766 0 0 13.0 1 841
753.867052683426 323.6972541441307 0 0 13.0 1 842
531.1330142796975 67.95612855238443 0 0 13.0 1 843
230.10636044899758 406.0125901335499 0 0 13.0 1 844
537.9514593113763 396.3400992005657 0 0 13.0 1 845
741.1591198522533 326.43740800083316 0 0 12.0 1 846
255.0103562653505 116.97702706370387 0 0 11.0 1 847
416.76715977929365 270.0774755751119 0 0 10.0 1 848
685.6432705692498 571.1634364532986 0 0 12.0 1 849
96.3422992030932 451.5364021516465 0 0 12.0 1 850
695.7692960213385 193.01805989158913 0 0 13.0 1 851
459.14100795968113 629.502377280744 0 0 12.0 1 852
171.72886116736373 459.90231361184055 0 0 11.0 1 853
302.3446924154471 292.8158551810653 0 0 10.0 1 854
243.80478116951528 212.5458626370253 0 0 12.0 1 855
200.16788477616504 662.6159281634835 0 0 11.0 1 856
488.5026018645266 100.8156263051008 0 0 11.0 1 857
449.7906206875434 671.4717187692838 0 0 13.0 1 858
387.25013438955966 661.6895888775778 0 0 12.0 1 859
329.60341643891326 514.0189502798852 0 0 10.0 1 860
213.26532138892688 674.5071215907144 0 0 13.0 1 861
543.5801150566494 86.2967157323352 0 0 13.0 1 862
653.5635664860883 274.32375820842253 0 0 13.0 1 863
305.84273962307003 579.8427377413695 0 0 11.0 1 864
331.60251113699195 243.27481530642663 0 0 13.0 1 865
51.971388675129504 437.0956291129049 0 0 12.0 1 866
492.7320422463421 486.7742377714874 0 0 11.0 1 867
275.6982426032953 482.15882854624186 0 0 13.0 1 868
439.4220245192553 94.53330135217158 0 0 13.0 1 869
318.1437477912982 624.5452158794425 0 0 11.0 1 870
646.1175087397698 181.67187104788968 0 0 11.0 1 871
268.5449775461756 600.7973532486535 0 0 13.0 1 872
336.18186317576226 285.5961302565212 0 0 10.0 1 873
217.3422336580921 370.65480627112885 0 0 12.0 1 874
538.9385511737945 742.9228470045805 0 0 13.0 1 875
583.2404793603511 330.4376055343927 0 0 13.0 1 876
208.47925445387077 423.84961268982823 0 0 13.0 1 877
270.0489813093605 317.3638533009612 0 0 13.0 1 878
469.1586951511219 507.7082860554108 0 0 10.0 1 879
256.44230813086745 510.2369679608759 0 0 13.0 1 880
70.70885692802966 455.8868776579543 0 0 13.0 1 881
208.2724010377208 152.5944062957358 0 0 11.0 1 882
207.77683037365972 573.583562179151 0 0 12.0 1 883
633.1559188884185 289.5358995542115 0 0 12.0 1 884
351.8098255503249 618.754901857101 0 0 10.0 1 885
622.2573635667834 156.07037010575647 0 0 10.0 1 886
684.4274430886346 314.5012887929796 0 0 13.0 1 887
176.0954201160295 559.6613262721523 0 0 13.0 1 888
227.65165613235982 131.56556039494177 0 0 10.0 1 889
511.67124157106207 495.5956788038952 0 0 11.0 1 890
324.25792407577904 159.6520481995123 0 0 11.0 1 891
608.0107269693805 379.68898166831934 0 0 13.0 1 892
426.562649433754 560.8210982895574 0 0 13.0 1 893
271.62205605130276 316.7647700339264 0 0 13.0 1 894
442.37573794614184 592.3884009848824 0 0 12.0 1 895
152.4836644191744 576.498338860852 0 0 10.0 1 896
80.56787318766948 454.2136178478359 0 0 11.0 1 897
97.90607343344846 207.8977888424942 0 0 13.0 1 898
624.7139478653311 560.2486868425988 0 0 12.0 1 899
199.5623329118504 663.4117340064031 0 0 10.0 1 900
315.73165266811606 704.5568019893053 0 0 10.0 1 901
625.733206727687 492.63109294634995 0 0 13.0 1 902
355.5035168427724 669.3493326270525 0 0 10.0 1 903
177.00873571399592 398.02615802823993 0 0 10.0 1 904
270.5221271440912 455.8254461756386 0 0 12.0 1 905
102.83181011763048 335.91359799430165 0 0 11.0 1 906
189.192716367925 627.2889992227206 0 0 11.0 1 907
416.8482399272934 107.48480926394205 0 0 11.0 1 908
369.5331207004229 125.68673151714842 0 0 11.0 1 909
670.7867337961638 346.60950646411385 0 0 10.0 1 910
458.2694582683932 717.7005984147779 0 0 10.0 1 911
666.5133497631092 649.3905258786841 0 0 12.0 1 912
537.7492424140942 663.1238229699909 0 0 13.0 1 913
656.4043716478006 589.7835561894035 0 0 13.0 1 914
97.5549130334764 468.0218300974915 0 0 12.0 1 915
612.73132462815 527.4730697910452 0 0 13.0 1 916
238.8998130125258 192.11606663188027 0 0 12.0 1 917
677.1573507745293 457.20841644063 0 0 12.0 1 918
202.29818616986944 190.5770002882291 0 0 11.0 1 919
126.76037151935714 570.3646249306477 0 0 11.0 1 920
289.07059625358517 273.8307985898901 0 0 11.0 1 921
208.53259073399036 211.05230567968718 0 0 13.0 1 922
167.30287097255416 130.57831167037756 0 0 12.0 1 923
155.88507145029737 636.6598860372699 0 0 12.0 1 924
277.6435213627096 322.1932384976583 0 0 13.0 1 925
162.02433300658274 276.74586449518955 0 0 11.0 1 926
273.4281658738984 631.679888652327 0 0 11.0 1 927
510.1924736904327 316.9240182604906 0 0 13.0 1 928
268.0825857603981 404.6685993978152 0 0 13.0 1 929
330.43838395151795 506.2552660940791 0 0 10.0 1 930
694.333406300178 341.9668548522976 0 0 13.0 1 931
393.68109352683183 603.9021123504692 0 0 13.0 1 932
269.70837255049116 458.93294338957116 0 0 13.0 1 933
759.8884810199477 454.55530431731466 0 0 10.0 1 934
299.0142831743557 527.9487592640537 0 0 12.0 1 935
287.7500081137469 272.32878428738877 0 0 11.0 1 936
593.8644596570275 674.4313598732637 0 0 12.0 1 937
469.5206909223399 590.7246012806961 0 0 11.0 1 938
244.73384779819696 301.26590264530427 0 0 11.0 1 939
351.0232465864253 534.3513216349802 0 0 11.0 1 940
194.64599350212555 528.0380100410457 0 0 10.0 1 941
224.95027143224007 127.35812403749571 0 0 11.0 1 942
42.404467184314626 431.7243583113365 0 0 13.0 1 943
296.30549129422127 70.95220884457041 0 0 11.0 1 944
621.1385159399621 114.66027832096148 0 0 11.0 1 945
379.1934951653683 541.4782292671437 0 0 10.0 1 946
78.61788746844292 380.06165140354955 0 0 11.0 1 947
568.5787237893667 346.0536017370164 0 0 11.0 1 948
236.73223816414117 711.8455353939019 0 0 11.0 1 949
442.7987492990519 710.0601023324944 0 0 13.0 1 950
589.8218655199588 658.8603086039316 0 0 10.0 1 951
306.3669657730587 120.25394569099564 0 0 11.0 1 952
284.73775283599934 699.5924137535942 0 0 10.0 1 953
40.91537871032398 329.18873851392055 0 0 13.0 1 954
198.47663826459402 304.5152647023583 0 0 11.0 1 955
135.17568987113395 250.72145242945925 0 0 13.0 1 956
304.04506309066323 496.3776430647959 0 0 11.0 1 957
416.9835380579455 217.7897932742671 0 0 13.0 1 958
200.39524333803524 510.1904765300425 0 0 12.0 1 959
623.322666306366 462.8568748333504 0 0 12.0 1 960
282.181795984128 723.194787709323 0 0 12.0 1 961
618.0646186099642 370.8826149784899 0 0 12.0 1 962
562.9493867672556 493.7629849790169 0 0 12.0 1 963
704.6684924510871 494.5415766082939 0 0 10.0 1 964
624.4232602490302 200.91659973971704 0 0 10.0 1 965
572.0646009481243 151.8110133374916 0 0 11.0 1 966
491.9153374441257 638.9300540797087 0 0 10.0 1 967
392.0191680911748 563.8056968546671 0 0 13.0 1 968
419.61836515213844 139.73836289464913 0 0 11.0 1 969
276.529272150386 70.36538506357294 0 0 10.0 1 970
703.1345375290023 473.8474925578239 0 0 11.0 1 971
155.76105033854674 500.21644310326576 0 0 12.0 1 972
154.66831533193348 546.997838412435 0 0 10.0 1 973
480.99449638644535 271.3769400336546 0 0 11.0 1 974
102.34982234147111 313.37222304684155 0 0 12.0 1 975
261.619493910228 588.6977359014638 0 0 11.0 1 976
435.96619769451536 121.31122623363706 0 0 11.0 1 977
61.11205452802233 264.4272873555233 0 0 11.0 1 978
632.824782617088 633.8645347189388 0 0 11.0 1 979
541.4266318837449 658.8889873942492 0 0 13.0 1 980
668.1629134325503 629.559691277381 0 0 11.0 1 981
536.1667038067217 592.7553599109829 0 0 13.0 1 982
313.22086889633636 237.74901416357076 0 0 10.0 1 983
464.8804306730679 651.7747598860482 0 0 12.0 1 984
252.6823387823347 422.32726345428824 0 0 12.0 1 985
354.75687494497174 517.597022221037 0 0 10.0 1 986
208.88221764414064 283.166814357485 0 0 12.0 1 987
80.54260906497734 554.8288583468473 0 0 13.0 1 988
426.35696616642906 117.2256901086987 0 0 12.0 1 989
209.33968056614424 435.8419111290133 0 0 11.0 1 990
569.3290173115445 244.3475541589318 0 0 10.0 1 991
310.9819607716599 185.75764029505814 0 0 10.0 1 992
283.2013569154065 104.22630784060976 0 0 10.0 1 993
156.1526585267965 408.62983525050697 0 0 11.0 1 994
354.5933296511922 728.8802734854048 0 0 11.0 1 995
250.2417928946752 142.3636683140387 0 0 12.0 1 996
612.2554586847949 350.28460742881225 0 0 10.0 1 997
91.00351691334515 486.96075804682596 0 0 13.0 1 998
141.4582321092621 458.14769347043625 0 0 10.0 1 999
190.5940350486639 665.3170590874242 0 0 13.0 1 1000
181.48515001983287 184.3608098277471 0 0 10.0 1 1001
471.822442879157 560.6783641280624 0 0 11.0 1 1002
318.80471604938845 170.9665398589552 0 0 10.0 1 1003
81.12279895062011 363.1444624118252 0 0 10.0 1 1004
276.9157472986917 532.7074479332659 0 0 12.0 1 1005
94.34881410545313 480.20818263280347 0 0 13.0 1 1006
756.0724645135898 303.1836789832503 0 0 11.0 1 1007
531.2721721938992 708.2087227959248 0 0 13.0 1 1008
385.7992788202112 211.53424842169892 0 0 12.0 1 1009
564.6447291242857 427.9484019505688 0 0 12.0 1 1010
424.3538326026546 76.9165884209437 0 0 12.0 1 1011
170.62724031693207 265.2998251100854 0 0 10.0 1 1012
638.9589356670767 172.40688265051185 0 0 12.0 1 1013
726.6728083700314 289.05011819908617 0 0 13.0 1 1014
624.9763584673822 497.0084436054715 0 0 10.0 1 1015
407.8992519855182 43.08740311097273 0 0 12.0 1 1016
137.87581128781164 323.7116673928637 0 0 13.0 1 1017
427.2028575043589 722.8560120914547 0 0 10.0 1 1018
268.7432779966818 293.54497227024154 0 0 13.0 1 1019
361.65591049729375 560.482805310128 0 0 13.0 1 1020
616.1624750253782 529.5290870457395 0 0 10.0 1 1021
173.3575774327517 184.12454448722323 0 0 11.0 1 1022
443.8582898451655 765.3771344951097 0 0 11.0 1 1023
455.993276309193 41.34452045429117 0 0 12.0 1 1024
281.05885277944896 294.4822124101382 0 0 13.0 1 1025
632.4160834362265 416.48527100672044 0 0 10.0 1 1026
234.4130938198818 716.2751594762016 0 0 13.0 1 1027
81.80996871033062 213.14148671286284 0 0 10.0 1 1028
187.8574313038487 532.270671530006 0 0 12.0 1 1029
401.45605463806874 71.00322204481853 0 0 13.0 1 1030
516.7912704709114 477.1997353738367 0 0 13.0 1 1031
616.1572623304371 99.70674675942081 0 0 10.0 1 1032
232.5335728834882 360.7699631808732 0 0 12.0 1 1033
363.94559451728765 193.11819837093412 0 0 12.0 1 1034
618.0118116247518 656.9821978116261 0 0 12.0 1 1035
654.1223610859242 340.47836027027523 0 0 13.0 1 1036
267.84299171537293 360.269342300221 0 0 13.0 1 1037
568.5743194308596 662.5389472600637 0 0 10.0 1 1038
303.584908812186 696.7290518153649 0 0 11.0 1 1039
480.6223542777403 663.9621866683077 0 0 11.0 1 1040
206.70427005411108 673.6087732231662 0 0 12.0 1 1041
533.9947864294794 398.8179637407393 0 0 12.0 1 1042
333.98077586710576 202.75532441941385 0 0 11.0 1 1043
264.8953455387492 301.8382338030431 0 0 11.0 1 1044
347.84295014537423 715.7208294529553 0 0 13.0 1 1045
425.80276873894184 652.6860050050352 0 0 12.0 1 1046
340.99924308181556 721.6331927570308 0 0 10.0 1 1047
441.73042213985536 589.4586283810518 0 0 10.0 1 1048
563.7347377052517 420.39450094001864 0 0 11.0 1 1049
670.5983676387283 363.86797222330796 0 0 10.0 1 1050
207.00000008768782 399.99418213980164 0 0 13.0 1 1051
736.0951217563778 435.83391035828447 0 0 11.0 1 1052
705.0656654675508 554.5928192149959 0 0 10.0 1 1053
422.2491804024252 104.83737707592388 0 0 10.0 1 1054
337.18196010682686 291.93106892367393 0 0 13.0 1 1055
387.2980384924004 524.3529660838834 0 0 12.0 1 1056
463.13364984725456 644.9962086583469 0 0 11.0 1 1057
568.5787237893667 346.0536017370164 0 0 11.0 1 1058
164.5485021439781 587.519578064147 0 0 11.0 1 1059
491.079540754322 111.01294621388001 0 0 11.0 1 1060
299.47100742316763 158.05388688493633 0 0 12.0 1 1061
173.21265952397636 318.4616519678494 0 0 11.0 1 1062
614.8918302871833 288.70983297782146 0 0 12.0 1 1063
240.2052497100716 588.347120444618 0 0 11.0 1 1064
473.0781512510509 269.0054054179008 0 0 10.0 1 1065
325.30269473677754 99.13406210337973 0 0 11.0 1 1066
749.519796763168 343.8581112658852 0 0 12.0 1 1067
284.3375191469127 735.6295435787935 0 0 12.0 1 1068
452.0217808176266 286.33938975809247 0 0 10.0 1 1069
231.84718433591584 496.7503518559005 0 0 12.0 1 1070
76.15271697218492 347.97176463205545 0 0 11.0 1 1071
243.20508431158146 322.280282976186 0 0 12.0 1 1072
581.8132166877101 570.1321669692941 0 0 12.0 1 1073
253.47809951052216 355.950792550245 0 0 11.0 1 1074
517.9100136988418 691.0210107011844 0 0 12.0 1 1075
105.21243242771374 460.83822815315017 0 0 13.0 1 1076
365.9059214389959 683.960549737241 0 0 10.0 1 1077
456.44877490718204 209.17406934203544 0 0 12.0 1 1078
270.1830826196291 406.8969530850916 0 0 12.0 1 1079
705.7257524175486 328.3915905167296 0 0 13.0 1 1080
77.31627729936872 385.7096149785221 0 0 11.0 1 1081
225.68462885029263 415.4645200682003 0 0 12.0 1 1082
667.8117572305094 162.42714235606232 0 0 10.0 1 1083
88.6430797504762 496.6067710501271 0 0 10.0 1 1084
76.46940746236015 263.87889328894045 0 0 11.0 1 1085
215.8167274885095 710.4795035537097 0 0 13.0 1 1086
173.63680796898154 604.4130751530544 0 0 13.0 1 1087
665.3693738340888 459.6916696943853 0 0 10.0 1 1088
325.2164997838109 630.1552260875587 0 0 11.0 1 1089
546.959306767558 693.2353357874845 0 0 10.0 1 1090
586.8344802262837 158.92350384457964 0 0 11.0 1 1091
659.0381060809523 506.29797551220486 0 0 13.0 1 1092
580.7148204499822 444.0244667171643 0 0 11.0 1 1093
186.77239803188323 350.0501275384374 0 0 10.0 1 1094
234.6186657516705 194.22095762142757 0 0 13.0 1 1095
240.4036529348094 441.880854855736 0 0 11.0 1 1096
382.6305809207874 525.8066106405013 0 0 11.0 1 1097
429.4374934558584 645.2395440768806 0 0 12.0 1 1098
453.0174271627569 186.4838357008028 0 0 13.0 1 1099
193.05170906535744 504.86374435061214 0 0 12.0 1 1100
715.7914799446683 546.218128815671 0 0 13.0 1 1101
510.59160222659034 201.7615135324232 0 0 11.0 1 1102
501.41555949922554 253.7164250797136 0 0 11.0 1 1103
444.148229385635 584.7997127760575 0 0 11.0 1 1104
491.9703795878404 241.78985721999825 0 0 11.0 1 1105
466.01224740521764 112.48063857800406 0 0 13.0 1 1106
607.161387679466 372.33848422956544 0 0 13.0 1 1107
93.14563757966795 555.4876209336663 0 0 11.0 1 1108
298.6278333693588 731.8624471563626 0 0 11.0 1 1109
592.8947874466659 93.67402823804576 -2 -15 10.0 1 1110
473.7521682204388 150.679688587584 -7 8 13.0 1 1111
159.08921628418634 361.296068811651 -4 -2 11.0 1 1112
586.076353815879 264.8127574414367 9 19 12.0 1 1113
446.34910886472056 542.6595952168879 -15 -4 12.0 1 1114
487.70790164025885 268.57959066468146 -8 -11 13.0 1 1115
536.9417806262105 417.0572189680156 -7 13 10.0 1 1116
309.7994258891864 307.7782214979584 -15 -6 10.0 1 1117
577.8168779702867 379.4535183328095 -13 7 12.0 1 1118
427.5386952513263 726.8418887839418 -7 -14 12.0 1 1119
151.5771609464791 640.8362369673393 -14 4 11.0 1 1120
712.5586926737172 416.6151627767162 1 12 10.0 1 1121
144.54112677512137 165.16013096010425 -8 3 10.0 1 1122
217.48325638591848 251.97081942903407 21 15 10.0 1 1123
459.97044849016385 138.79596996239013 10 2 10.0 1 1124
366.3492215494685 206.91031847953852 20 -12 10.0 1 1125
305.61245037499793 559.1099948959454 0 1 13.0 1 1126
577.0333271652328 171.57013970847055 -13 18 13.0 1 1127
196.95707669338154 555.9152696021229 8 -3 12.0 1 1128
466.62721149888125 658.5533111137495 -11 -12 13.0 1 1129
720.8934490380591 284.6379856085266 21 22 13.0 1 1130
276.16907088316583 423.27876702193646 12 4 13.0 1 1131
302.02948447274343 317.6241656350385 -14 22 11.0 1 1132
436.9494333851921 651.2981085732904 14 10 12.0 1 1133
488.90889054420023 218.61860850076314 -6 16 10.0 1 1134
121.0954061604682 424.7432321091204 -17 21 12.0 1 1135
267.45264554209666 300.064026365823 13 -4 11.0 1 1136
255.27222199027804 688.7609223429802 12 -12 10.0 1 1137
250.337771087439 282.9478012298607 -6 7 13.0 1 1138
498.5587258527262 478.4995385864603 21 8 10.0 1 1139
418.831147771886 683.3749951452905 15 22 11.0 1 1140
355.82423336546714 719.9648443848969 9 -14 10.0 1 1141
358.52219651768854 268.38088353782814 -3 22 12.0 1 1142
51.416849168052806 288.4393126765887 7 -15 12.0 1 1143
417.9982904342759 87.51790204646369 -12 -10 13.0 1 1144
658.4814405921661 641.8746470165868 -9 7 11.0 1 1145
526.0276564503502 745.7470604497347 6 -3 10.0 1 1146
231.71699326416038 708.0289428672984 -5 -16 11.0 1 1147
565.6113465161319 595.2149633227783 -16 0 10.0 1 1148
728.1402076319665 434.98577046814756 -15 8 13.0 1 1149
408.95969808845626 175.1784623080704 14 -1 13.0 1 1150
301.8541420691708 199.75916857188818 11 -2 12.0 1 1151
510.2617270855139 491.0568588307309 -6 -2 13.0 1 1152
184.76934837296704 475.23142029898656 -17 3 10.0 1 1153
147.52937395389128 263.517096367765 -17 7 13.0 1 1154
306.3981331851542 738.2893591716652 6 -8 11.0 1 1155
620.2702120414951 655.0490809377575 -1 -3 11.0 1 1156
347.31158074009403 242.5835762193399 -3 12 13.0 1 1157
537.7336265811164 172.43583738028167 -2 13 11.0 1 1158
481.00485952775864 47.179631068601566 11 4 11.0 1 1159
527.0925012346648 78.1871722104342 -14 -14 13.0 1 1160
305.4561651040358 494.96032478443124 10 10 11.0 1 1161
512.2551494689349 100.33555196235392 3 -15 11.0 1 1162
373.40182382198293 47.00065577397572 13 -13 12.0 1 1163
103.39466005348561 527.8838235087325 -9 -14 13.0 1 1164
609.0845257238202 207.8030668745071 15 -12 11.0 1 1165
673.3875414009365 330.8389400981215 13 -7 11.0 1 1166
202.92628559219727 495.51414078298467 -17 -4 11.0 1 1167
382.9441073660738 173.64166344828388 -11 -17 11.0 1 1168
526.3924624403155 466.8875581724541 -12 -2 13.0 1 1169
671.1115335911842 271.55337157466454 16 22 11.0 1 1170
523.5343325692659 543.0393955407601 -12 -8 12.0 1 1171
199.97499067164 180.4573033708716 13 -12 10.0 1 1172
295.6098436165124 285.42384519355255 0 2 11.0 1 1173
698.2060086442772 268.2837276246808 -15 -10 11.0 1 1174
