400 400 -7.071067811865475 7.0710678118654755 5 2 -1 10 187
57.15728752538104 742.842712474619
800.0 400.0 0 0 24.0 1 0
799.4518139018296 420.9343824971775 0 0 24.0 1 1
797.8087581473094 441.8113853070614 0 0 24.0 1 2
795.0753362380551 462.57378601609236 0 0 24.0 1 3
791.2590402935223 483.16467632710373 0 0 24.0 1 4
786.3703305156273 503.5276180410083 0 0 24.0 1 5
780.4226065180615 523.6067977499789 0 0 24.0 1 6
773.4321705988807 543.3471798181201 0 0 24.0 1 7
765.4181830570403 562.6946572303201 0 0 24.0 1 8
756.4026096753471 581.5961998958187 0 0 24.0 1 9
746.4101615137755 600.0 0 0 24.0 1 10
735.4682271781696 617.8556140060108 0 0 24.0 1 11
723.606797749979 635.1141009169893 0 0 24.0 1 12
710.8583845827884 651.728156419935 0 0 24.0 1 13
697.2579301909577 667.6522425435433 0 0 24.0 1 14
682.842712474619 682.842712474619 0 0 24.0 1 15
667.6522425435433 697.2579301909577 0 0 24.0 1 16
651.728156419935 710.8583845827884 0 0 24.0 1 17
635.1141009169893 723.606797749979 0 0 24.0 1 18
617.8556140060108 735.4682271781696 0 0 24.0 1 19
600.0 746.4101615137754 0 0 24.0 1 20
581.5961998958187 756.4026096753471 0 0 24.0 1 21
562.6946572303201 765.4181830570403 0 0 24.0 1 22
543.3471798181201 773.4321705988807 0 0 24.0 1 23
523.606797749979 780.4226065180615 0 0 24.0 1 24
503.5276180410083 786.3703305156273 0 0 24.0 1 25
483.1646763271038 791.2590402935223 0 0 24.0 1 26
462.57378601609236 795.0753362380551 0 0 24.0 1 27
441.8113853070614 797.8087581473094 0 0 24.0 1 28
420.9343824971776 799.4518139018296 0 0 24.0 1 29
400.0 800.0 0 0 24.0 1 30
379.0656175028225 799.4518139018296 0 0 24.0 1 31
358.1886146929386 797.8087581473094 0 0 24.0 1 32
337.4262139839077 795.0753362380551 0 0 24.0 1 33
316.83532367289627 791.2590402935223 0 0 24.0 1 34
296.47238195899166 786.3703305156273 0 0 24.0 1 35
276.3932022500211 780.4226065180615 0 0 24.0 1 36
256.65282018187986 773.4321705988807 0 0 24.0 1 37
237.3053427696799 765.4181830570403 0 0 24.0 1 38
218.4038001041813 756.4026096753471 0 0 24.0 1 39
43.597390324652906 581.5961998958187 0 0 24.0 1 40
34.58181694295968 562.6946572303202 0 0 24.0 1 41
26.567829401119297 543.3471798181201 0 0 24.0 1 42
19.5773934819386 523.606797749979 0 0 24.0 1 43
13.629669484372698 503.5276180410084 0 0 24.0 1 44
8.740959706477724 483.16467632710373 0 0 24.0 1 45
4.924663761944942 462.5737860160924 0 0 24.0 1 46
2.1912418526906663 441.81138530706147 0 0 24.0 1 47
0.5481860981704472 420.9343824971775 0 0 24.0 1 48
0.0 400.00000000000006 0 0 24.0 1 49
0.5481860981704472 379.0656175028226 0 0 24.0 1 50
2.1912418526906663 358.1886146929386 0 0 24.0 1 51
4.924663761944885 337.4262139839077 0 0 24.0 1 52
8.740959706477781 316.8353236728962 0 0 24.0 1 53
13.629669484372698 296.47238195899166 0 0 24.0 1 54
19.577393481938543 276.3932022500211 0 0 24.0 1 55
26.567829401119297 256.65282018187986 0 0 24.0 1 56
34.58181694295968 237.30534276967992 0 0 24.0 1 57
43.59739032465285 218.40380010418136 0 0 24.0 1 58
53.58983848622455 199.99999999999994 0 0 24.0 1 59
64.53177282183037 182.14438599398918 0 0 24.0 1 60
76.39320225002103 164.8858990830108 0 0 24.0 1 61
89.14161541721171 148.27184358006497 0 0 24.0 1 62
102.74206980904228 132.3477574564567 0 0 24.0 1 63
117.15728752538092 117.15728752538104 0 0 24.0 1 64
132.34775745645675 102.74206980904228 0 0 24.0 1 65
148.27184358006485 89.14161541721177 0 0 24.0 1 66
164.8858990830107 76.39320225002109 0 0 24.0 1 67
182.1443859939892 64.53177282183032 0 0 24.0 1 68
199.99999999999983 53.58983848622461 0 0 24.0 1 69
218.40380010418124 43.597390324652906 0 0 24.0 1 70
237.30534276967995 34.58181694295962 0 0 24.0 1 71
256.65282018187975 26.567829401119354 0 0 24.0 1 72
276.393202250021 19.5773934819386 0 0 24.0 1 73
296.4723819589917 13.629669484372698 0 0 24.0 1 74
316.8353236728961 8.740959706477781 0 0 24.0 1 75
337.4262139839076 4.924663761944942 0 0 24.0 1 76
358.18861469293864 2.1912418526906663 0 0 24.0 1 77
379.0656175028223 0.5481860981704472 0 0 24.0 1 78
399.99999999999994 0.0 0 0 24.0 1 79
420.9343824971776 0.5481860981704472 0 0 24.0 1 80
441.8113853070612 2.1912418526906663 0 0 24.0 1 81
462.5737860160923 4.924663761944885 0 0 24.0 1 82
483.1646763271038 8.740959706477781 0 0 24.0 1 83
503.5276180410081 13.629669484372641 0 0 24.0 1 84
523.6067977499789 19.577393481938543 0 0 24.0 1 85
543.3471798181201 26.567829401119297 0 0 24.0 1 86
562.6946572303199 34.58181694295956 0 0 24.0 1 87
581.5961998958187 43.59739032465279 0 0 24.0 1 88
600.0 53.58983848622455 0 0 24.0 1 89
617.8556140060107 64.53177282183032 0 0 24.0 1 90
635.1141009169892 76.39320225002098 0 0 24.0 1 91
651.728156419935 89.14161541721171 0 0 24.0 1 92
667.6522425435431 102.74206980904216 0 0 24.0 1 93
682.842712474619 117.15728752538092 0 0 24.0 1 94
697.2579301909577 132.34775745645675 0 0 24.0 1 95
710.8583845827882 148.27184358006485 0 0 24.0 1 96
723.6067977499789 164.88589908301066 0 0 24.0 1 97
735.4682271781696 182.1443859939892 0 0 24.0 1 98
746.4101615137754 199.99999999999983 0 0 24.0 1 99
756.4026096753471 218.40380010418122 0 0 24.0 1 100
765.4181830570403 237.30534276967995 0 0 24.0 1 101
773.4321705988806 256.6528201818797 0 0 24.0 1 102
780.4226065180615 276.3932022500209 0 0 24.0 1 103
786.3703305156273 296.4723819589917 0 0 24.0 1 104
791.2590402935223 316.83532367289604 0 0 24.0 1 105
795.0753362380551 337.4262139839076 0 0 24.0 1 106
797.8087581473094 358.18861469293864 0 0 24.0 1 107
799.4518139018296 379.06561750282225 0 0 24.0 1 108
800.0 399.9999999999999 0 0 24.0 1 109
366.00584625915695 204.94001560688073 0 0 13.0 1 110
378.736486275766 117.7999592769354 0 0 10.0 1 111
339.7209188756004 565.3554727815141 0 0 13.0 1 112
139.59671248097084 224.54023866059248 0 0 10.0 1 113
291.73962139918456 94.62205314527358 0 0 10.0 1 114
203.33919383128205 93.69863317792726 0 0 10.0 1 115
645.7621852247003 139.6829849710548 0 0 13.0 1 116
202.3052303888023 114.82325117854464 0 0 13.0 1 117
251.1507778024478 207.92473076633803 0 0 10.0 1 118
221.69894597197703 80.367814304479 0 0 10.0 1 119
101.83212067811883 571.5573249403595 0 0 13.0 1 120
483.13908543805144 222.50664104670173 0 0 13.0 1 121
284.94514578021625 551.2031101547329 0 0 11.0 1 122
692.5868912249175 415.55349103379507 0 0 13.0 1 123
508.21620370764003 547.574568456447 0 0 11.0 1 124
274.6514943782945 507.2974936259243 0 0 10.0 1 125
137.04525303171908 343.2919666462735 0 0 13.0 1 126
274.59817881592073 553.2265748612695 0 0 12.0 1 127
521.0565814854942 499.9715163386346 0 0 10.0 1 128
348.3474879979422 751.2221775513005 0 0 13.0 1 129
214.38021582552062 370.1789382647147 0 0 12.0 1 130
114.27610587545308 308.556813669335 0 0 12.0 1 131
407.6124458497601 645.8821885948319 0 0 13.0 1 132
633.6392330288015 366.70272098634206 0 0 10.0 1 133
268.656613699162 566.4118832145975 0 0 12.0 1 134
364.93794904209113 128.25259415658627 0 0 13.0 1 135
724.1233194793558 356.7209777180282 0 0 10.0 1 136
398.9758359347998 167.0022508950622 0 0 12.0 1 137
82.0767526373279 348.9235006448837 0 0 12.0 1 138
286.0533583475528 59.56327628158448 0 0 10.0 1 139
557.2731358348639 464.53805656098154 0 0 11.0 1 140
127.5839955119701 331.07598024797403 0 0 12.0 1 141
406.4682555716829 532.8426199299735 0 0 11.0 1 142
464.6308905550946 650.806395424948 0 0 10.0 1 143
636.0881225397741 663.7771756533241 0 0 13.0 1 144
567.3507412527986 628.21640914303 0 0 11.0 1 145
459.7576349571106 57.1691013570499 0 0 12.0 1 146
381.90864010345615 205.84103755661002 0 0 11.0 1 147
199.8491686124126 339.82820681700133 0 0 11.0 1 148
571.4972416522394 295.1682485805307 0 0 11.0 1 149
601.1278276384551 360.3440174824034 0 0 13.0 1 150
305.32240509472376 99.5650602493904 0 0 10.0 1 151
516.9295587552106 655.5161018200453 0 0 10.0 1 152
269.7583106760197 360.8451489335511 0 0 12.0 1 153
462.77849308587554 265.9744024230197 0 0 11.0 1 154
315.1321008148151 503.69879308792986 0 0 13.0 1 155
238.23238060567047 97.5429992288303 0 0 12.0 1 156
532.8915881010572 524.353632081974 0 0 10.0 1 157
257.907164773701 178.68884759833756 0 0 11.0 1 158
415.58318436961264 129.44840720316824 0 0 12.0 1 159
247.27118388163203 570.6309137497709 0 0 12.0 1 160
566.9738325441645 402.9562214926041 0 0 12.0 1 161
525.472829552794 249.42586860946037 0 0 13.0 1 162
328.0841851556241 531.6363003706404 0 0 12.0 1 163
97.94417541561785 334.85954532973426 0 0 12.0 1 164
521.2003462938087 358.8359858825595 0 0 13.0 1 165
372.9587257214295 259.58002462117037 0 0 10.0 1 166
153.66856941582856 342.29535281837747 0 0 10.0 1 167
268.14528187113046 508.8821992207926 0 0 10.0 1 168
234.97612048508586 554.4121730623823 0 0 10.0 1 169
173.63981128485227 611.8043081829137 0 0 13.0 1 170
539.9280976665038 314.4656356577465 0 0 13.0 1 171
607.8514167038442 640.6694591638186 0 0 11.0 1 172
663.9602438157392 432.87840757603004 0 0 12.0 1 173
288.63413745484195 563.7120785390405 0 0 13.0 1 174
206.75895998261012 417.14352510417626 0 0 12.0 1 175
401.02676193322776 168.0022720802368 0 0 10.0 1 176
668.7038704460936 651.4403110228925 0 0 13.0 1 177
351.1033482421162 666.5522790127075 0 0 12.0 1 178
270.51239364578475 147.23734492481728 0 0 12.0 1 179
568.5194443612884 227.71478045937133 0 0 13.0 1 180
538.9838883424923 703.7095302772068 0 0 10.0 1 181
245.48079515315018 159.33464035408574 0 0 11.0 1 182
113.00000013039585 399.99134857058584 0 0 11.0 1 183
433.4063259724858 141.14672614583367 0 0 10.0 1 184
406.80937054722676 229.13563135413352 0 0 10.0 1 185
423.3593065479686 594.6030390245693 0 0 12.0 1 186
460.70577542531646 112.33559686674641 0 0 12.0 1 187
278.37257550085207 254.0316143485033 0 0 13.0 1 188
606.766698833341 173.0715261286886 0 0 11.0 1 189
368.5811609364936 219.71728715181402 0 0 10.0 1 190
535.0554935379078 571.1257247325257 0 0 11.0 1 191
538.0707457034528 652.7458588798094 0 0 11.0 1 192
477.44007656990124 498.1225485851638 0 0 10.0 1 193
205.574304546361 303.6275508904707 0 0 11.0 1 194
191.24710062386194 301.0898033463891 0 0 10.0 1 195
227.0974889734665 611.2669441269019 0 0 11.0 1 196
291.46404468866206 607.306407051628 0 0 10.0 1 197
52.4214054439114 298.8411120740537 0 0 13.0 1 198
440.96801189849396 235.0102366778931 0 0 11.0 1 199
165.0670274148037 118.05053929421427 0 0 12.0 1 200
449.0886613366123 755.6280406944584 0 0 12.0 1 201
472.6175194785859 154.51538568623656 0 0 12.0 1 202
338.92215389390043 269.5948746596223 0 0 12.0 1 203
183.59660624619252 283.01465402951294 0 0 13.0 1 204
442.3334444458974 241.55796176094515 0 0 10.0 1 205
532.1847362106607 235.53664385973983 0 0 11.0 1 206
525.6770257394569 288.51329585424156 0 0 11.0 1 207
470.2056238378309 592.6036613918359 0 0 13.0 1 208
387.72766677790963 584.5924966982298 0 0 13.0 1 209
286.50656666898635 219.75505391068864 0 0 13.0 1 210
513.3803165187971 236.4582505104663 0 0 10.0 1 211
619.3028185395779 382.49932056756114 0 0 10.0 1 212
533.0059467842975 151.33673749423173 0 0 12.0 1 213
670.1006456187906 465.8000093944713 0 0 12.0 1 214
656.4617572157983 213.67671351711053 0 0 12.0 1 215
720.8424046561856 569.7914938223835 0 0 13.0 1 216
252.3614078031918 359.85219689516543 0 0 10.0 1 217
657.6127346493022 322.56177335121725 0 0 13.0 1 218
234.7542905722767 578.16524777781 0 0 11.0 1 219
440.4304837531605 569.237631700179 0 0 12.0 1 220
339.1870712797889 228.46053602604874 0 0 13.0 1 221
68.30683921930688 529.2890060728802 0 0 10.0 1 222
372.6239635279162 153.51561382700294 0 0 12.0 1 223
610.2068506033245 328.60616301506417 0 0 11.0 1 224
541.2980828977974 196.189176515556 0 0 12.0 1 225
256.5742679342661 610.8413132699764 0 0 13.0 1 226
474.40240735262034 229.5292348226983 0 0 11.0 1 227
693.6466228982915 594.1021917970751 0 0 11.0 1 228
336.7928977873269 583.4144548008054 0 0 12.0 1 229
644.3263428365019 222.49327281440816 0 0 11.0 1 230
373.8099939144496 578.0844843922087 0 0 12.0 1 231
166.09713389042437 443.9710043747689 0 0 11.0 1 232
636.8900763192605 300.3401196997764 0 0 10.0 1 233
424.5126192701685 179.3574576458208 0 0 13.0 1 234
619.4667333620586 494.632726619215 0 0 12.0 1 235
418.11538058822055 550.9166425088497 0 0 13.0 1 236
379.14191859073304 238.34004688877212 0 0 12.0 1 237
305.25863775855845 286.2983101240973 0 0 11.0 1 238
663.8695749200313 245.0521138204138 0 0 10.0 1 239
34.73821979552281 364.32322994081164 0 0 11.0 1 240
589.2276145962269 517.9911432024533 0 0 12.0 1 241
637.0913995317271 277.2129148970179 0 0 13.0 1 242
478.2716545422633 603.4638741772519 0 0 10.0 1 243
142.0101067901836 397.7163622030758 0 0 12.0 1 244
366.14434156879315 681.9748116271903 0 0 11.0 1 245
571.2824594100558 369.3680053140092 0 0 13.0 1 246
588.7968278304628 465.9981651347564 0 0 10.0 1 247
233.8233724644298 635.2218707112593 0 0 13.0 1 248
382.0111291446807 87.51735964161043 0 0 11.0 1 249
182.0467437931574 192.4009197784479 0 0 12.0 1 250
540.7602885021697 551.7746394520045 0 0 10.0 1 251
593.5363181710768 559.8270738917024 0 0 13.0 1 252
568.3293135581583 369.8961431534228 0 0 11.0 1 253
141.09130890471533 393.1232511077926 0 0 12.0 1 254
118.15818024237927 220.77614936701974 0 0 13.0 1 255
253.27362643650238 563.9248953054567 0 0 11.0 1 256
434.20469887381114 684.9544500002621 0 0 13.0 1 257
226.9175537691312 664.3831817773937 0 0 12.0 1 258
572.0403526137629 585.5023371080056 0 0 11.0 1 259
329.52160070729116 92.98567585023414 0 0 10.0 1 260
511.3015987672929 705.3472680602276 0 0 11.0 1 261
133.7837397677082 464.84522178181436 0 0 11.0 1 262
202.03565348697128 633.3369184455591 0 0 12.0 1 263
550.9669372188583 520.241356723705 0 0 12.0 1 264
194.4127066104856 284.11270649129074 0 0 13.0 1 265
77.70398827624877 312.3570834182043 0 0 13.0 1 266
641.5745225822975 606.7988153716917 0 0 11.0 1 267
752.8832094678755 310.7282772897738 0 0 12.0 1 268
485.2180933134169 184.21798830295012 0 0 10.0 1 269
344.69151055947754 213.00809911708043 0 0 13.0 1 270
572.8521131391249 287.93686162105234 0 0 11.0 1 271
356.1791786899246 543.4563892606755 0 0 12.0 1 272
483.87551104032093 163.42887190587902 0 0 10.0 1 273
245.74010547618758 221.39461110732896 0 0 13.0 1 274
131.17708679406763 346.98829058145964 0 0 10.0 1 275
267.58672510769225 288.66391136610673 0 0 11.0 1 276
204.58413263215905 118.11059122259599 0 0 11.0 1 277
124.52507657845388 192.30174154342728 0 0 10.0 1 278
178.60065074787968 462.3083313108099 0 0 10.0 1 279
444.22294389408813 700.7662401822058 0 0 11.0 1 280
44.64003173475089 336.43670119856006 0 0 10.0 1 281
478.7050031288358 125.04268970894782 0 0 12.0 1 282
184.30419881415295 411.459552818306 0 0 13.0 1 283
116.4241518855033 594.7324789708791 0 0 13.0 1 284
645.9665237515787 481.1262546501691 0 0 12.0 1 285
476.63428108071224 91.3720897857059 0 0 13.0 1 286
454.98185162790327 194.21857228708117 0 0 12.0 1 287
497.3002043306467 543.04429466852 0 0 13.0 1 288
221.72060112183328 197.22806916232332 0 0 11.0 1 289
598.700725402417 630.0739483830215 0 0 10.0 1 290
352.70738271249405 258.7045352812147 0 0 13.0 1 291
523.1875769761398 130.85167494716296 0 0 13.0 1 292
397.57035525818014 582.98387039963 0 0 13.0 1 293
318.9508493167951 526.2182046042929 0 0 10.0 1 294
79.11473480475638 348.4476326384696 0 0 11.0 1 295
244.08975142172775 294.94765881589615 0 0 12.0 1 296
490.61422801389233 250.28673511860637 0 0 12.0 1 297
573.5113814983579 317.79415780778527 0 0 13.0 1 298
298.8936793288908 637.3636701779589 0 0 12.0 1 299
198.786639183693 373.12652927129324 0 0 10.0 1 300
466.13035962360016 190.17441639291619 0 0 12.0 1 301
407.05543761685084 627.8908089415515 0 0 10.0 1 302
358.59095442574653 527.4413235360862 0 0 12.0 1 303
164.7539938374564 324.71177658775247 0 0 11.0 1 304
645.1111057074937 356.16455932866836 0 0 11.0 1 305
362.66258733366107 670.4346827154083 0 0 11.0 1 306
727.0 400.0 0 0 11.0 1 307
305.9508149403458 605.5012184626041 0 0 12.0 1 308
157.67190748442144 303.0562246569632 0 0 12.0 1 309
584.1393955226995 373.7572292519476 0 0 10.0 1 310
311.9569525845082 164.94804446294546 0 0 12.0 1 311
212.62750581686961 554.7273357348105 0 0 12.0 1 312
560.079912615793 329.2934120684636 0 0 10.0 1 313
652.5654662858087 236.25725897056677 0 0 12.0 1 314
382.0835126033319 529.7690235740604 0 0 10.0 1 315
233.8233724644298 635.2218707112593 0 0 13.0 1 316
676.640585282431 552.7284733590761 0 0 10.0 1 317
425.77554707974747 705.9160361483846 0 0 10.0 1 318
541.1997257083008 415.0544830499301 0 0 12.0 1 319
593.9605045043822 91.98161955427804 0 0 12.0 1 320
258.4310729861363 420.180161152561 0 0 10.0 1 321
327.50517813267527 258.48851353185194 0 0 11.0 1 322
292.1715910625419 180.00446771350943 0 0 13.0 1 323
530.4806899105331 463.2438895109346 0 0 10.0 1 324
106.39720664762734 371.3224872821238 0 0 12.0 1 325
601.4519871302509 554.7032542685293 0 0 12.0 1 326
141.43194031268615 322.26610450043233 0 0 11.0 1 327
686.9680713280617 213.95343045825194 0 0 13.0 1 328
682.5581836683268 536.955733147817 0 0 11.0 1 329
596.08336644832 604.0595829709888 0 0 10.0 1 330
289.9710112883081 175.5147629729688 0 0 11.0 1 331
184.81433947785473 341.48392096484895 0 0 13.0 1 332
121.42140991948617 350.1705995545499 0 0 11.0 1 333
253.79103819625985 572.3338025120796 0 0 13.0 1 334
368.38455842016566 197.45256394189514 0 0 11.0 1 335
622.1354924246741 226.27659050879888 0 0 11.0 1 336
617.5484110897836 361.0938458298623 0 0 12.0 1 337
471.8455572656136 197.35939226997607 0 0 10.0 1 338
401.2701753225706 113.00281071994812 0 0 10.0 1 339
430.54874413736354 607.7661527574448 0 0 11.0 1 340
308.427195764828 567.6168891386153 0 0 12.0 1 341
641.6599396229924 484.4776513724882 0 0 10.0 1 342
743.7833266334806 513.3888192407768 0 0 12.0 1 343
610.9694038450659 562.0120694308221 0 0 13.0 1 344
455.49504188642027 158.28880802489832 0 0 12.0 1 345
538.266882131504 334.4922195030789 0 0 11.0 1 346
725.7956904846106 411.5398466911734 0 0 11.0 1 347
520.5883097271392 570.702839921167 0 0 11.0 1 348
430.3476335789518 74.41126994910024 0 0 13.0 1 349
583.6295756185302 444.7345387609895 0 0 10.0 1 350
184.46315020471027 534.3870022744861 0 0 12.0 1 351
749.6258949759742 431.02794808312353 0 0 11.0 1 352
452.91680555737173 201.94745220118142 0 0 12.0 1 353
240.13386028473278 339.3055408415343 0 0 13.0 1 354
719.0286222196582 471.7616764340588 0 0 12.0 1 355
257.6121393566006 533.2317422440909 0 0 12.0 1 356
733.6289047911275 352.452614289819 0 0 13.0 1 357
424.19078777317935 212.55452582974164 0 0 12.0 1 358
384.88189456793765 579.3639955178994 0 0 10.0 1 359
223.38949071121397 659.6242053598925 0 0 13.0 1 360
161.28387138621463 507.97504313334025 0 0 10.0 1 361
650.3317887192583 144.07423819275905 0 0 10.0 1 362
225.0068553809385 398.45102087417933 0 0 12.0 1 363
365.77825169726157 569.581461083174 0 0 11.0 1 364
512.8316159516412 159.11615570623806 0 0 10.0 1 365
153.5972696855585 596.2414189043399 0 0 11.0 1 366
334.7569449431017 225.81807278927434 0 0 10.0 1 367
288.2172426066989 613.5078807668476 0 0 13.0 1 368
125.94724709613672 526.8821840362707 0 0 10.0 1 369
377.2698298735731 156.05668821215104 0 0 13.0 1 370
515.3174718939626 164.74294765940567 0 0 10.0 1 371
440.8953970974045 533.8938628027647 0 0 13.0 1 372
434.58952168140394 270.54126143882104 0 0 10.0 1 373
253.79602911882753 126.64236081905943 0 0 13.0 1 374
581.8075693520077 181.82115655656503 0 0 11.0 1 375
179.2435015931013 646.6324561186644 0 0 13.0 1 376
662.0672298754052 223.43056032984785 0 0 10.0 1 377
240.68967857643926 161.27584645050732 0 0 13.0 1 378
605.9959077136307 457.9800483376594 0 0 11.0 1 379
385.63189228808363 150.41322655080705 0 0 12.0 1 380
389.90213965562344 725.8435716973183 0 0 10.0 1 381
403.5898300960793 670.9762224252919 0 0 13.0 1 382
193.1455522501489 337.8128836003459 0 0 13.0 1 383
186.7752956012129 522.6834358585129 0 0 13.0 1 384
86.57920398657785 447.50162761751255 0 0 12.0 1 385
748.8908476766012 372.15800999384726 0 0 13.0 1 386
422.9209262305246 672.0360842622442 0 0 11.0 1 387
489.89048792767466 146.4636117238305 0 0 11.0 1 388
292.3830422538597 471.130797868894 0 0 10.0 1 389
349.8041010146391 610.0865814968948 0 0 12.0 1 390
45.86037035144699 303.6977533367693 0 0 12.0 1 391
474.76208162909404 556.011637868733 0 0 10.0 1 392
606.3672638228363 643.2561457029933 0 0 12.0 1 393
313.05983278784834 250.43259939036477 0 0 10.0 1 394
314.25139579907295 516.9280842124455 0 0 12.0 1 395
252.53983960256332 548.1097602981055 0 0 13.0 1 396
615.4580112028143 444.4729739114438 0 0 12.0 1 397
251.97639414457376 460.73723824440344 0 0 11.0 1 398
236.11433756345136 576.6988671376635 0 0 13.0 1 399
547.3667556653077 505.0906243424289 0 0 13.0 1 400
639.6102481248809 498.3256273487895 0 0 12.0 1 401
128.45511672289285 159.10090003069277 0 0 13.0 1 402
185.84569923517543 269.084242873789 0 0 13.0 1 403
740.4456399538726 332.87499544582425 0 0 12.0 1 404
354.93243449655574 562.8800618233943 0 0 13.0 1 405
229.59220770405037 687.2580448391664 0 0 10.0 1 406
479.07310684279247 227.23587243230054 0 0 10.0 1 407
235.31661935494745 389.7831443527505 0 0 12.0 1 408
467.22793795478464 172.7349469048362 0 0 10.0 1 409
439.32327127924805 174.40150635277135 0 0 10.0 1 410
194.71934251546844 355.7297880881689 0 0 13.0 1 411
740.450082277823 539.7059106731836 0 0 11.0 1 412
285.2380614160586 327.02262369435533 0 0 11.0 1 413
86.81194851102623 281.0956501866315 0 0 13.0 1 414
463.32068065698456 745.241207565285 0 0 10.0 1 415
159.85461223595672 549.7304001719667 0 0 11.0 1 416
519.8423947384365 661.8812716162741 0 0 12.0 1 417
149.17171246490025 661.0156512016268 0 0 11.0 1 418
203.40658167211726 476.62915809375767 0 0 11.0 1 419
515.5016108317785 122.04248904686102 0 0 13.0 1 420
111.62955258125328 337.810892790523 0 0 12.0 1 421
480.8437228570195 126.70658172100553 0 0 13.0 1 422
317.18257053343194 251.53696292830992 0 0 12.0 1 423
233.99222130376015 193.44149155181177 0 0 12.0 1 424
199.38569994148145 387.5540122115325 0 0 11.0 1 425
65.77684136713873 299.52174248389224 0 0 13.0 1 426
551.0281792521719 129.27783786366166 0 0 11.0 1 427
410.52126662161965 739.8371712286294 0 0 10.0 1 428
159.87353296983088 186.9735231676374 0 0 10.0 1 429
192.10157571390647 429.63520169257214 0 0 10.0 1 430
730.5357901831112 267.7801398880399 0 0 10.0 1 431
648.9609838532751 404.407779351248 0 0 11.0 1 432
65.22860824410895 361.3074262703585 0 0 13.0 1 433
606.419339781643 329.89253845623415 0 0 12.0 1 434
116.92002380603299 328.37788694807267 0 0 11.0 1 435
247.70774419573405 532.7067022499166 0 0 10.0 1 436
619.6410853855739 628.5755752713903 0 0 12.0 1 437
620.7488669524139 423.53588195129925 0 0 10.0 1 438
429.0392112828891 531.8397671723814 0 0 11.0 1 439
208.98759202138314 660.4673875904821 0 0 11.0 1 440
194.4639206671886 344.1079603834656 0 0 10.0 1 441
552.7793170347229 431.53538150084194 0 0 11.0 1 442
618.6882276746993 117.8219372869342 0 0 12.0 1 443
259.61485380753334 507.80079187334275 0 0 10.0 1 444
85.23632519038495 332.119008401859 0 0 10.0 1 445
568.0533090537729 332.7758576397057 0 0 10.0 1 446
555.7716598900429 426.4422006478435 0 0 13.0 1 447
210.88531507252188 694.5091440766835 0 0 13.0 1 448
133.65319760690022 459.9030955374683 0 0 10.0 1 449
618.6946743294973 501.2602558752205 0 0 12.0 1 450
322.0008482249042 136.2934731138314 0 0 13.0 1 451
515.3470449145256 500.51894960397476 0 0 11.0 1 452
454.8017731575752 274.4381998425251 0 0 10.0 1 453
510.71547505618827 301.7855225382604 0 0 13.0 1 454
232.4534329500899 316.9509309516959 0 0 10.0 1 455
479.9315310982023 734.5847431313883 0 0 12.0 1 456
385.2657246511844 544.2494406573047 0 0 13.0 1 457
272.77176320898553 505.0617711779578 0 0 12.0 1 458
178.96495009512162 344.07588432931703 0 0 13.0 1 459
352.0376943812823 284.5676941244925 0 0 10.0 1 460
448.28777054211787 532.4737378353603 0 0 11.0 1 461
113.12670347933874 425.4501815979524 0 0 11.0 1 462
205.33540525426304 273.7871022736662 0 0 10.0 1 463
432.43985686967653 620.6278669757628 0 0 12.0 1 464
647.0783849052787 325.7283922848106 0 0 10.0 1 465
91.84095806379622 253.9897097018125 0 0 13.0 1 466
539.850161295675 257.02471407416704 0 0 12.0 1 467
512.0116667435656 623.5025425209485 0 0 13.0 1 468
609.3819979139886 426.0802405960238 0 0 12.0 1 469
461.176989839498 171.03193254478046 0 0 12.0 1 470
176.7057627691652 446.0834419233164 0 0 13.0 1 471
449.9508064546869 563.5417895662341 0 0 11.0 1 472
425.10549410273654 66.9448781870222 0 0 11.0 1 473
158.98381531323093 280.53369211768023 0 0 13.0 1 474
315.67997290859404 302.37247810527725 0 0 11.0 1 475
491.9898917016725 212.33311473593812 0 0 11.0 1 476
631.3183085710082 591.0283751693655 0 0 10.0 1 477
151.92781691636705 265.89484730212456 0 0 10.0 1 478
518.218704284472 84.41587816035394 0 0 13.0 1 479
571.0257487464946 187.2109183588103 0 0 13.0 1 480
384.3444830247928 635.4801579501742 0 0 11.0 1 481
657.8597460311815 190.87718590088133 0 0 11.0 1 482
62.071934673940234 545.700455266915 0 0 13.0 1 483
528.5378547070195 734.1287475020927 0 0 12.0 1 484
180.6959790059449 334.0701404837 0 0 12.0 1 485
535.6952151665791 531.5591448014761 0 0 10.0 1 486
204.93050038032118 638.352449784197 0 0 12.0 1 487
507.1382996554065 604.651862309993 0 0 11.0 1 488
139.47572523681123 427.7687280788031 0 0 11.0 1 489
151.08808244016168 205.32371151913682 0 0 10.0 1 490
556.9094425097882 298.27278215114944 0 0 10.0 1 491
412.174118327568 544.4880301026571 0 0 11.0 1 492
541.2232649559476 463.8826223254982 0 0 13.0 1 493
501.27570792358273 474.9615300309243 0 0 10.0 1 494
624.9128942944387 347.31992805530103 0 0 10.0 1 495
441.12756105924944 572.1555219019062 0 0 11.0 1 496
590.8432611521416 197.85438497752298 0 0 13.0 1 497
317.06501259425346 699.7378652489683 0 0 11.0 1 498
242.53574194336773 314.8765165499301 0 0 11.0 1 499
317.7041575932832 593.2029873541526 0 0 13.0 1 500
178.1613897703827 477.5411568871134 0 0 10.0 1 501
635.6230321179834 344.8113532007916 0 0 13.0 1 502
540.5801627459152 285.99027303632386 0 0 11.0 1 503
485.53540961509543 306.1240515255487 0 0 10.0 1 504
291.08666024114154 698.7672746847811 0 0 12.0 1 505
572.4644369524801 90.85275678624589 0 0 12.0 1 506
572.830934321033 679.947259571725 0 0 10.0 1 507
686.3335632019994 545.1002776842505 0 0 13.0 1 508
451.4964544029842 750.2343717911212 0 0 12.0 1 509
422.9842932081116 556.3192958841728 0 0 10.0 1 510
499.1232980094736 525.5968621890097 0 0 11.0 1 511
367.09663129740375 229.13933065792756 0 0 10.0 1 512
326.7175117616379 572.0426601677453 0 0 11.0 1 513
413.0824116449827 668.6816899335554 0 0 13.0 1 514
294.2200968290474 132.12948634621262 0 0 11.0 1 515
443.9320034737323 698.7875149178492 0 0 12.0 1 516
425.0707319072935 256.1686459716359 0 0 11.0 1 517
274.4003644093175 225.50148556653048 0 0 12.0 1 518
182.96732591903285 695.9490131446034 0 0 11.0 1 519
516.9554886871182 739.4148106166809 0 0 11.0 1 520
611.9868139789937 478.34277694232884 0 0 13.0 1 521
102.78056660381708 515.8516655540697 0 0 13.0 1 522
346.1990809903351 229.27665328457422 0 0 11.0 1 523
503.6528437006016 631.8880936848175 0 0 13.0 1 524
557.3069002959226 244.77262123166324 0 0 13.0 1 525
235.43431406786402 577.4320574577367 0 0 12.0 1 526
151.64490014325187 179.67355044129476 0 0 13.0 1 527
250.9117690939022 376.0479770104889 0 0 12.0 1 528
130.35848661453883 548.853801628303 0 0 10.0 1 529
457.4470859025786 549.3312837998179 0 0 12.0 1 530
330.8640464081046 98.83356773880115 0 0 10.0 1 531
232.10897125820048 543.7136126747228 0 0 12.0 1 532
509.0054222779856 264.37618972319774 0 0 13.0 1 533
473.24108861970774 528.6069319197069 0 0 12.0 1 534
630.734845274363 615.9107018566142 0 0 13.0 1 535
484.54215944379155 174.31521257164778 0 0 13.0 1 536
522.3173494541717 90.27840562449302 0 0 12.0 1 537
677.0248735282853 243.85513314028674 0 0 12.0 1 538
285.28712515831796 498.1934638637247 0 0 11.0 1 539
328.7425128762171 247.86068710289268 0 0 13.0 1 540
205.951833962621 322.37069330768315 0 0 10.0 1 541
397.6234622470723 578.9842229592008 0 0 13.0 1 542
492.090787786574 285.42126373166707 0 0 12.0 1 543
247.2593375751334 101.84686813314715 0 0 13.0 1 544
609.9670948160151 403.71740427213683 0 0 13.0 1 545
349.67797018391536 524.1921628573602 0 0 13.0 1 546
586.6706663667227 580.9808341184328 0 0 12.0 1 547
31.51967297417798 419.5767360646061 0 0 10.0 1 548
737.0 400.0 0 0 13.0 1 549
656.9067321675467 335.0082238510716 0 0 10.0 1 550
509.46117158361307 122.83172635465144 0 0 10.0 1 551
479.63436862103896 297.2460836058864 0 0 13.0 1 552
529.9666927513541 185.268402941544 0 0 10.0 1 553
216.21917662819058 434.54864629446126 0 0 12.0 1 554
614.2936251634735 483.53587381656297 0 0 11.0 1 555
326.8065520782752 144.26826716003788 0 0 11.0 1 556
242.85748494864524 664.8966401510875 0 0 10.0 1 557
426.3106972574249 657.6601389618272 0 0 10.0 1 558
530.2785662153715 219.01244466851577 0 0 11.0 1 559
257.27626019740876 215.82906283356692 0 0 12.0 1 560
144.79028035603034 287.26580377167534 0 0 12.0 1 561
402.8100980452684 273.03109298345527 0 0 12.0 1 562
554.7814612281986 408.227956007639 0 0 11.0 1 563
697.0237235369592 365.67934067882703 0 0 12.0 1 564
532.3177979658088 642.2147814264839 0 0 11.0 1 565
661.9160962829142 316.1849744501667 0 0 13.0 1 566
227.8893970408742 532.1625527486744 0 0 12.0 1 567
578.8571427568726 229.650000044474 0 0 11.0 1 568
293.25451903709234 525.8189266128015 0 0 10.0 1 569
304.25998035845805 220.99483627828732 0 0 11.0 1 570
578.6377758649752 255.1257613168756 0 0 11.0 1 571
320.7984203874382 686.2448423760243 0 0 11.0 1 572
539.8904988885622 275.9046805044236 0 0 12.0 1 573
360.72367497449915 241.80274878338997 0 0 13.0 1 574
278.08788050744533 151.27035737404944 0 0 10.0 1 575
748.3084420275354 443.38466563603964 0 0 10.0 1 576
658.8888400916576 211.913401657651 0 0 11.0 1 577
588.1794327973457 280.34423928590303 0 0 12.0 1 578
554.4384929772209 123.16475678316368 0 0 10.0 1 579
511.8973077978384 281.47577248682103 0 0 10.0 1 580
688.6273245029681 371.81724729096936 0 0 11.0 1 581
670.7350017089996 388.0183953650603 0 0 13.0 1 582
617.4144857287185 642.9134442457165 0 0 12.0 1 583
198.45610224931428 352.78710685139976 0 0 11.0 1 584
289.75904515731827 562.0584211800602 0 0 11.0 1 585
124.38869848475099 414.6427619345021 0 0 10.0 1 586
551.0636409739116 375.7352853776284 0 0 11.0 1 587
617.3845071203293 685.7008506533564 0 0 10.0 1 588
219.30466443607622 543.9103738631826 0 0 13.0 1 589
361.85277923244297 717.7180976081017 0 0 11.0 1 590
462.4676436335802 166.20138259846783 0 0 11.0 1 591
159.0972648885392 313.3866510529852 0 0 11.0 1 592
242.0454963727626 512.6338083519911 0 0 10.0 1 593
232.90815606855412 425.3242115689578 0 0 10.0 1 594
670.9737921776166 188.08208203910218 0 0 12.0 1 595
451.06930529631364 526.0473167368187 0 0 13.0 1 596
494.5201937285101 501.9163037866117 0 0 13.0 1 597
232.5335728834882 360.7699631808732 0 0 10.0 1 598
405.9078439219422 133.06536871324852 0 0 10.0 1 599
452.9082473114413 61.105152936148386 0 0 12.0 1 600
351.7823425390317 236.98141974309576 0 0 11.0 1 601
250.5382295629517 207.13429755961513 0 0 10.0 1 602
401.49588591996115 62.00331018586223 0 0 13.0 1 603
338.47123871271447 131.97162177401395 0 0 12.0 1 604
194.99404777732275 449.93555399986434 0 0 13.0 1 605
649.548677615267 465.49395010588034 0 0 10.0 1 606
557.9752916968797 564.4013601321041 0 0 13.0 1 607
512.4074369443042 160.0217340682447 0 0 11.0 1 608
227.65271412551968 294.64150223308917 0 0 13.0 1 609
630.2391389008117 264.8003738236944 0 0 10.0 1 610
350.4513437221891 165.17042209069285 0 0 13.0 1 611
168.7858356878336 428.79253759963717 0 0 11.0 1 612
282.2483735068827 500.7946152243531 0 0 10.0 1 613
547.1808035150464 474.5842548844279 0 0 12.0 1 614
505.5986348422066 484.10664848549317 0 0 13.0 1 615
652.1871066180167 269.39501060207147 0 0 10.0 1 616
312.7454016795883 626.7942571405714 0 0 13.0 1 617
556.1115915886955 174.82191276315461 0 0 11.0 1 618
323.15850189066623 599.7282758357295 0 0 12.0 1 619
625.9194153173571 199.58937707131514 0 0 11.0 1 620
54.667256735476826 443.00344671533793 0 0 12.0 1 621
593.9232442746035 365.31894854517134 0 0 10.0 1 622
311.29385220898007 643.3356105137054 0 0 11.0 1 623
620.5788188941433 221.1118096260551 0 0 10.0 1 624
69.01936520584832 309.9954479414493 0 0 12.0 1 625
252.70097147067403 385.6126376873028 0 0 12.0 1 626
528.3974654795102 299.585405152249 0 0 11.0 1 627
615.046061815376 231.8209546414968 0 0 13.0 1 628
541.8759912903229 165.59180241427512 0 0 13.0 1 629
221.2050012844627 335.7166550783875 0 0 10.0 1 630
168.6231666112711 231.89062795012174 0 0 10.0 1 631
242.93852940254448 340.37035591448983 0 0 12.0 1 632
169.37500957492054 337.28545789506234 0 0 13.0 1 633
191.27544400597185 248.34888815080913 0 0 12.0 1 634
292.331769690437 531.5581703354334 0 0 13.0 1 635
234.8293275931036 440.2324368719286 0 0 10.0 1 636
315.54157406862663 131.99295850818635 0 0 12.0 1 637
194.5768609334879 475.9100384406464 0 0 10.0 1 638
593.2861644488918 489.49557884407454 0 0 11.0 1 639
579.0414570296116 626.8593323288987 0 0 13.0 1 640
264.26097110468396 391.5788341331762 0 0 12.0 1 641
264.6441359460248 386.7791805775215 0 0 12.0 1 642
522.1271455789843 487.0916776318471 0 0 13.0 1 643
322.1056305324653 265.9945254653557 0 0 11.0 1 644
252.12103917148605 98.29184143567011 0 0 10.0 1 645
608.0107269693805 379.68898166831934 0 0 11.0 1 646
542.1202912896302 553.241061089222 0 0 12.0 1 647
520.4874142085952 587.6480296121609 0 0 11.0 1 648
160.00989882233537 205.35737533434693 0 0 13.0 1 649
434.5622392801576 687.9330679445158 0 0 13.0 1 650
590.8432611521416 197.85438497752298 0 0 13.0 1 651
603.5504999635884 534.5481102229725 0 0 13.0 1 652
468.3214023978256 227.00235269115828 0 0 10.0 1 653
554.4902008961103 84.82738407805874 0 0 12.0 1 654
536.0710523592664 697.3443604809779 0 0 12.0 1 655
420.31676552122076 217.1251000307704 0 0 12.0 1 656
228.79200724633992 526.7155208222839 0 0 12.0 1 657
353.5801086040348 580.1143905488586 0 0 11.0 1 658
75.45020037893522 519.9309283126195 0 0 11.0 1 659
323.88136088296034 695.3488662225909 0 0 10.0 1 660
367.2995244805776 548.4408262601756 0 0 10.0 1 661
474.7789331288613 254.04072088383933 0 0 13.0 1 662
347.8730768098341 66.0437395724905 0 0 13.0 1 663
164.68722570601113 435.6636825645678 0 0 13.0 1 664
122.76951050169282 478.0208670326663 0 0 12.0 1 665
641.9629122358922 329.5872944538707 0 0 11.0 1 666
326.3420099311558 560.9456445481457 0 0 10.0 1 667
406.32825229091935 114.07002041943474 0 0 11.0 1 668
201.949916503869 239.37259129533484 0 0 11.0 1 669
395.81837071628576 534.9352214083988 0 0 13.0 1 670
343.7056998211818 706.8793765755156 0 0 10.0 1 671
540.0682532291462 667.5535169593848 0 0 10.0 1 672
655.414851988629 559.2615879100379 0 0 10.0 1 673
636.20189051599 331.26378744306425 0 0 12.0 1 674
185.19768855642818 260.73059561232134 0 0 12.0 1 675
765.298363694362 377.3481682369482 0 0 10.0 1 676
482.96354207324384 136.76426783838576 0 0 11.0 1 677
482.08465688630173 294.08442463991366 0 0 13.0 1 678
536.9946697077513 398.79150024239766 0 0 11.0 1 679
505.50798285401663 65.23281888142537 0 0 10.0 1 680
146.48740191610094 384.27223433696145 0 0 11.0 1 681
543.9779141818738 530.0244601136147 0 0 12.0 1 682
401.88101798392347 541.9875409018134 0 0 10.0 1 683
333.2089899299073 593.8142434750779 0 0 13.0 1 684
558.677248346608 90.28152968034198 0 0 11.0 1 685
398.9406715033767 159.0023281790128 0 0 12.0 1 686
213.1201976075244 476.6807632835594 0 0 11.0 1 687
458.1428474877878 625.6289194363432 0 0 10.0 1 688
239.65296880976024 353.3327782220082 0 0 11.0 1 689
609.4032232007173 347.02557113898666 0 0 10.0 1 690
325.27033939700027 531.2115765706687 0 0 11.0 1 691
270.32540594884284 512.9977860741865 0 0 10.0 1 692
288.8109601744735 569.8410946228194 0 0 11.0 1 693
488.57566441408676 281.43207991365 0 0 10.0 1 694
535.2133209345312 477.8033279613119 0 0 10.0 1 695
400.58861783241076 267.00130252875647 0 0 13.0 1 696
281.6219461575023 178.6684921470449 0 0 13.0 1 697
155.83018503875235 241.6898567311934 0 0 10.0 1 698
206.76114753145166 277.1189766618189 0 0 12.0 1 699
189.79115910117252 544.3511108650413 0 0 13.0 1 700
211.82417423368437 280.3385667929503 0 0 13.0 1 701
170.57330679162192 656.318927204896 0 0 12.0 1 702
173.1351383246165 505.0349205598267 0 0 11.0 1 703
476.4067046096684 114.03144317829123 0 0 10.0 1 704
506.74168818422567 525.8221443291344 0 0 10.0 1 705
227.91334584161555 602.8353604788193 0 0 13.0 1 706
386.89628576673226 172.37686261433603 0 0 10.0 1 707
389.9997970325062 226.28760567936172 0 0 12.0 1 708
321.47583181191334 756.4532999010797 0 0 13.0 1 709
282.20389705190837 355.27776693586736 0 0 10.0 1 710
440.1692276827578 523.6383158546361 0 0 11.0 1 711
329.3753134836405 161.2257265648873 0 0 12.0 1 712
440.878786458945 740.5553182929962 0 0 12.0 1 713
385.6442352859546 694.650491293456 0 0 12.0 1 714
54.663941192798916 378.5755633094042 0 0 12.0 1 715
565.8075396060424 679.5225568890473 0 0 12.0 1 716
606.2496210040429 102.50194313964226 0 0 13.0 1 717
564.6497678686983 714.5082732469589 0 0 12.0 1 718
314.7467167466564 264.60473533197273 0 0 11.0 1 719
189.4694083652441 497.4724062795192 0 0 13.0 1 720
155.47185333968997 434.8566419907872 0 0 13.0 1 721
208.4444728775124 510.2156070111031 0 0 11.0 1 722
159.00604196117212 550.2594828580868 0 0 11.0 1 723
247.85424797915152 537.3923947750038 0 0 10.0 1 724
153.90583915148954 355.98109501285325 0 0 13.0 1 725
91.21340194131619 316.0307386042675 0 0 13.0 1 726
196.07191898286462 394.58356457911077 0 0 12.0 1 727
544.1602954708211 555.4406935450481 0 0 13.0 1 728
454.073960342174 566.4361944197025 0 0 13.0 1 729
656.4617572157983 213.67671351711053 0 0 13.0 1 730
698.0392939572434 280.77928343837306 0 0 13.0 1 731
308.8768515912966 498.24750288982113 0 0 13.0 1 732
519.289074780121 343.4834834928524 0 0 10.0 1 733
280.36434449351157 638.6971091813489 0 0 11.0 1 734
607.0038135472263 558.9667297798667 0 0 12.0 1 735
259.2115712681187 204.39933963504114 0 0 13.0 1 736
539.2734031015623 349.93085592393527 0 0 13.0 1 737
121.85166263605493 367.8518675243335 0 0 11.0 1 738
460.95965634992604 50.27307753377215 0 0 11.0 1 739
492.1961094664469 667.560978842676 0 0 11.0 1 740
160.81820873334433 640.2354485218074 0 0 11.0 1 741
448.7677250799408 120.21846202701772 0 0 13.0 1 742
426.28898945352523 263.50864850287235 0 0 10.0 1 743
376.1379944553874 562.2547524462346 0 0 10.0 1 744
556.1151791192185 612.8944594125792 0 0 12.0 1 745
383.7706043659557 184.61056962479876 0 0 11.0 1 746
102.83181011763048 335.91359799430165 0 0 11.0 1 747
330.8067747068705 193.27240732419338 0 0 12.0 1 748
618.2610868287835 611.6083598923215 0 0 10.0 1 749
102.83181011763048 335.91359799430165 0 0 10.0 1 750
181.70424722923084 168.76210448491963 0 0 12.0 1 751
682.0411259817467 479.38389795763646 0 0 12.0 1 752
706.850870423734 193.25730165203703 0 0 11.0 1 753
186.94821541540253 114.78966167875637 0 0 13.0 1 754
248.17122212692365 103.62688683085969 0 0 12.0 1 755
668.9429961353649 423.8676523716335 0 0 13.0 1 756
534.3635472408334 368.52878818888115 0 0 10.0 1 757
66.42412229920802 334.2190467069207 0 0 10.0 1 758
470.4405740204759 546.9936241190952 0 0 12.0 1 759
535.5826017286242 718.3290092160896 0 0 13.0 1 760
94.03121685865102 576.0457433254271 0 0 11.0 1 761
119.67516015509494 639.9562130179761 0 0 11.0 1 762
479.9181590201381 501.26247013988905 0 0 12.0 1 763
518.8942532446398 617.6422673687247 0 0 10.0 1 764
570.2794410209909 375.7324915663171 0 0 13.0 1 765
335.69470182595893 284.7228182737465 0 0 13.0 1 766
508.3589536807682 333.7630227349622 0 0 11.0 1 767
470.2718552972871 523.3931373824214 0 0 10.0 1 768
233.64013623495757 160.02417678425078 0 0 11.0 1 769
286.1396875590441 111.66715544210382 0 0 10.0 1 770
622.7122774338014 356.0882535049052 0 0 12.0 1 771
55.41859214418457 344.64068858715655 0 0 10.0 1 772
530.1654909444376 284.5316278490359 0 0 12.0 1 773
85.4436232706397 416.7118478600296 0 0 13.0 1 774
128.20258469503904 471.32436493613216 0 0 11.0 1 775
465.22057951585344 172.150760353219 0 0 10.0 1 776
655.8197017102772 489.4275137575949 0 0 13.0 1 777
658.4390817808276 232.44928824895206 0 0 11.0 1 778
244.52368391976265 96.50681204000949 0 0 10.0 1 779
387.4447888263603 657.6943279786835 0 0 11.0 1 780
303.6055959789501 513.6183034261056 0 0 13.0 1 781
533.6495612664754 380.9528276828652 0 0 11.0 1 782
179.70152584849382 427.43323324943975 0 0 10.0 1 783
744.244074027835 527.2203501674101 0 0 13.0 1 784
471.27483494119076 633.3578751705329 0 0 12.0 1 785
458.08977550741446 643.157516810602 0 0 11.0 1 786
165.5606870789606 372.9037169133668 0 0 12.0 1 787
503.0465958355087 286.9053534126689 0 0 10.0 1 788
126.84638284857726 484.7531795102342 0 0 13.0 1 789
702.49646798815 574.0600093493451 0 0 13.0 1 790
241.13760891680184 678.9332190674481 0 0 13.0 1 791
408.24292224137974 193.1641853234248 0 0 11.0 1 792
283.2858392108542 530.394803083886 0 0 11.0 1 793
362.90988607008 66.05341228174592 0 0 12.0 1 794
120.86895928274402 630.4991585843679 0 0 10.0 1 795
656.31937817072 467.27091774441203 0 0 11.0 1 796
460.73787071658023 542.6040359205026 0 0 10.0 1 797
475.00015424626815 605.757082169815 0 0 13.0 1 798
755.1266620426777 479.88149914983916 0 0 11.0 1 799
175.8802370932334 419.8829543734003 0 0 11.0 1 800
248.59642237925323 536.7221879712232 0 0 13.0 1 801
398.00848791654107 549.98677901609 0 0 10.0 1 802
154.65476319906568 629.5685404821259 0 0 10.0 1 803
652.7526030715014 388.8142215031744 0 0 10.0 1 804
525.5498905072578 443.88877981461303 0 0 11.0 1 805
582.0698068157598 297.37648687521994 0 0 12.0 1 806
451.20165667277104 282.68678525433 0 0 11.0 1 807
521.9528372399305 427.43183349925795 0 0 13.0 1 808
559.8363180402762 602.5249402797781 0 0 12.0 1 809
213.063353979484 486.54877454129723 0 0 13.0 1 810
284.4393514062309 463.79448641212986 0 0 11.0 1 811
509.3281672898445 656.6872646569046 0 0 10.0 1 812
138.94612752606906 662.2038818674594 0 0 13.0 1 813
223.170221305558 443.07237359230004 0 0 12.0 1 814
164.69664150375462 567.7895392460073 0 0 11.0 1 815
326.63906478866426 733.0152747021045 0 0 11.0 1 816
615.1083302341245 571.3283580260046 0 0 10.0 1 817
276.4763545727218 474.0128976622051 0 0 13.0 1 818
408.48727786901907 527.7183076711168 0 0 10.0 1 819
186.8036040386349 210.86434299930426 0 0 11.0 1 820
407.96563225430407 40.08813759089685 0 0 10.0 1 821
680.0782538611372 599.7302473690361 0 0 12.0 1 822
633.6304574346376 349.62332524985425 0 0 13.0 1 823
144.17760267137749 489.41980219747967 0 0 13.0 1 824
481.91221900384465 192.58884220499084 0 0 11.0 1 825
455.3828219409752 560.7256763365899 0 0 11.0 1 826
266.6346633585832 386.97360439255795 0 0 11.0 1 827
58.52974052166695 476.7988404326517 0 0 13.0 1 828
392.34916716238956 646.8814791694406 0 0 12.0 1 829
304.77795069171515 267.70577742950917 0 0 10.0 1 830
445.3333782433253 139.9213872363827 0 0 13.0 1 831
85.25918314165494 215.1670532525608 0 0 13.0 1 832
259.44716810931027 388.779418575336 0 0 10.0 1 833
401.9075111949647 543.9873654215573 0 0 11.0 1 834
521.3126622911898 461.47550705625565 0 0 10.0 1 835
307.56136034609744 227.16742813076016 0 0 10.0 1 836
414.5070669515813 207.54599248531522 0 0 10.0 1 837
655.5347384897566 147.84330779261134 0 0 13.0 1 838
46.953535280032895 492.64552740814327 0 0 12.0 1 839
549.0225705345108 200.51748580066786 0 0 11.0 1 840
432.58532707985444 621.6172296079411 0 0 10.0 1 841
611.7781266278071 469.850018482578 0 0 12.0 1 842
575.830097210842 379.6830879603759 0 0 13.0 1 843
283.4089463825277 489.529471216844 0 0 11.0 1 844
450.82713639248846 566.4109437691504 0 0 12.0 1 845
745.8782965343202 390.82372698112846 0 0 10.0 1 846
294.51285625085836 481.0028549104779 0 0 13.0 1 847
750.6668040419619 359.4809607345349 0 0 13.0 1 848
448.26237075714863 574.4469649174199 0 0 13.0 1 849
482.3734432124098 285.5639224137252 0 0 13.0 1 850
107.75703776149021 179.65923885476633 0 0 11.0 1 851
104.28983925886422 386.904167286819 0 0 12.0 1 852
268.84544545566325 132.41359746377884 0 0 12.0 1 853
672.1601459836078 556.6041344862304 0 0 11.0 1 854
540.0477072818293 428.90743304243847 0 0 13.0 1 855
402.5433482599529 591.9831538954097 0 0 11.0 1 856
254.53381758006682 531.3605335409792 0 0 11.0 1 857
277.34000631760784 687.9644525802369 0 0 13.0 1 858
297.39114190642005 604.7252359645278 0 0 10.0 1 859
375.64305235945506 688.9753261121713 0 0 10.0 1 860
136.03876520585294 432.8704506502296 0 0 13.0 1 861
501.9374807860902 325.9409019027001 0 0 12.0 1 862
232.42066315406834 411.88132409615054 0 0 12.0 1 863
158.61578717739195 511.7571554756556 0 0 12.0 1 864
565.0989010063439 242.7538461948991 0 0 10.0 1 865
176.55136206789365 693.6523560373498 0 0 10.0 1 866
71.95972955178308 244.56969097289718 0 0 13.0 1 867
603.9439273732047 163.88376911446136 0 0 10.0 1 868
315.7419785994624 506.75479300559084 0 0 12.0 1 869
592.9061103306337 542.7838667255701 0 0 10.0 1 870
563.4052018111983 589.20554965709 0 0 12.0 1 871
554.3030854179424 145.05969751625543 0 0 11.0 1 872
328.7663809760303 173.9584739019223 0 0 10.0 1 873
312.3975679775058 138.27148817191454 0 0 11.0 1 874
506.3090871720065 621.8431382410886 0 0 12.0 1 875
510.2265960755726 686.5294007909006 0 0 13.0 1 876
680.906957063941 163.82150505798117 0 0 10.0 1 877
447.2587014465562 686.1234264047341 0 0 12.0 1 878
334.7962043569591 600.672531836673 0 0 11.0 1 879
259.2747505723029 250.93154534405195 0 0 13.0 1 880
574.4192747572813 529.1004128310362 0 0 13.0 1 881
345.5433301205708 549.3836373423906 0 0 10.0 1 882
179.61146201659744 245.76027643457624 0 0 10.0 1 883
264.46030926298226 619.5290236732118 0 0 10.0 1 884
166.46261678683473 634.5661754003488 0 0 10.0 1 885
731.1367335252403 253.73837239305047 0 0 12.0 1 886
99.42390668083351 415.9690990662505 0 0 13.0 1 887
690.0893409425671 262.562107584891 0 0 11.0 1 888
495.0660797065042 146.22167056811847 0 0 12.0 1 889
235.00785812373343 624.9857620363607 0 0 13.0 1 890
467.83122211325656 287.9289274316425 0 0 11.0 1 891
606.5692176900654 580.0143280489482 0 0 12.0 1 892
645.1111057074937 356.16455932866836 0 0 10.0 1 893
667.5702398949676 357.0213224662568 0 0 11.0 1 894
248.49476424630785 345.52832351379146 0 0 11.0 1 895
240.7771213239841 601.7351603120356 0 0 13.0 1 896
275.3995986235277 375.4288792111145 0 0 11.0 1 897
507.3588119531827 634.6019724895789 0 0 10.0 1 898
170.09488761690557 113.93595245099971 0 0 11.0 1 899
531.6575978882742 501.105276411716 0 0 13.0 1 900
119.99058375794402 310.3856773959483 0 0 13.0 1 901
563.7612551116381 350.7734693050489 0 0 10.0 1 902
403.518154245651 241.03892743597945 0 0 11.0 1 903
470.914609246892 519.5496474079309 0 0 13.0 1 904
625.4996161969557 373.9438472712165 0 0 13.0 1 905
621.8933275587236 661.5575485145037 0 0 13.0 1 906
329.4980119345155 534.6605721019122 0 0 13.0 1 907
91.36160058885201 556.3916187297923 0 0 10.0 1 908
225.2381401154846 520.0095509936814 0 0 11.0 1 909
153.20110621855102 450.9343305468234 0 0 13.0 1 910
571.3764996691452 105.19312192360326 0 0 11.0 1 911
443.31470152399515 614.6737912086318 0 0 11.0 1 912
449.36213577302794 757.6092554058482 0 0 10.0 1 913
670.512471051491 549.3452476834004 0 0 10.0 1 914
293.55544876939086 565.7665753803046 0 0 11.0 1 915
412.3529091368982 653.6994395655133 0 0 12.0 1 916
566.1963664122947 333.51866584258187 0 0 10.0 1 917
414.5070669515813 207.54599248531522 0 0 12.0 1 918
500.4230692068945 709.0957896365903 0 0 10.0 1 919
508.19298119900554 293.2372779511892 0 0 11.0 1 920
282.22844379285624 253.46037891222872 0 0 11.0 1 921
277.92605145157256 314.566101073427 0 0 11.0 1 922
159.81145066992252 571.2730590919451 0 0 13.0 1 923
200.39524333803524 510.1904765300425 0 0 13.0 1 924
367.72272271071466 214.7915299701696 0 0 11.0 1 925
720.9047443998911 499.5798424463535 0 0 11.0 1 926
537.3206589237278 594.3888799102284 0 0 11.0 1 927
567.3471724770553 336.47107852375655 0 0 10.0 1 928
496.3826285712534 479.59515632056895 0 0 12.0 1 929
281.8208789554795 115.57479832274959 0 0 12.0 1 930
703.5323177833075 446.01230336652634 0 0 13.0 1 931
605.4034601300909 211.18681569713902 0 0 13.0 1 932
586.1187359517701 559.3261313398253 0 0 10.0 1 933
278.05932384179647 445.06075341225585 0 0 13.0 1 934
462.2242293572133 580.5800245899334 0 0 10.0 1 935
625.0652256670855 267.838567670353 0 0 10.0 1 936
266.71602315509 643.9659433535867 0 0 12.0 1 937
358.5162891597953 535.8053818334395 0 0 12.0 1 938
504.84093177220586 672.5295929346677 0 0 12.0 1 939
265.48962803295717 656.918196773385 0 0 12.0 1 940
337.50569716329863 41.40487717628582 0 0 11.0 1 941
258.88979866274 541.7318280364645 0 0 11.0 1 942
441.5831598990809 275.7750394936369 0 0 10.0 1 943
368.7023668452745 706.4057084306887 0 0 11.0 1 944
284.9233261451417 184.84108399951776 0 0 10.0 1 945
321.10778211295474 231.56004643534547 0 0 11.0 1 946
302.91662573719066 321.2610741643798 0 0 10.0 1 947
743.3467833091945 442.7666504560391 0 0 12.0 1 948
85.99899258462932 374.9327436257507 0 0 11.0 1 949
339.58667753663326 208.29389558770626 0 0 13.0 1 950
726.9281125347296 485.8021516890991 0 0 11.0 1 951
444.63454324483416 168.25928810559628 0 0 10.0 1 952
728.6782862076046 385.45406669780385 0 0 10.0 1 953
467.1109489402405 594.7617019137501 0 0 12.0 1 954
579.2419275155472 532.6700094991755 0 0 12.0 1 955
511.16818093062267 297.81078555651607 0 0 13.0 1 956
329.39316480411946 65.36785147923734 0 0 12.0 1 957
390.7287529360403 167.18452805305438 0 0 11.0 1 958
397.061149635935 267.0324732931471 0 0 10.0 1 959
594.7177850427017 516.6789792039002 0 0 10.0 1 960
557.4013496007083 189.30160146817528 0 0 10.0 1 961
241.11814030031687 75.84331773296697 0 0 13.0 1 962
472.40234263884025 234.111782273701 0 0 12.0 1 963
669.5273558869935 475.86174548852637 0 0 11.0 1 964
556.7884154995744 419.5292796880178 0 0 10.0 1 965
410.1189828978518 726.8433970345936 0 0 13.0 1 966
258.6725537083494 386.19590913241217 0 0 13.0 1 967
548.8804943263442 684.3863541190811 0 0 13.0 1 968
448.5285826574921 218.37132201864443 0 0 12.0 1 969
348.5773219520411 680.3225074487883 0 0 10.0 1 970
192.90126240438923 672.1655982785193 0 0 12.0 1 971
425.33099255276113 63.95336511684576 0 0 10.0 1 972
509.6551484229801 538.9415287965919 0 0 11.0 1 973
266.01292528262854 276.82750384651 0 0 10.0 1 974
514.3837968870025 713.803038560357 0 0 13.0 1 975
521.1928282021598 449.7322671146387 0 0 10.0 1 976
412.42054547541085 184.35740205123375 0 0 10.0 1 977
577.6376876912628 295.6886779313897 0 0 12.0 1 978
475.11605081558616 118.86199312460388 0 0 10.0 1 979
612.9982544855557 592.3557734670485 0 0 10.0 1 980
259.79418800912356 414.9442391569131 0 0 13.0 1 981
506.9119444479554 729.0681329669546 0 0 10.0 1 982
118.03213497430085 447.85523056938604 0 0 11.0 1 983
255.39559868770922 235.5294338761067 0 0 12.0 1 984
625.4265204041719 109.12737513050922 0 0 13.0 1 985
539.152759686953 470.5160227998227 0 0 13.0 1 986
233.4181592067227 411.8106019289115 0 0 12.0 1 987
628.8941628025691 245.7811223134114 0 0 10.0 1 988
188.31109159558653 315.31348360838166 0 0 12.0 1 989
273.24136964883087 325.5604296660998 0 0 10.0 1 990
391.79161659122764 664.8728420238938 0 0 10.0 1 991
562.8644848194319 367.8883263516047 0 0 11.0 1 992
260.0970679085815 728.4450785020593 0 0 12.0 1 993
400.8807138996221 201.00194889641 0 0 10.0 1 994
268.18060508757316 694.8773425085787 0 0 13.0 1 995
206.4227783411755 299.7410390296691 0 0 10.0 1 996
603.6450278430657 376.46911317444665 0 0 13.0 1 997
503.96095581329496 197.081002204362 0 0 10.0 1 998
523.5874695740126 670.0650613542828 0 0 12.0 1 999
428.16786695081373 604.0651152731433 0 0 11.0 1 1000
574.6784363156775 157.33058724612653 0 0 10.0 1 1001
284.8174079551741 329.58714258151997 0 0 11.0 1 1002
666.4694643337104 503.87504309363914 0 0 13.0 1 1003
165.12416861948975 466.10101234712005 0 0 13.0 1 1004
344.7959822166833 536.2406562688952 0 0 10.0 1 1005
102.69888776917082 571.0586117864632 0 0 13.0 1 1006
507.81246798671737 327.36067355341845 0 0 10.0 1 1007
506.5717057716386 230.7591316232297 0 0 13.0 1 1008
326.3256267977964 572.9626743932413 0 0 12.0 1 1009
497.70695181624524 152.59476245079625 0 0 12.0 1 1010
667.010691490954 547.4119758687286 0 0 12.0 1 1011
533.9907876117439 276.8315428561982 0 0 10.0 1 1012
478.76728528146884 616.0919127810841 0 0 11.0 1 1013
745.9297813403523 353.8092392158772 0 0 10.0 1 1014
581.2324494394438 208.03437997865493 0 0 13.0 1 1015
169.81456240377713 597.0372155676064 0 0 13.0 1 1016
723.7165585603882 283.62307052590364 0 0 13.0 1 1017
288.3127853051701 662.2040542663499 0 0 10.0 1 1018
267.4352498128517 727.1629364824489 0 0 10.0 1 1019
243.15585709207727 93.83678399344069 0 0 10.0 1 1020
472.58356004983045 544.8296475535747 0 0 10.0 1 1021
398.4219961398847 41.003468117284626 0 0 10.0 1 1022
153.7833370425506 380.34408785892197 0 0 12.0 1 1023
225.2405953249085 190.26647745863895 0 0 10.0 1 1024
202.23179745352988 349.96263334728366 0 0 12.0 1 1025
585.7044443587674 713.065263715733 0 0 13.0 1 1026
293.8690607854569 495.83957294061236 0 0 12.0 1 1027
414.4319008015731 208.54316350870738 0 0 13.0 1 1028
688.8768222163741 230.3675102282308 0 0 11.0 1 1029
219.36960610697824 113.13128298461714 0 0 13.0 1 1030
134.74840329630922 619.0378744558634 0 0 10.0 1 1031
145.63850657313944 418.03415264594275 0 0 10.0 1 1032
324.70285242238265 741.8045341517202 0 0 10.0 1 1033
261.73499487364563 633.0746411718984 0 0 13.0 1 1034
290.2372925123779 338.1279704148417 0 0 13.0 1 1035
377.2698298735731 156.05668821215104 0 0 10.0 1 1036
513.0763996533492 530.9302403627064 0 0 10.0 1 1037
283.0359587589777 526.1087350526062 0 0 12.0 1 1038
541.5976208728471 449.4986238510673 0 0 13.0 1 1039
538.9199449113858 604.2308715787541 0 0 13.0 1 1040
583.1624816892994 685.2586638498769 0 0 10.0 1 1041
240.42020343670652 88.49672790030303 0 0 11.0 1 1042
429.8056000433562 753.7465564582296 0 0 12.0 1 1043
510.274576268151 88.97022999577723 0 0 11.0 1 1044
237.46394684045495 470.0787515821846 0 0 11.0 1 1045
231.24985010430524 366.7225765693834 0 0 13.0 1 1046
548.949952561888 733.2250165155841 0 0 11.0 1 1047
634.0727906313745 461.4323097892366 0 0 11.0 1 1048
104.5298510558714 503.27822172624036 0 0 10.0 1 1049
180.77337526419714 183.6584020421697 0 0 11.0 1 1050
114.50757616209393 551.0730814247112 0 0 10.0 1 1051
618.3059875462161 382.57886911043585 0 0 10.0 1 1052
517.8084614644577 723.1983391160563 0 0 11.0 1 1053
640.8148542722903 606.1485046315291 0 0 12.0 1 1054
626.8766560457091 619.9613214670184 0 0 11.0 1 1055
541.836936980787 629.743951624212 0 0 10.0 1 1056
282.7018264646598 242.97408339616922 0 0 11.0 1 1057
278.254990011007 613.7619062012219 0 0 13.0 1 1058
382.022690253046 670.4030627309204 0 0 12.0 1 1059
539.9945529860232 398.765036744056 0 0 10.0 1 1060
316.5896566372378 574.0451510962201 0 0 10.0 1 1061
267.3282997456183 171.7584175667994 0 0 12.0 1 1062
191.64954783516794 439.16744927500423 0 0 13.0 1 1063
562.881665472852 197.34373177029553 0 0 12.0 1 1064
124.7296389255248 257.4299178862267 0 0 10.0 1 1065
265.37985205472864 177.5648054664162 0 0 13.0 1 1066
354.60398945171255 708.6797729464952 0 0 10.0 1 1067
217.89032097210224 367.4260103095114 0 0 10.0 1 1068
628.6855894511328 298.9905886692337 0 0 13.0 1 1069
295.3077537484271 471.8925140386676 0 0 10.0 1 1070
459.9448474650386 584.5064098138416 0 0 13.0 1 1071
450.1703210524128 545.598553857852 0 0 11.0 1 1072
264.469499062217 56.790904381084886 0 0 10.0 1 1073
504.86172511651205 311.8352757300911 0 0 13.0 1 1074
542.6441884131953 303.89258347067664 0 0 11.0 1 1075
138.84234116605177 468.5323079457498 0 0 12.0 1 1076
459.1548573279307 758.1475992583396 0 0 11.0 1 1077
579.1878718344465 425.54812297296985 0 0 11.0 1 1078
418.68706357081584 255.20085064096443 0 0 10.0 1 1079
480.3335485371971 50.103556777977815 0 0 10.0 1 1080
237.7251001894676 459.96546415630974 0 0 12.0 1 1081
598.5451598005494 531.2395501355223 0 0 10.0 1 1082
184.99249484965821 268.56266615217066 0 0 12.0 1 1083
562.412775301039 68.66468582565153 0 0 13.0 1 1084
172.53201993946305 136.632731632841 0 0 13.0 1 1085
481.9502302555658 532.7409498273225 0 0 10.0 1 1086
230.26874458165585 366.52910317734495 0 0 11.0 1 1087
225.79575806453036 705.870695052155 0 0 11.0 1 1088
552.686192676656 491.49276783389536 0 0 11.0 1 1089
236.38105183009176 293.9158833765729 0 0 13.0 1 1090
223.96911013719472 180.9700344379589 0 0 10.0 1 1091
55.33781940644644 384.73627606065054 0 0 11.0 1 1092
431.75054072828857 573.1124003746158 0 0 10.0 1 1093
521.4221366961171 604.6965185833639 0 0 10.0 1 1094
301.623738039994 237.45120399468877 0 0 12.0 1 1095
412.5288395509434 265.58263438265607 0 0 11.0 1 1096
266.7979808741501 568.7667683544267 0 0 13.0 1 1097
560.726659695157 579.5771167583364 0 0 11.0 1 1098
258.87406106372435 343.54232240558775 0 0 13.0 1 1099
232.19643202978955 707.1513675314941 0 0 11.0 1 1100
472.9491276410202 82.26673958111633 0 0 13.0 1 1101
210.31144476131047 98.74553611363928 0 0 10.0 1 1102
704.1445198435174 340.03241668070757 0 0 13.0 1 1103
195.3738132667919 313.90630857591105 0 0 12.0 1 1104
204.09491371345948 321.6278291288093 0 0 11.0 1 1105
483.0742329114628 641.0885145048848 0 0 12.0 1 1106
751.4437801032558 287.5354748076782 0 0 12.0 1 1107
368.74545530732564 554.8778661915692 0 0 13.0 1 1108
151.04678450413374 570.9570018872253 0 0 13.0 1 1109
374.49446129273997 649.7007558964378 -2 6 10.0 1 1110
660.4766326107763 607.4630662642164 21 -8 13.0 1 1111
235.33094187949192 601.2066134541922 -12 -9 12.0 1 1112
549.6240986521358 436.4503649163618 -1 18 11.0 1 1113
686.0281788999699 564.5839629950829 10 -17 13.0 1 1114
327.86469234944855 226.38981196323675 0 -17 11.0 1 1115
584.0804739960449 641.9305253443464 -3 5 11.0 1 1116
387.980088527562 646.7073605067242 -6 16 10.0 1 1117
89.00000014130006 399.9906251061052 -13 -5 11.0 1 1118
422.2127975478233 734.2627583580011 -1 -3 10.0 1 1119
560.9593464429546 348.4918570257388 -13 19 10.0 1 1120
354.5028779790183 625.4551216712716 6 -5 11.0 1 1121
448.8534759081226 276.2973812253981 -2 11 11.0 1 1122
594.8953960480771 420.7794273083543 5 -16 10.0 1 1123
270.412282653974 389.65478308364317 17 4 12.0 1 1124
524.4847175549328 233.36400420296752 -10 -4 11.0 1 1125
348.4018943665027 281.76872031888325 6 4 10.0 1 1126
530.1760330229295 156.62744520712042 -16 -12 12.0 1 1127
367.17590095266905 637.7447760135457 14 -8 12.0 1 1128
571.4527476357569 255.84745812803212 -11 8 11.0 1 1129
705.0548543425566 547.8598520290127 -1 -17 12.0 1 1130
269.72688959664094 219.0085175876107 6 -13 13.0 1 1131
680.906957063941 163.82150505798117 20 -7 10.0 1 1132
142.66820978698388 171.70994383073918 1 -13 10.0 1 1133
482.84731916714827 721.4970010852616 16 1 10.0 1 1134
498.7331729923052 723.2580401952464 22 2 13.0 1 1135
196.23403481743333 363.55234667064246 -4 10 12.0 1 1136
565.5668043305817 446.60078651438045 -17 7 13.0 1 1137
287.7640645146803 238.09850283047058 -8 13 10.0 1 1138
213.57762379086404 294.9157592760009 12 -9 11.0 1 1139
662.8428998553977 263.87648992328576 -11 -16 11.0 1 1140
320.24610521566274 661.0906284544294 1 -16 12.0 1 1141
220.13072112990653 619.7795316191946 -12 -14 11.0 1 1142
135.3852658058271 262.9487597745018 17 -7 12.0 1 1143
495.8778186865705 75.88359516385918 9 -14 10.0 1 1144
256.51072300514625 494.84106382519195 -5 6 13.0 1 1145
446.59184428026373 252.16833882228187 15 -16 10.0 1 1146
633.6392330288015 366.70272098634206 3 -17 12.0 1 1147
89.59816232792872 496.3104312616298 -15 7 13.0 1 1148
399.3582491265269 254.00141043209905 1 21 11.0 1 1149
392.13234194027103 653.8781202795058 -1 -2 13.0 1 1150
532.3940427829937 269.3561427560605 -12 -1 12.0 1 1151
405.7750833843704 139.06389975340022 -13 20 11.0 1 1152
505.70687962971544 561.4777247763568 -14 -17 11.0 1 1153
315.7167973562637 268.7279856476831 -12 -16 13.0 1 1154
258.462489614577 484.8064452379433 7 21 13.0 1 1155
590.8955352128913 296.8113638243833 -15 -8 13.0 1 1156
262.7164754451851 367.8404930726926 21 10 13.0 1 1157
192.2957105400746 672.9614041214389 15 16 12.0 1 1158
581.6510988862674 388.73597436919283 -7 -15 10.0 1 1159
392.32038333328654 207.1528494173369 17 5 11.0 1 1160
268.17788351361384 497.56500194767403 4 -11 11.0 1 1161
186.7752956012129 522.6834358585129 -4 13 12.0 1 1162
253.88150299087312 101.88360522810257 -4 -7 10.0 1 1163
527.5442612354173 615.0173514531133 -11 -7 12.0 1 1164
262.6588334568197 243.7905125398639 17 10 13.0 1 1165
600.6780889006874 349.2328390081956 19 -9 13.0 1 1166
387.1968837655228 262.5951958092933 -8 -5 11.0 1 1167
548.2424400483956 208.7196325586501 -1 6 11.0 1 1168
121.4282523466178 219.38499118472924 0 0 11.0 1 1169
616.8679052995757 505.1157060147258 5 4 10.0 1 1170
311.1858835269348 266.9133638748473 -11 18 12.0 1 1171
307.558830211321 294.8589988249084 10 1 10.0 1 1172
215.63977496464446 107.20774015539098 2 -2 13.0 1 1173
196.1276325387971 407.2151081602599 6 -2 13.0 1 1174
