400 400 -7.071067811865475 -7.071067811865477 5 2 -1 10 187
57.15728752538104 57.15728752538092
800.0 400.0 0 0 24.0 1 0
799.4518139018296 420.9343824971775 0 0 24.0 1 1
797.8087581473094 441.8113853070614 0 0 24.0 1 2
795.0753362380551 462.57378601609236 0 0 24.0 1 3
791.2590402935223 483.16467632710373 0 0 24.0 1 4
786.3703305156273 503.5276180410083 0 0 24.0 1 5
780.4226065180615 523.6067977499789 0 0 24.0 1 6
773.4321705988807 543.3471798181201 0 0 24.0 1 7
765.4181830570403 562.6946572303201 0 0 24.0 1 8
756.4026096753471 581.5961998958187 0 0 24.0 1 9
746.4101615137755 600.0 0 0 24.0 1 10
735.4682271781696 617.8556140060108 0 0 24.0 1 11
723.606797749979 635.1141009169893 0 0 24.0 1 12
710.8583845827884 651.728156419935 0 0 24.0 1 13
697.2579301909577 667.6522425435433 0 0 24.0 1 14
682.842712474619 682.842712474619 0 0 24.0 1 15
667.6522425435433 697.2579301909577 0 0 24.0 1 16
651.728156419935 710.8583845827884 0 0 24.0 1 17
635.1141009169893 723.606797749979 0 0 24.0 1 18
617.8556140060108 735.4682271781696 0 0 24.0 1 19
600.0 746.4101615137754 0 0 24.0 1 20
581.5961998958187 756.4026096753471 0 0 24.0 1 21
562.6946572303201 765.4181830570403 0 0 24.0 1 22
543.3471798181201 773.4321705988807 0 0 24.0 1 23
523.606797749979 780.4226065180615 0 0 24.0 1 24
503.5276180410083 786.3703305156273 0 0 24.0 1 25
483.1646763271038 791.2590402935223 0 0 24.0 1 26
462.57378601609236 795.0753362380551 0 0 24.0 1 27
441.8113853070614 797.8087581473094 0 0 24.0 1 28
420.9343824971776 799.4518139018296 0 0 24.0 1 29
400.0 800.0 0 0 24.0 1 30
379.0656175028225 799.4518139018296 0 0 24.0 1 31
358.1886146929386 797.8087581473094 0 0 24.0 1 32
337.4262139839077 795.0753362380551 0 0 24.0 1 33
316.83532367289627 791.2590402935223 0 0 24.0 1 34
296.47238195899166 786.3703305156273 0 0 24.0 1 35
276.3932022500211 780.4226065180615 0 0 24.0 1 36
256.65282018187986 773.4321705988807 0 0 24.0 1 37
237.3053427696799 765.4181830570403 0 0 24.0 1 38
218.4038001041813 756.4026096753471 0 0 24.0 1 39
200.00000000000009 746.4101615137755 0 0 24.0 1 40
182.14438599398918 735.4682271781696 0 0 24.0 1 41
164.8858990830108 723.606797749979 0 0 24.0 1 42
148.27184358006508 710.8583845827884 0 0 24.0 1 43
132.3477574564567 697.2579301909577 0 0 24.0 1 44
117.15728752538104 682.842712474619 0 0 24.0 1 45
102.74206980904233 667.6522425435434 0 0 24.0 1 46
89.14161541721165 651.728156419935 0 0 24.0 1 47
76.39320225002109 635.1141009169893 0 0 24.0 1 48
64.53177282183043 617.8556140060109 0 0 24.0 1 49
53.589838486224494 600.0 0 0 24.0 1 50
43.597390324652906 581.5961998958187 0 0 24.0 1 51
34.58181694295968 562.6946572303202 0 0 24.0 1 52
26.567829401119297 543.3471798181201 0 0 24.0 1 53
19.5773934819386 523.606797749979 0 0 24.0 1 54
13.629669484372698 503.5276180410084 0 0 24.0 1 55
8.740959706477724 483.16467632710373 0 0 24.0 1 56
4.924663761944942 462.5737860160924 0 0 24.0 1 57
2.1912418526906663 441.81138530706147 0 0 24.0 1 58
0.5481860981704472 420.9343824971775 0 0 24.0 1 59
0.0 400.00000000000006 0 0 24.0 1 60
0.5481860981704472 379.0656175028226 0 0 24.0 1 61
2.1912418526906663 358.1886146929386 0 0 24.0 1 62
4.924663761944885 337.4262139839077 0 0 24.0 1 63
8.740959706477781 316.8353236728962 0 0 24.0 1 64
13.629669484372698 296.47238195899166 0 0 24.0 1 65
19.577393481938543 276.3932022500211 0 0 24.0 1 66
26.567829401119297 256.65282018187986 0 0 24.0 1 67
34.58181694295968 237.30534276967992 0 0 24.0 1 68
43.59739032465285 218.40380010418136 0 0 24.0 1 69
218.40380010418124 43.597390324652906 0 0 24.0 1 70
237.30534276967995 34.58181694295962 0 0 24.0 1 71
256.65282018187975 26.567829401119354 0 0 24.0 1 72
276.393202250021 19.5773934819386 0 0 24.0 1 73
296.4723819589917 13.629669484372698 0 0 24.0 1 74
316.8353236728961 8.740959706477781 0 0 24.0 1 75
337.4262139839076 4.924663761944942 0 0 24.0 1 76
358.18861469293864 2.1912418526906663 0 0 24.0 1 77
379.0656175028223 0.5481860981704472 0 0 24.0 1 78
399.99999999999994 0.0 0 0 24.0 1 79
420.9343824971776 0.5481860981704472 0 0 24.0 1 80
441.8113853070612 2.1912418526906663 0 0 24.0 1 81
462.5737860160923 4.924663761944885 0 0 24.0 1 82
483.1646763271038 8.740959706477781 0 0 24.0 1 83
503.5276180410081 13.629669484372641 0 0 24.0 1 84
523.6067977499789 19.577393481938543 0 0 24.0 1 85
543.3471798181201 26.567829401119297 0 0 24.0 1 86
562.6946572303199 34.58181694295956 0 0 24.0 1 87
581.5961998958187 43.59739032465279 0 0 24.0 1 88
600.0 53.58983848622455 0 0 24.0 1 89
617.8556140060107 64.53177282183032 0 0 24.0 1 90
635.1141009169892 76.39320225002098 0 0 24.0 1 91
651.728156419935 89.14161541721171 0 0 24.0 1 92
667.6522425435431 102.74206980904216 0 0 24.0 1 93
682.842712474619 117.15728752538092 0 0 24.0 1 94
697.2579301909577 132.34775745645675 0 0 24.0 1 95
710.8583845827882 148.27184358006485 0 0 24.0 1 96
723.6067977499789 164.88589908301066 0 0 24.0 1 97
735.4682271781696 182.1443859939892 0 0 24.0 1 98
746.4101615137754 199.99999999999983 0 0 24.0 1 99
756.4026096753471 218.40380010418122 0 0 24.0 1 100
765.4181830570403 237.30534276967995 0 0 24.0 1 101
773.4321705988806 256.6528201818797 0 0 24.0 1 102
780.4226065180615 276.3932022500209 0 0 24.0 1 103
786.3703305156273 296.4723819589917 0 0 24.0 1 104
791.2590402935223 316.83532367289604 0 0 24.0 1 105
795.0753362380551 337.4262139839076 0 0 24.0 1 106
797.8087581473094 358.18861469293864 0 0 24.0 1 107
799.4518139018296 379.06561750282225 0 0 24.0 1 108
800.0 399.9999999999999 0 0 24.0 1 109
166.0000001063158 399.9929462213139 0 0 10.0 1 110
405.3359979726806 266.10628421902857 0 0 12.0 1 111
333.61456391759816 657.5829456236366 0 0 11.0 1 112
650.7153342657789 264.4757543315634 0 0 11.0 1 113
627.8229511674471 342.36578341510125 0 0 10.0 1 114
408.1647730606617 31.090341030669265 0 0 13.0 1 115
576.6226036222467 145.236470644445 0 0 10.0 1 116
563.8027049535355 687.6276653069119 0 0 13.0 1 117
322.3822673096734 724.8561028701986 0 0 13.0 1 118
496.3618746055347 576.3955473432003 0 0 11.0 1 119
157.99658308385398 161.18135290369383 0 0 10.0 1 120
534.4610788866137 206.05099055512588 0 0 11.0 1 121
607.8076346568416 446.74384428273555 0 0 10.0 1 122
254.3760747580197 690.5489156701813 0 0 10.0 1 123
280.058519314683 213.1898257293952 0 0 11.0 1 124
684.3881799477043 430.32100107239455 0 0 10.0 1 125
144.89188873034843 244.04856023610725 0 0 10.0 1 126
645.0832444597628 273.0740243879286 0 0 12.0 1 127
301.623738039994 237.45120399468877 0 0 13.0 1 128
552.4329612472875 465.72816995309495 0 0 10.0 1 129
581.0665219410411 273.2880643657651 0 0 10.0 1 130
737.0023376773761 517.8067247655401 0 0 12.0 1 131
373.4161555276087 621.4097992706459 0 0 11.0 1 132
302.99458493117686 500.94527947024244 0 0 11.0 1 133
547.6010898249258 466.76764397890776 0 0 12.0 1 134
603.6450278430657 376.46911317444665 0 0 10.0 1 135
576.8491260275431 82.99308111131995 0 0 10.0 1 136
566.618184852396 101.33232435281383 0 0 13.0 1 137
762.8464815836652 371.0443303936012 0 0 12.0 1 138
97.22431110339085 266.2544123599446 0 0 11.0 1 139
345.2824531810873 195.1830327582207 0 0 11.0 1 140
455.2820540718703 650.9838530614963 0 0 11.0 1 141
312.2956688006713 524.1448762087202 0 0 10.0 1 142
167.5353617306083 539.288161572622 0 0 12.0 1 143
412.01247463312535 646.7077227270936 0 0 13.0 1 144
525.4452257486574 329.2928904786204 0 0 10.0 1 145
558.592437242648 259.31439714940007 0 0 12.0 1 146
247.31104940239217 491.48816516578125 0 0 11.0 1 147
118.10205418792697 555.6198835204987 0 0 10.0 1 148
353.8596438883133 160.4022797731858 0 0 13.0 1 149
418.7112812654646 555.8810057492724 0 0 11.0 1 150
158.07354453342825 458.9286869477072 0 0 11.0 1 151
739.3482067106095 378.95731475563497 0 0 12.0 1 152
315.80001855621134 105.8123674848556 0 0 12.0 1 153
277.9719811776099 497.1862265050064 0 0 12.0 1 154
558.308575619365 646.5509985487137 0 0 12.0 1 155
143.23028574904356 612.0337563773329 0 0 12.0 1 156
266.253553646457 336.6289649145697 0 0 13.0 1 157
541.4596597181775 670.211333353021 0 0 13.0 1 158
86.92649088797077 544.9481903725608 0 0 11.0 1 159
196.6197830469892 503.0557487583602 0 0 13.0 1 160
350.76385142900364 756.6171640203186 0 0 10.0 1 161
164.45286162283395 385.3868004075705 0 0 11.0 1 162
117.23289470123552 216.66488563028238 0 0 12.0 1 163
647.214086353706 380.2719613670689 0 0 11.0 1 164
556.1115915886955 174.82191276315461 0 0 11.0 1 165
273.30409349684123 274.971414167228 0 0 10.0 1 166
579.6360009739864 234.87305745556245 0 0 13.0 1 167
224.5921199656962 137.1538936528234 0 0 13.0 1 168
507.88214404794786 589.4345348547033 0 0 11.0 1 169
360.474314063839 686.2843344496446 0 0 12.0 1 170
386.0341993040173 157.40165620738446 0 0 13.0 1 171
553.411939670503 680.828732088677 0 0 12.0 1 172
482.5014137792026 653.9340794860603 0 0 10.0 1 173
621.4309501123765 203.57104507652082 0 0 12.0 1 174
660.8825772600139 544.0287501930529 0 0 10.0 1 175
163.61509871689535 519.7797079866906 0 0 10.0 1 176
140.06033925713086 196.6988126623897 0 0 13.0 1 177
100.78064808261439 224.28210268120165 0 0 10.0 1 178
253.79164317996512 532.0307403447597 0 0 13.0 1 179
276.87780386128395 241.12292544869936 0 0 10.0 1 180
237.9145539732797 493.2593597786257 0 0 11.0 1 181
739.7969879575311 495.6399862766064 0 0 10.0 1 182
709.5372046979895 300.94587889565156 0 0 11.0 1 183
566.7117329362563 420.765310048019 0 0 10.0 1 184
460.73787071658023 542.6040359205026 0 0 11.0 1 185
255.7139479744561 466.80220947604977 0 0 10.0 1 186
292.48488893523387 232.54403297364706 0 0 10.0 1 187
96.81199383463513 345.7687090558352 0 0 13.0 1 188
556.0582504923931 574.3611839064346 0 0 11.0 1 189
665.3735935288432 631.2592827490138 0 0 10.0 1 190
124.27025552515715 387.7890208485204 0 0 13.0 1 191
240.78880542121323 429.9298433139183 0 0 10.0 1 192
644.6037231473573 278.7646148088316 0 0 12.0 1 193
247.02040434097506 474.1433969548283 0 0 10.0 1 194
337.7199031107559 660.6629807461474 0 0 13.0 1 195
616.215598662252 560.0369172882431 0 0 13.0 1 196
221.49559530836612 579.2907624661276 0 0 12.0 1 197
262.30285655416446 163.11290308069334 0 0 13.0 1 198
373.1777353978115 623.3955373806965 0 0 10.0 1 199
590.3179816464838 145.23919873338303 0 0 11.0 1 200
362.8178526034364 555.6196899976999 0 0 10.0 1 201
296.1504845820002 643.8037697564306 0 0 11.0 1 202
623.9451137007671 343.34679135697183 0 0 10.0 1 203
155.89340883728735 513.0175745223735 0 0 13.0 1 204
536.9356400867273 274.12454379809265 0 0 12.0 1 205
595.8307920673375 350.4590989355338 0 0 13.0 1 206
171.63528087373277 227.821153859189 0 0 13.0 1 207
588.7291225197173 630.6194231042509 0 0 11.0 1 208
387.0112306284276 174.37355680192957 0 0 12.0 1 209
202.26682527042075 546.347502921511 0 0 11.0 1 210
581.7358829449104 288.9096365554878 0 0 13.0 1 211
171.8048094089578 322.4890008378301 0 0 12.0 1 212
531.8209570908648 349.95766520586415 0 0 11.0 1 213
432.8937173838741 674.0328508713322 0 0 12.0 1 214
139.41674510098238 517.8658867791423 0 0 13.0 1 215
167.04938035211688 465.5592007705043 0 0 13.0 1 216
535.9253613269547 156.3500540772955 0 0 11.0 1 217
521.6220320232644 190.7822155586862 0 0 10.0 1 218
301.02062363648434 566.8504811341265 0 0 12.0 1 219
321.59382534449924 298.82454953947024 0 0 13.0 1 220
538.5630415760274 741.9960284991627 0 0 13.0 1 221
592.7785923972167 662.8924006382607 0 0 11.0 1 222
167.94352478114055 284.97481880475533 0 0 13.0 1 223
312.0499470287865 45.75462150881805 0 0 13.0 1 224
569.8419446627971 501.7728541073667 0 0 10.0 1 225
254.67372979874497 480.2263995788906 0 0 13.0 1 226
197.28991453925414 235.5931228552251 0 0 13.0 1 227
379.3389951991769 540.4888710205203 0 0 12.0 1 228
585.7787374535556 216.67716806092358 0 0 10.0 1 229
587.3255605514132 149.24487170927324 0 0 10.0 1 230
332.9411984125531 732.3012445502657 0 0 10.0 1 231
280.06981136206787 711.7254398557648 0 0 11.0 1 232
350.48558190032935 252.0664933145604 0 0 12.0 1 233
759.4864707875989 487.57555207177836 0 0 10.0 1 234
335.3567258399734 236.3013527671299 0 0 10.0 1 235
197.72049665844398 129.2104091219653 0 0 13.0 1 236
618.4951250647734 666.9922851374718 0 0 11.0 1 237
629.4806985094375 333.21969593045674 0 0 11.0 1 238
549.3455612956768 493.1230547248062 0 0 10.0 1 239
535.6235823216884 425.4998807493721 0 0 12.0 1 240
219.81262803356654 557.0143655333172 0 0 13.0 1 241
523.5951176064791 657.9151932396395 0 0 10.0 1 242
406.6159001223248 101.07320316577267 0 0 12.0 1 243
247.8832752559372 180.5700520595718 0 0 11.0 1 244
570.7117535761837 494.2470009652527 0 0 10.0 1 245
453.1023528022291 554.1075602521421 0 0 10.0 1 246
336.3349052435338 542.417540035103 0 0 12.0 1 247
348.58118120418817 246.3767430574281 0 0 13.0 1 248
190.6119853400497 560.7876217771892 0 0 12.0 1 249
162.43168674127892 515.1403340945569 0 0 12.0 1 250
254.8260672394244 212.66733000667537 0 0 13.0 1 251
210.12532538791612 492.0250397498163 0 0 12.0 1 252
233.99222130376015 193.44149155181177 0 0 11.0 1 253
546.0169646200667 281.58105707640266 0 0 13.0 1 254
120.04372429417805 404.94809993086386 0 0 10.0 1 255
445.2600192267929 727.8910347350021 0 0 12.0 1 256
726.1805119469788 423.1359811982729 0 0 10.0 1 257
378.35585759105027 611.8974542069374 0 0 12.0 1 258
386.9884215025114 73.2589728469905 0 0 10.0 1 259
177.1395198830968 407.8871035281273 0 0 13.0 1 260
230.68659528566056 262.6793133426784 0 0 11.0 1 261
310.06536056495327 509.8897658095973 0 0 10.0 1 262
460.871829642333 587.3596017181793 0 0 12.0 1 263
382.2172538893605 574.0941525174368 0 0 11.0 1 264
218.312260352414 444.2556805591215 0 0 12.0 1 265
548.680421779521 380.147237485334 0 0 12.0 1 266
740.2802377011656 313.9165531008533 0 0 11.0 1 267
621.9652145197874 403.9298273734018 0 0 10.0 1 268
307.9955361996496 486.08820268079717 0 0 11.0 1 269
409.67806660725483 598.7645215493588 0 0 10.0 1 270
225.10907542060042 86.48099818390153 0 0 13.0 1 271
375.06241053825704 550.9540215821943 0 0 10.0 1 272
661.7005358413242 496.71519808367145 0 0 11.0 1 273
670.2667901149387 438.53390923547386 0 0 11.0 1 274
272.8725465579328 322.2850684788628 0 0 13.0 1 275
303.14665465733833 260.2880481278172 0 0 12.0 1 276
226.32444826728116 216.0277120587568 0 0 13.0 1 277
304.4948377982514 205.14681426053693 0 0 12.0 1 278
632.3350487984943 505.0972173742067 0 0 13.0 1 279
278.6271976253396 489.83119081767546 0 0 13.0 1 280
210.01164127388606 565.5548958761336 0 0 10.0 1 281
587.0865064828611 461.7060701393178 0 0 10.0 1 282
213.25734273736668 608.6316849342177 0 0 11.0 1 283
527.2928536791578 260.2948483332969 0 0 11.0 1 284
239.97904024610426 705.6440616786822 0 0 10.0 1 285
653.8167353103137 629.2183781384342 0 0 13.0 1 286
305.7852080151183 596.5898597874404 0 0 13.0 1 287
702.6816505609388 278.92226293118256 0 0 13.0 1 288
377.47839062557676 225.44692179401162 0 0 12.0 1 289
272.4963649484001 501.5471469251029 0 0 10.0 1 290
455.34388368129186 520.9382261283488 0 0 12.0 1 291
750.2567534972119 330.94055727423415 0 0 13.0 1 292
257.34232541513904 186.22959072397344 0 0 10.0 1 293
395.93422205272213 216.0449254581885 0 0 12.0 1 294
560.6913567070827 390.03566963428597 0 0 12.0 1 295
247.215474160025 408.1171832463001 0 0 10.0 1 296
217.4102736762291 422.7374545851212 0 0 12.0 1 297
543.2502527384148 461.76864164266755 0 0 12.0 1 298
142.12770408781773 480.01174289427706 0 0 10.0 1 299
711.8788030346466 475.9777086892996 0 0 10.0 1 300
252.5484625490592 586.820887759784 0 0 11.0 1 301
286.3707584635763 60.51156799110652 0 0 13.0 1 302
640.6080703777687 252.92261741149085 0 0 11.0 1 303
340.85428267094954 518.0075595952736 0 0 13.0 1 304
455.46470141134114 81.7977578687561 0 0 12.0 1 305
441.6983412630943 259.03813162451866 0 0 10.0 1 306
251.37613092144798 518.3678399740463 0 0 13.0 1 307
532.771398865688 346.8892134943531 0 0 13.0 1 308
486.3230816750273 262.91489661481603 0 0 11.0 1 309
537.368437343336 316.0302886640072 0 0 10.0 1 310
340.4579517339423 724.5839559933338 0 0 12.0 1 311
417.9943951994186 769.562175745039 0 0 11.0 1 312
650.2405128927461 669.821581248008 0 0 13.0 1 313
176.96406099857694 682.5862167795052 0 0 10.0 1 314
449.90715587786514 529.7315528010918 0 0 13.0 1 315
538.857692608112 616.2580430956294 0 0 13.0 1 316
562.3626428616167 520.1764211606882 0 0 10.0 1 317
459.2853967618143 199.58482659540405 0 0 10.0 1 318
280.5950212711095 582.3909292008602 0 0 13.0 1 319
667.8433997331621 347.18983791559083 0 0 10.0 1 320
280.8219186297316 524.0184862062979 0 0 11.0 1 321
538.7665496722345 473.43599044108595 0 0 13.0 1 322
579.1949649026417 328.3190084224486 0 0 11.0 1 323
245.30676629346914 110.76998176984353 0 0 11.0 1 324
572.6343512823895 150.98919550086077 0 0 13.0 1 325
144.6482801645755 273.4278894183601 0 0 10.0 1 326
364.6310005673319 614.0981874727853 0 0 12.0 1 327
625.3109975808399 314.4666476213706 0 0 13.0 1 328
532.6817736856901 189.29511887092096 0 0 11.0 1 329
447.13234809764657 720.5534928257721 0 0 12.0 1 330
271.56546549570777 330.56967271670277 0 0 11.0 1 331
518.5082563611271 501.44847546535823 0 0 12.0 1 332
69.46615651613251 417.5607036243486 0 0 13.0 1 333
574.1811795951727 305.84631353561247 0 0 12.0 1 334
636.3581028939573 240.75224586710962 0 0 13.0 1 335
257.44647865324146 455.56521890210865 0 0 11.0 1 336
623.4631384792099 324.1038489709691 0 0 10.0 1 337
463.48574030394036 210.34357174601055 0 0 10.0 1 338
164.79419824080978 267.417079460375 0 0 10.0 1 339
411.87919601867225 272.5524237109628 0 0 12.0 1 340
260.973338233509 267.5779953404053 0 0 10.0 1 341
112.56202012893976 348.5859189750126 0 0 12.0 1 342
51.02288227629634 324.7406397498872 0 0 11.0 1 343
534.366106779777 305.969423330251 0 0 13.0 1 344
316.3452158076566 267.1433965444982 0 0 11.0 1 345
556.3227463410999 511.47734736876436 0 0 10.0 1 346
373.56010264601093 248.2866788053517 0 0 13.0 1 347
159.50014846968645 237.95117583303127 0 0 13.0 1 348
152.71201868569418 277.4249034367277 0 0 13.0 1 349
194.00000009359425 399.9937902632079 0 0 11.0 1 350
565.3310952419289 170.31624144031375 0 0 10.0 1 351
615.3359883759977 426.8218588120245 0 0 13.0 1 352
446.84140767729076 718.5747675614155 0 0 13.0 1 353
235.55437900125867 632.7716428913503 0 0 10.0 1 354
268.89809603482627 560.1914191731454 0 0 13.0 1 355
258.1212389724445 517.1597933136013 0 0 12.0 1 356
422.4146923956946 198.24127883829559 0 0 10.0 1 357
396.6855071081974 250.03662401482757 0 0 12.0 1 358
685.2577841492343 538.2642274135605 0 0 12.0 1 359
335.17330826728323 535.2682521473214 0 0 11.0 1 360
581.9569501240424 345.30385478338764 0 0 11.0 1 361
490.6162247197219 304.01718998932745 0 0 12.0 1 362
375.81486266042054 212.5537966992511 0 0 11.0 1 363
154.76319058724908 552.9048962886869 0 0 13.0 1 364
243.48411370034734 372.00397642817467 0 0 11.0 1 365
553.2319601051977 705.7514781686576 0 0 11.0 1 366
676.2655397841684 477.7582891257395 0 0 11.0 1 367
238.7813210643317 492.7606466247293 0 0 13.0 1 368
332.37314649623124 185.4036144638503 0 0 10.0 1 369
129.52002330418645 383.2195886036085 0 0 12.0 1 370
468.92126169765095 99.8102938373737 0 0 13.0 1 371
278.69482498666105 305.12611257578186 0 0 12.0 1 372
177.21739568429922 477.87111925684576 0 0 12.0 1 373
236.1754009981089 254.6641793573601 0 0 13.0 1 374
215.00000008405308 399.9944232946285 0 0 10.0 1 375
593.9700627491928 187.11595936502383 0 0 12.0 1 376
368.08498561840463 57.48367651012228 0 0 10.0 1 377
633.134295472857 495.6681779609844 0 0 10.0 1 378
731.1367335252403 253.73837239305047 0 0 11.0 1 379
377.3019947258563 554.3398864732476 0 0 12.0 1 380
504.2643111705521 249.60733589655948 0 0 12.0 1 381
384.367498809435 128.4495904872781 0 0 12.0 1 382
583.4415685723168 145.15653643907604 0 0 12.0 1 383
720.3402962924808 448.5602159307966 0 0 12.0 1 384
288.2941424056946 181.9477095302121 0 0 12.0 1 385
615.5730535133277 100.51835014655751 0 0 13.0 1 386
209.91546325409138 481.9565060876397 0 0 13.0 1 387
188.6634002073384 290.5429692158773 0 0 12.0 1 388
135.3854965007621 588.6906583216345 0 0 13.0 1 389
163.106131909984 507.1508061628567 0 0 13.0 1 390
538.936663034126 433.846767422336 0 0 12.0 1 391
529.6711877470484 513.0016949796317 0 0 11.0 1 392
750.9344527993093 324.32959734183123 0 0 12.0 1 393
258.0432025649495 202.7760976403112 0 0 13.0 1 394
108.1949560466299 326.1703560663352 0 0 11.0 1 395
475.9471462242076 294.49155967222896 0 0 13.0 1 396
159.2902684609505 565.2961740101649 0 0 13.0 1 397
516.9350614317473 321.21426900793847 0 0 10.0 1 398
726.6808037274167 295.4598044960261 0 0 11.0 1 399
177.92180263338605 570.5323261273219 0 0 12.0 1 400
191.85324558053682 231.18374300843035 0 0 10.0 1 401
760.4024914665257 474.3911563609605 0 0 11.0 1 402
728.3925064518266 254.95048532901967 0 0 13.0 1 403
459.6368049989305 524.4485897450008 0 0 11.0 1 404
594.36913586256 714.8343040776238 0 0 12.0 1 405
528.0487728385511 716.0451103474647 0 0 10.0 1 406
602.4067479211186 319.0339058864963 0 0 11.0 1 407
572.4178335548381 210.76974165779896 0 0 12.0 1 408
250.27977694942896 213.70760936182268 0 0 12.0 1 409
245.55074341640005 366.69193579967 0 0 12.0 1 410
42.13853440597438 371.4312855925222 0 0 12.0 1 411
218.95755455391202 174.73430588103244 0 0 10.0 1 412
695.0 400.0 0 0 12.0 1 413
316.37796857911417 229.3912198594563 0 0 12.0 1 414
62.85018473004118 451.09796535511606 0 0 13.0 1 415
564.902803033897 380.9457209119909 0 0 12.0 1 416
711.8816546692353 487.7828769224376 0 0 13.0 1 417
341.1121229442489 553.0627908273815 0 0 13.0 1 418
425.08674287588974 205.6121008604728 0 0 12.0 1 419
570.0003484325721 583.3027046521794 0 0 10.0 1 420
596.2441921217666 298.36724416569643 0 0 10.0 1 421
428.86412793480775 557.374909431469 0 0 10.0 1 422
126.35772607265261 208.49045475519875 0 0 13.0 1 423
121.4028676307039 294.2283694197498 0 0 12.0 1 424
624.8283170956364 674.7311919530507 0 0 12.0 1 425
184.09753756676335 578.2866419989587 0 0 11.0 1 426
557.3045290218254 129.40013830524288 0 0 10.0 1 427
220.5213779002957 473.6439013713392 0 0 12.0 1 428
276.89558550831646 159.69747580880517 0 0 10.0 1 429
150.78556127396183 487.1100656093529 0 0 10.0 1 430
522.9038952280035 341.77086178051456 0 0 13.0 1 431
126.96836631862624 557.0946434773641 0 0 12.0 1 432
280.619747358336 618.5162586152629 0 0 10.0 1 433
97.81600424838916 539.9065141856892 0 0 10.0 1 434
656.9899740849041 422.8068678217831 0 0 12.0 1 435
690.6626064779825 607.2781927637961 0 0 11.0 1 436
644.9138226904868 393.50235002998977 0 0 11.0 1 437
548.5122076633513 467.1797899293949 0 0 11.0 1 438
299.59381916951304 60.53777993562295 0 0 12.0 1 439
588.7947837684617 277.60094109095525 0 0 10.0 1 440
212.0485657845778 529.0668755969781 0 0 11.0 1 441
609.0059936055976 379.5917997624261 0 0 10.0 1 442
275.412474329146 309.4795688962194 0 0 10.0 1 443
511.7316240645697 570.6811184164601 0 0 11.0 1 444
324.6300688087017 692.4437954072866 0 0 10.0 1 445
303.0350887599601 154.4520291506949 0 0 12.0 1 446
303.01537180033074 532.2496952471797 0 0 12.0 1 447
693.1884165778125 227.83568202268202 0 0 13.0 1 448
129.81727241057507 151.6246918223581 0 0 10.0 1 449
528.7369451433995 551.7491316454409 0 0 12.0 1 450
218.71248099906907 354.13241390167667 0 0 11.0 1 451
380.88810185288185 194.88848070082904 0 0 11.0 1 452
562.9289905525472 436.64892955500864 0 0 13.0 1 453
523.4676877514861 524.0190714418615 0 0 13.0 1 454
460.41910129247105 208.29571679534615 0 0 10.0 1 455
414.0560700515321 213.52901862566813 0 0 13.0 1 456
607.4787354280477 414.7164651047118 0 0 12.0 1 457
523.3993318081245 515.4712297904044 0 0 13.0 1 458
337.3958001568953 684.1860555375731 0 0 12.0 1 459
257.27626019740876 215.82906283356692 0 0 10.0 1 460
659.8768349669813 353.5238701316002 0 0 11.0 1 461
563.5730140323191 361.68722040385535 0 0 13.0 1 462
490.7259857459408 201.77589573811326 0 0 13.0 1 463
249.1442435902532 503.59315015020604 0 0 13.0 1 464
750.507140821821 343.69951835985665 0 0 11.0 1 465
174.74704138994736 446.487682641942 0 0 11.0 1 466
428.6786836574397 542.1356151837972 0 0 12.0 1 467
541.2075101474212 175.75584940077934 0 0 13.0 1 468
317.3519647635698 545.1147899821303 0 0 11.0 1 469
345.7085812390226 284.0843330307754 0 0 13.0 1 470
176.1401455327968 407.92247170538343 0 0 13.0 1 471
254.86112620399751 376.68246768570776 0 0 13.0 1 472
203.86105534664412 705.4480551423887 0 0 11.0 1 473
521.9100375425928 360.9879153804412 0 0 10.0 1 474
539.2249459600421 499.2845125003057 0 0 13.0 1 475
666.8299610594258 227.00933007521672 0 0 12.0 1 476
608.74436408373 530.1606333085359 0 0 12.0 1 477
203.9802665247562 522.2181004937255 0 0 13.0 1 478
87.94739439025193 309.18055642007585 0 0 11.0 1 479
312.64425722444264 510.67960157197285 0 0 13.0 1 480
252.2643313984566 730.4817275173546 0 0 11.0 1 481
487.69933552260534 165.88714997058898 0 0 12.0 1 482
641.8554076145565 169.64817819779077 0 0 10.0 1 483
243.26955551171847 575.101592712647 0 0 11.0 1 484
63.013201505007316 397.01710876913387 0 0 10.0 1 485
564.3506914468404 543.223078520696 0 0 10.0 1 486
452.2705803092003 637.3115809102865 0 0 10.0 1 487
656.9096017610414 393.1840977865607 0 0 11.0 1 488
165.70640681787154 325.01658720885473 0 0 13.0 1 489
469.84056496982896 203.01447899732557 0 0 10.0 1 490
342.5990590264947 622.7220958399865 0 0 11.0 1 491
204.75533901489297 337.51382267404557 0 0 11.0 1 492
242.43848816485718 78.53714057729132 0 0 12.0 1 493
510.0775112736248 463.3398887890167 0 0 12.0 1 494
142.22139797463132 154.4675330270015 0 0 11.0 1 495
563.5182843879983 570.1698289086692 0 0 13.0 1 496
484.770655451219 248.04627028476494 0 0 10.0 1 497
554.0530081203165 618.0749198992899 0 0 11.0 1 498
573.977342489541 670.9536571081427 0 0 13.0 1 499
286.0468130711768 497.5431760235675 0 0 11.0 1 500
680.3124167654651 211.1377512388879 0 0 11.0 1 501
535.0720638201085 521.9817100034942 0 0 11.0 1 502
205.9173097477462 276.58237830663035 0 0 12.0 1 503
456.2725054219855 189.38802234076854 0 0 13.0 1 504
179.02649034977892 311.59916271401244 0 0 11.0 1 505
467.42211806491184 164.45964677864413 0 0 10.0 1 506
201.67017019885105 283.5299239673671 0 0 13.0 1 507
282.70907574231165 605.9413486572748 0 0 11.0 1 508
427.62265468806817 727.8383579570636 0 0 12.0 1 509
267.1572458515485 337.0571475840658 0 0 10.0 1 510
492.808410049035 654.6126450594513 0 0 10.0 1 511
635.7229876798208 491.88946119821924 0 0 13.0 1 512
97.81600424838916 539.9065141856892 0 0 13.0 1 513
214.26988132351906 359.94599874643853 0 0 13.0 1 514
151.5771609464791 640.8362369673393 0 0 12.0 1 515
656.5586089527003 547.6268274137713 0 0 11.0 1 516
315.5229939954198 186.07563145704478 0 0 10.0 1 517
586.1361984006376 352.91161879021035 0 0 12.0 1 518
147.80236547273404 379.8666163089363 0 0 10.0 1 519
514.7027740802976 319.72999552582405 0 0 12.0 1 520
579.8626536765091 619.7849535624405 0 0 13.0 1 521
718.903496796348 304.1378086466741 0 0 11.0 1 522
500.36322598065647 300.96352757314264 0 0 13.0 1 523
463.08901409915757 548.1241921496833 0 0 13.0 1 524
369.5331207004229 125.68673151714842 0 0 10.0 1 525
191.64487563902975 339.3605561327891 0 0 13.0 1 526
317.1913844651383 497.6049854935672 0 0 11.0 1 527
302.810686874619 557.414222401334 0 0 13.0 1 528
300.1839486820412 561.6686608446133 0 0 11.0 1 529
373.8929957872032 617.4383230505446 0 0 12.0 1 530
427.7652609797651 222.15430766328487 0 0 11.0 1 531
604.9409859291845 338.39486801918395 0 0 10.0 1 532
522.2605254151495 735.4122298384655 0 0 10.0 1 533
124.45930887225092 335.45290453597164 0 0 10.0 1 534
385.74683714977897 152.4099207384006 0 0 11.0 1 535
148.27854127706428 236.79366673318907 0 0 11.0 1 536
661.1119118385377 572.5965512286491 0 0 13.0 1 537
518.4933943799488 725.0773992271962 0 0 10.0 1 538
399.2571513861853 231.0016326234571 0 0 12.0 1 539
283.3281735399269 461.73884442124415 0 0 12.0 1 540
215.37860960592823 506.225901779932 0 0 11.0 1 541
604.6804195128168 620.6964564012239 0 0 13.0 1 542
137.1087829823814 222.86387151403764 0 0 10.0 1 543
296.8922655083578 479.175722844828 0 0 10.0 1 544
281.1686921913727 157.55594401080631 0 0 10.0 1 545
205.84976675374776 443.66562641742195 0 0 11.0 1 546
237.1784216000866 685.8848257731789 0 0 12.0 1 547
609.2599728979042 328.92775687535664 0 0 10.0 1 548
280.598434201156 299.6044518677031 0 0 11.0 1 549
670.1006456187906 465.8000093944713 0 0 10.0 1 550
459.461373916266 614.9263711413516 0 0 13.0 1 551
242.53345440000405 354.17111154736136 0 0 11.0 1 552
425.5045489860473 612.4747466900909 0 0 11.0 1 553
450.97994869662745 631.4520357026252 0 0 13.0 1 554
361.8009578811364 257.0145700387578 0 0 12.0 1 555
280.3932829082189 302.99364337051594 0 0 11.0 1 556
411.5878761944034 109.23081125177106 0 0 11.0 1 557
80.8073058696188 483.76170971147195 0 0 12.0 1 558
416.5840236837885 740.5964917001577 0 0 13.0 1 559
383.01640038914627 748.5865134285293 0 0 12.0 1 560
496.2645188691176 517.6313835967992 0 0 11.0 1 561
322.9386746989209 611.3919396354584 0 0 13.0 1 562
663.9841330558406 440.01721498000825 0 0 11.0 1 563
329.26273304888434 583.8620109328912 0 0 10.0 1 564
605.3471846325137 383.61300016780723 0 0 10.0 1 565
577.6376876912628 295.6886779313897 0 0 13.0 1 566
633.1608863594662 224.21603863813945 0 0 12.0 1 567
558.5892270955394 321.396838172759 0 0 10.0 1 568
376.05236598283983 760.2048178814106 0 0 12.0 1 569
518.1966907756904 265.57328282787 0 0 10.0 1 570
590.4462550144116 163.04805560834552 0 0 11.0 1 571
386.0246870929063 214.52576828802114 0 0 11.0 1 572
39.22585954169483 412.76791198947956 0 0 10.0 1 573
624.3787593138779 585.2975239142845 0 0 13.0 1 574
435.55433966213633 79.96892505384818 0 0 10.0 1 575
400.5664893424705 272.00125356150994 0 0 13.0 1 576
607.9200996986126 248.94295070630096 0 0 13.0 1 577
365.3218401109733 131.22793071691564 0 0 11.0 1 578
526.280170211975 230.9606004174334 0 0 12.0 1 579
374.27977218550194 168.42394363585356 0 0 11.0 1 580
549.9239882393288 589.9652540608771 0 0 10.0 1 581
343.6384034839901 132.88135512816314 0 0 13.0 1 582
600.8672005967798 242.9096829068926 0 0 12.0 1 583
202.8639125148448 499.89175647191934 0 0 10.0 1 584
239.59339425385934 627.0544446448961 0 0 12.0 1 585
633.3182270115193 539.8091733192109 0 0 13.0 1 586
186.32039360571272 470.4700348459007 0 0 12.0 1 587
386.9088399826491 71.26055677877639 0 0 10.0 1 588
691.6383332694772 300.9490910299088 0 0 13.0 1 589
185.53834867931366 415.20526595638313 0 0 10.0 1 590
317.85732167770095 538.4686982607957 0 0 12.0 1 591
62.2646583733146 308.1586203484176 0 0 13.0 1 592
596.0176719514939 427.94767043451947 0 0 10.0 1 593
688.5553900362397 613.5808673103319 0 0 12.0 1 594
550.0690880931156 322.2808337737679 0 0 10.0 1 595
719.8562104727296 518.2074643244873 0 0 10.0 1 596
56.94322597977049 436.5656915541491 0 0 12.0 1 597
659.9583572863047 152.4062753682841 0 0 13.0 1 598
247.19326914354878 114.29717711411377 0 0 13.0 1 599
294.71084677062515 601.1049333364083 0 0 13.0 1 600
536.150111217745 279.22273717542834 0 0 10.0 1 601
236.09427545040012 436.8634434076728 0 0 13.0 1 602
295.13327654412143 195.29784976305626 0 0 11.0 1 603
632.2813199706368 302.27902787682353 0 0 12.0 1 604
134.01432528276456 227.54530784806977 0 0 11.0 1 605
72.48045772940247 301.53706570054766 0 0 13.0 1 606
259.5626783269656 189.55675662710226 0 0 13.0 1 607
271.0698468961437 702.6846801881724 0 0 12.0 1 608
147.5984735853423 579.9818587067898 0 0 12.0 1 609
163.5739132406467 372.6740873956835 0 0 12.0 1 610
697.953305977012 405.27517368141326 0 0 11.0 1 611
327.7980454884421 757.7874756957137 0 0 12.0 1 612
749.4555924745392 337.50368900271997 0 0 13.0 1 613
541.0270618782057 429.10958292385413 0 0 13.0 1 614
302.7315488243794 523.2389889843953 0 0 11.0 1 615
573.1123893008389 478.30773059254614 0 0 13.0 1 616
526.8209391998789 406.7416155675494 0 0 10.0 1 617
601.5800858371582 520.7910137132887 0 0 11.0 1 618
262.09647923263447 595.2014829860798 0 0 10.0 1 619
108.28184420096545 295.1166477594743 0 0 11.0 1 620
64.76601531416304 504.01526576256015 0 0 12.0 1 621
355.79453992368445 640.9789976314145 0 0 12.0 1 622
622.6462590441348 601.0687527530124 0 0 11.0 1 623
647.45283458519 590.0291942196109 0 0 10.0 1 624
179.37172855600264 537.5614983912062 0 0 13.0 1 625
303.1929646128234 110.77102859577514 0 0 10.0 1 626
229.17405864742634 231.42213146143095 0 0 12.0 1 627
318.5972488747182 124.78627921334402 0 0 11.0 1 628
630.5539443235323 317.11526825246045 0 0 10.0 1 629
96.8633492421601 187.84870736354353 0 0 10.0 1 630
518.870421696878 484.7692328949979 0 0 10.0 1 631
689.2148517881787 197.60491729011346 0 0 11.0 1 632
213.04681731697931 548.8942829147213 0 0 12.0 1 633
674.8607190405266 295.656408301589 0 0 13.0 1 634
477.6151918938107 514.1046974812473 0 0 13.0 1 635
348.53958146881575 175.8308109382662 0 0 13.0 1 636
273.89180646543565 507.9477814660814 0 0 10.0 1 637
231.68705581997492 250.6823760520823 0 0 12.0 1 638
519.2970415991816 63.52233972270443 0 0 10.0 1 639
228.2029657108542 372.3996556279806 0 0 12.0 1 640
460.12634366801154 697.9946690749957 0 0 13.0 1 641
131.44734684164888 161.75543556754465 0 0 12.0 1 642
173.304191187539 555.6727666191621 0 0 10.0 1 643
239.81695225705778 356.4409456509638 0 0 10.0 1 644
315.8123827873232 266.297176140323 0 0 12.0 1 645
296.00381810302866 161.7043975419352 0 0 12.0 1 646
161.27374515423548 467.18463550035153 0 0 12.0 1 647
710.2599007801593 520.9454173083282 0 0 10.0 1 648
595.3998821352602 107.2152905947334 0 0 11.0 1 649
383.551700090348 737.59954595657 0 0 12.0 1 650
60.05309378578767 406.0084070589061 0 0 11.0 1 651
669.5116940907083 524.7896099375123 0 0 10.0 1 652
321.00327088436273 294.2478520831344 0 0 10.0 1 653
372.033280359882 552.4561005423235 0 0 11.0 1 654
645.4370330739097 149.0783732001632 0 0 12.0 1 655
390.98626576621604 690.8603661469929 0 0 10.0 1 656
405.63197213274935 581.9128387165016 0 0 13.0 1 657
268.5739910754239 512.4997963471812 0 0 11.0 1 658
422.3243465524334 103.84020605253176 0 0 13.0 1 659
616.1894387674072 345.30880724071307 0 0 11.0 1 660
655.52686977605 462.24964917534516 0 0 10.0 1 661
743.3889740168745 332.2946639943473 0 0 10.0 1 662
197.0317001132791 403.5873724498763 0 0 10.0 1 663
398.38243615453365 32.00355506172912 0 0 10.0 1 664
457.1818748296489 71.94629526407363 0 0 12.0 1 665
524.0035890001877 670.9743713251726 0 0 13.0 1 666
285.2380614160586 327.02262369435533 0 0 13.0 1 667
473.8300691022432 289.3739592303964 0 0 11.0 1 668
46.660434263423724 297.1644454233474 0 0 11.0 1 669
358.1031846848941 274.82549434308953 0 0 10.0 1 670
537.9946308005086 398.7826790762837 0 0 12.0 1 671
215.60605988170013 441.4713738336319 0 0 13.0 1 672
117.6146487507512 624.8988959506879 0 0 10.0 1 673
567.0 400.0 0 0 10.0 1 674
244.31910270939812 251.71494269889135 0 0 12.0 1 675
650.6879422922259 508.09512287466816 0 0 11.0 1 676
313.1646133853341 667.2463575644792 0 0 10.0 1 677
376.13541732334755 263.0639503502849 0 0 11.0 1 678
89.44098782134535 452.70768401872937 0 0 10.0 1 679
635.9915207801696 524.8879582660506 0 0 13.0 1 680
468.57501532517125 561.0045566844384 0 0 10.0 1 681
496.0889657816061 288.7529296789289 0 0 11.0 1 682
467.933914886062 184.45190047635936 0 0 11.0 1 683
231.48574914181336 227.7097006279688 0 0 10.0 1 684
316.8030544824229 209.36351803354816 0 0 12.0 1 685
512.3670465660734 154.49308187747974 0 0 13.0 1 686
691.6910989980651 501.96716513319865 0 0 12.0 1 687
656.3670439744504 576.0594750753341 0 0 13.0 1 688
291.29796005298203 314.9831398406357 0 0 12.0 1 689
255.08194840951185 347.8966572740614 0 0 12.0 1 690
722.5406396904139 277.55598933349734 0 0 12.0 1 691
596.3266646499262 667.7309110794557 0 0 12.0 1 692
742.8336489355981 513.0755904583438 0 0 10.0 1 693
250.9286269601775 132.76653327095784 0 0 13.0 1 694
618.7118644868306 467.86840452444926 0 0 10.0 1 695
454.0227906819249 255.78648438188281 0 0 10.0 1 696
542.1661962662212 109.96935913735894 0 0 11.0 1 697
205.03045084773115 403.4459981661373 0 0 12.0 1 698
245.14127870177722 683.4568334647788 0 0 11.0 1 699
72.00000014902383 399.9901126520981 0 0 12.0 1 700
409.8329318347002 229.28294329056004 0 0 13.0 1 701
708.6828135028068 507.9069999953267 0 0 10.0 1 702
578.4198206558677 506.9128972441024 0 0 12.0 1 703
88.00078830247082 349.875236657712 0 0 10.0 1 704
126.1024812446505 501.2133845875286 0 0 13.0 1 705
340.90714921030576 529.1202346092468 0 0 11.0 1 706
217.57862359170997 540.0801250331573 0 0 12.0 1 707
263.3304607172985 461.8177727862635 0 0 13.0 1 708
377.0474200278742 745.2378586896622 0 0 11.0 1 709
597.412553295127 690.2228175066506 0 0 12.0 1 710
282.25044622896695 514.1535920885655 0 0 12.0 1 711
404.513858277439 196.04994463484155 0 0 12.0 1 712
489.5713733093072 64.75983372590218 0 0 10.0 1 713
383.7486114173196 274.0440856127243 0 0 12.0 1 714
355.0728181265201 644.9133486131518 0 0 11.0 1 715
252.57900039910464 413.0785655433922 0 0 12.0 1 716
442.54932781948395 256.16135880052923 0 0 12.0 1 717
538.1530966007037 575.0506266759322 0 0 11.0 1 718
558.0218767672079 360.0239263687723 0 0 11.0 1 719
562.314400490513 605.6648618345033 0 0 10.0 1 720
289.2040677482267 146.12353122736945 0 0 13.0 1 721
163.24636636755773 613.7959704059815 0 0 11.0 1 722
368.80398253733534 705.4108847020177 0 0 12.0 1 723
184.7816619347237 345.5475715838087 0 0 13.0 1 724
336.40233491685217 254.27307388141423 0 0 12.0 1 725
143.66650013143357 623.3677166582754 0 0 13.0 1 726
618.4550509247656 308.095752407965 0 0 11.0 1 727
592.2450748575427 567.5315826732913 0 0 12.0 1 728
351.83948880934895 727.4775796323394 0 0 13.0 1 729
318.66504450561837 693.9551411605637 0 0 12.0 1 730
324.8796381172822 691.475438468852 0 0 12.0 1 731
280.22864392908184 352.085260462637 0 0 12.0 1 732
234.234488394206 527.2902005736081 0 0 10.0 1 733
55.84454949021131 312.92517077591026 0 0 12.0 1 734
755.7662086989219 466.8909915309616 0 0 12.0 1 735
312.2649168601588 717.0860375141818 0 0 13.0 1 736
716.8884971138136 391.59283656941534 0 0 11.0 1 737
603.132667211193 639.4433534505953 0 0 10.0 1 738
364.07103417532596 213.42800474141515 0 0 11.0 1 739
176.57574934649227 649.6129087605818 0 0 12.0 1 740
458.3838962224644 65.05027144079588 0 0 10.0 1 741
346.31048752462164 765.0731930040279 0 0 10.0 1 742
535.6235823216884 425.4998807493721 0 0 13.0 1 743
107.18176613259493 593.5419383874556 0 0 12.0 1 744
210.077263870042 191.54531835214073 0 0 10.0 1 745
479.9647897717018 522.1541337686431 0 0 11.0 1 746
365.35735373611186 588.8488471233942 0 0 13.0 1 747
123.89690447894782 462.09734812125834 0 0 11.0 1 748
670.5872688296773 265.8861306676452 0 0 12.0 1 749
283.4937302166056 260.17765163909263 0 0 10.0 1 750
173.18566356032665 137.3895341281489 0 0 12.0 1 751
206.65315406486837 447.0956172794929 0 0 12.0 1 752
161.45861833837844 385.2010393958023 0 0 13.0 1 753
580.9929577890729 398.4033689333867 0 0 13.0 1 754
396.10991306364355 692.9741750114292 0 0 10.0 1 755
513.7120016126789 247.78442691617227 0 0 13.0 1 756
473.6674418389885 203.34520597529476 0 0 10.0 1 757
530.2704138464353 364.5793947499696 0 0 12.0 1 758
213.44468826950936 195.24132334589711 0 0 13.0 1 759
442.754989503434 633.1115845953634 0 0 12.0 1 760
573.4604920761078 376.83844373288974 0 0 13.0 1 761
604.8715231575005 407.2566520604004 0 0 13.0 1 762
440.30227943068246 37.23185603929994 0 0 13.0 1 763
275.60352507052744 316.18164267225757 0 0 11.0 1 764
763.9429643477596 406.4435007383705 0 0 11.0 1 765
54.498164493447064 520.7662273220574 0 0 12.0 1 766
677.0248735282853 243.85513314028674 0 0 12.0 1 767
485.7405086489438 758.9004948124485 0 0 10.0 1 768
127.18570912187488 495.35912485266283 0 0 10.0 1 769
545.7467125863258 541.3042666386225 0 0 12.0 1 770
458.1485034157743 688.1922128554233 0 0 11.0 1 771
594.459284219148 326.17868342425345 0 0 11.0 1 772
212.44277684264407 102.13041773033996 0 0 11.0 1 773
151.65656094464828 254.15920914174663 0 0 12.0 1 774
181.20988109665947 587.2828979652496 0 0 11.0 1 775
520.3306485863969 547.0392294959989 0 0 10.0 1 776
566.2582658384606 595.9775217732579 0 0 12.0 1 777
358.7956919399757 80.64720919131673 0 0 13.0 1 778
544.1941982051167 311.8578806473119 0 0 12.0 1 779
470.7796020687263 510.23269900983445 0 0 10.0 1 780
580.2664613506339 194.9804816313324 0 0 11.0 1 781
72.96545102802446 527.4731492460139 0 0 13.0 1 782
267.84299171537293 360.269342300221 0 0 12.0 1 783
682.801719211707 586.9336449409332 0 0 10.0 1 784
556.9873156138863 546.901268668266 0 0 10.0 1 785
682.1251863585519 608.8214050861462 0 0 13.0 1 786
691.121019021806 331.8123744092425 0 0 11.0 1 787
63.396795280688934 488.3305302411886 0 0 12.0 1 788
647.9018426373334 300.8351049160299 0 0 11.0 1 789
603.3480542800206 294.6882303798393 0 0 10.0 1 790
62.05011718211489 518.1265283641983 0 0 10.0 1 791
339.69341110558895 765.0522090549796 0 0 12.0 1 792
535.0931563854326 312.4166734028613 0 0 13.0 1 793
567.6456822702861 475.83485488962367 0 0 10.0 1 794
355.43367902510226 642.9461731222832 0 0 10.0 1 795
121.88482200352883 377.7975729256649 0 0 11.0 1 796
323.62717888555954 746.6874560681734 0 0 10.0 1 797
174.74704138994736 446.487682641942 0 0 13.0 1 798
437.5233663152501 604.5873822609096 0 0 12.0 1 799
114.94334011161749 185.07745429276386 0 0 11.0 1 800
454.2749142211811 521.4217183467745 0 0 10.0 1 801
600.3110656852288 141.53437953172966 0 0 10.0 1 802
541.4652911983194 431.8209268591392 0 0 11.0 1 803
450.82713639248846 566.4109437691504 0 0 12.0 1 804
638.3009715121916 245.50518786591684 0 0 10.0 1 805
370.0962756763177 535.7452292773975 0 0 10.0 1 806
225.00038096553675 694.9985310773475 0 0 10.0 1 807
370.543661747569 211.2850717702535 0 0 11.0 1 808
461.3030910335876 48.30278501283567 0 0 12.0 1 809
282.9341282966425 150.05684309760943 0 0 10.0 1 810
52.49944005430501 281.9645780393512 0 0 12.0 1 811
220.17625360336336 392.0363179446872 0 0 12.0 1 812
352.18593093786274 660.6507525401014 0 0 12.0 1 813
300.49622480921374 228.81881317509956 0 0 12.0 1 814
324.85120464532014 43.84180683755085 0 0 13.0 1 815
521.225801967575 565.3157734074953 0 0 12.0 1 816
673.0482999696535 157.78186301665573 0 0 12.0 1 817
213.64519184452226 141.09290184057312 0 0 11.0 1 818
639.6553301284348 299.1767747935481 0 0 10.0 1 819
404.7025449598087 754.9688522545337 0 0 11.0 1 820
211.8250907226931 118.02268970983266 0 0 13.0 1 821
504.43293808905355 547.8335599317284 0 0 10.0 1 822
655.1133927594138 529.2793751330082 0 0 10.0 1 823
722.3721491589645 525.6670101762209 0 0 12.0 1 824
95.81654624491296 485.6062291052866 0 0 11.0 1 825
607.6185893619547 376.0099739193139 0 0 10.0 1 826
722.7389405397852 354.0046061082522 0 0 11.0 1 827
271.96927367866726 58.19137939830716 0 0 11.0 1 828
141.1313596442888 285.6495428938499 0 0 11.0 1 829
235.82662511627393 105.69386180494377 0 0 13.0 1 830
209.2557143674531 613.1023638970937 0 0 10.0 1 831
655.9938889140324 422.7184691092956 0 0 11.0 1 832
475.26773290084054 537.7815966810072 0 0 13.0 1 833
657.061885338825 155.16497982100518 0 0 13.0 1 834
439.7545890699682 597.0293700134017 0 0 11.0 1 835
579.2293344734228 619.0110628808826 0 0 13.0 1 836
465.3070819805612 155.57417271658 0 0 10.0 1 837
675.0671904990429 263.66570236744064 0 0 10.0 1 838
433.0217377103882 624.585317504476 0 0 12.0 1 839
201.3112570727911 134.0173249363683 0 0 13.0 1 840
328.6478681712233 576.0933652455108 0 0 13.0 1 841
662.4275906843434 491.7374495373114 0 0 11.0 1 842
711.7746584828488 427.6687970085974 0 0 10.0 1 843
165.29232918277586 573.7132961507367 0 0 11.0 1 844
459.13742354189293 693.0934409652095 0 0 12.0 1 845
744.7815855010734 506.9890569140881 0 0 10.0 1 846
70.86437043276533 435.0818663896329 0 0 13.0 1 847
675.1691351830692 368.2046065820571 0 0 13.0 1 848
561.4783110719943 246.20222676080044 0 0 11.0 1 849
214.00000008450743 399.99439315027513 0 0 13.0 1 850
600.6648567038989 376.8134676157962 0 0 12.0 1 851
293.43791580729055 330.90931891705003 0 0 10.0 1 852
597.0534557036297 293.4826981412989 0 0 10.0 1 853
584.3720068636625 617.3291583866868 0 0 12.0 1 854
690.7802807998835 295.46374648983783 0 0 13.0 1 855
256.63672233429406 93.91019190939124 0 0 13.0 1 856
699.3678721581626 579.3875054720756 0 0 10.0 1 857
602.1362507198141 119.1852280507016 0 0 13.0 1 858
235.34931291747512 162.48968181728932 0 0 12.0 1 859
133.83574061226642 206.61544264192327 0 0 12.0 1 860
327.84126598445357 265.0847780816648 0 0 12.0 1 861
234.4929538500699 76.92660636517138 0 0 10.0 1 862
256.9491002431384 698.4919430717558 0 0 10.0 1 863
503.5840616999291 137.71324440272383 0 0 12.0 1 864
526.7183618106479 500.9279781825918 0 0 11.0 1 865
598.2734289118857 569.7311031824262 0 0 10.0 1 866
390.9193559260689 242.26115918011007 0 0 12.0 1 867
525.6816859929609 231.76173501261144 0 0 11.0 1 868
505.70687962971544 561.4777247763568 0 0 13.0 1 869
569.2325459490237 709.7891950853218 0 0 13.0 1 870
564.6042066309853 446.3298517090643 0 0 11.0 1 871
632.7483175813163 553.8480440664316 0 0 13.0 1 872
263.0807152241264 573.4765386340852 0 0 10.0 1 873
732.1255220107719 553.7811354785506 0 0 13.0 1 874
111.23037847707974 435.9597787188602 0 0 10.0 1 875
541.5827467638669 682.507213746479 0 0 12.0 1 876
265.80633124505425 604.9806314413338 0 0 12.0 1 877
246.65922699941606 543.4803378013287 0 0 11.0 1 878
565.4739448980451 386.79494188279614 0 0 11.0 1 879
549.3110105826229 81.23641657366841 0 0 11.0 1 880
765.9260497229202 439.01443494629785 0 0 11.0 1 881
526.4307395731447 596.9042104450477 0 0 12.0 1 882
371.95406899122 674.5713491132146 0 0 13.0 1 883
422.8384064634934 268.9755473577231 0 0 10.0 1 884
102.41968169730359 415.8099386104407 0 0 10.0 1 885
508.0806923288548 753.8623516930212 0 0 11.0 1 886
368.1709126720696 665.0960376917599 0 0 10.0 1 887
203.62476679102215 384.3230174421361 0 0 10.0 1 888
402.2916627550617 572.9848209578431 0 0 12.0 1 889
75.45020037893522 519.9309283126195 0 0 13.0 1 890
513.6556501066574 637.1737616154727 0 0 12.0 1 891
413.00374395141745 227.48941295315822 0 0 10.0 1 892
124.71914958206969 207.3436910112179 0 0 10.0 1 893
274.32465262492144 726.6583950584361 0 0 11.0 1 894
315.42999953210426 294.7720806018664 0 0 10.0 1 895
695.349764041471 497.4141513366895 0 0 10.0 1 896
485.81158456697676 623.063605175978 0 0 10.0 1 897
521.7422648441452 572.3363599204126 0 0 13.0 1 898
610.7237004954725 676.9467855915544 0 0 10.0 1 899
408.5678762770195 251.24654122978623 0 0 13.0 1 900
528.0410298630038 58.19523895705993 0 0 13.0 1 901
89.09808146353578 245.8929039584946 0 0 12.0 1 902
621.6735693284818 238.9508501693637 0 0 13.0 1 903
276.19192470094305 432.4893904335406 0 0 12.0 1 904
319.47228958726055 98.57125575738138 0 0 13.0 1 905
524.3628871913855 430.2964072032098 0 0 12.0 1 906
108.43888827338776 541.3085918433198 0 0 13.0 1 907
423.5086422877176 679.0113684740966 0 0 13.0 1 908
193.99121364748953 293.30239016001485 0 0 12.0 1 909
238.90857474859797 694.8653128302343 0 0 11.0 1 910
577.3031604151664 415.7349708227806 0 0 10.0 1 911
593.6084926719047 208.95091843897015 0 0 12.0 1 912
626.1017894315409 363.68222451945684 0 0 12.0 1 913
489.7126958741276 86.58712183607338 0 0 13.0 1 914
117.09976996152295 392.4860234112174 0 0 11.0 1 915
666.6782071244218 314.6610648947152 0 0 12.0 1 916
719.4527235740638 554.8384881129779 0 0 12.0 1 917
192.3957098852116 243.47377623562636 0 0 11.0 1 918
230.55909953397958 130.90191147229575 0 0 12.0 1 919
256.9491002431384 698.4919430717558 0 0 11.0 1 920
709.352180797975 563.7108067157967 0 0 13.0 1 921
265.85568946429055 298.8599784907124 0 0 12.0 1 922
737.5859905831285 448.13209908167244 0 0 12.0 1 923
251.1109330985492 684.3818660836434 0 0 12.0 1 924
444.2513009322633 250.4078131525504 0 0 13.0 1 925
318.388340226584 524.6616901418723 0 0 11.0 1 926
530.98946149055 371.75533716937434 0 0 11.0 1 927
508.1883071143989 270.16822344387145 0 0 13.0 1 928
413.64251417769395 253.63442410555882 0 0 10.0 1 929
171.03576022630992 404.04683887202793 0 0 10.0 1 930
226.61946122388335 604.3604383771564 0 0 11.0 1 931
308.89599734671907 214.1262237416182 0 0 10.0 1 932
691.9229902409577 203.31505454464065 0 0 10.0 1 933
41.94404220414788 480.5290698250947 0 0 13.0 1 934
552.6299279437983 586.5076542554513 0 0 11.0 1 935
168.31238160372905 424.69509023801953 0 0 12.0 1 936
172.75049158128357 167.6583099754766 0 0 13.0 1 937
106.00000013357624 399.9911375601123 0 0 11.0 1 938
42.01402415071993 396.8312312740354 0 0 11.0 1 939
643.7293363462227 445.82587265104553 0 0 10.0 1 940
672.9564728667574 500.8749915496358 0 0 11.0 1 941
401.66907229559405 525.9889447438627 0 0 13.0 1 942
278.42627397519266 589.3273069064394 0 0 10.0 1 943
548.4615200780256 650.2801970914238 0 0 12.0 1 944
538.0028030280209 529.1364640851268 0 0 11.0 1 945
667.2955898923153 327.3221655240117 0 0 11.0 1 946
185.03172627762376 202.38258858890617 0 0 11.0 1 947
280.9755548970356 251.9014467729971 0 0 12.0 1 948
282.46419621687664 453.1632845961866 0 0 11.0 1 949
287.1894911845416 501.87143417463693 0 0 13.0 1 950
304.79348503414747 67.35646780967335 0 0 12.0 1 951
606.6791296803971 164.94099176046535 0 0 11.0 1 952
467.4444621665825 256.01304044094684 0 0 12.0 1 953
471.2394200489077 542.1476170433233 0 0 12.0 1 954
187.69668278703355 256.95000349398623 0 0 12.0 1 955
323.37941164191193 552.8734294756954 0 0 13.0 1 956
728.884276184368 391.27458432598627 0 0 12.0 1 957
596.0862421734379 627.0466595885081 0 0 13.0 1 958
445.0648130883434 218.5112603456824 0 0 11.0 1 959
134.26046365830365 388.23144762937113 0 0 13.0 1 960
676.798202789203 612.56470763668 0 0 11.0 1 961
157.48646232794223 652.3631986756061 0 0 10.0 1 962
409.9552200982847 150.19829145341157 0 0 11.0 1 963
278.8185033416237 369.33984886475713 0 0 12.0 1 964
508.35451273481226 497.8534596731327 0 0 11.0 1 965
401.2701753225706 113.00281071994812 0 0 13.0 1 966
285.2380614160586 327.02262369435533 0 0 12.0 1 967
430.56123497403286 762.7147790163256 0 0 13.0 1 968
560.6141538057343 433.1525805521672 0 0 11.0 1 969
229.28540548647752 494.24185492701 0 0 11.0 1 970
303.687480753097 500.2242417597407 0 0 13.0 1 971
135.77222405344367 519.5143607201094 0 0 12.0 1 972
154.3037120697735 446.1880298054295 0 0 10.0 1 973
338.31076044270105 517.8280005891731 0 0 13.0 1 974
450.6808832754447 706.8427090064562 0 0 13.0 1 975
280.57906357078423 694.724684989855 0 0 12.0 1 976
81.35587318439474 537.3860271130965 0 0 10.0 1 977
204.4606540999362 698.6860629573721 0 0 13.0 1 978
479.96474126848466 524.5377057515686 0 0 13.0 1 979
601.3818125927996 327.60272410623077 0 0 10.0 1 980
285.7723962285894 110.7370494919171 0 0 12.0 1 981
401.735305323197 530.9885060432223 0 0 13.0 1 982
731.4429145689242 293.9358949405746 0 0 11.0 1 983
552.6628749726914 500.9110826672294 0 0 12.0 1 984
274.1799350228877 451.62665250774296 0 0 10.0 1 985
285.12059321258914 316.53310898222827 0 0 12.0 1 986
558.3359943772768 116.17837840545172 0 0 10.0 1 987
283.6887691949175 660.1858904487459 0 0 12.0 1 988
390.51059620597 594.768968821098 0 0 10.0 1 989
604.5729921702813 183.31153497590594 0 0 10.0 1 990
615.9728600591175 378.9115264211736 0 0 10.0 1 991
161.76331364799552 563.5979256470467 0 0 13.0 1 992
341.85517776765585 203.4187708666743 0 0 11.0 1 993
420.31676552122076 217.1251000307704 0 0 11.0 1 994
649.374674472392 310.3491677016409 0 0 11.0 1 995
369.5446418686777 163.95663288053845 0 0 13.0 1 996
405.84858644554737 588.909486359444 0 0 11.0 1 997
516.669965329522 461.74236138995764 0 0 10.0 1 998
567.2105256977268 567.9572567526924 0 0 12.0 1 999
528.4041546246835 105.80045364562449 0 0 12.0 1 1000
403.6030767015999 671.9761346851639 0 0 11.0 1 1001
66.82383339513052 303.03277870081945 0 0 10.0 1 1002
526.1451654456172 183.00138886458777 0 0 11.0 1 1003
485.54633795347473 158.71629963308777 0 0 11.0 1 1004
450.23714240682546 648.9823879771345 0 0 12.0 1 1005
537.6682283522698 307.2451677682112 0 0 10.0 1 1006
408.9198772080631 176.17766914225678 0 0 12.0 1 1007
656.320378375465 535.6460969930887 0 0 11.0 1 1008
184.9431325799593 195.15971154218946 0 0 10.0 1 1009
293.7169586976334 116.25202180188239 0 0 11.0 1 1010
514.1159581889368 326.0165688371996 0 0 12.0 1 1011
367.2499997770257 48.52249362811966 0 0 11.0 1 1012
587.7507817675094 378.3056701949776 0 0 11.0 1 1013
580.710764153299 692.7108124397367 0 0 10.0 1 1014
657.8761915342167 334.76297186560396 0 0 11.0 1 1015
344.01197440274206 280.46196843798714 0 0 13.0 1 1016
645.9718132311174 495.8846551633592 0 0 10.0 1 1017
536.7373656451573 391.52103565153527 0 0 12.0 1 1018
550.0490762654418 449.49014762442744 0 0 13.0 1 1019
546.8650980628925 418.2932493280167 0 0 12.0 1 1020
154.8359028019503 500.59605084229327 0 0 12.0 1 1021
751.9137501012056 310.9735292752415 0 0 12.0 1 1022
620.2344759608069 563.0115811783592 0 0 13.0 1 1023
204.50682305028238 368.5927115766676 0 0 11.0 1 1024
355.86462025455626 234.79386132856482 0 0 10.0 1 1025
685.4517268212774 382.29938829444586 0 0 10.0 1 1026
541.7403686762793 174.9096450588955 0 0 11.0 1 1027
185.12182802636417 492.6464851425492 0 0 12.0 1 1028
378.3307155473773 657.0883935756558 0 0 10.0 1 1029
137.0138934453728 587.5294850396552 0 0 11.0 1 1030
525.9950976874209 398.8885330696504 0 0 12.0 1 1031
139.99125634666234 316.78670043909483 0 0 13.0 1 1032
766.4825565854768 419.48167648260335 0 0 12.0 1 1033
725.8853314167294 391.3541473868436 0 0 12.0 1 1034
470.1594684180843 212.70971997647118 0 0 10.0 1 1035
148.35762262714022 461.2953008813501 0 0 11.0 1 1036
170.48684461005038 303.4354542135219 0 0 12.0 1 1037
336.1227508938341 549.9623187558423 0 0 13.0 1 1038
277.8058804310168 476.1879068012834 0 0 13.0 1 1039
634.4841195116499 567.2160210531465 0 0 12.0 1 1040
198.32276969439715 271.7529931099333 0 0 11.0 1 1041
331.6086586157314 266.4985976715584 0 0 10.0 1 1042
289.1561702192638 519.5100221719466 0 0 11.0 1 1043
625.0424533923633 554.5473848732032 0 0 12.0 1 1044
154.18046690815996 450.7322101875106 0 0 13.0 1 1045
544.4602818893534 232.75100312274347 0 0 10.0 1 1046
156.48801800696714 223.07370284261063 0 0 10.0 1 1047
318.9723348486908 183.67728394796973 0 0 10.0 1 1048
331.75897505494106 196.11728245275953 0 0 10.0 1 1049
452.8471671242411 515.4823663030098 0 0 12.0 1 1050
307.74632927348534 525.7984906009758 0 0 13.0 1 1051
235.1387962968727 152.95793169268526 0 0 11.0 1 1052
196.79808163119827 418.0272119652163 0 0 11.0 1 1053
676.3995261170696 519.181802143865 0 0 10.0 1 1054
565.1045937011837 543.8800651194148 0 0 13.0 1 1055
355.68975942304394 619.5736837146299 0 0 11.0 1 1056
411.4047796364943 571.6214759330633 0 0 10.0 1 1057
560.7739982784776 269.61318518518806 0 0 13.0 1 1058
558.4013952727923 293.27606652848397 0 0 13.0 1 1059
583.3033339272184 108.90570639195505 0 0 10.0 1 1060
503.0457103377503 667.8629903159234 0 0 11.0 1 1061
235.33946376647057 104.82054982216908 0 0 11.0 1 1062
544.348302726296 582.9004305627453 0 0 11.0 1 1063
341.6984943041877 664.6543678717605 0 0 10.0 1 1064
563.9812088207449 463.9231034422395 0 0 12.0 1 1065
357.86582633405806 552.2784009946527 0 0 10.0 1 1066
665.4607139559121 528.6686027981084 0 0 11.0 1 1067
141.88808536654852 296.7418791365355 0 0 10.0 1 1068
321.59382534449924 298.82454953947024 0 0 10.0 1 1069
290.1179115092751 185.5077469256372 0 0 12.0 1 1070
429.2772468557369 522.5513884725434 0 0 11.0 1 1071
524.8098326555403 594.3797974906241 0 0 10.0 1 1072
626.2690236693761 519.7427614835542 0 0 12.0 1 1073
506.29395632975917 727.1660050307294 0 0 10.0 1 1074
381.3662494572084 152.7010243840282 0 0 13.0 1 1075
221.98881397877204 339.53498820544417 0 0 13.0 1 1076
740.0062172808371 505.50721402054114 0 0 13.0 1 1077
349.67797018391536 524.1921628573602 0 0 11.0 1 1078
720.3846304532519 380.13322951929064 0 0 11.0 1 1079
522.8892895710336 257.724835235637 0 0 11.0 1 1080
500.6851385771819 676.2218363375598 0 0 13.0 1 1081
267.4352498128517 727.1629364824489 0 0 11.0 1 1082
266.1827174537819 480.18063913405547 0 0 10.0 1 1083
453.98138038389794 182.6017236226356 0 0 10.0 1 1084
692.9540894337736 405.1866640558862 0 0 11.0 1 1085
366.4467873280252 274.40468989890894 0 0 12.0 1 1086
352.8114844440369 250.2594109814422 0 0 12.0 1 1087
531.2402689899457 541.5096879914825 0 0 13.0 1 1088
294.98560343238273 548.6471544078097 0 0 10.0 1 1089
407.8107449604704 47.08642380440722 0 0 12.0 1 1090
131.07047884797726 630.2018954156193 0 0 12.0 1 1091
371.63960414154724 571.6732010150445 0 0 10.0 1 1092
529.8710755260596 226.15379284636515 0 0 10.0 1 1093
502.2365429941256 257.9694072510774 0 0 13.0 1 1094
528.8350631382896 272.86807440240295 0 0 12.0 1 1095
508.82231384467457 243.0327932035129 0 0 13.0 1 1096
254.85174604056888 621.7137442120548 0 0 10.0 1 1097
107.95221350286863 441.63040237766086 0 0 12.0 1 1098
274.2174811646248 449.02813432538994 0 0 13.0 1 1099
396.18957354698193 686.9747038507857 0 0 10.0 1 1100
574.9784597523019 362.2701892038657 0 0 11.0 1 1101
671.9595506510237 302.22984704065743 0 0 10.0 1 1102
124.23027040123293 552.2368425744008 0 0 13.0 1 1103
585.6478709211483 281.9539580399043 0 0 13.0 1 1104
255.53993909693975 282.8364783565972 0 0 13.0 1 1105
664.5768145866293 299.56042023588327 0 0 12.0 1 1106
540.8915752526075 218.20460945656825 0 0 10.0 1 1107
385.83448946450784 44.281939857885675 0 0 13.0 1 1108
601.855945906937 421.5215497122241 0 0 11.0 1 1109
487.2359650064369 95.23962460747015 9 -9 12.0 1 1110
247.05393923714846 395.9376734343331 17 2 10.0 1 1111
605.1410604173294 302.8087178248295 4 17 10.0 1 1112
590.6592389159969 435.8476584447695 14 -14 11.0 1 1113
464.1318103191479 648.8696665027476 -9 16 11.0 1 1114
648.371480962934 219.55441971530894 0 -12 10.0 1 1115
416.20417129117675 592.3185504125023 3 -15 10.0 1 1116
387.83409769996155 649.7038061808948 -10 -2 13.0 1 1117
124.30934813552193 345.63397683719035 -16 2 13.0 1 1118
276.15769201655024 636.5419259948062 -5 21 11.0 1 1119
236.02560994373286 402.8981728166488 6 -6 11.0 1 1120
306.1314611999268 739.2531465197326 17 22 13.0 1 1121
428.4413413872294 606.046329984533 18 -14 13.0 1 1122
633.2664439450326 248.769162770158 11 18 11.0 1 1123
134.76569258509522 369.3444593892752 3 2 11.0 1 1124
81.32621742877478 331.2757662702051 7 -4 12.0 1 1125
618.6269250413849 561.8217156223127 -12 2 11.0 1 1126
320.4835137520535 79.72335643263006 19 9 13.0 1 1127
270.45852254005797 506.9719851993751 2 -1 13.0 1 1128
421.5952029842618 261.6755726269994 -4 -7 10.0 1 1129
599.3543462096618 630.8307705816499 15 17 10.0 1 1130
298.08255812797887 565.0722115992368 -8 -9 11.0 1 1131
685.5822346259423 523.1413304542923 1 14 11.0 1 1132
113.49577070181891 523.5286468567323 -1 8 13.0 1 1133
566.831481344225 437.52674822698486 -4 3 12.0 1 1134
504.63400155430145 296.74920959753166 17 20 10.0 1 1135
330.7631023300808 626.6610950318673 8 14 11.0 1 1136
454.9151653629084 235.94718956029914 22 14 10.0 1 1137
582.8402433147332 267.16383992071604 5 13 13.0 1 1138
434.3891471003894 543.9492499518764 -10 -8 12.0 1 1139
456.7914897113064 263.329861724038 -9 -4 11.0 1 1140
489.3699444710781 225.56086154410067 4 13 12.0 1 1141
492.48026282442845 592.9854942422478 10 6 11.0 1 1142
527.5564973795655 457.7004330681919 10 22 13.0 1 1143
500.91794555448973 115.36063472340822 18 -17 12.0 1 1144
540.011463714697 487.3028638045058 12 8 12.0 1 1145
240.21116156155188 186.09224625906728 -4 8 11.0 1 1146
469.83431433433435 191.3779289206116 -15 -15 11.0 1 1147
508.7360374830284 311.8156808015765 -11 -16 12.0 1 1148
60.43257366604723 448.4041627645345 14 2 13.0 1 1149
71.63131980471343 379.62820904275713 13 -10 12.0 1 1150
499.93454860960696 234.8876564450916 15 7 10.0 1 1151
361.2949165400223 680.340715049306 4 6 12.0 1 1152
199.03152319010957 428.64736163615305 -14 0 11.0 1 1153
416.05054118406616 557.1826330346282 -10 4 10.0 1 1154
610.3197747425106 235.51719739662872 15 20 13.0 1 1155
591.8957185351488 634.4888765120404 21 -1 12.0 1 1156
234.53816224073975 491.3421055446405 16 0 10.0 1 1157
284.94514578021625 551.2031101547329 1 11 12.0 1 1158
274.5669528686712 144.08682978918443 -17 22 10.0 1 1159
694.9855937139275 618.3403295345175 12 17 12.0 1 1160
575.9130499466876 296.7014092136092 8 2 13.0 1 1161
442.75407477345703 578.963932372603 -1 -16 13.0 1 1162
418.5590699847143 256.19262563657423 -9 -5 13.0 1 1163
257.69531188605697 587.0143730861171 0 17 10.0 1 1164
270.412282653974 389.65478308364317 15 21 12.0 1 1165
270.94464930533144 263.293319632594 18 -10 11.0 1 1166
514.9506206804806 210.0780296933178 22 12 10.0 1 1167
501.03062087675386 248.6169968415951 -17 -9 10.0 1 1168
340.6461783035999 222.6694503193769 -16 17 12.0 1 1169
528.5832874532858 149.021239568553 15 19 13.0 1 1170
278.8418668492558 199.80832491977458 1 21 12.0 1 1171
482.98637700885826 238.02080000523634 -3 -7 10.0 1 1172
280.14030859270684 619.3938339510672 17 16 12.0 1 1173
293.0154204712151 114.37909785337996 4 -1 13.0 1 1174
