400 400 7.0710678118654755 7.0710678118654755 5 2 -1 10 187
742.842712474619 742.842712474619
800.0 400.0 0 0 24.0 1 0
799.4518139018296 420.9343824971775 0 0 24.0 1 1
797.8087581473094 441.8113853070614 0 0 24.0 1 2
795.0753362380551 462.57378601609236 0 0 24.0 1 3
791.2590402935223 483.16467632710373 0 0 24.0 1 4
786.3703305156273 503.5276180410083 0 0 24.0 1 5
780.4226065180615 523.6067977499789 0 0 24.0 1 6
773.4321705988807 543.3471798181201 0 0 24.0 1 7
765.4181830570403 562.6946572303201 0 0 24.0 1 8
756.4026096753471 581.5961998958187 0 0 24.0 1 9
581.5961998958187 756.4026096753471 0 0 24.0 1 10
562.6946572303201 765.4181830570403 0 0 24.0 1 11
543.3471798181201 773.4321705988807 0 0 24.0 1 12
523.606797749979 780.4226065180615 0 0 24.0 1 13
503.5276180410083 786.3703305156273 0 0 24.0 1 14
483.1646763271038 791.2590402935223 0 0 24.0 1 15
462.57378601609236 795.0753362380551 0 0 24.0 1 16
441.8113853070614 797.8087581473094 0 0 24.0 1 17
420.9343824971776 799.4518139018296 0 0 24.0 1 18
400.0 800.0 0 0 24.0 1 19
379.0656175028225 799.4518139018296 0 0 24.0 1 20
358.1886146929386 797.8087581473094 0 0 24.0 1 21
337.4262139839077 795.0753362380551 0 0 24.0 1 22
316.83532367289627 791.2590402935223 0 0 24.0 1 23
296.47238195899166 786.3703305156273 0 0 24.0 1 24
276.3932022500211 780.4226065180615 0 0 24.0 1 25
256.65282018187986 773.4321705988807 0 0 24.0 1 26
237.3053427696799 765.4181830570403 0 0 24.0 1 27
218.4038001041813 756.4026096753471 0 0 24.0 1 28
200.00000000000009 746.4101615137755 0 0 24.0 1 29
182.14438599398918 735.4682271781696 0 0 24.0 1 30
164.8858990830108 723.606797749979 0 0 24.0 1 31
148.27184358006508 710.8583845827884 0 0 24.0 1 32
132.3477574564567 697.2579301909577 0 0 24.0 1 33
117.15728752538104 682.842712474619 0 0 24.0 1 34
102.74206980904233 667.6522425435434 0 0 24.0 1 35
89.14161541721165 651.728156419935 0 0 24.0 1 36
76.39320225002109 635.1141009169893 0 0 24.0 1 37
64.53177282183043 617.8556140060109 0 0 24.0 1 38
53.589838486224494 600.0 0 0 24.0 1 39
43.597390324652906 581.5961998958187 0 0 24.0 1 40
34.58181694295968 562.6946572303202 0 0 24.0 1 41
26.567829401119297 543.3471798181201 0 0 24.0 1 42
19.5773934819386 523.606797749979 0 0 24.0 1 43
13.629669484372698 503.5276180410084 0 0 24.0 1 44
8.740959706477724 483.16467632710373 0 0 24.0 1 45
4.924663761944942 462.5737860160924 0 0 24.0 1 46
2.1912418526906663 441.81138530706147 0 0 24.0 1 47
0.5481860981704472 420.9343824971775 0 0 24.0 1 48
0.0 400.00000000000006 0 0 24.0 1 49
0.5481860981704472 379.0656175028226 0 0 24.0 1 50
2.1912418526906663 358.1886146929386 0 0 24.0 1 51
4.924663761944885 337.4262139839077 0 0 24.0 1 52
8.740959706477781 316.8353236728962 0 0 24.0 1 53
13.629669484372698 296.47238195899166 0 0 24.0 1 54
19.577393481938543 276.3932022500211 0 0 24.0 1 55
26.567829401119297 256.65282018187986 0 0 24.0 1 56
34.58181694295968 237.30534276967992 0 0 24.0 1 57
43.59739032465285 218.40380010418136 0 0 24.0 1 58
53.58983848622455 199.99999999999994 0 0 24.0 1 59
64.53177282183037 182.14438599398918 0 0 24.0 1 60
76.39320225002103 164.8858990830108 0 0 24.0 1 61
89.14161541721171 148.27184358006497 0 0 24.0 1 62
102.74206980904228 132.3477574564567 0 0 24.0 1 63
117.15728752538092 117.15728752538104 0 0 24.0 1 64
132.34775745645675 102.74206980904228 0 0 24.0 1 65
148.27184358006485 89.14161541721177 0 0 24.0 1 66
164.8858990830107 76.39320225002109 0 0 24.0 1 67
182.1443859939892 64.53177282183032 0 0 24.0 1 68
199.99999999999983 53.58983848622461 0 0 24.0 1 69
218.40380010418124 43.597390324652906 0 0 24.0 1 70
237.30534276967995 34.58181694295962 0 0 24.0 1 71
256.65282018187975 26.567829401119354 0 0 24.0 1 72
276.393202250021 19.5773934819386 0 0 24.0 1 73
296.4723819589917 13.629669484372698 0 0 24.0 1 74
316.8353236728961 8.740959706477781 0 0 24.0 1 75
337.4262139839076 4.924663761944942 0 0 24.0 1 76
358.18861469293864 2.1912418526906663 0 0 24.0 1 77
379.0656175028223 0.5481860981704472 0 0 24.0 1 78
399.99999999999994 0.0 0 0 24.0 1 79
420.9343824971776 0.5481860981704472 0 0 24.0 1 80
441.8113853070612 2.1912418526906663 0 0 24.0 1 81
462.5737860160923 4.924663761944885 0 0 24.0 1 82
483.1646763271038 8.740959706477781 0 0 24.0 1 83
503.5276180410081 13.629669484372641 0 0 24.0 1 84
523.6067977499789 19.577393481938543 0 0 24.0 1 85
543.3471798181201 26.567829401119297 0 0 24.0 1 86
562.6946572303199 34.58181694295956 0 0 24.0 1 87
581.5961998958187 43.59739032465279 0 0 24.0 1 88
600.0 53.58983848622455 0 0 24.0 1 89
617.8556140060107 64.53177282183032 0 0 24.0 1 90
635.1141009169892 76.39320225002098 0 0 24.0 1 91
651.728156419935 89.14161541721171 0 0 24.0 1 92
667.6522425435431 102.74206980904216 0 0 24.0 1 93
682.842712474619 117.15728752538092 0 0 24.0 1 94
697.2579301909577 132.34775745645675 0 0 24.0 1 95
710.8583845827882 148.27184358006485 0 0 24.0 1 96
723.6067977499789 164.88589908301066 0 0 24.0 1 97
735.4682271781696 182.1443859939892 0 0 24.0 1 98
746.4101615137754 199.99999999999983 0 0 24.0 1 99
756.4026096753471 218.40380010418122 0 0 24.0 1 100
765.4181830570403 237.30534276967995 0 0 24.0 1 101
773.4321705988806 256.6528201818797 0 0 24.0 1 102
780.4226065180615 276.3932022500209 0 0 24.0 1 103
786.3703305156273 296.4723819589917 0 0 24.0 1 104
791.2590402935223 316.83532367289604 0 0 24.0 1 105
795.0753362380551 337.4262139839076 0 0 24.0 1 106
797.8087581473094 358.18861469293864 0 0 24.0 1 107
799.4518139018296 379.06561750282225 0 0 24.0 1 108
800.0 399.9999999999999 0 0 24.0 1 109
717.955370054299 343.1371592897987 0 0 13.0 1 110
221.44026116688852 672.7497381627543 0 0 10.0 1 111
620.5259438736464 115.45069306245466 0 0 11.0 1 112
585.5727457308957 445.2079201235397 0 0 13.0 1 113
457.21800149072953 659.7731708729884 0 0 12.0 1 114
613.2684379916989 503.3710469937345 0 0 10.0 1 115
676.7712683423099 528.1509462321255 0 0 13.0 1 116
158.17734591496722 210.8682893556171 0 0 12.0 1 117
753.3795505040613 293.7743285003686 0 0 10.0 1 118
185.03357401160102 403.79943387548474 0 0 11.0 1 119
525.9965297153677 279.9963563066335 0 0 12.0 1 120
249.32660314411993 277.7971871031175 0 0 10.0 1 121
337.06541148631453 627.4538141439116 0 0 13.0 1 122
544.5938664365019 620.8814473624777 0 0 12.0 1 123
407.167758470765 220.14276984645633 0 0 11.0 1 124
202.83839268890458 205.4330433950682 0 0 11.0 1 125
180.29656430526762 612.9938974335429 0 0 12.0 1 126
673.7266651423597 626.0502439504158 0 0 13.0 1 127
631.1014577730992 264.29400818258466 0 0 10.0 1 128
96.7791521112265 485.33532331697876 0 0 11.0 1 129
273.7039895770506 153.46741036681124 0 0 12.0 1 130
599.2317651845582 373.39729823034764 0 0 10.0 1 131
80.45066490985624 416.9771152863793 0 0 10.0 1 132
567.513275204927 377.63255423347636 0 0 12.0 1 133
508.79586058822815 501.80599549568205 0 0 10.0 1 134
225.02207147142897 200.9831049185766 0 0 10.0 1 135
521.8276425140643 500.60827758919913 0 0 12.0 1 136
142.63478518732512 484.87724196995157 0 0 10.0 1 137
703.7498298852584 203.0735141107813 0 0 11.0 1 138
211.5323364377151 596.122257256471 0 0 11.0 1 139
260.44450845563136 426.234800929484 0 0 11.0 1 140
635.0727481348925 132.6485401492833 0 0 10.0 1 141
558.6951907852556 390.15945013572343 0 0 13.0 1 142
269.8066464557405 431.71262671081433 0 0 10.0 1 143
429.8788174785553 228.58455067852495 0 0 13.0 1 144
309.83086543681065 182.98726495404594 0 0 13.0 1 145
468.8171805351226 511.4683617139695 0 0 11.0 1 146
717.7217144069969 536.9996795407883 0 0 11.0 1 147
649.857896410587 178.35381437688497 0 0 10.0 1 148
478.56218752299435 83.60786562937147 0 0 11.0 1 149
103.25371104849586 461.2424688717757 0 0 10.0 1 150
45.019034103485126 493.15317413366733 0 0 13.0 1 151
228.03204351942045 91.72087008054939 0 0 12.0 1 152
680.1595142991873 221.8577912238556 0 0 11.0 1 153
243.87983702941222 493.5440789897314 0 0 11.0 1 154
127.03760106655079 625.4052545272548 0 0 10.0 1 155
298.422360818988 113.47254369186163 0 0 10.0 1 156
217.07386783107978 85.3032727057386 0 0 13.0 1 157
442.7498577578937 68.74715146631593 0 0 10.0 1 158
658.3869312087875 436.84011102732114 0 0 13.0 1 159
520.6455691743092 521.1843498089047 0 0 12.0 1 160
761.0927991584291 425.612309461085 0 0 12.0 1 161
385.34846227482115 205.55120868905442 0 0 13.0 1 162
575.2790911645096 534.6040125722243 0 0 11.0 1 163
324.62818734667025 646.7449895283618 0 0 11.0 1 164
194.41135923063987 239.20724274207188 0 0 13.0 1 165
191.16358981296204 581.9789926892421 0 0 13.0 1 166
432.1111429223554 215.77764929243773 0 0 13.0 1 167
567.3234919658869 636.8603998906144 0 0 10.0 1 168
282.69625413452326 288.268933568467 0 0 12.0 1 169
322.30094890946384 536.4252815999669 0 0 13.0 1 170
285.2996456591957 319.72653792134076 0 0 13.0 1 171
193.09924615205026 495.79184755056195 0 0 11.0 1 172
70.1702839427939 528.5626633421336 0 0 11.0 1 173
60.355288531803694 345.4338019311801 0 0 13.0 1 174
413.327678528694 600.5576550148006 0 0 12.0 1 175
548.2582621771198 144.96179169343978 0 0 10.0 1 176
269.31293749255633 722.5289005549355 0 0 10.0 1 177
434.2324251157415 222.26665740302087 0 0 13.0 1 178
267.45264554209666 300.064026365823 0 0 11.0 1 179
268.04671112572714 328.66747196921517 0 0 13.0 1 180
529.3128860417515 703.6085926049409 0 0 12.0 1 181
65.61519388832357 551.2474840837247 0 0 11.0 1 182
304.14737946075303 546.4147367438098 0 0 11.0 1 183
190.34340841877045 300.661620676893 0 0 13.0 1 184
262.6359567079924 69.40187597254658 0 0 13.0 1 185
141.98232077969539 590.9656440561181 0 0 13.0 1 186
600.2588208282939 524.8695506537174 0 0 13.0 1 187
487.42200951979834 178.63741903492294 0 0 10.0 1 188
566.9070989579452 519.0252927635245 0 0 12.0 1 189
431.1828895490147 65.45011224127734 0 0 13.0 1 190
275.4552821675185 281.3719541591131 0 0 13.0 1 191
444.4454138243052 169.24124027464038 0 0 10.0 1 192
173.24679534855323 687.2959870591636 0 0 12.0 1 193
595.4112691816468 317.79029329320076 0 0 12.0 1 194
386.3517693436129 57.27164430127749 0 0 10.0 1 195
624.2755239972347 120.95790759140692 0 0 11.0 1 196
657.5507358743437 312.52647000043896 0 0 12.0 1 197
669.0 400.0 0 0 13.0 1 198
288.2172426066989 613.5078807668476 0 0 11.0 1 199
469.94427599159883 295.1963824287966 0 0 11.0 1 200
714.9985939023027 374.86266045158783 0 0 11.0 1 201
428.866372594146 274.2711944968221 0 0 11.0 1 202
231.1480573859461 599.0226657329769 0 0 11.0 1 203
171.3174555161562 298.98369513590984 0 0 12.0 1 204
399.2219869547621 223.00170990740776 0 0 11.0 1 205
434.1327964420648 734.2618018964245 0 0 11.0 1 206
286.04687119513306 279.29090988835424 0 0 13.0 1 207
141.4047339561227 625.3386082758485 0 0 10.0 1 208
190.05256595818997 618.4744262820246 0 0 13.0 1 209
591.739547192884 260.6983631026978 0 0 13.0 1 210
285.2042145983432 136.95831574821312 0 0 12.0 1 211
186.84574376124272 680.1236567077158 0 0 10.0 1 212
581.5438934995417 412.8769069666228 0 0 11.0 1 213
475.8555418571827 186.04921881527704 0 0 10.0 1 214
351.2657565420841 695.0016500201051 0 0 13.0 1 215
394.5200384188864 152.06055170451492 0 0 12.0 1 216
561.9160876268851 345.00744988998184 0 0 11.0 1 217
528.9786724504389 343.0306920094478 0 0 12.0 1 218
670.3208524086583 419.17385597777354 0 0 13.0 1 219
385.72414272931286 210.53707513292483 0 0 13.0 1 220
311.33368096172546 118.64029451927036 0 0 10.0 1 221
567.1256934964092 619.6474506415776 0 0 13.0 1 222
603.1081146148415 457.1672439217109 0 0 11.0 1 223
426.1688773289637 164.4491777570249 0 0 11.0 1 224
564.2770084712174 676.9423486716099 0 0 11.0 1 225
490.86202710338944 59.92928377958958 0 0 13.0 1 226
511.5775336428091 497.23401661038076 0 0 11.0 1 227
340.0624870767067 697.0126168104143 0 0 10.0 1 228
592.9124840258127 330.64746935409954 0 0 13.0 1 229
233.7050027391604 573.0490505204156 0 0 13.0 1 230
104.64729960611845 497.4052481647783 0 0 10.0 1 231
368.9000079311539 264.5238379148652 0 0 11.0 1 232
602.2876660267657 129.2165068298222 0 0 12.0 1 233
489.8295040681237 63.79372373663966 0 0 11.0 1 234
685.4878697078456 551.0816873405781 0 0 11.0 1 235
176.08514864422284 595.1182701397289 0 0 13.0 1 236
301.95646241985594 549.7613592979541 0 0 11.0 1 237
42.75923110566566 444.48632418828066 0 0 11.0 1 238
223.06762378714183 361.84329354265986 0 0 13.0 1 239
482.43257648630515 584.4149406469808 0 0 13.0 1 240
602.2876660267657 129.2165068298222 0 0 12.0 1 241
269.2048019988091 100.29745383158775 0 0 10.0 1 242
522.0774750474667 74.11491275905985 0 0 11.0 1 243
417.16915049573726 215.7984248947509 0 0 12.0 1 244
543.644885758314 721.3567282561249 0 0 11.0 1 245
344.6706671564445 137.7736380012737 0 0 10.0 1 246
668.7177883422337 152.98633594787003 0 0 13.0 1 247
610.248999612355 286.34984310611804 0 0 10.0 1 248
513.730020460594 531.6870625613346 0 0 12.0 1 249
297.97260455694516 628.2332372357421 0 0 11.0 1 250
142.49507753682695 384.0245529879372 0 0 11.0 1 251
465.1622496129983 216.20968136114107 0 0 11.0 1 252
273.6194265062303 746.6827810021517 0 0 10.0 1 253
112.54790599490838 183.27138248009803 0 0 10.0 1 254
281.2043614484597 127.79310026905677 0 0 10.0 1 255
538.1260960284842 338.9903155562172 0 0 13.0 1 256
36.06150930027826 438.7914293009234 0 0 12.0 1 257
292.8447486420631 309.9014311633233 0 0 12.0 1 258
496.57379558028987 127.61332263266547 0 0 12.0 1 259
213.27082117302785 435.10290265212643 0 0 11.0 1 260
395.7116106469518 722.9715308146473 0 0 10.0 1 261
641.4605203111734 499.0848986024481 0 0 13.0 1 262
621.0 400.0 0 0 10.0 1 263
405.9078439219422 133.06536871324852 0 0 13.0 1 264
464.40308545453985 751.1427666689651 0 0 13.0 1 265
386.52018025155735 676.6718172484316 0 0 13.0 1 266
245.01287518185512 527.9843394349667 0 0 11.0 1 267
534.5217440768787 321.00695998687763 0 0 13.0 1 268
374.0780486400681 55.97521537294244 0 0 11.0 1 269
262.1766461133776 222.15252848735003 0 0 11.0 1 270
97.64032857980953 546.5422433930723 0 0 11.0 1 271
533.5407104568192 227.68958635448644 0 0 10.0 1 272
688.36563700991 430.745071017463 0 0 11.0 1 273
535.5847402078003 468.7079196511093 0 0 10.0 1 274
575.6120856255 439.50184023893144 0 0 11.0 1 275
619.4907719959493 481.1159725863051 0 0 11.0 1 276
376.5167245371892 753.2202369252614 0 0 13.0 1 277
407.7443646916845 50.08568932448304 0 0 11.0 1 278
708.7864029702337 427.40360087113476 0 0 10.0 1 279
327.0018762143245 284.0678046280016 0 0 12.0 1 280
81.31776147375285 477.6249370234858 0 0 12.0 1 281
417.9943951994186 769.562175745039 0 0 13.0 1 282
298.1832778911016 217.47779560009866 0 0 10.0 1 283
295.5764345216361 583.3486268636498 0 0 10.0 1 284
120.52258632511837 211.6880905370053 0 0 10.0 1 285
539.5011740329198 727.5292695980575 0 0 13.0 1 286
397.4508645331726 591.9830771405952 0 0 11.0 1 287
519.6973293833107 546.2653388144411 0 0 12.0 1 288
534.4824291373388 617.8313022807343 0 0 10.0 1 289
226.99471121658075 240.9585901314827 0 0 12.0 1 290
163.106131909984 507.1508061628567 0 0 13.0 1 291
661.4876772325065 453.9740183379795 0 0 13.0 1 292
360.98043318122393 215.07170739642063 0 0 13.0 1 293
615.5730535133277 100.51835014655751 0 0 10.0 1 294
633.6756024045822 424.9141092727717 0 0 10.0 1 295
131.27345554440137 211.93074598714128 0 0 13.0 1 296
105.59500933358169 201.62988765767622 0 0 10.0 1 297
664.6082077190085 357.49710118434245 0 0 11.0 1 298
416.70792791162785 598.297365451233 0 0 13.0 1 299
515.8588778991888 289.6518218911573 0 0 11.0 1 300
246.80339529923828 100.95685878429089 0 0 12.0 1 301
487.34853818051494 166.82360137070663 0 0 12.0 1 302
166.32503844836532 566.628365964028 0 0 13.0 1 303
658.2617793401587 525.1792847561258 0 0 11.0 1 304
419.295295780348 690.3595900960547 0 0 13.0 1 305
533.1562087297756 624.4781149170503 0 0 10.0 1 306
578.8591614321216 561.5252313782532 0 0 13.0 1 307
431.9411351005873 523.9506510208237 0 0 12.0 1 308
476.3505061108838 157.74682619909416 0 0 13.0 1 309
434.68626183350057 131.22897618973536 0 0 10.0 1 310
121.87180206298359 452.28484973974616 0 0 11.0 1 311
485.0934959931945 621.1969641284803 0 0 12.0 1 312
442.895918340776 227.24601252155864 0 0 10.0 1 313
66.53757632123404 242.00059495592026 0 0 11.0 1 314
372.1288808437314 267.9083624260147 0 0 11.0 1 315
401.0754446110963 157.00237980817906 0 0 13.0 1 316
648.7351698901527 512.5158444829742 0 0 13.0 1 317
352.5467918364449 658.6835770492328 0 0 10.0 1 318
271.33410489349194 285.85497191536956 0 0 13.0 1 319
533.073466283259 180.13537671703907 0 0 11.0 1 320
640.9894284543875 550.2667473968463 0 0 11.0 1 321
565.5180061961453 306.7058971592908 0 0 10.0 1 322
285.48516227132353 234.8111627864192 0 0 12.0 1 323
504.57337826256276 254.7229937025306 0 0 12.0 1 324
610.0648845775371 177.49439497525913 0 0 11.0 1 325
572.6657233982654 421.5069282640196 0 0 11.0 1 326
539.2926403054339 64.7887824717958 0 0 12.0 1 327
227.243640716891 409.1782529516988 0 0 11.0 1 328
493.4736664110766 217.55090110479915 0 0 11.0 1 329
188.21946684018974 154.79599152023127 0 0 12.0 1 330
75.35343617037262 302.40077565054287 0 0 12.0 1 331
289.396086885653 322.5934472812929 0 0 13.0 1 332
454.58839096174734 670.5477916601934 0 0 11.0 1 333
358.5871393915599 184.95122651773642 0 0 10.0 1 334
519.7225999319431 111.88457336418816 0 0 11.0 1 335
165.70640681787154 325.01658720885473 0 0 10.0 1 336
581.4136133565173 350.6735275036614 0 0 10.0 1 337
530.8631329755073 144.57126154671883 0 0 11.0 1 338
446.2394613039019 593.5533833812392 0 0 13.0 1 339
405.2165353315012 269.1039047215877 0 0 11.0 1 340
186.7955187189856 496.43572554657106 0 0 13.0 1 341
140.33025536027196 578.3160781274039 0 0 12.0 1 342
413.8581086091389 159.3987680293858 0 0 11.0 1 343
559.1421532928455 587.5893788179823 0 0 11.0 1 344
556.1141757521507 663.1812381786107 0 0 11.0 1 345
601.5453208612503 352.79318228332176 0 0 10.0 1 346
532.250447318338 414.10032567352613 0 0 13.0 1 347
186.25722512363623 670.8117910803592 0 0 12.0 1 348
347.4773397449784 266.9948491232931 0 0 12.0 1 349
537.2972672859553 353.36889025758694 0 0 11.0 1 350
363.12553507467663 208.51821539250503 0 0 13.0 1 351
527.4447656891076 278.617004080273 0 0 10.0 1 352
317.9668873063315 743.3359410574253 0 0 13.0 1 353
175.12883020751076 254.2023422816489 0 0 10.0 1 354
587.3203505006844 431.7975830575333 0 0 13.0 1 355
216.2249352043241 360.3676198122655 0 0 12.0 1 356
701.8375073981852 256.9960870197932 0 0 10.0 1 357
750.7422052819546 485.4453359403027 0 0 10.0 1 358
466.8521249269046 230.72273220317638 0 0 11.0 1 359
125.54041667578213 490.51484475762356 0 0 10.0 1 360
549.467584181027 207.13880307566373 0 0 10.0 1 361
217.05842708509437 679.4429832710427 0 0 10.0 1 362
491.84956672972373 583.2720848671778 0 0 10.0 1 363
300.8579476041902 476.13050273541154 0 0 12.0 1 364
543.0377283443698 208.52883175244827 0 0 13.0 1 365
464.26088128442194 268.9025586193635 0 0 10.0 1 366
604.843689174763 261.985279751495 0 0 12.0 1 367
294.44874381956225 317.44739665684915 0 0 12.0 1 368
264.34431245514963 175.85376550846556 0 0 10.0 1 369
692.5852109748977 300.62749716961633 0 0 13.0 1 370
444.4439958898912 274.64557754375267 0 0 10.0 1 371
231.30938291433353 233.52935481816306 0 0 11.0 1 372
470.22190957546667 231.00922091553343 0 0 10.0 1 373
56.262052897569845 299.9588898411912 0 0 11.0 1 374
401.9472510115264 546.9871022011731 0 0 12.0 1 375
615.6951748380021 456.6091119132222 0 0 11.0 1 376
364.6434917845069 640.4140539294817 0 0 13.0 1 377
92.00527557066971 475.02166169647865 0 0 13.0 1 378
281.91738645864297 555.1821393693311 0 0 10.0 1 379
492.1488080524239 261.9253927236527 0 0 10.0 1 380
531.0904221915564 230.85124532045916 0 0 13.0 1 381
668.1431668717833 567.1982118922656 0 0 13.0 1 382
214.73034444425753 322.05030641332485 0 0 11.0 1 383
264.40531652027363 204.40326737894415 0 0 12.0 1 384
142.2433548548728 649.8849973158233 0 0 13.0 1 385
128.03172719654196 632.8030467762478 0 0 12.0 1 386
539.074653161118 383.93012607035377 0 0 12.0 1 387
586.1639747597922 673.685904828209 0 0 12.0 1 388
35.05699774062498 406.45020169559035 0 0 12.0 1 389
759.2764415352722 315.84871624418224 0 0 13.0 1 390
231.00662033930632 398.5041287299217 0 0 11.0 1 391
640.7643373131693 389.3447722619171 0 0 12.0 1 392
266.9032804948623 422.5890074365983 0 0 11.0 1 393
474.4853772853477 562.7664847892815 0 0 13.0 1 394
370.0850569196181 130.6561747867653 0 0 12.0 1 395
597.1576556775315 86.90439350297493 0 0 13.0 1 396
615.078144209682 337.4109284034406 0 0 13.0 1 397
260.1177665549223 190.38854810288447 0 0 13.0 1 398
45.019034103485126 493.15317413366733 0 0 10.0 1 399
255.7711233570562 206.92221478814687 0 0 11.0 1 400
119.20660546431583 442.5566632283078 0 0 10.0 1 401
362.3992500829252 535.8940160775065 0 0 12.0 1 402
447.7156844464812 207.83545213072253 0 0 11.0 1 403
390.7287529360403 167.18452805305438 0 0 12.0 1 404
141.4487779432439 453.3597748585769 0 0 12.0 1 405
401.0223362352397 169.0022622867875 0 0 10.0 1 406
548.9469109965476 461.12133591951783 0 0 11.0 1 407
678.3258187783067 573.5475110780478 0 0 10.0 1 408
477.4245342447638 62.77390151860817 0 0 13.0 1 409
278.2225535301901 622.9041352942843 0 0 13.0 1 410
626.2806354931099 381.9424807674381 0 0 11.0 1 411
452.446486251804 151.47361089848158 0 0 11.0 1 412
329.5814472245172 256.32944830270003 0 0 12.0 1 413
382.866147176996 603.279194920286 0 0 12.0 1 414
577.033510231575 686.754487767998 0 0 13.0 1 415
291.5842523205732 505.10483174008164 0 0 11.0 1 416
556.1392797132329 304.5561666180951 0 0 12.0 1 417
373.8929957872032 617.4383230505446 0 0 11.0 1 418
316.8029471901889 305.3730989424175 0 0 11.0 1 419
235.20122284894853 608.7998157315233 0 0 10.0 1 420
67.37511685756334 529.6521774382535 0 0 13.0 1 421
335.26848674709356 577.569229293785 0 0 10.0 1 422
337.6607690338056 553.8499927934463 0 0 12.0 1 423
468.5521001401533 75.15448353659798 0 0 11.0 1 424
185.02015861687835 101.32347296968936 0 0 12.0 1 425
646.8095001540049 367.0444142256545 0 0 12.0 1 426
319.0964636686018 531.0367040530024 0 0 11.0 1 427
370.3116145287485 81.38016419546256 0 0 13.0 1 428
451.9147166034254 173.8830784749049 0 0 10.0 1 429
327.7122852291396 108.8394149387546 0 0 12.0 1 430
568.513118822315 511.3881896108215 0 0 12.0 1 431
117.78278232239899 569.0989120198991 0 0 10.0 1 432
358.4456366139389 244.45503902864874 0 0 13.0 1 433
703.7386891829822 249.45496124613155 0 0 10.0 1 434
526.7972067537162 653.0048781337138 0 0 10.0 1 435
459.9946597809859 616.8539619139198 0 0 11.0 1 436
579.6750692618323 103.13998334946518 0 0 13.0 1 437
153.27028597896305 213.97460329541747 0 0 12.0 1 438
105.77353901696915 576.2946104037246 0 0 10.0 1 439
569.6741033553047 389.47865737781746 0 0 13.0 1 440
198.25169794056154 441.636794018435 0 0 11.0 1 441
401.16395857085735 137.002575677165 0 0 12.0 1 442
319.5677776799497 609.0613728373992 0 0 10.0 1 443
674.492031778258 564.4813803755421 0 0 12.0 1 444
332.1480626530898 541.580770580863 0 0 12.0 1 445
478.5786046282544 190.23488637364773 0 0 10.0 1 446
302.35402858011895 494.66395441490795 0 0 10.0 1 447
499.71776078582695 582.5386758576401 0 0 12.0 1 448
515.0502962475281 551.2065783402165 0 0 12.0 1 449
452.4127666842864 659.7650898186639 0 0 12.0 1 450
443.4003143758736 253.28458597653983 0 0 12.0 1 451
279.0315765345498 547.8094737298104 0 0 12.0 1 452
487.6103216194376 138.27412900949457 0 0 10.0 1 453
561.3064722018312 332.1382138033497 0 0 10.0 1 454
667.8875099754521 322.0430760024997 0 0 13.0 1 455
194.41769117182912 585.6472846472002 0 0 11.0 1 456
196.93723215858034 449.4622312131358 0 0 13.0 1 457
265.7055442675903 76.7895435485791 0 0 12.0 1 458
569.0684897099204 425.62900285236486 0 0 11.0 1 459
500.97107273803516 542.9329999339915 0 0 11.0 1 460
481.89816115977595 592.2854419831292 0 0 13.0 1 461
599.0810997630253 189.12867497655276 0 0 12.0 1 462
584.7706106283425 378.6500246363272 0 0 12.0 1 463
244.60189781892765 672.8505631999337 0 0 10.0 1 464
355.07752445551756 574.3042489182503 0 0 10.0 1 465
376.4072674579171 86.88758732493892 0 0 11.0 1 466
106.52591501078706 548.7076374627216 0 0 11.0 1 467
351.99309571548224 220.3020947784389 0 0 11.0 1 468
588.4369257077335 316.7682450634486 0 0 12.0 1 469
76.73903015731537 312.0946794763426 0 0 12.0 1 470
258.1969115860795 308.06043225969654 0 0 13.0 1 471
399.30989803332005 243.00151669753117 0 0 10.0 1 472
479.3537575155215 707.9398986298589 0 0 11.0 1 473
276.7371018156558 228.74796955599038 0 0 12.0 1 474
364.78918382724027 574.4826593803755 0 0 10.0 1 475
710.489626866291 300.6410969845613 0 0 12.0 1 476
370.2542820827491 524.4957519981599 0 0 10.0 1 477
469.69899745699 508.54975704021865 0 0 13.0 1 478
553.4494962689163 378.131024376623 0 0 13.0 1 479
519.6184800690331 144.6269019141321 0 0 12.0 1 480
481.86209741117443 612.7970794147406 0 0 12.0 1 481
325.7967425816056 642.9194858147438 0 0 10.0 1 482
254.08617509467666 256.0064039566389 0 0 10.0 1 483
51.054499209529126 406.1674531281124 0 0 12.0 1 484
277.8817304476714 189.9139979876222 0 0 11.0 1 485
269.7494049804708 305.36500384604756 0 0 13.0 1 486
263.054694313756 358.82982571689564 0 0 13.0 1 487
125.17205366749607 409.7262487454484 0 0 10.0 1 488
558.5876183655078 297.18479051640236 0 0 11.0 1 489
97.60573005670761 553.2276264433514 0 0 11.0 1 490
190.00000009541162 399.9936696857945 0 0 11.0 1 491
469.50109917234914 248.14942471681155 0 0 13.0 1 492
138.558961871716 321.4023945504372 0 0 11.0 1 493
217.12333697697528 640.3333645617334 0 0 10.0 1 494
682.7017986379992 487.7250992979781 0 0 10.0 1 495
299.072097520739 211.29504908154428 0 0 10.0 1 496
85.33961954707564 566.5077925300222 0 0 10.0 1 497
273.883832645445 256.557634111125 0 0 12.0 1 498
611.7926950638669 390.6269365955454 0 0 13.0 1 499
246.94369988484274 187.35529869037669 0 0 11.0 1 500
754.1425324566055 303.70842869065814 0 0 12.0 1 501
226.9143858673787 210.0253433209226 0 0 13.0 1 502
218.4059611960945 513.2236948296851 0 0 10.0 1 503
256.8052464692132 295.96028373136903 0 0 11.0 1 504
144.7751102791348 303.10182836104593 0 0 13.0 1 505
689.2056380114916 475.90190341728 0 0 11.0 1 506
557.1729502513697 318.60181998791074 0 0 10.0 1 507
362.66258733366107 670.4346827154083 0 0 13.0 1 508
469.9080635974213 552.7640751094932 0 0 11.0 1 509
268.198790779913 260.3846668588194 0 0 12.0 1 510
438.67871828586743 550.0964914705287 0 0 13.0 1 511
476.16793338562456 551.981728914245 0 0 11.0 1 512
286.8545401778974 275.814232209786 0 0 13.0 1 513
651.0 400.0 0 0 13.0 1 514
252.75451449040213 146.68642555709178 0 0 11.0 1 515
44.159622989880745 352.47499511524273 0 0 12.0 1 516
240.1909065117675 125.07263934182657 0 0 13.0 1 517
618.7358378232993 531.0710999867601 0 0 13.0 1 518
333.66414987280916 285.8792087833997 0 0 11.0 1 519
251.320176736719 380.1427556191822 0 0 10.0 1 520
377.1598977462322 565.4307399760922 0 0 13.0 1 521
205.5050422808599 227.45519010462843 0 0 10.0 1 522
194.2841793355249 217.50068184143393 0 0 12.0 1 523
296.4467319099395 324.76223908257197 0 0 13.0 1 524
611.7101254485194 447.62166295471184 0 0 11.0 1 525
172.23622288621021 350.88114583115885 0 0 10.0 1 526
726.1455848984366 572.5979647946542 0 0 11.0 1 527
543.1639408101084 87.20600061427047 0 0 12.0 1 528
445.53217578568945 709.6705038718106 0 0 13.0 1 529
698.4052868748856 483.9897896480113 0 0 13.0 1 530
698.4079418609359 604.9309645571414 0 0 10.0 1 531
86.57118991167113 541.7687589231642 0 0 13.0 1 532
500.7203886194193 48.13155396319894 0 0 12.0 1 533
513.3972339145281 212.64454280557027 0 0 12.0 1 534
309.9554087940734 283.8063186117354 0 0 10.0 1 535
623.7716579850008 284.1110657455 0 0 10.0 1 536
508.0376902154538 625.4503437409437 0 0 12.0 1 537
506.9951974935526 678.1295160771608 0 0 12.0 1 538
270.5424429034498 492.3132759173535 0 0 13.0 1 539
738.7461194852947 360.85837849993317 0 0 11.0 1 540
196.1412214609096 487.8953833403672 0 0 13.0 1 541
461.26373939330244 216.98154673490018 0 0 10.0 1 542
229.1332612974556 261.4194905293085 0 0 11.0 1 543
495.0708928591448 206.04762097111308 0 0 12.0 1 544
510.70841875234214 586.6350610613024 0 0 12.0 1 545
408.5098480027806 674.8683002584503 0 0 13.0 1 546
420.113969331931 596.9757046889645 0 0 10.0 1 547
717.9802209684906 517.5141654134933 0 0 12.0 1 548
415.9031546762429 726.6130580233182 0 0 10.0 1 549
514.6036427318365 109.81039806258809 0 0 13.0 1 550
709.2723952404639 469.5671297541182 0 0 11.0 1 551
331.1225989222958 516.1072935727169 0 0 13.0 1 552
643.4122232623795 342.9869351247847 0 0 11.0 1 553
289.11933271987 262.0345056780026 0 0 12.0 1 554
488.30134150237876 529.8147645257668 0 0 13.0 1 555
596.099930166543 172.965162610059 0 0 13.0 1 556
488.7517275488766 163.07779577023607 0 0 12.0 1 557
238.01876181864716 142.74899713074814 0 0 13.0 1 558
186.41077823569088 576.3764279775412 0 0 11.0 1 559
269.00424065325524 183.55344531924345 0 0 12.0 1 560
294.7077279027674 635.5367008272858 0 0 12.0 1 561
124.7008057656875 581.9625061762404 0 0 11.0 1 562
270.2581846739768 262.56615643915035 0 0 11.0 1 563
309.1147438906735 143.6333285664025 0 0 12.0 1 564
195.7972909406758 326.581653431632 0 0 10.0 1 565
548.9732483628687 193.04113628014136 0 0 12.0 1 566
604.7431886730453 322.27467148995913 0 0 11.0 1 567
718.9500154586135 405.64691410862696 0 0 11.0 1 568
305.74475125918593 316.3821305891661 0 0 11.0 1 569
668.564758187397 475.5908106832102 0 0 12.0 1 570
267.1572458515485 337.0571475840658 0 0 13.0 1 571
752.2189762058797 330.55366963991617 0 0 10.0 1 572
663.4902220840368 305.2745922885262 0 0 12.0 1 573
291.4352235850777 494.6027976435049 0 0 12.0 1 574
110.10923587575832 459.8276263565862 0 0 12.0 1 575
705.0 400.0 0 0 10.0 1 576
297.32813299233095 499.53636383332235 0 0 10.0 1 577
104.72281560638362 319.70439379033087 0 0 11.0 1 578
171.4684708094957 125.73308590745097 0 0 11.0 1 579
552.5483620799839 487.7781135973775 0 0 12.0 1 580
506.65604371061977 81.3772005332977 0 0 11.0 1 581
424.2642772183942 687.9795910321926 0 0 10.0 1 582
291.4857383369604 188.17777497220604 0 0 13.0 1 583
660.5662303324781 623.0565838757555 0 0 12.0 1 584
601.855945906937 421.5215497122241 0 0 13.0 1 585
306.4416481227521 136.09313234776732 0 0 13.0 1 586
69.60747928843227 300.67335575055245 0 0 13.0 1 587
211.44334793164128 106.32094225026543 0 0 12.0 1 588
539.6089345608466 178.2944624264309 0 0 13.0 1 589
99.46933675122727 312.53388972148844 0 0 13.0 1 590
430.65652390967693 551.9380714033695 0 0 13.0 1 591
285.9983443781098 539.2968862375177 0 0 12.0 1 592
273.0451421997418 476.0688114861552 0 0 11.0 1 593
323.92807695390155 68.61945964787179 0 0 11.0 1 594
600.724678469184 654.3336459327446 0 0 11.0 1 595
128.77505104292402 461.00022182936334 0 0 12.0 1 596
384.8769475940505 263.8372544124976 0 0 11.0 1 597
252.37731357712406 639.0994405122965 0 0 13.0 1 598
347.20635858355297 251.0811246819544 0 0 10.0 1 599
529.3413992543058 206.1964849675366 0 0 12.0 1 600
342.76602568526783 200.02932168905218 0 0 12.0 1 601
279.63584128104105 529.7746866529727 0 0 13.0 1 602
249.0051882881441 382.54815665606674 0 0 13.0 1 603
475.035453415912 514.6240844267404 0 0 11.0 1 604
235.04084150611016 667.1787342379399 0 0 10.0 1 605
265.3758823450381 348.88887649813415 0 0 13.0 1 606
149.24577585802336 388.89508780064716 0 0 12.0 1 607
525.3915037221759 155.25120879912083 0 0 13.0 1 608
199.51914202628024 565.5518818561759 0 0 10.0 1 609
216.17574087652778 546.402328388952 0 0 13.0 1 610
235.6812219327195 650.9966915608168 0 0 12.0 1 611
289.1840088304188 545.6324692542954 0 0 11.0 1 612
317.0325783195905 671.6107636668789 0 0 13.0 1 613
261.6891033538687 184.57925849876204 0 0 10.0 1 614
520.011332168636 569.8860799215441 0 0 11.0 1 615
574.4062362512389 557.5038563231931 0 0 13.0 1 616
363.6949402646827 277.25659839480153 0 0 13.0 1 617
715.074294167746 320.29310472301233 0 0 11.0 1 618
619.7715693575392 251.92752685889138 0 0 12.0 1 619
551.3632895376256 584.9598728923355 0 0 10.0 1 620
170.02411837318795 583.1586576440505 0 0 12.0 1 621
309.5206188430648 264.41798944750064 0 0 11.0 1 622
281.5604185935622 462.6742814579297 0 0 13.0 1 623
502.0217871930689 224.4991312331128 0 0 12.0 1 624
336.9065208215171 548.1222903048503 0 0 11.0 1 625
45.00000016129104 399.98929875455735 0 0 11.0 1 626
268.44350320100693 586.2173143130802 0 0 12.0 1 627
478.1776208205774 514.9315431151693 0 0 13.0 1 628
416.7834149957911 248.92943046020164 0 0 10.0 1 629
199.51182904893517 437.68943232123047 0 0 13.0 1 630
139.61129704341658 311.553839130304 0 0 10.0 1 631
506.00342983034625 157.12498509685508 0 0 11.0 1 632
501.0358852309609 486.4913284416195 0 0 12.0 1 633
238.9675974940651 645.9767577296004 0 0 11.0 1 634
708.850548896092 203.6143120118408 0 0 12.0 1 635
207.42719274070134 358.47032501604417 0 0 13.0 1 636
155.1170424883954 455.0757398531302 0 0 10.0 1 637
316.156161893389 674.4798914520924 0 0 13.0 1 638
356.1554008222666 639.0118221405457 0 0 11.0 1 639
700.9654051832761 303.68891609546426 0 0 13.0 1 640
347.97503003687746 657.803030432802 0 0 10.0 1 641
499.4845237636255 567.7135341334283 0 0 10.0 1 642
432.29791518212244 535.1955793466947 0 0 11.0 1 643
313.39277744685455 552.0663966878611 0 0 11.0 1 644
255.19218411267389 625.5098588930033 0 0 11.0 1 645
544.5442341790532 612.4993279179749 0 0 13.0 1 646
148.67310945329248 370.9518660130585 0 0 10.0 1 647
261.6593059109348 299.4870537743735 0 0 13.0 1 648
503.25107408283634 245.2898978710807 0 0 11.0 1 649
539.8161271948426 705.5281502189865 0 0 10.0 1 650
568.5669355524241 97.83913516395785 0 0 10.0 1 651
507.8270851951155 140.51142665172074 0 0 10.0 1 652
125.53660778821995 533.0219768895449 0 0 13.0 1 653
236.13138118020163 631.954900284714 0 0 11.0 1 654
508.247093796522 237.80392518742335 0 0 12.0 1 655
292.20077957721446 752.9027175812616 0 0 13.0 1 656
700.236494942914 346.3059863262805 0 0 10.0 1 657
180.21542107077744 390.2666108212844 0 0 12.0 1 658
278.2840752727551 559.956974426849 0 0 10.0 1 659
644.529197280144 365.1507291679089 0 0 13.0 1 660
500.4523441982578 234.0321520743408 0 0 11.0 1 661
429.18253763113705 173.87530100095816 0 0 11.0 1 662
558.5818391245145 248.9609312135215 0 0 13.0 1 663
505.50798285401663 65.23281888142537 0 0 13.0 1 664
237.90895810268444 277.7891406762775 0 0 11.0 1 665
64.88209944036532 517.136641255001 0 0 10.0 1 666
256.2971667529291 595.9553411284431 0 0 12.0 1 667
602.0289183367104 207.5803644227055 0 0 13.0 1 668
526.166213458343 513.9389598933737 0 0 12.0 1 669
646.2172553603442 380.3515099099436 0 0 12.0 1 670
598.730561944384 102.22464213896183 0 0 11.0 1 671
228.71612822282697 666.741139063739 0 0 12.0 1 672
394.54213503816504 153.06030754441608 0 0 11.0 1 673
169.1973020225548 577.2318103680382 0 0 10.0 1 674
483.34639940309495 723.4337300074619 0 0 12.0 1 675
500.9423270832651 98.44627907615677 0 0 10.0 1 676
649.0486335100237 355.4603755427835 0 0 10.0 1 677
509.01400488560824 167.2663609642977 0 0 11.0 1 678
92.81756052797289 591.5279323754487 0 0 11.0 1 679
217.08703925823352 345.01046651697254 0 0 12.0 1 680
401.61980546362656 34.00358440244253 0 0 12.0 1 681
752.0 400.0 0 0 12.0 1 682
276.05687518301613 511.9245362313445 0 0 13.0 1 683
429.1139943366314 262.03850053813346 0 0 12.0 1 684
707.4114788937769 307.592302028776 0 0 12.0 1 685
312.3723472623145 278.2568503952538 0 0 13.0 1 686
363.34956769676603 262.8112766588082 0 0 11.0 1 687
504.74898603426846 722.4106851901665 0 0 13.0 1 688
238.8404691649993 309.15614703766437 0 0 11.0 1 689
268.5952454437206 572.6898679135634 0 0 11.0 1 690
571.1501951949049 713.2995542364304 0 0 12.0 1 691
629.0638216074999 363.2064458013711 0 0 13.0 1 692
586.1632530659465 311.799981814603 0 0 12.0 1 693
261.0648212308724 295.2478348653807 0 0 10.0 1 694
326.36317308254104 179.9963233908847 0 0 10.0 1 695
457.86708583449814 204.37944796871975 0 0 13.0 1 696
528.8181193447589 406.8477827418415 0 0 11.0 1 697
429.70222785439336 132.64484732759365 0 0 12.0 1 698
285.01049691772926 335.18168329173886 0 0 11.0 1 699
458.39480218682627 611.0711895962152 0 0 10.0 1 700
271.4932874332778 447.4871016729158 0 0 11.0 1 701
492.96129565396166 151.84037896882433 0 0 13.0 1 702
307.60339223769085 188.2835224314886 0 0 10.0 1 703
342.6465771354662 514.4315729408714 0 0 13.0 1 704
608.4337638340473 347.2708231244543 0 0 11.0 1 705
248.97992059999672 654.5759918335126 0 0 12.0 1 706
87.68799717302369 496.90311083862446 0 0 12.0 1 707
487.94981654574906 248.7061476147524 0 0 13.0 1 708
453.2724151691553 147.55980949530806 0 0 10.0 1 709
359.1544388519495 187.8971001270825 0 0 11.0 1 710
319.34181322688084 303.19991267321797 0 0 11.0 1 711
206.0683935425281 394.84907611935046 0 0 11.0 1 712
349.2282090619494 630.4739144565885 0 0 13.0 1 713
403.6066612706988 237.03990674254496 0 0 13.0 1 714
304.5042540817789 158.17245295144193 0 0 10.0 1 715
145.43418076511693 629.8809336967136 0 0 10.0 1 716
208.56499093655358 338.73306515845445 0 0 11.0 1 717
542.0965126238913 348.91594084131236 0 0 10.0 1 718
280.81241810964076 637.8031125177483 0 0 10.0 1 719
198.31711370999173 331.4944281263809 0 0 13.0 1 720
218.82993342163667 258.30523306772614 0 0 12.0 1 721
344.69216905162904 206.75910413220907 0 0 10.0 1 722
167.78946643971628 456.56207301406437 0 0 10.0 1 723
587.9475434925232 529.0725412127852 0 0 10.0 1 724
583.7772202486202 378.76480945011036 0 0 12.0 1 725
521.4757414331605 685.2080718410051 0 0 12.0 1 726
248.30653356244554 552.3617151391993 0 0 11.0 1 727
157.20594847133796 268.74814842335593 0 0 10.0 1 728
685.1166137476275 440.65115699566473 0 0 12.0 1 729
176.11339266305816 534.1483770127467 0 0 12.0 1 730
452.291241511891 65.05727943251986 0 0 11.0 1 731
520.295328021834 238.9719463692138 0 0 10.0 1 732
175.62767106824793 230.8312735469654 0 0 12.0 1 733
674.0830471505886 570.9019697506386 0 0 12.0 1 734
292.7746133443765 464.2473069984419 0 0 12.0 1 735
555.5269684918966 545.5347452387938 0 0 12.0 1 736
518.2803994931269 567.4357999226758 0 0 13.0 1 737
236.26464759009676 420.389565252962 0 0 11.0 1 738
263.9825147125234 493.4036599714973 0 0 11.0 1 739
153.4328869966304 519.5017103860174 0 0 11.0 1 740
533.1969317002302 568.7707835664818 0 0 13.0 1 741
450.82713639248846 566.4109437691504 0 0 10.0 1 742
594.2756939066765 194.21867247711873 0 0 10.0 1 743
602.9475896467487 428.9357193892752 0 0 13.0 1 744
598.1580919892903 592.1181162180287 0 0 11.0 1 745
417.3656267123949 525.8071341732485 0 0 10.0 1 746
492.1605338215158 506.7119300065988 0 0 12.0 1 747
314.05382867360106 182.35520765629775 0 0 12.0 1 748
421.6750613165103 547.415032194568 0 0 10.0 1 749
219.58399900182235 175.51377195064825 0 0 13.0 1 750
555.1422416847098 353.3643393416253 0 0 13.0 1 751
255.90465785660572 262.7501097538576 0 0 12.0 1 752
429.6719763510999 614.9617961857869 0 0 10.0 1 753
652.7526030715014 388.8142215031744 0 0 10.0 1 754
648.6432342564289 446.74978137384886 0 0 13.0 1 755
344.49362634057115 581.7114263968556 0 0 13.0 1 756
62.35881131584364 339.60606235763464 0 0 11.0 1 757
269.08560218135494 436.84318720987017 0 0 11.0 1 758
387.98950512897267 542.4947297725535 0 0 11.0 1 759
583.3170665677155 231.48930863293052 0 0 13.0 1 760
469.8044672804233 289.14723121321543 0 0 11.0 1 761
544.4602818893534 232.75100312274347 0 0 10.0 1 762
360.0565884430386 144.09860517536995 0 0 10.0 1 763
233.05887485361956 395.56595727799754 0 0 13.0 1 764
64.19413796433179 524.0903824737508 0 0 11.0 1 765
177.1535972807231 244.04013081860498 0 0 10.0 1 766
314.4179393193285 570.7533627477065 0 0 13.0 1 767
248.75237652714364 468.4116685501316 0 0 13.0 1 768
529.9949420584501 398.85324840519485 0 0 12.0 1 769
600.7977292735754 587.8969715524332 0 0 11.0 1 770
278.0592782890408 91.20482453799508 0 0 10.0 1 771
562.3315975736564 190.54009350430692 0 0 13.0 1 772
679.9891059720464 397.53007348811195 0 0 11.0 1 773
386.82577894713216 258.61244786173654 0 0 10.0 1 774
528.1234264917401 346.09835267808916 0 0 12.0 1 775
627.4863969564002 373.7142776436501 0 0 13.0 1 776
570.3713589086224 106.92219452229182 0 0 10.0 1 777
519.3994806180206 582.3945285038642 0 0 10.0 1 778
392.2562420671959 649.8800396451828 0 0 12.0 1 779
493.4112203062209 311.03178139974557 0 0 10.0 1 780
163.80158085704124 324.40696596665026 0 0 12.0 1 781
179.67238742970224 637.5536637037467 0 0 12.0 1 782
449.6435908887633 200.0712279743881 0 0 11.0 1 783
527.4224207878566 339.6300846400923 0 0 13.0 1 784
414.0570539705628 611.5334470802873 0 0 12.0 1 785
84.32355764254135 273.7130895914463 0 0 11.0 1 786
390.8083344559026 169.18294412126852 0 0 11.0 1 787
663.9841330558406 440.01721498000825 0 0 13.0 1 788
508.9019917371774 627.2539464908712 0 0 11.0 1 789
148.74313525445666 538.7046787900097 0 0 12.0 1 790
710.5721192110207 210.15543524036408 0 0 13.0 1 791
567.7700415911015 366.92110726580967 0 0 11.0 1 792
409.93331348688207 720.8462704835001 0 0 10.0 1 793
648.2495753309296 226.27277603089058 0 0 11.0 1 794
468.8513347710857 265.6106637406082 0 0 12.0 1 795
315.87539151527477 752.089548619796 0 0 11.0 1 796
695.3150696193046 595.2050451595585 0 0 13.0 1 797
65.06559209027131 373.26159320080075 0 0 11.0 1 798
58.08374003095889 290.5729870243042 0 0 12.0 1 799
154.72865076344638 337.94385410226846 0 0 12.0 1 800
320.368728865507 297.24368312602445 0 0 11.0 1 801
325.2254667531996 254.03846678757054 0 0 11.0 1 802
426.95097919413337 719.8666045720894 0 0 10.0 1 803
579.4176758554356 503.23903133327923 0 0 11.0 1 804
748.0240256017075 452.75677780135925 0 0 13.0 1 805
578.8111942567413 260.15881576417496 0 0 10.0 1 806
577.1887511138509 368.31172963518196 0 0 10.0 1 807
657.9205964913008 226.22438057779328 0 0 11.0 1 808
468.29185854630487 510.6174581894354 0 0 10.0 1 809
602.0195871952003 487.10962282940295 0 0 11.0 1 810
656.2468529834803 292.1967053561783 0 0 13.0 1 811
111.77374080390706 605.5276709103342 0 0 10.0 1 812
344.3523351345058 530.642020020427 0 0 11.0 1 813
45.88890130770392 425.1063693698419 0 0 13.0 1 814
333.96245555946325 759.9931148289702 0 0 12.0 1 815
616.0103759514768 243.06524450810255 0 0 13.0 1 816
572.4751762111121 269.96802858163744 0 0 10.0 1 817
525.8243280421476 192.11243790755054 0 0 13.0 1 818
189.5664481381065 580.1297317235213 0 0 10.0 1 819
765.567659737796 357.7591885277871 0 0 13.0 1 820
271.726597540262 413.6723890158992 0 0 13.0 1 821
482.84729418413013 263.1193006798687 0 0 10.0 1 822
593.1220347137279 322.74794690087725 0 0 10.0 1 823
509.6928909798387 737.6277086799678 0 0 11.0 1 824
321.01944460213895 55.949027222643394 0 0 13.0 1 825
654.445125962347 325.95489297728466 0 0 13.0 1 826
361.0658901567878 540.7129528178436 0 0 11.0 1 827
362.1206873397508 558.5375591851567 0 0 11.0 1 828
506.22700985120764 305.7671905434661 0 0 13.0 1 829
597.2103416418711 707.1369094548822 0 0 12.0 1 830
607.3422523171336 366.6954897339997 0 0 10.0 1 831
299.7283012923032 255.3570380617402 0 0 10.0 1 832
506.74168818422567 525.8221443291344 0 0 13.0 1 833
571.3973093014745 591.4992489912551 0 0 13.0 1 834
517.9490263592945 676.927837497234 0 0 13.0 1 835
537.2972672859553 353.36889025758694 0 0 11.0 1 836
197.67162372611497 290.6234570194633 0 0 10.0 1 837
214.23459743865436 274.831253057238 0 0 13.0 1 838
201.26234548026287 349.7173521382017 0 0 13.0 1 839
216.95530059358012 357.12065743025676 0 0 13.0 1 840
500.3154509899648 635.5266657783784 0 0 11.0 1 841
267.989693579406 573.485673756483 0 0 13.0 1 842
213.45429939926998 445.43898752594293 0 0 12.0 1 843
258.0712758053621 593.5361393861167 0 0 13.0 1 844
502.93928567042514 262.204849629377 0 0 12.0 1 845
255.99623656225964 295.3724887242016 0 0 11.0 1 846
515.7576149164587 163.84501997871638 0 0 11.0 1 847
652.9695472324058 616.55347647413 0 0 10.0 1 848
594.1489168859694 443.6714789308187 0 0 12.0 1 849
441.4193430958419 184.9524749793457 0 0 11.0 1 850
547.3563788128869 616.6335560875854 0 0 11.0 1 851
334.9410567062256 137.9554734448791 0 0 12.0 1 852
701.554908546934 445.71254894720045 0 0 13.0 1 853
96.57928372068119 468.24125535587046 0 0 12.0 1 854
500.64020627208265 508.51520115409016 0 0 10.0 1 855
406.57164660980084 103.07271351248988 0 0 12.0 1 856
511.303728936246 689.3293623621472 0 0 12.0 1 857
78.09801664553402 512.5171680787475 0 0 13.0 1 858
318.93606948680826 523.8250345033363 0 0 12.0 1 859
288.2269408323224 270.5867733023443 0 0 11.0 1 860
155.17389102646393 367.30173758625335 0 0 10.0 1 861
61.92190780800837 463.55472901227097 0 0 10.0 1 862
621.7473164735073 486.44146942757385 0 0 13.0 1 863
519.5164552810128 680.6079416500212 0 0 13.0 1 864
305.74475125918593 316.3821305891661 0 0 11.0 1 865
505.82213544336463 690.3147871711087 0 0 11.0 1 866
555.8474548583171 393.1028401363447 0 0 10.0 1 867
433.42169651618843 727.2980143569157 0 0 12.0 1 868
143.3211403637191 330.2005514647974 0 0 12.0 1 869
728.3925064518266 254.95048532901967 0 0 11.0 1 870
469.64562022743974 119.51740235241823 0 0 10.0 1 871
545.9337229604967 512.0684991551551 0 0 11.0 1 872
571.1429981508442 726.9114164172615 0 0 11.0 1 873
687.4058825958764 604.9557480269469 0 0 10.0 1 874
626.9673535757793 331.7737557034888 0 0 12.0 1 875
528.5155741524745 524.5983434892287 0 0 10.0 1 876
430.8116646734312 69.43284900030972 0 0 11.0 1 877
226.64884822260382 176.3074024974225 0 0 12.0 1 878
166.70940402208558 560.2014289208105 0 0 10.0 1 879
166.43670489697936 486.3086738434747 0 0 10.0 1 880
522.8189077333989 260.31637210046824 0 0 12.0 1 881
423.6555387499552 571.3750725352126 0 0 12.0 1 882
311.63634698809597 642.3960907819923 0 0 12.0 1 883
308.89638875516874 649.9122486356974 0 0 12.0 1 884
591.0008398196177 474.45588753215395 0 0 11.0 1 885
228.193076332807 460.05315129129633 0 0 13.0 1 886
257.4850257524343 95.72137420578537 0 0 10.0 1 887
536.2228300507687 72.17635751373973 0 0 11.0 1 888
630.4347061674497 188.17732370324197 0 0 13.0 1 889
355.0728181265201 644.9133486131518 0 0 10.0 1 890
760.7978235183043 351.8239629644106 0 0 10.0 1 891
613.7606889650156 456.10140687364174 0 0 12.0 1 892
332.79865972267487 642.8744117129904 0 0 13.0 1 893
504.534639094376 220.17644973639145 0 0 11.0 1 894
416.0490551778598 729.6095080969267 0 0 12.0 1 895
116.10012250555661 392.45947225719345 0 0 13.0 1 896
470.5480902955764 593.5431914474059 0 0 12.0 1 897
458.5390219919734 280.57561846832425 0 0 10.0 1 898
323.7797553597077 133.69289474936278 0 0 10.0 1 899
705.8082248107082 410.83188063650016 0 0 12.0 1 900
305.3716426533559 533.945787488356 0 0 10.0 1 901
758.866355696048 460.9174749102217 0 0 10.0 1 902
439.7171783110813 193.79004450074245 0 0 11.0 1 903
440.3479411456393 599.9701068792734 0 0 11.0 1 904
533.24383400741 502.32341227209815 0 0 12.0 1 905
463.387865500977 607.5354873442855 0 0 11.0 1 906
406.83882330405277 620.8941612986091 0 0 10.0 1 907
554.4820239330493 437.63381832273717 0 0 10.0 1 908
672.0560178258273 296.7211388291238 0 0 13.0 1 909
379.50188667229224 708.3193593500162 0 0 13.0 1 910
729.348449160068 535.1502831512319 0 0 13.0 1 911
720.9497020759088 405.68231795883776 0 0 11.0 1 912
593.5785947350433 159.1508196808512 0 0 11.0 1 913
631.6728968060779 412.3153922178855 0 0 12.0 1 914
247.38310394388367 410.82049158756564 0 0 10.0 1 915
649.548677615267 465.49395010588034 0 0 10.0 1 916
571.7802903433976 678.2454525226567 0 0 12.0 1 917
408.91289142911427 245.25646906454273 0 0 10.0 1 918
705.0548543425566 547.8598520290127 0 0 13.0 1 919
484.86516909534475 609.4609822244195 0 0 10.0 1 920
51.974384237461834 452.74628681818433 0 0 11.0 1 921
252.13570667737386 695.0188989881841 0 0 10.0 1 922
250.871960557293 370.59204441015277 0 0 13.0 1 923
255.27599198016853 530.6903267371987 0 0 13.0 1 924
268.27885437730595 341.81460839828407 0 0 11.0 1 925
411.274922501229 250.42434649117766 0 0 13.0 1 926
561.1622691909836 309.1610051287832 0 0 11.0 1 927
316.9203876656002 595.0430158051445 0 0 11.0 1 928
436.340311802007 620.019048580192 0 0 12.0 1 929
475.072264671664 645.7908767165039 0 0 10.0 1 930
731.7643272171961 487.0714142880503 0 0 10.0 1 931
488.2651933939296 576.1200035065075 0 0 13.0 1 932
401.29230381251085 108.00285968719459 0 0 12.0 1 933
539.281939954647 302.5292802813577 0 0 10.0 1 934
610.0198312951131 697.3006398627024 0 0 11.0 1 935
398.6285871744959 88.00301407407466 0 0 11.0 1 936
108.76625740653469 567.5676197091884 0 0 12.0 1 937
393.2357583211786 538.8353162365776 0 0 10.0 1 938
187.62914698742372 613.3064011948791 0 0 11.0 1 939
390.5835903537102 703.8541282085423 0 0 13.0 1 940
66.94688682529102 536.6587860499078 0 0 12.0 1 941
537.6412893631102 322.41858816404186 0 0 12.0 1 942
694.038655042195 276.2976583043917 0 0 12.0 1 943
156.13324532138586 183.6553537465726 0 0 12.0 1 944
262.13333800565437 152.85270887477472 0 0 11.0 1 945
742.5359317940247 448.8378483350694 0 0 12.0 1 946
226.6222098948421 101.72975022934014 0 0 13.0 1 947
342.19850351933707 515.325569604472 0 0 13.0 1 948
714.484211772676 222.74120460265257 0 0 12.0 1 949
245.918702774321 659.7363159923 0 0 11.0 1 950
128.2066290782691 246.79306959865553 0 0 12.0 1 951
164.8642736013512 235.43940273874864 0 0 11.0 1 952
622.4411442329549 415.777748645917 0 0 11.0 1 953
274.20350057972405 423.6482712603799 0 0 13.0 1 954
87.8030094145766 306.1435187671887 0 0 13.0 1 955
193.03071129128753 297.40997352856556 0 0 10.0 1 956
497.5316127734007 618.193914923903 0 0 12.0 1 957
512.1377619986174 260.47895379570343 0 0 11.0 1 958
359.478043157692 248.3195101086823 0 0 11.0 1 959
265.1901242588456 407.16222051144126 0 0 13.0 1 960
576.2224968342697 316.50969152353196 0 0 10.0 1 961
461.48643040406 226.57734036128184 0 0 13.0 1 962
184.9212551882214 298.0925246599161 0 0 13.0 1 963
324.4382991763384 41.88489368830659 0 0 11.0 1 964
548.894988761416 527.4609050718603 0 0 13.0 1 965
730.7925569030863 411.7168382048417 0 0 12.0 1 966
278.77272161917574 266.94382022477066 0 0 12.0 1 967
272.0193421724156 321.7634917572444 0 0 13.0 1 968
600.992179644219 398.22694561110893 0 0 10.0 1 969
453.09662671494135 761.1173607450826 0 0 10.0 1 970
124.06781786142017 467.21183571545725 0 0 12.0 1 971
260.3654726958056 597.6517108059887 0 0 10.0 1 972
332.6628365948736 705.6709119699669 0 0 12.0 1 973
456.76453355863094 36.40436233382684 0 0 12.0 1 974
284.7991404278939 297.800381831203 0 0 12.0 1 975
590.5487766234993 85.17439156369795 0 0 11.0 1 976
473.85312748839146 504.5452799517195 0 0 12.0 1 977
634.1760146108263 540.3231776328844 0 0 11.0 1 978
314.39829274197865 709.3757387296425 0 0 12.0 1 979
112.03240322639624 506.41270228894274 0 0 10.0 1 980
349.138478584676 264.2130137335741 0 0 11.0 1 981
283.4455598535237 564.9820065405361 0 0 11.0 1 982
538.8097278481947 370.0690886421728 0 0 11.0 1 983
365.2280181907 86.92507401413678 0 0 12.0 1 984
203.07061866363043 545.7525943730496 0 0 13.0 1 985
482.3067452067596 232.08752371110253 0 0 10.0 1 986
581.1993417139564 549.6388938826697 0 0 10.0 1 987
334.89138351054515 116.37724340450205 0 0 11.0 1 988
526.4307395731447 596.9042104450477 0 0 12.0 1 989
301.1059682402045 236.59568401571343 0 0 12.0 1 990
578.1262774898521 346.4553525774216 0 0 12.0 1 991
515.8614760546911 53.87701843646926 0 0 11.0 1 992
575.4011777849297 648.2950398853338 0 0 13.0 1 993
278.64845554125327 224.94914265426513 0 0 11.0 1 994
446.7831535683065 268.0479763618449 0 0 13.0 1 995
302.6216402479687 612.7755978772095 0 0 12.0 1 996
217.0247727610083 301.08556113064503 0 0 12.0 1 997
63.37929451978192 251.30399924005926 0 0 11.0 1 998
416.8043990982835 539.9950433799197 0 0 11.0 1 999
131.69115947470152 248.7572610140574 0 0 13.0 1 1000
265.85568946429055 298.8599784907124 0 0 12.0 1 1001
456.1046486732826 705.8974802074177 0 0 10.0 1 1002
297.3985099402988 525.3671976137659 0 0 10.0 1 1003
225.63930611616667 656.3168906419321 0 0 13.0 1 1004
483.4000142169979 642.0339596598059 0 0 13.0 1 1005
106.76023457542357 352.88906736500144 0 0 12.0 1 1006
611.7503326884977 598.145897273475 0 0 11.0 1 1007
329.86608539913357 718.3665089527451 0 0 12.0 1 1008
301.01900883550286 671.5212024650998 0 0 12.0 1 1009
285.4612887149225 221.60469844428732 0 0 12.0 1 1010
358.38418327478144 218.715351454424 0 0 11.0 1 1011
542.2732272051376 174.06344071701164 0 0 12.0 1 1012
346.19470787083907 666.6251873677647 0 0 11.0 1 1013
243.5811855371296 422.29696127345903 0 0 13.0 1 1014
135.04373916369315 639.2638289496407 0 0 11.0 1 1015
492.0142786414103 540.5609210488495 0 0 10.0 1 1016
459.7576349571106 57.1691013570499 0 0 12.0 1 1017
744.6099764555131 496.99466030318723 0 0 11.0 1 1018
276.38273928265176 203.6768662313604 0 0 13.0 1 1019
232.83165586743277 504.2292891656447 0 0 10.0 1 1020
329.72442512830486 523.3910190267216 0 0 11.0 1 1021
164.77631776766844 604.972728227594 0 0 13.0 1 1022
253.20855825989608 624.223711127663 0 0 11.0 1 1023
551.9887280975075 382.43792349117234 0 0 10.0 1 1024
96.25923875586636 214.31868710386013 0 0 11.0 1 1025
523.1719349619169 581.0791938289358 0 0 13.0 1 1026
619.1598467951922 441.20632903702887 0 0 10.0 1 1027
577.7153126972579 498.1135445945964 0 0 11.0 1 1028
381.2266470170185 682.376630084319 0 0 12.0 1 1029
526.0973571003381 682.1000824748369 0 0 10.0 1 1030
224.09365442742018 570.5343296445033 0 0 13.0 1 1031
279.9405450587645 245.0750914823138 0 0 10.0 1 1032
255.23322697689625 353.66878559246305 0 0 11.0 1 1033
56.690096354596164 526.8633519145051 0 0 13.0 1 1034
340.7086482140703 141.7181082549589 0 0 12.0 1 1035
626.7508123522883 304.60571768928014 0 0 10.0 1 1036
269.5541973399056 453.52469120288055 0 0 11.0 1 1037
253.32440340630762 125.76056198299187 0 0 10.0 1 1038
242.744602038224 534.6095829125231 0 0 11.0 1 1039
567.0696298771637 351.3817033133869 0 0 11.0 1 1040
492.22964560608995 139.86601054192278 0 0 10.0 1 1041
270.7787944794513 669.634715946994 0 0 12.0 1 1042
247.00550286686126 216.38713594364364 0 0 12.0 1 1043
421.10342680312857 33.607252559272126 0 0 12.0 1 1044
467.41551869444316 540.6810144943488 0 0 13.0 1 1045
175.05605011558166 153.10686641707449 0 0 10.0 1 1046
659.9642544442213 339.11004671327004 0 0 13.0 1 1047
241.33613615908084 306.8239391738937 0 0 13.0 1 1048
286.8065009840356 496.8928881834104 0 0 11.0 1 1049
347.8792998090794 522.3618919909633 0 0 11.0 1 1050
603.82228153198 658.2585478761512 0 0 13.0 1 1051
641.8961030045898 544.9492164559465 0 0 11.0 1 1052
501.79963574478063 549.6590597398967 0 0 10.0 1 1053
365.6538960834506 736.2504202908208 0 0 12.0 1 1054
572.6852175317416 438.84347623494926 0 0 10.0 1 1055
499.5812840239667 119.13069254164122 0 0 11.0 1 1056
566.2897807335576 573.0540632969517 0 0 13.0 1 1057
253.16248241162083 304.7963055943603 0 0 10.0 1 1058
110.56994404747962 361.34456427200803 0 0 13.0 1 1059
543.1140179549847 533.9192960882797 0 0 12.0 1 1060
374.24745663427854 555.8871595423967 0 0 10.0 1 1061
411.26394426549865 763.8256774330032 0 0 13.0 1 1062
291.3020638519869 227.37103754826518 0 0 11.0 1 1063
438.83336997102475 681.3324890173432 0 0 10.0 1 1064
598.14893543993 518.7349964585945 0 0 13.0 1 1065
50.462515495187574 318.1187022205435 0 0 11.0 1 1066
454.0910142712821 119.16167965339213 0 0 13.0 1 1067
504.18681060085515 121.87393416505972 0 0 13.0 1 1068
310.0171994427369 571.86941439323 0 0 10.0 1 1069
624.0364767385745 254.75311676126688 0 0 11.0 1 1070
485.73189478744865 212.6873143213364 0 0 11.0 1 1071
484.770655451219 248.04627028476494 0 0 12.0 1 1072
537.8976364822308 595.2056399098512 0 0 11.0 1 1073
201.20337817448558 278.4726238629197 0 0 11.0 1 1074
299.47604495037774 185.37489787729504 0 0 11.0 1 1075
100.87675623682543 335.49197692847474 0 0 10.0 1 1076
165.62726179707312 142.75805243455665 0 0 10.0 1 1077
464.2808893527929 237.23339634920805 0 0 13.0 1 1078
585.3485573375193 431.4628716569277 0 0 11.0 1 1079
565.4200475502893 270.63150357038216 0 0 10.0 1 1080
292.04876878338166 489.14332099947933 0 0 11.0 1 1081
558.3775421686037 414.05539528551753 0 0 13.0 1 1082
191.2941909694515 481.35038584361 0 0 10.0 1 1083
578.3443610668378 542.0467841088329 0 0 10.0 1 1084
324.48996029999836 527.2879959167564 0 0 10.0 1 1085
593.8535205332557 330.3091643265586 0 0 10.0 1 1086
484.1139949347362 752.0920843417516 0 0 11.0 1 1087
640.8489613705251 408.5309909588122 0 0 12.0 1 1088
575.060882522421 305.3707898666004 0 0 12.0 1 1089
215.57233495232762 510.50536803732007 0 0 12.0 1 1090
480.35615704062957 119.27435452801666 0 0 13.0 1 1091
532.5135915971971 273.78927128801115 0 0 10.0 1 1092
508.14174638054885 641.9304914428213 0 0 10.0 1 1093
320.80953787532945 176.6216870229316 0 0 13.0 1 1094
267.9687010536762 181.8424053612928 0 0 11.0 1 1095
113.74924667293914 332.9440068324228 0 0 13.0 1 1096
337.80001586230776 129.04767582973045 0 0 12.0 1 1097
657.0 400.0 0 0 11.0 1 1098
517.8793803483808 480.9533920764398 0 0 10.0 1 1099
556.8689937387503 581.6373276708065 0 0 10.0 1 1100
618.6912258643581 411.62530558498673 0 0 11.0 1 1101
231.62476557464637 132.5943522806461 0 0 11.0 1 1102
544.0876271490614 220.72714733526144 0 0 12.0 1 1103
715.4995236808306 369.1933358318527 0 0 10.0 1 1104
683.7222896138593 387.44363204308905 0 0 10.0 1 1105
360.00770763531455 264.79047166927353 0 0 12.0 1 1106
263.8850460807953 210.89230761396095 0 0 10.0 1 1107
377.8437331430516 560.4777238091433 0 0 11.0 1 1108
570.1638228400514 521.3477375003737 0 0 10.0 1 1109
393.3817491487791 535.8388705624068 17 1 13.0 1 1110
678.7271788812209 387.6646948592319 12 -1 12.0 1 1111
109.56544340365849 188.98159242690107 0 9 13.0 1 1112
322.60817485161067 266.8590769139663 3 -16 13.0 1 1113
272.45628205557955 374.8484590349991 11 4 13.0 1 1114
383.54519609326064 181.6190497584765 -4 -16 13.0 1 1115
168.39316482385328 538.7741831166345 -16 3 13.0 1 1116
544.5422061088356 117.87139341571384 -3 17 11.0 1 1117
584.2958880981132 625.2021883333457 -10 -16 11.0 1 1118
275.72354924245013 134.66179357825928 -4 -4 13.0 1 1119
507.6910077076346 574.4352225294942 16 -7 10.0 1 1120
675.2687871994997 627.3237664515449 -12 15 12.0 1 1121
201.7183630112102 91.17417136345966 -16 19 10.0 1 1122
318.1328171648772 602.043966439586 -6 -2 13.0 1 1123
81.70777587709955 465.68911677665716 -3 19 13.0 1 1124
619.1867175098862 205.56187907912363 -4 -10 10.0 1 1125
572.3674874385281 327.4848341784365 5 13 11.0 1 1126
640.5772401025918 293.7380992800339 -16 9 11.0 1 1127
602.1813767846685 478.8142809486703 -11 4 13.0 1 1128
191.18283320507769 422.2573774677429 -6 -4 13.0 1 1129
447.1957990277089 570.5917833722835 1 -12 11.0 1 1130
362.0654650957704 547.1902546420781 21 -10 11.0 1 1131
398.96704482694406 165.00227021604985 7 8 12.0 1 1132
639.6553301284348 299.1767747935481 -6 -5 12.0 1 1133
492.47102359946535 202.583917082556 0 5 13.0 1 1134
518.7323514222683 354.9264076676932 -12 4 10.0 1 1135
396.54804572200453 659.9770836278894 -15 -13 11.0 1 1136
528.7147108762045 543.8107200595807 -12 21 13.0 1 1137
526.7088246806201 433.25468009252063 -5 9 11.0 1 1138
709.4393524745169 543.2769595578845 6 9 13.0 1 1139
436.6213623172874 599.6694163411762 3 21 11.0 1 1140
686.0 400.0 -2 -3 12.0 1 1141
166.99990176925763 211.0265779945116 -13 -5 12.0 1 1142
481.79079419480905 667.7877256055295 -15 18 13.0 1 1143
491.6226655847913 204.39507380656926 -13 -11 10.0 1 1144
581.7626112857681 622.1066256071142 18 11 11.0 1 1145
525.6232237637438 81.9075517224523 -7 -6 10.0 1 1146
662.6526977791648 140.81944449992642 -11 18 12.0 1 1147
458.81066066717085 720.6513779666179 21 12 12.0 1 1148
532.3094326974806 331.4783682384107 -14 -17 12.0 1 1149
346.5708144579185 546.5650781472511 10 17 10.0 1 1150
598.7552493366258 342.16099187282236 21 -1 11.0 1 1151
306.3382965016501 543.0681141896656 11 -6 12.0 1 1152
470.3334476654312 246.33085495294102 5 1 12.0 1 1153
259.13806532263465 393.761782390005 11 -9 13.0 1 1154
540.7981797896089 512.1421979806576 6 -17 11.0 1 1155
228.02685920928081 403.0395471003878 -3 18 12.0 1 1156
531.805417774141 260.3886399844763 18 -17 10.0 1 1157
315.1224343244585 507.53975471886724 19 14 10.0 1 1158
187.96991061002444 228.03418597500556 -12 -15 13.0 1 1159
307.3191661211293 123.09882081956175 -17 -13 10.0 1 1160
202.53214449523472 368.27546623905823 6 11 13.0 1 1161
670.380676603279 585.6833049026031 2 -5 12.0 1 1162
224.1503658847775 505.3655834774447 -15 -7 11.0 1 1163
112.37127991462279 307.9471924271306 1 10 11.0 1 1164
272.0193421724156 321.7634917572444 15 15 13.0 1 1165
421.42093756041754 207.18624677157314 0 -14 12.0 1 1166
616.8615476154614 602.9287292766279 19 3 10.0 1 1167
253.14409588739372 573.0963414612481 9 2 12.0 1 1168
343.5878226936719 279.55637728979 7 -9 12.0 1 1169
248.76237920414889 281.715672821754 15 15 10.0 1 1170
391.20671808030716 247.25289464909392 -17 -4 12.0 1 1171
591.9698024535063 459.57008432058643 17 13 10.0 1 1172
163.75162299224493 381.1398737755648 9 5 11.0 1 1173
518.0025172933914 506.56643895909656 10 5 10.0 1 1174
