400 400 -7.071067811865475 7.0710678118654755 5 2 -1 10 187
57.15728752538104 742.842712474619
800.0 400.0 0 0 24.0 1 0
799.4518139018296 420.9343824971775 0 0 24.0 1 1
797.8087581473094 441.8113853070614 0 0 24.0 1 2
795.0753362380551 462.57378601609236 0 0 24.0 1 3
791.2590402935223 483.16467632710373 0 0 24.0 1 4
786.3703305156273 503.5276180410083 0 0 24.0 1 5
780.4226065180615 523.6067977499789 0 0 24.0 1 6
773.4321705988807 543.3471798181201 0 0 24.0 1 7
765.4181830570403 562.6946572303201 0 0 24.0 1 8
756.4026096753471 581.5961998958187 0 0 24.0 1 9
746.4101615137755 600.0 0 0 24.0 1 10
735.4682271781696 617.8556140060108 0 0 24.0 1 11
723.606797749979 635.1141009169893 0 0 24.0 1 12
710.8583845827884 651.728156419935 0 0 24.0 1 13
697.2579301909577 667.6522425435433 0 0 24.0 1 14
682.842712474619 682.842712474619 0 0 24.0 1 15
667.6522425435433 697.2579301909577 0 0 24.0 1 16
651.728156419935 710.8583845827884 0 0 24.0 1 17
635.1141009169893 723.606797749979 0 0 24.0 1 18
617.8556140060108 735.4682271781696 0 0 24.0 1 19
600.0 746.4101615137754 0 0 24.0 1 20
581.5961998958187 756.4026096753471 0 0 24.0 1 21
562.6946572303201 765.4181830570403 0 0 24.0 1 22
543.3471798181201 773.4321705988807 0 0 24.0 1 23
523.606797749979 780.4226065180615 0 0 24.0 1 24
503.5276180410083 786.3703305156273 0 0 24.0 1 25
483.1646763271038 791.2590402935223 0 0 24.0 1 26
462.57378601609236 795.0753362380551 0 0 24.0 1 27
441.8113853070614 797.8087581473094 0 0 24.0 1 28
420.9343824971776 799.4518139018296 0 0 24.0 1 29
400.0 800.0 0 0 24.0 1 30
379.0656175028225 799.4518139018296 0 0 24.0 1 31
358.1886146929386 797.8087581473094 0 0 24.0 1 32
337.4262139839077 795.0753362380551 0 0 24.0 1 33
316.83532367289627 791.2590402935223 0 0 24.0 1 34
296.47238195899166 786.3703305156273 0 0 24.0 1 35
276.3932022500211 780.4226065180615 0 0 24.0 1 36
256.65282018187986 773.4321705988807 0 0 24.0 1 37
237.3053427696799 765.4181830570403 0 0 24.0 1 38
218.4038001041813 756.4026096753471 0 0 24.0 1 39
43.597390324652906 581.5961998958187 0 0 24.0 1 40
34.58181694295968 562.6946572303202 0 0 24.0 1 41
26.567829401119297 543.3471798181201 0 0 24.0 1 42
19.5773934819386 523.606797749979 0 0 24.0 1 43
13.629669484372698 503.5276180410084 0 0 24.0 1 44
8.740959706477724 483.16467632710373 0 0 24.0 1 45
4.924663761944942 462.5737860160924 0 0 24.0 1 46
2.1912418526906663 441.81138530706147 0 0 24.0 1 47
0.5481860981704472 420.9343824971775 0 0 24.0 1 48
0.0 400.00000000000006 0 0 24.0 1 49
0.5481860981704472 379.0656175028226 0 0 24.0 1 50
2.1912418526906663 358.1886146929386 0 0 24.0 1 51
4.924663761944885 337.4262139839077 0 0 24.0 1 52
8.740959706477781 316.8353236728962 0 0 24.0 1 53
13.629669484372698 296.47238195899166 0 0 24.0 1 54
19.577393481938543 276.3932022500211 0 0 24.0 1 55
26.567829401119297 256.65282018187986 0 0 24.0 1 56
34.58181694295968 237.30534276967992 0 0 24.0 1 57
43.59739032465285 218.40380010418136 0 0 24.0 1 58
53.58983848622455 199.99999999999994 0 0 24.0 1 59
64.53177282183037 182.14438599398918 0 0 24.0 1 60
76.39320225002103 164.8858990830108 0 0 24.0 1 61
89.14161541721171 148.27184358006497 0 0 24.0 1 62
102.74206980904228 132.3477574564567 0 0 24.0 1 63
117.15728752538092 117.15728752538104 0 0 24.0 1 64
132.34775745645675 102.74206980904228 0 0 24.0 1 65
148.27184358006485 89.14161541721177 0 0 24.0 1 66
164.8858990830107 76.39320225002109 0 0 24.0 1 67
182.1443859939892 64.53177282183032 0 0 24.0 1 68
199.99999999999983 53.58983848622461 0 0 24.0 1 69
218.40380010418124 43.597390324652906 0 0 24.0 1 70
237.30534276967995 34.58181694295962 0 0 24.0 1 71
256.65282018187975 26.567829401119354 0 0 24.0 1 72
276.393202250021 19.5773934819386 0 0 24.0 1 73
296.4723819589917 13.629669484372698 0 0 24.0 1 74
316.8353236728961 8.740959706477781 0 0 24.0 1 75
337.4262139839076 4.924663761944942 0 0 24.0 1 76
358.18861469293864 2.1912418526906663 0 0 24.0 1 77
379.0656175028223 0.5481860981704472 0 0 24.0 1 78
399.99999999999994 0.0 0 0 24.0 1 79
420.9343824971776 0.5481860981704472 0 0 24.0 1 80
441.8113853070612 2.1912418526906663 0 0 24.0 1 81
462.5737860160923 4.924663761944885 0 0 24.0 1 82
483.1646763271038 8.740959706477781 0 0 24.0 1 83
503.5276180410081 13.629669484372641 0 0 24.0 1 84
523.6067977499789 19.577393481938543 0 0 24.0 1 85
543.3471798181201 26.567829401119297 0 0 24.0 1 86
562.6946572303199 34.58181694295956 0 0 24.0 1 87
581.5961998958187 43.59739032465279 0 0 24.0 1 88
600.0 53.58983848622455 0 0 24.0 1 89
617.8556140060107 64.53177282183032 0 0 24.0 1 90
635.1141009169892 76.39320225002098 0 0 24.0 1 91
651.728156419935 89.14161541721171 0 0 24.0 1 92
667.6522425435431 102.74206980904216 0 0 24.0 1 93
682.842712474619 117.15728752538092 0 0 24.0 1 94
697.2579301909577 132.34775745645675 0 0 24.0 1 95
710.8583845827882 148.27184358006485 0 0 24.0 1 96
723.6067977499789 164.88589908301066 0 0 24.0 1 97
735.4682271781696 182.1443859939892 0 0 24.0 1 98
746.4101615137754 199.99999999999983 0 0 24.0 1 99
756.4026096753471 218.40380010418122 0 0 24.0 1 100
765.4181830570403 237.30534276967995 0 0 24.0 1 101
773.4321705988806 256.6528201818797 0 0 24.0 1 102
780.4226065180615 276.3932022500209 0 0 24.0 1 103
786.3703305156273 296.4723819589917 0 0 24.0 1 104
791.2590402935223 316.83532367289604 0 0 24.0 1 105
795.0753362380551 337.4262139839076 0 0 24.0 1 106
797.8087581473094 358.18861469293864 0 0 24.0 1 107
799.4518139018296 379.06561750282225 0 0 24.0 1 108
800.0 399.9999999999999 0 0 24.0 1 109
469.8952800479849 539.4655865330719 0 0 11.0 1 110
624.0364767385745 254.75311676126688 0 0 10.0 1 111
132.81300498977566 319.67497465044676 0 0 12.0 1 112
265.88252964627196 635.4856771566307 0 0 12.0 1 113
137.63512366393786 628.6234276384702 0 0 11.0 1 114
218.8746976154963 367.60208592946 0 0 12.0 1 115
526.7195840156212 381.9404588400499 0 0 12.0 1 116
484.05612408737557 583.6806141197478 0 0 12.0 1 117
264.85312283042845 489.327048486518 0 0 11.0 1 118
156.62020480654806 371.8703840837918 0 0 11.0 1 119
352.7674006232971 223.2004480884641 0 0 10.0 1 120
371.9856347488253 633.3242279309497 0 0 11.0 1 121
316.2155903318999 287.83863099726375 0 0 12.0 1 122
311.04488839673184 289.3158181145557 0 0 13.0 1 123
678.305503098532 197.80690678197485 0 0 12.0 1 124
545.2256797351192 717.3491798405545 0 0 11.0 1 125
513.839240405839 499.2049764065371 0 0 13.0 1 126
360.20329252587715 91.55677657919097 0 0 12.0 1 127
324.8191815272115 187.93198135088443 0 0 12.0 1 128
410.92355034538747 752.8309454226653 0 0 13.0 1 129
427.23463655617 258.59888765765197 0 0 13.0 1 130
206.07780125137376 365.3131028701283 0 0 11.0 1 131
556.70652449467 613.700877819445 0 0 12.0 1 132
426.6105461446424 160.47363645334602 0 0 13.0 1 133
248.11961531370733 542.113858393697 0 0 13.0 1 134
315.02632928773045 301.61567560996934 0 0 11.0 1 135
484.8883629397259 585.4992340615275 0 0 12.0 1 136
304.25998035845805 220.99483627828732 0 0 12.0 1 137
380.1656281077523 246.27427771631704 0 0 10.0 1 138
277.19723199349465 719.1919174571004 0 0 11.0 1 139
49.11633457076039 371.9883357341722 0 0 12.0 1 140
220.39980065630135 269.50950840883576 0 0 13.0 1 141
646.79735828686 450.9417701167447 0 0 10.0 1 142
406.90595707653364 541.8319701507987 0 0 10.0 1 143
724.7335370206085 256.5666359103119 0 0 10.0 1 144
731.9870827954265 397.0713728501899 0 0 12.0 1 145
111.23037847707974 435.9597787188602 0 0 10.0 1 146
704.1061225851851 474.084183239099 0 0 11.0 1 147
495.36893085646244 506.55405683171 0 0 12.0 1 148
599.0207958204618 255.40842752431922 0 0 11.0 1 149
597.8607774199661 144.69603849770238 0 0 13.0 1 150
671.957379952172 404.8149236286725 0 0 12.0 1 151
337.1085342377246 644.0259484855505 0 0 12.0 1 152
672.9273368188517 424.2212472215836 0 0 10.0 1 153
260.5908097567073 704.6146379866034 0 0 13.0 1 154
268.2922708217284 334.7154376999963 0 0 12.0 1 155
543.5436630440873 388.54500982604003 0 0 11.0 1 156
746.498862542714 350.61844214076154 0 0 10.0 1 157
542.4816698421483 501.60695723715503 0 0 12.0 1 158
238.14049205723092 84.04668115602163 0 0 11.0 1 159
228.4043730707751 560.561330396725 0 0 11.0 1 160
574.5741644320236 484.61596251807805 0 0 13.0 1 161
316.0564439800146 295.5515466714822 0 0 12.0 1 162
426.93723198694323 595.1496490718895 0 0 11.0 1 163
82.9951003110076 235.81445382381594 0 0 11.0 1 164
381.44526500402634 256.1920662507482 0 0 10.0 1 165
476.35927609984145 696.3195250966567 0 0 13.0 1 166
310.23689858247127 496.7811222496746 0 0 12.0 1 167
528.0254940463219 436.03432910705 0 0 13.0 1 168
92.05005506134654 364.40742475908354 0 0 11.0 1 169
291.0346633762359 323.74021102527377 0 0 11.0 1 170
47.12267738082153 371.8291785508436 0 0 13.0 1 171
691.7213173073264 295.12544146229686 0 0 13.0 1 172
376.05236598283983 760.2048178814106 0 0 11.0 1 173
344.2500466373342 191.31856167818714 0 0 10.0 1 174
556.8821223663472 490.27181000639393 0 0 11.0 1 175
389.0020243207652 625.732240787529 0 0 13.0 1 176
183.4102925594573 448.712407360139 0 0 10.0 1 177
210.27344473113249 604.5600993004485 0 0 10.0 1 178
704.8088515270131 410.7964823337665 0 0 12.0 1 179
499.09622318194806 657.5964645546859 0 0 10.0 1 180
411.20205446184207 761.8266352493054 0 0 10.0 1 181
278.79219188238284 173.3776991306396 0 0 10.0 1 182
656.4129784282866 484.571771256933 0 0 10.0 1 183
512.0731947982973 207.20840524622736 0 0 12.0 1 184
143.80493405689407 164.48335900321695 0 0 13.0 1 185
629.775093701365 389.8311104574313 0 0 10.0 1 186
355.8973849902527 600.1997985745791 0 0 12.0 1 187
565.8033819090492 201.0270406625012 0 0 12.0 1 188
236.90120372898207 725.414785550603 0 0 13.0 1 189
513.4008196890163 749.0404762973188 0 0 10.0 1 190
188.67085737384565 127.30054368060337 0 0 13.0 1 191
438.92825840384074 551.0648559316289 0 0 12.0 1 192
685.3402881973957 611.201136198239 0 0 12.0 1 193
295.1507738257742 609.1952192825305 0 0 12.0 1 194
239.14157180962792 720.9448022326003 0 0 13.0 1 195
615.9240232699802 394.2714596182767 0 0 10.0 1 196
492.86176020362257 176.52585498119723 0 0 10.0 1 197
526.1780281983151 696.2483842993665 0 0 10.0 1 198
310.78542874562436 148.34595120304954 0 0 12.0 1 199
238.77164779092502 500.52571036280455 0 0 10.0 1 200
142.46579754085957 620.4475778132626 0 0 11.0 1 201
213.74324228848909 228.77669490751117 0 0 11.0 1 202
677.7551435006621 262.33344538731797 0 0 10.0 1 203
115.61090617453436 430.31242836083084 0 0 11.0 1 204
499.0252829715724 724.2144249295518 0 0 13.0 1 205
311.2246830554035 549.6494006048351 0 0 12.0 1 206
231.00000007678364 399.9949056042822 0 0 13.0 1 207
456.2369187558609 573.0936421964906 0 0 12.0 1 208
545.9614951204788 301.6575272723203 0 0 12.0 1 209
531.8104315706391 344.54722613645146 0 0 12.0 1 210
390.12128733236875 602.7594906188866 0 0 11.0 1 211
152.21747976289527 554.492144347047 0 0 12.0 1 212
500.4032486317619 169.95611795966275 0 0 10.0 1 213
501.2996872416057 78.58535602005799 0 0 10.0 1 214
250.82294557955834 534.7115675598817 0 0 12.0 1 215
51.218351745295024 412.34349386240547 0 0 13.0 1 216
125.82521031268271 368.3111265597002 0 0 10.0 1 217
360.1741108758661 226.51254063917995 0 0 12.0 1 218
566.5676715272295 561.49059044414 0 0 13.0 1 219
631.0798708603033 552.7451907039483 0 0 13.0 1 220
313.0072449333601 535.4742062752744 0 0 12.0 1 221
198.5029732517333 98.05969429105977 0 0 11.0 1 222
193.9882501852296 165.68576880979586 0 0 10.0 1 223
360.6661620545437 614.4221285046872 0 0 10.0 1 224
298.71000164102196 78.58230255252244 0 0 12.0 1 225
560.2911217899511 309.6520267226816 0 0 11.0 1 226
555.6070640900243 642.3436436246742 0 0 10.0 1 227
231.4864435121188 190.32362727334854 0 0 13.0 1 228
379.13823864274224 573.7520846294307 0 0 13.0 1 229
132.0840372208247 144.81176185390606 0 0 13.0 1 230
156.11888669268922 329.02111178676694 0 0 13.0 1 231
244.22754309769067 426.4375049998706 0 0 12.0 1 232
533.1802903914406 464.5523837766781 0 0 11.0 1 233
257.62588446077984 421.57802642562086 0 0 10.0 1 234
556.1275489554506 152.0621278280315 0 0 12.0 1 235
581.8377411246918 677.7751535012978 0 0 10.0 1 236
593.2789368037836 361.89156801967545 0 0 10.0 1 237
346.13225898404886 594.6850443096192 0 0 11.0 1 238
248.21406583218172 408.0641297610302 0 0 11.0 1 239
592.1521620990274 181.46271118944225 0 0 12.0 1 240
450.49954734893106 239.76955433640873 0 0 11.0 1 241
58.48164812240884 418.1442919623179 0 0 10.0 1 242
214.62472526024038 489.84435160408606 0 0 12.0 1 243
138.23088233757414 300.617259857483 0 0 11.0 1 244
466.80216144025593 246.94291513650867 0 0 13.0 1 245
505.5463156080626 491.97812382063046 0 0 12.0 1 246
503.0507334040803 605.6223391192727 0 0 10.0 1 247
557.4668239774542 314.88126324684157 0 0 13.0 1 248
337.9673435706227 538.7658082393311 0 0 10.0 1 249
458.5544937114738 645.1027769450868 0 0 11.0 1 250
149.7280052415341 565.4204601602185 0 0 10.0 1 251
202.60346291818362 563.0049298276193 0 0 13.0 1 252
262.0589613609899 708.5713367427232 0 0 10.0 1 253
336.30402917062565 715.6371703397804 0 0 11.0 1 254
323.64400945500137 216.2317690461921 0 0 11.0 1 255
362.9256698165305 708.7822761128739 0 0 10.0 1 256
435.1019789874279 233.66344036512547 0 0 10.0 1 257
542.1847116645126 437.3163204091644 0 0 13.0 1 258
408.0039969590209 199.1594263285429 0 0 12.0 1 259
112.29807423183883 250.99126901657243 0 0 10.0 1 260
270.55528223206085 447.8337228530101 0 0 13.0 1 261
653.3836331118551 288.081572245511 0 0 13.0 1 262
703.0366219819621 375.8172429660845 0 0 10.0 1 263
278.7512913958816 108.18713074671712 0 0 12.0 1 264
549.0436655931871 619.1140929893515 0 0 11.0 1 265
543.0904345087584 602.5564799064565 0 0 10.0 1 266
449.3151699153544 535.2923280020701 0 0 13.0 1 267
105.77289529789971 352.73044469619674 0 0 13.0 1 268
255.87966234719153 437.8196810515434 0 0 12.0 1 269
746.510755136677 418.4200047396822 0 0 12.0 1 270
134.63058085378145 304.589982800554 0 0 13.0 1 271
577.5965539563499 308.02465535357146 0 0 10.0 1 272
230.67567480771734 244.34244991591925 0 0 11.0 1 273
603.8983664699385 267.80901637823166 0 0 13.0 1 274
320.86631510817557 132.45774181366892 0 0 11.0 1 275
242.1131347884374 232.75246550796072 0 0 13.0 1 276
146.41443824588262 461.76862366807865 0 0 11.0 1 277
655.4633007304042 484.2585424744999 0 0 13.0 1 278
633.0209691694746 120.36232741756925 0 0 13.0 1 279
555.9755561490398 402.76150031644454 0 0 10.0 1 280
620.4197964536934 599.0580652254823 0 0 13.0 1 281
599.9933882196007 272.8322184338969 0 0 10.0 1 282
521.0523645457191 631.2300262463557 0 0 12.0 1 283
302.60710049132183 287.2364281991187 0 0 11.0 1 284
613.9395582034133 436.3161869657091 0 0 11.0 1 285
615.9240232699802 394.2714596182767 0 0 13.0 1 286
98.95376187823638 250.77814331427717 0 0 11.0 1 287
461.3130704712869 132.9481185436377 0 0 12.0 1 288
222.00822449385194 418.9717646034571 0 0 13.0 1 289
663.3151957765483 602.210552823432 0 0 10.0 1 290
636.2753710068254 261.25581433592606 0 0 12.0 1 291
578.5796942314145 303.4686951905521 0 0 11.0 1 292
524.173797465284 385.6518982771016 0 0 13.0 1 293
441.98189624128486 74.69780143997491 0 0 12.0 1 294
355.82423336546714 719.9648443848969 0 0 11.0 1 295
75.45770654907273 417.24238271272895 0 0 12.0 1 296
208.58877630580085 613.8474770575731 0 0 13.0 1 297
605.1921618833359 317.91969358218205 0 0 11.0 1 298
484.1049185445553 61.285721179909956 0 0 11.0 1 299
61.83574229435379 457.39281148706084 0 0 12.0 1 300
547.5309870175342 388.22681565454116 0 0 12.0 1 301
578.8878177814273 406.33629618932525 0 0 11.0 1 302
455.8325438949973 258.62557854331214 0 0 12.0 1 303
548.9682806365763 365.1080042963682 0 0 11.0 1 304
545.9238348600878 430.1203323309324 0 0 13.0 1 305
423.3407234142339 677.0184301278531 0 0 10.0 1 306
220.87633609282358 527.7290610177218 0 0 10.0 1 307
335.66320610337766 512.9636089681254 0 0 12.0 1 308
551.8567094035199 447.1226040147923 0 0 10.0 1 309
630.5728732066326 232.48537335134543 0 0 10.0 1 310
367.28573111753366 230.1212885277096 0 0 10.0 1 311
71.7371936898773 566.3355944871779 0 0 13.0 1 312
247.07295805447657 453.4539038966484 0 0 11.0 1 313
260.3473592371853 473.8995258981559 0 0 13.0 1 314
80.34869048837226 331.0649557372916 0 0 11.0 1 315
565.3780354906223 321.6475566605454 0 0 11.0 1 316
392.93769276528263 627.8905961564067 0 0 12.0 1 317
168.10216579640988 194.27349589398005 0 0 13.0 1 318
163.82415834207896 429.41040321336334 0 0 10.0 1 319
511.8296463990763 485.8785781569395 0 0 11.0 1 320
665.361061093949 207.2112366990923 0 0 12.0 1 321
608.0107269693805 379.68898166831934 0 0 13.0 1 322
198.92925966421922 470.28198475300064 0 0 12.0 1 323
599.6648893352603 600.556555531696 0 0 10.0 1 324
509.5408079064408 567.3344298200589 0 0 10.0 1 325
68.30683921930688 529.2890060728802 0 0 12.0 1 326
634.4867449235835 336.2429105499453 0 0 12.0 1 327
121.76776377231437 560.0869224007425 0 0 13.0 1 328
586.3647414456055 307.63018271149076 0 0 11.0 1 329
352.2511973514205 221.2682125484473 0 0 11.0 1 330
291.7577955484518 237.80066222247012 0 0 13.0 1 331
436.7538368221304 225.83583755877842 0 0 10.0 1 332
340.45811422471525 695.0521374915338 0 0 13.0 1 333
237.82925863083568 319.615606963941 0 0 11.0 1 334
745.7292470934467 289.36416627422 0 0 12.0 1 335
599.704806399637 564.9211638962189 0 0 11.0 1 336
484.484041820114 104.85351657568873 0 0 12.0 1 337
435.55499629381745 748.1893769754422 0 0 12.0 1 338
606.8563222462798 337.819119122167 0 0 13.0 1 339
115.0000001294872 399.99140885929256 0 0 13.0 1 340
693.6466228982915 594.1021917970751 0 0 11.0 1 341
670.512471051491 549.3452476834004 0 0 11.0 1 342
442.96390339593825 212.8687545999213 0 0 11.0 1 343
257.7488858574243 144.9929010298029 0 0 10.0 1 344
367.0391338733052 638.7353792469355 0 0 11.0 1 345
288.4207888473472 244.98038950328987 0 0 11.0 1 346
234.2799766517949 420.6367114984524 0 0 10.0 1 347
664.7318937923189 244.54574817930404 0 0 12.0 1 348
117.23289470123552 216.66488563028238 0 0 12.0 1 349
484.11414989981074 607.6073452135838 0 0 13.0 1 350
327.0626130967667 286.39921834895654 0 0 10.0 1 351
586.6609556717689 468.983241643909 0 0 13.0 1 352
193.53612180583588 216.83704795722096 0 0 13.0 1 353
392.08941029823114 42.08740931538847 0 0 11.0 1 354
350.5012662783247 607.168712309438 0 0 11.0 1 355
189.87273986351232 626.5558089026473 0 0 12.0 1 356
452.8939889531553 266.06633756734834 0 0 10.0 1 357
550.0265486143176 530.740333145039 0 0 12.0 1 358
541.9271254265062 264.82348181666765 0 0 11.0 1 359
551.7135277504435 239.30150748213157 0 0 12.0 1 360
658.4390817808276 232.44928824895206 0 0 11.0 1 361
537.5891414857708 425.86944423849343 0 0 10.0 1 362
424.3482366551361 688.9760602053144 0 0 13.0 1 363
696.4264998445415 293.433916324592 0 0 12.0 1 364
235.34920366693737 127.94464668584749 0 0 12.0 1 365
316.8411696018352 151.54757210522322 0 0 11.0 1 366
125.00000012494377 399.99171030282616 0 0 12.0 1 367
467.8686411739195 255.1074620789402 0 0 12.0 1 368
391.55155266539316 253.24297721187455 0 0 11.0 1 369
347.9374008177617 636.3334207563323 0 0 12.0 1 370
410.35045456284234 220.29783504269477 0 0 13.0 1 371
100.28590570694911 450.8670982275991 0 0 12.0 1 372
478.35175586817127 575.2854881397045 0 0 13.0 1 373
447.8637341041408 637.2194405136479 0 0 10.0 1 374
68.35251363885078 447.2752027000555 0 0 10.0 1 375
373.74433409886194 118.22058271036224 0 0 11.0 1 376
268.7675127563482 531.810600073912 0 0 10.0 1 377
120.5296058530464 584.7195138455774 0 0 12.0 1 378
186.0555465089459 210.20070911509129 0 0 11.0 1 379
587.3678299425167 554.732983887186 0 0 12.0 1 380
527.0628963467256 435.76339430173385 0 0 10.0 1 381
196.91115681157666 359.951007848037 0 0 13.0 1 382
257.66616813712153 461.3683982781843 0 0 10.0 1 383
345.3133160425226 522.3330151583577 0 0 13.0 1 384
756.3054557657331 365.2088776902312 0 0 10.0 1 385
141.03555145538587 301.6820749304386 0 0 13.0 1 386
497.1805931465284 628.166457472804 0 0 13.0 1 387
356.53246640792065 557.0973377349898 0 0 13.0 1 388
598.7259900604804 509.71317548262755 0 0 10.0 1 389
256.21257062522386 93.00460076119418 0 0 10.0 1 390
579.1894117720893 374.46268007850813 0 0 12.0 1 391
222.79715270229565 358.48914708673794 0 0 12.0 1 392
592.1023348709227 542.1889339475468 0 0 10.0 1 393
113.36405259158192 372.0029706347514 0 0 11.0 1 394
483.84056475961074 176.18811537188307 0 0 13.0 1 395
492.238343989746 535.6026839632214 0 0 13.0 1 396
87.96384722128715 579.5367354027019 0 0 10.0 1 397
710.5707817811114 508.56698164667426 0 0 10.0 1 398
267.2799082952501 491.1393288206731 0 0 12.0 1 399
398.91429817980924 153.0023861419758 0 0 10.0 1 400
606.2959071142157 464.0156130012272 0 0 13.0 1 401
285.4612887149225 221.60469844428732 0 0 12.0 1 402
652.6875547739933 150.6528531096853 0 0 13.0 1 403
518.9420015331916 441.5788440348965 0 0 10.0 1 404
469.84478518466426 572.388242007708 0 0 12.0 1 405
467.48342745775284 268.28065055370865 0 0 13.0 1 406
98.26681277416276 236.88628590293874 0 0 12.0 1 407
103.9706980912299 365.7852018651835 0 0 11.0 1 408
619.37542958832 445.28157343710643 0 0 11.0 1 409
721.12465491577 484.2790365703577 0 0 11.0 1 410
597.5228197158973 476.99828369178846 0 0 10.0 1 411
172.6597437345811 488.6138131510752 0 0 10.0 1 412
669.5354736293264 313.7467191614443 0 0 12.0 1 413
458.1651744763608 551.1979248473157 0 0 10.0 1 414
353.02854531875727 544.5603072946649 0 0 10.0 1 415
247.35073731191918 171.25734415989376 0 0 12.0 1 416
281.53792248099285 478.2990178091701 0 0 12.0 1 417
312.45908302813615 229.1182050195948 0 0 12.0 1 418
586.9706987171182 403.31025999471234 0 0 10.0 1 419
549.4233255017767 467.59193587988193 0 0 10.0 1 420
217.254473925016 337.9268761896315 0 0 12.0 1 421
326.74922610138276 590.39517883406 0 0 10.0 1 422
303.1533693429071 577.2702178324623 0 0 13.0 1 423
451.5199842624531 69.99743755298414 0 0 10.0 1 424
468.46485023148296 44.533314806041744 0 0 12.0 1 425
575.2230502169923 529.6953456090595 0 0 12.0 1 426
264.51629803705003 294.0369569028213 0 0 11.0 1 427
490.51902022922604 612.5260148234587 0 0 11.0 1 428
574.765726877106 190.27174556317695 0 0 12.0 1 429
314.36833492196166 538.6946932509052 0 0 13.0 1 430
263.7001690817457 145.160136376478 0 0 12.0 1 431
188.88822105421573 137.31993453947382 0 0 12.0 1 432
47.13321945514639 352.8721400028591 0 0 13.0 1 433
443.3612681609403 194.52542633339027 0 0 13.0 1 434
316.74382924202695 135.80800536216236 0 0 11.0 1 435
233.999427096557 185.79260097809714 0 0 10.0 1 436
454.43439736035646 87.7086354315656 0 0 11.0 1 437
147.32494208089747 452.14705270270014 0 0 10.0 1 438
260.93058169298325 179.13647451028046 0 0 11.0 1 439
492.389223670343 684.3681264656631 0 0 13.0 1 440
668.9225817425576 630.2100020175436 0 0 11.0 1 441
564.4312992038581 443.15492836433975 0 0 13.0 1 442
358.07312543290095 231.12686066447765 0 0 13.0 1 443
132.37195250334105 314.3482154702771 0 0 11.0 1 444
244.3731708711346 604.5221016303493 0 0 10.0 1 445
481.5856481860891 527.0621187059924 0 0 10.0 1 446
417.135752554039 102.49308245957246 0 0 10.0 1 447
93.58918933470324 569.1520473048897 0 0 10.0 1 448
328.0299978292588 281.0827229224302 0 0 10.0 1 449
503.2033392310541 163.5405515282589 0 0 13.0 1 450
562.9650405750135 300.38375860139985 0 0 13.0 1 451
533.6814168050563 729.9473879287315 0 0 13.0 1 452
173.6454291437511 470.2325298738654 0 0 11.0 1 453
620.0122544962019 340.1785333555042 0 0 11.0 1 454
303.0377870845158 611.8663004503838 0 0 11.0 1 455
431.35848591318853 117.7365674387978 0 0 12.0 1 456
273.7185741809848 199.44576421048455 0 0 11.0 1 457
375.81486266042054 212.5537966992511 0 0 13.0 1 458
42.117709775074104 460.73933110729763 0 0 12.0 1 459
348.9430485649369 134.87137515885314 0 0 10.0 1 460
681.052289822861 266.84366186573556 0 0 13.0 1 461
613.2822967628379 157.4311192927486 0 0 10.0 1 462
422.966778415293 193.27185220869697 0 0 13.0 1 463
183.33558676718727 287.78354827173973 0 0 10.0 1 464
593.2845483133774 374.19140873093426 0 0 12.0 1 465
72.43405212903315 514.4969422971419 0 0 12.0 1 466
143.45319508052404 427.34477803179846 0 0 10.0 1 467
552.1170678233589 717.4340839872486 0 0 13.0 1 468
552.0509850325647 375.5766924715998 0 0 11.0 1 469
426.87971913928976 546.5553844080555 0 0 12.0 1 470
651.5915730025524 447.30412660753086 0 0 10.0 1 471
124.30603409426868 513.1231062302015 0 0 13.0 1 472
248.27899491787767 631.7536118744875 0 0 10.0 1 473
347.6199878288991 756.1689687844174 0 0 10.0 1 474
597.8459758379545 541.0885177635923 0 0 10.0 1 475
650.8904514973149 258.58578095724084 0 0 10.0 1 476
273.2474353617065 729.458324158937 0 0 10.0 1 477
737.0023376773761 517.8067247655401 0 0 11.0 1 478
213.699741605586 131.25995139880143 0 0 10.0 1 479
234.3793696108707 340.45332259892734 0 0 11.0 1 480
363.2952434341436 164.84736691790752 0 0 13.0 1 481
395.31330823026 752.9688866178653 0 0 12.0 1 482
277.6759027967365 644.0610891629523 0 0 10.0 1 483
571.8916633167403 456.6944096203884 0 0 13.0 1 484
414.7299270360101 544.249884746969 0 0 13.0 1 485
408.0039969590209 199.1594263285429 0 0 13.0 1 486
698.2578517175139 341.1930795836616 0 0 11.0 1 487
136.97311084394948 257.8104941253023 0 0 11.0 1 488
555.9755561490398 402.76150031644454 0 0 10.0 1 489
276.77975556447825 645.8490824901535 0 0 12.0 1 490
665.4229963916591 589.2792460532145 0 0 13.0 1 491
349.54531738048416 257.6787963732602 0 0 10.0 1 492
518.9420015331916 441.5788440348965 0 0 13.0 1 493
408.95969808845626 175.1784623080704 0 0 11.0 1 494
437.2403738055479 653.276833837647 0 0 13.0 1 495
757.0779074385166 480.3204084858273 0 0 10.0 1 496
497.72687282012384 288.85388747779194 0 0 12.0 1 497
249.9256813234556 206.34386435289227 0 0 12.0 1 498
559.3175175364196 161.2806488655923 0 0 13.0 1 499
463.92574413878793 68.10016686309973 0 0 11.0 1 500
303.0089464049407 233.1415704181526 0 0 13.0 1 501
683.9382154957743 448.1984416872084 0 0 13.0 1 502
385.93656949684777 611.5330232433769 0 0 11.0 1 503
412.00154136165975 580.6016694411886 0 0 13.0 1 504
454.5188262968727 280.8836804664809 0 0 11.0 1 505
477.03673378619203 529.8704802776804 0 0 11.0 1 506
301.90059798102646 528.9205465529828 0 0 12.0 1 507
554.1097639293732 283.8140255382223 0 0 10.0 1 508
349.5103480253265 137.8172487681992 0 0 11.0 1 509
500.1140751477964 708.1447256684777 0 0 13.0 1 510
621.3477779125299 226.89263096798754 0 0 11.0 1 511
292.9430677019517 493.28886989845626 0 0 12.0 1 512
307.81921511643526 289.371328769392 0 0 13.0 1 513
642.6865371054748 551.32496392781 0 0 10.0 1 514
79.67177603876524 324.96115050294935 0 0 10.0 1 515
62.64331376417044 258.061751976502 0 0 10.0 1 516
431.01722496674915 238.9598442767703 0 0 13.0 1 517
668.298753710199 613.6931883742529 0 0 13.0 1 518
322.07675003288557 548.8353691652713 0 0 13.0 1 519
521.1224837880502 447.2159286789269 0 0 10.0 1 520
600.476879840749 510.67981138996345 0 0 13.0 1 521
235.26629877189131 584.0429506383991 0 0 12.0 1 522
228.16183616379905 578.8173522044294 0 0 10.0 1 523
407.921894868043 655.8773995133209 0 0 13.0 1 524
520.9277038072782 284.8240890988954 0 0 10.0 1 525
414.1896676872662 613.5290456376484 0 0 10.0 1 526
571.2758309602003 666.7463021841031 0 0 13.0 1 527
558.1039182226748 416.8567803164711 0 0 13.0 1 528
164.25844701253882 201.78314855931134 0 0 13.0 1 529
270.43200006153165 471.527151431782 0 0 10.0 1 530
536.7373656451573 391.52103565153527 0 0 13.0 1 531
384.4468291840409 193.58512922376548 0 0 11.0 1 532
551.7142753708856 285.62002514125516 0 0 13.0 1 533
422.15153709617033 272.9161323995961 0 0 11.0 1 534
571.856535691953 380.1422272155086 0 0 11.0 1 535
233.394243581102 579.6316284179566 0 0 13.0 1 536
367.0391338733052 638.7353792469355 0 0 13.0 1 537
195.72724579647846 499.00324181615304 0 0 12.0 1 538
371.0053791748577 610.007885478632 0 0 12.0 1 539
412.22501028069365 93.24350190478941 0 0 12.0 1 540
196.72908393885638 494.1112888216047 0 0 12.0 1 541
463.9943037663849 631.3108927081811 0 0 11.0 1 542
530.4441891336224 453.52862338293176 0 0 11.0 1 543
202.53214449523472 368.27546623905823 0 0 10.0 1 544
540.9855350595535 305.01011156985487 0 0 11.0 1 545
651.2540776319562 133.86584497040798 0 0 10.0 1 546
720.6309206634357 330.8638103847372 0 0 10.0 1 547
559.9988368931013 135.6491494379964 0 0 12.0 1 548
509.4542094281841 307.97404692994905 0 0 12.0 1 549
376.3177137281823 756.213628763611 0 0 12.0 1 550
584.6832490188568 295.9034220935245 0 0 10.0 1 551
269.1427052450564 218.1968965902457 0 0 13.0 1 552
159.737379025883 145.49288229472285 0 0 10.0 1 553
535.6549329330913 696.4350505100881 0 0 11.0 1 554
117.69210729125689 298.49998170271704 0 0 12.0 1 555
559.2687372420779 194.49216721177282 0 0 11.0 1 556
704.514597754005 582.4715313541171 0 0 11.0 1 557
339.46545935336184 618.7797280113048 0 0 11.0 1 558
658.0325117523312 302.04479146679785 0 0 11.0 1 559
131.83339017905968 261.1091458117435 0 0 11.0 1 560
451.34348520740247 105.44126811999405 0 0 11.0 1 561
285.040666660649 639.8757004745833 0 0 12.0 1 562
682.7312513491656 468.87698825104735 0 0 12.0 1 563
222.02589175760562 446.70349874821466 0 0 12.0 1 564
336.5146358576756 549.0423045303462 0 0 10.0 1 565
438.6460213718873 52.140135928095845 0 0 10.0 1 566
151.92058118318232 315.7349303714169 0 0 11.0 1 567
722.6227249735092 247.1485121738508 0 0 12.0 1 568
211.62773965131748 362.8531087286141 0 0 12.0 1 569
220.1503172350742 433.8096378175744 0 0 13.0 1 570
228.40700073173917 356.58522599249613 0 0 13.0 1 571
645.8486706046012 360.51036639888537 0 0 13.0 1 572
498.8540633306057 295.2914799883572 0 0 12.0 1 573
192.41165143471295 524.3827863489835 0 0 12.0 1 574
528.5769927207034 358.8544420028091 0 0 11.0 1 575
567.7831910867219 268.78338219281613 0 0 12.0 1 576
684.14915871377 602.6333032900977 0 0 13.0 1 577
361.6956263878505 55.12063708858881 0 0 13.0 1 578
262.0050663290188 83.80006596910636 0 0 10.0 1 579
621.6472627769315 593.154060023324 0 0 12.0 1 580
451.4238465581678 654.8638617088778 0 0 10.0 1 581
225.763602350979 123.28592783471919 0 0 10.0 1 582
469.78203257009 556.1136378744243 0 0 10.0 1 583
672.9273368188517 424.2212472215836 0 0 10.0 1 584
680.7325859743912 196.04359492251533 0 0 11.0 1 585
554.8900325323295 470.06481158280445 0 0 13.0 1 586
485.24067869311176 610.3878007298372 0 0 12.0 1 587
147.434722509179 503.6329127545134 0 0 13.0 1 588
217.5143727872138 364.0139490808449 0 0 11.0 1 589
171.42088470036248 326.84545093546797 0 0 10.0 1 590
339.27831959247726 155.42510854855385 0 0 13.0 1 591
548.0217749034014 460.7417002926885 0 0 13.0 1 592
525.9840795957506 585.2134219985462 0 0 10.0 1 593
509.0831258106265 288.4792769778503 0 0 10.0 1 594
302.50614984534116 528.1247407100632 0 0 13.0 1 595
126.13764636247276 647.3063105950067 0 0 13.0 1 596
556.9462327146889 64.9360060575492 0 0 12.0 1 597
91.63364733587014 307.295132033849 0 0 10.0 1 598
564.4386041733716 632.7765998925004 0 0 10.0 1 599
486.44210540496476 251.29975651278522 0 0 10.0 1 600
447.10805385890893 613.8734000796409 0 0 11.0 1 601
621.4726789668844 538.0972572907638 0 0 11.0 1 602
580.6390412829275 113.13672810137433 0 0 13.0 1 603
408.2883572939639 524.7249098350751 0 0 13.0 1 604
161.95991329594347 457.98204137425006 0 0 10.0 1 605
214.0454436345197 121.3498556129615 0 0 11.0 1 606
336.2338292113586 122.225135293069 0 0 13.0 1 607
709.9564592700426 487.2410073118053 0 0 10.0 1 608
496.38929619860835 531.4462003191304 0 0 13.0 1 609
533.3369304860789 62.37555928435728 0 0 10.0 1 610
449.60534167067124 737.3726575728033 0 0 10.0 1 611
577.7153126972579 498.1135445945964 0 0 13.0 1 612
604.973244360781 218.17049442894157 0 0 13.0 1 613
226.4748879288361 184.0878987164221 0 0 10.0 1 614
197.63580341300957 258.3746776183656 0 0 11.0 1 615
215.46514290918975 197.45892634215093 0 0 10.0 1 616
563.8386329672279 358.5524144559664 0 0 10.0 1 617
168.563645759117 325.93101907216135 0 0 11.0 1 618
415.6599871735481 721.6189745673042 0 0 10.0 1 619
418.7648409135343 682.3771958666099 0 0 13.0 1 620
266.36472590989536 563.286905533979 0 0 11.0 1 621
270.47910322473723 419.6300101510856 0 0 11.0 1 622
430.97515870174834 540.6290849838734 0 0 10.0 1 623
651.4684797022826 240.1012704358704 0 0 13.0 1 624
502.92449359831414 551.3127510077409 0 0 10.0 1 625
629.8201316808829 124.20350423875647 0 0 12.0 1 626
563.2262894386936 439.7640344542129 0 0 13.0 1 627
382.9514073617447 656.4339008186219 0 0 11.0 1 628
57.223758636876425 470.74212575947695 0 0 12.0 1 629
668.2868136305801 438.25160953411506 0 0 10.0 1 630
590.3356027407818 362.4718994711525 0 0 13.0 1 631
344.17175681999987 42.3308690095904 0 0 10.0 1 632
724.9490753104997 405.7531256592594 0 0 12.0 1 633
179.19816328371678 280.6369030951534 0 0 11.0 1 634
396.46454091541057 240.03906561581607 0 0 13.0 1 635
689.8535949852696 449.20257588902524 0 0 11.0 1 636
203.24688199788326 429.81963374096216 0 0 11.0 1 637
317.5544546322327 564.4953861025026 0 0 10.0 1 638
304.4368262968111 130.4379851837909 0 0 11.0 1 639
268.0888184791877 118.36115291071206 0 0 11.0 1 640
45.39273068973819 431.4592522530245 0 0 13.0 1 641
512.1680928849835 244.17214966975348 0 0 11.0 1 642
516.4037663420029 133.29573835164086 0 0 13.0 1 643
245.64765419823624 309.3558973485161 0 0 11.0 1 644
192.74708069280163 464.30573410391895 0 0 12.0 1 645
660.061512994097 526.0516142666214 0 0 13.0 1 646
137.83272418821264 616.4909224273069 0 0 13.0 1 647
39.056373107851016 406.37951455372087 0 0 11.0 1 648
462.35431407853855 266.8799807850263 0 0 11.0 1 649
525.6829476569144 503.7920838420219 0 0 12.0 1 650
302.02948447274343 317.6241656350385 0 0 11.0 1 651
290.66409508821914 656.6839689133741 0 0 12.0 1 652
591.3468084958888 651.4804145026758 0 0 11.0 1 653
469.49194417124613 551.8547651386034 0 0 11.0 1 654
350.2306095921284 516.8418066379875 0 0 12.0 1 655
685.3043892932264 588.5879249846582 0 0 12.0 1 656
545.3735574294564 450.81858715376245 0 0 10.0 1 657
299.1576005907083 219.22441956564793 0 0 11.0 1 658
514.3533401132489 228.65440301850876 0 0 12.0 1 659
320.7529586411401 123.11752233868765 0 0 12.0 1 660
83.95913528522249 574.4682545059006 0 0 13.0 1 661
336.16210557202953 176.95578188394282 0 0 13.0 1 662
145.6292810604313 256.61402667566483 0 0 10.0 1 663
183.772698222282 365.2616355317687 0 0 11.0 1 664
275.82245007162595 289.8367752206474 0 0 11.0 1 665
459.1947309839061 613.9625757550675 0 0 11.0 1 666
380.0889359119364 135.74907847486884 0 0 13.0 1 667
255.78633330632488 738.565234982515 0 0 12.0 1 668
165.84896492914305 452.6620620109611 0 0 11.0 1 669
456.2616587279468 603.3608265059426 0 0 10.0 1 670
121.92202590764595 277.1641732852663 0 0 10.0 1 671
184.46315020471027 534.3870022744861 0 0 13.0 1 672
309.5206188430648 264.41798944750064 0 0 13.0 1 673
274.8430576180615 499.6781810307758 0 0 10.0 1 674
115.62832704747854 474.62406865203866 0 0 10.0 1 675
69.36743886715618 334.79946688303613 0 0 11.0 1 676
743.5957324112499 344.8096687020567 0 0 13.0 1 677
687.8540564587558 629.2684936493442 0 0 13.0 1 678
673.0853860632681 325.7479164017882 0 0 10.0 1 679
412.92857780140923 228.48658397655038 0 0 10.0 1 680
499.4663600682862 598.4702577586023 0 0 13.0 1 681
528.9540355328581 376.9379810122713 0 0 12.0 1 682
656.3634119642345 666.7916809161338 0 0 11.0 1 683
667.3815158013285 298.4956897083485 0 0 12.0 1 684
736.2050254104317 292.41198538512305 0 0 10.0 1 685
374.2468532266341 252.22728455066724 0 0 10.0 1 686
571.4972416522394 295.1682485805307 0 0 10.0 1 687
230.25589689449586 535.1885330229898 0 0 10.0 1 688
628.5661740501753 510.7858478329475 0 0 11.0 1 689
301.2796290183509 686.4669062095054 0 0 10.0 1 690
473.0091779997647 279.37388372413426 0 0 10.0 1 691
471.8455572656136 197.35939226997607 0 0 12.0 1 692
60.98854396552184 298.08222590056687 0 0 10.0 1 693
532.9724536515378 416.5628068240151 0 0 12.0 1 694
483.00087423320133 534.4427568763907 0 0 13.0 1 695
301.60596403270574 106.02957004816489 0 0 11.0 1 696
581.065602187108 190.37116680995447 0 0 12.0 1 697
624.4765759296781 186.2004049141172 0 0 13.0 1 698
643.5372179978906 468.5465057449899 0 0 11.0 1 699
603.5561007698776 340.7639143818277 0 0 13.0 1 700
426.1168086776962 589.2060049377202 0 0 10.0 1 701
527.146455066366 351.7322160850888 0 0 13.0 1 702
691.8917671417112 315.05768854752654 0 0 12.0 1 703
432.35224074846565 108.79159950552025 0 0 11.0 1 704
404.79527119845284 761.9682380736372 0 0 13.0 1 705
354.10569959846845 525.8956440495618 0 0 12.0 1 706
702.0399181337948 215.3709452612332 0 0 10.0 1 707
501.26740021037176 57.664033945259575 0 0 13.0 1 708
220.70428242300363 490.85177851065964 0 0 12.0 1 709
699.5774993105608 445.41279452787455 0 0 11.0 1 710
501.2251411866293 202.420975830563 0 0 10.0 1 711
224.89393122769832 207.80774032466877 0 0 10.0 1 712
224.47325933284077 257.64002208919874 0 0 13.0 1 713
207.61208117089987 384.64133180879327 0 0 11.0 1 714
595.2411595124514 361.50468038535746 0 0 13.0 1 715
594.7708153756255 555.1300405399096 0 0 11.0 1 716
703.6449176221263 256.1397761636243 0 0 13.0 1 717
371.3870839205054 529.8857229776537 0 0 12.0 1 718
536.4999770113432 560.8998330511962 0 0 12.0 1 719
444.13135685050986 146.81741105966043 0 0 11.0 1 720
625.2403073367577 548.8852039352564 0 0 10.0 1 721
229.98068891863383 95.214118011648 0 0 12.0 1 722
382.596938210673 265.11807593173626 0 0 12.0 1 723
181.49682672471042 666.9856986219089 0 0 12.0 1 724
249.7410882659819 161.3658460226019 0 0 10.0 1 725
478.7050031288358 125.04268970894782 0 0 11.0 1 726
186.92359598073745 614.0150603350614 0 0 11.0 1 727
633.8986587758934 573.1254384047537 0 0 12.0 1 728
411.5373933531978 573.6170744904244 0 0 13.0 1 729
225.705974581144 347.6015963669581 0 0 13.0 1 730
702.8048057384001 329.0757472952322 0 0 10.0 1 731
79.30593761952048 306.6655564440164 0 0 12.0 1 732
349.8805177588701 198.12866102420318 0 0 11.0 1 733
272.6332331994264 379.5376757241925 0 0 12.0 1 734
333.62016902369464 240.24168866829766 0 0 11.0 1 735
312.7492431838164 236.86721532750323 0 0 12.0 1 736
647.3542045508457 371.4185813679864 0 0 11.0 1 737
309.38607329608635 565.8617384670068 0 0 10.0 1 738
278.2247628952314 442.56514569547926 0 0 13.0 1 739
531.8138895620789 407.0070335032797 0 0 11.0 1 740
462.84231122769296 262.6979828277757 0 0 10.0 1 741
300.9711638006587 104.13298662912081 0 0 10.0 1 742
386.20159452011904 275.7639182595781 0 0 13.0 1 743
523.3713753607711 635.6597202357494 0 0 13.0 1 744
268.13138516656363 304.1894138317127 0 0 10.0 1 745
191.20465001723858 390.75328028022017 0 0 10.0 1 746
586.5025854959929 645.1138217304563 0 0 11.0 1 747
509.4502922203725 484.0513743663663 0 0 11.0 1 748
664.9000656701603 347.77016936706787 0 0 13.0 1 749
282.4442960667445 462.20656293958695 0 0 11.0 1 750
476.5313550413169 293.6799562850922 0 0 13.0 1 751
358.6341074801804 744.5255620937853 0 0 12.0 1 752
656.1072608787968 657.2509881908327 0 0 10.0 1 753
238.13729898089198 312.4987656155706 0 0 13.0 1 754
69.98393380415598 274.70675974889826 0 0 11.0 1 755
86.57920398657785 447.50162761751255 0 0 13.0 1 756
140.8601631839848 161.77627117566772 0 0 13.0 1 757
96.21839786603755 206.82459213211706 0 0 11.0 1 758
665.2740799176829 320.25877776314934 0 0 13.0 1 759
490.35012856278036 207.11180889258912 0 0 10.0 1 760
752.1153538754847 424.97553933636186 0 0 11.0 1 761
109.63302449758663 567.068906555292 0 0 10.0 1 762
660.9613798210662 526.4877790218692 0 0 13.0 1 763
587.4760538903279 253.38237071309976 0 0 11.0 1 764
295.25796171223516 87.06373585772388 0 0 12.0 1 765
229.2024129487905 353.5545022904855 0 0 12.0 1 766
601.0125942835577 158.7740956294416 0 0 11.0 1 767
583.8434269281978 501.4967702702721 0 0 12.0 1 768
215.52460523470523 489.40821397494 0 0 12.0 1 769
80.14022638501996 518.1978224121481 0 0 13.0 1 770
472.4960398332533 703.4605809796312 0 0 12.0 1 771
371.62749340732034 592.9248580915595 0 0 11.0 1 772
663.6208631412783 289.0944522729029 0 0 11.0 1 773
538.3065354921565 268.271862382569 0 0 11.0 1 774
160.46956882351785 577.2827474415053 0 0 12.0 1 775
261.92163549879825 652.7416967116294 0 0 11.0 1 776
172.59689879152336 434.46490331869995 0 0 12.0 1 777
570.0362894092917 418.1289901516765 0 0 10.0 1 778
509.7995680743019 106.89071176317742 0 0 13.0 1 779
402.43737541578815 583.9838558164344 0 0 12.0 1 780
243.0245168363784 402.7744703183772 0 0 12.0 1 781
330.05108521021464 692.7595418081729 0 0 12.0 1 782
588.1933761834717 345.2345623530105 0 0 12.0 1 783
75.20699828068331 507.1144529657691 0 0 10.0 1 784
643.3214671760053 292.5259863440647 0 0 12.0 1 785
581.151179969981 504.23650989688576 0 0 12.0 1 786
338.22455036309157 251.3231900323464 0 0 13.0 1 787
645.6636437625899 519.0729781826562 0 0 11.0 1 788
140.55816505416777 311.87546153346653 0 0 13.0 1 789
620.3850042129459 495.02867945025775 0 0 13.0 1 790
244.01869907043218 337.599408974597 0 0 13.0 1 791
355.750642089612 170.22185847100604 0 0 13.0 1 792
183.61457992992567 534.9160849606061 0 0 11.0 1 793
416.1788734378176 643.4630239980664 0 0 10.0 1 794
230.10586544279673 319.5016581347236 0 0 10.0 1 795
70.59222084734319 552.5107046528684 0 0 12.0 1 796
559.8957815188717 733.6665087365966 0 0 11.0 1 797
275.007068823518 144.98477073729256 0 0 12.0 1 798
135.15655501105618 185.20021032042817 0 0 12.0 1 799
344.22677890515456 633.4295349965498 0 0 11.0 1 800
387.25013438955966 661.6895888775778 0 0 12.0 1 801
401.35868928233157 93.00300658893406 0 0 13.0 1 802
527.5566963797069 464.6396875665041 0 0 10.0 1 803
528.38939607201 387.463534139776 0 0 11.0 1 804
242.66640939511547 330.500782253506 0 0 10.0 1 805
552.9472688952815 577.0963944790363 0 0 13.0 1 806
568.7167262585324 312.6234225858929 0 0 13.0 1 807
608.4337638340473 347.2708231244543 0 0 10.0 1 808
587.5310302920818 139.47531272911914 0 0 12.0 1 809
512.8308662519821 598.1241924168457 0 0 13.0 1 810
354.0419434595579 105.56519051065732 0 0 11.0 1 811
444.5267906337632 602.1543096643181 0 0 10.0 1 812
580.4387625976832 459.5134686622862 0 0 10.0 1 813
442.3796170693731 251.94606368943346 0 0 11.0 1 814
344.0668862019412 572.1408922390418 0 0 10.0 1 815
52.106820355668674 372.22707150916506 0 0 12.0 1 816
462.149489843396 518.7157989157535 0 0 11.0 1 817
350.03218013723745 79.87624740084891 0 0 10.0 1 818
288.2802939567174 504.53567468382516 0 0 12.0 1 819
576.5212575498174 697.5840144111088 0 0 10.0 1 820
473.3508966478901 733.0174859687559 0 0 13.0 1 821
276.5215337062083 574.7829178201719 0 0 12.0 1 822
327.6026579871084 234.10959982727027 0 0 12.0 1 823
290.62745037574206 592.0381352458132 0 0 13.0 1 824
299.298537533997 523.0455828431407 0 0 12.0 1 825
630.3681760374939 434.9213898514679 0 0 13.0 1 826
600.0086553433164 335.99579867103637 0 0 13.0 1 827
647.9903510038125 397.8123508037563 0 0 12.0 1 828
285.6404829756302 338.17847570665316 0 0 12.0 1 829
664.8332619730888 177.33580585847818 0 0 10.0 1 830
627.256512105472 167.66516037052148 0 0 12.0 1 831
428.0424518717774 732.8207038226724 0 0 10.0 1 832
722.3807963750791 380.0094490178532 0 0 13.0 1 833
576.3824110735516 577.170102059802 0 0 11.0 1 834
75.20699828068331 507.1144529657691 0 0 13.0 1 835
437.53131422590377 655.2555591020036 0 0 11.0 1 836
441.73042213985536 589.4586283810518 0 0 12.0 1 837
442.53283130190056 657.5110837642607 0 0 11.0 1 838
481.8274505448138 93.74313340377807 0 0 12.0 1 839
538.0402829272485 548.8417961775697 0 0 12.0 1 840
365.1243947622109 652.6038245143923 0 0 11.0 1 841
445.542383997813 590.635493179512 0 0 13.0 1 842
161.92523033727264 680.6143332940057 0 0 13.0 1 843
301.4915249775283 55.819697907118666 0 0 11.0 1 844
710.8589795383207 355.6976880919975 0 0 10.0 1 845
59.12021751547468 390.9460564778273 0 0 10.0 1 846
524.7998578581312 258.06341036015317 0 0 10.0 1 847
678.3914750626996 553.6951092664121 0 0 12.0 1 848
415.1250186676194 710.6319909640733 0 0 12.0 1 849
570.3628656302146 608.1765933390722 0 0 10.0 1 850
170.80769423516412 599.7170172473992 0 0 13.0 1 851
701.8937732756206 391.9906518737017 0 0 11.0 1 852
431.570139928696 572.1288071906691 0 0 10.0 1 853
131.80750192669404 303.5749826175812 0 0 13.0 1 854
208.27816738510234 319.33564046752025 0 0 13.0 1 855
618.8612225335688 520.8294884169907 0 0 13.0 1 856
90.06328122303262 364.1777952414002 0 0 11.0 1 857
626.8561047355238 299.7986639598799 0 0 11.0 1 858
324.72363249029945 550.1914394848937 0 0 13.0 1 859
579.5203679447961 593.5676561127015 0 0 13.0 1 860
356.7864899588418 693.8393992471445 0 0 11.0 1 861
442.4773013719531 688.8938885960661 0 0 12.0 1 862
528.4949870424521 411.4034339108916 0 0 10.0 1 863
625.2770876633741 579.4275167690521 0 0 11.0 1 864
267.37682668244804 556.3204845795412 0 0 12.0 1 865
281.24204001315445 335.8007247722937 0 0 12.0 1 866
570.6707828834346 712.4219644486532 0 0 10.0 1 867
592.9600911715835 574.2595857192774 0 0 12.0 1 868
174.99786746156806 369.9493701703624 0 0 12.0 1 869
524.5883675512173 723.8622217408551 0 0 12.0 1 870
290.01980749276186 529.631621358644 0 0 11.0 1 871
407.1482723223357 630.8893722170982 0 0 10.0 1 872
301.56592343814134 150.73160534994784 0 0 10.0 1 873
565.8738018537068 373.35639178719975 0 0 11.0 1 874
546.200299652012 557.6403260008742 0 0 12.0 1 875
572.106618926238 532.16774085146 0 0 12.0 1 876
81.95750170830848 498.68114956960835 0 0 10.0 1 877
627.7156014596815 668.4205745688201 0 0 12.0 1 878
281.12791233129946 585.1200334196296 0 0 10.0 1 879
337.865427441997 624.5624520997094 0 0 13.0 1 880
291.0297960610653 187.28776562334977 0 0 13.0 1 881
465.9899849764229 676.2269390968438 0 0 12.0 1 882
459.5891636477199 563.4782296691681 0 0 10.0 1 883
229.1370704188905 459.7231889215639 0 0 10.0 1 884
491.11880843475103 255.2990575378614 0 0 13.0 1 885
466.3425986176176 201.80903247458102 0 0 11.0 1 886
158.15091937414724 376.3775064730715 0 0 10.0 1 887
563.8972185260004 405.80532164832033 0 0 11.0 1 888
491.1624542434832 529.0480799404038 0 0 10.0 1 889
122.12463348016257 467.6851585021858 0 0 10.0 1 890
304.7946404744129 534.7625300949923 0 0 13.0 1 891
297.91252852574587 295.6249638659064 0 0 10.0 1 892
696.7444427020578 461.25141406894306 0 0 10.0 1 893
217.07840522147777 305.2598809179442 0 0 13.0 1 894
200.59605370628475 112.3577461455061 0 0 10.0 1 895
334.0041627746777 57.29670344607308 0 0 10.0 1 896
321.2522861422782 150.11443106457233 0 0 11.0 1 897
484.89279980553147 277.5491423420074 0 0 12.0 1 898
439.35250156441793 262.5213448544739 0 0 11.0 1 899
678.106309059997 605.8467411960302 0 0 13.0 1 900
569.8419446627971 501.7728541073667 0 0 12.0 1 901
561.796084151855 524.2498577589763 0 0 12.0 1 902
521.9366380686398 291.83135252524625 0 0 12.0 1 903
332.87771495932486 107.6054055716516 0 0 11.0 1 904
290.91080579196034 108.76032600787266 0 0 12.0 1 905
586.534907967815 336.64600952237674 0 0 11.0 1 906
547.053947176831 157.0367587067669 0 0 11.0 1 907
288.47614672367644 520.2432124920199 0 0 10.0 1 908
300.85310414809834 632.763599050479 0 0 10.0 1 909
131.6217957358399 483.2714805677476 0 0 13.0 1 910
630.2469567089888 451.79130164659904 0 0 12.0 1 911
290.481807362412 253.38906766070903 0 0 11.0 1 912
128.32513715319357 279.99262982146087 0 0 13.0 1 913
561.2831193263282 439.29065309166276 0 0 12.0 1 914
316.872886123327 655.8337017254267 0 0 11.0 1 915
182.6229226142678 321.8449859110921 0 0 11.0 1 916
593.3576024434568 259.5228218630581 0 0 13.0 1 917
723.8616617580941 342.08088361097145 0 0 10.0 1 918
196.09575906765934 604.8024915126913 0 0 10.0 1 919
270.7339284142049 735.9914920601057 0 0 12.0 1 920
385.59557167675445 695.6493065181795 0 0 12.0 1 921
512.1683996932919 181.061081325759 0 0 13.0 1 922
421.92914492258274 582.6885672475548 0 0 10.0 1 923
219.00000008223572 399.99454387204196 0 0 11.0 1 924
571.5689542962702 412.16938460581935 0 0 11.0 1 925
122.0434119777911 404.9127563599291 0 0 13.0 1 926
110.32044113080264 284.11318809568013 0 0 12.0 1 927
420.98985918546214 649.1172932804434 0 0 11.0 1 928
459.8825457497709 596.0588705326198 0 0 11.0 1 929
167.78946643971628 456.56207301406437 0 0 11.0 1 930
429.3018434229051 747.7677414194991 0 0 10.0 1 931
232.9456003104586 209.99519073358445 0 0 13.0 1 932
236.52011042501337 386.9491109670575 0 0 12.0 1 933
254.02279909625 402.58008067823613 0 0 10.0 1 934
489.36669045290887 499.8478574506933 0 0 12.0 1 935
73.29468500901748 317.3402325393853 0 0 13.0 1 936
183.9186568573649 371.14080483321146 0 0 10.0 1 937
335.2503763311999 206.54849125750204 0 0 10.0 1 938
353.4814442480536 158.43836403362172 0 0 12.0 1 939
561.5726916620002 646.818283984587 0 0 12.0 1 940
666.4694643337104 503.87504309363914 0 0 11.0 1 941
426.27929453288334 163.4552924311052 0 0 12.0 1 942
411.3855000191266 202.32761854696426 0 0 13.0 1 943
389.5859876311671 613.7464580908461 0 0 10.0 1 944
429.7661319327705 562.2928753512024 0 0 12.0 1 945
592.5195399192811 454.18696106323307 0 0 13.0 1 946
97.062235649743 207.36119048730563 0 0 11.0 1 947
540.8798331464915 434.3201487848861 0 0 10.0 1 948
705.1584046960766 345.42575659392446 0 0 10.0 1 949
193.9136267525988 173.80449438211016 0 0 10.0 1 950
333.7714411107851 555.482404108818 0 0 13.0 1 951
260.5579436919311 443.26560912060904 0 0 11.0 1 952
294.8857622014443 469.4765932672918 0 0 10.0 1 953
76.93830351652326 484.77700316252015 0 0 12.0 1 954
721.7321999769684 518.9007632354813 0 0 12.0 1 955
676.2959195009464 330.10318414171854 0 0 10.0 1 956
235.35593876856686 307.1919556222625 0 0 11.0 1 957
631.4010390827382 332.66086493405885 0 0 10.0 1 958
84.77103812439128 236.7342608051951 0 0 12.0 1 959
584.78496616753 468.28994273291494 0 0 10.0 1 960
252.74894864806316 600.7937446130961 0 0 10.0 1 961
310.11228330581724 596.4082441943473 0 0 12.0 1 962
675.7236966807957 300.8766269304935 0 0 13.0 1 963
551.4996664732618 358.8071479684832 0 0 13.0 1 964
192.89699228689943 653.0560099981572 0 0 10.0 1 965
598.9300029200281 394.7223169631346 0 0 13.0 1 966
141.21776501698548 306.95831656082396 0 0 11.0 1 967
401.60652836966244 37.003555022094645 0 0 13.0 1 968
230.35304083247956 135.77299675238783 0 0 10.0 1 969
554.3168424733517 478.2004611818546 0 0 10.0 1 970
247.71780752003616 516.9364522015921 0 0 11.0 1 971
677.3033098509484 419.66912163033595 0 0 10.0 1 972
490.47916029656125 635.1967719847132 0 0 13.0 1 973
499.3173929508396 725.1708096638573 0 0 13.0 1 974
318.38633261477275 240.6883265547264 0 0 10.0 1 975
208.72400438763643 697.8749628661312 0 0 12.0 1 976
571.3423905281602 448.22639534627746 0 0 12.0 1 977
719.866407192698 241.46141936539516 0 0 12.0 1 978
694.9604063119198 275.9098766689823 0 0 13.0 1 979
670.4670802299845 428.8367562646549 0 0 12.0 1 980
182.01549537947218 235.64746504740768 0 0 12.0 1 981
639.6686920815786 503.3436889021553 0 0 11.0 1 982
310.8459342484746 538.8400250647222 0 0 13.0 1 983
646.8405059240946 666.1555271549644 0 0 11.0 1 984
472.90118166404915 153.55646141157342 0 0 12.0 1 985
663.0866585422002 323.44015349349434 0 0 11.0 1 986
422.14649068947153 733.2649590793205 0 0 11.0 1 987
733.1629693892688 423.6312468508353 0 0 10.0 1 988
184.86324263361456 225.5145403482657 0 0 10.0 1 989
360.06725870505215 641.7237600499188 0 0 12.0 1 990
240.20742619194795 444.9703608591063 0 0 10.0 1 991
510.84022717803697 519.513363433221 0 0 10.0 1 992
294.0038915280869 157.12178980235706 0 0 11.0 1 993
594.8953960480771 420.7794273083543 0 0 13.0 1 994
481.69817719813267 499.83189792096766 0 0 12.0 1 995
671.8674320758664 495.0373577940492 0 0 13.0 1 996
454.91667610222896 579.800330049427 0 0 10.0 1 997
462.98009703614315 73.00992770832016 0 0 13.0 1 998
235.58003144814785 237.7438015316273 0 0 11.0 1 999
463.3238679129393 291.0684262826218 0 0 12.0 1 1000
303.0739775101983 665.884084074821 0 0 12.0 1 1001
248.35685578064985 476.8398126707072 0 0 10.0 1 1002
453.40409330937183 93.61951299437504 0 0 10.0 1 1003
368.7669629965627 660.1316924166333 0 0 13.0 1 1004
299.8547058681174 158.9773453319404 0 0 10.0 1 1005
501.0346548567853 315.05296639687606 0 0 11.0 1 1006
472.8657144482147 682.7624226412541 0 0 11.0 1 1007
399.2088002929784 220.00173888888924 0 0 10.0 1 1008
180.2032406689997 221.73507190815593 0 0 11.0 1 1009
701.7046882513574 386.647805904975 0 0 12.0 1 1010
679.6699247770139 372.6918844440083 0 0 11.0 1 1011
240.9261741937963 345.9674362686948 0 0 10.0 1 1012
80.4192299219726 524.5677783230278 0 0 13.0 1 1013
391.6439404144569 190.16631283751684 0 0 13.0 1 1014
120.36343174557169 315.9322315338009 0 0 12.0 1 1015
602.7890505139171 567.4682088984771 0 0 13.0 1 1016
539.56406514018 712.2272757488487 0 0 10.0 1 1017
171.2102292821974 563.1448461180901 0 0 13.0 1 1018
589.2847684915465 155.76184487860692 0 0 13.0 1 1019
150.9237972431169 431.0168538090512 0 0 10.0 1 1020
234.98883228316913 536.2619335277755 0 0 11.0 1 1021
551.4904253976096 546.8729076884205 0 0 12.0 1 1022
406.1069847282998 124.06757215302093 0 0 11.0 1 1023
696.7758177555193 563.8447862934394 0 0 13.0 1 1024
110.23434549776528 512.9462946310836 0 0 10.0 1 1025
550.9838385803076 182.21827329283204 0 0 11.0 1 1026
757.0 400.0 0 0 13.0 1 1027
204.7878440883966 529.0279589249704 0 0 10.0 1 1028
694.2862852053981 602.1004263726504 0 0 13.0 1 1029
610.058690395853 549.7976855267771 0 0 12.0 1 1030
401.4472032420926 73.00320245791994 0 0 13.0 1 1031
690.7783731570269 507.4613312040794 0 0 11.0 1 1032
466.1588989829044 521.107390713242 0 0 12.0 1 1033
354.0419434595579 105.56519051065732 0 0 11.0 1 1034
504.53760794294556 120.93748276494205 0 0 11.0 1 1035
127.94709557226457 296.7129379233127 0 0 12.0 1 1036
319.2787185058725 74.8706800149426 0 0 11.0 1 1037
661.2382772784515 635.9206698968679 0 0 13.0 1 1038
177.24085759964112 528.1692805513733 0 0 11.0 1 1039
359.74127714346076 643.6970152339999 0 0 10.0 1 1040
250.61992423883447 472.3988464382441 0 0 13.0 1 1041
310.5039893862013 208.9202677304188 0 0 10.0 1 1042
343.8168671649788 517.2324851943451 0 0 10.0 1 1043
556.3227463410999 511.47734736876436 0 0 13.0 1 1044
311.2945473783513 520.9600871163229 0 0 13.0 1 1045
318.97484860866984 548.3102317509215 0 0 13.0 1 1046
314.1641203213762 239.51261183570588 0 0 13.0 1 1047
664.0678479211435 177.97934399183518 0 0 10.0 1 1048
547.0172959157643 210.30046204163645 0 0 11.0 1 1049
506.10916794150387 63.32531357590642 0 0 11.0 1 1050
478.7298814390164 105.33645327492843 0 0 11.0 1 1051
292.60704403409966 588.5623318929478 0 0 12.0 1 1052
317.11008706274674 66.13586246310524 0 0 12.0 1 1053
530.6787134138781 114.48454707232827 0 0 13.0 1 1054
456.6322517420358 171.92591540767575 0 0 13.0 1 1055
71.58181814882886 281.9216453808275 0 0 12.0 1 1056
213.82904820686642 548.2712942832791 0 0 11.0 1 1057
280.7536112894931 746.029332253066 0 0 10.0 1 1058
650.2754018950654 470.443049382203 0 0 13.0 1 1059
404.33228625596104 539.9329528588474 0 0 10.0 1 1060
235.2044403844559 677.7974505480561 0 0 13.0 1 1061
514.7099148110909 498.19692176454544 0 0 13.0 1 1062
598.7553291814681 173.95283872172547 0 0 12.0 1 1063
473.2604448067186 104.95948205929119 0 0 13.0 1 1064
156.72619324510697 593.7494643785705 0 0 12.0 1 1065
315.2795497669898 265.4509557361479 0 0 12.0 1 1066
706.3955358438952 277.4366465254302 0 0 11.0 1 1067
92.77121578245863 421.7824275096093 0 0 11.0 1 1068
350.5415550375126 267.9588616305789 0 0 10.0 1 1069
355.37244244935226 168.25794273144197 0 0 11.0 1 1070
334.6001294918861 524.9153991208527 0 0 12.0 1 1071
105.7076227416415 602.0915552110578 0 0 12.0 1 1072
226.24090098748525 209.28614232217132 0 0 10.0 1 1073
551.7667818582252 297.7461789251967 0 0 10.0 1 1074
269.4179865756131 361.99555591732405 0 0 13.0 1 1075
284.72732627644154 651.8753872307138 0 0 12.0 1 1076
534.2540684575727 312.9606692202348 0 0 10.0 1 1077
205.62592551559183 494.20572789554654 0 0 12.0 1 1078
234.6792859387309 253.33691158893419 0 0 13.0 1 1079
257.86994007924716 284.7262125766521 0 0 10.0 1 1080
144.2551059591036 278.8243045325893 0 0 12.0 1 1081
105.04606666708048 405.21317671287443 0 0 12.0 1 1082
549.6475867694036 698.5993968079872 0 0 13.0 1 1083
116.19205582283439 435.34191310513404 0 0 12.0 1 1084
148.7191206424655 230.68691819796027 0 0 10.0 1 1085
203.07389517993988 668.5313933982369 0 0 13.0 1 1086
84.23253804563927 476.91495284339294 0 0 12.0 1 1087
261.0217059888955 402.45637817996453 0 0 10.0 1 1088
641.7633594596971 389.3005596986886 0 0 11.0 1 1089
650.1275451867261 660.3021535424981 0 0 13.0 1 1090
445.53349366320856 729.8722494463918 0 0 10.0 1 1091
353.0888917781896 739.7769090526924 0 0 11.0 1 1092
331.5871630580505 710.5538338864201 0 0 11.0 1 1093
375.22875337242453 134.1515745005891 0 0 12.0 1 1094
141.9129176337916 291.41336216781576 0 0 12.0 1 1095
510.2865419076192 164.54962587827782 0 0 10.0 1 1096
178.13889423339683 407.8517353508711 0 0 10.0 1 1097
450.68503574633644 539.0504482243498 0 0 10.0 1 1098
248.18217985326993 163.54207671153176 0 0 10.0 1 1099
606.6392652010138 431.32433681955706 0 0 13.0 1 1100
235.2245235755492 187.37346739154293 0 0 12.0 1 1101
259.2115712681187 204.39933963504114 0 0 10.0 1 1102
476.5848859143111 243.7605835600633 0 0 10.0 1 1103
382.21304714179075 262.14273937140695 0 0 11.0 1 1104
507.6087086488492 189.96103736942734 0 0 12.0 1 1105
460.75808335436477 516.0579825221172 0 0 12.0 1 1106
236.34587775559083 94.01580388456011 0 0 12.0 1 1107
353.6771443548795 40.97605505359206 0 0 10.0 1 1108
278.64851395696036 311.830748924889 0 0 12.0 1 1109
236.58909478409703 210.79937617301795 14 15 12.0 1 1110
282.48904005591305 160.2497668551307 21 21 11.0 1 1111
398.4219961398847 41.003468117284626 4 3 10.0 1 1112
281.04723832749914 64.46126827073272 -11 -5 10.0 1 1113
571.7671943367291 331.29024123395334 1 1 10.0 1 1114
625.4336259939364 415.99000535415803 21 -13 10.0 1 1115
556.4385754319771 726.4520977368863 -3 17 13.0 1 1116
548.9951176063609 506.2518467108535 8 16 10.0 1 1117
552.2894857836301 89.3170224815052 5 -14 11.0 1 1118
655.52686977605 462.24964917534516 4 9 12.0 1 1119
37.355444766782796 383.93990785511926 -4 -15 12.0 1 1120
634.6686670233979 412.4746429793237 -17 -8 13.0 1 1121
351.99475514327855 747.7017349198106 3 -14 13.0 1 1122
109.33114538699101 607.2694308333032 -13 18 11.0 1 1123
541.6372075700357 452.34406778005155 9 12 12.0 1 1124
682.977639805498 280.95103792930485 -2 2 13.0 1 1125
261.23216495427107 381.4665719112367 -8 19 10.0 1 1126
175.5622039647467 454.6687818671501 9 -16 11.0 1 1127
678.1367053709057 457.4105663220456 10 8 10.0 1 1128
474.92970027308405 617.4523856318568 -2 -14 10.0 1 1129
280.00058692894754 289.68617102736886 6 11 11.0 1 1130
42.01402415071993 396.8312312740354 8 13 12.0 1 1131
49.9826537532731 437.30760413640724 18 -1 11.0 1 1132
666.8622883788281 347.3832817327499 -8 0 12.0 1 1133
617.5547663754317 525.1835597326236 -10 -9 10.0 1 1134
564.1249666189871 424.8796168040501 19 21 11.0 1 1135
276.4037360138361 568.5377213820766 -5 -1 11.0 1 1136
167.1831726985271 517.9717123944387 -10 -10 13.0 1 1137
471.0062787555302 558.8524736266072 -12 -12 10.0 1 1138
451.2338270842838 679.3404642408573 11 -5 10.0 1 1139
662.7803585595507 573.6994045911325 -11 -4 13.0 1 1140
70.1702839427939 528.5626633421336 9 19 13.0 1 1141
487.9921676787793 718.0524774737489 1 -7 10.0 1 1142
288.6506634237678 172.82094012864445 -10 8 13.0 1 1143
336.2488959232479 161.36891080792694 9 8 11.0 1 1144
437.54174266637807 712.7548841466291 19 15 13.0 1 1145
552.5151419843428 387.8290729401675 11 -11 13.0 1 1146
607.9655544974347 215.5160490921378 3 -10 11.0 1 1147
155.9928748782238 567.5605051609891 15 -9 13.0 1 1148
145.62043568983069 250.6144676972752 10 -11 11.0 1 1149
308.27136646919985 125.94369594812792 4 -12 10.0 1 1150
171.5274085683044 286.75126947958535 11 -1 13.0 1 1151
118.01104695671233 397.5039307801061 -2 11 12.0 1 1152
40.03897914399107 438.36747925391876 -14 9 12.0 1 1153
451.9955763095572 570.2364827063724 -10 -12 12.0 1 1154
184.82136515510993 263.16741942691624 -2 -2 10.0 1 1155
131.38511930433896 364.1245784853225 13 14 13.0 1 1156
222.05631109106912 224.39805360565722 -2 -9 12.0 1 1157
428.36941307934376 252.70717464338748 6 -10 13.0 1 1158
536.9518110554967 396.3666202208514 -11 0 11.0 1 1159
514.9202355404187 523.9126283448733 -5 18 10.0 1 1160
701.9412349560838 580.9295184130964 -2 18 10.0 1 1161
443.26183210229965 64.78005148387655 19 5 13.0 1 1162
509.09666693162603 498.52368884897606 9 17 11.0 1 1163
175.03000638378685 509.0344072865122 -16 -5 10.0 1 1164
344.2500466373342 191.31856167818714 16 1 11.0 1 1165
195.91695313440786 628.0046271066808 14 15 12.0 1 1166
487.7029471874122 294.75175509946973 -6 -11 11.0 1 1167
577.0251686133042 469.0078957615085 -9 1 13.0 1 1168
338.0961370082068 579.6327134647064 21 3 11.0 1 1169
240.30485857210914 336.1136806168493 7 -2 13.0 1 1170
279.7308054312226 454.3996400519119 15 -3 10.0 1 1171
346.26176706624307 91.64760042905897 -13 2 11.0 1 1172
767.4811466579167 419.53476006974944 9 -3 10.0 1 1173
213.35883526894045 388.42089693311726 -11 -3 12.0 1 1174
