400 400 7.071067811865475 -7.0710678118654755 5 2 -1 10 187
742.842712474619 57.15728752538092
800.0 400.0 0 0 24.0 1 0
799.4518139018296 420.9343824971775 0 0 24.0 1 1
797.8087581473094 441.8113853070614 0 0 24.0 1 2
795.0753362380551 462.57378601609236 0 0 24.0 1 3
791.2590402935223 483.16467632710373 0 0 24.0 1 4
786.3703305156273 503.5276180410083 0 0 24.0 1 5
780.4226065180615 523.6067977499789 0 0 24.0 1 6
773.4321705988807 543.3471798181201 0 0 24.0 1 7
765.4181830570403 562.6946572303201 0 0 24.0 1 8
756.4026096753471 581.5961998958187 0 0 24.0 1 9
746.4101615137755 600.0 0 0 24.0 1 10
735.4682271781696 617.8556140060108 0 0 24.0 1 11
723.606797749979 635.1141009169893 0 0 24.0 1 12
710.8583845827884 651.728156419935 0 0 24.0 1 13
697.2579301909577 667.6522425435433 0 0 24.0 1 14
682.842712474619 682.842712474619 0 0 24.0 1 15
667.6522425435433 697.2579301909577 0 0 24.0 1 16
651.728156419935 710.8583845827884 0 0 24.0 1 17
635.1141009169893 723.606797749979 0 0 24.0 1 18
617.8556140060108 735.4682271781696 0 0 24.0 1 19
600.0 746.4101615137754 0 0 24.0 1 20
581.5961998958187 756.4026096753471 0 0 24.0 1 21
562.6946572303201 765.4181830570403 0 0 24.0 1 22
543.3471798181201 773.4321705988807 0 0 24.0 1 23
523.606797749979 780.4226065180615 0 0 24.0 1 24
503.5276180410083 786.3703305156273 0 0 24.0 1 25
483.1646763271038 791.2590402935223 0 0 24.0 1 26
462.57378601609236 795.0753362380551 0 0 24.0 1 27
441.8113853070614 797.8087581473094 0 0 24.0 1 28
420.9343824971776 799.4518139018296 0 0 24.0 1 29
400.0 800.0 0 0 24.0 1 30
379.0656175028225 799.4518139018296 0 0 24.0 1 31
358.1886146929386 797.8087581473094 0 0 24.0 1 32
337.4262139839077 795.0753362380551 0 0 24.0 1 33
316.83532367289627 791.2590402935223 0 0 24.0 1 34
296.47238195899166 786.3703305156273 0 0 24.0 1 35
276.3932022500211 780.4226065180615 0 0 24.0 1 36
256.65282018187986 773.4321705988807 0 0 24.0 1 37
237.3053427696799 765.4181830570403 0 0 24.0 1 38
218.4038001041813 756.4026096753471 0 0 24.0 1 39
200.00000000000009 746.4101615137755 0 0 24.0 1 40
182.14438599398918 735.4682271781696 0 0 24.0 1 41
164.8858990830108 723.606797749979 0 0 24.0 1 42
148.27184358006508 710.8583845827884 0 0 24.0 1 43
132.3477574564567 697.2579301909577 0 0 24.0 1 44
117.15728752538104 682.842712474619 0 0 24.0 1 45
102.74206980904233 667.6522425435434 0 0 24.0 1 46
89.14161541721165 651.728156419935 0 0 24.0 1 47
76.39320225002109 635.1141009169893 0 0 24.0 1 48
64.53177282183043 617.8556140060109 0 0 24.0 1 49
53.589838486224494 600.0 0 0 24.0 1 50
43.597390324652906 581.5961998958187 0 0 24.0 1 51
34.58181694295968 562.6946572303202 0 0 24.0 1 52
26.567829401119297 543.3471798181201 0 0 24.0 1 53
19.5773934819386 523.606797749979 0 0 24.0 1 54
13.629669484372698 503.5276180410084 0 0 24.0 1 55
8.740959706477724 483.16467632710373 0 0 24.0 1 56
4.924663761944942 462.5737860160924 0 0 24.0 1 57
2.1912418526906663 441.81138530706147 0 0 24.0 1 58
0.5481860981704472 420.9343824971775 0 0 24.0 1 59
0.0 400.00000000000006 0 0 24.0 1 60
0.5481860981704472 379.0656175028226 0 0 24.0 1 61
2.1912418526906663 358.1886146929386 0 0 24.0 1 62
4.924663761944885 337.4262139839077 0 0 24.0 1 63
8.740959706477781 316.8353236728962 0 0 24.0 1 64
13.629669484372698 296.47238195899166 0 0 24.0 1 65
19.577393481938543 276.3932022500211 0 0 24.0 1 66
26.567829401119297 256.65282018187986 0 0 24.0 1 67
34.58181694295968 237.30534276967992 0 0 24.0 1 68
43.59739032465285 218.40380010418136 0 0 24.0 1 69
53.58983848622455 199.99999999999994 0 0 24.0 1 70
64.53177282183037 182.14438599398918 0 0 24.0 1 71
76.39320225002103 164.8858990830108 0 0 24.0 1 72
89.14161541721171 148.27184358006497 0 0 24.0 1 73
102.74206980904228 132.3477574564567 0 0 24.0 1 74
117.15728752538092 117.15728752538104 0 0 24.0 1 75
132.34775745645675 102.74206980904228 0 0 24.0 1 76
148.27184358006485 89.14161541721177 0 0 24.0 1 77
164.8858990830107 76.39320225002109 0 0 24.0 1 78
182.1443859939892 64.53177282183032 0 0 24.0 1 79
199.99999999999983 53.58983848622461 0 0 24.0 1 80
218.40380010418124 43.597390324652906 0 0 24.0 1 81
237.30534276967995 34.58181694295962 0 0 24.0 1 82
256.65282018187975 26.567829401119354 0 0 24.0 1 83
276.393202250021 19.5773934819386 0 0 24.0 1 84
296.4723819589917 13.629669484372698 0 0 24.0 1 85
316.8353236728961 8.740959706477781 0 0 24.0 1 86
337.4262139839076 4.924663761944942 0 0 24.0 1 87
358.18861469293864 2.1912418526906663 0 0 24.0 1 88
379.0656175028223 0.5481860981704472 0 0 24.0 1 89
399.99999999999994 0.0 0 0 24.0 1 90
420.9343824971776 0.5481860981704472 0 0 24.0 1 91
441.8113853070612 2.1912418526906663 0 0 24.0 1 92
462.5737860160923 4.924663761944885 0 0 24.0 1 93
483.1646763271038 8.740959706477781 0 0 24.0 1 94
503.5276180410081 13.629669484372641 0 0 24.0 1 95
523.6067977499789 19.577393481938543 0 0 24.0 1 96
543.3471798181201 26.567829401119297 0 0 24.0 1 97
562.6946572303199 34.58181694295956 0 0 24.0 1 98
581.5961998958187 43.59739032465279 0 0 24.0 1 99
756.4026096753471 218.40380010418122 0 0 24.0 1 100
765.4181830570403 237.30534276967995 0 0 24.0 1 101
773.4321705988806 256.6528201818797 0 0 24.0 1 102
780.4226065180615 276.3932022500209 0 0 24.0 1 103
786.3703305156273 296.4723819589917 0 0 24.0 1 104
791.2590402935223 316.83532367289604 0 0 24.0 1 105
795.0753362380551 337.4262139839076 0 0 24.0 1 106
797.8087581473094 358.18861469293864 0 0 24.0 1 107
799.4518139018296 379.06561750282225 0 0 24.0 1 108
800.0 399.9999999999999 0 0 24.0 1 109
517.557169128865 676.0078114590372 0 0 10.0 1 110
666.6578509594675 230.44295791186255 0 0 13.0 1 111
274.14381864941436 428.3058583308916 0 0 10.0 1 112
564.2111584743881 570.8908875057398 0 0 10.0 1 113
488.1989788959703 235.10627628163593 0 0 13.0 1 114
509.6551484229801 538.9415287965919 0 0 12.0 1 115
287.64035413227157 645.510305242934 0 0 13.0 1 116
585.8879768013098 195.9861277248145 0 0 10.0 1 117
529.8304366326914 558.6475897193673 0 0 13.0 1 118
553.355894503504 263.9596764888066 0 0 11.0 1 119
412.34447292187303 90.24588140223034 0 0 11.0 1 120
262.2289625397954 284.1589829242729 0 0 11.0 1 121
589.8474996708115 597.5700555973531 0 0 10.0 1 122
579.417625753328 91.36054113409494 0 0 10.0 1 123
64.09350374885713 321.3118447523329 0 0 12.0 1 124
386.51093238333755 61.268476437705715 0 0 10.0 1 125
534.6906079871661 232.41885511774439 0 0 11.0 1 126
442.26489726919806 129.27933499855584 0 0 11.0 1 127
516.2157406509581 267.82624456818496 0 0 13.0 1 128
209.4607136774621 85.16864773708141 0 0 11.0 1 129
624.0183419435152 539.6845820872093 0 0 10.0 1 130
670.6581438965247 489.2702029934293 0 0 12.0 1 131
199.33584233029677 376.80741871398345 0 0 10.0 1 132
278.8008946238448 358.83233239519603 0 0 11.0 1 133
739.9846158419505 512.1359041110445 0 0 12.0 1 134
638.2317546900842 563.6051070635741 0 0 10.0 1 135
168.5532357574626 212.2864008078815 0 0 12.0 1 136
420.113969331931 596.9757046889645 0 0 11.0 1 137
488.68788305789735 492.29550042504087 0 0 10.0 1 138
168.44158716826965 609.1045227795179 0 0 12.0 1 139
616.676787739591 480.07602421981403 0 0 10.0 1 140
327.2624241554724 704.4310185580005 0 0 12.0 1 141
621.4077524328004 295.1019201193094 0 0 12.0 1 142
714.9047503719601 363.61321403072964 0 0 10.0 1 143
284.4148065965614 201.15316681956008 0 0 11.0 1 144
294.5963581839625 513.6444996113603 0 0 10.0 1 145
498.63911971674713 320.00422472714433 0 0 13.0 1 146
717.9802209684906 517.5141654134933 0 0 11.0 1 147
627.4612417959809 515.2665757304794 0 0 12.0 1 148
379.8534990321339 567.7948702992787 0 0 12.0 1 149
232.78553801364893 556.4618921738298 0 0 10.0 1 150
666.4032918334194 183.94841796386234 0 0 13.0 1 151
122.96164310412075 447.0186006643268 0 0 11.0 1 152
513.8227104326861 275.07846226628135 0 0 11.0 1 153
614.8785048353394 132.64961537388984 0 0 11.0 1 154
564.29424173368 454.1885793609237 0 0 11.0 1 155
517.4463282752363 284.10625567069883 0 0 10.0 1 156
365.83369486948294 135.19504613068807 0 0 10.0 1 157
616.7475701283238 642.1683109811592 0 0 10.0 1 158
261.23216495427107 381.4665719112367 0 0 13.0 1 159
574.754345954867 258.2752012882479 0 0 13.0 1 160
252.16479377949108 326.7214096632611 0 0 13.0 1 161
410.4330706630024 138.20780944317534 0 0 11.0 1 162
582.3959304888543 622.8805162886721 0 0 11.0 1 163
271.94234192053625 599.4247632747828 0 0 12.0 1 164
495.8906081687446 663.0684155595808 0 0 11.0 1 165
500.5062971417789 279.3870478147208 0 0 11.0 1 166
262.18403252273515 479.29539146952663 0 0 12.0 1 167
568.8363481445846 165.44662111749355 0 0 12.0 1 168
530.4669358232715 86.0280607173845 0 0 10.0 1 169
141.4582321092621 458.14769347043625 0 0 12.0 1 170
510.5448685939565 329.708947741943 0 0 13.0 1 171
271.8530874287539 385.18889610942506 0 0 12.0 1 172
472.64923113433804 610.834269547409 0 0 11.0 1 173
325.92598296930424 519.9751641004761 0 0 12.0 1 174
649.0519644358548 650.1641841084406 0 0 13.0 1 175
175.32940751213226 478.5310439963106 0 0 12.0 1 176
508.99310386690865 566.4977576709587 0 0 10.0 1 177
732.1794987299326 462.45622966150563 0 0 10.0 1 178
268.3857988102677 593.4779110006842 0 0 11.0 1 179
186.22066441586125 124.13881085371185 0 0 13.0 1 180
298.41839781038317 558.1934831040471 0 0 13.0 1 181
607.2122595426471 160.09985515796237 0 0 11.0 1 182
358.2216327243384 267.42712182433417 0 0 13.0 1 183
349.2282090619494 630.4739144565885 0 0 12.0 1 184
504.5937647634281 104.99297572326748 0 0 10.0 1 185
314.00315727750444 202.94786719813874 0 0 11.0 1 186
570.6707828834346 712.4219644486532 0 0 12.0 1 187
95.45572688416223 255.7024403797971 0 0 13.0 1 188
679.0941624417889 560.5940487406566 0 0 10.0 1 189
649.8207054701256 162.06174095280784 0 0 11.0 1 190
547.7062549767829 609.090559903439 0 0 12.0 1 191
666.3156021621826 163.75436502446422 0 0 12.0 1 192
325.4086272138407 120.79196446757442 0 0 13.0 1 193
511.58388406787424 244.9837530568902 0 0 13.0 1 194
412.74197714120993 661.6899730951358 0 0 11.0 1 195
501.2328951740894 193.476633441463 0 0 10.0 1 196
394.1457190028001 588.9093099717581 0 0 12.0 1 197
537.4737139225833 610.0047094241739 0 0 12.0 1 198
714.9506422240227 405.5761064082053 0 0 10.0 1 199
583.7716198947053 162.87557755204557 0 0 10.0 1 200
143.51687511974865 553.679558340273 0 0 12.0 1 201
242.81425900164774 150.36498076832467 0 0 10.0 1 202
507.833612132134 712.9423462788897 0 0 12.0 1 203
743.5343886734582 262.5804824679066 0 0 10.0 1 204
197.31462718374908 430.71871817536305 0 0 12.0 1 205
401.6823189011147 526.9888570037346 0 0 10.0 1 206
276.529272150386 70.36538506357294 0 0 10.0 1 207
209.06733591042715 394.9287295814223 0 0 12.0 1 208
229.2032893712627 242.98890600214463 0 0 12.0 1 209
618.3027231884209 168.76868497428887 0 0 12.0 1 210
266.253553646457 336.6289649145697 0 0 10.0 1 211
712.4306593469875 447.36119825349294 0 0 10.0 1 212
140.917045080116 613.9439703987503 0 0 12.0 1 213
736.0583535382239 517.4767339398663 0 0 10.0 1 214
536.7400802236749 202.7637192086026 0 0 11.0 1 215
160.63172955325675 658.0829926657989 0 0 11.0 1 216
637.9907400762395 397.9005624648952 0 0 11.0 1 217
738.0960699927424 504.9144768631224 0 0 10.0 1 218
410.2354495121441 222.29452576444262 0 0 12.0 1 219
343.20208527165414 269.85394019598004 0 0 12.0 1 220
246.67808822629343 341.7901093450972 0 0 13.0 1 221
106.19179311732262 460.63610779383737 0 0 12.0 1 222
103.10470557799408 392.11430725488185 0 0 11.0 1 223
632.652113124828 193.61687506350665 0 0 10.0 1 224
575.64271862927 421.87773737201996 0 0 12.0 1 225
166.3259156513789 345.26041374075334 0 0 10.0 1 226
249.1442435902532 503.59315015020604 0 0 13.0 1 227
653.1287919451718 141.2147324742424 0 0 10.0 1 228
769.6381942152393 383.64135160543293 0 0 10.0 1 229
390.27384003639804 713.8493297943496 0 0 11.0 1 230
338.53582303423326 47.315785794259114 0 0 13.0 1 231
303.4366636265979 504.11302545040746 0 0 12.0 1 232
199.19681652375576 391.1072217049007 0 0 11.0 1 233
539.1374266005948 139.87353744963957 0 0 12.0 1 234
534.0506324158991 534.6492775654497 0 0 13.0 1 235
424.83075570368675 207.59565085169248 0 0 11.0 1 236
538.5642217129605 643.310411739986 0 0 11.0 1 237
625.8540752483977 160.7701174733995 0 0 11.0 1 238
660.4654219781428 531.9915298560784 0 0 10.0 1 239
654.7397301736594 323.4253966967427 0 0 11.0 1 240
529.5203049824537 419.6339144658468 0 0 13.0 1 241
190.83691553789657 464.8984136809136 0 0 13.0 1 242
668.2988258972532 450.4454162650622 0 0 12.0 1 243
465.9499003129992 223.94713677788292 0 0 13.0 1 244
365.60894525210614 608.1784219205424 0 0 10.0 1 245
290.31348274206266 570.8153035644764 0 0 11.0 1 246
507.6123585379985 497.18323049728934 0 0 11.0 1 247
269.3612736063981 121.07792635530325 0 0 10.0 1 248
310.4233869593182 557.2801017171593 0 0 11.0 1 249
635.0761003257263 420.86209614705746 0 0 13.0 1 250
169.46331863128867 681.6892588358692 0 0 11.0 1 251
713.1742421004114 230.71357383170724 0 0 13.0 1 252
677.4360295983361 641.7710683285144 0 0 13.0 1 253
49.34369452655858 384.4708199921401 0 0 13.0 1 254
197.31462718374908 430.71871817536305 0 0 13.0 1 255
202.92287881536205 444.32390219255893 0 0 10.0 1 256
265.3238380151676 701.2678731511795 0 0 13.0 1 257
411.00693848638406 565.6346802609796 0 0 10.0 1 258
438.73354402086625 722.6836106274745 0 0 11.0 1 259
191.07657858643435 230.5538316017454 0 0 11.0 1 260
266.86485543862375 140.11727013396705 0 0 11.0 1 261
369.0915717250667 121.71117690145496 0 0 11.0 1 262
442.78566862612615 756.4412806623488 0 0 11.0 1 263
295.1221676645528 743.3389582972165 0 0 10.0 1 264
516.1789047562108 52.928736295199315 0 0 11.0 1 265
190.91665672921044 485.7913490202199 0 0 10.0 1 266
563.3286866515533 539.8168091349488 0 0 11.0 1 267
139.000423478168 180.5456287620947 0 0 10.0 1 268
408.95142587748103 534.7029026218811 0 0 10.0 1 269
524.9878571154902 357.5496104413895 0 0 12.0 1 270
577.5965539563499 308.02465535357146 0 0 12.0 1 271
747.2402142010885 491.133054604694 0 0 12.0 1 272
549.853321979151 393.36811551571606 0 0 13.0 1 273
419.3270315013232 250.24197566291528 0 0 11.0 1 274
247.81387349833867 317.7298176711615 0 0 12.0 1 275
595.3904923619301 603.3385243739182 0 0 10.0 1 276
56.474909659714285 306.58419669724765 0 0 12.0 1 277
620.8559859953285 189.64878548001852 0 0 12.0 1 278
646.8325425736194 455.5220310024981 0 0 12.0 1 279
362.46099127737773 655.2544276288324 0 0 13.0 1 280
576.9762437871518 325.5459260013894 0 0 10.0 1 281
437.21059772093145 65.06064516505228 0 0 10.0 1 282
565.0939367648442 565.8312155279748 0 0 10.0 1 283
252.81935695266282 85.75987157561764 0 0 13.0 1 284
696.4264998445415 293.433916324592 0 0 12.0 1 285
221.98881397877204 339.53498820544417 0 0 12.0 1 286
608.7604278751985 625.0957213128763 0 0 12.0 1 287
195.4429665117327 517.696304319549 0 0 12.0 1 288
567.268581864876 500.230841166346 0 0 10.0 1 289
92.37526661894015 532.6349253109145 0 0 11.0 1 290
381.69029453228 617.2297279050115 0 0 11.0 1 291
231.94373905572508 431.5926123869138 0 0 11.0 1 292
197.51056602524233 299.6305368721031 0 0 13.0 1 293
549.0085569583407 382.78227793252194 0 0 13.0 1 294
467.3530896813609 220.20133117741233 0 0 10.0 1 295
338.03630656974656 552.9231856079437 0 0 13.0 1 296
718.4524596639017 227.8604318176349 0 0 12.0 1 297
525.9362458104613 63.81394735776581 0 0 10.0 1 298
494.4375925335215 621.7262752054265 0 0 11.0 1 299
553.0865008522575 237.84722248196988 0 0 13.0 1 300
610.3471825744718 247.17963884684144 0 0 12.0 1 301
425.7599921312265 234.99871877649207 0 0 10.0 1 302
351.21281894144937 559.714780043552 0 0 13.0 1 303
542.0891319179482 269.38729544640796 0 0 13.0 1 304
431.9402763002836 666.0898696866559 0 0 11.0 1 305
590.2680840221362 283.69412653461865 0 0 11.0 1 306
385.15580726437423 240.69008209773128 0 0 10.0 1 307
417.5351212959025 264.12682560145294 0 0 13.0 1 308
171.22423375094561 389.8684267185188 0 0 13.0 1 309
508.147920684348 732.872388839405 0 0 12.0 1 310
257.56860979020337 194.54124724679008 0 0 11.0 1 311
506.892399607141 587.6966033422749 0 0 10.0 1 312
625.0461060910906 501.80004977031 0 0 11.0 1 313
574.5060813751971 719.4426827508701 0 0 10.0 1 314
720.979579862473 374.3853691943395 0 0 11.0 1 315
651.8694696418213 314.456033162194 0 0 13.0 1 316
580.4959728795955 620.5588442439984 0 0 12.0 1 317
646.6918507907899 240.0652296921815 0 0 13.0 1 318
589.7847821946493 327.9532343034781 0 0 11.0 1 319
118.70611315147187 419.9436511613955 0 0 11.0 1 320
284.1077771365873 255.79877712107614 0 0 10.0 1 321
265.40764534824166 327.24082140859946 0 0 11.0 1 322
659.9642544442213 339.11004671327004 0 0 12.0 1 323
132.9470273331072 236.74648613345005 0 0 11.0 1 324
504.0320687141146 221.04098603573573 0 0 12.0 1 325
236.7606153403466 482.71579834552597 0 0 13.0 1 326
361.3549657325238 100.48278626017901 0 0 10.0 1 327
306.7703973607738 578.0708881084496 0 0 11.0 1 328
301.64822167807677 277.62382707031867 0 0 13.0 1 329
560.8487534437601 720.9496510600821 0 0 10.0 1 330
145.26190280891186 365.97792129419884 0 0 10.0 1 331
257.38772754706997 497.93232227314564 0 0 13.0 1 332
615.0270931269426 318.3706595556649 0 0 12.0 1 333
390.118964877742 718.8469305872533 0 0 13.0 1 334
739.7869164563424 412.0354229294446 0 0 12.0 1 335
457.5551513401032 685.2514759895517 0 0 10.0 1 336
532.6702835845772 676.8530221138788 0 0 13.0 1 337
311.549718624656 259.52741290692165 0 0 13.0 1 338
316.33612589030486 617.4611601389017 0 0 13.0 1 339
251.0434094058221 439.08879786535357 0 0 12.0 1 340
335.9799120164323 196.84875502577827 0 0 13.0 1 341
275.6211924196666 425.6692856327245 0 0 12.0 1 342
551.8728428961384 227.27293324251448 0 0 10.0 1 343
660.9591035570475 404.62020245251296 0 0 11.0 1 344
693.8207777009479 241.17509454997253 0 0 11.0 1 345
433.25125779022056 677.0114688155859 0 0 13.0 1 346
352.101477134259 547.413471254428 0 0 11.0 1 347
416.9598062218534 601.2867729705983 0 0 10.0 1 348
680.8141474692754 623.6613837503114 0 0 10.0 1 349
690.8176255552812 410.30090609549524 0 0 12.0 1 350
655.094439149731 173.70853503747836 0 0 13.0 1 351
269.1844909474724 406.9500065703615 0 0 13.0 1 352
159.84501424882342 270.17479898397164 0 0 12.0 1 353
539.731614527898 391.3353648993791 0 0 12.0 1 354
224.5913376013426 648.2897524174404 0 0 12.0 1 355
464.9586404710788 180.40634110214128 0 0 11.0 1 356
207.96762731707813 344.1111116431236 0 0 11.0 1 357
390.80441106437354 240.2644649925165 0 0 13.0 1 358
109.30262313602174 513.3094659964568 0 0 13.0 1 359
400.59746922838684 265.00132211565506 0 0 13.0 1 360
431.8979109607391 712.3756124865396 0 0 12.0 1 361
374.0122058521018 616.4454539955193 0 0 11.0 1 362
486.27794655631266 499.9005302189436 0 0 12.0 1 363
137.15956042043734 594.5350953468867 0 0 13.0 1 364
153.81142521343182 437.3120040276361 0 0 10.0 1 365
429.25668266462696 686.510115911221 0 0 11.0 1 366
333.6736137770256 511.80702344039406 0 0 11.0 1 367
218.57487650332797 284.63135363445883 0 0 11.0 1 368
373.6280950724309 231.0457972393369 0 0 12.0 1 369
221.6983859344227 279.8603544969025 0 0 13.0 1 370
299.0246186849834 542.9299561613554 0 0 10.0 1 371
258.87651894448584 320.450247676225 0 0 13.0 1 372
529.1605877271858 177.8141710685221 0 0 11.0 1 373
527.0247946582903 439.41702096834825 0 0 13.0 1 374
541.9154180704854 89.93385526007626 0 0 13.0 1 375
222.23302839103582 552.1673545967653 0 0 12.0 1 376
389.1951830006389 212.3107463662069 0 0 11.0 1 377
533.1071526970298 432.42662333468553 0 0 11.0 1 378
349.93831803709656 554.0708538272087 0 0 11.0 1 379
104.09470284322771 563.3525485401507 0 0 13.0 1 380
509.0378278041918 259.3061760142137 0 0 12.0 1 381
669.9142342777483 433.62002579203073 0 0 13.0 1 382
540.2547315662073 320.94552338234644 0 0 13.0 1 383
86.83086107172579 230.70413347360403 0 0 12.0 1 384
571.5907868337827 560.5665029629885 0 0 12.0 1 385
353.0880831843182 655.7328138129296 0 0 11.0 1 386
667.9736968850989 650.7570493081564 0 0 12.0 1 387
249.7408295589968 479.512148118269 0 0 10.0 1 388
700.3648846600149 539.0752891896182 0 0 10.0 1 389
322.86882060451376 204.67775046078003 0 0 12.0 1 390
565.849707425819 560.7945103129152 0 0 12.0 1 391
545.7788541480749 465.9433520779336 0 0 13.0 1 392
324.99364337361635 605.7548212451795 0 0 11.0 1 393
197.3704775322803 165.39122645454225 0 0 12.0 1 394
595.7355935481417 329.63255427147664 0 0 12.0 1 395
454.9151653629084 235.94718956029914 0 0 10.0 1 396
142.95850721651675 339.78645511482864 0 0 12.0 1 397
641.6874486892852 626.159627577656 0 0 13.0 1 398
277.05603068189254 487.66858278943636 0 0 12.0 1 399
726.5648420647287 301.83481305860624 0 0 11.0 1 400
688.9096059310464 459.6342150176178 0 0 10.0 1 401
672.7007791610697 307.3809682357589 0 0 10.0 1 402
126.98259443330659 466.5018515353644 0 0 13.0 1 403
451.06930529631364 526.0473167368187 0 0 13.0 1 404
264.8155781498914 167.43566032374636 0 0 13.0 1 405
583.7761579337238 448.23197876014444 0 0 13.0 1 406
562.589202211423 524.8589256891673 0 0 10.0 1 407
403.42964722060316 245.03794812941393 0 0 11.0 1 408
404.9342666464161 177.05459634102777 0 0 10.0 1 409
738.2265199681365 327.0697511985337 0 0 12.0 1 410
368.68033882567175 626.8481404462582 0 0 12.0 1 411
189.10944907797034 107.0048199512442 0 0 12.0 1 412
265.6511008869431 477.3005388539411 0 0 11.0 1 413
137.5963644905181 449.3288158321987 0 0 11.0 1 414
338.0735243462962 150.57243213086642 0 0 10.0 1 415
96.57928372068119 468.24125535587046 0 0 10.0 1 416
422.64422573527565 588.6458031360621 0 0 10.0 1 417
566.563461817409 340.12001012524695 0 0 12.0 1 418
549.3044676267696 589.1802736721959 0 0 10.0 1 419
117.94768855692939 281.3303172262558 0 0 13.0 1 420
337.1187075925469 582.4690194667807 0 0 10.0 1 421
516.2290681901236 232.3491613273122 0 0 12.0 1 422
255.46629854124564 117.86703641256014 0 0 13.0 1 423
288.3284770467159 690.2593167519246 0 0 10.0 1 424
487.50745448198745 255.4197613431113 0 0 11.0 1 425
462.49975197069625 709.7576165384824 0 0 11.0 1 426
146.6543700037349 186.9812408218573 0 0 13.0 1 427
441.1811784928783 269.33588657195236 0 0 12.0 1 428
525.0602583004284 368.36249387467257 0 0 12.0 1 429
380.7664103114318 628.1908609644387 0 0 10.0 1 430
723.1683863042094 434.455683036812 0 0 10.0 1 431
196.4233776884893 330.85118332005584 0 0 10.0 1 432
295.2603097922816 212.23792370345078 0 0 13.0 1 433
159.43182332609177 434.29216195854775 0 0 11.0 1 434
711.7746584828488 427.6687970085974 0 0 11.0 1 435
361.1455384383998 527.1979984777989 0 0 13.0 1 436
259.46172330391045 426.41955304870567 0 0 13.0 1 437
323.816770614241 185.10440776889624 0 0 10.0 1 438
390.37063609665984 158.19165574609082 0 0 11.0 1 439
623.9089695399615 595.1250198194804 0 0 10.0 1 440
332.07637517096464 197.06557416228156 0 0 12.0 1 441
155.34504032160868 412.9981038911341 0 0 11.0 1 442
218.02506737770054 550.2701696848366 0 0 11.0 1 443
509.0938522158828 123.76182123265596 0 0 13.0 1 444
150.20857385270543 294.9036469552788 0 0 12.0 1 445
489.2759854918602 116.73546213043687 0 0 11.0 1 446
174.93784990129194 566.5743935691996 0 0 11.0 1 447
228.8547319857192 578.0963144939277 0 0 11.0 1 448
459.29219760739693 572.0710181956433 0 0 12.0 1 449
497.79471736213327 552.3062482502293 0 0 10.0 1 450
195.51330920585718 414.4980442839932 0 0 11.0 1 451
246.6482064137549 263.95505373634165 0 0 13.0 1 452
382.22170106205283 667.4096708925707 0 0 13.0 1 453
316.3281826412609 117.11481661301912 0 0 12.0 1 454
501.02963452204136 130.30199676611852 0 0 12.0 1 455
424.1737071454015 531.8014866488552 0 0 10.0 1 456
492.80300271939745 187.36979827347312 0 0 11.0 1 457
353.22223253122854 236.56242638047533 0 0 12.0 1 458
635.9031900796818 473.20303894121815 0 0 11.0 1 459
52.36926214846795 288.7441232976909 0 0 12.0 1 460
652.4470017557119 435.9932119232448 0 0 12.0 1 461
341.82735296474823 146.59135149543138 0 0 12.0 1 462
104.6227511169484 360.55027449677533 0 0 12.0 1 463
750.2931055148719 443.63187170803985 0 0 13.0 1 464
493.29019601634735 74.08906227738919 0 0 13.0 1 465
698.1476524013544 516.2238244404355 0 0 11.0 1 466
537.4548276220467 580.6520699117323 0 0 12.0 1 467
621.2425889814303 607.0282995650447 0 0 13.0 1 468
469.01070898105775 505.4206907866371 0 0 12.0 1 469
187.2331979507045 569.4529077523189 0 0 13.0 1 470
471.69114862132346 265.96873794015323 0 0 13.0 1 471
427.423765976699 257.61693548860785 0 0 11.0 1 472
536.4594719075627 335.34853035924783 0 0 11.0 1 473
486.20934248838023 665.3468471034114 0 0 13.0 1 474
367.11699235925335 623.5949637368843 0 0 12.0 1 475
442.3559469937404 538.6757864742921 0 0 13.0 1 476
364.8160623882386 591.7996103596972 0 0 11.0 1 477
585.4300459691121 363.4391185569475 0 0 11.0 1 478
253.72282359110935 516.4988740797193 0 0 10.0 1 479
328.40289595661324 88.1124326097617 0 0 13.0 1 480
622.8846952704744 658.0763697322709 0 0 10.0 1 481
169.56510503017105 303.0476447926926 0 0 10.0 1 482
290.5828346953806 195.42267003232837 0 0 12.0 1 483
184.0865756395121 224.88462894158073 0 0 12.0 1 484
322.55150534873644 751.5703779846266 0 0 13.0 1 485
706.7883765562034 295.80358926522877 0 0 11.0 1 486
594.9145681900243 343.278653865618 0 0 12.0 1 487
709.5382681994157 514.39432031402 0 0 12.0 1 488
306.03333281344914 283.0800895576293 0 0 11.0 1 489
542.8149722168328 361.16852165181854 0 0 11.0 1 490
616.2283488450107 365.26815357974255 0 0 12.0 1 491
164.5502189802536 335.97343818575405 0 0 13.0 1 492
560.1701481462404 424.28010796539826 0 0 11.0 1 493
590.6592389159969 435.8476584447695 0 0 11.0 1 494
143.7317770150492 559.7829712082472 0 0 11.0 1 495
629.6563594266673 670.7082499202589 0 0 12.0 1 496
623.5705832446369 386.13658383900656 0 0 10.0 1 497
532.9419542512644 513.8043795284467 0 0 11.0 1 498
599.5348066151776 490.25996315667163 0 0 11.0 1 499
562.7200412786618 95.7843065089005 0 0 10.0 1 500
344.06497608519857 653.9119396555636 0 0 11.0 1 501
297.030305296807 290.92552098345266 0 0 13.0 1 502
337.332083471542 626.4900267958442 0 0 11.0 1 503
465.85990714747936 525.8033092987836 0 0 12.0 1 504
79.37116354796973 330.85414520437814 0 0 13.0 1 505
390.2114730569352 154.19482360966256 0 0 13.0 1 506
449.97746976357723 79.87775379391275 0 0 13.0 1 507
277.8859463039713 590.1687616038013 0 0 11.0 1 508
220.30425149066357 371.130674277543 0 0 11.0 1 509
441.0211654623501 697.1822067084611 0 0 11.0 1 510
711.5227650833053 294.19561996376626 0 0 12.0 1 511
481.4742977999396 282.4800493617924 0 0 10.0 1 512
458.4344102054246 202.46159941939348 0 0 12.0 1 513
344.2490451098636 516.3306968466964 0 0 12.0 1 514
522.0765238426023 314.56978095248417 0 0 10.0 1 515
514.4482452155133 176.61110330392484 0 0 10.0 1 516
604.070712314438 457.4381787270271 0 0 10.0 1 517
235.34075155758555 714.5033098432816 0 0 11.0 1 518
178.13889423339683 407.8517353508711 0 0 10.0 1 519
565.8234465934352 475.01056298864944 0 0 12.0 1 520
432.050685045559 545.5120393235914 0 0 13.0 1 521
309.07954121438183 300.207865168578 0 0 10.0 1 522
574.0266690637269 718.565092963093 0 0 10.0 1 523
312.38632925851664 627.7275668407383 0 0 11.0 1 524
663.3715748234956 492.06744036298517 0 0 11.0 1 525
537.7577351781013 68.48256999276776 0 0 12.0 1 526
669.1845469189941 248.27432748537296 0 0 10.0 1 527
446.19196495247917 134.99565593404145 0 0 13.0 1 528
496.6990230219541 167.29138617876734 0 0 13.0 1 529
484.93233513265574 272.73846437782447 0 0 11.0 1 530
715.6909983027449 386.02883001977517 0 0 11.0 1 531
478.99991690986116 294.2502334364986 0 0 10.0 1 532
440.00430779892844 672.0747238490349 0 0 13.0 1 533
561.1172768115556 216.75911178771102 0 0 11.0 1 534
615.6741664690703 187.1769422316469 0 0 11.0 1 535
298.0435557518912 733.7751990131716 0 0 11.0 1 536
425.5995973315486 650.6963514223185 0 0 11.0 1 537
322.614655730902 723.8834798077129 0 0 13.0 1 538
635.9956086780295 501.75987757798435 0 0 10.0 1 539
432.94620770803635 46.532112635873375 0 0 13.0 1 540
159.07727035620456 449.72160839094664 0 0 11.0 1 541
534.3509216449862 309.48022396656756 0 0 10.0 1 542
495.5103385378621 567.7103909493475 0 0 11.0 1 543
458.8011464896031 163.1911632317995 0 0 11.0 1 544
444.1098305072604 275.5880919983109 0 0 12.0 1 545
274.1036526054217 596.0589444853349 0 0 12.0 1 546
111.91779344448548 366.70371993591687 0 0 10.0 1 547
680.272161343057 188.69804644516077 0 0 11.0 1 548
757.7756355628546 412.6725923786505 0 0 13.0 1 549
296.9568133762994 286.9022471910551 0 0 12.0 1 550
486.529673140759 624.9302462234757 0 0 12.0 1 551
386.46726498753276 603.5506450077777 0 0 13.0 1 552
271.2169307110287 428.9641341060286 0 0 11.0 1 553
443.8164968900763 543.4577101458194 0 0 13.0 1 554
305.3716426533559 533.945787488356 0 0 11.0 1 555
190.43427689920193 596.0897949951492 0 0 10.0 1 556
473.0334785856468 552.4044323688779 0 0 12.0 1 557
452.6105507095101 660.7453354406211 0 0 10.0 1 558
588.7489305416408 487.3947436599413 0 0 13.0 1 559
184.07100182337788 292.9688468414905 0 0 11.0 1 560
681.7467249939521 487.4287307192687 0 0 11.0 1 561
567.8866965115967 543.7186735759241 0 0 10.0 1 562
218.2013419357672 338.2484985927941 0 0 11.0 1 563
528.639868003805 258.8164869399984 0 0 13.0 1 564
509.96739752202484 302.44913387246135 0 0 13.0 1 565
219.99270299936305 450.6593824135715 0 0 10.0 1 566
621.3341387810729 445.6858731999377 0 0 13.0 1 567
555.3333040549946 287.1480409945906 0 0 11.0 1 568
343.19344305683427 219.73903614963425 0 0 10.0 1 569
491.9898917016725 212.33311473593812 0 0 10.0 1 570
105.96507401849829 276.2887947554758 0 0 12.0 1 571
220.0397662686964 278.7427763991993 0 0 11.0 1 572
101.2905356487829 206.32848452338436 0 0 11.0 1 573
229.0820047331044 688.1180988656308 0 0 12.0 1 574
541.0847781076368 352.08251481641696 0 0 12.0 1 575
173.23024643485715 509.9066825448043 0 0 10.0 1 576
444.8238247830581 219.48178836522422 0 0 13.0 1 577
439.50104734504185 565.3471114312093 0 0 13.0 1 578
148.23549927417747 366.3750661818152 0 0 10.0 1 579
256.6768795247716 673.7507682861241 0 0 11.0 1 580
447.8868506600562 191.42663273116227 0 0 12.0 1 581
341.9867816080631 125.05370253118622 0 0 13.0 1 582
516.4518463050839 325.95293731593995 0 0 12.0 1 583
337.1822494538478 222.80538886207233 0 0 11.0 1 584
377.91076817426443 662.0707267844864 0 0 11.0 1 585
158.36444976317375 144.03855590783556 0 0 12.0 1 586
451.20165667277104 282.68678525433 0 0 12.0 1 587
314.05215523255697 78.28278258720513 0 0 13.0 1 588
419.0333358905601 69.54768555073315 0 0 12.0 1 589
278.79386094995016 93.06503643836862 0 0 13.0 1 590
186.83720327978642 418.9108988262563 0 0 10.0 1 591
207.80334832867658 132.97669186692337 0 0 11.0 1 592
576.9648778094135 198.73541786519078 0 0 13.0 1 593
591.3120475520411 275.96895363883465 0 0 12.0 1 594
650.5533085131331 304.88407287355733 0 0 10.0 1 595
555.8324470558854 234.93865248164647 0 0 11.0 1 596
652.3796412438546 514.1644282849226 0 0 11.0 1 597
425.8001288530538 123.19979524724732 0 0 11.0 1 598
323.92807695390155 68.61945964787179 0 0 13.0 1 599
527.7810894296255 461.93539524519116 0 0 13.0 1 600
502.61846673743247 518.8210851846526 0 0 13.0 1 601
717.3108892259629 465.4965615786718 0 0 12.0 1 602
647.4817446383801 530.9686453726374 0 0 13.0 1 603
109.15902034062498 449.3611643984926 0 0 13.0 1 604
492.29955415098055 266.8655104658068 0 0 11.0 1 605
356.77575365149477 580.9078896223261 0 0 10.0 1 606
557.3069002959226 244.77262123166324 0 0 11.0 1 607
518.7227694728069 592.3041965447107 0 0 11.0 1 608
646.3608141711234 371.53336618176957 0 0 13.0 1 609
474.9630606127048 73.49496245298764 0 0 13.0 1 610
523.8602701424031 135.57111829406585 0 0 10.0 1 611
601.4382478902537 201.22466881701675 0 0 12.0 1 612
358.2059284481214 132.24216989391988 0 0 13.0 1 613
201.3095333397172 320.5135328604986 0 0 10.0 1 614
510.9186486414021 48.06527113175491 0 0 11.0 1 615
658.8376804770373 409.16816040801814 0 0 12.0 1 616
479.45391436067166 660.1366477310859 0 0 11.0 1 617
275.4775821908629 495.6199114356769 0 0 12.0 1 618
431.6144416573514 591.4067059397187 0 0 13.0 1 619
495.20019512224036 502.6495146052205 0 0 11.0 1 620
540.6167056804566 270.74079497546074 0 0 10.0 1 621
381.9422629561477 614.2403279797131 0 0 11.0 1 622
143.1889765834659 518.8995300737238 0 0 13.0 1 623
396.4203476768532 238.0395539360138 0 0 13.0 1 624
167.13377266129476 592.2948781560196 0 0 13.0 1 625
694.8412105780296 426.1660188963093 0 0 10.0 1 626
38.127620940181316 390.388482243324 0 0 12.0 1 627
741.7856630237327 412.10621953491193 0 0 11.0 1 628
494.12796647994065 291.02327805282835 0 0 12.0 1 629
409.87972189440495 548.6720925234094 0 0 12.0 1 630
499.30657149786634 530.5151518305026 0 0 13.0 1 631
495.27438831174965 242.58719578184898 0 0 11.0 1 632
363.0637423300922 543.3168268883392 0 0 12.0 1 633
261.46341471331664 179.98269491445564 0 0 13.0 1 634
618.0646186099642 370.8826149784899 0 0 13.0 1 635
232.23095562695462 366.9160499614219 0 0 12.0 1 636
547.6178655271228 135.39091894415964 0 0 12.0 1 637
656.0509880926438 472.0686582141 0 0 11.0 1 638
254.3651463790681 338.7261115089817 0 0 11.0 1 639
116.10012250555661 392.45947225719345 0 0 11.0 1 640
170.23988233571853 341.8683534475795 0 0 11.0 1 641
630.2695198246377 180.68299600867505 0 0 13.0 1 642
560.0485441143027 465.6769634414694 0 0 12.0 1 643
561.7190255073407 191.3305082458001 0 0 13.0 1 644
435.4577731829033 280.1344656671077 0 0 10.0 1 645
705.3699044487861 468.6893110821419 0 0 10.0 1 646
738.6685076728813 385.0119410655183 0 0 12.0 1 647
189.94051576069182 118.79542485742553 0 0 13.0 1 648
731.5551034011357 316.1238209700622 0 0 10.0 1 649
383.02195455862807 217.78928139928016 0 0 11.0 1 650
336.5320675158596 629.3813888400464 0 0 10.0 1 651
373.664493880641 579.073842638832 0 0 12.0 1 652
431.773742648865 235.03203560059396 0 0 10.0 1 653
43.400555019455794 431.6359896252325 0 0 12.0 1 654
536.5837170926097 621.2349163788708 0 0 13.0 1 655
567.1852956198826 523.7460178288273 0 0 12.0 1 656
310.2309896413213 279.82710463992544 0 0 12.0 1 657
289.4302970686641 507.1930072051164 0 0 12.0 1 658
92.67676646950025 469.1189563893865 0 0 11.0 1 659
312.77322183764375 95.23699507418047 0 0 13.0 1 660
546.1964322282527 552.1433639819033 0 0 11.0 1 661
635.6192265290456 366.42054065571784 0 0 12.0 1 662
464.9146304833198 541.8523554588152 0 0 11.0 1 663
326.93187604767024 664.0777333704737 0 0 12.0 1 664
540.2322466210177 706.4374601898764 0 0 11.0 1 665
429.9852242450819 269.39798498119507 0 0 12.0 1 666
244.38178498443253 379.21608421474406 0 0 12.0 1 667
636.072185496598 420.95049485954496 0 0 12.0 1 668
388.9109386402245 757.8282167719018 0 0 11.0 1 669
193.12950948789702 407.32121269202844 0 0 13.0 1 670
714.9533894392177 552.6576643367387 0 0 11.0 1 671
705.8942310319999 316.82717137585456 0 0 11.0 1 672
393.3151523315655 232.13305027001346 0 0 13.0 1 673
512.4227788461044 530.1734181640779 0 0 12.0 1 674
187.01100886572266 274.92126617365074 0 0 10.0 1 675
303.19214034580966 602.0005898733333 0 0 11.0 1 676
533.2855523579485 324.87369613353417 0 0 10.0 1 677
232.84289319116715 363.9513988717947 0 0 11.0 1 678
685.7203339069147 387.3552069166319 0 0 10.0 1 679
392.11649530957504 561.8080664052198 0 0 13.0 1 680
63.317306364375156 345.90966993759423 0 0 12.0 1 681
240.81966552978145 657.8189696627255 0 0 13.0 1 682
518.3284369988091 549.9312542381304 0 0 13.0 1 683
688.8842251140229 290.332755663915 0 0 13.0 1 684
284.2863977393324 520.4132976537892 0 0 10.0 1 685
626.5277350802005 235.42422645044465 0 0 10.0 1 686
507.33551346623847 500.43947206620976 0 0 12.0 1 687
263.23214761931354 721.0849646980917 0 0 13.0 1 688
123.73211636800636 477.7499612443584 0 0 13.0 1 689
175.12115676918495 603.0726615454934 0 0 11.0 1 690
701.64121568394 462.2621634760213 0 0 13.0 1 691
345.72142562429485 521.4200822094148 0 0 13.0 1 692
386.08356931035087 250.64695196662308 0 0 10.0 1 693
127.16508435572251 285.20841143454805 0 0 10.0 1 694
96.31938811824006 457.0884048395109 0 0 13.0 1 695
396.28251077754334 679.9753208300349 0 0 13.0 1 696
615.6741664690703 187.1769422316469 0 0 10.0 1 697
554.9720909201649 176.46554843641627 0 0 13.0 1 698
424.0657504045787 574.3468946022972 0 0 10.0 1 699
363.1306605577581 68.0411895895927 0 0 11.0 1 700
249.8334848550836 442.2613029760276 0 0 10.0 1 701
484.05612408737557 583.6806141197478 0 0 10.0 1 702
285.4038471175821 499.8585086236996 0 0 11.0 1 703
458.64063499632664 570.1801278858011 0 0 13.0 1 704
389.6233643700425 734.8392531245449 0 0 13.0 1 705
533.7148449417488 327.7204023101671 0 0 11.0 1 706
506.64036372999914 572.7334154804261 0 0 11.0 1 707
241.98618574664152 352.4959527502642 0 0 12.0 1 708
367.20765977524735 211.83607566118295 0 0 11.0 1 709
383.4057092627475 740.5959916307406 0 0 11.0 1 710
540.7296974888116 391.2734746486604 0 0 12.0 1 711
210.14008573501485 136.2231758563833 0 0 13.0 1 712
202.98465080122406 191.30416348167273 0 0 10.0 1 713
458.5390219919734 280.57561846832425 0 0 10.0 1 714
154.83917303721353 326.2967509337433 0 0 10.0 1 715
135.93569201978283 165.73723887282245 0 0 13.0 1 716
292.5713144135091 557.9242777826098 0 0 10.0 1 717
553.2319601051977 705.7514781686576 0 0 10.0 1 718
232.02115766996923 234.23176260374044 0 0 12.0 1 719
198.87336785687543 360.33795463211396 0 0 12.0 1 720
354.95678125115353 50.89384358802323 0 0 12.0 1 721
361.8882989185223 559.5101822476424 0 0 11.0 1 722
283.44995798459763 486.2617395269069 0 0 11.0 1 723
360.4222584536596 729.6325262684056 0 0 11.0 1 724
619.0452241591605 106.78473816483711 0 0 11.0 1 725
707.1451829245577 526.0390281073286 0 0 10.0 1 726
532.0 400.0 0 0 13.0 1 727
702.9364021068543 443.1918543078938 0 0 10.0 1 728
674.0830471505886 570.9019697506386 0 0 13.0 1 729
686.5917016253497 604.3751368427346 0 0 10.0 1 730
466.459788065592 110.53135477175323 0 0 11.0 1 731
562.2718181876673 562.9964938950179 0 0 13.0 1 732
136.55197449519932 454.37037665514083 0 0 10.0 1 733
240.4169896974117 378.68655769792224 0 0 12.0 1 734
532.3259775236903 689.1605707429694 0 0 13.0 1 735
492.8141546287606 507.46875220522713 0 0 10.0 1 736
398.19436237766394 535.9880129745884 0 0 13.0 1 737
33.91894867585165 425.9550353767098 0 0 10.0 1 738
467.5971359173154 523.7401600765734 0 0 10.0 1 739
504.69898352250647 532.6616856871415 0 0 10.0 1 740
383.1181156008637 600.2897949949877 0 0 13.0 1 741
419.07104432912024 252.22552565413494 0 0 11.0 1 742
235.78369020492087 570.8859373889104 0 0 11.0 1 743
531.7451110420184 352.63729614426313 0 0 13.0 1 744
366.58688993688037 602.2586563682995 0 0 10.0 1 745
267.69263290291354 331.4743798872509 0 0 10.0 1 746
618.1046765410449 330.2049423603206 0 0 11.0 1 747
65.85304841489199 462.8157205353841 0 0 11.0 1 748
620.7490637306928 646.6391105685036 0 0 13.0 1 749
610.1162016904049 465.2010873160648 0 0 10.0 1 750
433.0153537014019 723.3187071914821 0 0 13.0 1 751
107.609215012547 306.4231393216195 0 0 11.0 1 752
328.62317774598904 676.9500843923311 0 0 11.0 1 753
243.6117993679724 94.72679334229696 0 0 12.0 1 754
619.0978168674171 344.5730512843101 0 0 11.0 1 755
529.8463649207961 116.3031168361988 0 0 10.0 1 756
677.1064220832293 250.21004426120163 0 0 10.0 1 757
270.7159701563431 361.13305225021617 0 0 10.0 1 758
727.6889242903953 353.29915528169164 0 0 12.0 1 759
593.5138205434675 413.725933799587 0 0 12.0 1 760
629.6024640118186 275.8883223878528 0 0 11.0 1 761
191.2919492167689 214.84614630458205 0 0 10.0 1 762
541.7514515914324 528.0137725860845 0 0 11.0 1 763
491.4665746018781 539.7242488997492 0 0 11.0 1 764
341.66537233306144 196.18373172153395 0 0 12.0 1 765
285.1025464744287 175.71764408821815 0 0 11.0 1 766
644.5270958182778 434.8640131178097 0 0 12.0 1 767
492.8701636118034 618.0461710526395 0 0 10.0 1 768
439.55680504474446 596.0491243914445 0 0 13.0 1 769
268.19860431155126 440.8948908126305 0 0 13.0 1 770
359.4404410769502 262.8726060191923 0 0 10.0 1 771
701.2469590948278 614.8261381585563 0 0 13.0 1 772
197.3704775322803 165.39122645454225 0 0 11.0 1 773
312.66278830307556 502.94275813774664 0 0 11.0 1 774
318.74557029797637 157.2373223623555 0 0 11.0 1 775
536.7907313332828 133.00131868994998 0 0 12.0 1 776
372.18660148476476 240.4054673147206 0 0 13.0 1 777
242.68722806194071 728.2509585441666 0 0 10.0 1 778
417.5382702314829 95.50466493345505 0 0 12.0 1 779
678.149306322236 367.8602521407076 0 0 12.0 1 780
255.84846548152134 376.8410903545125 0 0 12.0 1 781
359.97698320346444 531.0235021914169 0 0 10.0 1 782
552.9760262230968 402.70839454112826 0 0 13.0 1 783
457.45210715997877 287.86055384977897 0 0 10.0 1 784
521.506872443137 665.5185114998335 0 0 11.0 1 785
602.9773444405361 285.59196862165663 0 0 12.0 1 786
493.5476124964407 518.5320386908779 0 0 10.0 1 787
258.87651894448584 320.450247676225 0 0 10.0 1 788
384.29396824557966 586.3392620102621 0 0 13.0 1 789
395.12743376913716 766.9676526593671 0 0 13.0 1 790
470.46917173737376 189.4813646380717 0 0 13.0 1 791
490.39195407001876 726.7266359503058 0 0 13.0 1 792
724.7478582845298 335.9700965203684 0 0 13.0 1 793
81.04981446372432 405.63729956409134 0 0 12.0 1 794
280.2035260348433 695.6514921753576 0 0 10.0 1 795
318.2945473920485 305.39968808650895 0 0 12.0 1 796
529.8475683541151 382.66192073719174 0 0 10.0 1 797
599.7479678978675 345.6884052832867 0 0 13.0 1 798
492.7173840213256 252.76044451220983 0 0 13.0 1 799
246.44181731410444 735.5307504986765 0 0 12.0 1 800
346.4982092603237 539.063145324877 0 0 10.0 1 801
362.6891115824019 64.0656349738992 0 0 10.0 1 802
604.4828559620382 475.5695812983526 0 0 12.0 1 803
116.09186997658594 463.8527501882904 0 0 13.0 1 804
588.5369451760077 469.6765405549031 0 0 12.0 1 805
723.1321166674924 356.853329468126 0 0 13.0 1 806
157.659555798036 607.4418210101203 0 0 11.0 1 807
208.28655060179852 265.82864195424105 0 0 12.0 1 808
77.00000014675214 399.9902633738649 0 0 11.0 1 809
519.42304146221 319.5379768591712 0 0 11.0 1 810
666.4655466891952 482.6868334599185 0 0 10.0 1 811
268.45477774527535 297.1172779230881 0 0 12.0 1 812
412.3042756363592 652.7006228743105 0 0 12.0 1 813
552.8153431138737 114.30178350401093 0 0 11.0 1 814
89.21189203948472 571.568505123531 0 0 12.0 1 815
267.18730760315896 407.0561135409014 0 0 12.0 1 816
384.96087757500203 547.233911843318 0 0 11.0 1 817
656.9407950360052 569.8394178224407 0 0 10.0 1 818
625.566749166464 386.0128033375691 0 0 10.0 1 819
320.8837060242255 617.0290580257372 0 0 12.0 1 820
706.7942326284902 427.2268034461597 0 0 10.0 1 821
289.8762858356521 719.5571429003724 0 0 12.0 1 822
72.90423598340095 547.9505362017906 0 0 11.0 1 823
594.2757511252408 374.0590569808365 0 0 12.0 1 824
545.8560855719198 189.61463382250943 0 0 11.0 1 825
255.04409439809103 476.7058370082125 0 0 11.0 1 826
332.156516915373 283.2855544375679 0 0 13.0 1 827
138.49634976905213 328.8885317554891 0 0 13.0 1 828
406.59126408942643 612.8979925638179 0 0 11.0 1 829
297.69606009598766 237.52568239836722 0 0 10.0 1 830
347.868358618409 172.90686499398274 0 0 10.0 1 831
567.7238844022042 198.72233456978887 0 0 11.0 1 832
582.6154370958295 471.1870924697667 0 0 12.0 1 833
563.5081334169784 196.56428458479667 0 0 12.0 1 834
286.2952554872719 299.12764959962897 0 0 10.0 1 835
79.74905449788167 466.0933574952827 0 0 13.0 1 836
561.3350973645439 459.6237063454892 0 0 13.0 1 837
302.02875903962286 630.0035563739912 0 0 12.0 1 838
406.4509826236885 238.1284928618107 0 0 11.0 1 839
533.3386446779377 554.3917285201856 0 0 10.0 1 840
693.1051493895623 609.0200263164331 0 0 10.0 1 841
228.31053169390637 546.9650518755084 0 0 11.0 1 842
454.13479198618325 247.31265836156336 0 0 12.0 1 843
267.94626379285216 547.532405774911 0 0 13.0 1 844
164.53467456414685 353.56638591076756 0 0 10.0 1 845
497.14288847719945 60.62961352188313 0 0 12.0 1 846
69.46615651613251 417.5607036243486 0 0 10.0 1 847
477.6151918938107 514.1046974812473 0 0 13.0 1 848
644.2967272291478 351.832489527407 0 0 12.0 1 849
421.75218917217654 204.20459079381396 0 0 10.0 1 850
432.9111061206076 549.4184027953655 0 0 13.0 1 851
637.8017558290471 507.5700930771292 0 0 11.0 1 852
160.15015592799656 408.4883625414823 0 0 13.0 1 853
36.427940173467505 432.2545704279605 0 0 12.0 1 854
555.1877737999494 466.91602844622315 0 0 10.0 1 855
598.1038110067133 336.605362493217 0 0 11.0 1 856
654.3609496834238 418.041820200488 0 0 10.0 1 857
308.7811344498789 507.5179918327576 0 0 11.0 1 858
192.52082104789412 414.71021078571016 0 0 13.0 1 859
518.8737927017095 186.9154594797853 0 0 11.0 1 860
314.1773888048803 224.90151511891568 0 0 10.0 1 861
235.34920366693737 127.94464668584749 0 0 11.0 1 862
666.8813980375298 632.5732559464514 0 0 13.0 1 863
476.15230447014176 93.3131458247895 0 0 13.0 1 864
577.033510231575 686.754487767998 0 0 11.0 1 865
566.0250711251412 461.35695362297434 0 0 12.0 1 866
489.31324255049077 65.72594371516476 0 0 10.0 1 867
378.4659949963252 546.4250205002605 0 0 10.0 1 868
365.85712746757224 734.2607728334785 0 0 13.0 1 869
250.18713884302872 727.3470736572453 0 0 13.0 1 870
72.012848942559 397.0967705527475 0 0 11.0 1 871
513.0283889278707 678.9723701307532 0 0 13.0 1 872
472.9607580373126 705.4058411141161 0 0 11.0 1 873
370.98478796867437 233.5094072604184 0 0 11.0 1 874
449.97746976357723 79.87775379391275 0 0 12.0 1 875
266.9017897655028 603.3073201642617 0 0 10.0 1 876
412.47758090136006 234.46961011690325 0 0 10.0 1 877
463.3270034429715 124.176341415509 0 0 12.0 1 878
492.84512757623634 496.62185200746467 0 0 10.0 1 879
644.6545677477978 413.00547885078424 0 0 10.0 1 880
577.2371863062657 225.10580401214546 0 0 11.0 1 881
306.80143603788906 246.006403784442 0 0 10.0 1 882
90.6428843861699 563.7014814199656 0 0 12.0 1 883
167.0363848590839 404.1175260138974 0 0 12.0 1 884
156.80086828398888 512.5974348401343 0 0 12.0 1 885
269.388039437835 620.1738307749299 0 0 12.0 1 886
340.7086482140703 141.7181082549589 0 0 13.0 1 887
708.9938615704461 486.97007250648915 0 0 13.0 1 888
159.40991001242486 503.73238934764055 0 0 10.0 1 889
683.2519887403396 298.1701867101657 0 0 12.0 1 890
292.52201189900575 293.936424377817 0 0 10.0 1 891
103.1658251279269 426.3338684589924 0 0 10.0 1 892
107.18331536209581 410.3628759360596 0 0 13.0 1 893
201.76475463241488 224.1370206835636 0 0 12.0 1 894
325.09357261844696 176.2031565527965 0 0 13.0 1 895
82.00000014448045 399.9904140956317 0 0 10.0 1 896
241.26874132676167 577.336932194085 0 0 11.0 1 897
283.5840838967605 516.9287581300832 0 0 10.0 1 898
700.1525938305172 351.78775656731386 0 0 10.0 1 899
389.4554486182432 135.20987096162838 0 0 10.0 1 900
286.7333358264877 280.0180730817979 0 0 12.0 1 901
565.8230189932139 242.06417008171883 0 0 11.0 1 902
558.4439403324127 271.5028491680114 0 0 11.0 1 903
180.59488459507824 545.0186034071248 0 0 12.0 1 904
412.8457938215028 552.4597834876314 0 0 10.0 1 905
352.581831369713 583.9878183025976 0 0 11.0 1 906
655.1128122090527 244.05625037601337 0 0 13.0 1 907
549.8562804005476 425.43806644602665 0 0 12.0 1 908
460.13638331820397 196.70805377141465 0 0 11.0 1 909
499.6577392039453 673.40324617085 0 0 12.0 1 910
533.237709584067 273.0995951748308 0 0 10.0 1 911
585.9676265715094 104.67468468253583 0 0 11.0 1 912
183.55869560317717 695.1426125638279 0 0 13.0 1 913
312.30772169771734 165.88450643719668 0 0 12.0 1 914
290.5224601366139 513.9239582592736 0 0 11.0 1 915
412.1576146753599 269.5653711416885 0 0 12.0 1 916
351.5835541353912 587.8612460563365 0 0 12.0 1 917
656.5459805122648 427.35251145691535 0 0 13.0 1 918
489.10252489096706 162.14134437011842 0 0 10.0 1 919
462.54738393880365 249.47815852039318 0 0 13.0 1 920
658.8090692908036 561.3780209719653 0 0 10.0 1 921
711.4142577036546 515.0876192250141 0 0 13.0 1 922
530.5662969018775 165.95632434664944 0 0 13.0 1 923
548.3997168882242 427.90204342866076 0 0 10.0 1 924
334.5037469073365 757.0423515926673 0 0 12.0 1 925
698.910210166202 329.9879563332356 0 0 11.0 1 926
145.1235806986215 185.6941184099048 0 0 11.0 1 927
387.661329841574 585.5902939776797 0 0 11.0 1 928
437.8171858016332 235.28551837180572 0 0 12.0 1 929
146.48273929766177 251.12085933219967 0 0 12.0 1 930
350.76385142900364 756.6171640203186 0 0 12.0 1 931
561.2536291177969 305.3096251124751 0 0 13.0 1 932
92.99968642961517 602.9157644632014 0 0 11.0 1 933
224.26480574873503 454.5265210835073 0 0 10.0 1 934
430.25431387399175 127.67542069799504 0 0 12.0 1 935
285.10904677659903 494.87396306373154 0 0 11.0 1 936
707.951739063489 405.45219293246737 0 0 13.0 1 937
704.0334529753238 375.73769442320975 0 0 12.0 1 938
568.8239873357921 722.4817224278677 0 0 13.0 1 939
92.71372987565951 569.6353388686181 0 0 12.0 1 940
646.1605045303643 665.4223163363557 0 0 12.0 1 941
405.1987435071532 567.9195434306168 0 0 12.0 1 942
540.3958256749523 443.56618107027964 0 0 13.0 1 943
548.3822804926842 228.21030637494465 0 0 10.0 1 944
760.004775532275 480.97877248980944 0 0 13.0 1 945
194.72819631315468 125.20464594329616 0 0 13.0 1 946
125.00000012494377 399.99171030282616 0 0 13.0 1 947
368.80398253733534 705.4108847020177 0 0 11.0 1 948
385.1721128413023 142.42644980043286 0 0 11.0 1 949
175.80734434442755 110.70144633942272 0 0 10.0 1 950
603.4846344647939 127.61423763946613 0 0 12.0 1 951
280.158307948378 185.16525223743668 0 0 13.0 1 952
173.5399833833232 535.6903123807093 0 0 10.0 1 953
170.73000369375413 680.1415156554523 0 0 12.0 1 954
227.67417891362948 561.2445701005408 0 0 12.0 1 955
254.51596378894337 89.38223616840588 0 0 13.0 1 956
134.21830628360868 352.4595826138815 0 0 10.0 1 957
670.674392267766 336.6014718587606 0 0 10.0 1 958
265.5584923062922 590.3010273462619 0 0 10.0 1 959
575.9738268918388 336.73695984983715 0 0 12.0 1 960
547.6010898249258 466.76764397890776 0 0 12.0 1 961
614.8804404187711 631.6946186803548 0 0 11.0 1 962
559.6688716920806 480.91261590492473 0 0 13.0 1 963
425.71192327908386 527.431930854439 0 0 13.0 1 964
454.15020560021435 610.1350880587402 0 0 10.0 1 965
72.10205057515384 486.04611997633026 0 0 10.0 1 966
546.358777248725 335.3539767483096 0 0 12.0 1 967
231.9794788334259 309.16991430746737 0 0 11.0 1 968
589.8197870702852 163.8275027938444 0 0 11.0 1 969
382.3188695814213 573.0993287887657 0 0 12.0 1 970
145.87943327087453 340.47069994306923 0 0 13.0 1 971
573.9793177866733 112.55053142772425 0 0 10.0 1 972
274.07593475718375 164.5597107699641 0 0 10.0 1 973
407.98775901056604 39.08838241753824 0 0 11.0 1 974
401.05774181914416 161.00234063438188 0 0 10.0 1 975
379.2624389120545 124.78017229835399 0 0 10.0 1 976
605.8732946281973 570.0152539007353 0 0 10.0 1 977
530.2534476711153 305.36893020900567 0 0 10.0 1 978
661.4908196281093 518.2858877897934 0 0 11.0 1 979
273.35289359802994 457.28446944860417 0 0 11.0 1 980
558.1213719364292 210.24586503335055 0 0 11.0 1 981
361.59923412724277 538.7853781217088 0 0 10.0 1 982
277.57474203065556 279.1858608806922 0 0 12.0 1 983
131.71203342127927 438.243522184224 0 0 12.0 1 984
498.7203261726272 105.08425406504642 0 0 13.0 1 985
554.7770942387014 475.0203379026259 0 0 12.0 1 986
634.6192305559857 529.529211583014 0 0 12.0 1 987
539.051591599237 596.8391599090969 0 0 12.0 1 988
154.73344513670344 562.1120509570142 0 0 12.0 1 989
445.9669320665 105.56657602032715 0 0 10.0 1 990
235.30180609696234 498.68386354960677 0 0 13.0 1 991
572.6247394434499 77.26682951379013 0 0 13.0 1 992
501.96269040254816 177.22520392586125 0 0 13.0 1 993
239.40313552264882 411.38626892547757 0 0 12.0 1 994
582.5309183358779 238.07883445496986 0 0 13.0 1 995
276.76091644953965 588.2475186706126 0 0 13.0 1 996
420.85652370354336 573.752713414794 0 0 13.0 1 997
454.40725041759833 227.3707698505356 0 0 11.0 1 998
432.5434579334644 635.7645506553791 0 0 12.0 1 999
314.09168156983236 664.3931936047161 0 0 13.0 1 1000
193.78453101671562 558.351445689656 0 0 11.0 1 1001
243.19613216053986 311.61138630691664 0 0 10.0 1 1002
263.25278836945427 329.17486243380296 0 0 12.0 1 1003
266.1359834053151 596.7852257186446 0 0 10.0 1 1004
395.0261550086053 275.09899573661716 0 0 13.0 1 1005
466.4309521673438 189.2206637401567 0 0 10.0 1 1006
608.1525904913294 372.20613247946767 0 0 10.0 1 1007
206.27812701480605 533.0294551109204 0 0 11.0 1 1008
147.43611042361835 620.0828972956538 0 0 12.0 1 1009
284.9154367104843 233.98932777540637 0 0 12.0 1 1010
172.22325456426026 389.9126693966038 0 0 12.0 1 1011
255.59790287893907 576.4427225675224 0 0 10.0 1 1012
765.871261651911 390.29330657541334 0 0 12.0 1 1013
475.4026953052483 136.57936007081014 0 0 12.0 1 1014
667.7534455886175 337.2856286372632 0 0 12.0 1 1015
94.48887707209008 446.30284837164476 0 0 12.0 1 1016
243.36645729778556 448.5997253135609 0 0 12.0 1 1017
267.3234786609868 254.37740324599903 0 0 13.0 1 1018
635.769226580531 389.56583507805993 0 0 13.0 1 1019
350.0805428639387 231.2278227928521 0 0 11.0 1 1020
456.1644990702647 554.0829291134687 0 0 12.0 1 1021
386.0334432641636 49.277980028420984 0 0 13.0 1 1022
523.7180551008577 617.2414390535589 0 0 12.0 1 1023
654.0 400.0 0 0 12.0 1 1024
478.8580875587769 133.4190516436475 0 0 11.0 1 1025
525.4455837039748 365.89126901848925 0 0 12.0 1 1026
109.68448608017957 591.8877337858535 0 0 10.0 1 1027
331.07711315873354 166.979323515131 0 0 11.0 1 1028
474.85792005676973 119.8281031138664 0 0 12.0 1 1029
104.98223601306728 442.05376240184046 0 0 13.0 1 1030
482.5567850158544 557.6971060224188 0 0 11.0 1 1031
211.4895025183719 232.7642611783322 0 0 13.0 1 1032
354.3503867920441 107.54126305756563 0 0 11.0 1 1033
542.2441746459267 733.9694518654351 0 0 12.0 1 1034
521.2572183134573 315.1431381272997 0 0 11.0 1 1035
205.50047755619613 139.6253933865051 0 0 12.0 1 1036
422.24925073658983 664.0643308772701 0 0 10.0 1 1037
524.0381127420169 332.9511626692998 0 0 11.0 1 1038
270.16874795795536 480.9496509763636 0 0 13.0 1 1039
525.6007051635764 389.976883597785 0 0 13.0 1 1040
714.762913995464 427.93399314605995 0 0 13.0 1 1041
321.6944440112076 302.5667412980244 0 0 12.0 1 1042
687.0144243042234 291.0425760156048 0 0 13.0 1 1043
538.4412869873447 221.366268422541 0 0 10.0 1 1044
188.01082452496922 478.33638670130637 0 0 13.0 1 1045
564.7690351161606 347.2727293813776 0 0 11.0 1 1046
271.0373721599787 688.4868118659779 0 0 11.0 1 1047
263.558139274914 420.67894199122 0 0 11.0 1 1048
150.0508756355966 324.85723435041797 0 0 12.0 1 1049
544.815944926271 294.78905905224855 0 0 10.0 1 1050
374.41854087178984 253.21243598699613 0 0 10.0 1 1051
461.9899604009107 44.362199970962706 0 0 12.0 1 1052
267.19377704300814 234.75319324144942 0 0 11.0 1 1053
749.3385893122131 365.8891510314836 0 0 13.0 1 1054
392.9437766659777 544.828207584919 0 0 11.0 1 1055
76.04320919265308 557.0095464925776 0 0 13.0 1 1056
330.1085121348944 155.80503706259256 0 0 13.0 1 1057
549.6003066206634 561.3063800939178 0 0 13.0 1 1058
172.04025505332922 531.1615594747516 0 0 11.0 1 1059
259.36518441846795 275.2368297679621 0 0 12.0 1 1060
582.6154370958295 471.1870924697667 0 0 13.0 1 1061
371.70325759771345 96.31546899880027 0 0 13.0 1 1062
170.4880202958653 259.69586188465837 0 0 10.0 1 1063
111.41886693420764 307.6423818060283 0 0 12.0 1 1064
315.64969392546266 528.8449683345526 0 0 13.0 1 1065
237.05848959999267 164.95518685032783 0 0 13.0 1 1066
274.72477940441047 352.4382600746526 0 0 11.0 1 1067
495.7180561565724 261.9346034460218 0 0 10.0 1 1068
148.8937652590059 565.9718616940859 0 0 11.0 1 1069
442.2424660903713 157.65401992481114 0 0 12.0 1 1070
366.5293318370142 226.19345704858148 0 0 10.0 1 1071
320.0500309688779 146.29938421059634 0 0 10.0 1 1072
283.8960030007081 501.1724363687483 0 0 10.0 1 1073
167.79200600141627 602.3448727374966 0 0 13.0 1 1074
240.16559679546603 317.21737167587355 0 0 11.0 1 1075
422.966778415293 193.27185220869697 0 0 11.0 1 1076
335.9084020226171 717.5976496586609 0 0 12.0 1 1077
749.1228721145033 424.7632826281208 0 0 10.0 1 1078
272.8725465579328 322.2850684788628 0 0 10.0 1 1079
345.59795340363496 227.36912985758622 0 0 13.0 1 1080
582.2731509380983 146.77974321334943 0 0 11.0 1 1081
161.95670477052207 622.7361434439673 0 0 10.0 1 1082
651.6157279202897 299.3494885102775 0 0 10.0 1 1083
417.4635628423045 607.2655880093289 0 0 11.0 1 1084
234.61197533605312 186.58303418482004 0 0 12.0 1 1085
330.48137898376996 527.248423691619 0 0 13.0 1 1086
638.5181219210835 492.9790595523483 0 0 11.0 1 1087
120.82037959586489 574.0682037334878 0 0 12.0 1 1088
700.98828891995 397.34482899972033 0 0 13.0 1 1089
612.7616939042978 569.4593213929936 0 0 11.0 1 1090
284.9173509157068 202.0177182681707 0 0 11.0 1 1091
745.7182052356806 296.0773240884365 0 0 10.0 1 1092
622.3604557498043 639.7599376850507 0 0 12.0 1 1093
662.9318107423793 617.135586442512 0 0 10.0 1 1094
141.7344473285873 525.171499564916 0 0 11.0 1 1095
259.2051691241004 77.3844151336969 0 0 13.0 1 1096
608.0107269693805 379.68898166831934 0 0 11.0 1 1097
523.8619669778972 363.95540073233855 0 0 13.0 1 1098
666.4466153964288 298.85059988419346 0 0 12.0 1 1099
215.6929992837231 349.8808471044222 0 0 13.0 1 1100
239.67082109596427 298.0463125141729 0 0 12.0 1 1101
241.04467146462193 137.35536645457609 0 0 12.0 1 1102
399.4153913275896 267.00128484567927 0 0 13.0 1 1103
141.52750509740173 448.58980735531185 0 0 10.0 1 1104
674.6818783779753 284.4410726479897 0 0 12.0 1 1105
390.37063609665984 158.19165574609082 0 0 10.0 1 1106
707.5844540505581 562.7753163917064 0 0 11.0 1 1107
537.3484969820462 436.04705781021323 0 0 10.0 1 1108
163.60680715739272 140.54044943830286 0 0 13.0 1 1109
694.5470392130591 269.8998782059731 -12 -6 13.0 1 1110
536.9988229248175 472.5005001169957 -12 -8 10.0 1 1111
706.7948452245021 507.24701834397916 -1 6 11.0 1 1112
544.0069173009846 295.37682967206837 22 -15 12.0 1 1113
617.2156929036637 365.109560673714 0 7 11.0 1 1114
263.83135578496444 566.3823918948128 21 -3 11.0 1 1115
177.74496479267575 250.24453490776685 21 -13 12.0 1 1116
174.00666863981286 369.81698854115695 -7 -4 12.0 1 1117
333.3251968595961 109.5547028678406 13 11 11.0 1 1118
374.73973709924826 537.7022843608083 -11 -7 10.0 1 1119
500.0373400592263 511.7699896836119 11 10 11.0 1 1120
684.604006334137 550.613942178533 7 2 12.0 1 1121
582.1685443629917 246.83792426103412 -11 -10 13.0 1 1122
660.5408276928706 329.15878949993925 -13 12 12.0 1 1123
197.27233725095263 441.83891437774776 -14 15 12.0 1 1124
251.76339758532959 248.44172835323397 19 12 10.0 1 1125
516.5230376075018 255.02282349721142 -2 10 13.0 1 1126
574.1308826593324 504.3428756757346 -5 -1 10.0 1 1127
331.1708913228309 181.58856760987427 -11 17 12.0 1 1128
246.9912297400336 335.6236361423479 9 17 12.0 1 1129
547.67947530333 304.2567361422583 -1 19 12.0 1 1130
637.4035530378623 416.83903218712214 17 19 12.0 1 1131
555.1102271340806 540.0778977512653 0 -3 11.0 1 1132
553.7865363599955 135.4518924006528 20 -3 12.0 1 1133
338.957688417819 558.6626490283833 -12 3 12.0 1 1134
587.3643644239492 302.9660113980179 -11 8 13.0 1 1135
470.7278279157066 135.2858629420669 8 -1 11.0 1 1136
257.0056018255669 398.73426277147223 -7 -6 11.0 1 1137
338.7835627341671 536.9399423414452 15 -2 10.0 1 1138
352.7813985274877 34.03360307949026 2 2 10.0 1 1139
272.83177707420117 241.76838786799166 -5 16 10.0 1 1140
303.0519209403045 548.088048020882 -12 13 12.0 1 1141
567.5919277458286 349.6219715110149 -16 -11 12.0 1 1142
96.21184162711131 589.4116016309686 -9 8 12.0 1 1143
205.46940010207172 281.0805074710115 21 13 11.0 1 1144
127.86579357334546 378.2750444756506 12 15 13.0 1 1145
247.7010363387784 223.66501859325274 18 17 11.0 1 1146
699.5752575013565 370.7482463261441 12 7 12.0 1 1147
328.40262861708516 235.94264292310154 -12 -1 12.0 1 1148
522.1916618381996 373.65236676247605 -13 -6 12.0 1 1149
257.17594797756607 434.78922482455005 -5 -11 12.0 1 1150
345.6019971615842 275.3530694834738 -1 -3 13.0 1 1151
292.71876078404694 79.47740218154752 22 -5 11.0 1 1152
560.7446095659737 510.39098919514515 20 -9 11.0 1 1153
252.11309973944753 625.8970224047351 -7 -4 11.0 1 1154
212.6634226882659 374.97987208016957 -10 0 11.0 1 1155
598.1038110067133 336.605362493217 -1 10 13.0 1 1156
290.06893654423374 89.9094305086266 12 -10 12.0 1 1157
713.8895523461749 391.67239963027265 17 -12 10.0 1 1158
254.00800305756155 496.49526842679415 7 20 11.0 1 1159
587.427828961524 273.71932479286585 -11 20 11.0 1 1160
64.23522132495202 361.1926115115169 7 -6 12.0 1 1161
526.5465247135235 242.5516685292296 6 -11 11.0 1 1162
179.57420316979514 599.0514207228103 -11 -15 10.0 1 1163
448.49025655835106 558.7598658947068 -9 14 11.0 1 1164
197.24653272679103 138.36660857472384 -10 -10 12.0 1 1165
551.6816100227113 487.2793743155742 8 -12 10.0 1 1166
130.89768602912892 319.09916801711665 -5 2 12.0 1 1167
460.25384152413676 585.4574737819541 0 14 10.0 1 1168
450.83049448249665 651.9231248430062 -2 -14 13.0 1 1169
611.8055422478285 451.5985685179667 -12 -7 10.0 1 1170
489.43750355549525 87.54851103289525 13 -11 10.0 1 1171
462.12201861644655 189.99558384877267 0 12 10.0 1 1172
275.6938631476984 637.4278508112661 -2 12 10.0 1 1173
377.18009390054544 743.2422641307624 1 -11 11.0 1 1174
