400 400 7.071067811865475 -7.0710678118654755 5 2 -1 10 187
742.842712474619 57.15728752538092
800.0 400.0 0 0 24.0 1 0
799.4518139018296 420.9343824971775 0 0 24.0 1 1
797.8087581473094 441.8113853070614 0 0 24.0 1 2
795.0753362380551 462.57378601609236 0 0 24.0 1 3
791.2590402935223 483.16467632710373 0 0 24.0 1 4
786.3703305156273 503.5276180410083 0 0 24.0 1 5
780.4226065180615 523.6067977499789 0 0 24.0 1 6
773.4321705988807 543.3471798181201 0 0 24.0 1 7
765.4181830570403 562.6946572303201 0 0 24.0 1 8
756.4026096753471 581.5961998958187 0 0 24.0 1 9
746.4101615137755 600.0 0 0 24.0 1 10
735.4682271781696 617.8556140060108 0 0 24.0 1 11
723.606797749979 635.1141009169893 0 0 24.0 1 12
710.8583845827884 651.728156419935 0 0 24.0 1 13
697.2579301909577 667.6522425435433 0 0 24.0 1 14
682.842712474619 682.842712474619 0 0 24.0 1 15
667.6522425435433 697.2579301909577 0 0 24.0 1 16
651.728156419935 710.8583845827884 0 0 24.0 1 17
635.1141009169893 723.606797749979 0 0 24.0 1 18
617.8556140060108 735.4682271781696 0 0 24.0 1 19
600.0 746.4101615137754 0 0 24.0 1 20
581.5961998958187 756.4026096753471 0 0 24.0 1 21
562.6946572303201 765.4181830570403 0 0 24.0 1 22
543.3471798181201 773.4321705988807 0 0 24.0 1 23
523.606797749979 780.4226065180615 0 0 24.0 1 24
503.5276180410083 786.3703305156273 0 0 24.0 1 25
483.1646763271038 791.2590402935223 0 0 24.0 1 26
462.57378601609236 795.0753362380551 0 0 24.0 1 27
441.8113853070614 797.8087581473094 0 0 24.0 1 28
420.9343824971776 799.4518139018296 0 0 24.0 1 29
400.0 800.0 0 0 24.0 1 30
379.0656175028225 799.4518139018296 0 0 24.0 1 31
358.1886146929386 797.8087581473094 0 0 24.0 1 32
337.4262139839077 795.0753362380551 0 0 24.0 1 33
316.83532367289627 791.2590402935223 0 0 24.0 1 34
296.47238195899166 786.3703305156273 0 0 24.0 1 35
276.3932022500211 780.4226065180615 0 0 24.0 1 36
256.65282018187986 773.4321705988807 0 0 24.0 1 37
237.3053427696799 765.4181830570403 0 0 24.0 1 38
218.4038001041813 756.4026096753471 0 0 24.0 1 39
200.00000000000009 746.4101615137755 0 0 24.0 1 40
182.14438599398918 735.4682271781696 0 0 24.0 1 41
164.8858990830108 723.606797749979 0 0 24.0 1 42
148.27184358006508 710.8583845827884 0 0 24.0 1 43
132.3477574564567 697.2579301909577 0 0 24.0 1 44
117.15728752538104 682.842712474619 0 0 24.0 1 45
102.74206980904233 667.6522425435434 0 0 24.0 1 46
89.14161541721165 651.728156419935 0 0 24.0 1 47
76.39320225002109 635.1141009169893 0 0 24.0 1 48
64.53177282183043 617.8556140060109 0 0 24.0 1 49
53.589838486224494 600.0 0 0 24.0 1 50
43.597390324652906 581.5961998958187 0 0 24.0 1 51
34.58181694295968 562.6946572303202 0 0 24.0 1 52
26.567829401119297 543.3471798181201 0 0 24.0 1 53
19.5773934819386 523.606797749979 0 0 24.0 1 54
13.629669484372698 503.5276180410084 0 0 24.0 1 55
8.740959706477724 483.16467632710373 0 0 24.0 1 56
4.924663761944942 462.5737860160924 0 0 24.0 1 57
2.1912418526906663 441.81138530706147 0 0 24.0 1 58
0.5481860981704472 420.9343824971775 0 0 24.0 1 59
0.0 400.00000000000006 0 0 24.0 1 60
0.5481860981704472 379.0656175028226 0 0 24.0 1 61
2.1912418526906663 358.1886146929386 0 0 24.0 1 62
4.924663761944885 337.4262139839077 0 0 24.0 1 63
8.740959706477781 316.8353236728962 0 0 24.0 1 64
13.629669484372698 296.47238195899166 0 0 24.0 1 65
19.577393481938543 276.3932022500211 0 0 24.0 1 66
26.567829401119297 256.65282018187986 0 0 24.0 1 67
34.58181694295968 237.30534276967992 0 0 24.0 1 68
43.59739032465285 218.40380010418136 0 0 24.0 1 69
53.58983848622455 199.99999999999994 0 0 24.0 1 70
64.53177282183037 182.14438599398918 0 0 24.0 1 71
76.39320225002103 164.8858990830108 0 0 24.0 1 72
89.14161541721171 148.27184358006497 0 0 24.0 1 73
102.74206980904228 132.3477574564567 0 0 24.0 1 74
117.15728752538092 117.15728752538104 0 0 24.0 1 75
132.34775745645675 102.74206980904228 0 0 24.0 1 76
148.27184358006485 89.14161541721177 0 0 24.0 1 77
164.8858990830107 76.39320225002109 0 0 24.0 1 78
182.1443859939892 64.53177282183032 0 0 24.0 1 79
199.99999999999983 53.58983848622461 0 0 24.0 1 80
218.40380010418124 43.597390324652906 0 0 24.0 1 81
237.30534276967995 34.58181694295962 0 0 24.0 1 82
256.65282018187975 26.567829401119354 0 0 24.0 1 83
276.393202250021 19.5773934819386 0 0 24.0 1 84
296.4723819589917 13.629669484372698 0 0 24.0 1 85
316.8353236728961 8.740959706477781 0 0 24.0 1 86
337.4262139839076 4.924663761944942 0 0 24.0 1 87
358.18861469293864 2.1912418526906663 0 0 24.0 1 88
379.0656175028223 0.5481860981704472 0 0 24.0 1 89
399.99999999999994 0.0 0 0 24.0 1 90
420.9343824971776 0.5481860981704472 0 0 24.0 1 91
441.8113853070612 2.1912418526906663 0 0 24.0 1 92
462.5737860160923 4.924663761944885 0 0 24.0 1 93
483.1646763271038 8.740959706477781 0 0 24.0 1 94
503.5276180410081 13.629669484372641 0 0 24.0 1 95
523.6067977499789 19.577393481938543 0 0 24.0 1 96
543.3471798181201 26.567829401119297 0 0 24.0 1 97
562.6946572303199 34.58181694295956 0 0 24.0 1 98
581.5961998958187 43.59739032465279 0 0 24.0 1 99
756.4026096753471 218.40380010418122 0 0 24.0 1 100
765.4181830570403 237.30534276967995 0 0 24.0 1 101
773.4321705988806 256.6528201818797 0 0 24.0 1 102
780.4226065180615 276.3932022500209 0 0 24.0 1 103
786.3703305156273 296.4723819589917 0 0 24.0 1 104
791.2590402935223 316.83532367289604 0 0 24.0 1 105
795.0753362380551 337.4262139839076 0 0 24.0 1 106
797.8087581473094 358.18861469293864 0 0 24.0 1 107
799.4518139018296 379.06561750282225 0 0 24.0 1 108
800.0 399.9999999999999 0 0 24.0 1 109
245.64765419823624 309.3558973485161 0 0 12.0 1 110
221.97263559697316 315.64801410925827 0 0 13.0 1 111
318.00252824836184 563.6013894389021 0 0 11.0 1 112
399.0637470133578 187.0020576851856 0 0 12.0 1 113
171.78025734953206 190.20069336493464 0 0 12.0 1 114
520.3234883370145 78.79716975964811 0 0 11.0 1 115
402.38438899370584 579.9842067769466 0 0 12.0 1 116
258.0574639800338 600.918681232534 0 0 13.0 1 117
64.88209944036532 517.136641255001 0 0 13.0 1 118
122.18120599084466 212.80566863470855 0 0 12.0 1 119
540.1966820003158 231.7564552319991 0 0 11.0 1 120
414.1891448093724 568.4032902575798 0 0 10.0 1 121
600.3110656852288 141.53437953172966 0 0 11.0 1 122
423.75839203734455 145.10484742192557 0 0 12.0 1 123
311.3731415179405 618.7264957786344 0 0 12.0 1 124
705.26088078984 220.7465630471454 0 0 13.0 1 125
328.4351623768482 111.75102078936703 0 0 13.0 1 126
231.0002757730263 304.7367163530102 0 0 13.0 1 127
485.3682824231929 129.13424661631 0 0 13.0 1 128
503.53776988943923 261.40371503419897 0 0 11.0 1 129
515.1829538520568 455.8290886717216 0 0 13.0 1 130
562.8428869381538 541.9091053232585 0 0 12.0 1 131
710.2416508520411 433.0774557153395 0 0 12.0 1 132
152.2635710504812 514.6981332513308 0 0 13.0 1 133
124.3662849189459 539.6676595014619 0 0 10.0 1 134
242.87090831599718 250.33554681702057 0 0 10.0 1 135
374.02266271265495 121.20764367102976 0 0 11.0 1 136
236.35403354569291 244.12826534860207 0 0 11.0 1 137
204.68938483089426 185.63171036213055 0 0 11.0 1 138
307.43375502209864 541.3948029125935 0 0 11.0 1 139
537.0244639989796 463.4452225608228 0 0 11.0 1 140
248.82542911694657 613.986562938715 0 0 11.0 1 141
680.9645396489443 310.08933622836065 0 0 12.0 1 142
226.31219348117435 287.38763004590044 0 0 10.0 1 143
164.23635883504056 561.8996772839287 0 0 10.0 1 144
228.36417403593194 609.719200946485 0 0 13.0 1 145
302.91662573719066 321.2610741643798 0 0 13.0 1 146
258.1969115860795 308.06043225969654 0 0 13.0 1 147
702.9723049345796 511.9677741255408 0 0 13.0 1 148
603.0343937882948 380.17489119778537 0 0 12.0 1 149
470.7796020687263 510.23269900983445 0 0 11.0 1 150
384.81695392955197 711.6303501137568 0 0 10.0 1 151
668.3756939772899 483.2795706173373 0 0 10.0 1 152
392.78281760662657 632.8881969493104 0 0 13.0 1 153
279.65802357357865 232.80607454281525 0 0 11.0 1 154
355.49194584903967 620.5539233740701 0 0 12.0 1 155
506.286122584713 291.338782696367 0 0 13.0 1 156
612.5402841204334 679.3342578811369 0 0 13.0 1 157
202.5515328847583 261.8149688503081 0 0 13.0 1 158
529.0374400885875 657.4749289841327 0 0 13.0 1 159
345.2973896102849 226.41536814409224 0 0 13.0 1 160
207.5667926243692 254.91223104917674 0 0 11.0 1 161
163.21911495500487 679.0892553956687 0 0 11.0 1 162
720.8188331134431 303.5620597496572 0 0 12.0 1 163
524.5883675512173 723.8622217408551 0 0 11.0 1 164
236.86299261131023 424.7248219460239 0 0 13.0 1 165
354.02198931647814 712.6372059329886 0 0 11.0 1 166
570.8310229457982 231.4272809755619 0 0 10.0 1 167
701.7531792401999 279.29366703262065 0 0 13.0 1 168
670.9050653831473 441.06635544764896 0 0 13.0 1 169
446.4792459275747 630.3577211599472 0 0 10.0 1 170
544.1941982051167 311.8578806473119 0 0 13.0 1 171
233.7909610513687 383.76561144445657 0 0 10.0 1 172
625.052017258684 332.3495046005058 0 0 12.0 1 173
628.8723251896929 475.48813656637356 0 0 13.0 1 174
547.6142945532749 84.8587300216949 0 0 11.0 1 175
477.18109688611776 111.13311321050361 0 0 11.0 1 176
520.6243606949288 505.1178557950062 0 0 11.0 1 177
689.1856358305965 262.9902630129755 0 0 10.0 1 178
332.149944116536 736.2222031880269 0 0 12.0 1 179
703.0293807928006 530.6644342441044 0 0 10.0 1 180
248.21165262403153 592.3156197527188 0 0 10.0 1 181
484.56238868957666 515.3178321818137 0 0 12.0 1 182
541.9627425575572 202.78037692578178 0 0 11.0 1 183
554.9537455537667 485.5472777992294 0 0 12.0 1 184
314.9636408375893 646.7586221804651 0 0 12.0 1 185
528.1020602157731 126.51533467399963 0 0 12.0 1 186
171.30630426694609 503.4417397956809 0 0 13.0 1 187
572.0 400.0 0 0 10.0 1 188
616.8695890400147 625.6913408831077 0 0 12.0 1 189
745.6826820292457 514.015276805643 0 0 10.0 1 190
636.6658471682779 412.5808101536158 0 0 11.0 1 191
465.20007435996376 519.3522111376877 0 0 13.0 1 192
300.75617551476125 581.6580945114837 0 0 10.0 1 193
762.4881962957168 419.26934213401915 0 0 10.0 1 194
609.7752419435126 185.5370711112506 0 0 13.0 1 195
75.97105292824938 485.0308265252821 0 0 10.0 1 196
293.9662289536539 231.60213956914103 0 0 13.0 1 197
141.3856054162519 570.9344754988924 0 0 11.0 1 198
328.9023740107293 187.58265706706106 0 0 10.0 1 199
584.5762613223528 681.9585142467993 0 0 11.0 1 200
382.7523965527378 659.4272926569715 0 0 11.0 1 201
694.0419657009545 331.1282176307399 0 0 11.0 1 202
182.11574066195973 436.9790418036165 0 0 12.0 1 203
414.37533782192315 39.286332858726325 0 0 12.0 1 204
218.06813900641114 156.44959873691553 0 0 12.0 1 205
322.3822673096734 724.8561028701986 0 0 10.0 1 206
257.02574974059036 568.5211077662372 0 0 11.0 1 207
557.9589280477622 368.8555454373997 0 0 10.0 1 208
534.8035824134324 382.0001619867029 0 0 11.0 1 209
587.0146280191118 702.9216547341462 0 0 10.0 1 210
613.6085531927631 517.9295806949829 0 0 12.0 1 211
72.44368929479367 558.7540970091618 0 0 10.0 1 212
165.2316199267224 580.2770304774546 0 0 12.0 1 213
376.5440415921591 527.8664069064648 0 0 13.0 1 214
245.78395540483095 527.3476014278276 0 0 12.0 1 215
471.73888654345257 185.6882360729919 0 0 10.0 1 216
560.8334716311149 682.4138707696266 0 0 13.0 1 217
504.03247158905987 590.4369839476341 0 0 10.0 1 218
468.4737210372766 101.75957764362454 0 0 12.0 1 219
233.90351164970915 518.4396747618875 0 0 11.0 1 220
442.2424660903713 157.65401992481114 0 0 10.0 1 221
673.7963775038169 157.1182516824548 0 0 10.0 1 222
633.1640823706216 481.50773394142414 0 0 12.0 1 223
622.2245813045151 473.2955350893419 0 0 13.0 1 224
546.6536531119931 599.9917649027259 0 0 13.0 1 225
354.44492649264396 46.9267281742508 0 0 10.0 1 226
529.2041805101956 103.96743466522338 0 0 12.0 1 227
322.53959194696887 241.96239313297005 0 0 10.0 1 228
618.9270159902535 536.5099324943182 0 0 12.0 1 229
559.8227837053471 626.242519895518 0 0 10.0 1 230
501.0991654508239 637.366717854772 0 0 10.0 1 231
322.1498788884449 725.8287259326842 0 0 13.0 1 232
496.4935130101932 234.0090305258998 0 0 13.0 1 233
215.352171450556 493.5637718990376 0 0 10.0 1 234
643.1739219851269 257.20488920704804 0 0 11.0 1 235
445.9351640804559 533.3077668438775 0 0 13.0 1 236
545.9890880886393 496.49966921729583 0 0 10.0 1 237
424.5555798818012 259.1240847530406 0 0 11.0 1 238
337.5604738227016 241.88198846825048 0 0 11.0 1 239
212.23756004806089 233.42789506254516 0 0 11.0 1 240
380.44230765096535 541.6562623747377 0 0 10.0 1 241
279.09622155330453 249.5630485641497 0 0 12.0 1 242
573.7473125413342 568.4513917563875 0 0 10.0 1 243
763.9373211918173 438.8023999737636 0 0 12.0 1 244
476.5774756793223 747.6663489879095 0 0 11.0 1 245
310.6968339653595 65.72325157709605 0 0 10.0 1 246
194.12725762120292 523.3548294370084 0 0 10.0 1 247
709.5724751512785 218.2147348415966 0 0 13.0 1 248
459.56905894727754 198.62590232074092 0 0 10.0 1 249
238.1980186092805 282.4409985665187 0 0 11.0 1 250
212.27808467380225 637.8433991227502 0 0 13.0 1 251
663.4193941586925 269.4388159479725 0 0 11.0 1 252
692.557383918829 514.0446277321772 0 0 13.0 1 253
181.9695690095183 586.6326101250925 0 0 11.0 1 254
99.57759045963144 381.3619784859267 0 0 10.0 1 255
670.9234479367142 494.7073669683754 0 0 12.0 1 256
255.3630723651185 410.2547142496537 0 0 13.0 1 257
230.2335546162981 188.76469513411695 0 0 10.0 1 258
572.6728496318628 635.4741748048225 0 0 12.0 1 259
338.42194681342676 578.6872781306815 0 0 13.0 1 260
603.6730781515795 688.3162798668513 0 0 13.0 1 261
257.82314403656903 377.1583356921219 0 0 10.0 1 262
264.61157348459085 551.2579715773078 0 0 11.0 1 263
667.6353002918731 633.2302425451701 0 0 12.0 1 264
334.91565167225224 278.3117606226781 0 0 10.0 1 265
614.0799077267443 639.1877779229295 0 0 11.0 1 266
380.5169970344912 190.9057327532723 0 0 13.0 1 267
512.574910171224 492.9671425824245 0 0 12.0 1 268
658.1129699878061 505.9183398853756 0 0 10.0 1 269
109.3401975329736 172.6723087043085 0 0 12.0 1 270
163.106131909984 507.1508061628567 0 0 11.0 1 271
445.27704678641214 548.2396338173467 0 0 10.0 1 272
191.3887469770412 375.8889006432501 0 0 12.0 1 273
211.62773965131748 362.8531087286141 0 0 11.0 1 274
425.0647052897669 174.3880310162222 0 0 11.0 1 275
279.4082283719857 153.96418021837383 0 0 11.0 1 276
116.92002380603299 328.37788694807267 0 0 12.0 1 277
568.8686018756924 684.6829733239219 0 0 10.0 1 278
334.443901610274 114.42794610831305 0 0 13.0 1 279
279.3785058930881 516.9378260419451 0 0 10.0 1 280
169.68853804366594 671.4638659039838 0 0 12.0 1 281
231.87059372398238 500.7397773735569 0 0 10.0 1 282
641.1078901086466 585.1566507780824 0 0 13.0 1 283
261.8003122350191 162.24835163208272 0 0 10.0 1 284
573.0641988619132 235.16740894991617 0 0 13.0 1 285
369.5118207120076 761.7173909610972 0 0 10.0 1 286
249.0268880536083 212.14867722259106 0 0 13.0 1 287
177.48133010884396 374.28149401946683 0 0 10.0 1 288
177.31405710905605 411.8309272151956 0 0 13.0 1 289
49.00825683039477 453.19582903538475 0 0 12.0 1 290
552.7888952295551 254.47834011896364 0 0 11.0 1 291
582.649181847181 388.6740841184741 0 0 13.0 1 292
432.94620770803635 46.532112635873375 0 0 11.0 1 293
287.55009979957174 505.218914387641 0 0 13.0 1 294
149.98195337956258 422.18054021210435 0 0 13.0 1 295
423.13771748313764 251.79525638607072 0 0 13.0 1 296
498.3477768970275 620.0198054253583 0 0 12.0 1 297
412.4639355630525 87.24826089967127 0 0 10.0 1 298
78.61788746844292 380.06165140354955 0 0 13.0 1 299
687.8686143819275 425.5472279088966 0 0 12.0 1 300
577.1312387633388 605.0988158282856 0 0 11.0 1 301
495.753511933298 213.100923082965 0 0 13.0 1 302
571.0157889038346 513.0424696545466 0 0 11.0 1 303
563.4074038049959 370.7763728857789 0 0 13.0 1 304
251.12275011638226 82.1375069828294 0 0 11.0 1 305
207.55335074878312 607.4928605807418 0 0 12.0 1 306
417.9647098519582 161.67612540927638 0 0 13.0 1 307
292.100592537668 552.7308674409912 0 0 10.0 1 308
597.0151881347062 535.2997252186651 0 0 13.0 1 309
558.592437242648 259.31439714940007 0 0 11.0 1 310
490.7718993482324 93.14423210779569 0 0 11.0 1 311
547.3756521414016 526.1602835915352 0 0 12.0 1 312
264.5849176416565 435.5352707866851 0 0 12.0 1 313
605.1611200512768 503.9659310510206 0 0 12.0 1 314
121.57032373828093 355.26840739707205 0 0 10.0 1 315
170.80634926307505 582.5356690126082 0 0 12.0 1 316
464.1148735593169 67.11821469405567 0 0 11.0 1 317
521.9047963805691 266.20829390649067 0 0 12.0 1 318
326.82400335315253 193.58712851486086 0 0 10.0 1 319
544.4484068721554 479.7474623552138 0 0 12.0 1 320
280.71310135650896 63.51874374340332 0 0 13.0 1 321
571.9022723053805 599.0442382392588 0 0 13.0 1 322
85.62521863553525 464.880635339406 0 0 11.0 1 323
538.9089140236008 65.71222935203883 0 0 10.0 1 324
120.39433179612422 414.8549758755819 0 0 11.0 1 325
618.9521822322447 485.3518710734447 0 0 11.0 1 326
654.0244628042873 581.1506894742421 0 0 10.0 1 327
725.7383472011159 317.59533288286815 0 0 13.0 1 328
641.0 400.0 0 0 11.0 1 329
45.12515313194575 390.5743403214918 0 0 10.0 1 330
337.83256529706 149.60189684732893 0 0 13.0 1 331
185.36577150963197 488.068995454385 0 0 10.0 1 332
397.995211169318 550.9866908761974 0 0 13.0 1 333
276.3693207336367 51.26592488812105 0 0 12.0 1 334
641.915770145738 280.09687178895433 0 0 13.0 1 335
114.40278176318401 415.1732967872015 0 0 13.0 1 336
321.24318555227455 56.92367587073784 0 0 11.0 1 337
238.6312230541274 423.00256131375835 0 0 13.0 1 338
318.0852759793022 259.07811387647087 0 0 13.0 1 339
514.535127518266 697.729247075887 0 0 11.0 1 340
633.8986587758934 573.1254384047537 0 0 10.0 1 341
646.5635105895591 519.509142937904 0 0 11.0 1 342
386.3252314564997 218.51446144311745 0 0 11.0 1 343
479.89877870114896 256.7792432569049 0 0 12.0 1 344
586.320381882099 600.8997642987886 0 0 12.0 1 345
378.88675845756273 119.79430585448358 0 0 11.0 1 346
361.4748519001724 53.132859780742024 0 0 12.0 1 347
502.0794833832937 475.55646280894746 0 0 10.0 1 348
270.16478109729167 558.6436759927285 0 0 13.0 1 349
328.3781905613342 218.62933971358146 0 0 12.0 1 350
297.8083102609717 75.72101741204045 0 0 13.0 1 351
177.03944368026424 491.4854651056327 0 0 11.0 1 352
157.8808099855846 599.9357342416893 0 0 13.0 1 353
252.33952309250512 497.5980714945289 0 0 10.0 1 354
654.7297390860626 165.84458147387133 0 0 10.0 1 355
642.8842239995586 600.5797939278337 0 0 12.0 1 356
373.85264036737306 52.98369550662022 0 0 11.0 1 357
600.9861814176159 215.24731428429732 0 0 13.0 1 358
548.0903282831162 284.18439367253256 0 0 12.0 1 359
304.5916856397946 574.6374918250494 0 0 13.0 1 360
83.21439700720316 523.4782642269081 0 0 11.0 1 361
327.9001202291055 270.7498265493522 0 0 13.0 1 362
326.9766782463354 518.2733887231645 0 0 13.0 1 363
466.6600273191373 200.86075033331107 0 0 11.0 1 364
82.51087769692583 368.9894015016864 0 0 13.0 1 365
373.3266877310846 46.00348248520163 0 0 10.0 1 366
192.1917867053487 496.2119872328013 0 0 12.0 1 367
540.6695404180773 330.27855137357716 0 0 11.0 1 368
200.50078946912896 414.14443344779824 0 0 12.0 1 369
579.4836154304955 168.40848074249783 0 0 11.0 1 370
433.12621138936976 550.3949936633092 0 0 10.0 1 371
457.1870534708379 711.7990393110979 0 0 13.0 1 372
749.9451580266918 406.19567378689476 0 0 13.0 1 373
255.20949277998983 665.0277514128892 0 0 10.0 1 374
535.5568128279051 345.77500119003884 0 0 13.0 1 375
256.52110795648247 363.69838105587246 0 0 12.0 1 376
644.0277615751663 167.57914985825 0 0 10.0 1 377
281.8142984206115 658.2404692184937 0 0 13.0 1 378
152.35159665310874 648.7393582039953 0 0 11.0 1 379
439.72695718033583 530.0683238655429 0 0 12.0 1 380
175.5633881527701 415.912487628773 0 0 10.0 1 381
531.5816911237467 389.4995923405367 0 0 11.0 1 382
428.64260226395885 275.2458363999475 0 0 11.0 1 383
489.51381746101066 570.9861879906002 0 0 11.0 1 384
617.019374121963 560.6318500662663 0 0 12.0 1 385
210.13649866627347 279.26537008257316 0 0 13.0 1 386
229.1674409231952 392.43450204745284 0 0 13.0 1 387
303.55722331965507 246.83410684429413 0 0 11.0 1 388
324.7951047898506 219.00214438720428 0 0 11.0 1 389
302.1079040657837 299.914348912513 0 0 10.0 1 390
564.4386041733716 632.7765998925004 0 0 10.0 1 391
365.6624709688454 202.96971273422298 0 0 10.0 1 392
254.91131977848522 462.5561737287298 0 0 10.0 1 393
312.25643991897283 596.2805840227381 0 0 10.0 1 394
245.02244663790603 651.0118681534786 0 0 11.0 1 395
31.70807601197339 377.1513955525148 0 0 10.0 1 396
715.4722458352319 459.31494000397424 0 0 11.0 1 397
611.7101254485194 447.62166295471184 0 0 10.0 1 398
489.35358842091625 97.93885348111138 0 0 12.0 1 399
487.7197431238342 46.72780088678286 0 0 13.0 1 400
481.67649380288304 570.4404598681534 0 0 13.0 1 401
612.5855412605661 375.4360498503979 0 0 11.0 1 402
79.74905449788167 466.0933574952827 0 0 10.0 1 403
302.8451032208983 218.34943977008467 0 0 11.0 1 404
653.4726705617678 298.60668030740135 0 0 12.0 1 405
506.30021786240593 492.63511041934925 0 0 13.0 1 406
662.8345753254885 594.5430184135892 0 0 10.0 1 407
213.80048992786234 574.226124473042 0 0 12.0 1 408
602.8044838049248 526.4568754501629 0 0 11.0 1 409
114.40278176318401 415.1732967872015 0 0 10.0 1 410
319.47298999136876 172.851588913614 0 0 11.0 1 411
422.3332101733317 665.0608000503919 0 0 12.0 1 412
648.9480619944825 570.9645063432505 0 0 11.0 1 413
309.5015687920443 158.39281064318698 0 0 13.0 1 414
562.114292786675 355.92102457773996 0 0 13.0 1 415
291.0346633762359 323.74021102527377 0 0 12.0 1 416
298.6278333693588 731.8624471563626 0 0 12.0 1 417
150.1620279625593 591.8488668932371 0 0 10.0 1 418
251.2032689607954 575.3839583087536 0 0 13.0 1 419
396.0661709701355 526.9390601397529 0 0 13.0 1 420
464.0823916309695 540.0337355170354 0 0 13.0 1 421
632.7189407574676 153.498692472591 0 0 10.0 1 422
656.5053528093426 541.612160424713 0 0 12.0 1 423
568.86231078318 505.2925448308888 0 0 13.0 1 424
539.9945529860232 398.765036744056 0 0 10.0 1 425
253.0919705058979 405.19912205665787 0 0 10.0 1 426
586.1177895297013 426.5361719277256 0 0 10.0 1 427
520.1630712854438 696.5819217336912 0 0 12.0 1 428
413.45474085146657 221.50638681280532 0 0 11.0 1 429
619.9525695917378 659.2698731630649 0 0 11.0 1 430
134.61627478469762 514.4223684025501 0 0 13.0 1 431
578.9336121701815 315.2252252392786 0 0 11.0 1 432
115.69653070917764 333.40017005124986 0 0 13.0 1 433
331.3720283506859 711.5304182697107 0 0 12.0 1 434
568.9422771213701 622.03492293116 0 0 10.0 1 435
254.37821674835246 294.19689870986684 0 0 12.0 1 436
636.0881225397741 663.7771756533241 0 0 13.0 1 437
178.25028156162904 552.2762698929259 0 0 12.0 1 438
218.18165487073617 570.1266862501468 0 0 13.0 1 439
602.742342520032 626.5205124254535 0 0 12.0 1 440
480.1422011616464 632.5795081105947 0 0 11.0 1 441
641.6573232236309 243.3292045964227 0 0 12.0 1 442
527.4607218463462 731.3287859308459 0 0 11.0 1 443
558.1039182226748 416.8567803164711 0 0 10.0 1 444
115.07443009640889 448.35720851242155 0 0 12.0 1 445
193.20269164386787 390.84176563639033 0 0 10.0 1 446
247.49069456952083 285.0134279269409 0 0 11.0 1 447
716.3965438560203 529.8353843756216 0 0 13.0 1 448
269.8986694882486 577.4081277706069 0 0 10.0 1 449
147.90461249480686 176.35538102022994 0 0 12.0 1 450
177.87323968669227 219.84533768810104 0 0 13.0 1 451
401.1728099668335 135.0025952640636 0 0 13.0 1 452
66.4433944958198 530.0153488036267 0 0 13.0 1 453
441.3002116023311 587.5054466451646 0 0 13.0 1 454
657.8333428140174 248.59667330818212 0 0 13.0 1 455
244.97872273544925 603.7262957874296 0 0 13.0 1 456
191.84824743140658 372.1998578668551 0 0 12.0 1 457
437.5233663152501 604.5873822609096 0 0 12.0 1 458
600.31795395716 478.0878820459175 0 0 12.0 1 459
180.3310071859188 468.15815135438413 0 0 10.0 1 460
344.8451828037188 614.0068833940741 0 0 12.0 1 461
255.50972460594812 257.4112195277937 0 0 11.0 1 462
300.4447190070596 63.41457841074475 0 0 11.0 1 463
530.0307837880567 553.2742485464001 0 0 13.0 1 464
391.8428942141127 195.16235300805215 0 0 13.0 1 465
236.37792179590167 311.54766524182685 0 0 11.0 1 466
465.2483056288184 225.8200395781182 0 0 12.0 1 467
409.5807996061769 596.7668881669532 0 0 13.0 1 468
488.4523869260105 247.84161131540816 0 0 13.0 1 469
323.46514023971304 676.6069688953501 0 0 11.0 1 470
706.3955358438952 277.4366465254302 0 0 13.0 1 471
518.4597171919245 478.30258873632005 0 0 11.0 1 472
482.53146239512245 153.4466432698137 0 0 11.0 1 473
287.0382273741282 333.66269582489167 0 0 11.0 1 474
617.877751505215 589.8691270297301 0 0 12.0 1 475
321.79520431070495 107.26631568745694 0 0 12.0 1 476
411.29488916732697 764.8251985248521 0 0 11.0 1 477
362.93259405338017 533.9664413813716 0 0 12.0 1 478
284.9951859101331 515.5114398497186 0 0 12.0 1 479
237.91691799281486 147.55381855323677 0 0 12.0 1 480
101.74868025634782 421.14592800445837 0 0 13.0 1 481
502.3017984226599 502.7586591946852 0 0 12.0 1 482
494.7803916127883 171.90862057998228 0 0 10.0 1 483
273.04477309227354 396.6280034389562 0 0 13.0 1 484
106.32940377584407 186.63041239823144 0 0 13.0 1 485
254.82235070448257 415.4741767156689 0 0 13.0 1 486
356.64445230834235 662.4429394827691 0 0 13.0 1 487
680.9011599021502 392.54759329970256 0 0 10.0 1 488
683.6568722820466 488.02146787668744 0 0 11.0 1 489
547.9109426466739 231.77885672314454 0 0 10.0 1 490
162.21768327518893 603.5400939691776 0 0 12.0 1 491
185.13451468549692 407.60415811007783 0 0 12.0 1 492
431.7982633180229 249.31864597781953 0 0 10.0 1 493
231.85079647293892 301.2536311897243 0 0 11.0 1 494
520.4900524956095 110.03767960370214 0 0 12.0 1 495
429.22492953399285 559.3420957993623 0 0 10.0 1 496
134.43957696040485 164.40997110439653 0 0 10.0 1 497
401.2834524165347 110.002840100296 0 0 13.0 1 498
216.13862778908322 198.1981273409022 0 0 10.0 1 499
467.1177236058451 522.8625702887962 0 0 11.0 1 500
597.5093554008295 669.3437478931874 0 0 13.0 1 501
732.9879214229352 322.0061272507055 0 0 10.0 1 502
313.40171475244364 275.0810783260483 0 0 13.0 1 503
268.06093805664 337.4853302535619 0 0 11.0 1 504
248.1425892049817 158.82718481007637 0 0 11.0 1 505
244.09760135319777 405.51743565196347 0 0 10.0 1 506
671.9612549825865 632.8112449781938 0 0 10.0 1 507
83.79889050216809 298.80287379406406 0 0 11.0 1 508
654.2595921013301 244.57780137810028 0 0 13.0 1 509
252.37598803565078 352.75435372915643 0 0 12.0 1 510
198.87336785687543 360.33795463211396 0 0 12.0 1 511
363.7334796924921 597.7011368323033 0 0 13.0 1 512
676.5192648426298 636.7131094191691 0 0 10.0 1 513
668.694465607384 542.1945292617206 0 0 12.0 1 514
469.6199768787502 745.0464589289423 0 0 12.0 1 515
488.4001811849375 495.31740641913325 0 0 12.0 1 516
312.91104762434134 533.0282465272329 0 0 12.0 1 517
355.9134897559901 699.7755487268846 0 0 11.0 1 518
296.6303940553209 235.83324159001688 0 0 12.0 1 519
766.5610501175182 357.64440371400394 0 0 12.0 1 520
557.5399901033509 516.6068244925489 0 0 10.0 1 521
381.0939731443472 684.3722246432188 0 0 13.0 1 522
301.66476905235174 515.9059202736111 0 0 12.0 1 523
520.5600910318292 525.46419589029 0 0 13.0 1 524
601.3523247308833 511.1631293436314 0 0 11.0 1 525
357.00420028519204 66.76230524311308 0 0 13.0 1 526
586.3827439984605 543.1309635948992 0 0 10.0 1 527
522.3167400839736 644.0647764328758 0 0 11.0 1 528
414.65739925159767 205.55165043853094 0 0 10.0 1 529
467.8974619698961 47.47917131317399 0 0 13.0 1 530
564.0980541214742 615.6683301589403 0 0 11.0 1 531
591.5078487458392 230.11549844455854 0 0 11.0 1 532
235.62993634899246 243.43856740766668 0 0 13.0 1 533
607.3894486319723 577.5348320643768 0 0 11.0 1 534
588.3191691209538 647.5012940200386 0 0 13.0 1 535
328.424366261615 699.5679032455723 0 0 10.0 1 536
529.842191636332 135.11133419665907 0 0 10.0 1 537
414.54141666115174 698.6461906696397 0 0 11.0 1 538
397.59690875262623 580.9840466794153 0 0 10.0 1 539
241.74686849492454 356.9657535346871 0 0 10.0 1 540
173.98883550421402 192.23100923559656 0 0 13.0 1 541
641.8483346542201 408.5663892615459 0 0 11.0 1 542
521.5857195900063 366.940768433305 0 0 10.0 1 543
504.87591012833525 170.8602097523144 0 0 13.0 1 544
558.8445212979001 392.970202446659 0 0 10.0 1 545
722.7315953624377 428.6411828459602 0 0 13.0 1 546
752.4218823455137 294.06220294887714 0 0 10.0 1 547
638.9589356670767 172.40688265051185 0 0 10.0 1 548
383.1137276075466 746.5888829790821 0 0 11.0 1 549
221.62761530260184 321.20728220600967 0 0 11.0 1 550
361.5341757322135 632.8441117215546 0 0 10.0 1 551
241.85386410898633 325.06803283817356 0 0 10.0 1 552
449.6893170840546 625.5924904949637 0 0 11.0 1 553
378.736486275766 117.7999592769354 0 0 11.0 1 554
515.7021272117966 449.89005671138534 0 0 10.0 1 555
588.6936797519144 435.47809495564815 0 0 12.0 1 556
758.053530136436 480.53986315382133 0 0 12.0 1 557
724.7335370206085 256.5666359103119 0 0 13.0 1 558
152.23072518911877 563.7662555586163 0 0 12.0 1 559
419.9669994318306 245.2831006848661 0 0 12.0 1 560
723.4468326410412 546.3118124229152 0 0 10.0 1 561
497.1448277661095 254.4394200399953 0 0 12.0 1 562
559.9497375017887 374.3079492233712 0 0 13.0 1 563
334.80239365689874 250.6069876897517 0 0 12.0 1 564
337.1623263124607 563.329197529218 0 0 10.0 1 565
567.4325808467609 719.8239060342314 0 0 11.0 1 566
714.7935582031948 476.68778073312484 0 0 11.0 1 567
317.03212840851324 501.3771783173045 0 0 13.0 1 568
535.2661360354633 378.27277187408555 0 0 13.0 1 569
437.09796736693124 521.4608612567938 0 0 10.0 1 570
348.5932691117712 156.36431291909383 0 0 10.0 1 571
559.9202782348661 509.824881558247 0 0 10.0 1 572
514.520193562265 585.4969683484378 0 0 13.0 1 573
542.3872640441982 671.9832109487786 0 0 13.0 1 574
266.6541675031936 299.4620024282677 0 0 10.0 1 575
448.39539954272556 246.44582290572504 0 0 11.0 1 576
344.3384596264375 175.80634950284102 0 0 10.0 1 577
207.72276430330038 711.4248940480446 0 0 11.0 1 578
289.1592373456108 340.08067645414076 0 0 11.0 1 579
273.4452306318043 419.1804679338852 0 0 10.0 1 580
290.5828346953806 195.42267003232837 0 0 10.0 1 581
218.57719571556362 385.5166963171004 0 0 13.0 1 582
523.1875769761398 130.85167494716296 0 0 12.0 1 583
320.368728865507 297.24368312602445 0 0 12.0 1 584
181.21444188409208 390.31085349936944 0 0 10.0 1 585
383.87657510694703 275.0358644661674 0 0 10.0 1 586
647.6604546743877 446.5649996292882 0 0 10.0 1 587
553.0683093412124 317.25888159190185 0 0 12.0 1 588
616.8505114757522 120.19318151141374 0 0 13.0 1 589
306.4641996426029 564.23170842289 0 0 10.0 1 590
714.3171829761395 267.7664623253842 0 0 12.0 1 591
368.09267269290973 712.3746508027151 0 0 10.0 1 592
648.7584037990464 549.0612509653351 0 0 11.0 1 593
530.0796203438068 249.40022453133915 0 0 10.0 1 594
450.65186920197596 278.10501180792573 0 0 13.0 1 595
319.2295170010543 48.15183803788739 0 0 11.0 1 596
605.4930168227532 250.70626256576048 0 0 11.0 1 597
361.87899114214326 659.211860615326 0 0 12.0 1 598
639.6868271995049 467.46276652372524 0 0 10.0 1 599
484.484041820114 104.85351657568873 0 0 10.0 1 600
126.4901038153123 490.20164460275294 0 0 13.0 1 601
754.4081970700246 316.9889775416865 0 0 10.0 1 602
635.7229876798208 491.88946119821924 0 0 13.0 1 603
707.7903177993619 427.31520215864725 0 0 11.0 1 604
125.90645291550197 602.8638150253466 0 0 10.0 1 605
645.124569237597 535.3290270270295 0 0 13.0 1 606
427.1626321642408 155.50420982374737 0 0 12.0 1 607
227.65165613235982 131.56556039494177 0 0 11.0 1 608
601.968829438641 633.8580593761633 0 0 12.0 1 609
107.06779119833408 526.300122908005 0 0 10.0 1 610
490.0839825883751 749.5795704571669 0 0 11.0 1 611
574.3236109764372 201.7393668522775 0 0 12.0 1 612
226.08314869803857 580.9804653359347 0 0 13.0 1 613
267.6299270648625 387.07081630007616 0 0 12.0 1 614
700.1381761862312 244.56166754753576 0 0 11.0 1 615
420.86295453454096 238.34067571559729 0 0 10.0 1 616
719.5308214611579 439.80017759203633 0 0 12.0 1 617
387.8279532744668 238.45792721859905 0 0 11.0 1 618
640.9572751282905 625.4763658629199 0 0 12.0 1 619
417.1932550793881 101.49473709869852 0 0 11.0 1 620
278.7568481929689 732.5899850264545 0 0 11.0 1 621
647.2121385008468 337.46074370574814 0 0 13.0 1 622
609.33205097478 439.35851159142214 0 0 11.0 1 623
233.5807185180198 495.75292554810767 0 0 10.0 1 624
602.0458041640056 576.0724084566355 0 0 13.0 1 625
391.890540724723 33.08960675627816 0 0 10.0 1 626
134.0876009315536 487.69604336378757 0 0 11.0 1 627
146.5512653586911 645.7086463857538 0 0 11.0 1 628
337.26969374191617 525.1595329040781 0 0 10.0 1 629
210.7414449886829 232.10062729411922 0 0 11.0 1 630
196.97619017144245 338.9644968670062 0 0 13.0 1 631
426.10749132953134 529.3924220983533 0 0 11.0 1 632
600.724678469184 654.3336459327446 0 0 10.0 1 633
268.0465358124418 396.4952476688364 0 0 12.0 1 634
607.2862091347018 565.0982359159681 0 0 11.0 1 635
448.1264523649262 91.73413328302712 0 0 12.0 1 636
512.2364707364903 171.02844142423072 0 0 10.0 1 637
625.6772320564046 514.3625241561227 0 0 12.0 1 638
492.8522221793837 556.5326318578665 0 0 12.0 1 639
288.1779745944119 650.1436280103733 0 0 10.0 1 640
659.1470177985377 161.784082886713 0 0 11.0 1 641
297.06486812204844 262.20174665378113 0 0 12.0 1 642
327.10624725018323 153.5542639645624 0 0 13.0 1 643
556.4194865192824 377.70775388068665 0 0 12.0 1 644
688.5084706848302 579.8968102638302 0 0 12.0 1 645
152.53869188304023 441.9988212339716 0 0 13.0 1 646
449.9508064546869 563.5417895662341 0 0 13.0 1 647
279.54863244426963 356.69332552649263 0 0 12.0 1 648
104.10435303396042 392.14085840890584 0 0 13.0 1 649
255.55165598321545 363.4530998467905 0 0 11.0 1 650
534.1302779604038 363.5298953351539 0 0 11.0 1 651
360.5694908378657 668.1160848349365 0 0 10.0 1 652
625.8665735692676 509.4773535672041 0 0 10.0 1 653
731.4388023851761 441.2834140240377 0 0 13.0 1 654
355.33148962075563 703.7329817133782 0 0 11.0 1 655
44.01394580350916 396.84893389261623 0 0 11.0 1 656
478.567264921017 532.4506884951178 0 0 11.0 1 657
369.10882961351774 702.4264135160045 0 0 11.0 1 658
428.4413413872294 606.046329984533 0 0 13.0 1 659
462.21942558390833 603.7099484070635 0 0 10.0 1 660
691.7111866779139 465.61694573022504 0 0 13.0 1 661
478.10605692565485 703.0980763243581 0 0 12.0 1 662
117.3387742283266 186.88352610542972 0 0 10.0 1 663
546.8893063146425 552.864422578974 0 0 12.0 1 664
167.06940956411998 490.79284134331476 0 0 13.0 1 665
620.8577867128263 134.95879933808078 0 0 10.0 1 666
229.7967835652697 665.0582296690151 0 0 10.0 1 667
572.8734666495913 279.0216361139205 0 0 12.0 1 668
229.7212905847234 424.27264138629715 0 0 13.0 1 669
446.1140566264011 713.6279544005238 0 0 11.0 1 670
701.8937732756206 391.9906518737017 0 0 12.0 1 671
389.8533562175548 145.201951302699 0 0 12.0 1 672
231.832927280938 515.480888692033 0 0 13.0 1 673
241.70624379518645 641.7934795369202 0 0 10.0 1 674
551.1963118860375 150.19272374076033 0 0 12.0 1 675
578.2899697850578 662.1100659532998 0 0 12.0 1 676
735.9320447628988 373.19214105121864 0 0 10.0 1 677
263.23214761931354 721.0849646980917 0 0 13.0 1 678
84.24015626024436 428.01287349496846 0 0 10.0 1 679
305.0035367883484 229.7041633589437 0 0 11.0 1 680
39.317849318427534 467.8040277543705 0 0 10.0 1 681
271.9390542925648 615.873560642607 0 0 11.0 1 682
241.50955467868422 202.79508438720143 0 0 12.0 1 683
559.9080098578655 549.6343155272104 0 0 11.0 1 684
678.1072731440398 311.0036819616315 0 0 10.0 1 685
264.8367903926717 57.72101033127166 0 0 10.0 1 686
699.0294597590595 572.0650522221321 0 0 11.0 1 687
505.4478495395684 524.2970274281753 0 0 11.0 1 688
676.0073490085044 596.8271914479745 0 0 11.0 1 689
358.2743601162994 652.5766635623643 0 0 12.0 1 690
417.4594266934899 758.5751921418082 0 0 13.0 1 691
725.3750452578197 379.82377826569706 0 0 11.0 1 692
292.4016823751715 321.82326404673495 0 0 11.0 1 693
357.5139901278848 688.8926080140275 0 0 12.0 1 694
650.1833953551513 350.671826624453 0 0 11.0 1 695
149.20692884438478 217.78354777810398 0 0 11.0 1 696
389.05068792996536 624.7334255628055 0 0 10.0 1 697
229.82990751962402 545.6644761951942 0 0 10.0 1 698
263.0681544097192 274.1204160189608 0 0 11.0 1 699
242.5911930405292 422.43808128151886 0 0 11.0 1 700
231.95189910313394 417.9118894859455 0 0 11.0 1 701
40.90142104443214 425.45998020603685 0 0 13.0 1 702
250.6471042296973 685.2677909001034 0 0 13.0 1 703
556.3682867740175 712.0095493592441 0 0 13.0 1 704
567.8484899710129 373.03920597514264 0 0 11.0 1 705
270.73589458707266 597.4507306945093 0 0 11.0 1 706
398.89671596409767 149.0024247839511 0 0 10.0 1 707
689.4184806786403 630.5145180713516 0 0 10.0 1 708
332.3015611506378 219.26283896951585 0 0 10.0 1 709
658.6814122385665 531.0874782817217 0 0 11.0 1 710
185.63464003261342 681.7152683935551 0 0 13.0 1 711
685.3950341837738 557.5616528957559 0 0 11.0 1 712
256.6768795247716 673.7507682861241 0 0 11.0 1 713
429.0392112828891 531.8397671723814 0 0 11.0 1 714
558.6156264808924 491.26928857000047 0 0 12.0 1 715
619.8016028937782 575.0664312920264 0 0 10.0 1 716
697.2833490910165 346.83412416569416 0 0 11.0 1 717
450.0290391175612 702.8961789870805 0 0 10.0 1 718
383.7414892702725 559.1717965873707 0 0 11.0 1 719
637.8886558639721 188.97159572410007 0 0 12.0 1 720
645.7249194217886 321.36626693870187 0 0 12.0 1 721
376.9290660376391 192.27727133001457 0 0 10.0 1 722
584.5762613223528 681.9585142467993 0 0 10.0 1 723
657.380797699477 542.095478378381 0 0 12.0 1 724
558.3909403382195 461.7439067339813 0 0 12.0 1 725
443.9190607633075 570.4321451536326 0 0 10.0 1 726
769.9420241996457 406.549712289003 0 0 13.0 1 727
580.2089894540285 574.7161129374101 0 0 13.0 1 728
364.0137585084705 75.99229882097967 0 0 13.0 1 729
343.4757417295194 188.42020836816195 0 0 10.0 1 730
274.80459640864603 113.12875550240665 0 0 11.0 1 731
281.52596652129677 333.217491876337 0 0 11.0 1 732
561.9533678546278 436.4294748870146 0 0 12.0 1 733
296.8377583858637 493.15874572549035 0 0 11.0 1 734
163.36376861880404 272.07699973145924 0 0 13.0 1 735
503.92543399816657 106.87800463238398 0 0 12.0 1 736
547.3190273858361 433.1376548671036 0 0 10.0 1 737
370.85565230596865 745.7739246928395 0 0 12.0 1 738
559.4496996104906 560.161772262061 0 0 10.0 1 739
739.9867715374851 397.0008035212788 0 0 11.0 1 740
143.6655772493644 443.5047550630782 0 0 13.0 1 741
133.5061631600633 604.6387913527863 0 0 12.0 1 742
389.33067509243386 258.40139299408065 0 0 12.0 1 743
582.0818770775631 683.5757218802612 0 0 13.0 1 744
314.8936825604772 537.8438055622493 0 0 11.0 1 745
119.81084100118818 548.2667703146547 0 0 11.0 1 746
671.3183463289854 419.2446082138539 0 0 10.0 1 747
619.3317441360921 286.41044936166077 0 0 10.0 1 748
324.62818734667025 646.7449895283618 0 0 10.0 1 749
409.59291956677083 709.8515384731621 0 0 10.0 1 750
330.9806388951288 688.8690495582305 0 0 11.0 1 751
682.9289618182629 609.4163378641695 0 0 13.0 1 752
311.92852247266984 671.0505761774969 0 0 12.0 1 753
280.00440550349464 125.04353562530986 0 0 10.0 1 754
357.6447253214046 522.9065934232201 0 0 11.0 1 755
528.6809562565948 462.371560000439 0 0 13.0 1 756
524.0501750781575 575.6033999189038 0 0 12.0 1 757
657.8596307055736 254.65760820605308 0 0 12.0 1 758
581.7536147043523 226.89129559175296 0 0 11.0 1 759
393.70246350557505 115.06958562817238 0 0 11.0 1 760
471.8675643773835 276.3713091937691 0 0 13.0 1 761
327.1743036042501 559.1270496944943 0 0 11.0 1 762
489.89048792767466 146.4636117238305 0 0 13.0 1 763
269.5107065127441 591.824253641704 0 0 13.0 1 764
581.034763267551 239.40605712337174 0 0 11.0 1 765
419.11808109255065 194.88905690983074 0 0 10.0 1 766
313.4062364387614 270.2405297779761 0 0 11.0 1 767
419.4356826858356 275.5080153642994 0 0 13.0 1 768
231.62314833945265 469.08860850300897 0 0 10.0 1 769
524.3453795406201 213.68245765119397 0 0 11.0 1 770
507.7885823495876 752.9059669587157 0 0 11.0 1 771
132.43516262738171 620.9480884772809 0 0 10.0 1 772
252.6273207942906 707.509826548244 0 0 13.0 1 773
99.30000408098516 451.034424208611 0 0 11.0 1 774
758.4058932910452 342.43077511162807 0 0 12.0 1 775
404.29190018867047 723.971572198504 0 0 12.0 1 776
195.3708038550486 557.1333576458894 0 0 12.0 1 777
206.3813151062159 222.0089753386381 0 0 12.0 1 778
77.15428655427911 225.47308141801315 0 0 11.0 1 779
172.75049158128357 167.6583099754766 0 0 11.0 1 780
49.745328414168455 330.9299990422668 0 0 10.0 1 781
601.7479124963427 595.5985168741524 0 0 10.0 1 782
51.974384237461834 452.74628681818433 0 0 13.0 1 783
411.6276970747966 108.23160441758472 0 0 12.0 1 784
462.65695937416723 147.66271491913062 0 0 12.0 1 785
219.36960610697824 113.13128298461714 0 0 11.0 1 786
719.8315091336028 584.0347949854108 0 0 10.0 1 787
200.02151568671002 428.50624162809316 0 0 10.0 1 788
267.1603904487278 437.38499878648594 0 0 13.0 1 789
210.00744298501894 398.31825123482326 0 0 13.0 1 790
507.1260184456065 266.71453127969437 0 0 12.0 1 791
248.42292775518854 314.55767343001946 0 0 13.0 1 792
351.4768924436057 218.36985923842212 0 0 11.0 1 793
69.7841890217756 462.07671205849726 0 0 10.0 1 794
568.7707917464984 292.68541639991304 0 0 10.0 1 795
566.3998104775083 210.75121381353762 0 0 12.0 1 796
189.406130979066 555.866039696894 0 0 10.0 1 797
631.5904733938316 577.8478356157896 0 0 11.0 1 798
465.1622496129983 216.20968136114107 0 0 12.0 1 799
663.9897284879296 397.67121214593413 0 0 11.0 1 800
653.9906719459142 655.124946966115 0 0 10.0 1 801
154.95701886145423 495.5140690931671 0 0 13.0 1 802
250.37681686436613 346.20499030244 0 0 10.0 1 803
563.3579680229623 414.49738884795516 0 0 10.0 1 804
233.89686520424314 425.1743641632243 0 0 11.0 1 805
352.72504496753413 154.51053255449364 0 0 10.0 1 806
321.24318555227455 56.92367587073784 0 0 11.0 1 807
206.82895528362621 653.8620638913674 0 0 11.0 1 808
343.5548701550275 38.37872391577372 0 0 13.0 1 809
506.9122524117861 750.0368127557994 0 0 12.0 1 810
180.56345012964624 511.19172892349394 0 0 10.0 1 811
211.33730050231145 359.3135671476981 0 0 11.0 1 812
541.5410675338183 364.1932101217225 0 0 10.0 1 813
434.58952168140394 270.54126143882104 0 0 11.0 1 814
681.7467249939521 487.4287307192687 0 0 10.0 1 815
521.5869609925635 328.602444603524 0 0 12.0 1 816
489.9297381688149 304.7443324894083 0 0 10.0 1 817
146.40012917721958 663.8998020436338 0 0 11.0 1 818
539.1424213543987 276.56829183862453 0 0 13.0 1 819
280.57938406770637 319.53437696536724 0 0 11.0 1 820
661.2826183031682 246.57121074374308 0 0 13.0 1 821
208.7766546921335 443.0073506422849 0 0 13.0 1 822
128.27419265366552 320.91722297501985 0 0 12.0 1 823
703.6535135624667 437.82252901603454 0 0 10.0 1 824
331.3357719697215 550.0340754262375 0 0 13.0 1 825
274.17744930825586 406.68473914401187 0 0 13.0 1 826
373.3835525574998 193.70999848383192 0 0 13.0 1 827
548.976652988506 402.6375868407066 0 0 13.0 1 828
503.2167423321989 138.64333928072836 0 0 13.0 1 829
559.9513164824839 518.3916228266185 0 0 11.0 1 830
279.3349054792535 363.7241821002018 0 0 10.0 1 831
558.5024384962369 504.7710694359212 0 0 13.0 1 832
104.22951221080507 450.19779430355175 0 0 10.0 1 833
535.9147665825369 404.81416917177785 0 0 10.0 1 834
177.79920519584115 289.8600581605379 0 0 13.0 1 835
668.8476802621025 321.7636605043008 0 0 12.0 1 836
488.18096917626804 241.93318920426697 0 0 10.0 1 837
528.1273183488415 149.91123517291985 0 0 13.0 1 838
532.5122822995797 434.77779521126206 0 0 10.0 1 839
686.7569352007438 199.3249888145601 0 0 13.0 1 840
248.16832317986402 500.35507916386587 0 0 13.0 1 841
424.04042785630884 262.07952353444534 0 0 13.0 1 842
605.2865582698615 701.7986563815598 0 0 10.0 1 843
655.4659522048084 165.16783170934494 0 0 10.0 1 844
554.2311277168524 185.73670579591106 0 0 12.0 1 845
270.6140160394612 544.5519531329937 0 0 12.0 1 846
205.2700263956043 475.90281536301114 0 0 11.0 1 847
550.7085003785954 315.05326425556484 0 0 13.0 1 848
626.1549278296137 118.61956603491029 0 0 12.0 1 849
515.870317087019 260.94939907302205 0 0 12.0 1 850
286.45008364953395 168.3312353881038 0 0 10.0 1 851
101.94825010414024 376.2060010923792 0 0 12.0 1 852
363.0088616612018 583.3048163153383 0 0 11.0 1 853
114.1502742890168 532.3439999053817 0 0 10.0 1 854
286.08971148528053 506.5853937952727 0 0 10.0 1 855
98.0103765762882 365.09631331213353 0 0 11.0 1 856
214.00000008450743 399.99439315027513 0 0 13.0 1 857
75.5063015876463 440.40841113768823 0 0 10.0 1 858
261.1752302198913 451.29993465395285 0 0 13.0 1 859
345.85469006718876 164.13502716113229 0 0 11.0 1 860
485.0986556389679 112.32271760105846 0 0 10.0 1 861
247.32611585078266 526.0741254135493 0 0 12.0 1 862
289.7413168907021 257.72202278988004 0 0 12.0 1 863
744.3622561311274 366.3750605609497 0 0 12.0 1 864
45.49995638437173 418.83398727082704 0 0 11.0 1 865
458.24606670665406 516.2213221108932 0 0 13.0 1 866
216.12832651954955 697.8106910295509 0 0 11.0 1 867
170.65148294442537 638.6634821760731 0 0 13.0 1 868
170.87795773805982 139.40051851602294 0 0 13.0 1 869
372.95100727659286 41.01761604133128 0 0 12.0 1 870
526.5465247135235 242.5516685292296 0 0 11.0 1 871
240.59050916827005 101.95199340916804 0 0 12.0 1 872
706.9454545375575 333.8147453073399 0 0 11.0 1 873
239.05675958941765 395.7252642021414 0 0 12.0 1 874
260.9293325639047 226.95853254529138 0 0 10.0 1 875
65.61519388832357 551.2474840837247 0 0 13.0 1 876
102.81087746532825 352.2545766897826 0 0 11.0 1 877
277.2164976160826 104.49329695870085 0 0 13.0 1 878
219.99394670153546 342.39079261168104 0 0 12.0 1 879
431.584613228336 236.01398776963805 0 0 13.0 1 880
608.0684212446441 565.7212481269717 0 0 13.0 1 881
741.3752183709693 540.0855463000129 0 0 12.0 1 882
230.75811573290204 709.784093538907 0 0 11.0 1 883
569.910251695251 332.0330494368295 0 0 10.0 1 884
33.22961343989476 412.9801210530166 0 0 12.0 1 885
596.1140623484919 176.9567877088122 0 0 10.0 1 886
465.59416136054455 637.0936650258856 0 0 10.0 1 887
323.8599398115092 244.6562159772944 0 0 13.0 1 888
251.17189196257016 482.15956583380364 0 0 13.0 1 889
223.4373332434567 649.923237630713 0 0 12.0 1 890
593.4733207196748 506.81326776061974 0 0 12.0 1 891
196.5688286543523 677.4017997867672 0 0 10.0 1 892
687.4187763277168 523.9332361163779 0 0 12.0 1 893
435.9345899005021 213.42908788162413 0 0 11.0 1 894
554.3681607115525 200.81548514371826 0 0 13.0 1 895
596.506302304449 413.938190507828 0 0 12.0 1 896
677.6793915045796 372.88624825579467 0 0 13.0 1 897
733.9476650883289 405.91244298520814 0 0 12.0 1 898
552.4182391537876 624.075166792884 0 0 12.0 1 899
607.7314954391045 542.6591244983415 0 0 13.0 1 900
260.49214789539815 262.3280740268353 0 0 12.0 1 901
397.50397152206483 587.9834297001662 0 0 12.0 1 902
480.02053523309866 100.50590332861583 0 0 10.0 1 903
695.1184137136563 521.1037649585477 0 0 10.0 1 904
333.24073376229893 763.9274658107076 0 0 11.0 1 905
493.641466948312 120.25676832536556 0 0 11.0 1 906
604.7995400381731 390.9364245381453 0 0 13.0 1 907
199.29583853321304 501.69975206417126 0 0 10.0 1 908
106.95085884870076 366.1296461417085 0 0 13.0 1 909
734.7900500378668 411.85843141577635 0 0 13.0 1 910
725.1830180266516 423.0652289621925 0 0 11.0 1 911
145.00389547686893 518.0592507092452 0 0 13.0 1 912
551.4165074105672 197.3129474199557 0 0 12.0 1 913
380.7622884626691 689.3612110404683 0 0 12.0 1 914
719.1901690427833 483.7713315307772 0 0 12.0 1 915
737.1482748016542 451.10812849506675 0 0 10.0 1 916
471.8455572656136 197.35939226997607 0 0 13.0 1 917
217.96784027493462 582.8340581670393 0 0 10.0 1 918
338.35638078062686 639.1841637933769 0 0 11.0 1 919
658.0235475905204 136.21059746683824 0 0 10.0 1 920
719.4304924327462 454.22324689810944 0 0 10.0 1 921
506.1538146330755 328.47820165259657 0 0 11.0 1 922
314.9458378303607 755.9800408697386 0 0 13.0 1 923
366.91287149847176 600.2854011842185 0 0 11.0 1 924
511.6627732231371 690.2626828858961 0 0 12.0 1 925
75.65851726167136 239.23121392788198 0 0 12.0 1 926
540.2237980013427 261.6298931341071 0 0 10.0 1 927
302.4618099564396 618.1909747973693 0 0 12.0 1 928
103.18581796089575 410.5043486450843 0 0 10.0 1 929
196.89016220783745 457.16112133296036 0 0 11.0 1 930
266.01292528262854 276.82750384651 0 0 13.0 1 931
125.75272029572835 225.6055345637168 0 0 12.0 1 932
527.6150412110036 594.9446107403687 0 0 10.0 1 933
319.38911332851205 712.7792911144159 0 0 10.0 1 934
223.78133560512072 425.11936143465635 0 0 11.0 1 935
524.1595737261483 438.5279152322201 0 0 13.0 1 936
208.7099102063677 514.6171956852204 0 0 12.0 1 937
445.0128020858921 166.29538376750813 0 0 10.0 1 938
40.72609531399502 315.8378861264082 0 0 11.0 1 939
299.9592907521607 511.7669740719023 0 0 11.0 1 940
280.7188872118012 648.8935839510714 0 0 11.0 1 941
577.1923539565121 144.4146528078142 0 0 11.0 1 942
597.8395194658139 535.8658328555632 0 0 11.0 1 943
469.7171993845217 602.325263153119 0 0 13.0 1 944
521.629743016819 351.34606271161016 0 0 13.0 1 945
78.60102482575837 538.573802563642 0 0 13.0 1 946
619.1903810209698 364.7923748616568 0 0 13.0 1 947
398.4615561252358 50.00338117284019 0 0 10.0 1 948
298.8571943638665 278.61576351086063 0 0 13.0 1 949
140.097962618721 234.7277066019224 0 0 11.0 1 950
536.8660340742913 393.9428788376873 0 0 10.0 1 951
443.96763874680005 251.36673742721354 0 0 13.0 1 952
233.12512702238453 74.25657831860258 0 0 11.0 1 953
486.4629049321748 279.8826987037683 0 0 11.0 1 954
202.57207309417834 175.44886177605437 0 0 12.0 1 955
546.1940839215606 277.0842165288131 0 0 11.0 1 956
196.7081811680545 507.57525921883456 0 0 12.0 1 957
407.70528055524494 648.8807518703786 0 0 13.0 1 958
690.6791577468807 444.063899640908 0 0 12.0 1 959
250.64526782439145 303.16424226169215 0 0 11.0 1 960
211.00000008587045 399.9943027172151 0 0 12.0 1 961
418.366999763424 676.3904001945263 0 0 13.0 1 962
241.26983821979871 426.9394829429061 0 0 10.0 1 963
499.3862857014292 221.8473513683451 0 0 11.0 1 964
607.5362739769284 705.106038917248 0 0 11.0 1 965
471.6272767073978 218.63149878911756 0 0 11.0 1 966
583.6459949094611 370.50171947868546 0 0 13.0 1 967
652.6875547739933 150.6528531096853 0 0 10.0 1 968
542.7292914515544 215.8333652320887 0 0 10.0 1 969
299.6586010435256 562.5195485332692 0 0 11.0 1 970
535.346066329981 185.0640971615017 0 0 11.0 1 971
174.74925695672013 572.9685022148551 0 0 10.0 1 972
566.5244967663265 468.3344128292746 0 0 11.0 1 973
622.3047562523077 482.1559209527962 0 0 10.0 1 974
530.5334671579171 332.39812168487504 0 0 13.0 1 975
252.28744219060428 609.0861072988971 0 0 10.0 1 976
625.9262779926535 292.9611429788871 0 0 13.0 1 977
183.39584094730594 617.558356035973 0 0 10.0 1 978
286.3399799434425 341.1323531917323 0 0 10.0 1 979
304.21763829546995 535.5792727016286 0 0 13.0 1 980
551.640027280792 575.5827500817795 0 0 10.0 1 981
507.66426452467095 531.5614158648411 0 0 11.0 1 982
184.0865756395121 224.88462894158073 0 0 13.0 1 983
438.73354402086625 722.6836106274745 0 0 10.0 1 984
546.0 400.0 0 0 12.0 1 985
237.1694818487612 569.443861967907 0 0 12.0 1 986
221.62083691887008 354.8682575289225 0 0 11.0 1 987
507.78912985412234 164.49521557876758 0 0 13.0 1 988
182.78535894475817 365.103012862964 0 0 12.0 1 989
603.1792779688794 491.90854695862 0 0 10.0 1 990
677.4436804814977 355.435393405971 0 0 10.0 1 991
478.40097932078197 265.1323373022936 0 0 13.0 1 992
169.0454893455871 443.4167480171037 0 0 10.0 1 993
323.5156680808754 262.89001870438034 0 0 13.0 1 994
245.5003613883989 463.3944924175961 0 0 13.0 1 995
460.79506946268884 731.4709029900314 0 0 13.0 1 996
415.22228566869734 712.629624346479 0 0 13.0 1 997
251.09322180529787 405.2698584111702 0 0 11.0 1 998
525.6150105639153 340.48639549626125 0 0 12.0 1 999
574.6364629275805 439.2823855709374 0 0 10.0 1 1000
414.5744422238888 34.29029868779452 0 0 11.0 1 1001
470.10611706012213 507.09403508483774 0 0 13.0 1 1002
390.05726946335386 227.28595277315847 0 0 12.0 1 1003
445.3923043173173 264.3956537983976 0 0 13.0 1 1004
349.352144679047 109.3803262829789 0 0 11.0 1 1005
196.4454442631144 534.5419742636443 0 0 11.0 1 1006
334.9329762151764 205.60019954798 0 0 11.0 1 1007
200.1363302799808 265.3318392267605 0 0 10.0 1 1008
247.0000000695142 399.995387913936 0 0 12.0 1 1009
442.68414121159645 264.56712330815503 0 0 11.0 1 1010
173.03544790992294 404.0114953010932 0 0 10.0 1 1011
395.6186734163904 729.9709138353982 0 0 10.0 1 1012
385.49873445661785 207.54555526660258 0 0 10.0 1 1013
567.4687184342911 278.331481697293 0 0 11.0 1 1014
531.141138406909 630.2759253967724 0 0 11.0 1 1015
557.5148734713348 622.9754798970267 0 0 10.0 1 1016
583.2278203006276 353.6473747466133 0 0 11.0 1 1017
75.31823567273943 385.62112962235193 0 0 10.0 1 1018
308.41044238715153 262.7544064959362 0 0 12.0 1 1019
528.9220015196895 353.65221122688604 0 0 12.0 1 1020
168.4241020262186 522.5422518058028 0 0 13.0 1 1021
282.52293832295766 554.3863335264116 0 0 13.0 1 1022
585.1278012875221 426.3950220770462 0 0 10.0 1 1023
497.0913916291948 91.9378931586906 0 0 12.0 1 1024
285.3843091242687 545.2179169561346 0 0 10.0 1 1025
618.6587309470805 657.7447562621057 0 0 10.0 1 1026
678.1866960523727 439.663108040909 0 0 11.0 1 1027
67.83381446609974 423.5504816905841 0 0 12.0 1 1028
159.21763782837803 445.2642692093209 0 0 12.0 1 1029
337.7744337396929 603.7080727501591 0 0 10.0 1 1030
201.29233925746198 169.93204142638982 0 0 10.0 1 1031
553.4494962689163 378.131024376623 0 0 13.0 1 1032
44.2227312931949 412.59107110319866 0 0 10.0 1 1033
608.9071168705115 674.559313301972 0 0 13.0 1 1034
350.5012662783247 607.168712309438 0 0 11.0 1 1035
506.9119444479554 729.0681329669546 0 0 13.0 1 1036
299.233206313902 494.2870791265874 0 0 11.0 1 1037
623.8932223168282 513.458472581766 0 0 12.0 1 1038
415.2378555544932 549.224018703761 0 0 11.0 1 1039
562.0334165920159 308.6699835348847 0 0 12.0 1 1040
586.2598260936704 587.091627775151 0 0 11.0 1 1041
239.99461929025375 348.7918156548276 0 0 10.0 1 1042
540.5437105945742 646.7862747648429 0 0 13.0 1 1043
550.3523065903249 212.9326754802728 0 0 11.0 1 1044
153.89985525031537 674.9467562168797 0 0 11.0 1 1045
631.6371040412237 559.0762459683887 0 0 10.0 1 1046
413.4992784532741 61.26888321082612 0 0 11.0 1 1047
274.43393976749337 419.03062052815176 0 0 12.0 1 1048
308.6700841033424 91.22363033692255 0 0 11.0 1 1049
163.05748439304705 482.82055480283174 0 0 13.0 1 1050
189.838242154978 525.9247217169461 0 0 11.0 1 1051
216.710382070678 460.4476298900393 0 0 11.0 1 1052
199.99599087697635 444.982177967696 0 0 11.0 1 1053
611.0814458146788 604.647558580074 0 0 13.0 1 1054
644.8577995556441 158.3791027316387 0 0 13.0 1 1055
239.13437047552364 561.5742839615696 0 0 13.0 1 1056
57.86557085911403 326.21631348028154 0 0 10.0 1 1057
86.37498509381567 528.6870235303298 0 0 13.0 1 1058
538.3173903022438 615.4165721108216 0 0 12.0 1 1059
601.1218679956551 109.89830366931966 0 0 13.0 1 1060
139.06393914403975 338.87412867717455 0 0 13.0 1 1061
420.3798031617481 569.7812228224559 0 0 12.0 1 1062
225.10948869749748 406.1894310198308 0 0 10.0 1 1063
143.88498457287312 657.243267886183 0 0 10.0 1 1064
406.1954917533476 120.06855145958644 0 0 10.0 1 1065
574.4062362512389 557.5038563231931 0 0 13.0 1 1066
128.81559080852696 210.21060037117002 0 0 10.0 1 1067
427.3474436415667 598.1214711389741 0 0 10.0 1 1068
321.4527136247593 728.746595120141 0 0 10.0 1 1069
100.83529410008475 286.4197255514092 0 0 11.0 1 1070
254.07501054787096 234.02741957360539 0 0 13.0 1 1071
558.3775421686037 414.05539528551753 0 0 11.0 1 1072
317.95951923915715 281.6557584141511 0 0 13.0 1 1073
655.6233250932345 221.1125614575507 0 0 13.0 1 1074
273.81618005773294 224.6898645691655 0 0 11.0 1 1075
196.27583015636705 590.6238773646223 0 0 11.0 1 1076
500.63657220155926 648.3873594519664 0 0 13.0 1 1077
374.6631894537739 203.62778701826306 0 0 12.0 1 1078
238.70805483358234 365.21626206927556 0 0 11.0 1 1079
575.9781553434327 649.1117998849566 0 0 12.0 1 1080
610.3471825744718 247.17963884684144 0 0 10.0 1 1081
185.63969801271503 577.0131659846803 0 0 10.0 1 1082
205.5469558998782 502.898074035407 0 0 11.0 1 1083
284.5792594379393 716.6181495873309 0 0 12.0 1 1084
682.9556563472966 405.009644804832 0 0 11.0 1 1085
267.66530597800875 689.1565817305668 0 0 13.0 1 1086
542.3937868789736 164.7362980435243 0 0 11.0 1 1087
430.17095399789656 695.4635570334467 0 0 13.0 1 1088
378.3222261541712 531.2214697413846 0 0 11.0 1 1089
89.00000014130006 399.9906251061052 0 0 11.0 1 1090
549.7332466091523 162.21657993063772 0 0 10.0 1 1091
411.7363139282529 576.6104723264663 0 0 10.0 1 1092
512.9597076586786 299.79468853565754 0 0 11.0 1 1093
503.80618738435703 244.45812312845212 0 0 13.0 1 1094
350.72564584029317 117.26153777360997 0 0 11.0 1 1095
442.52527486263625 708.0788876211047 0 0 11.0 1 1096
225.59623677040375 87.35431016667616 0 0 11.0 1 1097
205.02337383804024 321.99926121824626 0 0 13.0 1 1098
315.1765204162398 267.8864983761939 0 0 10.0 1 1099
301.29316687546526 510.2767477509436 0 0 12.0 1 1100
432.8121822940087 721.3290536087652 0 0 10.0 1 1101
388.5392382594499 769.8224586748706 0 0 13.0 1 1102
537.2017138113686 163.98159027901377 0 0 12.0 1 1103
302.0805686895284 224.46429146229582 0 0 11.0 1 1104
705.4280057409779 201.98552247603425 0 0 12.0 1 1105
681.0 400.0 0 0 12.0 1 1106
537.3740088962682 69.40601687301074 0 0 11.0 1 1107
666.866589454628 342.4567690092477 0 0 12.0 1 1108
423.0771956192127 192.27796688277724 0 0 12.0 1 1109
304.4368262968111 130.4379851837909 10 -15 11.0 1 1110
592.6243156276571 111.37416430787641 6 17 12.0 1 1111
586.9468214749726 140.28691611625584 -14 -1 12.0 1 1112
423.18184114715496 267.0052548367866 16 15 10.0 1 1113
333.769299949871 677.1975728084029 -12 -10 13.0 1 1114
234.93500148591855 417.59392695069204 -10 -16 12.0 1 1115
602.0679814535418 339.2584913647094 19 -14 10.0 1 1116
305.9918124358326 253.58121476087732 -8 -7 11.0 1 1117
221.02795231663526 403.1632495986594 20 -8 11.0 1 1118
101.17734567935833 522.6132997058895 -16 14 13.0 1 1119
278.3303754559303 348.8091564505417 -13 6 11.0 1 1120
234.08455985412277 484.0717950397149 -7 -8 12.0 1 1121
552.0 400.0 1 9 13.0 1 1122
309.39967284656734 602.6711146653389 12 13 10.0 1 1123
238.43938989597342 628.6879298581687 -15 5 11.0 1 1124
322.0351907935244 555.555419466497 -5 -13 10.0 1 1125
175.00691902576781 524.2059318781619 15 -5 12.0 1 1126
646.7534257123611 220.72996095494864 -4 13 12.0 1 1127
435.7863363739195 170.77666321045606 3 20 10.0 1 1128
102.53764566540025 252.55459398910722 -5 -4 12.0 1 1129
680.4701214699251 293.5269472465194 3 4 11.0 1 1130
119.22970761506667 615.6015837466855 -17 -13 12.0 1 1131
543.8539495362083 131.05569126149175 17 -5 11.0 1 1132
462.7705977186946 102.55109335881258 10 -15 12.0 1 1133
368.2901227369682 664.1031686367346 -16 -14 11.0 1 1134
44.798435330293955 499.96423588560367 -10 12 13.0 1 1135
418.09721268469605 205.84158299716987 -10 -8 10.0 1 1136
91.0121046440571 397.2649454292652 19 1 10.0 1 1137
532.1282975759307 743.4619527395812 21 9 11.0 1 1138
466.6826333162638 702.7431690625053 -4 -15 12.0 1 1139
348.17738206603946 616.8949429342942 -13 11 13.0 1 1140
333.91344595055523 176.56865176553714 -3 3 10.0 1 1141
647.1771285727561 128.7206843297352 0 1 11.0 1 1142
608.5804548580298 333.25276147122366 -4 12 10.0 1 1143
145.54352641797107 610.1235423559156 -7 -10 12.0 1 1144
392.10136690853983 654.8776404380865 -10 16 12.0 1 1145
719.4037554308895 313.1539234239996 -3 -12 10.0 1 1146
240.6637461762429 258.64598266263795 6 -16 13.0 1 1147
538.5748172779646 544.2117194141264 -17 18 13.0 1 1148
380.6892632351844 64.5553764842847 -3 -1 10.0 1 1149
379.95118338839774 271.55528445095786 -6 20 10.0 1 1150
535.9744589590539 719.2490352542864 -4 -17 11.0 1 1151
372.7437341093628 188.75110421661634 11 15 12.0 1 1152
90.9868204712343 239.95358524002225 -11 17 13.0 1 1153
302.9709756421365 307.5804759146579 -14 -2 13.0 1 1154
332.447701887509 706.6474963532576 1 -4 10.0 1 1155
449.12231124672184 261.4503751799371 18 13 12.0 1 1156
496.3968786856693 626.3264053964106 -2 9 12.0 1 1157
259.943007053025 556.4737637006633 8 1 11.0 1 1158
521.2572183134573 315.1431381272997 22 6 12.0 1 1159
737.1529450705775 423.9142557951567 12 -13 12.0 1 1160
493.04119683193824 85.47283791049057 -17 4 11.0 1 1161
540.6668953308624 92.66170990588205 9 21 10.0 1 1162
496.03584645685726 507.2991900962674 -16 17 12.0 1 1163
485.3257383551799 708.4145236109081 -16 4 11.0 1 1164
133.77066447009906 319.96287796711187 5 0 10.0 1 1165
551.4682010534272 421.5959271539469 4 13 12.0 1 1166
295.2603097922816 212.23792370345078 -13 -4 13.0 1 1167
689.5675971547788 518.8259511975718 -6 13 12.0 1 1168
725.4900830818883 224.05624246553842 19 0 12.0 1 1169
335.04503825520976 754.0915883563641 -2 20 12.0 1 1170
562.0 400.0 4 12 11.0 1 1171
288.4034866328318 327.6451922517138 21 14 10.0 1 1172
393.07640777197855 226.1378020653711 19 19 12.0 1 1173
639.1745494157359 640.2426583930917 -12 20 10.0 1 1174
