400 400 7.071067811865475 -7.0710678118654755 5 2 -1 10 187
742.842712474619 57.15728752538092
800.0 400.0 0 0 24.0 1 0
799.4518139018296 420.9343824971775 0 0 24.0 1 1
797.8087581473094 441.8113853070614 0 0 24.0 1 2
795.0753362380551 462.57378601609236 0 0 24.0 1 3
791.2590402935223 483.16467632710373 0 0 24.0 1 4
786.3703305156273 503.5276180410083 0 0 24.0 1 5
780.4226065180615 523.6067977499789 0 0 24.0 1 6
773.4321705988807 543.3471798181201 0 0 24.0 1 7
765.4181830570403 562.6946572303201 0 0 24.0 1 8
756.4026096753471 581.5961998958187 0 0 24.0 1 9
746.4101615137755 600.0 0 0 24.0 1 10
735.4682271781696 617.8556140060108 0 0 24.0 1 11
723.606797749979 635.1141009169893 0 0 24.0 1 12
710.8583845827884 651.728156419935 0 0 24.0 1 13
697.2579301909577 667.6522425435433 0 0 24.0 1 14
682.842712474619 682.842712474619 0 0 24.0 1 15
667.6522425435433 697.2579301909577 0 0 24.0 1 16
651.728156419935 710.8583845827884 0 0 24.0 1 17
635.1141009169893 723.606797749979 0 0 24.0 1 18
617.8556140060108 735.4682271781696 0 0 24.0 1 19
600.0 746.4101615137754 0 0 24.0 1 20
581.5961998958187 756.4026096753471 0 0 24.0 1 21
562.6946572303201 765.4181830570403 0 0 24.0 1 22
543.3471798181201 773.4321705988807 0 0 24.0 1 23
523.606797749979 780.4226065180615 0 0 24.0 1 24
503.5276180410083 786.3703305156273 0 0 24.0 1 25
483.1646763271038 791.2590402935223 0 0 24.0 1 26
462.57378601609236 795.0753362380551 0 0 24.0 1 27
441.8113853070614 797.8087581473094 0 0 24.0 1 28
420.9343824971776 799.4518139018296 0 0 24.0 1 29
400.0 800.0 0 0 24.0 1 30
379.0656175028225 799.4518139018296 0 0 24.0 1 31
358.1886146929386 797.8087581473094 0 0 24.0 1 32
337.4262139839077 795.0753362380551 0 0 24.0 1 33
316.83532367289627 791.2590402935223 0 0 24.0 1 34
296.47238195899166 786.3703305156273 0 0 24.0 1 35
276.3932022500211 780.4226065180615 0 0 24.0 1 36
256.65282018187986 773.4321705988807 0 0 24.0 1 37
237.3053427696799 765.4181830570403 0 0 24.0 1 38
218.4038001041813 756.4026096753471 0 0 24.0 1 39
200.00000000000009 746.4101615137755 0 0 24.0 1 40
182.14438599398918 735.4682271781696 0 0 24.0 1 41
164.8858990830108 723.606797749979 0 0 24.0 1 42
148.27184358006508 710.8583845827884 0 0 24.0 1 43
132.3477574564567 697.2579301909577 0 0 24.0 1 44
117.15728752538104 682.842712474619 0 0 24.0 1 45
102.74206980904233 667.6522425435434 0 0 24.0 1 46
89.14161541721165 651.728156419935 0 0 24.0 1 47
76.39320225002109 635.1141009169893 0 0 24.0 1 48
64.53177282183043 617.8556140060109 0 0 24.0 1 49
53.589838486224494 600.0 0 0 24.0 1 50
43.597390324652906 581.5961998958187 0 0 24.0 1 51
34.58181694295968 562.6946572303202 0 0 24.0 1 52
26.567829401119297 543.3471798181201 0 0 24.0 1 53
19.5773934819386 523.606797749979 0 0 24.0 1 54
13.629669484372698 503.5276180410084 0 0 24.0 1 55
8.740959706477724 483.16467632710373 0 0 24.0 1 56
4.924663761944942 462.5737860160924 0 0 24.0 1 57
2.1912418526906663 441.81138530706147 0 0 24.0 1 58
0.5481860981704472 420.9343824971775 0 0 24.0 1 59
0.0 400.00000000000006 0 0 24.0 1 60
0.5481860981704472 379.0656175028226 0 0 24.0 1 61
2.1912418526906663 358.1886146929386 0 0 24.0 1 62
4.924663761944885 337.4262139839077 0 0 24.0 1 63
8.740959706477781 316.8353236728962 0 0 24.0 1 64
13.629669484372698 296.47238195899166 0 0 24.0 1 65
19.577393481938543 276.3932022500211 0 0 24.0 1 66
26.567829401119297 256.65282018187986 0 0 24.0 1 67
34.58181694295968 237.30534276967992 0 0 24.0 1 68
43.59739032465285 218.40380010418136 0 0 24.0 1 69
53.58983848622455 199.99999999999994 0 0 24.0 1 70
64.53177282183037 182.14438599398918 0 0 24.0 1 71
76.39320225002103 164.8858990830108 0 0 24.0 1 72
89.14161541721171 148.27184358006497 0 0 24.0 1 73
102.74206980904228 132.3477574564567 0 0 24.0 1 74
117.15728752538092 117.15728752538104 0 0 24.0 1 75
132.34775745645675 102.74206980904228 0 0 24.0 1 76
148.27184358006485 89.14161541721177 0 0 24.0 1 77
164.8858990830107 76.39320225002109 0 0 24.0 1 78
182.1443859939892 64.53177282183032 0 0 24.0 1 79
199.99999999999983 53.58983848622461 0 0 24.0 1 80
218.40380010418124 43.597390324652906 0 0 24.0 1 81
237.30534276967995 34.58181694295962 0 0 24.0 1 82
256.65282018187975 26.567829401119354 0 0 24.0 1 83
276.393202250021 19.5773934819386 0 0 24.0 1 84
296.4723819589917 13.629669484372698 0 0 24.0 1 85
316.8353236728961 8.740959706477781 0 0 24.0 1 86
337.4262139839076 4.924663761944942 0 0 24.0 1 87
358.18861469293864 2.1912418526906663 0 0 24.0 1 88
379.0656175028223 0.5481860981704472 0 0 24.0 1 89
399.99999999999994 0.0 0 0 24.0 1 90
420.9343824971776 0.5481860981704472 0 0 24.0 1 91
441.8113853070612 2.1912418526906663 0 0 24.0 1 92
462.5737860160923 4.924663761944885 0 0 24.0 1 93
483.1646763271038 8.740959706477781 0 0 24.0 1 94
503.5276180410081 13.629669484372641 0 0 24.0 1 95
523.6067977499789 19.577393481938543 0 0 24.0 1 96
543.3471798181201 26.567829401119297 0 0 24.0 1 97
562.6946572303199 34.58181694295956 0 0 24.0 1 98
581.5961998958187 43.59739032465279 0 0 24.0 1 99
756.4026096753471 218.40380010418122 0 0 24.0 1 100
765.4181830570403 237.30534276967995 0 0 24.0 1 101
773.4321705988806 256.6528201818797 0 0 24.0 1 102
780.4226065180615 276.3932022500209 0 0 24.0 1 103
786.3703305156273 296.4723819589917 0 0 24.0 1 104
791.2590402935223 316.83532367289604 0 0 24.0 1 105
795.0753362380551 337.4262139839076 0 0 24.0 1 106
797.8087581473094 358.18861469293864 0 0 24.0 1 107
799.4518139018296 379.06561750282225 0 0 24.0 1 108
800.0 399.9999999999999 0 0 24.0 1 109
351.3262720542873 203.95187272542807 0 0 12.0 1 110
339.73622993677793 728.5183069750713 0 0 13.0 1 111
398.5011161105869 59.0032942283957 0 0 10.0 1 112
622.3244614552981 502.94092402252704 0 0 10.0 1 113
468.6539796520119 43.55136263699768 0 0 13.0 1 114
647.9941528302912 191.49364479233216 0 0 10.0 1 115
388.9419136719557 756.8286966133211 0 0 11.0 1 116
156.65492123693838 317.34304238722956 0 0 11.0 1 117
448.8534759081226 276.2973812253981 0 0 13.0 1 118
334.12807985657867 726.4198065936237 0 0 10.0 1 119
231.85079647293892 301.2536311897243 0 0 10.0 1 120
38.652738740837435 451.5088029418515 0 0 13.0 1 121
309.7234293727654 223.77814892645713 0 0 10.0 1 122
463.99831443353304 121.25241570613275 0 0 11.0 1 123
602.2131655302524 276.3924125054019 0 0 11.0 1 124
260.77652980488165 359.4805559412646 0 0 12.0 1 125
246.77448314825847 353.93546933358954 0 0 12.0 1 126
601.0864772872516 515.7075133783612 0 0 11.0 1 127
142.42813863285284 453.1576544992641 0 0 13.0 1 128
535.2095704360793 462.6048884871695 0 0 10.0 1 129
673.4501730266388 429.1548087234563 0 0 11.0 1 130
501.9374807860902 325.9409019027001 0 0 12.0 1 131
240.45256055893216 452.6176260182725 0 0 10.0 1 132
543.6869066740018 283.47072105922604 0 0 12.0 1 133
515.5708375399006 587.1987753975061 0 0 10.0 1 134
213.14823957172678 285.7746979655769 0 0 13.0 1 135
440.5231138385218 35.24408538746053 0 0 10.0 1 136
381.4383261084123 620.2191278303098 0 0 13.0 1 137
366.62883263521354 641.7071889471048 0 0 11.0 1 138
475.4487284796529 160.60808415737256 0 0 13.0 1 139
650.7147766723657 451.75036964240735 0 0 10.0 1 140
665.1570442342169 378.8400875953239 0 0 12.0 1 141
371.3170317693811 542.1347506188451 0 0 12.0 1 142
306.1314611999268 739.2531465197326 0 0 12.0 1 143
636.8892245165976 207.88416174629157 0 0 13.0 1 144
520.2183413424634 332.23902004201125 0 0 13.0 1 145
41.283419621869314 467.4345235159271 0 0 13.0 1 146
427.6686187312667 268.88765299368714 0 0 13.0 1 147
208.7656905790215 681.1217510266351 0 0 12.0 1 148
237.67659823258282 268.3485160028431 0 0 11.0 1 149
193.64609099752028 366.84786221981585 0 0 12.0 1 150
708.850548896092 203.6143120118408 0 0 12.0 1 151
428.1802836588148 253.68912681243154 0 0 13.0 1 152
506.15529727404083 131.20258025669216 0 0 13.0 1 153
528.2729902561324 413.6762557284577 0 0 13.0 1 154
621.4016347373887 500.15146596836166 0 0 12.0 1 155
748.0359126345255 311.9545372171121 0 0 11.0 1 156
523.2334088947459 588.2512335475662 0 0 12.0 1 157
436.91269851075197 261.8462715354583 0 0 13.0 1 158
290.78366256126435 320.6476740324001 0 0 10.0 1 159
227.81553917640562 555.4879784770774 0 0 10.0 1 160
83.88306921769947 236.27435731450552 0 0 11.0 1 161
398.6197960666401 86.00303339506235 0 0 10.0 1 162
367.32537582364193 105.80895843868092 0 0 12.0 1 163
372.78741022228775 722.855191932219 0 0 10.0 1 164
656.5887695528138 457.71657768243875 0 0 11.0 1 165
341.6006784577033 252.11315392030488 0 0 11.0 1 166
621.6472627769315 593.154060023324 0 0 13.0 1 167
374.08799852449675 653.6800508111221 0 0 12.0 1 168
584.7060523141097 560.9617166861033 0 0 12.0 1 169
381.8964920103962 237.00226075656647 0 0 13.0 1 170
246.57768092031722 296.624025962451 0 0 13.0 1 171
649.1703925104019 584.4291611871946 0 0 12.0 1 172
556.0956512666783 638.451562493584 0 0 13.0 1 173
411.80108555128635 243.4441493274326 0 0 13.0 1 174
235.55698288059457 728.0967755414047 0 0 12.0 1 175
699.8931242308506 493.059733714747 0 0 11.0 1 176
360.2108101092817 145.0866414488241 0 0 10.0 1 177
270.5221271440912 455.8254461756386 0 0 12.0 1 178
670.4791633009265 331.57469605452445 0 0 12.0 1 179
158.14748749172955 367.69888247386973 0 0 13.0 1 180
102.13329153754074 557.6211406815098 0 0 13.0 1 181
447.9866126916179 661.6357869298171 0 0 10.0 1 182
201.11813174038932 592.8082012715405 0 0 12.0 1 183
670.7050364239389 351.5873647204169 0 0 10.0 1 184
545.103819208344 568.014528095496 0 0 13.0 1 185
622.921561061137 394.08581247627643 0 0 13.0 1 186
554.7857633084603 426.2748449475407 0 0 12.0 1 187
705.4133860395486 381.06158328007143 0 0 11.0 1 188
529.7987762451211 122.89302122597314 0 0 10.0 1 189
399.34945801867116 252.0014297530867 0 0 12.0 1 190
474.94736294371546 98.16578592249851 0 0 10.0 1 191
63.48080573125986 333.6386265308053 0 0 12.0 1 192
429.0901429243332 273.2965525936967 0 0 10.0 1 193
58.18237662439907 300.51777872476 0 0 12.0 1 194
169.6322850484118 253.50864903352212 0 0 12.0 1 195
635.8915898094405 541.3511862602315 0 0 10.0 1 196
585.7867738379847 662.9967198785444 0 0 10.0 1 197
272.9594602344567 614.1534525896778 0 0 11.0 1 198
471.2023038105722 236.86131074430267 0 0 13.0 1 199
594.0864105084731 276.58822885989997 0 0 11.0 1 200
390.0239601139684 604.7571210683338 0 0 10.0 1 201
174.99786746156806 369.9493701703624 0 0 13.0 1 202
691.0565432007031 441.49805609974106 0 0 11.0 1 203
77.20208485309536 411.4239212537449 0 0 12.0 1 204
245.15177393622957 393.142384896814 0 0 12.0 1 205
98.25045951125276 279.28457093300017 0 0 12.0 1 206
582.649181847181 388.6740841184741 0 0 12.0 1 207
425.43970933278007 701.9301594558974 0 0 12.0 1 208
543.7969704313588 407.64403654903236 0 0 12.0 1 209
729.8298413442094 486.56370924846976 0 0 11.0 1 210
223.14112370401745 516.8971251798878 0 0 13.0 1 211
471.5500028443962 150.0388088263162 0 0 11.0 1 212
502.8601722502538 521.2467936262568 0 0 12.0 1 213
615.1260269710376 577.6563889075098 0 0 10.0 1 214
754.3194511243129 378.0289609948541 0 0 10.0 1 215
373.98695545414927 276.71447159761374 0 0 10.0 1 216
358.3219254670635 561.7156087185989 0 0 11.0 1 217
575.483379611669 550.2217809775497 0 0 11.0 1 218
435.22308805037727 82.95058103160738 0 0 11.0 1 219
469.4371741216243 140.1164128883795 0 0 11.0 1 220
386.1802658797316 535.2960270992652 0 0 13.0 1 221
174.9739721483325 210.793005442979 0 0 12.0 1 222
131.4195395229259 314.04340484917486 0 0 13.0 1 223
195.40888800830274 135.99530895455518 0 0 11.0 1 224
579.1894117720893 374.46268007850813 0 0 10.0 1 225
613.7876511441739 124.14525521887964 0 0 10.0 1 226
54.35752120600881 430.6639340780885 0 0 13.0 1 227
308.27136646919985 125.94369594812792 0 0 13.0 1 228
219.85697708945753 716.2981051107512 0 0 10.0 1 229
242.35298762405918 455.10371574531035 0 0 13.0 1 230
207.356427805223 318.947831046691 0 0 12.0 1 231
632.2018943377378 602.351872405387 0 0 10.0 1 232
321.15402713676866 628.7953508339945 0 0 11.0 1 233
325.3895546046282 616.5046914916724 0 0 13.0 1 234
549.6240880490728 410.61283541205177 0 0 12.0 1 235
398.8659470866024 142.00249240740789 0 0 12.0 1 236
359.48788151106953 35.24286401012131 0 0 10.0 1 237
347.1686390940934 215.4116815591251 0 0 11.0 1 238
631.4385868972661 325.93799560505636 0 0 10.0 1 239
247.69025782374587 732.8028582181995 0 0 13.0 1 240
563.2480602158347 364.799561994668 0 0 13.0 1 241
353.1181829609884 632.3167992873539 0 0 11.0 1 242
159.60036556401892 372.2148283603168 0 0 11.0 1 243
648.2005087115552 667.6219487921819 0 0 13.0 1 244
228.5059185110369 295.16307895470754 0 0 10.0 1 245
496.31529674012097 168.21483305901035 0 0 13.0 1 246
576.4237306210784 722.9530419019786 0 0 11.0 1 247
587.8161635472027 391.68803811303076 0 0 13.0 1 248
587.5506995532883 423.36097380402134 0 0 10.0 1 249
528.9540355328581 376.9379810122713 0 0 10.0 1 250
157.4977298448937 533.871763152727 0 0 11.0 1 251
245.89373849171477 283.8093800518303 0 0 11.0 1 252
358.5871393915599 184.95122651773642 0 0 11.0 1 253
265.1527212410678 460.99353581578 0 0 12.0 1 254
301.20362719787727 173.61917766483845 0 0 12.0 1 255
507.9127232039657 57.60279765934962 0 0 12.0 1 256
174.21713420572868 666.1260932598043 0 0 12.0 1 257
697.355003832979 503.94711008724136 0 0 11.0 1 258
148.00000011449393 399.9924036229534 0 0 10.0 1 259
551.4165074105672 197.3129474199557 0 0 10.0 1 260
37.355444766782796 383.93990785511926 0 0 13.0 1 261
459.99402458722363 220.77467529997998 0 0 11.0 1 262
554.2652783976805 221.3992612532464 0 0 10.0 1 263
493.1096867204747 542.23426534705 0 0 12.0 1 264
610.176285785498 561.403001500631 0 0 11.0 1 265
266.3355289443164 409.4767704100248 0 0 13.0 1 266
368.237785646182 217.74698427915624 0 0 12.0 1 267
173.01546981805765 369.6846069119515 0 0 12.0 1 268
222.86257874596117 194.90652377155146 0 0 12.0 1 269
491.11880843475103 255.2990575378614 0 0 11.0 1 270
441.82923243210854 253.86884208307717 0 0 12.0 1 271
47.0000001603824 399.9893590432641 0 0 10.0 1 272
315.18067969538606 520.0611631755386 0 0 10.0 1 273
385.88755333195536 689.656415169838 0 0 10.0 1 274
604.5975938070932 163.12698632316156 0 0 12.0 1 275
754.8718336367715 371.6807187365989 0 0 13.0 1 276
521.5680188203314 589.3309715817767 0 0 13.0 1 277
418.3292558506665 235.01503589732548 0 0 12.0 1 278
271.03097204575255 636.0677653313483 0 0 13.0 1 279
116.75108098222773 298.1616483083928 0 0 10.0 1 280
187.95293868164256 575.102951963263 0 0 11.0 1 281
560.746788042439 567.2855945203866 0 0 12.0 1 282
741.517804774477 418.15458680395193 0 0 10.0 1 283
418.86082831451273 72.54272163335492 0 0 11.0 1 284
174.74704138994736 446.487682641942 0 0 11.0 1 285
179.6200612627631 233.84139323474182 0 0 12.0 1 286
539.588342147276 419.9021289457942 0 0 11.0 1 287
378.44049569092226 724.2841158212145 0 0 13.0 1 288
446.6778433213846 611.9202183437537 0 0 13.0 1 289
329.847355883153 222.3497635143285 0 0 13.0 1 290
118.59819851289222 293.1635543467943 0 0 13.0 1 291
516.2721216332905 173.0511208864575 0 0 11.0 1 292
218.16039859785297 232.83732664883502 0 0 12.0 1 293
588.8425820736538 428.6265470456239 0 0 10.0 1 294
595.1029084408439 472.1030867433823 0 0 12.0 1 295
624.4524108577205 572.36622424407 0 0 10.0 1 296
347.71188631574427 189.3938434723658 0 0 10.0 1 297
364.987627682847 653.5944277477821 0 0 10.0 1 298
544.4649692335769 161.314280560521 0 0 10.0 1 299
621.942186553186 339.6537836480964 0 0 13.0 1 300
257.050413796812 396.20318497457276 0 0 10.0 1 301
720.2489530150922 466.1030112229187 0 0 12.0 1 302
162.0563552846249 462.4405472394609 0 0 11.0 1 303
543.185866540777 475.7747162513116 0 0 10.0 1 304
37.22123123759434 351.5483237108046 0 0 12.0 1 305
535.9950056925 455.80643714390754 0 0 10.0 1 306
446.5258374501238 158.43976641515545 0 0 12.0 1 307
293.6926547430191 279.08784864864464 0 0 11.0 1 308
444.9570011712875 604.1074914002053 0 0 13.0 1 309
599.6535052070847 277.9570655116626 0 0 11.0 1 310
179.8148862900535 490.34664188855015 0 0 12.0 1 311
481.04654202201135 278.5608875762247 0 0 13.0 1 312
130.71686842847174 450.6220806667507 0 0 13.0 1 313
448.9206259729075 202.98281203301352 0 0 13.0 1 314
427.62265468806817 727.8383579570636 0 0 11.0 1 315
436.54735459279254 226.81428790957182 0 0 12.0 1 316
462.8841097292812 644.0278441972467 0 0 11.0 1 317
651.5915730025524 447.30412660753086 0 0 12.0 1 318
295.41050044251995 227.1849642469849 0 0 13.0 1 319
674.6993844933234 496.0273302710706 0 0 13.0 1 320
285.1975870025307 451.9269291404613 0 0 10.0 1 321
522.4963218670421 223.30916512437315 0 0 10.0 1 322
597.0534557036297 293.4826981412989 0 0 11.0 1 323
460.29558460422686 765.0540267922469 0 0 13.0 1 324
613.9943614250061 327.31978757389413 0 0 13.0 1 325
194.6533094362973 383.6068101171576 0 0 13.0 1 326
604.2251668266175 218.8341057631425 0 0 10.0 1 327
162.57217264613877 679.8517943448372 0 0 11.0 1 328
311.5205946308358 299.36504173241235 0 0 10.0 1 329
414.9063225291565 265.825481000837 0 0 11.0 1 330
139.7857237687346 485.81684243456357 0 0 11.0 1 331
557.7387633852749 640.9615789408849 0 0 13.0 1 332
294.6007712447505 247.96052296262465 0 0 12.0 1 333
498.97865631628196 516.6714429233792 0 0 10.0 1 334
494.6750383407069 611.8032981688096 0 0 12.0 1 335
599.7479678978675 345.6884052832867 0 0 12.0 1 336
339.05917772348226 217.92799177176664 0 0 11.0 1 337
605.3919215626315 92.24334522741862 0 0 13.0 1 338
344.0668862019412 572.1408922390418 0 0 13.0 1 339
527.7994606017762 240.99277415823187 0 0 13.0 1 340
151.0037924133375 632.9847390012051 0 0 13.0 1 341
187.4720792962257 144.93945244054262 0 0 13.0 1 342
424.7296633526956 71.93073330398295 0 0 12.0 1 343
151.00853511591998 325.145137667083 0 0 10.0 1 344
166.80116474953175 429.0396838451276 0 0 12.0 1 345
387.9390934023041 270.5606917044067 0 0 13.0 1 346
290.86626723660356 505.8008902284265 0 0 10.0 1 347
203.5170849790912 357.62708288439023 0 0 10.0 1 348
256.8748338617804 201.15285564558124 0 0 10.0 1 349
283.49637995211106 613.2508066004373 0 0 13.0 1 350
587.702959075328 343.57660809233676 0 0 11.0 1 351
609.3976281827886 343.06465674624746 0 0 13.0 1 352
185.06096155947475 326.99171448210546 0 0 13.0 1 353
254.2191580984517 465.9389576386811 0 0 12.0 1 354
132.19540437133787 162.41906945175762 0 0 13.0 1 355
510.19754133701616 534.6569785910727 0 0 12.0 1 356
598.6967607126811 134.02331440089046 0 0 12.0 1 357
384.65603049881963 550.2183830293311 0 0 11.0 1 358
412.07553032331606 190.34747421647725 0 0 10.0 1 359
100.75387471153749 504.59807120516996 0 0 12.0 1 360
183.43713845331078 361.26336361131087 0 0 12.0 1 361
689.3600012754614 430.8510885037301 0 0 13.0 1 362
629.3794714193073 434.771512641805 0 0 12.0 1 363
202.98492054874296 649.6178248218962 0 0 12.0 1 364
653.3580097278324 303.8193423460225 0 0 10.0 1 365
563.0 400.0 0 0 12.0 1 366
157.10195234279945 459.16534834107154 0 0 10.0 1 367
137.3706113990704 229.72139229162727 0 0 13.0 1 368
507.0709380416688 482.22417057579315 0 0 10.0 1 369
175.50732341753715 529.1667068591661 0 0 11.0 1 370
483.0205871788648 558.5830448202976 0 0 12.0 1 371
424.40092387342975 767.1901345544609 0 0 12.0 1 372
94.9041990599465 271.63508170552507 0 0 10.0 1 373
540.6668953308624 92.66170990588205 0 0 10.0 1 374
125.14242645445285 295.6481228503572 0 0 12.0 1 375
602.5135325175603 185.49296247614848 0 0 13.0 1 376
535.9744589590539 719.2490352542864 0 0 10.0 1 377
284.86854572462465 290.33802739127316 0 0 10.0 1 378
462.0911295500046 234.248102179177 0 0 11.0 1 379
580.8010577817195 554.7739561586875 0 0 10.0 1 380
293.13438388785175 710.1027895601246 0 0 13.0 1 381
92.25792793678619 507.5677325327615 0 0 13.0 1 382
268.02061288154107 402.33267568169293 0 0 13.0 1 383
78.34643010204422 240.5635519340045 0 0 11.0 1 384
323.6713861429805 634.9104993538306 0 0 11.0 1 385
637.3126722862187 487.70231224074865 0 0 12.0 1 386
476.2137854657278 719.0226620555098 0 0 13.0 1 387
415.2505774208936 629.4938340965381 0 0 12.0 1 388
347.9449936448109 617.8675659967798 0 0 12.0 1 389
616.8092882767269 369.10125379664794 0 0 13.0 1 390
324.2318464418475 40.90643711368449 0 0 12.0 1 391
636.7865817064669 174.47591099005265 0 0 12.0 1 392
266.4560160174922 306.5387548655611 0 0 12.0 1 393
432.1332462788409 632.7927285882945 0 0 12.0 1 394
343.5427243677246 512.6435796136702 0 0 13.0 1 395
498.620304003505 615.5064631008922 0 0 11.0 1 396
735.183855491657 299.24394302202984 0 0 12.0 1 397
355.96100044483103 718.9742411515072 0 0 11.0 1 398
278.77272161917574 266.94382022477066 0 0 11.0 1 399
144.16016632319634 409.05425337758106 0 0 10.0 1 400
659.5734171083545 531.5395040689 0 0 10.0 1 401
253.89676972554548 726.8299957215826 0 0 10.0 1 402
135.67200340768107 437.67904215198456 0 0 10.0 1 403
110.10923587575832 459.8276263565862 0 0 11.0 1 404
369.86811496838897 564.2591534875356 0 0 12.0 1 405
627.8229511674471 342.36578341510125 0 0 13.0 1 406
526.1927471746229 493.4044461496437 0 0 10.0 1 407
406.1733649970856 121.06830663294505 0 0 12.0 1 408
197.97698158032856 566.8253578704541 0 0 11.0 1 409
141.52750509740173 448.58980735531185 0 0 12.0 1 410
466.97462568571007 274.7865841283011 0 0 10.0 1 411
305.95434550441706 300.3786424982201 0 0 12.0 1 412
137.82776150673305 216.51780096306467 0 0 12.0 1 413
716.6989267261185 546.6382958524977 0 0 13.0 1 414
574.87262169602 263.23901806011827 0 0 12.0 1 415
174.11505179633292 347.08506661606157 0 0 10.0 1 416
539.3153012045872 492.08825576736234 0 0 13.0 1 417
115.89134112111327 367.1629789712835 0 0 13.0 1 418
668.5575839536207 356.8627295602282 0 0 11.0 1 419
393.2826277392801 96.07422467005057 0 0 12.0 1 420
98.5881207085933 230.0974425677398 0 0 11.0 1 421
525.2055705392266 335.15738202426786 0 0 10.0 1 422
264.1947390471863 444.7876221465058 0 0 11.0 1 423
688.8982077849976 296.1403565449198 0 0 13.0 1 424
335.88694223397795 175.99438439206327 0 0 13.0 1 425
45.68121133943242 378.01828027409965 0 0 10.0 1 426
226.06287000497653 273.6240734590076 0 0 11.0 1 427
665.9918075356528 469.8094429423144 0 0 10.0 1 428
106.66159902618057 431.26631596659126 0 0 11.0 1 429
376.9290660376391 192.27727133001457 0 0 13.0 1 430
492.12347713354393 652.7335849483115 0 0 11.0 1 431
270.0489813093605 317.3638533009612 0 0 12.0 1 432
197.93384965176583 339.2524001836712 0 0 13.0 1 433
316.8030544824229 209.36351803354816 0 0 13.0 1 434
275.7724664622418 691.6445094822208 0 0 11.0 1 435
651.8420674911714 408.9203722888825 0 0 12.0 1 436
403.65606312368226 675.9757837246516 0 0 13.0 1 437
565.1647951794054 314.4629294788215 0 0 12.0 1 438
246.73110744168093 587.2769248304405 0 0 11.0 1 439
276.3693207336367 51.26592488812105 0 0 10.0 1 440
734.9475083969766 405.9301449103136 0 0 10.0 1 441
566.3605496568933 370.24823504636527 0 0 10.0 1 442
167.6296972147079 218.26105980425748 0 0 11.0 1 443
487.5923830114072 553.8069388499197 0 0 13.0 1 444
547.8554001015066 695.023356127652 0 0 12.0 1 445
500.7962692679078 625.497476929724 0 0 10.0 1 446
559.7719171660627 74.05225190978729 0 0 10.0 1 447
562.6199782491859 621.7650618881033 0 0 11.0 1 448
272.1353519935783 382.9227698324967 0 0 13.0 1 449
522.2841064267585 180.80237839928733 0 0 10.0 1 450
502.5860276205815 715.7532374133784 0 0 11.0 1 451
217.66731145402716 658.0906636970761 0 0 11.0 1 452
500.1062457315313 186.28350656643678 0 0 10.0 1 453
282.0563308678286 663.8376222445178 0 0 12.0 1 454
671.957379952172 404.8149236286725 0 0 10.0 1 455
480.8680225966441 171.9115019969033 0 0 12.0 1 456
253.94516117064376 438.32732777706747 0 0 13.0 1 457
415.2378555544932 549.224018703761 0 0 13.0 1 458
575.7518527494385 409.34271133770625 0 0 11.0 1 459
214.26988132351906 359.94599874643853 0 0 11.0 1 460
376.1734226636372 276.2733084074648 0 0 13.0 1 461
657.8440030393789 307.3044224537721 0 0 12.0 1 462
536.404413479804 87.47026384161353 0 0 11.0 1 463
382.19274645709027 163.66993056054307 0 0 11.0 1 464
611.6446630390177 336.3797468796246 0 0 10.0 1 465
488.8014336972212 690.7409592288607 0 0 11.0 1 466
625.7173192168718 432.1821659549012 0 0 12.0 1 467
222.41990040046076 364.9813160410372 0 0 12.0 1 468
643.5173152112154 223.08104343422798 0 0 11.0 1 469
126.2715591808207 346.0209236212673 0 0 12.0 1 470
177.74998963515554 156.06367041207957 0 0 13.0 1 471
432.08430157661746 194.48942218868473 0 0 13.0 1 472
330.56976373613077 179.6810441828863 0 0 13.0 1 473
234.07426707668935 578.8984380978833 0 0 10.0 1 474
691.4411835002609 306.7367352063673 0 0 12.0 1 475
630.8067765478642 543.9174482110641 0 0 10.0 1 476
554.3410659835221 347.58020077232186 0 0 13.0 1 477
141.89608230749263 317.3963216812993 0 0 13.0 1 478
203.9569129456574 472.4438266397037 0 0 11.0 1 479
582.0266482279052 582.8395453257158 0 0 11.0 1 480
400.96037646340704 183.00212517849735 0 0 11.0 1 481
488.00284740632515 198.3679121558797 0 0 12.0 1 482
579.7457219923181 608.1261046227991 0 0 10.0 1 483
113.71863288820009 420.2972619975905 0 0 10.0 1 484
542.7198610270171 369.22596437857203 0 0 10.0 1 485
251.65660412642737 279.6869213231724 0 0 12.0 1 486
266.7979808741501 568.7667683544267 0 0 12.0 1 487
490.30779446965835 490.7110922546187 0 0 12.0 1 488
242.35494326030926 163.77122087785392 0 0 12.0 1 489
349.8885476655862 139.78116450776326 0 0 12.0 1 490
123.3901068125943 414.6958154197721 0 0 13.0 1 491
161.0359917354224 449.31736767232104 0 0 10.0 1 492
611.4812489696061 167.89726125214403 0 0 13.0 1 493
687.9544175380777 454.1410511562756 0 0 13.0 1 494
201.5552547645481 161.8410549896633 0 0 11.0 1 495
280.056328863329 520.4720538309948 0 0 11.0 1 496
414.3570636828561 570.3962286038234 0 0 12.0 1 497
588.0721668365615 491.15843384679545 0 0 13.0 1 498
645.2322000821057 552.9122887242556 0 0 11.0 1 499
242.63575414899594 599.3802751722064 0 0 13.0 1 500
469.8942551570086 517.8295085963061 0 0 13.0 1 501
528.1317031570863 479.8953480877598 0 0 10.0 1 502
735.6742451656842 339.96833225331693 0 0 13.0 1 503
486.03282498683734 53.52149702357548 0 0 11.0 1 504
439.90630773161024 192.80809233169836 0 0 13.0 1 505
407.2411070278206 633.8879354926449 0 0 10.0 1 506
178.23866543973998 124.06901135600515 0 0 10.0 1 507
639.5488558487666 219.4000396967186 0 0 11.0 1 508
80.29433612732294 219.78543763688006 0 0 10.0 1 509
738.5788885417378 351.7471634632584 0 0 10.0 1 510
487.3850794967766 590.9550938868666 0 0 10.0 1 511
283.3600897312528 738.4658495808678 0 0 12.0 1 512
617.9900349953164 686.4966747498838 0 0 11.0 1 513
502.03540898833376 572.0138811624906 0 0 10.0 1 514
480.334797131409 284.123685035054 0 0 13.0 1 515
485.0688717656963 57.40360910174269 0 0 13.0 1 516
428.19506160358446 277.19512020619834 0 0 13.0 1 517
525.8553280316083 428.30965217123423 0 0 11.0 1 518
386.2066165965603 160.39669748877478 0 0 10.0 1 519
532.579506056275 470.16177430677 0 0 13.0 1 520
365.9449972383942 646.6602051140537 0 0 11.0 1 521
305.94864483229884 533.1290448817197 0 0 12.0 1 522
581.0830431267152 569.448905254558 0 0 13.0 1 523
110.10223776975852 392.3001653330496 0 0 11.0 1 524
479.72623677562126 688.1748204989423 0 0 12.0 1 525
608.7558808652118 301.0960961124917 0 0 13.0 1 526
200.5855195659737 622.7888349833253 0 0 12.0 1 527
215.74826411351418 686.9360518004258 0 0 12.0 1 528
134.9706214381663 156.36209552056926 0 0 10.0 1 529
313.66716844159987 142.06465501000275 0 0 12.0 1 530
559.4972985558983 449.49355264446734 0 0 12.0 1 531
566.5471369800838 241.37449396853856 0 0 12.0 1 532
130.30544248213562 521.98707163156 0 0 10.0 1 533
450.59447556312756 75.92562729754133 0 0 11.0 1 534
381.2592066712725 198.87122864838574 0 0 13.0 1 535
160.6983074494713 604.8406696494918 0 0 11.0 1 536
618.3321179825169 489.5940079317155 0 0 10.0 1 537
392.4208595874114 57.08374691390571 0 0 11.0 1 538
419.55085861870225 60.56257730286791 0 0 13.0 1 539
732.9662182408495 252.93029710240432 0 0 13.0 1 540
282.46444044960083 662.9246892955748 0 0 10.0 1 541
239.51532675428936 645.1401020910644 0 0 11.0 1 542
527.686498468699 264.7514949849614 0 0 10.0 1 543
348.87570847157866 567.3657874707881 0 0 11.0 1 544
761.8496505903034 371.1238789364759 0 0 10.0 1 545
229.83715877538867 237.92098388018357 0 0 12.0 1 546
529.8630380271325 353.31390619934507 0 0 11.0 1 547
673.729751027599 471.8402631006362 0 0 10.0 1 548
246.99471349284877 564.9678220164908 0 0 11.0 1 549
333.4165061524572 545.4875882921091 0 0 10.0 1 550
690.454774576126 321.0251690351174 0 0 10.0 1 551
467.1852952314503 619.9684888902564 0 0 12.0 1 552
258.6693871141633 293.44176305271486 0 0 13.0 1 553
233.2192342833714 692.8364324789097 0 0 10.0 1 554
540.9116330010125 404.9911606854462 0 0 11.0 1 555
426.9417977564014 157.49198047558681 0 0 11.0 1 556
708.7101562789908 218.72110048270636 0 0 12.0 1 557
298.25662377257584 317.48160572427 0 0 11.0 1 558
251.3628180581895 109.85695227285368 0 0 12.0 1 559
211.90142564591537 426.81280153137476 0 0 11.0 1 560
367.88338002618707 575.0786186873133 0 0 13.0 1 561
108.18066792868655 600.3933068479396 0 0 12.0 1 562
309.6644274216064 61.85878049706247 0 0 13.0 1 563
630.4078805223377 195.6077090661095 0 0 13.0 1 564
487.36795312267367 104.65132340375334 0 0 13.0 1 565
420.67069125225316 125.77796856715901 0 0 12.0 1 566
389.48866041276676 615.7440885402932 0 0 12.0 1 567
367.9303978704639 534.2219826230162 0 0 10.0 1 568
233.58619991047237 499.71182046158185 0 0 13.0 1 569
454.59996056567155 162.18737563739995 0 0 12.0 1 570
604.6684217456026 668.9885446262799 0 0 13.0 1 571
665.7729358672502 155.69333500597557 0 0 10.0 1 572
183.8864897251162 609.5136049918183 0 0 10.0 1 573
550.3884647799116 713.8268784873935 0 0 13.0 1 574
417.2791341236996 266.1103755926726 0 0 10.0 1 575
369.52072399120306 584.4993597115707 0 0 12.0 1 576
32.74769238296432 364.1288061257752 0 0 11.0 1 577
130.85627935825374 378.51378025064344 0 0 12.0 1 578
304.77795069171515 267.70577742950917 0 0 13.0 1 579
687.4786423406733 237.96287401350511 0 0 13.0 1 580
706.6272295968608 457.65190430292824 0 0 12.0 1 581
545.5005604108785 159.60327181901937 0 0 13.0 1 582
487.50745448198745 255.4197613431113 0 0 13.0 1 583
118.03465682652893 210.01172339045047 0 0 10.0 1 584
333.77267875986723 111.50400016402955 0 0 13.0 1 585
179.55337236338752 415.6295989598171 0 0 11.0 1 586
360.0565884430386 144.09860517536995 0 0 12.0 1 587
574.3529672976906 656.3221465158452 0 0 10.0 1 588
178.85881737815123 320.491652333795 0 0 10.0 1 589
528.9880917459184 436.3052639123662 0 0 12.0 1 590
396.8180868238695 256.03515905423444 0 0 12.0 1 591
476.526521587302 676.6092758635332 0 0 10.0 1 592
213.7315748285984 416.5249443014483 0 0 11.0 1 593
173.7566911631891 314.1049174482532 0 0 10.0 1 594
255.05461793787916 429.9138131782931 0 0 11.0 1 595
97.062235649743 207.36119048730563 0 0 11.0 1 596
423.1085898771239 567.4126431124331 0 0 13.0 1 597
388.2414735528404 539.5053298472551 0 0 12.0 1 598
695.019031536368 357.95513073699124 0 0 11.0 1 599
278.8008946238448 358.83233239519603 0 0 13.0 1 600
501.882879911683 639.2067699311656 0 0 13.0 1 601
97.32199938667196 278.9131388435632 0 0 11.0 1 602
277.1897502877228 497.80921513644876 0 0 11.0 1 603
611.7332141746724 323.88136880328 0 0 12.0 1 604
454.63673826558386 648.0540804576657 0 0 10.0 1 605
209.4775574805487 535.8572739915769 0 0 10.0 1 606
182.3633492991483 453.01215211360005 0 0 12.0 1 607
460.521911718459 699.9551603189101 0 0 13.0 1 608
426.50305937997877 531.3529133422678 0 0 11.0 1 609
173.50778243221617 373.82223498410013 0 0 10.0 1 610
357.4892194742391 214.81675686204602 0 0 12.0 1 611
354.219481017981 591.606743309668 0 0 11.0 1 612
684.1544863301598 252.83944856571435 0 0 11.0 1 613
339.60221743675896 261.6052462647393 0 0 11.0 1 614
186.99594717081214 592.3493526850052 0 0 10.0 1 615
394.1457190028001 588.9093099717581 0 0 13.0 1 616
418.1680791883689 673.3970023584845 0 0 11.0 1 617
246.55116302693096 421.87360124927943 0 0 12.0 1 618
410.8452706201901 622.7361221382263 0 0 10.0 1 619
423.5188644348914 188.30242557909833 0 0 12.0 1 620
608.5286223411042 99.21467179311895 0 0 10.0 1 621
133.79366772445923 493.04938826453605 0 0 11.0 1 622
600.9510151504664 98.89754316844744 0 0 13.0 1 623
292.1715910625419 180.00446771350943 0 0 13.0 1 624
405.8857171656802 134.06512388660713 0 0 10.0 1 625
634.7024342356044 573.720371182777 0 0 10.0 1 626
268.5650517137852 522.9831466868532 0 0 10.0 1 627
102.57183374408692 381.5477394976949 0 0 11.0 1 628
217.67490091388288 556.069081637708 0 0 12.0 1 629
302.88429523433854 210.42800869361298 0 0 13.0 1 630
264.7660253137646 414.41430159815735 0 0 10.0 1 631
472.0501951076595 156.43323423556282 0 0 12.0 1 632
552.7619737533568 332.52571323104814 0 0 13.0 1 633
102.18644361059575 410.53971682234044 0 0 13.0 1 634
577.7892998244612 275.58149306502725 0 0 10.0 1 635
31.44750099776155 432.6964138584805 0 0 13.0 1 636
206.70427005411108 673.6087732231662 0 0 11.0 1 637
453.6286276886158 264.2061478113393 0 0 12.0 1 638
613.7907393569221 390.53851146908823 0 0 13.0 1 639
665.4050956180122 454.78261786364214 0 0 13.0 1 640
696.7945093602415 577.845492531055 0 0 13.0 1 641
319.0629704139999 158.18561407187755 0 0 12.0 1 642
532.6785803890157 171.7624169731122 0 0 12.0 1 643
485.0986556389679 112.32271760105846 0 0 13.0 1 644
551.518310990981 387.9086214830422 0 0 12.0 1 645
193.34344380969313 226.23847438640928 0 0 13.0 1 646
295.96329164501356 482.8574879818324 0 0 12.0 1 647
455.04750122604594 160.23809183114915 0 0 11.0 1 648
341.5260300767201 235.05820771735455 0 0 12.0 1 649
562.073876178831 501.059678707034 0 0 13.0 1 650
205.02337383804024 321.99926121824626 0 0 12.0 1 651
239.9334876658279 177.61584672199697 0 0 13.0 1 652
330.42542847657387 70.2601343523479 0 0 13.0 1 653
662.4010754420401 321.1224011086748 0 0 10.0 1 654
385.63553566485206 39.285899687350366 0 0 12.0 1 655
316.3452158076566 267.1433965444982 0 0 12.0 1 656
372.8758711856945 40.02044275255719 0 0 12.0 1 657
552.6930895831036 179.75281978293955 0 0 12.0 1 658
413.45559093169504 166.3871855555032 0 0 10.0 1 659
704.5699720941973 416.19049407954776 0 0 12.0 1 660
393.6140770284603 111.07056226856781 0 0 10.0 1 661
756.31561704614 377.9051804934167 0 0 11.0 1 662
181.7845865507442 697.5618143061545 0 0 13.0 1 663
141.92420273319033 219.38471032301678 0 0 11.0 1 664
544.7681695818289 353.673149514274 0 0 13.0 1 665
572.4517618515772 386.2381020826731 0 0 13.0 1 666
539.2119953324142 160.52344508163668 0 0 12.0 1 667
325.7240561174561 566.1537967076202 0 0 12.0 1 668
726.9605658226433 373.90807793709115 0 0 10.0 1 669
123.35987586608366 340.3406191854848 0 0 10.0 1 670
675.7000792504821 184.38583928397023 0 0 12.0 1 671
322.15397752232843 152.97571620505434 0 0 13.0 1 672
621.168858683638 680.2379987592278 0 0 12.0 1 673
313.1204504937426 304.6430711610857 0 0 12.0 1 674
199.1666074781026 272.2895914651218 0 0 13.0 1 675
233.79589426756885 125.37808674892153 0 0 11.0 1 676
527.3160975289358 426.27948458403495 0 0 13.0 1 677
98.40190306956907 523.752122922972 0 0 12.0 1 678
704.7521035244991 328.6196427762304 0 0 10.0 1 679
234.1038578501976 405.8711174245252 0 0 13.0 1 680
174.00666863981286 369.81698854115695 0 0 11.0 1 681
353.62937453219143 652.7820505766266 0 0 10.0 1 682
272.198655053391 523.8984109253943 0 0 10.0 1 683
528.710449290068 596.6179550385692 0 0 11.0 1 684
717.0844498237019 498.39436813151593 0 0 10.0 1 685
406.1512382408237 122.06806180630366 0 0 11.0 1 686
696.9835163403177 596.3078985220418 0 0 12.0 1 687
335.78308135410094 558.4840287209597 0 0 12.0 1 688
692.4688261345752 532.2988501063543 0 0 10.0 1 689
525.3573883361828 425.8751848212037 0 0 11.0 1 690
644.5270958182778 434.8640131178097 0 0 13.0 1 691
535.604387594292 89.30328282201464 0 0 11.0 1 692
327.2624241554724 704.4310185580005 0 0 11.0 1 693
312.83198919160446 274.2592433150355 0 0 10.0 1 694
452.59974441166617 63.081216184334096 0 0 12.0 1 695
528.5378547070195 734.1287475020927 0 0 13.0 1 696
359.21994152175375 247.35339233867393 0 0 11.0 1 697
442.11064581931043 130.2673666226487 0 0 10.0 1 698
438.79911715092663 243.74498885376934 0 0 11.0 1 699
228.7324488816751 486.7837884280928 0 0 11.0 1 700
287.2814547077412 189.2500781798555 0 0 10.0 1 701
100.2381438399413 535.5869816445379 0 0 10.0 1 702
232.14806024417197 245.69599382969386 0 0 12.0 1 703
439.43657155195376 638.7650661722264 0 0 13.0 1 704
76.55448820846232 239.67532659658949 0 0 13.0 1 705
329.6660413159915 288.2989066488775 0 0 11.0 1 706
612.4518068229235 270.13380048035896 0 0 13.0 1 707
460.2294752533995 673.4454430241984 0 0 11.0 1 708
646.0862007769047 500.9830767365946 0 0 12.0 1 709
438.6950759073271 663.1704601594301 0 0 12.0 1 710
85.42365322771587 314.4563149530976 0 0 13.0 1 711
498.0854687695878 106.98081834758631 0 0 11.0 1 712
202.07006668859074 293.0012079538228 0 0 12.0 1 713
252.32838785154604 306.09528784200137 0 0 12.0 1 714
724.2355719864729 526.3934090789735 0 0 10.0 1 715
309.52043832591835 523.3792888586494 0 0 11.0 1 716
737.6728729255136 429.96716353327315 0 0 13.0 1 717
287.51572694755026 746.1838937845923 0 0 12.0 1 718
345.66218157550645 577.8859226832376 0 0 12.0 1 719
586.3831292388625 593.964762612 0 0 10.0 1 720
334.28093121033726 562.1912574629705 0 0 10.0 1 721
483.79871804842725 528.0108388123451 0 0 13.0 1 722
566.0619844983157 585.5381828747958 0 0 10.0 1 723
113.67160951809035 353.99942604663437 0 0 11.0 1 724
69.32411079285151 385.3556735538415 0 0 13.0 1 725
412.3630429500617 185.35574741210766 0 0 10.0 1 726
601.6263591394386 609.8280517475539 0 0 13.0 1 727
509.47112134035916 326.2431454542402 0 0 10.0 1 728
100.04684745804792 405.3015356402113 0 0 12.0 1 729
231.86536625076462 363.7405883388812 0 0 13.0 1 730
40.194827702859925 351.9454685984209 0 0 12.0 1 731
599.0859215525975 143.11520901471602 0 0 13.0 1 732
530.1058446099084 442.9123431933327 0 0 13.0 1 733
242.47701201834968 105.47918875343822 0 0 12.0 1 734
662.3491387823407 362.6111061922909 0 0 12.0 1 735
378.6643356192349 554.5341044088048 0 0 13.0 1 736
375.87818680460816 141.12138340881336 0 0 13.0 1 737
193.79742322734094 528.5670927271658 0 0 13.0 1 738
478.56218752299435 83.60786562937147 0 0 10.0 1 739
517.5421976736784 102.3696390385519 0 0 11.0 1 740
426.494672323006 194.70257590876466 0 0 10.0 1 741
502.28649608514064 291.65576748795297 0 0 10.0 1 742
652.3123336610151 239.56469751786994 0 0 11.0 1 743
234.36852683805083 428.110764809989 0 0 11.0 1 744
555.90127409392 322.72909515288165 0 0 11.0 1 745
549.2084846261578 95.60251624633025 0 0 11.0 1 746
94.47390714428155 248.55757997073965 0 0 12.0 1 747
207.11750782444324 222.6857472955254 0 0 12.0 1 748
612.7917172103945 390.5827240323168 0 0 11.0 1 749
409.3453603521445 701.8553697383709 0 0 12.0 1 750
586.2146214037092 713.9253331215455 0 0 11.0 1 751
334.5091536859265 215.2651926434371 0 0 10.0 1 752
555.7173808238522 432.14183114508893 0 0 13.0 1 753
401.50916301392533 59.003339566210116 0 0 13.0 1 754
418.975833365211 70.54603091160709 0 0 13.0 1 755
279.66086982707765 620.2714092868715 0 0 11.0 1 756
170.5992913183914 239.45307584268159 0 0 11.0 1 757
362.1096056488724 606.5534265412124 0 0 11.0 1 758
350.08874789140793 626.567576923426 0 0 12.0 1 759
187.9950492086683 285.3924049638724 0 0 11.0 1 760
283.9865603570586 226.15558156151926 0 0 10.0 1 761
534.0819350952268 422.76037524118175 0 0 13.0 1 762
211.0334052226274 688.6461952949394 0 0 12.0 1 763
536.6108236304898 255.29864248391033 0 0 10.0 1 764
454.60611470218726 86.72348917109736 0 0 10.0 1 765
609.4694766549349 119.60289168768571 0 0 12.0 1 766
354.16748935028676 711.6478476863653 0 0 13.0 1 767
358.634861021323 573.1269051224411 0 0 11.0 1 768
476.77640032799644 236.0903164768011 0 0 12.0 1 769
302.93139737719696 750.8185946965416 0 0 11.0 1 770
217.74593529050645 474.7827245884218 0 0 13.0 1 771
254.15025642516827 189.61023718071303 0 0 10.0 1 772
292.00886056227097 558.7511064620999 0 0 10.0 1 773
200.71966184820252 196.25421028618717 0 0 12.0 1 774
299.2855642927323 636.4436559524629 0 0 13.0 1 775
174.21532140867728 288.0836074857079 0 0 12.0 1 776
343.62313140878354 679.3683029404888 0 0 13.0 1 777
254.53809645544214 197.90637165612134 0 0 12.0 1 778
600.7308769535605 474.1829834763645 0 0 11.0 1 779
114.94334011161749 185.07745429276386 0 0 10.0 1 780
128.82637739598562 537.407665011147 0 0 10.0 1 781
253.3025743802294 380.40751887759313 0 0 11.0 1 782
231.45749408628419 342.75121223706947 0 0 10.0 1 783
494.45950775925434 80.67821653717488 0 0 11.0 1 784
403.42964722060316 245.03794812941393 0 0 13.0 1 785
295.53909236964836 686.5535181725102 0 0 10.0 1 786
768.768741683501 413.0619737087208 0 0 12.0 1 787
599.0859215525975 143.11520901471602 0 0 12.0 1 788
675.2937089671484 581.9708048097579 0 0 13.0 1 789
242.9589890050373 520.5907163328919 0 0 13.0 1 790
622.7122774338014 356.0882535049052 0 0 11.0 1 791
741.9195584202407 290.58329391858126 0 0 10.0 1 792
188.7435956225761 117.19311958595785 0 0 10.0 1 793
372.7805396071172 564.7668078707611 0 0 10.0 1 794
255.88687040195353 502.7638354551671 0 0 12.0 1 795
139.51711366759042 607.4552142703021 0 0 12.0 1 796
259.2212763896572 313.9398409329689 0 0 10.0 1 797
733.4940221344757 315.6333169991269 0 0 11.0 1 798
214.12728109985008 689.4604158925117 0 0 10.0 1 799
685.8457361568119 532.3526166003919 0 0 13.0 1 800
214.68876036098038 346.0672227356143 0 0 13.0 1 801
484.89279980553147 277.5491423420074 0 0 10.0 1 802
555.3595305872302 357.7576485536675 0 0 10.0 1 803
607.2968402183966 476.6095296648437 0 0 12.0 1 804
110.1638968190237 295.79331454812285 0 0 12.0 1 805
109.57874522572439 361.2121826428026 0 0 10.0 1 806
626.5572612989936 168.38003680015066 0 0 11.0 1 807
483.38149647476564 188.86846269297274 0 0 12.0 1 808
213.07785287499368 175.6696388934893 0 0 12.0 1 809
82.51087769692583 368.9894015016864 0 0 10.0 1 810
246.5430416025181 531.3581437117376 0 0 12.0 1 811
570.5680024190184 171.6766403742584 0 0 11.0 1 812
462.4442925141417 241.88387073923067 0 0 12.0 1 813
527.7296853475917 685.7518634777475 0 0 11.0 1 814
548.2277109756026 709.3178716125747 0 0 10.0 1 815
317.3192838679887 521.5438158850452 0 0 13.0 1 816
474.54008479094983 46.779423363589956 0 0 10.0 1 817
80.15959961629949 336.9276741954593 0 0 12.0 1 818
758.4437822737729 473.98685659812924 0 0 10.0 1 819
529.4078490134668 495.78417726173655 0 0 13.0 1 820
187.31280981063827 447.834706326623 0 0 10.0 1 821
124.69472223431995 477.47905545605056 0 0 13.0 1 822
608.288898619604 694.8503598638339 0 0 13.0 1 823
225.95809428839632 309.8589158248401 0 0 11.0 1 824
512.1648434526238 745.2362204248685 0 0 11.0 1 825
239.25042233249482 246.88705711234363 0 0 10.0 1 826
663.5765253455631 497.4084969946655 0 0 12.0 1 827
220.8434509022844 367.95423716935716 0 0 13.0 1 828
366.74039189328624 677.0104663520638 0 0 12.0 1 829
623.6841762265581 411.8907235207171 0 0 13.0 1 830
227.04540440161148 334.33640383440843 0 0 13.0 1 831
528.1317031570863 479.8953480877598 0 0 10.0 1 832
513.5495921125088 502.54506390403634 0 0 12.0 1 833
554.9256806522278 122.2914594859497 0 0 13.0 1 834
403.1924319304617 640.9788546291342 0 0 12.0 1 835
252.1583618113351 517.744851342604 0 0 12.0 1 836
259.13155259795224 337.77395620372045 0 0 13.0 1 837
221.92577376651758 585.306691598945 0 0 12.0 1 838
511.8038491426539 492.33038133186 0 0 13.0 1 839
378.3741364529686 232.38937376811344 0 0 10.0 1 840
203.24083056956528 568.4245506006932 0 0 10.0 1 841
364.53612347078183 747.1934813062026 0 0 12.0 1 842
736.9091948587419 494.8271818606579 0 0 11.0 1 843
519.5280430105959 482.08560735023616 0 0 12.0 1 844
211.308454438184 137.84641785111324 0 0 11.0 1 845
233.50721490160745 360.9980447902867 0 0 12.0 1 846
411.18966739047204 119.22287959363462 0 0 11.0 1 847
157.6084592049917 417.1854866390749 0 0 12.0 1 848
174.08662603392187 199.5825669676838 0 0 11.0 1 849
452.2400040224662 152.45206124927495 0 0 13.0 1 850
538.4044781935842 82.88771639061082 0 0 13.0 1 851
539.281939954647 302.5292802813577 0 0 13.0 1 852
60.87276645866308 451.397660166583 0 0 11.0 1 853
583.925968664962 224.82226725221216 0 0 11.0 1 854
143.24411210260553 233.52954006785285 0 0 11.0 1 855
583.7514361417989 505.73272774229565 0 0 10.0 1 856
235.55250338919376 701.0083401808643 0 0 12.0 1 857
646.6968340695482 575.9251888163312 0 0 10.0 1 858
740.1454268315589 424.1265125033977 0 0 11.0 1 859
142.734849588756 213.08118772076472 0 0 10.0 1 860
644.5845524956076 654.533684765933 0 0 11.0 1 861
109.00501632436823 599.8272240602336 0 0 12.0 1 862
192.63233298688883 438.9826971557825 0 0 10.0 1 863
389.8566277287223 265.3816060154992 0 0 10.0 1 864
172.32109874827256 412.09619464154525 0 0 11.0 1 865
187.0088610290641 532.799754216126 0 0 10.0 1 866
523.0662662211704 505.3503399063335 0 0 11.0 1 867
334.36327184333953 654.6778748083325 0 0 10.0 1 868
478.21361992138355 107.26867325345353 0 0 12.0 1 869
112.93828814571202 539.1279036975895 0 0 13.0 1 870
498.4800462143104 306.2040486074837 0 0 11.0 1 871
430.3909345394489 653.182525261557 0 0 10.0 1 872
216.21917662819058 434.54864629446126 0 0 11.0 1 873
71.61186612120031 254.94058621516652 0 0 11.0 1 874
734.0214017599526 494.01437744470945 0 0 13.0 1 875
161.55175278552593 548.6722347997268 0 0 13.0 1 876
382.09179181434337 767.5640026982772 0 0 12.0 1 877
659.211614153161 642.557908731323 0 0 11.0 1 878
574.6042697702354 581.7067664617992 0 0 11.0 1 879
436.1343901341169 228.77118861115858 0 0 13.0 1 880
589.8187005427073 509.2239027149186 0 0 11.0 1 881
627.1489476359636 141.6603871105434 0 0 11.0 1 882
239.54612698797547 449.7850844675502 0 0 12.0 1 883
281.60955747750245 539.5446276978344 0 0 13.0 1 884
662.7573837691587 294.89263929302047 0 0 10.0 1 885
516.2157406509581 267.82624456818496 0 0 11.0 1 886
594.0636204811411 215.16680166768842 0 0 13.0 1 887
553.8965663499708 588.0554356185671 0 0 13.0 1 888
153.19437488477442 630.9350198897575 0 0 10.0 1 889
651.8694696418213 314.456033162194 0 0 13.0 1 890
719.5824362660067 489.9503553649669 0 0 11.0 1 891
668.9132683393882 308.6673436769289 0 0 11.0 1 892
344.4170057135774 205.79770664032952 0 0 13.0 1 893
316.6954091836286 250.66365094553527 0 0 11.0 1 894
150.14878508387386 178.34628267286885 0 0 11.0 1 895
128.7473446450644 608.293055484086 0 0 12.0 1 896
172.43751038138194 385.88216310561893 0 0 11.0 1 897
261.55260717875126 258.4502934619827 0 0 13.0 1 898
287.0502577191519 582.9408530610099 0 0 11.0 1 899
678.5800920289989 350.17899714864717 0 0 13.0 1 900
189.28340561334173 128.0909768873263 0 0 12.0 1 901
481.9502302555658 532.7409498273225 0 0 11.0 1 902
552.9041124053541 405.4159403182501 0 0 10.0 1 903
270.2211529964343 690.3126777638638 0 0 12.0 1 904
430.0334794661524 129.6631913498345 0 0 10.0 1 905
252.67244098022883 729.5687945684115 0 0 12.0 1 906
625.8020506671545 338.6042842332807 0 0 13.0 1 907
353.2539444481769 211.71615499372797 0 0 13.0 1 908
577.4600174140791 321.6166968073254 0 0 11.0 1 909
324.60524537386243 136.57708722500143 0 0 12.0 1 910
50.37316986544408 431.0174088225045 0 0 13.0 1 911
585.6721311932349 537.4294717233612 0 0 12.0 1 912
317.1537549002395 585.3253886354225 0 0 10.0 1 913
428.00733183047254 633.3250722998662 0 0 13.0 1 914
584.7699006504922 340.8723092484812 0 0 11.0 1 915
606.967564890072 403.6642984968206 0 0 11.0 1 916
404.9202393906986 558.9238536039767 0 0 12.0 1 917
172.0372745882657 637.2214067550697 0 0 13.0 1 918
228.57895302211415 348.46530631695333 0 0 13.0 1 919
264.1421168234224 313.6076648146412 0 0 12.0 1 920
351.37955613559564 620.7080706236823 0 0 10.0 1 921
270.4905917176507 450.480819786883 0 0 12.0 1 922
231.84718433591584 496.7503518559005 0 0 12.0 1 923
196.51324754515167 234.9632114485401 0 0 11.0 1 924
548.991488471378 446.2334982786641 0 0 11.0 1 925
98.78074712142319 346.12086029573237 0 0 11.0 1 926
382.12607400637603 89.51405382920399 0 0 10.0 1 927
644.7604258992801 389.1679220090029 0 0 10.0 1 928
306.8403075232806 509.8056086802631 0 0 13.0 1 929
317.91853590752265 294.0819502991329 0 0 13.0 1 930
38.73377187438666 335.38024747886857 0 0 10.0 1 931
604.9707820488649 289.2029851201904 0 0 10.0 1 932
120.48193226503167 362.66838056406255 0 0 12.0 1 933
248.46590202396968 233.67977528096336 0 0 12.0 1 934
221.74846230663502 169.98393684363938 0 0 11.0 1 935
615.5796471885186 361.44593772280473 0 0 12.0 1 936
602.1537737270961 453.0551766361589 0 0 12.0 1 937
489.30473809901406 544.6535991708001 0 0 12.0 1 938
617.2835893270765 253.60381900765864 0 0 12.0 1 939
124.06504472831745 224.53233785333967 0 0 11.0 1 940
640.0903198645202 538.150781059509 0 0 13.0 1 941
439.83111877331777 226.51374124367703 0 0 11.0 1 942
309.54653584942287 514.6044101383549 0 0 12.0 1 943
268.7432779966818 293.54497227024154 0 0 11.0 1 944
261.9001178398023 355.80245994017855 0 0 11.0 1 945
523.8076003399741 341.3427063524301 0 0 11.0 1 946
259.1139049158971 218.20036245373558 0 0 10.0 1 947
560.669594262818 168.24737007010805 0 0 11.0 1 948
190.0029536696716 435.64043395552176 0 0 13.0 1 949
185.17162823770335 430.62304174899117 0 0 10.0 1 950
641.9422681612931 618.4947113249402 0 0 13.0 1 951
336.74568084483434 538.2132088775036 0 0 10.0 1 952
572.8308313492876 392.35122656145916 0 0 13.0 1 953
554.4502605634843 366.6965915877697 0 0 11.0 1 954
206.6441648513495 479.338017456752 0 0 13.0 1 955
320.9185395033767 533.3083741020083 0 0 11.0 1 956
539.9825150643927 126.77134945938218 0 0 12.0 1 957
300.1839486820412 561.6686608446133 0 0 10.0 1 958
362.83850779164186 223.87781656801965 0 0 12.0 1 959
346.31048752462164 765.0731930040279 0 0 10.0 1 960
460.7290529318852 155.42693907546504 0 0 12.0 1 961
164.0346528682361 126.7942991938379 0 0 11.0 1 962
542.3622589696048 630.5948551487461 0 0 12.0 1 963
315.87539151527477 752.089548619796 0 0 10.0 1 964
408.04381783941403 198.16021949435654 0 0 13.0 1 965
467.63332234231837 185.40565312911883 0 0 10.0 1 966
660.7396952440076 537.9848228033144 0 0 10.0 1 967
679.3289230990124 305.1298112137114 0 0 12.0 1 968
646.1325324423408 610.700679812667 0 0 11.0 1 969
233.51366003350108 644.7412891290707 0 0 13.0 1 970
398.08814839987946 543.9873078554465 0 0 13.0 1 971
286.9536458490952 652.8824268572022 0 0 11.0 1 972
486.5014887799745 301.6206706729104 0 0 11.0 1 973
430.84645425045625 160.98222605803034 0 0 10.0 1 974
224.3776223541236 352.24248258117717 0 0 12.0 1 975
152.2002945611983 366.90459269863703 0 0 13.0 1 976
219.41557010639474 483.6077967656221 0 0 12.0 1 977
270.249457673595 391.95035615671253 0 0 11.0 1 978
155.13985917409104 360.6615781364322 0 0 11.0 1 979
449.1929771358074 542.7622183930887 0 0 11.0 1 980
293.2039208981102 155.28874670652579 0 0 13.0 1 981
650.0 400.0 0 0 12.0 1 982
377.9851253667825 107.82822638919458 0 0 12.0 1 983
562.1731644310318 319.6204955325953 0 0 10.0 1 984
527.6231930985772 325.0578851157557 0 0 13.0 1 985
695.3189689499644 233.5436796684189 0 0 12.0 1 986
264.40531652027363 204.40326737894415 0 0 13.0 1 987
222.115887538516 433.44013357913093 0 0 13.0 1 988
684.4536438603639 382.36127854516457 0 0 12.0 1 989
261.92163549879825 652.7416967116294 0 0 13.0 1 990
400.8010513358372 219.00177261432268 0 0 12.0 1 991
645.9368253380671 214.5840407552978 0 0 11.0 1 992
280.100730865699 557.5695568980901 0 0 12.0 1 993
159.2902684609505 565.2961740101649 0 0 12.0 1 994
184.00000009813766 399.9934888196743 0 0 13.0 1 995
212.38299182825583 268.69555131419315 0 0 11.0 1 996
430.08218800572337 617.9336182528715 0 0 11.0 1 997
84.5259662975892 459.3054302701715 0 0 13.0 1 998
463.02584374730736 686.1411243074648 0 0 11.0 1 999
593.6280944172302 387.99329136056815 0 0 13.0 1 1000
635.4786333276251 677.5712759745754 0 0 12.0 1 1001
221.34167233322574 713.6912525961021 0 0 12.0 1 1002
650.0724729634284 253.15396407816996 0 0 12.0 1 1003
591.3468084958888 651.4804145026758 0 0 10.0 1 1004
716.3645009045122 582.0398378581976 0 0 12.0 1 1005
169.28482081357993 631.7315388396195 0 0 13.0 1 1006
519.6461599016502 474.6042654329413 0 0 12.0 1 1007
680.2726525765696 592.4765965453813 0 0 12.0 1 1008
80.90512111786433 505.2352520365451 0 0 13.0 1 1009
246.74382413425883 178.92638203754612 0 0 11.0 1 1010
316.2155903318999 287.83863099726375 0 0 11.0 1 1011
267.07703202934636 228.47599414113313 0 0 10.0 1 1012
345.9815565657939 255.78485596531317 0 0 12.0 1 1013
65.01312315779654 397.0348113877147 0 0 12.0 1 1014
167.61123277870186 325.62620845105914 0 0 12.0 1 1015
113.17956146389588 410.15066687252255 0 0 13.0 1 1016
394.3497120897756 258.11245915679706 0 0 13.0 1 1017
311.213037237236 67.65548711711284 0 0 11.0 1 1018
672.9920263698526 617.4312616402749 0 0 12.0 1 1019
403.7752825733676 684.9749940634988 0 0 11.0 1 1020
154.1826922047087 367.1693559570479 0 0 10.0 1 1021
226.20661494169505 628.3962769179387 0 0 11.0 1 1022
567.2603009982099 305.7238539714939 0 0 11.0 1 1023
165.2378022984038 662.2798324887308 0 0 11.0 1 1024
413.9091811541452 685.6615736840031 0 0 11.0 1 1025
414.24961565791796 692.6532905224228 0 0 13.0 1 1026
550.1416659970873 191.41792950586796 0 0 10.0 1 1027
462.4167999378237 592.1149215587423 0 0 13.0 1 1028
741.8875326014902 297.22882188247047 0 0 10.0 1 1029
608.3295963757867 366.53689682797113 0 0 12.0 1 1030
643.1477958112749 627.5261510071283 0 0 13.0 1 1031
511.8411218111753 596.3862609044172 0 0 13.0 1 1032
360.85633723311827 196.73472095512074 0 0 10.0 1 1033
629.2452515355571 516.1706273048361 0 0 12.0 1 1034
618.3142533059995 515.533055025148 0 0 11.0 1 1035
328.06138109662004 521.2676177315043 0 0 11.0 1 1036
660.9756202528246 348.5439446357039 0 0 12.0 1 1037
551.3898412896292 569.1452510545327 0 0 11.0 1 1038
148.52804771982917 513.7447019267248 0 0 10.0 1 1039
442.7682417923089 690.8726138604227 0 0 12.0 1 1040
502.34080145141104 263.00598422455505 0 0 11.0 1 1041
266.5434046000977 221.3429622313558 0 0 10.0 1 1042
296.5065152124322 567.6248746652043 0 0 10.0 1 1043
396.06680176839427 222.0434604975954 0 0 13.0 1 1044
750.1419430105684 491.8946121640647 0 0 10.0 1 1045
493.9648130481831 572.0075984043146 0 0 10.0 1 1046
281.667043474245 549.927687235793 0 0 12.0 1 1047
523.7602536589125 533.4443689867866 0 0 11.0 1 1048
241.00000007224023 399.9952070478158 0 0 11.0 1 1049
316.69343942853044 292.50108388568714 0 0 10.0 1 1050
305.38085053690804 529.0240929240778 0 0 11.0 1 1051
542.6360318763562 734.8894779036318 0 0 12.0 1 1052
362.79935441302496 669.4440794820184 0 0 12.0 1 1053
182.33667425241723 147.98476906245992 0 0 10.0 1 1054
550.0852827802446 576.9135605112679 0 0 12.0 1 1055
47.11277451468618 323.89739761823324 0 0 13.0 1 1056
452.8097979241741 169.98451086240325 0 0 10.0 1 1057
401.4295004501404 77.00316328412276 0 0 13.0 1 1058
172.67778819066243 208.86232182505023 0 0 10.0 1 1059
382.919073170746 750.5841438779764 0 0 10.0 1 1060
592.069200148061 531.9030793972761 0 0 11.0 1 1061
392.3601740932177 208.15205745144397 0 0 12.0 1 1062
388.07349460359524 541.4982631307873 0 0 12.0 1 1063
706.7242839430573 513.3543719475289 0 0 10.0 1 1064
730.6589145407615 352.8758847857553 0 0 11.0 1 1065
382.77958996110857 244.95336998795347 0 0 12.0 1 1066
223.95194456245216 658.7973766804023 0 0 10.0 1 1067
422.0988481024088 106.8317191227082 0 0 11.0 1 1068
539.0758835960505 226.96272481925232 0 0 11.0 1 1069
593.2360770513385 254.3160320220197 0 0 12.0 1 1070
166.916193318545 134.89447560851903 0 0 10.0 1 1071
539.7368325784472 294.6500231564192 0 0 12.0 1 1072
427.88754755654486 538.2146326959684 0 0 12.0 1 1073
366.7294406968748 142.13749810478987 0 0 11.0 1 1074
390.5216402902478 705.8531685257037 0 0 12.0 1 1075
76.77931796416459 232.5951293889888 0 0 10.0 1 1076
748.2074571375819 491.38690712448425 0 0 11.0 1 1077
547.2426237491691 264.6500470947233 0 0 11.0 1 1078
337.128793011901 126.123729885447 0 0 11.0 1 1079
331.5010441768186 587.9039463426296 0 0 11.0 1 1080
248.16885249563717 490.97418670979374 0 0 13.0 1 1081
375.3836446238924 178.36283017508734 0 0 11.0 1 1082
218.02822693677982 492.20777520484864 0 0 10.0 1 1083
537.2017138113686 163.98159027901377 0 0 10.0 1 1084
279.0435514872752 361.2890511200185 0 0 10.0 1 1085
487.29445369408666 582.1638777426824 0 0 13.0 1 1086
221.9623079340179 242.05513555731372 0 0 11.0 1 1087
731.2448506199321 280.91663030557584 0 0 10.0 1 1088
100.3156289796691 461.8488299497141 0 0 11.0 1 1089
588.0977660140597 426.81847162908434 0 0 10.0 1 1090
222.2488867321203 123.15068768004966 0 0 12.0 1 1091
476.5265567412504 529.010410871868 0 0 12.0 1 1092
691.1311201984679 312.48616765342024 0 0 10.0 1 1093
673.7093225175671 340.9813015479464 0 0 12.0 1 1094
513.5744738179818 270.8301935552717 0 0 12.0 1 1095
348.1815201423203 68.01981211939886 0 0 11.0 1 1096
260.2926792775829 159.6546972862509 0 0 12.0 1 1097
132.47703565860638 613.0621119532833 0 0 11.0 1 1098
161.03732180824485 404.22355672670164 0 0 11.0 1 1099
445.113132628328 538.8553393444374 0 0 11.0 1 1100
71.91318999902654 356.1816807329954 0 0 11.0 1 1101
370.69788341381206 212.27310804370768 0 0 11.0 1 1102
614.0670259134738 691.9234632854307 0 0 13.0 1 1103
124.9251491018847 238.46106845908741 0 0 10.0 1 1104
667.5017049182 229.90638499386213 0 0 10.0 1 1105
558.789058318281 526.4714788337416 0 0 10.0 1 1106
126.87982076257447 646.6361037912262 0 0 13.0 1 1107
414.2558751807437 42.2839533612854 0 0 13.0 1 1108
654.7183813122354 574.9272598015377 0 0 13.0 1 1109
764.6430834826009 383.86241442157575 22 6 12.0 1 1110
679.4372323052116 334.54900152325285 18 5 11.0 1 1111
654.445125962347 325.95489297728466 -3 -14 13.0 1 1112
570.9746971241468 482.8713034970867 17 -15 13.0 1 1113
510.93044905453405 119.11134684263334 18 21 11.0 1 1114
622.9650578284352 403.9475292985072 -11 -3 11.0 1 1115
389.87116462389224 726.843091855899 -3 9 13.0 1 1116
289.22849195025094 511.25948500862467 3 20 13.0 1 1117
320.6725065841485 528.4840409870349 -10 -11 13.0 1 1118
551.864680724585 158.83176256310233 -4 -7 13.0 1 1119
412.2556421358202 651.7018061831077 16 15 11.0 1 1120
403.4075204643412 246.03770330277254 4 -1 12.0 1 1121
271.71780619458417 160.15071658962637 15 19 11.0 1 1122
529.7700956566587 690.3165897313856 12 12 12.0 1 1123
284.99521922086063 488.3113831730774 -15 -11 12.0 1 1124
107.18828905420844 213.8003707495684 -11 -12 13.0 1 1125
376.9147461552029 747.233453248562 20 -9 11.0 1 1126
341.07078898086604 242.67438832579617 14 14 13.0 1 1127
112.18084597224356 481.0008307040529 -8 -14 13.0 1 1128
487.20659382625405 243.67978379869496 3 3 12.0 1 1129
247.07295805447657 453.4539038966484 -5 -15 13.0 1 1130
679.1126781412809 377.7264079950778 -14 -3 13.0 1 1131
563.71306365639 238.45114426824682 7 -8 11.0 1 1132
287.3229588116469 63.35644311967269 12 -15 10.0 1 1133
555.1736045816804 109.89286040993704 16 -13 12.0 1 1134
614.2505746111887 188.5817148901839 -5 7 11.0 1 1135
227.92998009371644 592.239195403672 -4 -7 11.0 1 1136
551.9257716638532 666.7724871577703 15 13 12.0 1 1137
196.96620391903718 380.1687708662822 10 11 13.0 1 1138
408.3546641523156 525.7227091137556 -5 16 12.0 1 1139
452.75399586155373 62.09318456024124 20 -10 10.0 1 1140
677.6057696956816 300.20001687541156 -5 -15 11.0 1 1141
98.09057172476912 243.63281316553898 -11 -5 10.0 1 1142
562.0826347099829 493.2642456972136 -8 15 13.0 1 1143
245.66051424755236 347.5755482845075 -15 17 12.0 1 1144
359.2671070233914 33.255086702274525 13 -4 10.0 1 1145
577.0152715841147 154.08417369757973 22 -13 13.0 1 1146
441.771727035206 536.7630170056811 3 18 10.0 1 1147
231.0655316675886 296.72780911956266 -17 -5 12.0 1 1148
641.9422681612931 618.4947113249402 6 6 13.0 1 1149
454.3951582014272 596.6142588019538 -6 13 10.0 1 1150
430.1438966700721 128.66930602391477 -13 19 10.0 1 1151
524.9289482052935 289.1769071884425 22 6 12.0 1 1152
522.5582143375581 350.97465861017207 -6 2 13.0 1 1153
715.486906106416 453.5538240968982 6 21 10.0 1 1154
155.19154158855804 663.9485152263852 -11 6 11.0 1 1155
588.8964132937451 618.7216154035962 -14 6 10.0 1 1156
755.1074984850977 303.4460538369542 16 -13 13.0 1 1157
502.4285975151614 629.1492579326346 -10 12 13.0 1 1158
200.23199568270334 232.03052524019566 -6 -15 13.0 1 1159
345.5176590657838 209.64329660784776 13 15 13.0 1 1160
451.3513615485544 614.9512448605722 3 12 13.0 1 1161
313.3994499225811 736.0198576368493 19 -7 11.0 1 1162
148.54330084373015 615.2452750920056 20 -8 11.0 1 1163
398.72968491483755 111.00279188271662 11 1 11.0 1 1164
590.7309529066762 377.96131575362807 7 -10 10.0 1 1165
102.71269217100308 268.6788036766828 10 -6 12.0 1 1166
174.10243459181876 497.3975869447312 22 14 10.0 1 1167
606.5027300973122 343.85178130735926 18 0 13.0 1 1168
535.2133209345312 477.8033279613119 10 18 10.0 1 1169
309.07694280277144 538.8848359969853 -11 17 13.0 1 1170
643.0299401149578 245.46699961587473 10 -4 13.0 1 1171
444.0774736839102 699.7768775500275 -11 10 13.0 1 1172
187.54667548446037 115.59081431449022 3 -15 11.0 1 1173
735.9465971591455 494.55624705534177 -11 9 11.0 1 1174
