400 400 -7.071067811865475 7.0710678118654755 5 2 -1 10 187
57.15728752538104 742.842712474619
800.0 400.0 0 0 24.0 1 0
799.4518139018296 420.9343824971775 0 0 24.0 1 1
797.8087581473094 441.8113853070614 0 0 24.0 1 2
795.0753362380551 462.57378601609236 0 0 24.0 1 3
791.2590402935223 483.16467632710373 0 0 24.0 1 4
786.3703305156273 503.5276180410083 0 0 24.0 1 5
780.4226065180615 523.6067977499789 0 0 24.0 1 6
773.4321705988807 543.3471798181201 0 0 24.0 1 7
765.4181830570403 562.6946572303201 0 0 24.0 1 8
756.4026096753471 581.5961998958187 0 0 24.0 1 9
746.4101615137755 600.0 0 0 24.0 1 10
735.4682271781696 617.8556140060108 0 0 24.0 1 11
723.606797749979 635.1141009169893 0 0 24.0 1 12
710.8583845827884 651.728156419935 0 0 24.0 1 13
697.2579301909577 667.6522425435433 0 0 24.0 1 14
682.842712474619 682.842712474619 0 0 24.0 1 15
667.6522425435433 697.2579301909577 0 0 24.0 1 16
651.728156419935 710.8583845827884 0 0 24.0 1 17
635.1141009169893 723.606797749979 0 0 24.0 1 18
617.8556140060108 735.4682271781696 0 0 24.0 1 19
600.0 746.4101615137754 0 0 24.0 1 20
581.5961998958187 756.4026096753471 0 0 24.0 1 21
562.6946572303201 765.4181830570403 0 0 24.0 1 22
543.3471798181201 773.4321705988807 0 0 24.0 1 23
523.606797749979 780.4226065180615 0 0 24.0 1 24
503.5276180410083 786.3703305156273 0 0 24.0 1 25
483.1646763271038 791.2590402935223 0 0 24.0 1 26
462.57378601609236 795.0753362380551 0 0 24.0 1 27
441.8113853070614 797.8087581473094 0 0 24.0 1 28
420.9343824971776 799.4518139018296 0 0 24.0 1 29
400.0 800.0 0 0 24.0 1 30
379.0656175028225 799.4518139018296 0 0 24.0 1 31
358.1886146929386 797.8087581473094 0 0 24.0 1 32
337.4262139839077 795.0753362380551 0 0 24.0 1 33
316.83532367289627 791.2590402935223 0 0 24.0 1 34
296.47238195899166 786.3703305156273 0 0 24.0 1 35
276.3932022500211 780.4226065180615 0 0 24.0 1 36
256.65282018187986 773.4321705988807 0 0 24.0 1 37
237.3053427696799 765.4181830570403 0 0 24.0 1 38
218.4038001041813 756.4026096753471 0 0 24.0 1 39
43.597390324652906 581.5961998958187 0 0 24.0 1 40
34.58181694295968 562.6946572303202 0 0 24.0 1 41
26.567829401119297 543.3471798181201 0 0 24.0 1 42
19.5773934819386 523.606797749979 0 0 24.0 1 43
13.629669484372698 503.5276180410084 0 0 24.0 1 44
8.740959706477724 483.16467632710373 0 0 24.0 1 45
4.924663761944942 462.5737860160924 0 0 24.0 1 46
2.1912418526906663 441.81138530706147 0 0 24.0 1 47
0.5481860981704472 420.9343824971775 0 0 24.0 1 48
0.0 400.00000000000006 0 0 24.0 1 49
0.5481860981704472 379.0656175028226 0 0 24.0 1 50
2.1912418526906663 358.1886146929386 0 0 24.0 1 51
4.924663761944885 337.4262139839077 0 0 24.0 1 52
8.740959706477781 316.8353236728962 0 0 24.0 1 53
13.629669484372698 296.47238195899166 0 0 24.0 1 54
19.577393481938543 276.3932022500211 0 0 24.0 1 55
26.567829401119297 256.65282018187986 0 0 24.0 1 56
34.58181694295968 237.30534276967992 0 0 24.0 1 57
43.59739032465285 218.40380010418136 0 0 24.0 1 58
53.58983848622455 199.99999999999994 0 0 24.0 1 59
64.53177282183037 182.14438599398918 0 0 24.0 1 60
76.39320225002103 164.8858990830108 0 0 24.0 1 61
89.14161541721171 148.27184358006497 0 0 24.0 1 62
102.74206980904228 132.3477574564567 0 0 24.0 1 63
117.15728752538092 117.15728752538104 0 0 24.0 1 64
132.34775745645675 102.74206980904228 0 0 24.0 1 65
148.27184358006485 89.14161541721177 0 0 24.0 1 66
164.8858990830107 76.39320225002109 0 0 24.0 1 67
182.1443859939892 64.53177282183032 0 0 24.0 1 68
199.99999999999983 53.58983848622461 0 0 24.0 1 69
218.40380010418124 43.597390324652906 0 0 24.0 1 70
237.30534276967995 34.58181694295962 0 0 24.0 1 71
256.65282018187975 26.567829401119354 0 0 24.0 1 72
276.393202250021 19.5773934819386 0 0 24.0 1 73
296.4723819589917 13.629669484372698 0 0 24.0 1 74
316.8353236728961 8.740959706477781 0 0 24.0 1 75
337.4262139839076 4.924663761944942 0 0 24.0 1 76
358.18861469293864 2.1912418526906663 0 0 24.0 1 77
379.0656175028223 0.5481860981704472 0 0 24.0 1 78
399.99999999999994 0.0 0 0 24.0 1 79
420.9343824971776 0.5481860981704472 0 0 24.0 1 80
441.8113853070612 2.1912418526906663 0 0 24.0 1 81
462.5737860160923 4.924663761944885 0 0 24.0 1 82
483.1646763271038 8.740959706477781 0 0 24.0 1 83
503.5276180410081 13.629669484372641 0 0 24.0 1 84
523.6067977499789 19.577393481938543 0 0 24.0 1 85
543.3471798181201 26.567829401119297 0 0 24.0 1 86
562.6946572303199 34.58181694295956 0 0 24.0 1 87
581.5961998958187 43.59739032465279 0 0 24.0 1 88
600.0 53.58983848622455 0 0 24.0 1 89
617.8556140060107 64.53177282183032 0 0 24.0 1 90
635.1141009169892 76.39320225002098 0 0 24.0 1 91
651.728156419935 89.14161541721171 0 0 24.0 1 92
667.6522425435431 102.74206980904216 0 0 24.0 1 93
682.842712474619 117.15728752538092 0 0 24.0 1 94
697.2579301909577 132.34775745645675 0 0 24.0 1 95
710.8583845827882 148.27184358006485 0 0 24.0 1 96
723.6067977499789 164.88589908301066 0 0 24.0 1 97
735.4682271781696 182.1443859939892 0 0 24.0 1 98
746.4101615137754 199.99999999999983 0 0 24.0 1 99
756.4026096753471 218.40380010418122 0 0 24.0 1 100
765.4181830570403 237.30534276967995 0 0 24.0 1 101
773.4321705988806 256.6528201818797 0 0 24.0 1 102
780.4226065180615 276.3932022500209 0 0 24.0 1 103
786.3703305156273 296.4723819589917 0 0 24.0 1 104
791.2590402935223 316.83532367289604 0 0 24.0 1 105
795.0753362380551 337.4262139839076 0 0 24.0 1 106
797.8087581473094 358.18861469293864 0 0 24.0 1 107
799.4518139018296 379.06561750282225 0 0 24.0 1 108
800.0 399.9999999999999 0 0 24.0 1 109
372.2928017963991 150.53394786523282 0 0 10.0 1 110
281.7192789131328 607.6792503337075 0 0 12.0 1 111
295.47080426367904 120.93433167313844 0 0 10.0 1 112
235.66800763945903 117.29167630433108 0 0 10.0 1 113
208.44882309886256 278.19217337219607 0 0 11.0 1 114
250.4863566636501 235.89737827721717 0 0 11.0 1 115
324.7962259692274 291.5177785463052 0 0 11.0 1 116
387.56798858391346 266.57794375684995 0 0 11.0 1 117
363.43053158182033 190.16274406194748 0 0 10.0 1 118
693.6452716014408 444.5135312698968 0 0 12.0 1 119
423.1410935647472 748.2319482595294 0 0 10.0 1 120
91.38366909406119 438.43124117376465 0 0 13.0 1 121
180.45019318380065 587.9331858054068 0 0 12.0 1 122
197.14012545459178 666.5949573780817 0 0 11.0 1 123
506.1013360714819 637.3657651891832 0 0 11.0 1 124
689.489808547634 321.28754388882135 0 0 13.0 1 125
599.1495342608681 273.36879135189736 0 0 10.0 1 126
272.5588933807166 278.61316239537155 0 0 12.0 1 127
556.142331680281 286.56027037477077 0 0 10.0 1 128
576.0382144417774 446.2011586018226 0 0 12.0 1 129
616.4420369442087 272.9022240814505 0 0 10.0 1 130
457.8511690121636 750.2545392195882 0 0 11.0 1 131
315.24101027527655 131.03919679469237 0 0 12.0 1 132
694.6956994726963 569.5713558131156 0 0 11.0 1 133
473.2466673912183 239.9658607793942 0 0 13.0 1 134
277.73189128144935 687.0444383547409 0 0 13.0 1 135
449.9245446415278 231.22932765928763 0 0 13.0 1 136
375.44272663088515 604.5310253352155 0 0 13.0 1 137
392.5755359223622 64.08203779321377 0 0 10.0 1 138
76.31109565069596 302.6886789672079 0 0 11.0 1 139
638.2506670383382 488.04896169624567 0 0 12.0 1 140
549.0255440518127 572.5554612872661 0 0 10.0 1 141
343.4421990638902 742.3597744380484 0 0 12.0 1 142
483.1389700754299 178.06101817211837 0 0 12.0 1 143
415.6792429565943 258.8682837193989 0 0 13.0 1 144
657.5403447778161 427.45852894318244 0 0 13.0 1 145
300.65562853639557 267.0086624681842 0 0 13.0 1 146
212.91163351255736 461.700430509522 0 0 13.0 1 147
69.26166296241456 474.3851625904826 0 0 10.0 1 148
314.8968657740638 730.2097160062409 0 0 11.0 1 149
737.0884631296556 285.51258573586864 0 0 11.0 1 150
505.69433424848216 630.9647326060197 0 0 12.0 1 151
295.7043637075211 69.04468541758246 0 0 13.0 1 152
426.39028311411187 591.1872196491099 0 0 11.0 1 153
250.37480264316446 436.44585457810007 0 0 12.0 1 154
254.6249107431444 450.8142049387892 0 0 11.0 1 155
511.06774621233706 313.13829525439945 0 0 11.0 1 156
550.4534718195488 282.33627229496665 0 0 11.0 1 157
646.9035246448716 496.24785461473556 0 0 10.0 1 158
529.8009627538191 326.8377825091281 0 0 12.0 1 159
371.71265891738966 540.1742712999645 0 0 12.0 1 160
174.11769022878659 342.84947828390733 0 0 13.0 1 161
666.9590504721461 470.0632954621046 0 0 11.0 1 162
749.9451580266918 406.19567378689476 0 0 13.0 1 163
494.38275331420874 559.1128400753039 0 0 11.0 1 164
389.59238933831125 735.8387732831256 0 0 12.0 1 165
490.9052239500419 573.6440043842365 0 0 10.0 1 166
581.7828408017144 238.7424457891708 0 0 13.0 1 167
227.964610390109 426.0734485976252 0 0 11.0 1 168
416.4457222498495 114.47322679005947 0 0 11.0 1 169
89.92135733087684 344.5361797161951 0 0 13.0 1 170
286.72159142160956 304.75294151551327 0 0 10.0 1 171
156.3050558691099 141.85706632750458 0 0 11.0 1 172
447.20094366560073 97.6623230275843 0 0 13.0 1 173
420.5112996350869 539.5001311371416 0 0 11.0 1 174
245.4146024354363 708.4288489421924 0 0 13.0 1 175
553.2319601051977 705.7514781686576 0 0 10.0 1 176
324.3688596451638 557.8129608385416 0 0 10.0 1 177
680.398338863201 287.8359613656968 0 0 10.0 1 178
594.6976182755403 602.6174657768476 0 0 11.0 1 179
451.82161055174095 713.7491365403636 0 0 12.0 1 180
245.32519090950268 627.3778868597784 0 0 11.0 1 181
713.0334603011365 344.01738902215476 0 0 10.0 1 182
663.7517696894151 474.23613665662936 0 0 13.0 1 183
614.8274485528999 430.62951759742793 0 0 13.0 1 184
88.62385781268847 201.99520693542 0 0 11.0 1 185
548.4019544256846 337.5671566990817 0 0 11.0 1 186
197.5083013111659 414.3565999495152 0 0 11.0 1 187
424.52598053212586 242.90297176923497 0 0 13.0 1 188
161.55175278552593 548.6722347997268 0 0 12.0 1 189
616.1998322044419 330.81450618250125 0 0 12.0 1 190
632.850518557299 161.94614893348816 0 0 13.0 1 191
430.20668326385555 526.4419087415131 0 0 11.0 1 192
431.02723430142953 120.71822341655695 0 0 11.0 1 193
665.1517852037061 228.09732170996378 0 0 11.0 1 194
256.0847443533688 700.2955197670535 0 0 12.0 1 195
88.318527584516 315.24352677868256 0 0 12.0 1 196
185.63464003261342 681.7152683935551 0 0 10.0 1 197
131.8405553864506 465.31854456854296 0 0 13.0 1 198
315.2932690202374 282.31495538207867 0 0 10.0 1 199
347.7354021318395 260.4671658365692 0 0 10.0 1 200
327.71473832548736 728.1323527856514 0 0 12.0 1 201
503.40693266058 738.5601959441337 0 0 11.0 1 202
514.9089700507071 246.18215772581618 0 0 10.0 1 203
653.5635664860883 274.32375820842253 0 0 13.0 1 204
532.063341648816 249.80255064566478 0 0 12.0 1 205
129.39431222025092 522.3991901168017 0 0 12.0 1 206
170.52762167474532 373.47779070757514 0 0 10.0 1 207
504.3645636619495 324.17759004324057 0 0 11.0 1 208
480.5940113940294 227.9401112187415 0 0 11.0 1 209
334.83803895600715 589.087066804954 0 0 11.0 1 210
489.7467938663159 621.5096227948507 0 0 11.0 1 211
362.65089699674564 603.6026633049094 0 0 13.0 1 212
104.74116841431089 420.9337615027414 0 0 11.0 1 213
215.17172029758677 344.4346598836424 0 0 10.0 1 214
91.40546235963552 458.01216543561947 0 0 12.0 1 215
426.68550083055203 229.0705290319349 0 0 13.0 1 216
101.27180733291311 450.69977224658726 0 0 10.0 1 217
660.3913689906047 311.56168841956145 0 0 10.0 1 218
521.3568211985114 224.9528007976348 0 0 11.0 1 219
110.1638968190237 295.79331454812285 0 0 12.0 1 220
326.26013622617904 529.4736748942361 0 0 12.0 1 221
240.01817735399072 484.6570518200394 0 0 13.0 1 222
176.55136206789365 693.6523560373498 0 0 12.0 1 223
263.16387757758025 307.79980693948335 0 0 13.0 1 224
419.8984370354983 272.54392049202085 0 0 10.0 1 225
269.9144385896817 671.4382926422916 0 0 13.0 1 226
299.8129643279957 591.3597603553488 0 0 10.0 1 227
250.12609907138093 461.4964537224585 0 0 13.0 1 228
294.4376231087316 706.3210482240256 0 0 10.0 1 229
695.5115716143907 259.9931750163843 0 0 12.0 1 230
135.046429736702 432.9940237729748 0 0 11.0 1 231
638.8106703212952 248.14986420587692 0 0 11.0 1 232
249.04528586238456 321.8164065827695 0 0 10.0 1 233
532.7972102772792 643.092371214261 0 0 13.0 1 234
689.8541155770076 181.47404803302953 0 0 12.0 1 235
408.1647730606617 31.090341030669265 0 0 13.0 1 236
250.44880599435015 192.22502467456653 0 0 12.0 1 237
539.8228627270107 149.36367569958355 0 0 13.0 1 238
396.3761544382958 236.04004225621148 0 0 11.0 1 239
660.8883782672449 507.0572467658635 0 0 12.0 1 240
463.08901409915757 548.1241921496833 0 0 10.0 1 241
702.1629524728196 473.61080187654886 0 0 12.0 1 242
322.54057890173743 547.9494443488113 0 0 13.0 1 243
564.4612338605266 293.37681979478765 0 0 13.0 1 244
606.0931916710174 173.81070682533783 0 0 13.0 1 245
697.0365934738372 211.1263328638469 0 0 10.0 1 246
183.47133218712221 471.4096353105127 0 0 11.0 1 247
670.2667901149387 438.53390923547386 0 0 10.0 1 248
550.7085003785954 315.05326425556484 0 0 11.0 1 249
485.93953502470333 252.1642928121295 0 0 12.0 1 250
627.256512105472 167.66516037052148 0 0 10.0 1 251
610.1349961150564 371.94142897927213 0 0 10.0 1 252
695.314517654512 341.7734110351386 0 0 13.0 1 253
255.0226429380565 402.56240889276876 0 0 12.0 1 254
185.33889181207465 460.4119907926548 0 0 12.0 1 255
622.9071525816782 339.3914087943925 0 0 11.0 1 256
262.78919435287366 222.94296169407292 0 0 10.0 1 257
218.4735274238418 629.9937819899861 0 0 12.0 1 258
395.1608403779682 181.05347106164825 0 0 10.0 1 259
246.8629401259751 202.39169831927782 0 0 12.0 1 260
430.76587409676256 622.8866550313459 0 0 13.0 1 261
728.7855715314547 347.18856229248524 0 0 11.0 1 262
442.92090029141417 566.5586873092319 0 0 10.0 1 263
473.9181719314481 500.8023008582288 0 0 10.0 1 264
352.1291150909671 637.2179975845554 0 0 12.0 1 265
238.02160459632654 478.5047732462888 0 0 10.0 1 266
122.01840477153189 249.72614094847998 0 0 13.0 1 267
97.33143365129007 222.2565361415037 0 0 10.0 1 268
329.83334879684276 154.843639570713 0 0 12.0 1 269
595.3338055895786 503.3716808119745 0 0 13.0 1 270
158.55084572057476 347.9297983703701 0 0 12.0 1 271
273.6194265062303 746.6827810021517 0 0 12.0 1 272
629.1862853203646 599.7239260105118 0 0 11.0 1 273
385.9362169411555 688.6575999451145 0 0 12.0 1 274
469.3587297860304 562.844608760832 0 0 12.0 1 275
444.42441756762423 115.44689226125581 0 0 13.0 1 276
287.2015563850729 635.3667587363392 0 0 13.0 1 277
761.7890263301679 351.69161121431284 0 0 11.0 1 278
522.7916384698129 703.0696512716156 0 0 12.0 1 279
252.64330006341442 362.7172562195447 0 0 11.0 1 280
396.3319611997385 234.0405305764092 0 0 13.0 1 281
289.3434009713966 466.30322082239206 0 0 10.0 1 282
113.22151884658035 244.970639079761 0 0 11.0 1 283
258.64925232828637 547.0916929423532 0 0 12.0 1 284
342.54275700103767 541.8014993819113 0 0 13.0 1 285
329.84617735817386 212.70760514975734 0 0 11.0 1 286
296.7911361422303 138.64022799751996 0 0 10.0 1 287
351.55013920642523 263.3339435372367 0 0 11.0 1 288
218.59284723058477 602.6707796503829 0 0 11.0 1 289
566.9070989579452 519.0252927635245 0 0 12.0 1 290
503.6528437006016 631.8880936848175 0 0 13.0 1 291
180.25967578003002 521.3061824957924 0 0 11.0 1 292
455.92424787369004 704.913887023471 0 0 12.0 1 293
435.17815592054694 591.8006708696028 0 0 13.0 1 294
211.89728966459765 666.2580897634393 0 0 10.0 1 295
560.6381834188603 550.3175772419467 0 0 11.0 1 296
460.8431458694127 286.2497841728932 0 0 12.0 1 297
540.8533079010951 500.44573486873037 0 0 11.0 1 298
558.5488269878865 310.6340699104786 0 0 11.0 1 299
455.2399823867197 193.25246229781865 0 0 12.0 1 300
274.7536563149485 82.83387098631425 0 0 12.0 1 301
559.8901275172938 101.07501422178922 0 0 13.0 1 302
467.1109489402405 594.7617019137501 0 0 11.0 1 303
203.44468151048068 116.46692120057031 0 0 10.0 1 304
428.37828961874476 736.8065805151596 0 0 13.0 1 305
154.27745105288966 321.3588597556281 0 0 11.0 1 306
445.10019989813713 645.8982959866702 0 0 13.0 1 307
551.9874966217344 599.7518482283913 0 0 10.0 1 308
288.35663284040356 318.8842890108979 0 0 12.0 1 309
210.48567596240315 689.4828509334754 0 0 10.0 1 310
719.8611649548956 303.84993419816567 0 0 13.0 1 311
106.08229188499587 247.7719445817453 0 0 11.0 1 312
648.2816511995488 605.0371226817856 0 0 12.0 1 313
607.9655544974347 215.5160490921378 0 0 11.0 1 314
733.3477589055271 293.32633111839397 0 0 13.0 1 315
591.5947209750748 204.12385828160888 0 0 12.0 1 316
400.7169630740642 238.00158653878603 0 0 12.0 1 317
475.75834453402547 596.9306305110099 0 0 11.0 1 318
734.0353475979906 355.3974602170505 0 0 11.0 1 319
367.11699235925335 623.5949637368843 0 0 13.0 1 320
348.5513575760926 526.9725844138683 0 0 12.0 1 321
136.0412257630822 404.6653513633859 0 0 11.0 1 322
616.1570479909819 484.26227271931566 0 0 12.0 1 323
231.8161653181181 221.845017606306 0 0 11.0 1 324
388.3246992049302 575.6123211831807 0 0 12.0 1 325
134.84359373813146 378.8320946173006 0 0 10.0 1 326
511.32605155992485 216.06656028857353 0 0 10.0 1 327
358.86185756163286 624.2580059590307 0 0 13.0 1 328
473.09470918558515 53.628575819143634 0 0 13.0 1 329
267.2799082952501 491.1393288206731 0 0 13.0 1 330
736.89106966459 278.88680014032997 0 0 13.0 1 331
251.3178431733953 346.54332369676433 0 0 13.0 1 332
212.00736463780822 398.3359538534041 0 0 12.0 1 333
300.60458385486294 205.9779619493316 0 0 12.0 1 334
125.00000012494377 399.99171030282616 0 0 10.0 1 335
725.5185871369638 329.80990505523624 0 0 12.0 1 336
508.21081147694866 139.58797977147776 0 0 10.0 1 337
146.8065599225933 194.6488814207026 0 0 13.0 1 338
68.00000015084123 399.98999207468466 0 0 13.0 1 339
309.8751502863818 238.4372831866902 0 0 10.0 1 340
633.0209691694746 120.36232741756925 0 0 10.0 1 341
685.3996156350138 273.94025465920373 0 0 11.0 1 342
201.61172153851481 189.84983709478544 0 0 12.0 1 343
410.9147267764403 529.5409925058306 0 0 13.0 1 344
275.96390845818354 332.9474236510623 0 0 11.0 1 345
678.4169627181775 547.3397260442171 0 0 12.0 1 346
266.8793858619852 295.88514951498144 0 0 10.0 1 347
217.5143727872138 364.0139490808449 0 0 12.0 1 348
608.1589258198945 663.7534105969203 0 0 13.0 1 349
342.9595384576429 186.48797282814516 0 0 12.0 1 350
256.2810100644699 374.29295948750627 0 0 11.0 1 351
601.384232265772 194.1155882668006 0 0 12.0 1 352
621.2060972617669 148.4192723314885 0 0 10.0 1 353
437.33001053039123 534.9313540797723 0 0 11.0 1 354
107.10329540185944 392.2205118709777 0 0 10.0 1 355
446.73759668274806 553.021557488874 0 0 13.0 1 356
511.2027574426636 103.14490616270683 0 0 10.0 1 357
329.88091667226536 117.57423249059195 0 0 13.0 1 358
268.0888184791877 118.36115291071206 0 0 10.0 1 359
618.869041111326 437.1529654672231 0 0 11.0 1 360
225.84493509873846 282.65429974116057 0 0 10.0 1 361
570.7381302692046 80.79396798904924 0 0 11.0 1 362
515.5507288865497 332.14700409129233 0 0 10.0 1 363
366.76845576432123 539.0850979354443 0 0 11.0 1 364
538.8483388112711 214.13677391869456 0 0 11.0 1 365
688.1438427084274 272.7281417232345 0 0 12.0 1 366
360.82769677425404 149.0387865426408 0 0 12.0 1 367
669.3233584883311 419.1031037416932 0 0 10.0 1 368
38.652738740837435 451.5088029418515 0 0 11.0 1 369
567.761682716763 694.5793913566258 0 0 13.0 1 370
516.3526252321489 265.29266314863503 0 0 11.0 1 371
524.7753232041033 220.02189377784987 0 0 12.0 1 372
341.4161443932149 544.5819209384194 0 0 13.0 1 373
176.0357384510638 319.4766521508222 0 0 11.0 1 374
669.8607792816259 470.8248530214753 0 0 13.0 1 375
282.50997658757234 149.15125194941234 0 0 10.0 1 376
325.4044475750902 147.80066701431875 0 0 11.0 1 377
473.6674418389885 203.34520597529476 0 0 10.0 1 378
309.83086199497507 113.87148595180037 0 0 10.0 1 379
526.5465085225173 586.0402676324684 0 0 11.0 1 380
449.29717717395647 243.5845649474466 0 0 11.0 1 381
765.3088007950329 347.93772899983145 0 0 11.0 1 382
102.81755760854821 611.9141239612203 0 0 13.0 1 383
542.1090051892802 187.06566588707884 0 0 13.0 1 384
69.93079235551613 355.9169174745845 0 0 12.0 1 385
321.6906674525457 58.87297316692684 0 0 11.0 1 386
182.60900789447226 555.0166331442351 0 0 11.0 1 387
420.93091922708123 36.60228864189389 0 0 10.0 1 388
235.16546332031365 116.42712485572048 0 0 12.0 1 389
552.2319030633391 148.48171499925868 0 0 13.0 1 390
248.51094393920263 516.3274081797089 0 0 11.0 1 391
648.2678285970586 486.78758715220465 0 0 11.0 1 392
621.2172077074638 512.102395220231 0 0 11.0 1 393
462.417913926269 536.3964956334761 0 0 10.0 1 394
442.17295342492025 230.15759658018408 0 0 13.0 1 395
371.11921819537685 543.1149902782855 0 0 11.0 1 396
537.0244639989796 463.4452225608228 0 0 13.0 1 397
431.39548380780707 236.99593993868214 0 0 11.0 1 398
275.77385580014794 177.30544439246486 0 0 11.0 1 399
540.2322466210177 706.4374601898764 0 0 13.0 1 400
452.47345470962443 717.6956665597393 0 0 12.0 1 401
651.9757588450524 151.3552394389538 0 0 10.0 1 402
235.4401497003112 261.6343407151037 0 0 13.0 1 403
509.35709486560194 509.84546327707733 0 0 11.0 1 404
254.5954509063761 605.8191368723519 0 0 13.0 1 405
717.6529899201254 553.9661586024822 0 0 13.0 1 406
132.9622338180656 220.06992626977956 0 0 13.0 1 407
449.0057023109921 186.55342321553522 0 0 12.0 1 408
333.1616055536638 285.0146573347891 0 0 11.0 1 409
315.6367952106627 659.6379203384442 0 0 10.0 1 410
57.27800962202235 319.7152734864382 0 0 12.0 1 411
565.6113465161319 595.2149633227783 0 0 10.0 1 412
525.782307551198 363.3965697359407 0 0 11.0 1 413
459.9603959108164 555.8645274660599 0 0 13.0 1 414
654.818961968037 622.0614703669507 0 0 10.0 1 415
511.27012344052616 531.1600534824917 0 0 12.0 1 416
676.5192648426298 636.7131094191691 0 0 12.0 1 417
479.7090741151666 130.54227881965812 0 0 10.0 1 418
315.1983086976611 706.4843766854402 0 0 10.0 1 419
365.55917992221714 89.90673997590693 0 0 12.0 1 420
218.37176001087644 539.471081011274 0 0 10.0 1 421
327.86014780320363 543.9334628396898 0 0 12.0 1 422
425.02782844425207 608.5032560977528 0 0 13.0 1 423
462.95987905779947 743.2740211973917 0 0 13.0 1 424
381.0455996811201 557.8661797490256 0 0 12.0 1 425
630.9638042976167 404.0891446993505 0 0 13.0 1 426
691.1296157627098 214.88234328984996 0 0 12.0 1 427
523.5156516469905 366.4160187258971 0 0 11.0 1 428
331.07711315873354 166.979323515131 0 0 10.0 1 429
403.1791853249411 639.9789423692622 0 0 11.0 1 430
82.28935366438168 477.38827563012154 0 0 12.0 1 431
592.9066675169743 420.56739233582005 0 0 13.0 1 432
645.8951816611125 173.96557864818791 0 0 11.0 1 433
290.94658817978205 554.3643526542639 0 0 12.0 1 434
167.8849688548098 307.14197764076937 0 0 11.0 1 435
535.1969169095423 627.9183925403001 0 0 11.0 1 436
643.8200750851856 321.97583076088245 0 0 12.0 1 437
695.019031536368 357.95513073699124 0 0 12.0 1 438
533.4149805297129 313.50466503760833 0 0 11.0 1 439
526.9965226343339 493.99937892766695 0 0 11.0 1 440
529.316330305507 330.0980206552274 0 0 13.0 1 441
532.4500328350802 373.88508468353393 0 0 10.0 1 442
657.0426025430734 286.46542166421875 0 0 11.0 1 443
451.68691989106406 103.47097559905751 0 0 13.0 1 444
305.11852126725154 607.3198133162555 0 0 13.0 1 445
530.8770145004484 366.89098196186666 0 0 11.0 1 446
315.97705346923317 618.3944698390687 0 0 11.0 1 447
656.3063740671382 192.13696188943024 0 0 11.0 1 448
459.3905480776545 630.4707417418441 0 0 12.0 1 449
542.8748561806839 538.5199461137236 0 0 10.0 1 450
219.84708630075707 587.4698047304503 0 0 10.0 1 451
242.81991021529873 346.61068107501984 0 0 11.0 1 452
683.2744151400714 504.68813556010315 0 0 13.0 1 453
231.23426052568402 174.0749567230598 0 0 11.0 1 454
603.9864980831229 136.79189108277058 0 0 10.0 1 455
158.77946655933792 479.55283933715015 0 0 10.0 1 456
311.00145428817166 673.9037401372599 0 0 12.0 1 457
223.58944332412125 521.1417165690934 0 0 10.0 1 458
685.6415245943167 372.108793008649 0 0 11.0 1 459
94.00000013902837 399.99077582787197 0 0 10.0 1 460
484.86190245277186 306.8632322221979 0 0 11.0 1 461
557.1729502513697 318.60181998791074 0 0 13.0 1 462
575.9644229169893 497.1469086872605 0 0 13.0 1 463
470.5253186042071 221.42178342313113 0 0 13.0 1 464
276.5324825858235 481.60742701237444 0 0 13.0 1 465
522.9253453833487 599.1114247409837 0 0 10.0 1 466
188.70939460990115 366.05474887579226 0 0 12.0 1 467
594.9789773552061 322.005138698001 0 0 12.0 1 468
685.3402881973957 611.201136198239 0 0 12.0 1 469
561.8232160719217 684.1518022820551 0 0 12.0 1 470
170.05377217672716 600.3739811199237 0 0 10.0 1 471
467.8974619698961 47.47917131317399 0 0 10.0 1 472
142.14475066399888 254.64983526026296 0 0 11.0 1 473
529.044052561441 468.29079365858945 0 0 12.0 1 474
279.3174174013287 663.6962537794477 0 0 13.0 1 475
519.5286525516135 460.57145548189897 0 0 10.0 1 476
678.4219943543958 429.68489615479183 0 0 13.0 1 477
155.26976016445923 149.7858722812825 0 0 13.0 1 478
263.70025949913037 572.6915769208088 0 0 12.0 1 479
146.5512653586911 645.7086463857538 0 0 11.0 1 480
696.4292035872415 570.5688343767222 0 0 10.0 1 481
550.4570816460671 118.71070659808481 0 0 13.0 1 482
142.74349097848182 219.9580921950072 0 0 12.0 1 483
463.92574413878793 68.10016686309973 0 0 13.0 1 484
50.822537633128434 491.6302339570951 0 0 10.0 1 485
728.5665637808722 288.4069304785012 0 0 13.0 1 486
589.1571109760836 127.15647823856693 0 0 10.0 1 487
314.6357460338961 240.39441067177341 0 0 10.0 1 488
558.665060976859 667.4815852076729 0 0 11.0 1 489
442.3321860964448 530.2957636314242 0 0 12.0 1 490
655.2278105376319 303.1095219943327 0 0 13.0 1 491
441.51531687109326 588.4820375131083 0 0 13.0 1 492
374.6351786639843 700.9329258133646 0 0 12.0 1 493
166.8999159691952 572.5234790538138 0 0 12.0 1 494
515.955387772874 72.94748426828693 0 0 12.0 1 495
92.05005506134654 364.40742475908354 0 0 12.0 1 496
537.8054299967188 407.32553502615605 0 0 11.0 1 497
300.7503113527227 322.3759102892761 0 0 13.0 1 498
366.39932986133743 521.4372058564952 0 0 13.0 1 499
141.60104815267005 266.168084209329 0 0 13.0 1 500
501.0229020820028 488.03620422831773 0 0 13.0 1 501
116.6384885538655 528.1688489101863 0 0 12.0 1 502
134.37461520631797 414.11222708180276 0 0 11.0 1 503
446.9365386099909 596.4712735829664 0 0 12.0 1 504
121.41501383868751 508.5882382466044 0 0 11.0 1 505
330.1719744748234 191.37582390514928 0 0 12.0 1 506
259.07909012118967 310.3880746835099 0 0 10.0 1 507
322.7958473240532 535.5563307617505 0 0 13.0 1 508
303.4366636265979 504.11302545040746 0 0 10.0 1 509
476.5774756793223 747.6663489879095 0 0 10.0 1 510
290.6395939636235 509.84216672826 0 0 10.0 1 511
260.8808378362645 726.6050500510673 0 0 13.0 1 512
664.3645718825142 626.3081375765682 0 0 12.0 1 513
203.75887162109996 298.36132855760036 0 0 11.0 1 514
178.3680176608376 691.2649385085908 0 0 12.0 1 515
194.9192880894441 641.7248468864126 0 0 11.0 1 516
361.4829294221512 101.47456511362213 0 0 13.0 1 517
437.8632963951111 536.8589448523405 0 0 11.0 1 518
134.62085348379196 221.1875043674828 0 0 13.0 1 519
282.0043320784364 129.62614336488804 0 0 11.0 1 520
489.431521567974 526.5977999415353 0 0 12.0 1 521
189.79583415739089 213.5188785361561 0 0 13.0 1 522
601.0035870534464 323.6943121933389 0 0 12.0 1 523
322.330919968074 542.1672044002916 0 0 11.0 1 524
119.72154546823003 592.468147820055 0 0 12.0 1 525
71.40824972256269 508.3672535852518 0 0 13.0 1 526
305.3185770288451 611.8004441547687 0 0 12.0 1 527
313.5623771069937 251.29715083897537 0 0 11.0 1 528
371.0538241655298 89.34566009057602 0 0 13.0 1 529
235.08514197139695 464.2813316710668 0 0 11.0 1 530
436.1645105159972 754.1583377235927 0 0 10.0 1 531
154.44320494171367 243.84987864012797 0 0 13.0 1 532
547.7200693214656 259.3060729112255 0 0 10.0 1 533
127.83413690425738 637.1639579812866 0 0 12.0 1 534
98.96053067067646 197.1595752668633 0 0 12.0 1 535
338.4980021848303 268.68928351142523 0 0 11.0 1 536
253.24884569103656 310.2888038816403 0 0 12.0 1 537
681.052289822861 266.84366186573556 0 0 10.0 1 538
141.29311539541754 204.9442442320882 0 0 10.0 1 539
239.78644332837138 523.026892420425 0 0 12.0 1 540
720.3846304532519 380.13322951929064 0 0 10.0 1 541
336.5146358576756 549.0423045303462 0 0 11.0 1 542
698.8466510035535 535.1838717597639 0 0 13.0 1 543
714.4080685833608 447.66095267281884 0 0 10.0 1 544
658.632660611014 260.19604131045486 0 0 12.0 1 545
322.7392120516574 277.29804139460026 0 0 13.0 1 546
329.30240828641166 631.4429746738897 0 0 12.0 1 547
182.45276180991675 361.08728799136225 0 0 10.0 1 548
232.92327544681305 167.8763947536173 0 0 10.0 1 549
331.2512394145374 74.17396065083636 0 0 12.0 1 550
617.3843766118448 129.53182663189443 0 0 11.0 1 551
199.08417744527932 140.7379081948925 0 0 12.0 1 552
163.37258414280942 536.1486910137156 0 0 13.0 1 553
173.65282469911344 561.4030861951212 0 0 12.0 1 554
616.651287283104 109.98927654554927 0 0 10.0 1 555
362.5258202542972 671.425285948798 0 0 12.0 1 556
526.1924162028747 621.5862678346301 0 0 10.0 1 557
326.3770539687649 685.6652968382436 0 0 12.0 1 558
475.12750298661604 137.540749267632 0 0 13.0 1 559
215.80412507926803 353.39657027443087 0 0 12.0 1 560
305.55011803233856 80.6753692614758 0 0 11.0 1 561
242.62230416057005 676.3263665527991 0 0 13.0 1 562
706.9941966663957 602.9250186969422 0 0 12.0 1 563
154.1120613637851 575.3371655788727 0 0 11.0 1 564
278.64845554125327 224.94914265426513 0 0 11.0 1 565
523.9253178675399 263.990751816543 0 0 10.0 1 566
192.08445391292543 248.93668315797652 0 0 12.0 1 567
575.5009034599341 695.8638755994839 0 0 10.0 1 568
238.10135525139768 405.7296447155005 0 0 11.0 1 569
619.8902483883502 126.41403788989896 0 0 13.0 1 570
437.9300979319474 547.1913980872282 0 0 13.0 1 571
103.93807822552145 219.01287759842546 0 0 13.0 1 572
280.2925649595769 364.01208541686685 0 0 10.0 1 573
536.2945347630261 572.6956855098883 0 0 10.0 1 574
275.8123663296918 569.3441219628521 0 0 11.0 1 575
163.4729043978795 310.2005955140829 0 0 10.0 1 576
730.7602596487607 346.8713764804281 0 0 12.0 1 577
365.77193603290186 607.1917943285019 0 0 13.0 1 578
69.04904409821876 274.3518213912464 0 0 11.0 1 579
109.91284449699873 236.4810646677958 0 0 13.0 1 580
699.9664373803164 442.7684047558556 0 0 13.0 1 581
732.2471479933192 456.39887100204595 0 0 11.0 1 582
308.26841405757546 700.302041519014 0 0 13.0 1 583
148.86787953498668 438.06124105630346 0 0 12.0 1 584
437.4810390783032 626.9254761140994 0 0 13.0 1 585
576.8306011364143 530.8852111651058 0 0 13.0 1 586
262.4175536961715 538.188532335553 0 0 13.0 1 587
92.92872864597223 486.41894647021024 0 0 11.0 1 588
334.13630062303423 525.8013239373126 0 0 13.0 1 589
393.71206855856303 602.9025921918885 0 0 11.0 1 590
380.5718450843276 225.07559690948597 0 0 13.0 1 591
368.00907759314885 152.05528663922107 0 0 13.0 1 592
495.4917345654057 66.39794870281435 0 0 12.0 1 593
623.8848820653122 273.8074503680934 0 0 12.0 1 594
547.020926346979 438.5855830081156 0 0 11.0 1 595
208.2724010377208 152.5944062957358 0 0 11.0 1 596
262.5712132272264 347.82406142517857 0 0 11.0 1 597
66.74387861432086 481.1748579239501 0 0 11.0 1 598
57.22221476098446 300.23833428297564 0 0 10.0 1 599
570.7983782650331 473.64722657394975 0 0 11.0 1 600
189.99150919261405 486.1709567592474 0 0 11.0 1 601
550.0283022615755 503.0315899154688 0 0 11.0 1 602
252.81935695266282 85.75987157561764 0 0 12.0 1 603
526.7594110355087 152.58122198602032 0 0 10.0 1 604
488.0328592521192 498.3575909215785 0 0 13.0 1 605
565.5839907743073 411.7448711893373 0 0 11.0 1 606
337.6022908618172 257.02263852516114 0 0 10.0 1 607
82.82628483599905 242.78411527754204 0 0 11.0 1 608
349.8820271696293 181.6787028268332 0 0 10.0 1 609
669.2044938582796 499.4883937276477 0 0 13.0 1 610
600.2246979289608 694.357045676261 0 0 13.0 1 611
284.3807348348746 219.9217239013089 0 0 11.0 1 612
614.3549659424675 577.0196276569453 0 0 12.0 1 613
611.7994099160892 605.3436387112988 0 0 13.0 1 614
145.70723335529942 664.6208397541354 0 0 10.0 1 615
97.33143365129007 222.2565361415037 0 0 11.0 1 616
465.83058037825987 214.32465245202457 0 0 11.0 1 617
221.2605994771938 599.6903270084655 0 0 12.0 1 618
286.0533583475528 59.56327628158448 0 0 13.0 1 619
258.45242690074866 458.07998407121084 0 0 11.0 1 620
140.75629687805548 324.55000071821684 0 0 12.0 1 621
283.2858392108542 530.394803083886 0 0 12.0 1 622
457.9082019554832 520.8413842451458 0 0 11.0 1 623
431.2093383295109 570.1616208227758 0 0 10.0 1 624
590.0306253473275 500.5652098397037 0 0 12.0 1 625
581.9126341455877 341.7866549817521 0 0 12.0 1 626
621.1077096756555 285.49069591519645 0 0 13.0 1 627
747.4888592928362 350.47735197544944 0 0 11.0 1 628
146.5303859894523 298.5990395837201 0 0 11.0 1 629
536.3578359250629 660.4660065763546 0 0 12.0 1 630
692.2496041354954 179.6680484299967 0 0 11.0 1 631
485.8034001569273 563.8986776075701 0 0 13.0 1 632
515.7941340446565 324.9285772024525 0 0 12.0 1 633
137.3522912005551 481.4934418367637 0 0 10.0 1 634
313.4807686642895 593.5417851759092 0 0 12.0 1 635
228.82019049936235 541.3558375848886 0 0 10.0 1 636
248.53114802013184 421.59136123315966 0 0 11.0 1 637
392.00844181334617 657.8762009138286 0 0 11.0 1 638
527.7296853475917 685.7518634777475 0 0 12.0 1 639
636.4697467727533 477.9939668258382 0 0 10.0 1 640
439.76307037206766 239.86287677560213 0 0 10.0 1 641
568.4644378781303 386.55629625417197 0 0 12.0 1 642
363.4032760391376 272.13413358001895 0 0 11.0 1 643
568.5764725352888 411.95712789757835 0 0 11.0 1 644
220.6302808482452 307.09949488070254 0 0 10.0 1 645
213.58859439893988 480.37280548691234 0 0 12.0 1 646
497.99705749363363 258.6473320994985 0 0 12.0 1 647
470.9847386915066 722.2749864213768 0 0 10.0 1 648
394.7961946691556 567.9193866415628 0 0 13.0 1 649
574.22549779735 340.8267297061793 0 0 11.0 1 650
566.8446721013021 510.2853362483381 0 0 12.0 1 651
736.1859050504203 510.88298898131217 0 0 13.0 1 652
141.31463633169682 531.0796804382652 0 0 12.0 1 653
334.3986916340397 637.0916876245858 0 0 12.0 1 654
243.40955376014082 245.47028717297837 0 0 13.0 1 655
550.7299703345393 584.1859822107776 0 0 11.0 1 656
165.08284784790777 393.7604788043678 0 0 11.0 1 657
531.8709233416529 394.16394165383014 0 0 10.0 1 658
358.50099666305067 626.2251814498993 0 0 13.0 1 659
102.65235121422677 509.8789140898855 0 0 10.0 1 660
551.1663149108883 630.9215131516813 0 0 10.0 1 661
342.39885119086415 608.1780671825632 0 0 13.0 1 662
216.12937977791015 344.7225632003075 0 0 12.0 1 663
671.9568155251224 579.7650980847911 0 0 12.0 1 664
151.91613271226782 430.893280686306 0 0 12.0 1 665
638.487004200817 339.66801157495706 0 0 13.0 1 666
505.0579800933666 723.361749158279 0 0 10.0 1 667
220.50117646005083 331.8518353308455 0 0 10.0 1 668
500.0109643849369 284.2122329311301 0 0 12.0 1 669
543.2505290842785 485.8387203834861 0 0 11.0 1 670
129.71988605233884 180.79083047363343 0 0 10.0 1 671
475.4106012730791 71.54567864673686 0 0 12.0 1 672
240.06300931847565 649.070590419138 0 0 11.0 1 673
423.07600805251536 93.86849581861026 0 0 11.0 1 674
686.091001265597 529.4138284529447 0 0 12.0 1 675
453.69119783382104 199.04912223339383 0 0 10.0 1 676
561.4372874982828 620.1522250743717 0 0 12.0 1 677
224.48174098926614 288.38754212077873 0 0 12.0 1 678
342.78479527913976 534.3220769224108 0 0 10.0 1 679
562.1731644310318 319.6204955325953 0 0 12.0 1 680
572.6402367729146 141.31805504250593 0 0 13.0 1 681
82.52877887091569 313.6691031275126 0 0 10.0 1 682
171.9246268919961 363.35816350611225 0 0 12.0 1 683
479.0397466784057 163.87774682378313 0 0 11.0 1 684
587.3203505006844 431.7975830575333 0 0 11.0 1 685
697.8132385411471 410.54869421463087 0 0 12.0 1 686
67.00815356798262 523.050518933468 0 0 12.0 1 687
309.92252905754464 62.824898267070864 0 0 10.0 1 688
278.0787299804141 224.1273076432523 0 0 12.0 1 689
329.538253388853 136.24984878770874 0 0 12.0 1 690
192.13125342395048 616.3113131505195 0 0 13.0 1 691
185.7038567989904 483.5294140358496 0 0 13.0 1 692
215.00000008405308 399.9944232946285 0 0 11.0 1 693
66.11774970723911 391.1319145559951 0 0 13.0 1 694
342.39885119086415 608.1780671825632 0 0 12.0 1 695
308.8928312786274 310.0918034460965 0 0 11.0 1 696
179.9926015240989 329.58874652538793 0 0 12.0 1 697
552.0260407472305 579.2012358627067 0 0 13.0 1 698
524.9118866283444 503.1553225914573 0 0 12.0 1 699
256.7548088969776 524.8231357796245 0 0 13.0 1 700
645.9904288182979 397.82999313598407 0 0 12.0 1 701
272.29901940318655 654.789049126159 0 0 10.0 1 702
219.56722782365222 548.9966936705582 0 0 13.0 1 703
451.5672092872919 262.3416441827063 0 0 10.0 1 704
715.1261314279805 470.8838577620826 0 0 13.0 1 705
556.0153703090746 489.77307072459064 0 0 10.0 1 706
735.1278374760562 463.0105748951876 0 0 12.0 1 707
603.0343937882948 380.17489119778537 0 0 12.0 1 708
136.66199590428153 437.5379221439247 0 0 12.0 1 709
598.740848917663 622.0497128381089 0 0 11.0 1 710
693.3565855919571 542.189710210791 0 0 11.0 1 711
249.6635067890283 467.99955006488983 0 0 11.0 1 712
154.1277100583917 588.8036467838207 0 0 11.0 1 713
573.1953500744352 140.4862802998773 0 0 13.0 1 714
470.6945433011271 605.1615986178823 0 0 10.0 1 715
234.42208469846713 480.24932376287296 0 0 10.0 1 716
252.64330006341442 362.7172562195447 0 0 12.0 1 717
359.7217383123391 190.84297373642858 0 0 13.0 1 718
287.72997774730254 83.31175881732077 0 0 12.0 1 719
714.2847155582048 573.5111453667986 0 0 11.0 1 720
656.0509880926438 472.0686582141 0 0 10.0 1 721
181.3022733449303 501.25366341967293 0 0 10.0 1 722
601.0906975887375 130.8187760201783 0 0 11.0 1 723
458.3375514925171 181.6591424266683 0 0 10.0 1 724
321.65248767290194 522.0109311174831 0 0 10.0 1 725
128.37436353320902 240.48663499878538 0 0 11.0 1 726
205.01812395667915 488.1933558417359 0 0 10.0 1 727
320.17659772110875 631.6316568360687 0 0 13.0 1 728
114.49829290902807 343.6992429168057 0 0 11.0 1 729
122.40578656288022 350.34667517449844 0 0 11.0 1 730
610.6337222625062 619.201813509472 0 0 13.0 1 731
609.6211444002176 506.2260599869124 0 0 10.0 1 732
501.13034190946615 179.04377368973175 0 0 12.0 1 733
714.3061934859583 287.0061208013134 0 0 12.0 1 734
687.9294319009863 327.16016031610667 0 0 11.0 1 735
141.31463633169682 531.0796804382652 0 0 12.0 1 736
271.4792536082584 369.8932275574143 0 0 10.0 1 737
528.3219464729939 574.9927942898852 0 0 11.0 1 738
509.9317329363108 701.589147837948 0 0 11.0 1 739
641.7333197125914 522.498988325333 0 0 13.0 1 740
383.3700840247314 597.3003950696893 0 0 13.0 1 741
216.47943305471313 271.56246067414526 0 0 13.0 1 742
393.63617364773904 112.07031810846894 0 0 13.0 1 743
243.6738933173733 511.47263507001173 0 0 10.0 1 744
118.55571861381651 632.4093726057853 0 0 10.0 1 745
676.587352771628 496.68731192241813 0 0 11.0 1 746
324.6402186455905 295.3008913399183 0 0 11.0 1 747
648.6216559326172 624.5267739075305 0 0 10.0 1 748
274.44878655089747 443.88499517440886 0 0 11.0 1 749
502.93342184391355 580.744877292561 0 0 10.0 1 750
167.43196450913015 650.7510894650659 0 0 11.0 1 751
483.1409653234142 65.16783325807717 0 0 13.0 1 752
145.1529237794375 268.0076981720873 0 0 11.0 1 753
370.0809967488397 208.320962949891 0 0 10.0 1 754
433.8280393309749 731.2773215223493 0 0 10.0 1 755
270.20957702453836 122.88910865169743 0 0 11.0 1 756
265.45628693941603 507.154044608084 0 0 13.0 1 757
667.399740372854 293.03561878583 0 0 13.0 1 758
611.4835917935627 106.1995738565144 0 0 12.0 1 759
148.45078429496033 527.4636892537613 0 0 11.0 1 760
89.4523053736358 502.41645064270904 0 0 12.0 1 761
341.1121229442489 553.0627908273815 0 0 10.0 1 762
542.1789586611326 468.91403132915633 0 0 10.0 1 763
716.8884971138136 391.59283656941534 0 0 13.0 1 764
511.46417974318877 536.2047599541885 0 0 11.0 1 765
179.72209976896278 144.9575590812282 0 0 10.0 1 766
225.83080391100106 612.8146873073188 0 0 11.0 1 767
516.4921334133081 632.4426442217865 0 0 11.0 1 768
579.1265731767801 542.6697963198366 0 0 13.0 1 769
661.3556571547751 159.75383359313386 0 0 10.0 1 770
543.1648885046875 377.00402862585696 0 0 13.0 1 771
527.4888318957275 532.6747818609963 0 0 11.0 1 772
251.33078695963627 710.2151915911904 0 0 12.0 1 773
483.7468574095617 530.428002645224 0 0 12.0 1 774
278.0400055885876 55.97854752476809 0 0 10.0 1 775
559.3317741435667 74.95017959047652 0 0 10.0 1 776
380.29792990831976 696.3457919966175 0 0 13.0 1 777
623.8596155477079 407.92921981233997 0 0 10.0 1 778
187.64020960170126 426.44464826747793 0 0 11.0 1 779
236.48266746126123 486.5279258934104 0 0 10.0 1 780
150.73324707323584 520.8101232734555 0 0 12.0 1 781
263.08571400889804 404.8454402840961 0 0 12.0 1 782
296.7696810932761 327.7538841292067 0 0 13.0 1 783
53.96012359698585 436.88365408940257 0 0 10.0 1 784
550.6770805121964 277.80172911075596 0 0 12.0 1 785
475.7170546042737 743.7599855161352 0 0 12.0 1 786
625.7703171824039 438.3244553693428 0 0 12.0 1 787
232.79569734508945 383.6683995369383 0 0 10.0 1 788
571.6944870084372 366.14733199717364 0 0 12.0 1 789
601.1073751538374 525.3986589191992 0 0 11.0 1 790
378.3307155473773 657.0883935756558 0 0 12.0 1 791
353.75458747404315 180.82572728464666 0 0 11.0 1 792
203.37454314115948 562.3681918204802 0 0 13.0 1 793
524.8098326555403 594.3797974906241 0 0 11.0 1 794
464.83047980149445 588.1435858293023 0 0 12.0 1 795
180.0616005085614 182.95599425659233 0 0 10.0 1 796
204.6468405277918 298.8212320482899 0 0 10.0 1 797
242.45475829935438 255.17080122611617 0 0 13.0 1 798
396.4949387331123 663.9767310683185 0 0 11.0 1 799
615.8174367950792 430.7706674481073 0 0 13.0 1 800
659.8832309172835 161.10733312218665 0 0 12.0 1 801
341.37905575974236 95.5930603675721 0 0 12.0 1 802
229.65205730908326 154.27133170716093 0 0 10.0 1 803
170.91888293524357 569.5489363115067 0 0 13.0 1 804
596.7527170008884 513.2138169693449 0 0 12.0 1 805
307.9477569991989 568.4944644744196 0 0 10.0 1 806
132.7130267408968 605.2478353746695 0 0 11.0 1 807
493.8583121906979 739.2559759719989 0 0 12.0 1 808
296.95704564770193 198.85788715848136 0 0 11.0 1 809
383.8137875341078 643.4625361857734 0 0 13.0 1 810
148.45078429496033 527.4636892537613 0 0 12.0 1 811
326.3384862260825 203.3429854072452 0 0 11.0 1 812
73.32019404611009 385.5326442661818 0 0 11.0 1 813
178.68680194279315 532.6064416447841 0 0 13.0 1 814
318.45060186449103 562.7073927753015 0 0 12.0 1 815
91.21724074042925 270.08384402220815 0 0 10.0 1 816
660.5061779418908 562.436237502929 0 0 12.0 1 817
640.643330610854 275.37340800408936 0 0 12.0 1 818
170.094083849498 377.5440493632902 0 0 10.0 1 819
107.06779119833408 526.300122908005 0 0 10.0 1 820
646.8405059240946 666.1555271549644 0 0 13.0 1 821
121.09835978538837 392.59222802731324 0 0 13.0 1 822
233.999427096557 185.79260097809714 0 0 11.0 1 823
345.23164119530844 85.73669181108562 0 0 12.0 1 824
232.38875233102473 646.3949464880508 0 0 11.0 1 825
217.75883670231846 192.7220262548194 0 0 12.0 1 826
484.3772218311351 273.57023912045304 0 0 11.0 1 827
693.1051493895623 609.0200263164331 0 0 10.0 1 828
642.7980079205438 268.7554673526719 0 0 12.0 1 829
395.35970995147636 190.05127362075862 0 0 10.0 1 830
576.2838273477571 436.38697865481765 0 0 12.0 1 831
517.13119086077 50.08388987138949 0 0 10.0 1 832
709.6554303914181 232.61566850775546 0 0 11.0 1 833
84.01237885929464 397.2029862642324 0 0 13.0 1 834
134.51042877827894 383.52919028988873 0 0 11.0 1 835
638.0519382923444 453.54693899055155 0 0 10.0 1 836
451.6265177543072 225.4757820113088 0 0 12.0 1 837
240.5074248048911 387.26742533371464 0 0 13.0 1 838
193.7593469762145 102.495726013352 0 0 10.0 1 839
685.3825442132556 430.42701855866164 0 0 11.0 1 840
552.3243287933368 249.6893255365427 0 0 13.0 1 841
242.27808712253213 714.6868255873964 0 0 12.0 1 842
525.2935888252707 244.11056290022734 0 0 13.0 1 843
450.8485324151896 195.21858787667907 0 0 12.0 1 844
495.6086019648268 554.8644414652096 0 0 12.0 1 845
524.6011420004087 375.432635220806 0 0 10.0 1 846
641.7890712741674 134.63412990292903 0 0 10.0 1 847
202.66893019121386 183.41410736587673 0 0 13.0 1 848
335.6793482230822 195.89499331228427 0 0 11.0 1 849
606.8873934056146 536.7538169479393 0 0 12.0 1 850
451.2055139826284 748.2556465267646 0 0 10.0 1 851
135.02595163534028 440.15910473657215 0 0 10.0 1 852
659.2748891075129 370.04116360258814 0 0 12.0 1 853
156.1186476835929 490.12150682451175 0 0 10.0 1 854
375.4304982762385 73.92433457087589 0 0 13.0 1 855
510.274576268151 88.97022999577723 0 0 12.0 1 856
450.0458218640671 762.5622921843226 0 0 13.0 1 857
510.2861753333684 159.03950628715603 0 0 11.0 1 858
517.8508973815256 598.6760327426766 0 0 11.0 1 859
516.5474416580912 486.26525281336524 0 0 13.0 1 860
436.0801599185097 596.7186367893362 0 0 10.0 1 861
468.46485023148296 44.533314806041744 0 0 13.0 1 862
522.508423026848 440.406512933868 0 0 11.0 1 863
696.203217595905 352.42212819142816 0 0 10.0 1 864
284.3273977482871 345.19261830449267 0 0 10.0 1 865
93.60815888834895 277.4274104858155 0 0 13.0 1 866
416.2537125914594 559.172286617345 0 0 12.0 1 867
546.6299613618102 255.30841617069063 0 0 12.0 1 868
358.9236556296031 81.63898804475986 0 0 10.0 1 869
180.86067626893933 419.4411109428803 0 0 11.0 1 870
166.3620744426505 340.88722861125177 0 0 13.0 1 871
381.6669957401147 524.6591390745461 0 0 11.0 1 872
575.6903741082705 457.94732475012074 0 0 13.0 1 873
587.3147815200139 686.1418749923007 0 0 12.0 1 874
623.4397858701992 693.659091618631 0 0 12.0 1 875
307.5318452772491 240.92253345564808 0 0 11.0 1 876
635.0495481755822 546.5629895384734 0 0 12.0 1 877
488.9902890202635 673.9064228164245 0 0 12.0 1 878
84.44503159848301 416.76490134529956 0 0 11.0 1 879
428.53651822920307 217.21414954282056 0 0 13.0 1 880
532.6595645163534 381.0939178481773 0 0 11.0 1 881
347.8170114868351 274.40965120744784 0 0 12.0 1 882
663.9625702810063 423.42565880919585 0 0 11.0 1 883
272.3460031825076 515.275570250247 0 0 13.0 1 884
357.2497763562125 154.6972923541076 0 0 11.0 1 885
319.98849285913707 100.50349129739817 0 0 12.0 1 886
191.20465001723858 390.75328028022017 0 0 12.0 1 887
555.9755561490398 402.76150031644454 0 0 12.0 1 888
201.4171100124225 152.90925593178991 0 0 13.0 1 889
463.99831443353304 121.25241570613275 0 0 10.0 1 890
97.50475305428728 536.8233371002632 0 0 10.0 1 891
592.8642626471261 475.18228643490664 0 0 10.0 1 892
514.5304273189387 682.6796441524244 0 0 13.0 1 893
333.2364705787449 239.3182302212936 0 0 11.0 1 894
81.16546872643102 220.27648549073055 0 0 13.0 1 895
569.8363086860494 493.76368301158476 0 0 13.0 1 896
568.7215638314609 563.5788308378143 0 0 11.0 1 897
558.9750860749829 402.81460609176077 0 0 12.0 1 898
669.1431048005597 634.5442157426077 0 0 12.0 1 899
428.51216119487265 593.9150759069485 0 0 13.0 1 900
362.74378100119725 186.2221383166319 0 0 11.0 1 901
92.11233355726148 443.8883225066187 0 0 11.0 1 902
526.0245446987817 727.5955038358505 0 0 11.0 1 903
568.0291767691119 458.73836696993317 0 0 11.0 1 904
710.1094211268514 275.95103011967785 0 0 10.0 1 905
294.89818798513284 577.1711294517014 0 0 12.0 1 906
656.5655720610649 604.3480052091982 0 0 13.0 1 907
665.15901211255 540.32354861354 0 0 10.0 1 908
454.8831466294505 514.5287746203994 0 0 11.0 1 909
577.7934703621399 578.5874628762805 0 0 10.0 1 910
407.2950250808454 549.8225036804213 0 0 12.0 1 911
538.6768467401149 664.8957005657485 0 0 10.0 1 912
401.5445685978297 51.00341791380447 0 0 11.0 1 913
707.9229878322631 333.60396424143966 0 0 13.0 1 914
681.8932546232365 555.628381081084 0 0 10.0 1 915
257.20139088159203 407.58664839360074 0 0 13.0 1 916
653.0035732488055 539.6788886100412 0 0 13.0 1 917
489.77263285211495 279.8298107232939 0 0 11.0 1 918
433.0153537014019 723.3187071914821 0 0 12.0 1 919
252.94059270122222 517.1218627111616 0 0 13.0 1 920
461.36540804237774 528.055795244856 0 0 11.0 1 921
394.70782892915605 267.10533146376065 0 0 11.0 1 922
278.6501278675288 493.1837353481437 0 0 10.0 1 923
395.8237389563287 211.04614625868274 0 0 11.0 1 924
312.85704094033997 222.2076922745913 0 0 13.0 1 925
585.7787374535556 216.67716806092358 0 0 13.0 1 926
194.00806976270476 398.1766302861768 0 0 12.0 1 927
511.7247888998254 482.695656145226 0 0 10.0 1 928
531.178992255735 514.3156681770693 0 0 12.0 1 929
512.7523017020928 243.36054628261678 0 0 13.0 1 930
610.8076236781654 95.92740044659564 0 0 12.0 1 931
280.7879562042112 709.8588204554308 0 0 12.0 1 932
553.0999328118427 553.7836485879083 0 0 12.0 1 933
485.0986556389679 112.32271760105846 0 0 11.0 1 934
535.0821087840417 526.4034172261823 0 0 11.0 1 935
249.72004426436962 472.8349840673901 0 0 12.0 1 936
604.3802201411745 367.1712684520854 0 0 11.0 1 937
106.81677333743198 227.8268441256731 0 0 12.0 1 938
596.4300617959886 251.90803255130928 0 0 10.0 1 939
170.30111652558546 424.4831152145172 0 0 12.0 1 940
553.9769796633299 71.27505459159556 0 0 13.0 1 941
388.8799636084933 758.8277369304826 0 0 10.0 1 942
486.5325174967474 215.26201415064875 0 0 13.0 1 943
125.39547196237106 647.9765173987872 0 0 11.0 1 944
496.1339239536445 555.7153449897437 0 0 12.0 1 945
101.00000013584798 399.9909868383455 0 0 10.0 1 946
201.8166844248236 360.9183748082294 0 0 11.0 1 947
309.2315342589909 206.2034942858276 0 0 13.0 1 948
664.6082077190085 357.49710118434245 0 0 12.0 1 949
305.82927019939916 519.3141804180133 0 0 13.0 1 950
176.1401455327968 407.92247170538343 0 0 11.0 1 951
230.117684550758 473.24615278363933 0 0 11.0 1 952
336.12762095095627 748.1900618837581 0 0 12.0 1 953
335.41424981329124 598.7704225301643 0 0 12.0 1 954
654.5572519811619 427.1404764843811 0 0 12.0 1 955
134.0876009315536 487.69604336378757 0 0 13.0 1 956
758.6999656678954 309.2567653769679 0 0 10.0 1 957
314.27375167128866 587.3152699260904 0 0 11.0 1 958
564.8480232715677 541.1174306152739 0 0 12.0 1 959
88.19520270639555 411.03487130392693 0 0 10.0 1 960
120.175181915996 409.9030896317293 0 0 12.0 1 961
346.80195310654926 278.1026341272207 0 0 11.0 1 962
295.931440557389 558.9645713218506 0 0 11.0 1 963
127.29774447949114 373.36393734000654 0 0 10.0 1 964
648.8303139580725 300.4637008145918 0 0 10.0 1 965
98.77332106155359 204.69642119071625 0 0 11.0 1 966
183.12360773898834 625.6848033870419 0 0 12.0 1 967
279.1822248815869 272.01927795391776 0 0 12.0 1 968
262.69773598118553 523.9882586993937 0 0 12.0 1 969
592.7974005464005 429.2260558842757 0 0 11.0 1 970
284.9154367104843 233.98932777540637 0 0 10.0 1 971
140.4700926977394 427.6627405670519 0 0 13.0 1 972
535.0 400.0 0 0 10.0 1 973
329.06882154468695 566.5225748147695 0 0 13.0 1 974
406.37250580344323 112.07051007271747 0 0 10.0 1 975
43.502773040058344 418.9400942413669 0 0 10.0 1 976
433.33036654499216 520.474423285511 0 0 11.0 1 977
210.05415928031582 305.8481142340082 0 0 13.0 1 978
426.88857151269576 562.7943632992452 0 0 13.0 1 979
312.25643991897283 596.2805840227381 0 0 10.0 1 980
583.3767641743542 431.1281602563221 0 0 10.0 1 981
247.25735053877105 495.23488350160426 0 0 11.0 1 982
290.66132329822847 295.85561091875627 0 0 10.0 1 983
138.09029712592047 338.646047067761 0 0 11.0 1 984
414.835651540074 142.4268968945292 0 0 12.0 1 985
207.9268238061694 531.8972895355083 0 0 10.0 1 986
464.987015927292 568.9310147985441 0 0 13.0 1 987
320.5979975750291 263.4008711195239 0 0 10.0 1 988
594.0376954671353 427.6653707331607 0 0 11.0 1 989
269.6712153668549 379.06180771777844 0 0 10.0 1 990
629.4731777158447 373.48470801608374 0 0 10.0 1 991
248.66099969333598 339.45656942178164 0 0 12.0 1 992
38.90642893912343 425.6014245405148 0 0 12.0 1 993
348.6623764680279 226.43315866764902 0 0 11.0 1 994
211.42423362982893 193.02372034964327 0 0 12.0 1 995
610.7345027506 447.4022082867177 0 0 10.0 1 996
231.05102985621227 622.0298301745815 0 0 10.0 1 997
570.2779776548331 424.2777743168553 0 0 10.0 1 998
299.976389797471 690.2486475456045 0 0 12.0 1 999
251.53093545472652 650.2757217011898 0 0 10.0 1 1000
740.7862897400375 412.0708212321783 0 0 12.0 1 1001
259.80272182803753 531.1820231326433 0 0 12.0 1 1002
268.80065119569633 360.55724561688606 0 0 11.0 1 1003
348.4347634634529 192.30544932297826 0 0 10.0 1 1004
256.7376133821209 444.4509682745984 0 0 12.0 1 1005
299.7283012923032 255.3570380617402 0 0 13.0 1 1006
568.7167262585324 312.6234225858929 0 0 11.0 1 1007
407.98775901056604 39.08838241753824 0 0 12.0 1 1008
558.4013952727923 293.27606652848397 0 0 12.0 1 1009
228.00000007814666 399.99481517122217 0 0 10.0 1 1010
272.0050142214865 398.8670324108283 0 0 13.0 1 1011
318.4316641487885 741.3906949324542 0 0 13.0 1 1012
709.626797641959 508.2369908210005 0 0 10.0 1 1013
511.734902934935 66.20468627297856 0 0 13.0 1 1014
527.2250697140545 505.065606343151 0 0 12.0 1 1015
63.05262531120718 405.95539170250396 0 0 11.0 1 1016
62.63071330308037 314.64213923948387 0 0 12.0 1 1017
493.96202238521363 274.2218685570476 0 0 11.0 1 1018
591.3054729806428 579.0145692608637 0 0 11.0 1 1019
738.1098697470347 291.80242156294247 0 0 10.0 1 1020
60.01880413796408 354.59310118253 0 0 10.0 1 1021
466.12813126293463 656.6165821915491 0 0 11.0 1 1022
317.18257053343194 251.53696292830992 0 0 12.0 1 1023
223.78133560512072 425.11936143465635 0 0 11.0 1 1024
613.5832930756176 244.8285563675621 0 0 10.0 1 1025
206.82895528362621 653.8620638913674 0 0 12.0 1 1026
240.23790839062332 74.04743583675071 0 0 11.0 1 1027
211.94444044210476 656.4353846866046 0 0 11.0 1 1028
378.15923537337545 532.208097333425 0 0 10.0 1 1029
79.98600481770097 511.8572433392827 0 0 10.0 1 1030
634.1482681931549 192.28965239510478 0 0 11.0 1 1031
499.43111488454906 521.5008370045886 0 0 10.0 1 1032
724.1855241063245 422.99447672611217 0 0 10.0 1 1033
430.0631718340058 548.9973345374979 0 0 11.0 1 1034
162.50729132343966 596.1153061988545 0 0 12.0 1 1035
619.2331461137744 183.66501058530443 0 0 12.0 1 1036
294.6776512263799 329.03379079584477 0 0 13.0 1 1037
414.3222814039696 615.5246441950096 0 0 11.0 1 1038
492.40298977664145 188.28630776367368 0 0 11.0 1 1039
660.0238563916887 343.93223647054907 0 0 12.0 1 1040
532.1847362106607 235.53664385973983 0 0 12.0 1 1041
348.1815201423203 68.01981211939886 0 0 11.0 1 1042
503.10534774382916 479.1788309248378 0 0 10.0 1 1043
155.62681788739113 371.75556932495016 0 0 11.0 1 1044
397.46414128039567 590.983165280488 0 0 12.0 1 1045
297.95847656720395 514.0023135533404 0 0 10.0 1 1046
425.4514892314514 236.9747820246778 0 0 13.0 1 1047
560.292244128522 635.6510056677932 0 0 12.0 1 1048
374.9201675485393 536.7186966153739 0 0 12.0 1 1049
484.23872354144646 519.24695994493 0 0 12.0 1 1050
177.1395198830968 407.8871035281273 0 0 13.0 1 1051
406.2839987783954 116.06953076615196 0 0 10.0 1 1052
511.115573409617 621.7145221807809 0 0 11.0 1 1053
328.1823687685332 149.07525461943567 0 0 11.0 1 1054
591.8088319307551 355.0737048783303 0 0 10.0 1 1055
123.5450022933286 355.5856527346815 0 0 13.0 1 1056
314.1316207567512 710.3395260777099 0 0 13.0 1 1057
512.78283157082 747.1383483610937 0 0 10.0 1 1058
259.748664700287 436.80438760049526 0 0 13.0 1 1059
706.6272295968608 457.65190430292824 0 0 10.0 1 1060
472.05631524497227 184.73995393172197 0 0 11.0 1 1061
451.29301381029074 557.8766187066892 0 0 12.0 1 1062
207.25490018249633 615.3377033785318 0 0 11.0 1 1063
578.1635747364946 236.2265569846152 0 0 13.0 1 1064
513.4468131841229 653.7987797022805 0 0 11.0 1 1065
493.85682062298343 523.3527349617556 0 0 11.0 1 1066
177.68512345877414 445.8813215640036 0 0 10.0 1 1067
703.0189086678929 505.927055041284 0 0 13.0 1 1068
270.3335343942519 198.0430548425894 0 0 12.0 1 1069
446.72166734577695 225.13409194348213 0 0 12.0 1 1070
621.5260546780665 374.40298652634925 0 0 10.0 1 1071
670.8301598813788 409.59294004082204 0 0 13.0 1 1072
729.0849425247121 275.07161810258276 0 0 12.0 1 1073
169.0415957347998 672.2264048531523 0 0 11.0 1 1074
324.80276078219 227.69394899186085 0 0 12.0 1 1075
127.99630256323553 209.6372184991796 0 0 10.0 1 1076
140.33749591591078 561.8993019527272 0 0 10.0 1 1077
230.44547799189763 622.8256360175012 0 0 10.0 1 1078
494.03509965567275 505.0637903025952 0 0 12.0 1 1079
150.87883552749676 154.15727504792014 0 0 10.0 1 1080
372.5637631435848 668.6024067411881 0 0 12.0 1 1081
719.8023612873393 544.6632286209668 0 0 11.0 1 1082
152.47389892244652 239.51377228763593 0 0 11.0 1 1083
187.69001785452474 346.2834152110545 0 0 13.0 1 1084
225.093100968968 293.07677206823405 0 0 11.0 1 1085
599.9686617295382 403.5403850210827 0 0 12.0 1 1086
590.7633533312331 97.05884560558115 0 0 12.0 1 1087
624.2722025702021 446.2923228441847 0 0 13.0 1 1088
438.6966327528169 680.3418816616484 0 0 12.0 1 1089
502.1006361486601 302.75566804158234 0 0 11.0 1 1090
724.2951147652275 449.15972476944836 0 0 11.0 1 1091
226.52088400384687 191.80298678128628 0 0 12.0 1 1092
706.7942326284902 427.2268034461597 0 0 11.0 1 1093
638.2317546900842 563.6051070635741 0 0 13.0 1 1094
340.74840321294806 562.5369135863747 0 0 10.0 1 1095
387.3020006381783 231.47771419718052 0 0 13.0 1 1096
600.2203215160523 456.3544395057624 0 0 12.0 1 1097
223.08709548283528 723.8252989117752 0 0 13.0 1 1098
638.2506670383382 488.04896169624567 0 0 12.0 1 1099
469.28211085648024 521.655205869993 0 0 10.0 1 1100
444.4439958898912 274.64557754375267 0 0 11.0 1 1101
224.10838283670802 493.075985150209 0 0 13.0 1 1102
84.94216909915173 280.3857734713278 0 0 11.0 1 1103
702.2556776732713 485.07352886927595 0 0 10.0 1 1104
306.28011935709674 279.063719371398 0 0 10.0 1 1105
202.32146530077065 211.7124621246388 0 0 13.0 1 1106
522.416128872046 702.1428327661979 0 0 10.0 1 1107
548.171575711189 237.38024673717098 0 0 12.0 1 1108
229.58804497937646 280.73657062599204 0 0 13.0 1 1109
312.24544378098904 71.51995819714642 -1 11 10.0 1 1110
236.03731673725375 318.727381626526 4 -17 13.0 1 1111
573.9255855114966 471.37149784390897 3 -6 12.0 1 1112
534.6726530912078 480.6986772467504 -4 10 12.0 1 1113
129.93560210398823 254.0060926303271 -7 4 10.0 1 1114
498.96252423735564 606.5125148667044 14 -15 11.0 1 1115
656.0 400.0 15 -12 13.0 1 1116
400.6904088861359 244.00152777809026 -4 -3 12.0 1 1117
699.5161682612694 467.37258307417756 -8 8 11.0 1 1118
406.80937054722676 229.13563135413352 -6 21 13.0 1 1119
336.2959710844413 574.7506700986455 -5 15 13.0 1 1120
744.0433490031081 269.3930552890638 19 12 12.0 1 1121
319.4489033821777 144.39186078360834 -14 -12 12.0 1 1122
86.86701263475567 320.77416946653244 -13 -11 10.0 1 1123
601.8107243651059 560.7371504389425 -4 2 10.0 1 1124
686.8113620337429 578.8385937328665 2 5 12.0 1 1125
293.60041715407056 62.36835342312446 -15 -10 12.0 1 1126
182.58192690681875 444.87071976743965 9 16 10.0 1 1127
560.8366698451383 257.3235631467972 0 15 13.0 1 1128
493.8354426911294 494.2544942958147 19 8 13.0 1 1129
345.183467216782 161.2110812168488 -8 5 12.0 1 1130
715.0022242024015 343.6652971292124 21 -6 11.0 1 1131
391.16645129528297 178.17581642823208 2 10 11.0 1 1132
321.37204243681566 543.9223550719 -4 -6 12.0 1 1133
371.03952776267283 683.5247626712542 -5 8 12.0 1 1134
567.8175855719659 291.20083652529354 -3 0 11.0 1 1135
87.55293109457546 503.0428509524504 6 7 10.0 1 1136
649.6986588861344 497.3374529688647 7 0 12.0 1 1137
562.3250011821623 83.16156484540733 -5 -4 12.0 1 1138
423.29803002705205 190.2901962309378 19 -2 13.0 1 1139
553.5119729777045 387.7495243972928 -3 8 11.0 1 1140
265.2905411500222 286.7332277481779 8 9 12.0 1 1141
637.1411998756332 314.7471330596736 20 -6 13.0 1 1142
470.7317245175499 583.8641431785259 13 2 13.0 1 1143
101.69466003776142 292.74831399920436 2 17 11.0 1 1144
577.2371863062657 225.10580401214546 21 -17 10.0 1 1145
93.25105393175647 501.16365002322635 -9 -11 11.0 1 1146
609.8108600313483 422.369689602361 -3 -3 10.0 1 1147
522.0455548722562 536.3593874140065 -4 13 11.0 1 1148
570.1677269144334 237.92611340263724 5 20 11.0 1 1149
73.62748199435043 379.75204971726924 -13 16 11.0 1 1150
423.18184114715496 267.0052548367866 6 11 10.0 1 1151
94.10787847429691 391.87534686866616 -7 20 10.0 1 1152
332.11926974823564 145.91102648779267 14 -5 10.0 1 1153
663.5789472206543 148.95789480238278 -11 -16 12.0 1 1154
426.3996883942831 559.8344657847135 -13 6 12.0 1 1155
381.70917542905653 579.0682711607922 1 21 13.0 1 1156
252.31798702442205 435.97253179137147 18 3 13.0 1 1157
251.56511997966 534.0413607561012 22 18 13.0 1 1158
632.772160140948 389.6984727677456 11 17 10.0 1 1159
268.40483136883245 98.46441073575647 0 0 10.0 1 1160
565.622425309966 340.4583151527879 -17 16 10.0 1 1161
496.4631596513872 227.08713515162907 22 20 12.0 1 1162
142.46548316471012 632.5617609118356 3 12 11.0 1 1163
620.1348227626504 419.53611545974445 19 20 12.0 1 1164
448.2807038148138 90.74610165893426 10 -8 13.0 1 1165
581.8509710530959 508.9689144987967 19 -16 10.0 1 1166
462.19346401089825 182.72604151825948 -6 6 12.0 1 1167
596.7522190191471 429.82556472292754 10 8 11.0 1 1168
132.84967363837575 493.37935063426846 -17 -6 10.0 1 1169
91.61905991572837 226.1690597369361 14 11 13.0 1 1170
679.2042976009564 329.36742818531553 -6 15 13.0 1 1171
563.5706252666812 322.50386751671425 -11 7 12.0 1 1172
468.929911067564 166.98140125685737 -11 5 12.0 1 1173
307.15495958934105 526.6048911817513 22 1 11.0 1 1174
