400 400 -7.071067811865475 -7.071067811865477 5 2 -1 10 187
57.15728752538104 57.15728752538092
800.0 400.0 0 0 24.0 1 0
799.4518139018296 420.9343824971775 0 0 24.0 1 1
797.8087581473094 441.8113853070614 0 0 24.0 1 2
795.0753362380551 462.57378601609236 0 0 24.0 1 3
791.2590402935223 483.16467632710373 0 0 24.0 1 4
786.3703305156273 503.5276180410083 0 0 24.0 1 5
780.4226065180615 523.6067977499789 0 0 24.0 1 6
773.4321705988807 543.3471798181201 0 0 24.0 1 7
765.4181830570403 562.6946572303201 0 0 24.0 1 8
756.4026096753471 581.5961998958187 0 0 24.0 1 9
746.4101615137755 600.0 0 0 24.0 1 10
735.4682271781696 617.8556140060108 0 0 24.0 1 11
723.606797749979 635.1141009169893 0 0 24.0 1 12
710.8583845827884 651.728156419935 0 0 24.0 1 13
697.2579301909577 667.6522425435433 0 0 24.0 1 14
682.842712474619 682.842712474619 0 0 24.0 1 15
667.6522425435433 697.2579301909577 0 0 24.0 1 16
651.728156419935 710.8583845827884 0 0 24.0 1 17
635.1141009169893 723.606797749979 0 0 24.0 1 18
617.8556140060108 735.4682271781696 0 0 24.0 1 19
600.0 746.4101615137754 0 0 24.0 1 20
581.5961998958187 756.4026096753471 0 0 24.0 1 21
562.6946572303201 765.4181830570403 0 0 24.0 1 22
543.3471798181201 773.4321705988807 0 0 24.0 1 23
523.606797749979 780.4226065180615 0 0 24.0 1 24
503.5276180410083 786.3703305156273 0 0 24.0 1 25
483.1646763271038 791.2590402935223 0 0 24.0 1 26
462.57378601609236 795.0753362380551 0 0 24.0 1 27
441.8113853070614 797.8087581473094 0 0 24.0 1 28
420.9343824971776 799.4518139018296 0 0 24.0 1 29
400.0 800.0 0 0 24.0 1 30
379.0656175028225 799.4518139018296 0 0 24.0 1 31
358.1886146929386 797.8087581473094 0 0 24.0 1 32
337.4262139839077 795.0753362380551 0 0 24.0 1 33
316.83532367289627 791.2590402935223 0 0 24.0 1 34
296.47238195899166 786.3703305156273 0 0 24.0 1 35
276.3932022500211 780.4226065180615 0 0 24.0 1 36
256.65282018187986 773.4321705988807 0 0 24.0 1 37
237.3053427696799 765.4181830570403 0 0 24.0 1 38
218.4038001041813 756.4026096753471 0 0 24.0 1 39
200.00000000000009 746.4101615137755 0 0 24.0 1 40
182.14438599398918 735.4682271781696 0 0 24.0 1 41
164.8858990830108 723.606797749979 0 0 24.0 1 42
148.27184358006508 710.8583845827884 0 0 24.0 1 43
132.3477574564567 697.2579301909577 0 0 24.0 1 44
117.15728752538104 682.842712474619 0 0 24.0 1 45
102.74206980904233 667.6522425435434 0 0 24.0 1 46
89.14161541721165 651.728156419935 0 0 24.0 1 47
76.39320225002109 635.1141009169893 0 0 24.0 1 48
64.53177282183043 617.8556140060109 0 0 24.0 1 49
53.589838486224494 600.0 0 0 24.0 1 50
43.597390324652906 581.5961998958187 0 0 24.0 1 51
34.58181694295968 562.6946572303202 0 0 24.0 1 52
26.567829401119297 543.3471798181201 0 0 24.0 1 53
19.5773934819386 523.606797749979 0 0 24.0 1 54
13.629669484372698 503.5276180410084 0 0 24.0 1 55
8.740959706477724 483.16467632710373 0 0 24.0 1 56
4.924663761944942 462.5737860160924 0 0 24.0 1 57
2.1912418526906663 441.81138530706147 0 0 24.0 1 58
0.5481860981704472 420.9343824971775 0 0 24.0 1 59
0.0 400.00000000000006 0 0 24.0 1 60
0.5481860981704472 379.0656175028226 0 0 24.0 1 61
2.1912418526906663 358.1886146929386 0 0 24.0 1 62
4.924663761944885 337.4262139839077 0 0 24.0 1 63
8.740959706477781 316.8353236728962 0 0 24.0 1 64
13.629669484372698 296.47238195899166 0 0 24.0 1 65
19.577393481938543 276.3932022500211 0 0 24.0 1 66
26.567829401119297 256.65282018187986 0 0 24.0 1 67
34.58181694295968 237.30534276967992 0 0 24.0 1 68
43.59739032465285 218.40380010418136 0 0 24.0 1 69
218.40380010418124 43.597390324652906 0 0 24.0 1 70
237.30534276967995 34.58181694295962 0 0 24.0 1 71
256.65282018187975 26.567829401119354 0 0 24.0 1 72
276.393202250021 19.5773934819386 0 0 24.0 1 73
296.4723819589917 13.629669484372698 0 0 24.0 1 74
316.8353236728961 8.740959706477781 0 0 24.0 1 75
337.4262139839076 4.924663761944942 0 0 24.0 1 76
358.18861469293864 2.1912418526906663 0 0 24.0 1 77
379.0656175028223 0.5481860981704472 0 0 24.0 1 78
399.99999999999994 0.0 0 0 24.0 1 79
420.9343824971776 0.5481860981704472 0 0 24.0 1 80
441.8113853070612 2.1912418526906663 0 0 24.0 1 81
462.5737860160923 4.924663761944885 0 0 24.0 1 82
483.1646763271038 8.740959706477781 0 0 24.0 1 83
503.5276180410081 13.629669484372641 0 0 24.0 1 84
523.6067977499789 19.577393481938543 0 0 24.0 1 85
543.3471798181201 26.567829401119297 0 0 24.0 1 86
562.6946572303199 34.58181694295956 0 0 24.0 1 87
581.5961998958187 43.59739032465279 0 0 24.0 1 88
600.0 53.58983848622455 0 0 24.0 1 89
617.8556140060107 64.53177282183032 0 0 24.0 1 90
635.1141009169892 76.39320225002098 0 0 24.0 1 91
651.728156419935 89.14161541721171 0 0 24.0 1 92
667.6522425435431 102.74206980904216 0 0 24.0 1 93
682.842712474619 117.15728752538092 0 0 24.0 1 94
697.2579301909577 132.34775745645675 0 0 24.0 1 95
710.8583845827882 148.27184358006485 0 0 24.0 1 96
723.6067977499789 164.88589908301066 0 0 24.0 1 97
735.4682271781696 182.1443859939892 0 0 24.0 1 98
746.4101615137754 199.99999999999983 0 0 24.0 1 99
756.4026096753471 218.40380010418122 0 0 24.0 1 100
765.4181830570403 237.30534276967995 0 0 24.0 1 101
773.4321705988806 256.6528201818797 0 0 24.0 1 102
780.4226065180615 276.3932022500209 0 0 24.0 1 103
786.3703305156273 296.4723819589917 0 0 24.0 1 104
791.2590402935223 316.83532367289604 0 0 24.0 1 105
795.0753362380551 337.4262139839076 0 0 24.0 1 106
797.8087581473094 358.18861469293864 0 0 24.0 1 107
799.4518139018296 379.06561750282225 0 0 24.0 1 108
800.0 399.9999999999999 0 0 24.0 1 109
263.34304078635336 409.6889369117418 0 0 12.0 1 110
250.31990584742462 464.53579947963897 0 0 13.0 1 111
593.2331156992703 269.80797644574227 0 0 13.0 1 112
560.9777451567084 436.2100202190205 0 0 11.0 1 113
347.35455270482595 150.49357347136115 0 0 11.0 1 114
514.2519000784368 627.9725933713676 0 0 10.0 1 115
573.9536367364417 508.4671944237799 0 0 10.0 1 116
435.93114191394665 644.3725701480422 0 0 11.0 1 117
500.9701397869086 233.17664770358996 0 0 12.0 1 118
650.4691777808762 364.3041881760362 0 0 12.0 1 119
669.1431048005597 634.5442157426077 0 0 10.0 1 120
480.86096750632095 738.475263400358 0 0 12.0 1 121
539.9122597173175 404.9557623827125 0 0 13.0 1 122
580.8826628371878 289.4311875575747 0 0 11.0 1 123
209.78970632868894 179.7704738653929 0 0 11.0 1 124
385.74156250435493 692.6528608440087 0 0 12.0 1 125
120.42729504487608 339.7081875867443 0 0 11.0 1 126
607.6611024674935 644.7812626039524 0 0 10.0 1 127
663.1118867658133 629.2883229528574 0 0 13.0 1 128
635.0520506489263 482.16771559277174 0 0 12.0 1 129
561.452881431657 481.8166674792815 0 0 12.0 1 130
309.68947114415363 490.7083699433373 0 0 11.0 1 131
319.79482271287856 560.0254027844999 0 0 13.0 1 132
379.77478739770993 182.94023685815887 0 0 12.0 1 133
198.45610224931428 352.78710685139976 0 0 10.0 1 134
164.7539938374564 324.71177658775247 0 0 10.0 1 135
305.7733741807718 134.20808329310847 0 0 12.0 1 136
563.2237283396096 384.0621674335137 0 0 10.0 1 137
240.77251209027517 292.71250262048966 0 0 10.0 1 138
314.36833492196166 538.6946932509052 0 0 13.0 1 139
469.4753715068677 690.81639010548 0 0 13.0 1 140
349.8656667772336 581.1920214366753 0 0 10.0 1 141
365.5346960003025 649.632014814223 0 0 12.0 1 142
109.63416751176328 249.61155854450365 0 0 13.0 1 143
374.7542734581533 64.94977497190916 0 0 12.0 1 144
421.5295911063324 546.4256695623897 0 0 11.0 1 145
204.01440707131985 117.28875621158312 0 0 10.0 1 146
641.4988326678844 298.4012115227292 0 0 10.0 1 147
31.014455060378907 396.733866871841 0 0 13.0 1 148
289.16564274735714 319.4720840180653 0 0 13.0 1 149
224.3459531195867 509.5201160268449 0 0 13.0 1 150
397.15877609426525 613.9811380629552 0 0 13.0 1 151
596.6333269947958 262.39427804426975 0 0 10.0 1 152
580.8826628371878 289.4311875575747 0 0 12.0 1 153
504.2151642273999 474.3182315791762 0 0 11.0 1 154
209.17913681201742 428.92054930656127 0 0 11.0 1 155
528.0093969908753 644.519108214537 0 0 10.0 1 156
164.94603388466436 546.5559040552466 0 0 10.0 1 157
507.0709380416688 482.22417057579315 0 0 11.0 1 158
302.75252114042996 313.7275950523142 0 0 11.0 1 159
293.3116643930682 208.74467577235217 0 0 10.0 1 160
254.9859805834117 298.51140865769514 0 0 12.0 1 161
662.6254633537604 513.2425096782238 0 0 11.0 1 162
280.8219186297316 524.0184862062979 0 0 12.0 1 163
291.56893433715163 280.98863920104486 0 0 11.0 1 164
212.88447392677273 645.904005462171 0 0 13.0 1 165
393.2826277392801 96.07422467005057 0 0 13.0 1 166
118.91547224223609 640.6065008581332 0 0 12.0 1 167
566.3462235355776 414.76258498541773 0 0 11.0 1 168
240.21879519909132 468.89097613163915 0 0 11.0 1 169
542.2732272051376 174.06344071701164 0 0 10.0 1 170
682.3846396467194 247.35690224712928 0 0 12.0 1 171
543.417351314025 518.4375926050066 0 0 10.0 1 172
261.0000000631534 399.995809934883 0 0 10.0 1 173
132.19540437133787 162.41906945175762 0 0 11.0 1 174
305.8337513115207 81.63430208651641 0 0 13.0 1 175
426.562649433754 560.8210982895574 0 0 11.0 1 176
195.07227152689825 394.5570134250868 0 0 10.0 1 177
638.7477553869827 294.54617457068 0 0 13.0 1 178
252.76680192208408 223.30142789555663 0 0 13.0 1 179
432.1786365711812 668.0756149828251 0 0 10.0 1 180
348.17738206603946 616.8949429342942 0 0 10.0 1 181
434.44305914470874 686.9401952964313 0 0 12.0 1 182
264.43094952532425 734.5773939664705 0 0 13.0 1 183
408.601310164918 184.1713238157476 0 0 11.0 1 184
382.52976429714477 758.5746656757651 0 0 11.0 1 185
285.1539359565387 294.42357472558 0 0 11.0 1 186
424.96487288299096 132.16095295507023 0 0 11.0 1 187
747.9039720425922 465.4127375744763 0 0 12.0 1 188
297.3377424679404 559.876392498771 0 0 11.0 1 189
442.5235654231003 610.7528087208028 0 0 10.0 1 190
256.9525488841057 464.7026021829558 0 0 13.0 1 191
202.37994322593696 387.73977322330063 0 0 10.0 1 192
338.47406067688314 544.4422334028665 0 0 10.0 1 193
566.4902813839929 434.3654798406611 0 0 11.0 1 194
633.9747728262472 306.40616643760126 0 0 13.0 1 195
527.7994606017762 240.99277415823187 0 0 12.0 1 196
537.3602815335182 548.1085853589609 0 0 13.0 1 197
644.6560843368138 201.58528180354705 0 0 12.0 1 198
347.1338783577124 688.1912094122631 0 0 10.0 1 199
72.68066017995761 455.55222569593064 0 0 11.0 1 200
482.3517909982306 508.23207712773393 0 0 11.0 1 201
330.3696219504976 745.0443601229897 0 0 11.0 1 202
341.323318913546 755.1859331345747 0 0 11.0 1 203
542.4788400978154 684.2952340866466 0 0 11.0 1 204
392.6031314015766 551.8199141579842 0 0 12.0 1 205
187.64020960170126 426.44464826747793 0 0 13.0 1 206
350.12482107651414 701.9080431643886 0 0 10.0 1 207
394.69681137311585 160.05859842372413 0 0 11.0 1 208
216.71394342831647 205.84742735054573 0 0 12.0 1 209
443.4989088682987 121.37508200581294 0 0 13.0 1 210
559.0545021063515 349.1014208479194 0 0 10.0 1 211
738.0761762221798 463.56492012886963 0 0 13.0 1 212
297.6692121664031 305.92869799266424 0 0 10.0 1 213
573.386781190191 101.7349767262262 0 0 11.0 1 214
283.2806596131453 661.0988233976889 0 0 11.0 1 215
372.2589160674024 671.5868779272014 0 0 11.0 1 216
676.105963321859 206.77863208716215 0 0 11.0 1 217
729.4504645641576 515.1667981601499 0 0 10.0 1 218
274.31392365493724 503.7882951636795 0 0 13.0 1 219
375.1299539126451 69.93564141577957 0 0 11.0 1 220
663.3024338691981 178.62288212519218 0 0 11.0 1 221
70.56513876875567 300.96125906721755 0 0 10.0 1 222
409.1986233708151 169.1832213029523 0 0 11.0 1 223
208.34761028286678 327.2376366813715 0 0 13.0 1 224
378.1751479455798 728.2753049390141 0 0 12.0 1 225
441.12756105924944 572.1555219019062 0 0 12.0 1 226
287.7553463918895 589.2118858222053 0 0 11.0 1 227
353.12927287247396 131.05365788221434 0 0 11.0 1 228
347.2188115543658 553.1605241120128 0 0 10.0 1 229
718.0744385249518 242.34959068547698 0 0 11.0 1 230
176.00726330225922 288.9718328231229 0 0 12.0 1 231
618.4374588273362 241.30193264864303 0 0 13.0 1 232
456.1392330009878 203.8766038483404 0 0 11.0 1 233
164.74845158721436 381.2194523672291 0 0 12.0 1 234
519.273609997861 648.8971794900018 0 0 13.0 1 235
452.776571496694 553.162115097221 0 0 11.0 1 236
230.23863400021497 724.2484828243412 0 0 10.0 1 237
294.8026723274709 66.18340027710042 0 0 12.0 1 238
279.01271984032127 254.79986900982698 0 0 12.0 1 239
483.6027050360089 208.4495165480857 0 0 11.0 1 240
530.0128085908955 474.8108922704922 0 0 10.0 1 241
477.35724599656805 88.46050572708049 0 0 11.0 1 242
698.2506821778186 421.1549185880232 0 0 12.0 1 243
529.059471570513 263.2972099847997 0 0 10.0 1 244
410.8939041207291 623.734938829429 0 0 12.0 1 245
62.4645643418466 250.8999340206029 0 0 10.0 1 246
530.0791092268705 166.82962164386345 0 0 11.0 1 247
552.4473105726813 348.2233884929069 0 0 11.0 1 248
332.8630394379919 293.37622907392847 0 0 10.0 1 249
642.4982345671942 533.8790731660256 0 0 13.0 1 250
88.336432580441 572.0517966872593 0 0 12.0 1 251
310.91828537390757 556.4111508789429 0 0 12.0 1 252
396.7297003467548 252.03613569462988 0 0 12.0 1 253
196.6271257709433 498.56710418700703 0 0 10.0 1 254
425.70732263415795 124.19547943700542 0 0 11.0 1 255
558.7259128939725 577.3417169646642 0 0 10.0 1 256
650.3343756900124 371.0742269266368 0 0 10.0 1 257
122.70857470690049 230.48756547402962 0 0 11.0 1 258
460.3194401977075 556.7978479898088 0 0 11.0 1 259
545.2463666239626 459.6027934122006 0 0 12.0 1 260
371.4156804129493 607.0360757784626 0 0 11.0 1 261
685.1036926087952 511.13903212116634 0 0 12.0 1 262
332.2845723773355 278.60963439432396 0 0 13.0 1 263
555.5085653705733 510.896736184552 0 0 11.0 1 264
117.95648117012502 479.3753959742056 0 0 11.0 1 265
128.2842336468447 227.21532962928248 0 0 11.0 1 266
263.50383761253727 698.2495559988236 0 0 10.0 1 267
258.3701366082805 323.4364199136243 0 0 11.0 1 268
221.87814397559202 560.8496329073215 0 0 11.0 1 269
256.2086255388267 339.5017303506402 0 0 11.0 1 270
309.6961364692701 597.317541621173 0 0 10.0 1 271
514.0466937398562 304.11281812980707 0 0 12.0 1 272
371.47661336075157 572.6598286070849 0 0 12.0 1 273
738.6689580963853 430.0555622457607 0 0 12.0 1 274
348.0951099096635 224.51529301756779 0 0 10.0 1 275
679.6387573741004 567.5654062575836 0 0 12.0 1 276
510.11408127088004 719.5604623633375 0 0 13.0 1 277
159.47499687014593 633.1795935955454 0 0 11.0 1 278
41.141705811004954 371.3517070008579 0 0 11.0 1 279
523.4141849928917 246.4489044567239 0 0 10.0 1 280
532.5342944907361 152.2185221130465 0 0 10.0 1 281
520.4900524956095 110.03767960370214 0 0 10.0 1 282
244.99261935653206 636.7735457057039 0 0 10.0 1 283
166.48013521812038 336.4982460694773 0 0 13.0 1 284
287.63373432995763 634.4649703886904 0 0 12.0 1 285
479.1024791291231 643.4723758368218 0 0 11.0 1 286
641.019785811865 280.54095744899524 0 0 12.0 1 287
472.7784681961481 106.9005380983748 0 0 12.0 1 288
717.3108892259629 465.4965615786718 0 0 11.0 1 289
121.80276043676173 642.4196689614813 0 0 10.0 1 290
325.98771711287344 202.406523432994 0 0 10.0 1 291
201.83350261947325 103.05044314575298 0 0 12.0 1 292
442.58590077403284 155.68372740387466 0 0 11.0 1 293
220.51778987839003 351.1928668137305 0 0 10.0 1 294
355.5841601219889 115.445553245199 0 0 11.0 1 295
632.0599424731339 284.9818140494043 0 0 11.0 1 296
354.67446167887596 139.92002080917433 0 0 11.0 1 297
250.08077117945663 535.3817743636622 0 0 11.0 1 298
186.11899606243338 357.82280053561385 0 0 12.0 1 299
216.28859178473556 686.094597103064 0 0 13.0 1 300
133.09412925698456 392.91084187560085 0 0 13.0 1 301
354.2378435285731 162.36619551274984 0 0 10.0 1 302
435.4998091035658 275.98079360997997 0 0 11.0 1 303
722.1637195694133 577.8610069498102 0 0 11.0 1 304
222.18610732178036 81.24112628725362 0 0 10.0 1 305
475.548030961689 174.30885037775255 0 0 13.0 1 306
579.236250996149 635.5639325721268 0 0 12.0 1 307
366.3827616985904 679.9890735171397 0 0 13.0 1 308
741.67744603198 263.3232906707828 0 0 11.0 1 309
217.05842708509437 679.4429832710427 0 0 13.0 1 310
123.64104239672179 491.14124506736493 0 0 13.0 1 311
530.2823346588281 134.21340651596978 0 0 11.0 1 312
550.7971831828401 461.88060717317643 0 0 12.0 1 313
107.79805816210603 535.2849776810568 0 0 12.0 1 314
736.1859227046477 504.32173970570364 0 0 10.0 1 315
643.883252809193 329.02846345747287 0 0 12.0 1 316
708.585630035338 452.38233419477854 0 0 11.0 1 317
659.7198527389594 218.245775583473 0 0 11.0 1 318
541.7348874650436 357.3945816207441 0 0 13.0 1 319
510.94426333089746 463.83862807082 0 0 12.0 1 320
237.31960859300725 445.78307822402985 0 0 13.0 1 321
351.4201751334253 88.76857386193643 0 0 11.0 1 322
320.067153910466 505.0463712653934 0 0 10.0 1 323
283.4210006365314 308.82249780010204 0 0 12.0 1 324
141.3856054162519 570.9344754988924 0 0 13.0 1 325
425.8102786672264 277.69370615082755 0 0 12.0 1 326
575.054070481281 214.5786624793826 0 0 11.0 1 327
632.0866289374051 659.3063760659796 0 0 13.0 1 328
604.0143624979421 262.54404380108406 0 0 13.0 1 329
585.566036065952 423.11376773202113 0 0 13.0 1 330
557.743453053208 426.7769120484491 0 0 12.0 1 331
558.665060976859 667.4815852076729 0 0 12.0 1 332
429.4374934558584 645.2395440768806 0 0 11.0 1 333
470.1275968380103 117.57634631333462 0 0 13.0 1 334
99.01179125521423 397.33575590358845 0 0 12.0 1 335
675.6269461771014 350.70713498806083 0 0 11.0 1 336
720.979579862473 374.3853691943395 0 0 13.0 1 337
113.55072578709041 382.22886320751155 0 0 10.0 1 338
434.79981337732835 219.32080089588862 0 0 11.0 1 339
295.67353695277654 281.3408701023966 0 0 10.0 1 340
443.6663695587147 598.2479461925438 0 0 10.0 1 341
623.7242409790985 478.2078256846863 0 0 10.0 1 342
605.4837475873934 414.5749606325511 0 0 10.0 1 343
555.2615952498725 384.8396226806594 0 0 11.0 1 344
291.404335055186 230.86105843066863 0 0 12.0 1 345
304.5814162417078 298.9243161113328 0 0 11.0 1 346
156.97471829283003 245.45967370569366 0 0 12.0 1 347
192.34614681082223 132.04314292094074 0 0 13.0 1 348
329.9618408033674 533.7746472854521 0 0 13.0 1 349
356.0589897897987 698.7861904802613 0 0 11.0 1 350
209.82251711156945 103.79648043579783 0 0 13.0 1 351
328.0841851556241 531.6363003706404 0 0 11.0 1 352
421.6478512023597 112.81474526306107 0 0 10.0 1 353
563.507778659276 508.07962952337135 0 0 12.0 1 354
324.08631538374834 620.2864328277715 0 0 13.0 1 355
315.93833901747723 583.6780802187877 0 0 12.0 1 356
526.9950587801782 398.8797119035365 0 0 13.0 1 357
272.2170436259909 461.93154333873895 0 0 13.0 1 358
605.1410604173294 302.8087178248295 0 0 10.0 1 359
114.18526797368276 258.3280586823048 0 0 10.0 1 360
347.46358058233346 98.54366048336112 0 0 10.0 1 361
481.8274505448138 93.74313340377807 0 0 10.0 1 362
328.28505161700394 568.3626032657615 0 0 10.0 1 363
576.2112032325506 219.8511397334505 0 0 11.0 1 364
307.6154022865344 601.8640287553013 0 0 13.0 1 365
464.2645857904462 550.8842702642737 0 0 12.0 1 366
407.5328308207353 269.21675772551674 0 0 10.0 1 367
648.8693586708966 526.1151946227598 0 0 10.0 1 368
426.27929453288334 163.4552924311052 0 0 13.0 1 369
495.37943783282105 635.4119003761174 0 0 13.0 1 370
281.122707769592 600.3925881662448 0 0 13.0 1 371
130.89300218143 622.2215644915591 0 0 11.0 1 372
549.808098652365 686.1582317148386 0 0 13.0 1 373
506.33861500910007 82.3254826745677 0 0 11.0 1 374
475.49540900680506 286.87863500251063 0 0 10.0 1 375
103.92440098971662 491.86533443416994 0 0 10.0 1 376
281.5604185935622 462.6742814579297 0 0 11.0 1 377
434.68626183350057 131.22897618973536 0 0 13.0 1 378
594.9694451862998 403.45187539555565 0 0 12.0 1 379
177.52227558776067 238.35637302896322 0 0 10.0 1 380
168.64190017377496 274.9303008526906 0 0 12.0 1 381
340.0416005322492 540.7621765008826 0 0 11.0 1 382
674.4114313251882 245.32819792198217 0 0 13.0 1 383
440.7596063234962 739.5624456449117 0 0 10.0 1 384
580.4486473280252 350.9359023573653 0 0 11.0 1 385
204.00767802665112 398.2651433790808 0 0 13.0 1 386
123.01640038705818 525.2840195134941 0 0 12.0 1 387
95.42953999220668 416.1813130073303 0 0 13.0 1 388
552.4646325017538 358.5447731147793 0 0 13.0 1 389
189.71324195742477 490.66685939164 0 0 10.0 1 390
718.1090042127031 298.2028416958388 0 0 13.0 1 391
539.8193786870502 483.7827031287918 0 0 12.0 1 392
279.5797374046522 208.75418865641143 0 0 11.0 1 393
596.1288517470067 480.48275288781224 0 0 13.0 1 394
239.13099706688826 596.5633839129416 0 0 12.0 1 395
371.71597537474963 265.9514492767705 0 0 10.0 1 396
365.1243947622109 652.6038245143923 0 0 10.0 1 397
271.4480343408562 74.46291743463337 0 0 13.0 1 398
358.53249036454514 681.9671002876638 0 0 12.0 1 399
536.1274896714717 684.067433113589 0 0 13.0 1 400
585.888616325642 92.87393090045538 0 0 13.0 1 401
192.50231073275276 601.1609031316794 0 0 11.0 1 402
77.11387172286896 391.4239772502587 0 0 11.0 1 403
151.72128537959006 341.8391895995504 0 0 10.0 1 404
281.47297236540214 291.0397149411435 0 0 12.0 1 405
51.461243580496784 298.5616676322693 0 0 10.0 1 406
304.5079838320281 492.5757789498732 0 0 13.0 1 407
417.7774981469087 574.0946884877211 0 0 12.0 1 408
599.4997395779136 328.2793341613127 0 0 13.0 1 409
455.8081360950027 79.82746534781961 0 0 12.0 1 410
223.78440748443646 631.5795002896173 0 0 12.0 1 411
234.1931666722534 367.30299674549883 0 0 11.0 1 412
662.7426186786936 502.4222452881337 0 0 12.0 1 413
261.2028932814401 375.1733375872492 0 0 11.0 1 414
153.64004404907723 371.5259398072668 0 0 13.0 1 415
158.93266328724377 489.0816432842289 0 0 13.0 1 416
581.7828408017144 238.7424457891708 0 0 10.0 1 417
263.90293598791436 638.961480509496 0 0 10.0 1 418
163.78673873586533 116.51402997156697 0 0 11.0 1 419
553.848224441014 270.6488351952431 0 0 12.0 1 420
292.00396495314516 152.53918206277888 0 0 10.0 1 421
308.4437933009606 560.7559050700246 0 0 13.0 1 422
485.5658506506394 578.5566722428273 0 0 13.0 1 423
331.0857119184464 122.42690890827936 0 0 12.0 1 424
248.96094622664353 452.79397915718357 0 0 13.0 1 425
238.91247132963136 417.1699769036874 0 0 13.0 1 426
543.1448161194356 514.0112346136685 0 0 10.0 1 427
677.1589827065117 534.3387446163301 0 0 11.0 1 428
649.249471385797 531.9041356967276 0 0 12.0 1 429
199.42974426743353 353.01518846081325 0 0 13.0 1 430
340.91043947773977 257.78739916137476 0 0 13.0 1 431
519.8672169454394 524.7431372932193 0 0 12.0 1 432
589.6528990949829 477.8253035000071 0 0 13.0 1 433
449.7906206875434 671.4717187692838 0 0 13.0 1 434
177.61222099182964 123.28954528638934 0 0 13.0 1 435
260.4833192019107 655.3744227190423 0 0 13.0 1 436
89.75476879062029 358.56455005869356 0 0 11.0 1 437
235.8748796626087 430.8536039100269 0 0 13.0 1 438
570.9247218907959 194.88115774860162 0 0 13.0 1 439
413.85813339550765 608.5400492442454 0 0 10.0 1 440
271.02014440696064 402.2796603252908 0 0 12.0 1 441
167.91153441210392 420.58990386223235 0 0 13.0 1 442
337.7832947765328 202.57132530674227 0 0 11.0 1 443
686.1177035032115 207.22640289176425 0 0 13.0 1 444
190.99696469320128 655.3776247687824 0 0 12.0 1 445
546.2037668462727 572.3382098083903 0 0 10.0 1 446
381.72376699044236 82.52562417262658 0 0 11.0 1 447
536.4871717854415 698.2536704518678 0 0 10.0 1 448
241.40224769846233 452.3044258634019 0 0 11.0 1 449
438.8527241563151 723.6764832755591 0 0 11.0 1 450
399.24396472440156 228.00166160493862 0 0 13.0 1 451
200.31068950360043 292.050107580079 0 0 13.0 1 452
365.599313905655 524.3285679006974 0 0 13.0 1 453
318.9723348486908 183.67728394796973 0 0 13.0 1 454
500.9922047158959 693.0879980255462 0 0 11.0 1 455
641.8130561500483 651.6494503776505 0 0 11.0 1 456
614.86338659913 357.63580404217726 0 0 13.0 1 457
750.5120273653572 508.7672683863444 0 0 12.0 1 458
285.65182504092854 228.6509559888659 0 0 12.0 1 459
239.5908215631873 496.1139712696691 0 0 12.0 1 460
313.2547422749675 50.60729792650551 0 0 10.0 1 461
541.378533740448 203.59198031291848 0 0 12.0 1 462
423.6969931726473 264.0498160553818 0 0 12.0 1 463
544.1977731295169 299.0891372324645 0 0 10.0 1 464
268.4440899742722 202.86542023961755 0 0 10.0 1 465
517.3096152779929 464.764605791507 0 0 11.0 1 466
571.6530396378578 463.43685035595655 0 0 10.0 1 467
561.4171019820554 637.3046969356374 0 0 13.0 1 468
215.40347623833495 211.26705794931024 0 0 12.0 1 469
489.8817960538274 596.4109537122056 0 0 12.0 1 470
434.43027466129763 133.21252618095502 0 0 11.0 1 471
704.5792794730693 462.86861312026826 0 0 12.0 1 472
260.2021540568336 169.00960567666297 0 0 13.0 1 473
322.03387082193376 247.8084013455766 0 0 13.0 1 474
264.2336943128614 670.880989070969 0 0 12.0 1 475
349.7355037115838 279.02694344246817 0 0 13.0 1 476
100.59286500705286 565.2857147950638 0 0 13.0 1 477
325.97510904267284 515.2792935385875 0 0 13.0 1 478
625.4234666948437 359.6854782580926 0 0 11.0 1 479
377.34428146939695 537.1412352936275 0 0 13.0 1 480
227.53448656839012 495.20843805446657 0 0 10.0 1 481
559.2687372420779 194.49216721177282 0 0 10.0 1 482
254.7353046177901 234.77842672485605 0 0 13.0 1 483
752.2777690022083 443.87907778004006 0 0 13.0 1 484
118.46455238014806 195.44733750574252 0 0 13.0 1 485
342.8679791157646 229.30749228603122 0 0 11.0 1 486
299.29246555559155 620.0499772918149 0 0 13.0 1 487
599.7029268306394 270.52899546509934 0 0 10.0 1 488
740.6611284381288 430.2323596707358 0 0 11.0 1 489
517.1495055516282 254.24337631171255 0 0 10.0 1 490
560.1762952005165 477.6373264341128 0 0 12.0 1 491
509.720024520274 657.6072906951015 0 0 12.0 1 492
454.01884510772686 512.7251718704719 0 0 12.0 1 493
207.85827441199697 671.9752880098936 0 0 10.0 1 494
301.60879328733654 502.3873548912459 0 0 10.0 1 495
186.46757330928293 189.27766432678868 0 0 11.0 1 496
411.26394426549865 763.8256774330032 0 0 11.0 1 497
691.7144667860807 387.08993153726055 0 0 12.0 1 498
424.9086483088032 607.5103834496683 0 0 10.0 1 499
261.5437909153753 412.2832473684562 0 0 11.0 1 500
455.2929840695104 82.78290412922433 0 0 10.0 1 501
364.262206823047 279.1744640448827 0 0 13.0 1 502
705.4751330611621 205.76060368384256 0 0 13.0 1 503
177.91779106912207 320.15331893947075 0 0 13.0 1 504
560.9570938688295 85.8315516585078 0 0 13.0 1 505
246.96842753831945 248.98232610086524 0 0 13.0 1 506
430.55936994199607 255.1893480825798 0 0 13.0 1 507
506.67590634961607 143.28176729244967 0 0 13.0 1 508
614.0980926944553 622.8071064948252 0 0 13.0 1 509
262.36896701412206 234.82524781541164 0 0 11.0 1 510
186.7347160548535 365.73750353818286 0 0 10.0 1 511
441.559052169448 244.45629172873274 0 0 12.0 1 512
640.4740720714208 303.80633772753464 0 0 11.0 1 513
266.48111690903283 310.0349631348898 0 0 13.0 1 514
331.70480699297553 510.61539952526175 0 0 11.0 1 515
228.6181962696738 116.82288695916833 0 0 12.0 1 516
161.27374515423548 467.18463550035153 0 0 11.0 1 517
165.70640681787154 325.01658720885473 0 0 10.0 1 518
359.1795830088579 83.62254575164604 0 0 10.0 1 519
430.9037605699445 529.3597989432403 0 0 10.0 1 520
575.7612761211531 333.27688694115216 0 0 11.0 1 521
510.31761765172325 578.6897401521649 0 0 11.0 1 522
515.8974141647928 541.6219947250937 0 0 11.0 1 523
681.5332378808964 349.6508593092335 0 0 10.0 1 524
743.9066927097925 372.5557527082209 0 0 11.0 1 525
479.2375853183049 251.86018403911677 0 0 10.0 1 526
395.2734779885908 755.9686221981872 0 0 12.0 1 527
122.0108902622909 397.5393360172677 0 0 13.0 1 528
239.51445504138806 573.032915537297 0 0 12.0 1 529
188.13881091142338 516.9565584222381 0 0 11.0 1 530
446.50750184885754 237.52522573710553 0 0 12.0 1 531
653.399350702934 149.9504667804168 0 0 13.0 1 532
467.00758640345305 557.3244525316512 0 0 12.0 1 533
312.29090607802266 46.72515679235556 0 0 13.0 1 534
660.9898452096577 397.69767564427576 0 0 12.0 1 535
582.1889388563966 463.68822935503994 0 0 10.0 1 536
40.00000016356279 399.9891480327906 0 0 11.0 1 537
526.7733133127158 223.882064991336 0 0 11.0 1 538
656.7853520975688 631.8992948418077 0 0 10.0 1 539
570.7339721359027 438.40456689896115 0 0 10.0 1 540
593.9010317825257 420.6734098220872 0 0 10.0 1 541
552.451059283633 470.5880621868757 0 0 11.0 1 542
46.6792924342509 378.08020061135574 0 0 12.0 1 543
728.5856480640197 294.85024067384546 0 0 13.0 1 544
575.3875630025221 85.61297300296195 0 0 10.0 1 545
376.8580840033072 92.87062705758342 0 0 13.0 1 546
413.7382037356329 55.27364220570797 0 0 13.0 1 547
386.9088399826491 71.26055677877639 0 0 13.0 1 548
671.6164997036776 414.43873570372784 0 0 12.0 1 549
580.7341277070022 601.9311146950588 0 0 11.0 1 550
424.42899875266284 75.91941739755157 0 0 12.0 1 551
461.4351205983145 170.06582255551794 0 0 10.0 1 552
669.8917109229437 196.52404472496966 0 0 13.0 1 553
532.7972102772792 643.092371214261 0 0 12.0 1 554
584.2430863010356 686.9416058194927 0 0 11.0 1 555
495.864824599928 649.1965798409461 0 0 13.0 1 556
564.1288960410214 483.1727448408165 0 0 11.0 1 557
438.2449695136203 608.5217549966964 0 0 10.0 1 558
413.80060608378983 160.3971133902597 0 0 10.0 1 559
494.92488392013763 743.1111575171353 0 0 10.0 1 560
575.8278977888706 392.2185888717735 0 0 10.0 1 561
543.4056810168714 489.4192968664332 0 0 10.0 1 562
121.57711094010358 429.6765032903239 0 0 13.0 1 563
584.0033898197566 541.303759804326 0 0 10.0 1 564
295.46063401172114 303.8983821220023 0 0 11.0 1 565
121.39292346828091 414.801922390312 0 0 12.0 1 566
85.18626477908947 588.6300933474254 0 0 10.0 1 567
475.6024461808884 226.77970635209664 0 0 10.0 1 568
639.8430266220827 154.79738463719653 0 0 10.0 1 569
553.7479206512185 248.2845528780057 0 0 10.0 1 570
744.9459414834535 406.1071641613677 0 0 10.0 1 571
163.03700949185787 404.1882131557669 0 0 10.0 1 572
221.41846867060332 480.7752231073843 0 0 11.0 1 573
572.1492332077862 572.9180196103669 0 0 12.0 1 574
548.3281985811657 97.39837160770884 0 0 11.0 1 575
567.2720433010941 234.93921262190435 0 0 13.0 1 576
54.3387985931318 384.69203338256546 0 0 13.0 1 577
199.32676569433787 497.25869129956885 0 0 11.0 1 578
512.2538404014937 272.33216804881505 0 0 10.0 1 579
429.3139132545204 272.32191069057126 0 0 13.0 1 580
495.9511789041369 204.2517656097345 0 0 13.0 1 581
157.00000011040487 399.99267492213363 0 0 13.0 1 582
540.333107199745 515.8905476027484 0 0 11.0 1 583
541.6045817356323 75.55564046900639 0 0 12.0 1 584
231.3612339916008 156.73683674019944 0 0 11.0 1 585
535.4140111090596 435.5393527706328 0 0 11.0 1 586
673.2367548414763 438.957358787512 0 0 13.0 1 587
331.1585493977027 588.8434660743428 0 0 11.0 1 588
234.926482520216 212.24821218733643 0 0 11.0 1 589
759.806620706441 351.9563147145084 0 0 11.0 1 590
688.5839169953564 307.6510809396382 0 0 13.0 1 591
659.6714874257434 358.29006571448537 0 0 11.0 1 592
158.70155571328544 642.3614259423543 0 0 10.0 1 593
628.9876426156044 443.05414648263553 0 0 11.0 1 594
561.4866209245982 387.113136054295 0 0 12.0 1 595
58.1155655245517 297.2185159505717 0 0 12.0 1 596
262.1264142769169 201.11592733489277 0 0 11.0 1 597
242.2539730554107 640.9568238983842 0 0 12.0 1 598
632.2091593797109 495.28854233415507 0 0 10.0 1 599
208.0870800408571 420.45558976797327 0 0 13.0 1 600
568.1662491032564 647.2268445427023 0 0 13.0 1 601
258.4363263145607 465.54179042933185 0 0 11.0 1 602
252.50078025658115 538.0144201708018 0 0 12.0 1 603
496.50008297866896 569.4483224617759 0 0 12.0 1 604
460.4025975630487 173.93026251256805 0 0 12.0 1 605
594.9231377554069 347.0002795518064 0 0 11.0 1 606
593.0106374967561 314.74805683683326 0 0 11.0 1 607
342.84862833507515 621.7537389015519 0 0 10.0 1 608
53.72428939795009 490.86876386880897 0 0 11.0 1 609
50.532648700042785 449.8153628451331 0 0 13.0 1 610
317.33762817633556 271.2524474621507 0 0 13.0 1 611
275.0440680042062 396.68110574700415 0 0 10.0 1 612
498.57343073430064 492.24033148937633 0 0 12.0 1 613
634.62869884416 329.4707601154209 0 0 11.0 1 614
510.76197270296865 572.5015518856188 0 0 11.0 1 615
244.91522186254187 550.3486334825009 0 0 13.0 1 616
436.47456382051007 241.13336979055816 0 0 12.0 1 617
288.6891967873302 705.3439128067732 0 0 12.0 1 618
709.718899103298 210.676986242451 0 0 11.0 1 619
222.52769576728585 280.4191435457541 0 0 10.0 1 620
606.7325264743567 472.26799082255826 0 0 10.0 1 621
246.56134903319807 161.01761489706413 0 0 13.0 1 622
442.9295121099499 555.1710571917381 0 0 12.0 1 623
570.939851755401 395.46490553113574 0 0 13.0 1 624
393.1279514043293 89.07593379074251 0 0 10.0 1 625
510.7023495799094 158.13022140522077 0 0 10.0 1 626
410.94063162803235 564.6368809822991 0 0 13.0 1 627
593.9122100825329 440.02567652029944 0 0 11.0 1 628
180.62597998872286 307.7013578426434 0 0 11.0 1 629
479.42443896261653 523.6962347667608 0 0 12.0 1 630
548.8497615502288 418.5404554000169 0 0 11.0 1 631
154.34644864945196 413.0511573764041 0 0 13.0 1 632
588.6013925540719 485.3142117508266 0 0 10.0 1 633
321.36313978530796 604.3948243365643 0 0 13.0 1 634
149.29779694081347 224.5451471709306 0 0 13.0 1 635
675.6643891069783 340.559739416146 0 0 11.0 1 636
450.23714240682546 648.9823879771345 0 0 13.0 1 637
384.10423688717714 256.88003383503394 0 0 12.0 1 638
220.10310174566368 512.165529457445 0 0 13.0 1 639
261.7532750497595 287.8757696100769 0 0 12.0 1 640
394.61034447876835 573.9165075930473 0 0 13.0 1 641
161.53180676681407 515.576471723703 0 0 13.0 1 642
512.430626628818 269.8333598964338 0 0 11.0 1 643
467.1852952314503 619.9684888902564 0 0 12.0 1 644
319.48379874703255 522.9883788648002 0 0 12.0 1 645
598.8973247460938 579.6214191260244 0 0 10.0 1 646
469.6545916568765 581.0641816072792 0 0 11.0 1 647
669.3854706760244 536.5117877278619 0 0 12.0 1 648
430.9810321577421 767.6971248819345 0 0 12.0 1 649
609.9276082853127 686.2785344373698 0 0 10.0 1 650
342.8928792634842 218.78527443614024 0 0 11.0 1 651
492.5825034730402 106.24418295008269 0 0 13.0 1 652
568.5928041927987 245.02430392345818 0 0 11.0 1 653
379.64274005591153 269.57921190404954 0 0 11.0 1 654
359.5939234443093 141.13449635500746 0 0 12.0 1 655
149.66649637244944 371.06668077190017 0 0 11.0 1 656
178.31234043852757 639.0200443438932 0 0 13.0 1 657
552.9940471918683 398.6503615845755 0 0 12.0 1 658
369.63915979623863 277.71255427427695 0 0 10.0 1 659
266.55579565665806 516.2826054368081 0 0 13.0 1 660
560.2379284309582 384.35371315119335 0 0 13.0 1 661
540.2986873589589 636.5190865984246 0 0 13.0 1 662
72.97060442129845 237.89887592175944 0 0 11.0 1 663
100.3156289796691 461.8488299497141 0 0 10.0 1 664
552.7842810833187 408.1217888333469 0 0 10.0 1 665
538.9615910877432 483.2686988151182 0 0 11.0 1 666
457.36745427043047 712.7826324950445 0 0 12.0 1 667
120.86895928274402 630.4991585843679 0 0 12.0 1 668
248.15479046272773 332.9251735702441 0 0 12.0 1 669
398.18108563044086 536.9879248346956 0 0 10.0 1 670
207.3749615061941 600.4484835194814 0 0 11.0 1 671
489.04298314899677 631.4634898897177 0 0 11.0 1 672
521.8747014057133 597.4096176919155 0 0 10.0 1 673
742.1735481933086 270.10287564075367 0 0 12.0 1 674
330.7652490985061 743.083880804109 0 0 10.0 1 675
498.5037945312389 230.5508853285227 0 0 10.0 1 676
672.1959885534791 484.4650449321748 0 0 10.0 1 677
200.44600328699246 607.6588606244986 0 0 12.0 1 678
201.83350261947325 103.05044314575298 0 0 12.0 1 679
292.0103601657004 474.1568451894918 0 0 13.0 1 680
481.36034172616996 254.1593513652629 0 0 12.0 1 681
198.12856317233764 582.2962506282977 0 0 12.0 1 682
386.7330027425345 257.61676087484733 0 0 12.0 1 683
143.776350520532 499.87212547764625 0 0 13.0 1 684
154.221408949551 614.1702224429347 0 0 13.0 1 685
539.5120020724019 262.3322794633756 0 0 10.0 1 686
238.2454245773696 722.7327955598014 0 0 13.0 1 687
232.5065792614394 447.1376071655692 0 0 11.0 1 688
538.6969054758997 569.4820592611777 0 0 13.0 1 689
122.27875070621843 316.5080381671311 0 0 10.0 1 690
514.6750195483721 732.7966945322331 0 0 10.0 1 691
290.62663208504523 644.6660303167155 0 0 11.0 1 692
380.3881714322662 592.000979633516 0 0 13.0 1 693
259.00552347835617 398.75196539005304 0 0 13.0 1 694
171.18528584265027 182.05545066441707 0 0 13.0 1 695
261.4010504759376 419.7568011283814 0 0 12.0 1 696
103.4336166121912 252.99870665781472 0 0 13.0 1 697
487.7863496437015 93.31684621382641 0 0 12.0 1 698
270.69561206292616 364.83787179053706 0 0 11.0 1 699
337.29309704064696 710.7359720425787 0 0 13.0 1 700
477.39583856025916 266.86140990098215 0 0 13.0 1 701
483.20718027505944 165.31390081499552 0 0 11.0 1 702
585.2720052146747 322.05589128270447 0 0 10.0 1 703
416.87582468702226 746.5893918473745 0 0 13.0 1 704
209.43090266933078 288.08744868168753 0 0 11.0 1 705
236.0064244712795 398.5483852763738 0 0 10.0 1 706
359.9023667767955 143.11056890191577 0 0 10.0 1 707
517.2812699926533 740.360255771602 0 0 12.0 1 708
244.01869907043218 337.599408974597 0 0 13.0 1 709
616.688014318159 524.6848204508203 0 0 12.0 1 710
570.9419856188578 456.3811808379553 0 0 12.0 1 711
391.6664975270885 255.23967139946808 0 0 13.0 1 712
697.5798415871174 415.81890896952535 0 0 10.0 1 713
199.28871126185552 345.4199800927739 0 0 13.0 1 714
256.2739529974542 291.635691240049 0 0 10.0 1 715
414.6929014298235 574.3821052963104 0 0 11.0 1 716
384.6219016280786 528.080108098266 0 0 12.0 1 717
482.2551221184989 744.3110438038125 0 0 10.0 1 718
348.96810682168433 277.18002654846003 0 0 11.0 1 719
280.1241975965995 337.9130287569052 0 0 11.0 1 720
300.9180584121795 496.0560713915978 0 0 12.0 1 721
667.1858904502425 465.0899373506461 0 0 10.0 1 722
686.0964293600142 366.9419736304421 0 0 12.0 1 723
206.3972664670832 208.94508232295507 0 0 12.0 1 724
430.20648631994885 165.9411010360795 0 0 10.0 1 725
381.102368209922 624.2049943973743 0 0 12.0 1 726
505.72507891033854 331.4565270109349 0 0 12.0 1 727
218.16039859785297 232.83732664883502 0 0 11.0 1 728
64.84132630813667 423.76264819230107 0 0 11.0 1 729
228.03204351942045 91.72087008054939 0 0 13.0 1 730
54.667256735476826 443.00344671533793 0 0 12.0 1 731
240.90669798380802 703.8722120457624 0 0 11.0 1 732
151.35067363298188 413.2103178322139 0 0 12.0 1 733
248.29167358758795 390.58810873707927 0 0 12.0 1 734
668.5830514610248 314.05150107253456 0 0 10.0 1 735
248.2484269380036 614.8033055453513 0 0 11.0 1 736
547.8048307286501 194.66434305441476 0 0 12.0 1 737
329.59454709514546 630.4865987454853 0 0 13.0 1 738
368.62756313414945 531.3041134355593 0 0 11.0 1 739
312.7982608306138 715.1584628180469 0 0 10.0 1 740
501.60953319018586 664.129708220928 0 0 12.0 1 741
506.51461144404186 182.7015012731915 0 0 10.0 1 742
569.3586201110104 267.55130127443886 0 0 11.0 1 743
184.82511399564473 349.59396431961034 0 0 13.0 1 744
595.0276837093147 427.8065205838401 0 0 11.0 1 745
345.7085812390226 284.0843330307754 0 0 12.0 1 746
538.3652599251631 347.47329397494957 0 0 10.0 1 747
511.20359808617457 145.21036172424797 0 0 12.0 1 748
271.46102094183647 90.64142025363998 0 0 13.0 1 749
319.3450679486556 648.2252644993918 0 0 12.0 1 750
383.53806297397654 595.3074617861571 0 0 12.0 1 751
280.9626151686363 540.3071666470029 0 0 10.0 1 752
259.0883633805681 417.5473834298218 0 0 12.0 1 753
596.6223432999708 387.80762060841204 0 0 11.0 1 754
675.3266645899243 589.0799507239922 0 0 10.0 1 755
357.9376957576374 576.044774309898 0 0 11.0 1 756
634.8317140052965 676.8087175240958 0 0 10.0 1 757
319.7494671755278 145.34562249710234 0 0 13.0 1 758
127.15706498802359 216.15840292781823 0 0 10.0 1 759
135.4501633166551 221.7462934163344 0 0 12.0 1 760
503.00600801496967 322.342017069589 0 0 10.0 1 761
307.7325714545949 298.72946317107545 0 0 10.0 1 762
179.86808591387444 621.1016517368846 0 0 12.0 1 763
178.8226938235888 680.231331639676 0 0 10.0 1 764
407.87712522925625 44.08715828433134 0 0 12.0 1 765
378.97119118160725 716.3017375856153 0 0 10.0 1 766
635.9062692235067 368.50028347673003 0 0 12.0 1 767
346.80195310654926 278.1026341272207 0 0 10.0 1 768
586.3252284737118 333.0156045468864 0 0 13.0 1 769
570.798987043104 353.5596508944046 0 0 11.0 1 770
686.8541144797289 480.7385719842173 0 0 12.0 1 771
275.88360833221986 647.6370758173546 0 0 13.0 1 772
94.04080868195012 548.2867939096566 0 0 11.0 1 773
350.35355019091196 759.5889737204878 0 0 11.0 1 774
615.787160087239 194.4765182722804 0 0 11.0 1 775
368.4246713740603 572.1278554510104 0 0 13.0 1 776
575.9717750085333 300.8136380325092 0 0 13.0 1 777
625.7154505946024 540.742798618173 0 0 10.0 1 778
225.1639022283774 379.79260244386677 0 0 12.0 1 779
162.15108735564232 227.18826789278248 0 0 12.0 1 780
359.7361447936303 249.2856278786907 0 0 10.0 1 781
679.5224361315936 503.30153773811503 0 0 13.0 1 782
471.40304286699785 286.6086181875639 0 0 12.0 1 783
596.6912951850097 377.27260687092894 0 0 13.0 1 784
310.6968339653595 65.72325157709605 0 0 10.0 1 785
360.719221828235 637.777249681757 0 0 11.0 1 786
391.93473396328034 35.08911843608047 0 0 10.0 1 787
388.6614209259532 534.5229966384245 0 0 10.0 1 788
603.4819846852072 191.97095897791309 0 0 13.0 1 789
487.7760196162192 606.0858325560812 0 0 10.0 1 790
175.05605011558166 153.10686641707449 0 0 10.0 1 791
317.5983565647084 697.8102905528334 0 0 13.0 1 792
526.5743560964373 370.35320626488806 0 0 12.0 1 793
99.83833561057588 510.91877763016834 0 0 13.0 1 794
269.51740370259637 463.23995622617707 0 0 13.0 1 795
122.24900649480145 262.3250727006724 0 0 12.0 1 796
438.79911715092663 243.74498885376934 0 0 10.0 1 797
597.4740169899702 424.59700416402245 0 0 12.0 1 798
194.95991355694673 233.7033886351702 0 0 12.0 1 799
233.1635241764538 392.6114727597932 0 0 11.0 1 800
583.4017901085816 604.9116477532884 0 0 11.0 1 801
117.85213846887308 440.21920229706217 0 0 11.0 1 802
652.568523450059 426.9284415118469 0 0 12.0 1 803
299.3621754554132 145.15096964882727 0 0 13.0 1 804
66.11774970723911 391.1319145559951 0 0 11.0 1 805
568.0533090537729 332.7758576397057 0 0 12.0 1 806
626.8317650364243 574.1934280346433 0 0 10.0 1 807
624.920857572896 394.0327704357049 0 0 13.0 1 808
234.52452204910938 337.1759106956232 0 0 11.0 1 809
290.54718352450044 122.82842684434496 0 0 10.0 1 810
613.4756805380222 691.1170448785648 0 0 10.0 1 811
444.09665011606313 767.3628797912787 0 0 10.0 1 812
563.5875683594653 140.21526704165757 0 0 12.0 1 813
719.3865474923384 380.19511977000934 0 0 13.0 1 814
476.49033404027716 512.451006213403 0 0 11.0 1 815
465.2483056288184 225.8200395781182 0 0 12.0 1 816
736.2024823789977 552.0818557297343 0 0 12.0 1 817
440.9483024960415 277.6716037761768 0 0 10.0 1 818
266.6541675031936 299.4620024282677 0 0 10.0 1 819
578.6197138602746 422.2485464800203 0 0 10.0 1 820
437.21321149585043 568.9502201542368 0 0 11.0 1 821
286.292586879007 247.78099921057222 0 0 12.0 1 822
162.84001973659147 330.9772228792576 0 0 13.0 1 823
427.0349386308752 720.8630737452111 0 0 13.0 1 824
84.92810868822164 320.2836070483686 0 0 10.0 1 825
151.36951363158778 537.2548040988248 0 0 10.0 1 826
205.42604224420762 588.631850341471 0 0 13.0 1 827
43.930454113580254 303.17294545304605 0 0 13.0 1 828
283.74731403467064 238.48742152437006 0 0 10.0 1 829
713.6139592599368 314.72817254622316 0 0 11.0 1 830
333.13901198655736 731.3210048908253 0 0 11.0 1 831
655.2278105376319 303.1095219943327 0 0 13.0 1 832
554.5298855530572 588.8293263001249 0 0 11.0 1 833
289.01048811386306 503.8524349800093 0 0 10.0 1 834
307.96254749198783 502.82561614615014 0 0 13.0 1 835
278.56932209922525 553.8524958021751 0 0 11.0 1 836
165.08284784790777 393.7604788043678 0 0 11.0 1 837
264.2287560344632 484.6532297792038 0 0 13.0 1 838
558.6989400364007 302.9915136118344 0 0 13.0 1 839
496.552425197515 189.04590739101963 0 0 10.0 1 840
699.2481760981457 421.22567082410353 0 0 11.0 1 841
457.68820797269274 749.2679067147443 0 0 11.0 1 842
420.9477102656207 542.4682190336764 0 0 11.0 1 843
474.1847149440289 190.7617910880683 0 0 12.0 1 844
419.37835104265486 63.557613385489674 0 0 12.0 1 845
292.80393558312187 154.37222515861015 0 0 12.0 1 846
422.15142934966906 560.478391622569 0 0 12.0 1 847
236.5113809204521 699.2531895092557 0 0 10.0 1 848
632.853975100964 408.24780453694297 0 0 12.0 1 849
561.9889927728907 142.75388006730913 0 0 13.0 1 850
340.0374253636636 138.7941623106754 0 0 13.0 1 851
631.5552469319454 385.6414618332568 0 0 11.0 1 852
286.014431026219 177.49766278593071 0 0 11.0 1 853
422.1428903955557 228.42292575949895 0 0 13.0 1 854
590.521338782486 413.5136770913459 0 0 12.0 1 855
698.3085728594274 292.75730626951 0 0 13.0 1 856
332.6539740091893 106.6307569235571 0 0 10.0 1 857
322.65214519517934 88.45817398446741 0 0 10.0 1 858
428.2831156069923 540.1751239398828 0 0 11.0 1 859
519.6553773281336 251.12558756971708 0 0 12.0 1 860
562.0604908959467 581.0673832874513 0 0 11.0 1 861
282.43874069955234 510.00159231435197 0 0 12.0 1 862
651.5819198927076 579.4088559216051 0 0 12.0 1 863
593.7022453683973 574.9298148951208 0 0 12.0 1 864
500.58378017185896 116.30314917796647 0 0 11.0 1 865
501.7114045776726 538.7039659809228 0 0 13.0 1 866
322.54057890173743 547.9494443488113 0 0 11.0 1 867
594.7790005589483 625.5330151912514 0 0 11.0 1 868
258.1880185804013 304.4470726463736 0 0 10.0 1 869
133.20692266974902 523.5210665783562 0 0 12.0 1 870
125.54041667578213 490.51484475762356 0 0 11.0 1 871
503.9015875539296 493.8320846180725 0 0 10.0 1 872
111.2969323788036 443.75544247417565 0 0 11.0 1 873
318.6559296706547 204.22680923513934 0 0 11.0 1 874
176.8989948097485 163.67196213081408 0 0 12.0 1 875
215.97864384894277 134.54729144285278 0 0 12.0 1 876
150.29840705273662 497.3299259200334 0 0 12.0 1 877
342.4426866761442 713.764490793556 0 0 13.0 1 878
70.15234514160005 243.71332563390487 0 0 12.0 1 879
661.6081490691508 305.9512023436082 0 0 13.0 1 880
127.76216598953982 526.041904671792 0 0 13.0 1 881
692.6565669832542 444.3636540602339 0 0 11.0 1 882
466.4848055591744 231.6528270811809 0 0 11.0 1 883
462.2095128747638 167.16749258773035 0 0 10.0 1 884
322.45917946327836 573.457260299164 0 0 13.0 1 885
166.93108661360318 512.9596459488266 0 0 13.0 1 886
422.97750656539455 539.1151831829914 0 0 10.0 1 887
469.3587297860304 562.844608760832 0 0 10.0 1 888
122.70857470690049 230.48756547402962 0 0 10.0 1 889
344.21657213079635 676.4275839621678 0 0 12.0 1 890
312.2960599828481 268.5769468264117 0 0 12.0 1 891
601.968829438641 633.8580593761633 0 0 10.0 1 892
260.6718539562444 150.2327729264508 0 0 10.0 1 893
385.0116083663526 707.6350892148625 0 0 11.0 1 894
231.75490674364391 166.25315275888735 0 0 13.0 1 895
336.18318654721867 269.79856252432194 0 0 13.0 1 896
599.792882201441 473.83633402086747 0 0 12.0 1 897
227.3731550657265 150.98399166310955 0 0 13.0 1 898
418.46843756027954 201.85884623813746 0 0 12.0 1 899
532.5628787588533 354.97685955904944 0 0 12.0 1 900
501.87689540924913 209.53452233600729 0 0 13.0 1 901
168.7308465625329 512.0873706905345 0 0 10.0 1 902
426.3996883942831 559.8344657847135 0 0 10.0 1 903
107.74473129952673 490.67997528018066 0 0 12.0 1 904
331.07711315873354 166.979323515131 0 0 10.0 1 905
164.48853578956619 574.3082046991981 0 0 10.0 1 906
552.3433767571416 646.7620221148943 0 0 13.0 1 907
575.5310319368887 257.64531329397346 0 0 11.0 1 908
429.41957138999305 84.36811184668124 0 0 10.0 1 909
113.72475689270846 558.0363413391399 0 0 11.0 1 910
94.37357521519135 494.82873231914317 0 0 12.0 1 911
322.3114075825815 109.19855122747373 0 0 10.0 1 912
762.3388105446668 348.36099949576777 0 0 13.0 1 913
218.38114660297012 277.625198301496 0 0 11.0 1 914
245.02250161184483 506.42356408873627 0 0 13.0 1 915
550.9570708628974 321.82095705053575 0 0 13.0 1 916
227.94288062656568 151.80582667412241 0 0 12.0 1 917
766.2956496063271 452.2254447513748 0 0 12.0 1 918
743.525920036204 448.9789981857488 0 0 10.0 1 919
337.9138669619839 234.24623055753526 0 0 13.0 1 920
229.25645589404832 665.899684366377 0 0 11.0 1 921
582.0985059404078 301.56660051450393 0 0 12.0 1 922
392.1115069175098 43.087165155289654 0 0 10.0 1 923
610.1739710539332 418.65212833486913 0 0 10.0 1 924
188.5308368372767 414.99309945466615 0 0 11.0 1 925
674.0489279979593 526.8904451216456 0 0 11.0 1 926
450.69262468550613 676.3896846890173 0 0 10.0 1 927
268.3521197602489 289.30747257208293 0 0 11.0 1 928
189.201542489501 95.9210459252493 0 0 10.0 1 929
632.6433455236872 186.14707440966282 0 0 11.0 1 930
241.2333186966899 336.48511270628626 0 0 10.0 1 931
310.86030056091664 298.61403458116166 0 0 13.0 1 932
329.59199000945796 518.6874556521107 0 0 10.0 1 933
309.09906434362995 663.7764581929109 0 0 11.0 1 934
386.6663960433416 168.38347423914894 0 0 10.0 1 935
420.8734167017321 37.60063400276778 0 0 12.0 1 936
599.4077645180578 622.7948461026664 0 0 10.0 1 937
691.8028121396455 271.11199114194227 0 0 12.0 1 938
486.31236972172496 238.63341475689506 0 0 11.0 1 939
324.2338715468278 197.72421356173794 0 0 11.0 1 940
612.9814226225468 466.09019305219294 0 0 10.0 1 941
615.4580112028143 444.4729739114438 0 0 10.0 1 942
519.4045921034735 299.6080511963081 0 0 13.0 1 943
503.3672107808484 271.3912143926875 0 0 11.0 1 944
310.93915033679974 98.89509293724745 0 0 13.0 1 945
278.3408863345951 346.25932581230404 0 0 10.0 1 946
255.74867756665495 328.4978603380912 0 0 12.0 1 947
708.0252201723333 592.0663003699127 0 0 13.0 1 948
572.8308313492876 392.35122656145916 0 0 13.0 1 949
288.93487222804686 313.1349472284756 0 0 12.0 1 950
118.3968796406383 624.2759073192456 0 0 13.0 1 951
523.5874695740126 670.0650613542828 0 0 11.0 1 952
207.21348296895016 662.8865893328085 0 0 10.0 1 953
320.8837060242255 617.0290580257372 0 0 13.0 1 954
531.6160566279736 190.98752755468868 0 0 10.0 1 955
517.1128561935519 644.3881726151828 0 0 13.0 1 956
636.3004037466139 435.82065310944563 0 0 12.0 1 957
475.69087133774985 252.26072967510567 0 0 13.0 1 958
570.4379869756685 342.1131051473493 0 0 13.0 1 959
574.4516948879714 376.7060919827919 0 0 12.0 1 960
532.0042711094877 97.55186823381956 0 0 10.0 1 961
99.07049570452824 257.4151710577817 0 0 12.0 1 962
267.54288222157015 710.964808217636 0 0 13.0 1 963
433.78146367809927 37.57095492805041 0 0 13.0 1 964
284.7342215844976 256.578243190692 0 0 12.0 1 965
334.34803043190055 88.85080927016804 0 0 13.0 1 966
725.300041655644 461.1627574495809 0 0 11.0 1 967
115.89134112111327 367.1629789712835 0 0 12.0 1 968
166.33108680109413 329.7515907337241 0 0 10.0 1 969
66.58665839645812 367.43401098139486 0 0 10.0 1 970
529.4008034799066 647.1769246081733 0 0 12.0 1 971
310.7325533750253 116.73277109228235 0 0 11.0 1 972
280.6303176022236 97.71556618930242 0 0 12.0 1 973
247.9129693199129 336.0114455631771 0 0 13.0 1 974
238.85199413812438 356.17854170910215 0 0 13.0 1 975
676.7305198503261 294.94658794989914 0 0 12.0 1 976
582.0925371479293 500.5301343629362 0 0 10.0 1 977
469.5938053459436 651.5505958201469 0 0 13.0 1 978
263.4033535978919 71.24879286655471 0 0 13.0 1 979
513.8227104326861 275.07846226628135 0 0 13.0 1 980
541.7849889505 497.370513546487 0 0 12.0 1 981
543.0709817171061 258.82034781703305 0 0 10.0 1 982
86.0289983296961 595.7605938644089 0 0 11.0 1 983
279.69818164207067 326.4576822518098 0 0 12.0 1 984
257.63659462445526 280.2976156884153 0 0 13.0 1 985
374.52886518545824 61.95825510558694 0 0 12.0 1 986
340.43701137174503 198.62410674147122 0 0 11.0 1 987
335.60236428687546 252.44003078558296 0 0 13.0 1 988
632.2114695098528 243.54606611505505 0 0 12.0 1 989
630.6978575505209 350.2556684475548 0 0 10.0 1 990
288.1233189323242 285.6163987571577 0 0 11.0 1 991
418.366999763424 676.3904001945263 0 0 12.0 1 992
527.6732632407841 715.1182918420469 0 0 11.0 1 993
220.9187571979691 701.8789632890639 0 0 13.0 1 994
130.26438040504502 388.05447691703085 0 0 11.0 1 995
330.2691999427807 178.7272824693923 0 0 12.0 1 996
240.66637845404568 487.9590645985427 0 0 12.0 1 997
559.4636307580098 732.7647073616329 0 0 10.0 1 998
600.2246979289608 694.357045676261 0 0 10.0 1 999
374.49446129273997 649.7007558964378 0 0 12.0 1 1000
554.3168424733517 478.2004611818546 0 0 13.0 1 1001
748.343322675996 365.98633293737686 0 0 13.0 1 1002
432.0514446029394 270.9197734009399 0 0 11.0 1 1003
93.25105393175647 501.16365002322635 0 0 13.0 1 1004
255.8516426789544 287.2602506582343 0 0 13.0 1 1005
322.9438223803704 513.2755290901441 0 0 11.0 1 1006
159.27168256208208 659.5493733059454 0 0 12.0 1 1007
594.4158302351499 451.02435647783705 0 0 13.0 1 1008
695.210366818639 556.2268841230746 0 0 11.0 1 1009
158.5504806005606 509.2113985890655 0 0 13.0 1 1010
709.5949295097091 502.11258307318576 0 0 11.0 1 1011
564.1288960410214 483.1727448408165 0 0 12.0 1 1012
709.626797641959 508.2369908210005 0 0 11.0 1 1013
461.58567507391876 534.5778756916965 0 0 13.0 1 1014
465.5291745361129 192.08192169843514 0 0 12.0 1 1015
354.0387301028284 519.4636416213709 0 0 10.0 1 1016
609.8196492356884 258.6326954539604 0 0 12.0 1 1017
496.3618746055347 576.3955473432003 0 0 10.0 1 1018
629.4806985094375 333.21969593045674 0 0 11.0 1 1019
608.5558267702121 543.2252321352396 0 0 11.0 1 1020
363.44946510038665 165.83540319136168 0 0 11.0 1 1021
611.3666614013249 426.32744666802404 0 0 11.0 1 1022
335.8951609759763 67.11628214389339 0 0 13.0 1 1023
616.1313740544666 602.2454675618918 0 0 12.0 1 1024
590.7412806209018 650.6845904061483 0 0 11.0 1 1025
306.03333281344914 283.0800895576293 0 0 10.0 1 1026
243.15585709207727 93.83678399344069 0 0 12.0 1 1027
314.55423540501414 530.5182796116247 0 0 12.0 1 1028
380.5790747303292 540.6656591413479 0 0 11.0 1 1029
248.32795988543796 689.6974149824032 0 0 10.0 1 1030
477.264486684438 277.30037042684154 0 0 12.0 1 1031
486.3200514166076 181.42770366893654 0 0 12.0 1 1032
549.9481059081661 486.2818957519677 0 0 10.0 1 1033
458.6302598675783 719.6677847826713 0 0 10.0 1 1034
94.36067550151392 438.060521805529 0 0 11.0 1 1035
232.18497839848632 228.42459813573657 0 0 13.0 1 1036
567.3958156991054 587.0284494039106 0 0 11.0 1 1037
385.5469080675543 696.6481217429032 0 0 11.0 1 1038
485.1021621884722 537.8463709745272 0 0 13.0 1 1039
575.6768814292573 576.4614216515629 0 0 11.0 1 1040
709.6968654235789 386.29410539914653 0 0 12.0 1 1041
408.26228878815425 666.8721315236589 0 0 12.0 1 1042
211.7520288265156 481.164655787276 0 0 12.0 1 1043
694.7004806281963 240.69957088096047 0 0 13.0 1 1044
123.86656578315933 582.5139077101078 0 0 10.0 1 1045
293.9163346883752 514.3776899314336 0 0 10.0 1 1046
689.4222630647062 243.5527128950328 0 0 12.0 1 1047
716.2055727437073 422.4284588374694 0 0 10.0 1 1048
137.5313351848082 454.16825629582803 0 0 11.0 1 1049
366.5577126502186 529.7598297502531 0 0 10.0 1 1050
132.82065936376057 445.3453408542084 0 0 13.0 1 1051
167.5474609172745 373.13334643105014 0 0 10.0 1 1052
323.816770614241 185.10440776889624 0 0 10.0 1 1053
66.24437498040703 273.2870063182909 0 0 10.0 1 1054
338.08435133666404 706.8150134048176 0 0 11.0 1 1055
499.980105144281 623.6715864282687 0 0 11.0 1 1056
151.67852986234297 477.04834500930383 0 0 11.0 1 1057
182.1706985166242 317.2993626671198 0 0 13.0 1 1058
363.75790843287285 167.81147573827002 0 0 11.0 1 1059
442.4773013719531 688.8938885960661 0 0 13.0 1 1060
236.5309927291208 534.9884575134972 0 0 10.0 1 1061
178.71493905255252 569.9232821054386 0 0 11.0 1 1062
210.86695261354225 297.7567098225418 0 0 10.0 1 1063
629.6772721855889 432.7467653576188 0 0 11.0 1 1064
253.79494844872215 557.6359188157578 0 0 10.0 1 1065
497.24212634555136 125.72829372354897 0 0 13.0 1 1066
52.217726095595026 412.30812568514926 0 0 12.0 1 1067
554.4001327658704 671.1173159388416 0 0 13.0 1 1068
396.5529273925253 244.0380889754207 0 0 11.0 1 1069
650.8467116704397 246.6640053864479 0 0 10.0 1 1070
586.076353815879 264.8127574414367 0 0 12.0 1 1071
261.83357107040433 623.7834621164911 0 0 13.0 1 1072
189.74374961851524 647.8251584797605 0 0 10.0 1 1073
236.62040114720475 181.28533044466428 0 0 12.0 1 1074
183.54335657400495 415.3467102908611 0 0 12.0 1 1075
233.85704084930788 458.07337707290196 0 0 12.0 1 1076
160.03829119756836 313.7249844473095 0 0 13.0 1 1077
521.1928282021598 449.7322671146387 0 0 11.0 1 1078
681.989028157561 397.5124311558842 0 0 12.0 1 1079
142.9613399388425 649.1889388274783 0 0 11.0 1 1080
441.5962974481502 550.3520802603177 0 0 10.0 1 1081
364.1420282249448 617.0580702489068 0 0 10.0 1 1082
672.9189438151254 270.69706071849566 0 0 10.0 1 1083
586.7243418466996 202.2172399780081 0 0 10.0 1 1084
266.04691147379503 318.11245470591587 0 0 10.0 1 1085
465.3026617525336 510.088883943994 0 0 11.0 1 1086
388.8799636084933 758.8277369304826 0 0 13.0 1 1087
535.2335401149923 414.41837813232746 0 0 12.0 1 1088
607.332486176588 273.2631064928804 0 0 11.0 1 1089
380.93949557107163 529.605930307663 0 0 13.0 1 1090
681.4905380208145 254.21907873541076 0 0 13.0 1 1091
558.9476903083663 225.5533555907834 0 0 10.0 1 1092
597.7506439477391 707.9783804396901 0 0 12.0 1 1093
543.7203641270668 142.3772973218716 0 0 11.0 1 1094
238.42713047069074 240.55343267393678 0 0 13.0 1 1095
379.14191859073304 238.34004688877212 0 0 11.0 1 1096
476.6039579444705 589.0709751052282 0 0 10.0 1 1097
708.9444080936264 364.30192291342877 0 0 10.0 1 1098
339.7022470492567 515.1702261397933 0 0 10.0 1 1099
262.42153262691 268.9573912222761 0 0 11.0 1 1100
212.69311007480863 166.9396451848744 0 0 11.0 1 1101
630.7980262099695 330.62225790945485 0 0 11.0 1 1102
62.330965099649006 385.045974807246 0 0 12.0 1 1103
444.7130703539616 723.9286053122225 0 0 13.0 1 1104
711.0133784757004 350.04323460099954 0 0 12.0 1 1105
526.9395090694699 470.08110328185455 0 0 12.0 1 1106
545.1914850320313 467.22672589226255 0 0 13.0 1 1107
406.6840987949113 615.8965558393645 0 0 12.0 1 1108
558.4013952727923 293.27606652848397 0 0 13.0 1 1109
475.90326349729094 569.8078166353388 2 15 11.0 1 1110
267.86346207448287 432.1859494975429 14 1 12.0 1 1111
718.4387894023973 313.4162982777035 16 -16 12.0 1 1112
589.7874743151415 590.635029816347 -16 16 13.0 1 1113
557.9009788238297 405.5929318319184 -5 17 11.0 1 1114
503.48175669542275 90.86002194599718 12 5 13.0 1 1115
513.9567674505594 279.2943449865785 -17 -2 11.0 1 1116
161.955976440693 254.48009466847466 4 6 13.0 1 1117
578.6086053536061 275.00813589021175 18 8 11.0 1 1118
627.8229511674471 342.36578341510125 2 11 10.0 1 1119
625.566749166464 386.0128033375691 3 14 12.0 1 1120
285.36066603240795 257.35770926030773 17 -9 13.0 1 1121
185.7512952772868 113.18735640728869 22 18 11.0 1 1122
555.8833084380409 246.17739389020022 2 6 11.0 1 1123
115.7136249935088 420.1558176631125 0 15 11.0 1 1124
663.6858550898977 294.5212351915824 -10 19 11.0 1 1125
339.510061822562 520.6895495860754 19 -14 11.0 1 1126
245.38078818100044 582.2468088512701 7 -5 13.0 1 1127
414.45489512067303 617.5202427523709 14 4 13.0 1 1128
296.020003373229 307.7548900943975 -15 -3 12.0 1 1129
553.7479206512185 248.2845528780057 -14 13 10.0 1 1130
301.9284100706043 498.5036204853428 19 -4 10.0 1 1131
257.49055992974945 363.9436622649544 -4 18 11.0 1 1132
502.3094117514712 216.60756758506113 -17 -3 10.0 1 1133
621.4726789668844 538.0972572907638 -15 -17 11.0 1 1134
430.0505348203861 227.5994044180567 -9 19 10.0 1 1135
177.6460447947401 255.834405614317 2 -12 10.0 1 1136
203.67980653370614 340.9798200836616 -8 16 11.0 1 1137
540.2609710143338 627.1912410506096 -15 5 12.0 1 1138
396.8534109081349 636.9791108454224 0 -7 13.0 1 1139
283.33877931868165 469.90107001430476 -8 5 13.0 1 1140
128.23377022611947 346.4078704053442 19 7 11.0 1 1141
332.7724252630998 129.22065589304174 -10 13 13.0 1 1142
202.07006668859074 293.0012079538228 2 -15 12.0 1 1143
351.21879080766746 217.40374146841373 -17 -15 10.0 1 1144
277.26146365272297 656.1078907322618 4 13 11.0 1 1145
222.115887538516 433.44013357913093 6 8 13.0 1 1146
217.07367968700586 597.2281960997157 1 -11 13.0 1 1147
510.83457400250416 223.9894968881589 12 5 10.0 1 1148
153.9580669860984 301.5704962992155 4 -13 12.0 1 1149
162.17015373680246 294.9430429413462 15 6 13.0 1 1150
560.0 400.0 1 2 11.0 1 1151
386.59051390319985 63.266892505919884 -9 -15 13.0 1 1152
572.4153074607183 503.31486704838744 14 3 12.0 1 1153
217.11449389509738 406.4723764378802 12 15 10.0 1 1154
701.9490087872223 356.9674995798065 -3 -13 13.0 1 1155
679.3289230990124 305.1298112137114 -10 -14 10.0 1 1156
554.4820239330493 437.63381832273717 15 -6 12.0 1 1157
513.6385968245695 666.8075510770693 11 -15 10.0 1 1158
609.4617095657616 214.1888264237359 10 1 10.0 1 1159
630.7741158478926 389.7868978942027 -14 -15 13.0 1 1160
174.7189606895134 223.80563764073776 -17 -13 13.0 1 1161
59.06231690867054 512.4388555985705 -2 3 12.0 1 1162
752.1153538754847 424.97553933636186 12 6 10.0 1 1163
675.7956194454264 295.30149812574405 13 2 13.0 1 1164
588.0751171339775 352.4211148192751 -4 -9 10.0 1 1165
402.3711423881852 578.9842945170748 -3 -16 12.0 1 1166
488.8181282433001 266.91604117942427 3 14 12.0 1 1167
286.6342281126348 710.9810311970521 -5 -11 13.0 1 1168
526.4105497324668 365.6288941647853 14 1 13.0 1 1169
614.0799077267443 639.1877779229295 6 -1 13.0 1 1170
233.48162407230137 514.3487231166209 12 15 13.0 1 1171
102.89276013415656 281.14173138018475 21 17 11.0 1 1172
305.68855540098866 250.2189884609948 -15 1 11.0 1 1173
215.1113916261516 428.02146487216044 11 -14 13.0 1 1174
