400 400 -7.071067811865475 7.0710678118654755 5 2 -1 10 187
57.15728752538104 742.842712474619
800.0 400.0 0 0 24.0 1 0
799.4518139018296 420.9343824971775 0 0 24.0 1 1
797.8087581473094 441.8113853070614 0 0 24.0 1 2
795.0753362380551 462.57378601609236 0 0 24.0 1 3
791.2590402935223 483.16467632710373 0 0 24.0 1 4
786.3703305156273 503.5276180410083 0 0 24.0 1 5
780.4226065180615 523.6067977499789 0 0 24.0 1 6
773.4321705988807 543.3471798181201 0 0 24.0 1 7
765.4181830570403 562.6946572303201 0 0 24.0 1 8
756.4026096753471 581.5961998958187 0 0 24.0 1 9
746.4101615137755 600.0 0 0 24.0 1 10
735.4682271781696 617.8556140060108 0 0 24.0 1 11
723.606797749979 635.1141009169893 0 0 24.0 1 12
710.8583845827884 651.728156419935 0 0 24.0 1 13
697.2579301909577 667.6522425435433 0 0 24.0 1 14
682.842712474619 682.842712474619 0 0 24.0 1 15
667.6522425435433 697.2579301909577 0 0 24.0 1 16
651.728156419935 710.8583845827884 0 0 24.0 1 17
635.1141009169893 723.606797749979 0 0 24.0 1 18
617.8556140060108 735.4682271781696 0 0 24.0 1 19
600.0 746.4101615137754 0 0 24.0 1 20
581.5961998958187 756.4026096753471 0 0 24.0 1 21
562.6946572303201 765.4181830570403 0 0 24.0 1 22
543.3471798181201 773.4321705988807 0 0 24.0 1 23
523.606797749979 780.4226065180615 0 0 24.0 1 24
503.5276180410083 786.3703305156273 0 0 24.0 1 25
483.1646763271038 791.2590402935223 0 0 24.0 1 26
462.57378601609236 795.0753362380551 0 0 24.0 1 27
441.8113853070614 797.8087581473094 0 0 24.0 1 28
420.9343824971776 799.4518139018296 0 0 24.0 1 29
400.0 800.0 0 0 24.0 1 30
379.0656175028225 799.4518139018296 0 0 24.0 1 31
358.1886146929386 797.8087581473094 0 0 24.0 1 32
337.4262139839077 795.0753362380551 0 0 24.0 1 33
316.83532367289627 791.2590402935223 0 0 24.0 1 34
296.47238195899166 786.3703305156273 0 0 24.0 1 35
276.3932022500211 780.4226065180615 0 0 24.0 1 36
256.65282018187986 773.4321705988807 0 0 24.0 1 37
237.3053427696799 765.4181830570403 0 0 24.0 1 38
218.4038001041813 756.4026096753471 0 0 24.0 1 39
43.597390324652906 581.5961998958187 0 0 24.0 1 40
34.58181694295968 562.6946572303202 0 0 24.0 1 41
26.567829401119297 543.3471798181201 0 0 24.0 1 42
19.5773934819386 523.606797749979 0 0 24.0 1 43
13.629669484372698 503.5276180410084 0 0 24.0 1 44
8.740959706477724 483.16467632710373 0 0 24.0 1 45
4.924663761944942 462.5737860160924 0 0 24.0 1 46
2.1912418526906663 441.81138530706147 0 0 24.0 1 47
0.5481860981704472 420.9343824971775 0 0 24.0 1 48
0.0 400.00000000000006 0 0 24.0 1 49
0.5481860981704472 379.0656175028226 0 0 24.0 1 50
2.1912418526906663 358.1886146929386 0 0 24.0 1 51
4.924663761944885 337.4262139839077 0 0 24.0 1 52
8.740959706477781 316.8353236728962 0 0 24.0 1 53
13.629669484372698 296.47238195899166 0 0 24.0 1 54
19.577393481938543 276.3932022500211 0 0 24.0 1 55
26.567829401119297 256.65282018187986 0 0 24.0 1 56
34.58181694295968 237.30534276967992 0 0 24.0 1 57
43.59739032465285 218.40380010418136 0 0 24.0 1 58
53.58983848622455 199.99999999999994 0 0 24.0 1 59
64.53177282183037 182.14438599398918 0 0 24.0 1 60
76.39320225002103 164.8858990830108 0 0 24.0 1 61
89.14161541721171 148.27184358006497 0 0 24.0 1 62
102.74206980904228 132.3477574564567 0 0 24.0 1 63
117.15728752538092 117.15728752538104 0 0 24.0 1 64
132.34775745645675 102.74206980904228 0 0 24.0 1 65
148.27184358006485 89.14161541721177 0 0 24.0 1 66
164.8858990830107 76.39320225002109 0 0 24.0 1 67
182.1443859939892 64.53177282183032 0 0 24.0 1 68
199.99999999999983 53.58983848622461 0 0 24.0 1 69
218.40380010418124 43.597390324652906 0 0 24.0 1 70
237.30534276967995 34.58181694295962 0 0 24.0 1 71
256.65282018187975 26.567829401119354 0 0 24.0 1 72
276.393202250021 19.5773934819386 0 0 24.0 1 73
296.4723819589917 13.629669484372698 0 0 24.0 1 74
316.8353236728961 8.740959706477781 0 0 24.0 1 75
337.4262139839076 4.924663761944942 0 0 24.0 1 76
358.18861469293864 2.1912418526906663 0 0 24.0 1 77
379.0656175028223 0.5481860981704472 0 0 24.0 1 78
399.99999999999994 0.0 0 0 24.0 1 79
420.9343824971776 0.5481860981704472 0 0 24.0 1 80
441.8113853070612 2.1912418526906663 0 0 24.0 1 81
462.5737860160923 4.924663761944885 0 0 24.0 1 82
483.1646763271038 8.740959706477781 0 0 24.0 1 83
503.5276180410081 13.629669484372641 0 0 24.0 1 84
523.6067977499789 19.577393481938543 0 0 24.0 1 85
543.3471798181201 26.567829401119297 0 0 24.0 1 86
562.6946572303199 34.58181694295956 0 0 24.0 1 87
581.5961998958187 43.59739032465279 0 0 24.0 1 88
600.0 53.58983848622455 0 0 24.0 1 89
617.8556140060107 64.53177282183032 0 0 24.0 1 90
635.1141009169892 76.39320225002098 0 0 24.0 1 91
651.728156419935 89.14161541721171 0 0 24.0 1 92
667.6522425435431 102.74206980904216 0 0 24.0 1 93
682.842712474619 117.15728752538092 0 0 24.0 1 94
697.2579301909577 132.34775745645675 0 0 24.0 1 95
710.8583845827882 148.27184358006485 0 0 24.0 1 96
723.6067977499789 164.88589908301066 0 0 24.0 1 97
735.4682271781696 182.1443859939892 0 0 24.0 1 98
746.4101615137754 199.99999999999983 0 0 24.0 1 99
756.4026096753471 218.40380010418122 0 0 24.0 1 100
765.4181830570403 237.30534276967995 0 0 24.0 1 101
773.4321705988806 256.6528201818797 0 0 24.0 1 102
780.4226065180615 276.3932022500209 0 0 24.0 1 103
786.3703305156273 296.4723819589917 0 0 24.0 1 104
791.2590402935223 316.83532367289604 0 0 24.0 1 105
795.0753362380551 337.4262139839076 0 0 24.0 1 106
797.8087581473094 358.18861469293864 0 0 24.0 1 107
799.4518139018296 379.06561750282225 0 0 24.0 1 108
800.0 399.9999999999999 0 0 24.0 1 109
145.15954067349634 409.0188852003249 0 0 11.0 1 110
727.5375437603171 417.4114165839071 0 0 12.0 1 111
267.80073770612603 364.05065996495205 0 0 13.0 1 112
685.2226380515824 218.638353715853 0 0 10.0 1 113
651.6157279202897 299.3494885102775 0 0 10.0 1 114
348.87704343850385 255.79374731860142 0 0 12.0 1 115
260.67594807899076 306.1234397929285 0 0 10.0 1 116
439.8588375887505 671.0853612168567 0 0 12.0 1 117
421.8812632560647 729.2737619645981 0 0 13.0 1 118
290.1656589832608 283.65388904901613 0 0 12.0 1 119
549.6003066206634 561.3063800939178 0 0 11.0 1 120
274.4419143947781 603.3621575887505 0 0 11.0 1 121
225.02335034179762 575.747466765216 0 0 11.0 1 122
624.4765759296781 186.2004049141172 0 0 12.0 1 123
364.93449185212415 638.435337436235 0 0 13.0 1 124
495.4794878615476 256.9347442678811 0 0 13.0 1 125
689.8789404690783 173.2971110185744 0 0 13.0 1 126
698.3092796654241 431.8052458801341 0 0 11.0 1 127
462.54738393880365 249.47815852039318 0 0 11.0 1 128
214.4794350067164 229.45346686439848 0 0 13.0 1 129
331.75431696852746 738.1826825069074 0 0 11.0 1 130
754.4565170564331 343.06514673574236 0 0 13.0 1 131
523.8268848157378 690.7282280701859 0 0 10.0 1 132
528.2894238486841 160.15458368237955 0 0 10.0 1 133
207.6472796596435 94.5144340927634 0 0 10.0 1 134
245.9404182222318 618.0702759718966 0 0 11.0 1 135
738.6273910175817 339.44019441390327 0 0 11.0 1 136
131.18009138930387 342.0271034487926 0 0 12.0 1 137
111.21824010593002 481.27173649236073 0 0 11.0 1 138
518.8942532446398 617.6422673687247 0 0 11.0 1 139
266.3412193659568 425.12628821415365 0 0 12.0 1 140
477.53595071736527 625.0159468712258 0 0 12.0 1 141
312.26787718839 583.0630345727083 0 0 11.0 1 142
343.8565415279651 173.86527893576604 0 0 12.0 1 143
357.62484594005406 251.94478625054825 0 0 11.0 1 144
651.4210559878052 572.662829253945 0 0 11.0 1 145
271.70374966123086 426.47776706997564 0 0 12.0 1 146
229.24082406120442 409.07214598115894 0 0 12.0 1 147
305.8673644289384 310.33926767839944 0 0 10.0 1 148
318.4181820563835 272.93542200512917 0 0 10.0 1 149
214.5912188606712 607.1414586132589 0 0 11.0 1 150
262.79047330969377 339.39021708154587 0 0 11.0 1 151
297.5257188031397 140.50043989789344 0 0 11.0 1 152
180.6959790059449 334.0701404837 0 0 12.0 1 153
296.1978549426058 321.7368881178132 0 0 10.0 1 154
575.8996330914981 97.41229522950482 0 0 13.0 1 155
640.5772401025918 293.7380992800339 0 0 10.0 1 156
547.7556917968584 145.82632799278406 0 0 10.0 1 157
266.9032804948623 422.5890074365983 0 0 13.0 1 158
469.5653572032675 251.4851486309137 0 0 10.0 1 159
562.0413612769688 696.6253482686651 0 0 13.0 1 160
184.5543751391711 111.58505113582106 0 0 11.0 1 161
436.7689289052528 69.03618646873122 0 0 11.0 1 162
235.6811246818512 231.99908567457538 0 0 12.0 1 163
675.6888582321453 373.0806120675811 0 0 10.0 1 164
240.28393659383474 427.106808923918 0 0 11.0 1 165
352.36636138715386 659.6671647946671 0 0 13.0 1 166
51.218351745295024 412.34349386240547 0 0 10.0 1 167
707.0467115493827 538.8931853141477 0 0 13.0 1 168
286.8921873624293 693.9925555525925 0 0 12.0 1 169
381.6088221287471 80.52892998503302 0 0 11.0 1 170
532.3866813939094 357.6353143584479 0 0 10.0 1 171
359.4031489095061 621.3072427227276 0 0 12.0 1 172
521.2529651182191 526.1852544873606 0 0 13.0 1 173
336.0023496018638 253.3565523334986 0 0 11.0 1 174
110.65202564085075 337.60008225760953 0 0 10.0 1 175
282.6461645913879 486.85664807536835 0 0 13.0 1 176
553.0865008522575 237.84722248196988 0 0 13.0 1 177
443.1010527995252 152.7282886224699 0 0 12.0 1 178
254.2937732019846 380.5399005067986 0 0 11.0 1 179
652.2005972942582 470.98491899283533 0 0 10.0 1 180
84.703869675985 503.9824514170624 0 0 11.0 1 181
246.74382413425883 178.92638203754612 0 0 12.0 1 182
383.4298009790924 538.0087986485191 0 0 12.0 1 183
524.501311349802 601.664135314586 0 0 10.0 1 184
90.47298734715963 369.76709676183225 0 0 11.0 1 185
640.5353842180272 498.7052629756188 0 0 12.0 1 186
340.3287781875764 221.72115860985483 0 0 10.0 1 187
518.5975949734392 327.5044107099193 0 0 12.0 1 188
256.852047030869 234.26025352756372 0 0 10.0 1 189
403.84151560097047 689.9745553628585 0 0 12.0 1 190
532.7420969498654 690.0698807138592 0 0 12.0 1 191
331.1366166279958 286.2158427962821 0 0 10.0 1 192
540.0522760829169 556.4779855570566 0 0 10.0 1 193
541.4266318837449 658.8889873942492 0 0 12.0 1 194
286.36192713129145 617.0515800326873 0 0 13.0 1 195
324.64475191082926 42.86335026292869 0 0 11.0 1 196
660.7447802437227 388.46052099734595 0 0 10.0 1 197
252.85277769378771 124.87876314692437 0 0 13.0 1 198
410.01850111102766 605.7562383877785 0 0 11.0 1 199
136.7706930111629 310.5889719208164 0 0 10.0 1 200
614.7772150131086 653.1694055592282 0 0 13.0 1 201
311.6925380699261 272.61557329300985 0 0 11.0 1 202
633.1659917721173 177.924291555954 0 0 12.0 1 203
529.3054478179432 364.8417696036735 0 0 12.0 1 204
324.57981758906897 96.2224562527673 0 0 10.0 1 205
483.08476842444037 517.6134399456844 0 0 11.0 1 206
193.09156821050692 429.49408168451225 0 0 11.0 1 207
284.14444852792417 289.64832945033777 0 0 13.0 1 208
553.411939670503 680.828732088677 0 0 11.0 1 209
619.4486624719734 415.5654919376759 0 0 12.0 1 210
498.0190903212747 654.7965029834393 0 0 12.0 1 211
745.3704350634832 477.68695246989853 0 0 11.0 1 212
537.2158309924655 173.2913417510325 0 0 13.0 1 213
59.50411195824705 525.8234883742222 0 0 11.0 1 214
272.3738793491857 561.7021129349391 0 0 12.0 1 215
550.3523065903249 212.9326754802728 0 0 12.0 1 216
217.63342977905228 188.85210380908802 0 0 12.0 1 217
569.8834032254367 497.75289923344315 0 0 12.0 1 218
510.20607324763216 544.8399855679968 0 0 13.0 1 219
502.62111124357165 697.8152238001518 0 0 13.0 1 220
132.8499365481926 378.67293743397204 0 0 10.0 1 221
433.02234521418137 144.1220511326632 0 0 13.0 1 222
241.32687603580737 667.4768022304812 0 0 10.0 1 223
612.8108307811651 174.5858249749357 0 0 10.0 1 224
184.50497523232607 322.5216526997407 0 0 11.0 1 225
368.6094298584427 236.99499361618376 0 0 11.0 1 226
100.7495004082113 346.47301153562955 0 0 10.0 1 227
592.8947874466659 93.67402823804576 0 0 10.0 1 228
291.29796005298203 314.9831398406357 0 0 13.0 1 229
613.2499936407961 498.7392536542606 0 0 12.0 1 230
483.63528269549334 505.97235247197693 0 0 12.0 1 231
169.1888852585874 543.9104906246465 0 0 11.0 1 232
168.4596565934137 584.4046349069353 0 0 13.0 1 233
428.34241133135737 677.5566747889955 0 0 10.0 1 234
462.8841097292812 644.0278441972467 0 0 11.0 1 235
656.5053528093426 541.612160424713 0 0 12.0 1 236
161.5632328105403 206.61719814771686 0 0 11.0 1 237
516.652789677278 119.27214840613203 0 0 12.0 1 238
181.0706359015337 137.25690582730596 0 0 10.0 1 239
546.1964322282527 552.1433639819033 0 0 12.0 1 240
106.50745605079118 514.3989800925766 0 0 13.0 1 241
358.9159058363151 205.2871416501995 0 0 11.0 1 242
654.4291647813643 363.73982751478775 0 0 13.0 1 243
34.228987790194765 412.94475287576046 0 0 11.0 1 244
120.02284403423312 614.9925397248022 0 0 10.0 1 245
518.7621733069083 274.2043474860125 0 0 10.0 1 246
514.4962175950096 274.33928156963213 0 0 11.0 1 247
127.76851297330904 451.1763370244159 0 0 10.0 1 248
565.8446316482534 464.6495023449922 0 0 13.0 1 249
580.8010577817195 554.7739561586875 0 0 11.0 1 250
387.1964228003396 525.3477898125545 0 0 12.0 1 251
489.2992830793616 674.8574867845372 0 0 10.0 1 252
323.8239721543528 172.4099897147083 0 0 11.0 1 253
661.3547322674344 562.9653457684108 0 0 10.0 1 254
588.2564264311462 298.2379348314195 0 0 12.0 1 255
519.0079362599561 167.7111472602565 0 0 13.0 1 256
344.7028471549654 543.7296938257119 0 0 12.0 1 257
640.7565317425381 668.993108505226 0 0 11.0 1 258
504.5422628619101 303.90153343725353 0 0 11.0 1 259
576.7753688189753 296.19504357249946 0 0 10.0 1 260
655.7496695110844 388.6815838134887 0 0 11.0 1 261
610.8956990791368 648.5940548563505 0 0 12.0 1 262
193.40657956874176 232.44356582180026 0 0 13.0 1 263
427.4938697236272 586.9895374817004 0 0 11.0 1 264
51.966741597143255 311.9440459395825 0 0 13.0 1 265
714.4080685833608 447.66095267281884 0 0 10.0 1 266
673.112744427472 646.6443367103619 0 0 10.0 1 267
511.90439404936853 297.13403579198973 0 0 10.0 1 268
185.0734455398517 436.477063860581 0 0 10.0 1 269
128.52194220936792 383.1576682663524 0 0 12.0 1 270
588.0751171339775 352.4211148192751 0 0 12.0 1 271
253.89390631166043 679.0663171848837 0 0 10.0 1 272
131.0770878600983 433.4883162639557 0 0 11.0 1 273
266.45477438163323 529.4668788321535 0 0 10.0 1 274
117.65554247319449 194.85954249857514 0 0 10.0 1 275
141.06439637741164 271.6514387435301 0 0 12.0 1 276
397.2158259708858 274.0307641724552 0 0 12.0 1 277
657.9899619313857 397.72413914261745 0 0 11.0 1 278
606.9075426154658 429.5003187919928 0 0 12.0 1 279
322.5856312530881 62.771567759304844 0 0 12.0 1 280
65.01315852287883 494.27521433113844 0 0 11.0 1 281
735.6969799420258 346.0784119502853 0 0 13.0 1 282
480.7849645505011 609.9971178434939 0 0 10.0 1 283
266.52992335686514 150.4509293928833 0 0 12.0 1 284
540.8368494980341 230.98821986776164 0 0 11.0 1 285
134.0351638341532 322.5938896257262 0 0 10.0 1 286
459.7319526822002 283.41057582794485 0 0 11.0 1 287
640.6494248991014 467.73370132904137 0 0 10.0 1 288
709.5949295097091 502.11258307318576 0 0 11.0 1 289
144.36053192788498 413.58169222910345 0 0 11.0 1 290
67.81771291271224 280.5683118035304 0 0 12.0 1 291
696.0561860728648 543.4982044765344 0 0 10.0 1 292
362.0614701041988 156.94307673027416 0 0 11.0 1 293
237.40178297408448 361.91037122794086 0 0 12.0 1 294
234.21276203220705 730.7787655322064 0 0 12.0 1 295
433.2783323863843 142.1385011414435 0 0 13.0 1 296
260.78287579337325 625.4852374938027 0 0 11.0 1 297
523.1691951329052 373.4415856965759 0 0 12.0 1 298
537.9236175504686 240.3188310357415 0 0 10.0 1 299
368.9199714597836 66.4448593921249 0 0 12.0 1 300
423.7396988427308 186.31465492725889 0 0 10.0 1 301
172.0077067985453 688.8659104857164 0 0 10.0 1 302
267.86650102206397 587.0340569197166 0 0 13.0 1 303
240.30439221939355 279.59521248894333 0 0 12.0 1 304
103.00040382538816 585.1789401420083 0 0 12.0 1 305
109.31152069937775 301.261922229103 0 0 13.0 1 306
290.8165642175652 584.0515616634179 0 0 13.0 1 307
325.15052557790244 119.82584669756602 0 0 11.0 1 308
632.9319155334138 320.88791036804406 0 0 13.0 1 309
378.30782181825106 726.2797103801142 0 0 10.0 1 310
270.67229768950466 213.44345250008539 0 0 10.0 1 311
588.2553295834758 717.3656107447953 0 0 12.0 1 312
238.31213334190676 427.44146088594164 0 0 11.0 1 313
460.60769567549045 246.5343451292533 0 0 10.0 1 314
606.1896303704464 418.298533484919 0 0 13.0 1 315
299.7589087029487 117.24264180117927 0 0 12.0 1 316
85.36354594813122 581.032874864391 0 0 11.0 1 317
182.0013288467255 686.490103451073 0 0 11.0 1 318
37.00000016492578 399.98905759973053 0 0 12.0 1 319
665.1007338059685 200.13604393103526 0 0 12.0 1 320
138.18324714321488 507.42899014478866 0 0 12.0 1 321
582.9928799745875 398.38572660115886 0 0 11.0 1 322
152.47284313776734 146.92628225021144 0 0 13.0 1 323
525.020686861388 226.3168751527461 0 0 12.0 1 324
615.7387929874716 479.72937476431696 0 0 12.0 1 325
446.7826941674898 236.56383654028366 0 0 12.0 1 326
450.68668470176084 136.83681869618562 0 0 13.0 1 327
238.0731531750725 533.714981499219 0 0 13.0 1 328
461.8304400424482 523.3734034715636 0 0 12.0 1 329
486.2942160646579 557.9661617998809 0 0 11.0 1 330
554.2331401721012 230.72762046732797 0 0 12.0 1 331
298.44761650604045 543.7466987679918 0 0 12.0 1 332
568.383295119189 132.5994279647029 0 0 12.0 1 333
59.98856599178919 291.1826082665086 0 0 10.0 1 334
499.86612964406055 280.15528317895826 0 0 10.0 1 335
637.137689879113 260.74944869481635 0 0 12.0 1 336
263.5805359033657 504.7555717639263 0 0 11.0 1 337
119.53921235600143 382.6003852310479 0 0 11.0 1 338
608.1818007121898 418.47533090989407 0 0 12.0 1 339
564.5044473954408 311.0770738947451 0 0 11.0 1 340
540.5523834812789 137.22818359319524 0 0 12.0 1 341
236.9616391869996 285.89700747390583 0 0 13.0 1 342
507.2012951577102 275.88762222683226 0 0 10.0 1 343
186.50529307377062 165.67328339584614 0 0 11.0 1 344
238.15862824302704 392.8326861502185 0 0 10.0 1 345
172.19854587789808 140.90253281852426 0 0 13.0 1 346
343.1162175022988 744.3330296221294 0 0 12.0 1 347
588.7620981771643 544.9581673854724 0 0 11.0 1 348
124.82015751814635 451.73059338208105 0 0 12.0 1 349
435.7102105223124 123.29477622485672 0 0 13.0 1 350
567.7238844022042 198.72233456978887 0 0 12.0 1 351
459.0938474023053 257.78918044258 0 0 12.0 1 352
556.9753994576876 402.7792022415499 0 0 13.0 1 353
175.7393668008892 211.43656664895528 0 0 13.0 1 354
496.10418317890066 714.6505775864972 0 0 11.0 1 355
619.9655279024921 403.894423523191 0 0 10.0 1 356
556.3853718268603 413.87859786054247 0 0 11.0 1 357
421.1189417067439 236.35712572437762 0 0 13.0 1 358
132.10468690950205 267.210312056455 0 0 11.0 1 359
578.9855677992545 419.0831475280805 0 0 12.0 1 360
671.2015866725792 632.1609342380312 0 0 10.0 1 361
736.7401160108795 524.4471545234339 0 0 10.0 1 362
88.45710690447282 458.5664217932846 0 0 11.0 1 363
313.5623771069937 251.29715083897537 0 0 10.0 1 364
598.4545311296515 477.36148314316483 0 0 11.0 1 365
388.21815167622856 195.3388457716618 0 0 11.0 1 366
471.57548966881296 596.3617816141157 0 0 10.0 1 367
563.5567417062878 188.95926402132054 0 0 13.0 1 368
506.29395632975917 727.1660050307294 0 0 12.0 1 369
579.2446814623493 537.6493522231797 0 0 13.0 1 370
200.1143369346754 132.41501966490063 0 0 12.0 1 371
627.8229511674471 342.36578341510125 0 0 12.0 1 372
191.34707390555303 162.68174020479324 0 0 12.0 1 373
615.1420170199918 225.52102558597628 0 0 10.0 1 374
489.89048792767466 146.4636117238305 0 0 10.0 1 375
487.7760196162192 606.0858325560812 0 0 11.0 1 376
698.8466510035535 535.1838717597639 0 0 13.0 1 377
252.67244098022883 729.5687945684115 0 0 10.0 1 378
234.50377445112522 284.17686185793457 0 0 10.0 1 379
507.1045643004968 229.91292728134584 0 0 10.0 1 380
248.0880366049673 203.97256473272358 0 0 11.0 1 381
62.330965099649006 385.045974807246 0 0 11.0 1 382
86.90150811181235 558.6516132201072 0 0 12.0 1 383
401.048890423168 163.00232104748326 0 0 13.0 1 384
157.28480832821828 160.47894511811648 0 0 13.0 1 385
257.91480538212807 269.38301232074963 0 0 12.0 1 386
187.00000009677464 399.99357925273443 0 0 12.0 1 387
433.45641278766243 98.85274624632297 0 0 11.0 1 388
581.2449547172444 463.35823852936613 0 0 10.0 1 389
584.0033898197566 541.303759804326 0 0 12.0 1 390
252.8130577862087 542.6919901107069 0 0 11.0 1 391
241.7997712420132 464.91292337370623 0 0 11.0 1 392
47.60719724639216 287.22007019217983 0 0 13.0 1 393
116.29508033638973 469.10512686237155 0 0 11.0 1 394
720.6968757412222 306.67522360155874 0 0 12.0 1 395
39.317849318427534 467.8040277543705 0 0 10.0 1 396
349.4794741984965 675.4045687216166 0 0 13.0 1 397
460.23341904185355 271.4078725950594 0 0 13.0 1 398
238.70400631819038 98.42479806489786 0 0 12.0 1 399
486.1781607399682 231.7908307746685 0 0 12.0 1 400
417.7774981469087 574.0946884877211 0 0 10.0 1 401
217.73448230561425 146.77424882212796 0 0 13.0 1 402
560.1762952005165 477.6373264341128 0 0 10.0 1 403
681.9370114738522 171.35065807837324 0 0 11.0 1 404
503.7161826068356 616.4323299913059 0 0 10.0 1 405
535.1104468460155 540.6064264287731 0 0 10.0 1 406
45.010816448632056 437.837541695163 0 0 12.0 1 407
429.2772468557369 522.5513884725434 0 0 12.0 1 408
279.6312391636872 165.03753190194283 0 0 10.0 1 409
439.2686882430122 564.3744813639669 0 0 10.0 1 410
196.28729888003335 410.8229109950668 0 0 12.0 1 411
362.41542093918906 586.2455352936593 0 0 10.0 1 412
255.34041066678517 278.36693207048654 0 0 11.0 1 413
172.0936261423536 595.086352047135 0 0 12.0 1 414
492.3916943034519 543.8915384021503 0 0 11.0 1 415
595.6242603390573 387.86951085913074 0 0 12.0 1 416
438.2958442756576 631.858638638319 0 0 11.0 1 417
578.4509364515541 193.3982979751537 0 0 13.0 1 418
354.50277403372013 138.9348693728454 0 0 13.0 1 419
518.1549925775132 487.45511836941165 0 0 13.0 1 420
524.4795655132874 157.0312000078545 0 0 13.0 1 421
353.03732590674247 36.01716078637651 0 0 12.0 1 422
468.77829420077876 687.8984999037527 0 0 10.0 1 423
139.80959175432565 468.27848458298774 0 0 10.0 1 424
433.3201108124918 726.3031875655572 0 0 10.0 1 425
623.4386381532821 415.8485008819973 0 0 13.0 1 426
626.0386469768563 573.5843601044522 0 0 10.0 1 427
576.9648778094135 198.73541786519078 0 0 11.0 1 428
81.02971049287129 583.526440633873 0 0 12.0 1 429
431.0045414274044 201.40564355733477 0 0 11.0 1 430
273.1463990515713 190.39760515104604 0 0 12.0 1 431
146.5803458722428 466.5017210436535 0 0 13.0 1 432
624.7560294663447 273.31642877419495 0 0 13.0 1 433
310.62400159188394 599.93231581851 0 0 10.0 1 434
757.3306480795993 336.09532143095026 0 0 11.0 1 435
738.9868104447277 397.0096246873927 0 0 13.0 1 436
700.186956250436 504.9370825642627 0 0 10.0 1 437
604.5990701494386 136.0014763412774 0 0 11.0 1 438
224.26505437321728 213.84622247842586 0 0 10.0 1 439
259.6030104038811 113.55683755350822 0 0 13.0 1 440
209.17501379336971 182.9589332885609 0 0 13.0 1 441
115.90385043371225 377.3201013756792 0 0 13.0 1 442
53.1036489506381 372.30665010082936 0 0 11.0 1 443
526.677221523762 331.5245916622636 0 0 13.0 1 444
271.5930896522027 187.83104521412008 0 0 11.0 1 445
428.12028432545077 98.30769050329474 0 0 12.0 1 446
331.6443797170979 168.89718916521224 0 0 13.0 1 447
742.1404146722132 424.2680169755584 0 0 10.0 1 448
756.8945625328829 460.5827635096161 0 0 13.0 1 449
353.22164591163255 683.1621189156193 0 0 12.0 1 450
406.46748448211326 608.8999081964222 0 0 11.0 1 451
728.1434520220107 261.94973779424276 0 0 11.0 1 452
396.2877679611811 232.0410188966069 0 0 10.0 1 453
350.49031727027585 758.598370487098 0 0 13.0 1 454
578.1216824958798 105.70649646171768 0 0 10.0 1 455
752.2189762058797 330.55366963991617 0 0 11.0 1 456
266.3355289443164 409.4767704100248 0 0 13.0 1 457
408.55949609485856 575.7917376516942 0 0 13.0 1 458
87.72719490069409 209.10291988767642 0 0 10.0 1 459
500.5362858402856 158.05691737633748 0 0 11.0 1 460
659.9030047105908 651.9810075033564 0 0 12.0 1 461
48.552663706841884 450.0976028612529 0 0 12.0 1 462
346.9457543696115 518.6812833625859 0 0 10.0 1 463
536.5051528654523 101.75455872523463 0 0 11.0 1 464
583.8722864411376 344.72810588637066 0 0 13.0 1 465
582.649181847181 388.6740841184741 0 0 11.0 1 466
218.43372667818056 595.761815459569 0 0 11.0 1 467
631.5638939871411 225.42003837349466 0 0 11.0 1 468
728.7409646176443 541.7511135133011 0 0 10.0 1 469
280.7879562042112 709.8588204554308 0 0 10.0 1 470
521.6084544203908 672.057684716833 0 0 11.0 1 471
394.25487898754216 140.06348162570112 0 0 13.0 1 472
51.690250328024035 443.37416608357364 0 0 11.0 1 473
257.1342537462697 319.46815196852407 0 0 13.0 1 474
562.3328249134652 255.99634047839533 0 0 11.0 1 475
339.2712327806897 700.9335754481756 0 0 12.0 1 476
323.0331131533592 64.72086505549385 0 0 11.0 1 477
658.3869312087875 436.84011102732114 0 0 13.0 1 478
316.10662123529715 236.238279810445 0 0 11.0 1 479
337.57627491217215 128.073027181636 0 0 11.0 1 480
425.58588393278586 253.21320719023115 0 0 10.0 1 481
586.6609556717689 468.983241643909 0 0 10.0 1 482
626.0740649853954 223.1963882128556 0 0 12.0 1 483
421.62384900273935 168.00558378636194 0 0 12.0 1 484
261.14882641384474 183.73777122727284 0 0 10.0 1 485
259.7957556197033 205.2109606324061 0 0 13.0 1 486
290.853715251312 716.7208368982981 0 0 10.0 1 487
315.87539151527477 752.089548619796 0 0 12.0 1 488
451.3657328125655 70.985469177077 0 0 11.0 1 489
233.89199762927257 351.6561115713019 0 0 13.0 1 490
744.9035237031543 372.47620416534613 0 0 11.0 1 491
284.69412856621375 594.3722099809927 0 0 13.0 1 492
652.7526030715014 388.8142215031744 0 0 12.0 1 493
570.4649322214713 348.75834816548945 0 0 10.0 1 494
75.81378288733458 422.98470435267217 0 0 11.0 1 495
221.58511773022266 462.3628878794231 0 0 11.0 1 496
181.6830306315536 147.22796656715198 0 0 13.0 1 497
680.272161343057 188.69804644516077 0 0 11.0 1 498
54.05403073494864 406.1144377717103 0 0 13.0 1 499
606.4649933445355 255.51399194648326 0 0 12.0 1 500
416.14632217893774 731.6071414793323 0 0 11.0 1 501
239.24482032563438 445.24126664741414 0 0 12.0 1 502
97.19023243335596 518.0306937463092 0 0 10.0 1 503
555.5599537726961 482.32314851994346 0 0 10.0 1 504
701.1309403895882 505.26707338993646 0 0 12.0 1 505
650.909057539469 324.5768944907766 0 0 10.0 1 506
437.6805578139741 546.223033626128 0 0 11.0 1 507
289.4302970686641 507.1930072051164 0 0 11.0 1 508
475.1359504076877 543.5220852563587 0 0 13.0 1 509
731.6892632965069 529.2990046899844 0 0 10.0 1 510
260.7141261733089 309.6924955923646 0 0 13.0 1 511
55.38709985974316 496.9842722142171 0 0 12.0 1 512
58.08374003095889 290.5729870243042 0 0 13.0 1 513
155.73901133198132 297.2305034802542 0 0 10.0 1 514
380.89624989257015 587.0268609901607 0 0 13.0 1 515
176.66336557174967 268.8445665545569 0 0 11.0 1 516
404.821764409494 763.9680625933811 0 0 11.0 1 517
513.4543770288853 474.9940286488699 0 0 12.0 1 518
213.32387816787445 580.975206969677 0 0 12.0 1 519
257.90917746150444 96.62696535398243 0 0 12.0 1 520
425.2432915396786 129.17390038579595 0 0 10.0 1 521
289.32581681609497 620.8171759093377 0 0 12.0 1 522
195.0000000931399 399.9938204075613 0 0 11.0 1 523
522.416128872046 702.1428327661979 0 0 11.0 1 524
96.34534643981578 437.81337556003854 0 0 10.0 1 525
544.8095603089441 716.4398698696646 0 0 12.0 1 526
616.2404432062317 633.1610403175722 0 0 13.0 1 527
540.3288194843033 225.4038304482546 0 0 12.0 1 528
442.10442475074086 252.9074528862553 0 0 12.0 1 529
38.35446558009744 383.9841505332043 0 0 11.0 1 530
559.2061228046314 266.1440682617441 0 0 13.0 1 531
281.8129730290998 465.24436110331465 0 0 12.0 1 532
695.4285279483211 287.84838443300043 0 0 10.0 1 533
683.4555608994503 382.4231687958833 0 0 10.0 1 534
365.95113291265847 34.58287581167116 0 0 10.0 1 535
442.29259240537675 215.7926803092975 0 0 13.0 1 536
429.675922876296 601.829976964375 0 0 13.0 1 537
531.4226176312499 512.5037580481215 0 0 11.0 1 538
542.0965126238913 348.91594084131236 0 0 12.0 1 539
234.70290877193887 292.82784115479416 0 0 13.0 1 540
260.0744807751744 314.46141765458725 0 0 10.0 1 541
461.74033220791415 235.18455357929466 0 0 10.0 1 542
349.635848734127 704.86792594051 0 0 13.0 1 543
282.78810431667506 339.29273922897397 0 0 13.0 1 544
565.5109267876164 434.16332995924546 0 0 12.0 1 545
423.5188015317474 570.3844651795177 0 0 13.0 1 546
734.1392597543274 302.7634066267738 0 0 11.0 1 547
83.04950214733731 405.6019559931566 0 0 12.0 1 548
240.82632981111468 691.3550114870172 0 0 12.0 1 549
575.1927813265457 449.31013456754215 0 0 10.0 1 550
411.76930713043055 641.7136392710796 0 0 13.0 1 551
142.1257751109752 334.7551983842032 0 0 13.0 1 552
342.5284409896906 237.88578129934277 0 0 11.0 1 553
447.74758456496886 689.0833239192658 0 0 11.0 1 554
196.0841518613822 275.34316353320946 0 0 11.0 1 555
707.4647665388967 519.855818954199 0 0 12.0 1 556
292.5100793084392 250.66173648484468 0 0 10.0 1 557
361.2081941706221 634.8173669056355 0 0 11.0 1 558
367.2388530600632 598.3121460001375 0 0 10.0 1 559
289.74068227100867 503.1691952761935 0 0 13.0 1 560
198.3512291832211 665.0033456922424 0 0 13.0 1 561
745.305728328102 490.62534956511354 0 0 13.0 1 562
236.48896342446895 508.0747006380094 0 0 10.0 1 563
405.5538158217509 149.0614514869864 0 0 11.0 1 564
316.61181592044306 118.07374943805974 0 0 11.0 1 565
605.0614131813788 578.7003548515106 0 0 12.0 1 566
509.3920641789399 242.21097536688208 0 0 11.0 1 567
152.63619157450105 657.4104626491182 0 0 13.0 1 568
366.9965634239778 188.5602374808076 0 0 12.0 1 569
235.74984014702235 476.04528248531454 0 0 13.0 1 570
495.0932058327926 548.0988933261898 0 0 10.0 1 571
237.08454525826076 381.17037954996675 0 0 11.0 1 572
653.9983540675368 335.74397980747455 0 0 13.0 1 573
485.94534881215327 170.56940697117722 0 0 13.0 1 574
710.1094211268514 275.95103011967785 0 0 10.0 1 575
112.04497355972603 405.08947421460283 0 0 12.0 1 576
232.16422922332828 605.0759714052344 0 0 13.0 1 577
607.8031751078591 587.664169236145 0 0 10.0 1 578
618.5484625111712 494.2367737881723 0 0 12.0 1 579
322.33637064137184 752.5469623679172 0 0 12.0 1 580
598.4663487336385 424.7206072000226 0 0 13.0 1 581
96.22369034679252 328.8385378629793 0 0 11.0 1 582
367.0008441855498 538.1124748729587 0 0 12.0 1 583
502.9397387477883 535.2900964096674 0 0 11.0 1 584
112.0977902212523 512.219951900337 0 0 11.0 1 585
626.9719137030486 150.8961052292119 0 0 11.0 1 586
607.4402059956645 172.33234543203938 0 0 13.0 1 587
559.3894767696485 377.28448338475033 0 0 10.0 1 588
643.5173152112154 223.08104343422798 0 0 12.0 1 589
313.5407159654837 279.88009238998376 0 0 12.0 1 590
568.8690549861199 354.0844006018125 0 0 12.0 1 591
763.3288072947888 348.21990933045566 0 0 11.0 1 592
584.4137337719178 385.2835195681764 0 0 10.0 1 593
572.6063657516311 523.0895710530107 0 0 13.0 1 594
395.6015454941673 541.9318625184638 0 0 11.0 1 595
638.6171294299427 304.5491459304108 0 0 12.0 1 596
509.5642221339299 533.8830879095149 0 0 10.0 1 597
709.5629224563972 416.45591201527805 0 0 10.0 1 598
77.90555410479715 484.52317979975805 0 0 13.0 1 599
691.4767874485092 607.8588039480085 0 0 11.0 1 600
697.7237972984342 461.45356395035867 0 0 12.0 1 601
459.7060260449549 547.3641423614279 0 0 13.0 1 602
760.3805814083512 342.1135892995709 0 0 12.0 1 603
378.93786977796265 552.5528979420252 0 0 12.0 1 604
762.2010864388901 445.11510814004123 0 0 10.0 1 605
551.038174199329 245.58669120010043 0 0 11.0 1 606
186.75843006099507 606.7293710384387 0 0 11.0 1 607
500.4755075752332 249.44877158422372 0 0 10.0 1 608
331.35676529285956 43.549293269124746 0 0 12.0 1 609
252.5024197051048 681.7240916342636 0 0 12.0 1 610
619.4007438132122 545.0252171665646 0 0 11.0 1 611
130.54048564338507 578.1026954391685 0 0 12.0 1 612
270.3565396229891 332.8540903593197 0 0 12.0 1 613
318.0013252606241 113.50354741989207 0 0 10.0 1 614
504.4148192222592 497.7064252072653 0 0 10.0 1 615
442.7418214729269 197.46077738577043 0 0 10.0 1 616
226.46414644223378 612.0408157171103 0 0 12.0 1 617
226.64884822260382 176.3074024974225 0 0 11.0 1 618
394.0781060333127 132.06543490649193 0 0 12.0 1 619
295.0059064784313 299.9937985643686 0 0 10.0 1 620
191.86245302754153 609.0544463537851 0 0 10.0 1 621
281.53792248099285 478.2990178091701 0 0 11.0 1 622
218.1568894045101 447.7187921992628 0 0 12.0 1 623
234.13803342736998 288.24219022967674 0 0 10.0 1 624
562.9782668623723 304.2968938302556 0 0 10.0 1 625
417.16193950462997 542.9736613241733 0 0 13.0 1 626
626.0740649853954 223.1963882128556 0 0 13.0 1 627
524.2129273212611 618.1104048097732 0 0 13.0 1 628
430.67888251637964 700.4376909902387 0 0 10.0 1 629
581.0986941072103 357.5822797328398 0 0 12.0 1 630
261.0064516827989 539.6058506159176 0 0 11.0 1 631
332.55987825784837 256.0110074366663 0 0 12.0 1 632
535.9081660601908 55.86489513832561 0 0 11.0 1 633
626.1283260440151 241.75341975091024 0 0 10.0 1 634
651.090087291469 599.9869197321726 0 0 13.0 1 635
269.0496016199027 301.2680742409335 0 0 13.0 1 636
704.5210224014941 446.1621805761893 0 0 12.0 1 637
184.4240980422294 273.40209126887726 0 0 12.0 1 638
392.5534393030835 63.082281953312645 0 0 11.0 1 639
675.5490587003236 168.32627199148018 0 0 10.0 1 640
264.5076188516232 703.0937390490654 0 0 13.0 1 641
296.2907228994882 739.5134545835986 0 0 10.0 1 642
212.6179756853372 499.1563258886649 0 0 13.0 1 643
332.39377528698816 198.0138658718036 0 0 10.0 1 644
538.1133595779904 325.34278396510683 0 0 11.0 1 645
261.65085177921765 709.4842696916662 0 0 10.0 1 646
551.3115690505194 354.5158371356592 0 0 11.0 1 647
303.7883546459381 220.11303744221976 0 0 13.0 1 648
54.11318013614641 484.25145603768584 0 0 11.0 1 649
400.9382479734668 188.00207621125085 0 0 11.0 1 650
92.33429400084032 513.6917470709225 0 0 11.0 1 651
260.43447964137204 515.249579292184 0 0 11.0 1 652
242.32499956143175 311.1203384530662 0 0 13.0 1 653
362.57526278895125 259.912923348783 0 0 11.0 1 654
597.0708351062534 495.52008139927364 0 0 12.0 1 655
613.1622265665484 418.91732447233176 0 0 10.0 1 656
165.5606870789606 372.9037169133668 0 0 11.0 1 657
410.94063162803235 564.6368809822991 0 0 10.0 1 658
254.5208559489453 317.99500840697266 0 0 11.0 1 659
554.4597165801592 247.5821665487372 0 0 10.0 1 660
247.26536114931332 302.87569771087 0 0 10.0 1 661
347.7126052235824 618.8401890592654 0 0 11.0 1 662
156.1186476835929 490.12150682451175 0 0 11.0 1 663
170.57590788949832 416.26609846496797 0 0 12.0 1 664
191.44899357142233 588.3281118623222 0 0 13.0 1 665
548.2055098469133 451.80855963078375 0 0 10.0 1 666
634.6004808369494 652.9577324200076 0 0 13.0 1 667
519.7326058459237 306.36185020332425 0 0 12.0 1 668
345.23164119530844 85.73669181108562 0 0 11.0 1 669
102.71825369499936 346.8251627755267 0 0 12.0 1 670
358.6232775174587 162.5785038447387 0 0 12.0 1 671
682.3846396467194 247.35690224712928 0 0 13.0 1 672
71.91416898101028 467.71032036978505 0 0 10.0 1 673
477.39821326857356 569.1316545855104 0 0 13.0 1 674
125.09411636587475 184.9935927853758 0 0 12.0 1 675
511.511294054491 261.2584009812023 0 0 13.0 1 676
672.6596485716657 532.1579208400909 0 0 13.0 1 677
479.928779328729 273.06934871742226 0 0 11.0 1 678
180.35202445130767 628.5689542290489 0 0 13.0 1 679
492.7173840213256 252.76044451220983 0 0 12.0 1 680
296.47385309850927 49.98951886017619 0 0 10.0 1 681
315.08575283452114 259.69472344804717 0 0 12.0 1 682
455.0009425194684 569.2893863240402 0 0 10.0 1 683
192.37938956213642 548.0495934523594 0 0 12.0 1 684
362.34912963619206 627.9109737613521 0 0 13.0 1 685
352.18593093786274 660.6507525401014 0 0 10.0 1 686
199.33648595088098 554.0881375364729 0 0 13.0 1 687
177.79920519584115 289.8600581605379 0 0 12.0 1 688
461.5317043426677 108.42179546357289 0 0 12.0 1 689
683.9001046697888 392.4680302388453 0 0 11.0 1 690
306.52466026812414 103.38010710336641 0 0 12.0 1 691
431.8979109607391 712.3756124865396 0 0 12.0 1 692
514.535127518266 697.729247075887 0 0 10.0 1 693
506.74123793286833 622.7449396160523 0 0 11.0 1 694
472.4913824111139 280.2293880948851 0 0 12.0 1 695
736.8979811534914 469.53955920698485 0 0 10.0 1 696
422.8388229979337 555.3299332519945 0 0 10.0 1 697
434.5622392801576 687.9330679445158 0 0 11.0 1 698
139.57094060006636 592.7503697015023 0 0 12.0 1 699
332.1721562275748 287.9268827542328 0 0 11.0 1 700
458.5390219919734 280.57561846832425 0 0 11.0 1 701
592.9224139673275 351.19485489193676 0 0 11.0 1 702
547.4749952460968 296.79570853320234 0 0 10.0 1 703
298.3099843146749 480.9885220875053 0 0 12.0 1 704
660.974314768391 423.1604626717332 0 0 11.0 1 705
207.66140935147365 100.43053134984098 0 0 12.0 1 706
61.51859468596109 333.25167974672837 0 0 11.0 1 707
290.5344345527859 468.2516665094831 0 0 10.0 1 708
181.70424722923084 168.76210448491963 0 0 13.0 1 709
668.7219917786255 373.7608854088336 0 0 13.0 1 710
422.971852658916 566.4220357567382 0 0 11.0 1 711
648.4167792003483 154.86717108529626 0 0 10.0 1 712
178.48511632381656 256.3784267252064 0 0 12.0 1 713
132.81721596338804 641.2744493609822 0 0 12.0 1 714
555.6452568752418 109.01107579112227 0 0 12.0 1 715
677.7237659788016 316.51640993253903 0 0 13.0 1 716
272.4825184536076 580.5001160666261 0 0 10.0 1 717
676.6094500658776 414.7041536394581 0 0 10.0 1 718
242.016209873992 600.1652368854828 0 0 11.0 1 719
513.3365105192021 242.54894289548008 0 0 13.0 1 720
645.4882488140548 441.6715693753989 0 0 12.0 1 721
644.8434230958433 328.7490479592739 0 0 10.0 1 722
543.774345093842 184.57034165919305 0 0 12.0 1 723
253.56501239358502 427.528065764036 0 0 11.0 1 724
636.3143536432704 215.18786224340306 0 0 13.0 1 725
277.408635876051 348.4213470297125 0 0 10.0 1 726
77.00000014675214 399.9902633738649 0 0 12.0 1 727
523.5146701431164 348.0372608551363 0 0 13.0 1 728
493.4780907286247 239.1962483219654 0 0 10.0 1 729
281.8393012050121 724.1343074410362 0 0 10.0 1 730
240.30647009391546 669.1969102834103 0 0 12.0 1 731
319.6024123908728 579.8477909417647 0 0 10.0 1 732
298.2769571693521 128.42602746714817 0 0 13.0 1 733
587.4042267520028 385.04487393955225 0 0 11.0 1 734
326.93187604767024 664.0777333704737 0 0 13.0 1 735
498.33501966800145 553.1477192350371 0 0 13.0 1 736
71.20583875129529 411.6361303172819 0 0 13.0 1 737
534.6879249234361 75.87014503471164 0 0 10.0 1 738
507.6083298151789 78.53235410948787 0 0 12.0 1 739
602.8727765901103 407.1858554549331 0 0 11.0 1 740
405.6147441354326 259.11183637972414 0 0 10.0 1 741
593.4727955155155 179.96073669589887 0 0 11.0 1 742
217.9310612302163 127.17239594343692 0 0 10.0 1 743
178.25753730241195 113.8631791663143 0 0 11.0 1 744
419.81442707107624 635.1667248567386 0 0 13.0 1 745
303.45393392106297 610.9570030235582 0 0 12.0 1 746
486.9376357071674 299.34788875712616 0 0 12.0 1 747
313.5054564493179 308.37743762610023 0 0 11.0 1 748
180.59854939975645 191.02152389657712 0 0 10.0 1 749
570.0571943281071 425.7788800620278 0 0 10.0 1 750
448.4049752455731 750.6750039159841 0 0 13.0 1 751
148.24675504470872 388.85084512256213 0 0 11.0 1 752
713.4579177329574 237.66351669905364 0 0 10.0 1 753
346.53859800170795 575.016794898024 0 0 10.0 1 754
128.5534474852371 331.32126145705604 0 0 11.0 1 755
537.5306047428105 442.6770753341515 0 0 10.0 1 756
628.4261077549179 416.20226206239903 0 0 12.0 1 757
353.29234442792375 157.45640616383972 0 0 12.0 1 758
680.460430883713 503.64818719361205 0 0 12.0 1 759
361.75229601082805 266.3657486287416 0 0 10.0 1 760
668.1954046212518 303.5830671508213 0 0 12.0 1 761
600.7881903590642 684.2324798687373 0 0 12.0 1 762
714.5010095248333 453.38646839659543 0 0 12.0 1 763
559.1475410227729 517.7966900485953 0 0 11.0 1 764
225.82209524868264 666.0564930544658 0 0 10.0 1 765
573.3292754555687 283.21831363588035 0 0 10.0 1 766
329.72442512830486 523.3910190267216 0 0 13.0 1 767
190.46643409901824 247.76109314364172 0 0 11.0 1 768
582.2518103498129 474.7882184853727 0 0 12.0 1 769
141.64852236252204 418.31704131489874 0 0 12.0 1 770
661.3382466960252 311.240094559269 0 0 10.0 1 771
616.9157028570535 277.7356231192811 0 0 13.0 1 772
600.6369858318295 506.1781517842453 0 0 12.0 1 773
229.3976240201116 478.9862602609897 0 0 12.0 1 774
694.3872351234517 360.6915302209614 0 0 10.0 1 775
223.5666097275732 376.4360700014296 0 0 11.0 1 776
520.5390830480048 749.8147073208132 0 0 13.0 1 777
703.7793768765935 567.7113299227831 0 0 13.0 1 778
61.47742313887892 417.9851315065081 0 0 12.0 1 779
437.48310232268295 159.90831534543457 0 0 12.0 1 780
596.6356332873347 146.27686798068873 0 0 10.0 1 781
485.8805033361055 157.77378517852952 0 0 10.0 1 782
430.4757111089864 698.448037407522 0 0 13.0 1 783
566.130997177389 102.20562165002781 0 0 13.0 1 784
667.2955898923153 327.3221655240117 0 0 13.0 1 785
69.11669207513819 391.211568018067 0 0 12.0 1 786
377.5343088213924 101.84518665655014 0 0 11.0 1 787
553.9861571724198 639.8192306702505 0 0 10.0 1 788
432.08430157661746 194.48942218868473 0 0 11.0 1 789
301.6603638377114 553.1447549198754 0 0 13.0 1 790
483.8019100882448 523.1999994543901 0 0 10.0 1 791
516.1059384887353 244.5798885354601 0 0 11.0 1 792
313.69249460885624 238.63081299963832 0 0 11.0 1 793
54.627223270485956 477.6765414661677 0 0 13.0 1 794
215.93131295498517 536.2340575976668 0 0 12.0 1 795
760.7737554139401 412.7787872868515 0 0 11.0 1 796
312.1808887007549 300.116048883663 0 0 11.0 1 797
288.15295830279507 596.382889436895 0 0 10.0 1 798
195.02108041642558 479.89770038211697 0 0 13.0 1 799
111.91218348927038 441.06592234542137 0 0 13.0 1 800
145.19749435253408 588.5860098622724 0 0 13.0 1 801
496.8676961585672 61.591002718705 0 0 11.0 1 802
138.7671472068567 593.3452782499638 0 0 12.0 1 803
349.67018099203784 211.60703484836338 0 0 12.0 1 804
528.929098073316 73.53669782041158 0 0 13.0 1 805
712.4439626033568 503.052269420485 0 0 13.0 1 806
505.8508222058337 544.3488948289837 0 0 11.0 1 807
288.00411180326165 143.37396658362252 0 0 11.0 1 808
637.5197903570537 271.60860936674425 0 0 13.0 1 809
737.9868493519704 397.0184458535066 0 0 12.0 1 810
461.0509856668396 599.8844094698417 0 0 12.0 1 811
279.2643942107202 289.00939907048155 0 0 10.0 1 812
456.72340659206145 526.8993898511402 0 0 12.0 1 813
208.09012618132644 592.7552861295918 0 0 10.0 1 814
678.4651460948826 382.7326200494769 0 0 11.0 1 815
232.32237607049194 389.5973833409824 0 0 11.0 1 816
580.2003693385263 594.3008669313101 0 0 13.0 1 817
700.5324036676961 323.97188450502716 0 0 13.0 1 818
37.22711084109483 412.8386483439919 0 0 11.0 1 819
581.9689934367847 492.21326058438353 0 0 12.0 1 820
361.6108931117786 102.46634396706526 0 0 13.0 1 821
617.6004459936922 634.6274619547896 0 0 13.0 1 822
688.7545807498527 284.49332445275394 0 0 11.0 1 823
633.258452446642 381.38564096731506 0 0 12.0 1 824
307.5349274227103 202.58112969303932 0 0 12.0 1 825
541.3861072837066 557.9682520861716 0 0 13.0 1 826
372.34326494352115 630.3456207658737 0 0 11.0 1 827
583.1873895018065 125.51433493256258 0 0 12.0 1 828
237.17403355903116 466.8109620688438 0 0 13.0 1 829
621.9000578981704 352.1526980406565 0 0 13.0 1 830
328.0760963856595 597.2991436597612 0 0 10.0 1 831
302.4206440034644 629.0835421484952 0 0 11.0 1 832
374.27929838489166 200.65245045793372 0 0 10.0 1 833
228.1004264698843 115.96736698019299 0 0 13.0 1 834
645.424940945302 674.209041357128 0 0 13.0 1 835
254.49187739676535 551.4179192053637 0 0 10.0 1 836
395.1805407580294 762.9680052189381 0 0 12.0 1 837
199.5820122353389 248.8919916736239 0 0 13.0 1 838
650.6059739447504 177.69020304268403 0 0 12.0 1 839
195.98675111392998 240.4393711501786 0 0 12.0 1 840
592.2889241844855 471.06313837689123 0 0 13.0 1 841
182.36697966772783 493.8342605930947 0 0 12.0 1 842
580.7932155469568 278.1894371895786 0 0 12.0 1 843
231.94373905572508 431.5926123869138 0 0 13.0 1 844
635.5563749179539 222.41003903510665 0 0 11.0 1 845
529.3046208785091 485.471135592462 0 0 13.0 1 846
743.4783252166909 276.51866494754313 0 0 12.0 1 847
321.93742134950196 498.9051758728268 0 0 12.0 1 848
479.928779328729 273.06934871742226 0 0 11.0 1 849
174.280306907295 540.7359945079263 0 0 13.0 1 850
540.8915752526075 218.20460945656825 0 0 11.0 1 851
729.948291853738 405.8416352847865 0 0 13.0 1 852
204.88844088504632 549.82482938329 0 0 11.0 1 853
402.7288007372411 605.9819255336167 0 0 11.0 1 854
669.3307676213371 483.57593919604665 0 0 13.0 1 855
206.0405785314018 97.90606953537332 0 0 11.0 1 856
317.4509985845209 111.58075243613297 0 0 12.0 1 857
517.7665261002861 706.1291317896267 0 0 12.0 1 858
579.4287365337065 556.3628104950718 0 0 10.0 1 859
250.96627484370808 121.35156780265413 0 0 12.0 1 860
594.4933630332405 91.13541521239421 0 0 10.0 1 861
217.41426149931291 288.38258157366874 0 0 11.0 1 862
203.11936412334018 530.1307619927052 0 0 13.0 1 863
377.3791047095523 740.2488722924127 0 0 12.0 1 864
398.91869373373714 154.00237648148197 0 0 12.0 1 865
269.2002589837722 649.8307982417055 0 0 13.0 1 866
145.92826630674443 621.3968250407024 0 0 10.0 1 867
377.36260607817076 157.05237519904023 0 0 12.0 1 868
169.5716791948501 188.1703774942727 0 0 11.0 1 869
335.8589030972921 280.0753582948132 0 0 11.0 1 870
214.31978078397302 683.626261463723 0 0 11.0 1 871
144.98187025310204 308.3116501381211 0 0 11.0 1 872
513.2638675401003 317.7121132252223 0 0 13.0 1 873
325.88346831777454 48.73408971066141 0 0 13.0 1 874
268.45477774527535 297.1172779230881 0 0 12.0 1 875
380.03258216297723 700.3369811144171 0 0 11.0 1 876
476.40767155693686 257.15089175200546 0 0 12.0 1 877
495.720076704433 190.86447715489015 0 0 10.0 1 878
213.73453423481683 587.0860130081332 0 0 11.0 1 879
592.1521620990274 181.46271118944225 0 0 10.0 1 880
405.7866966418908 586.9104441757462 0 0 12.0 1 881
358.8331091114725 698.1715732503219 0 0 13.0 1 882
427.5186210118178 186.76837594388599 0 0 10.0 1 883
263.2504835905204 593.5679977728071 0 0 10.0 1 884
285.31494856257257 732.7932375767191 0 0 10.0 1 885
184.17131198925412 231.19840808937812 0 0 13.0 1 886
426.3106972574249 657.6601389618272 0 0 11.0 1 887
78.0000001462978 399.99029351821827 0 0 13.0 1 888
277.1213186405795 445.40737459235015 0 0 10.0 1 889
119.0180366002648 447.6879045883742 0 0 11.0 1 890
433.73494952380656 583.9319253980293 0 0 13.0 1 891
571.3044520773574 536.4396742098 0 0 12.0 1 892
353.2256588575534 738.7863058193027 0 0 11.0 1 893
92.20885894137388 427.3059240061364 0 0 11.0 1 894
271.168769229934 272.86419081049587 0 0 12.0 1 895
249.20095153478454 461.876061461486 0 0 13.0 1 896
139.0388433662472 316.4818898179926 0 0 11.0 1 897
249.08340174971838 328.4934941941428 0 0 13.0 1 898
459.9290915019059 269.06297700132257 0 0 11.0 1 899
275.4111822911533 506.64720578576714 0 0 11.0 1 900
441.0404446975558 164.55004374808888 0 0 10.0 1 901
664.9744601834573 522.6887747533791 0 0 11.0 1 902
271.4091112489434 389.7343616753074 0 0 11.0 1 903
539.7468043433303 464.70572367130274 0 0 11.0 1 904
97.0957352763358 284.9999721208018 0 0 11.0 1 905
221.34348402748844 388.91625963116576 0 0 13.0 1 906
621.7473164735073 486.44146942757385 0 0 12.0 1 907
588.7371149117404 610.8727138697478 0 0 10.0 1 908
465.20007435996376 519.3522111376877 0 0 13.0 1 909
384.33031783755047 721.6185023609926 0 0 12.0 1 910
474.04941008913016 261.55981484607935 0 0 11.0 1 911
143.66959236803228 155.8469289088723 0 0 13.0 1 912
767.9423375823503 406.51430843879217 0 0 12.0 1 913
465.6658910516877 758.0279189565917 0 0 10.0 1 914
546.6816794815066 487.89473763818035 0 0 13.0 1 915
605.4175774280905 557.7485939194846 0 0 13.0 1 916
494.0576195545956 269.3318546709912 0 0 10.0 1 917
721.5460033256772 417.09291506103074 0 0 11.0 1 918
279.5627377200709 293.15494464171223 0 0 12.0 1 919
395.9112958114794 531.9366609326565 0 0 12.0 1 920
270.7556341852221 520.9334275754056 0 0 13.0 1 921
205.40853995926062 436.58091960590014 0 0 12.0 1 922
298.9884907901643 483.41267893522706 0 0 13.0 1 923
683.427922728152 563.087745149673 0 0 13.0 1 924
636.7157357709983 595.4857039233174 0 0 10.0 1 925
213.39504370118348 317.5706952309024 0 0 12.0 1 926
298.3825048367222 664.1266451472497 0 0 11.0 1 927
500.79275215159333 194.3745611221523 0 0 11.0 1 928
517.128906620852 224.49552930536575 0 0 12.0 1 929
423.07600805251536 93.86849581861026 0 0 11.0 1 930
100.88323181513232 267.87067323777006 0 0 12.0 1 931
483.3966825261885 118.07626324903731 0 0 11.0 1 932
370.8242787649517 173.8744214149696 0 0 13.0 1 933
150.14878508387386 178.34628267286885 0 0 12.0 1 934
142.63478518732512 484.87724196995157 0 0 10.0 1 935
471.76653292219623 157.39215851022598 0 0 11.0 1 936
263.33754708060314 672.6689823981701 0 0 11.0 1 937
199.00787389467794 398.2208868326288 0 0 12.0 1 938
641.0027419492419 329.86670995206964 0 0 13.0 1 939
560.1284346835479 236.2932976149213 0 0 10.0 1 940
705.6279402905905 451.88026709387015 0 0 13.0 1 941
509.85552851023346 640.057832314918 0 0 12.0 1 942
307.7325714545949 298.72946317107545 0 0 12.0 1 943
118.1221554510903 542.8316517879027 0 0 11.0 1 944
293.7444432251256 100.27720030925002 0 0 10.0 1 945
611.0288207635348 544.9235550459341 0 0 13.0 1 946
568.454597429371 447.41359093032895 0 0 11.0 1 947
205.71912021516985 108.87298347622846 0 0 13.0 1 948
720.8188331134431 303.5620597496572 0 0 11.0 1 949
110.1638968190237 295.79331454812285 0 0 13.0 1 950
303.96973656349826 256.10007468967865 0 0 13.0 1 951
422.14649068947153 733.2649590793205 0 0 13.0 1 952
427.6686187312667 268.88765299368714 0 0 11.0 1 953
75.27078683294184 256.5568470929919 0 0 13.0 1 954
370.22897586697115 562.2919779966669 0 0 12.0 1 955
133.6685539412872 418.88281865281067 0 0 10.0 1 956
220.06213762051823 528.3096476587115 0 0 13.0 1 957
706.8302282745133 576.5537057583615 0 0 10.0 1 958
206.3813151062159 222.0089753386381 0 0 10.0 1 959
458.1125240051686 275.9357644050925 0 0 11.0 1 960
142.6460372271389 604.9632597445327 0 0 11.0 1 961
599.3642703897224 704.5486622725073 0 0 11.0 1 962
330.17180837649335 746.02459978243 0 0 13.0 1 963
514.6999467454111 628.8666035414514 0 0 11.0 1 964
325.92598296930424 519.9751641004761 0 0 12.0 1 965
481.55940753032485 578.2247542944089 0 0 11.0 1 966
649.2091145743693 238.4332422400609 0 0 11.0 1 967
98.70665933875495 432.11421606060054 0 0 11.0 1 968
323.92807695390155 68.61945964787179 0 0 11.0 1 969
248.501118279806 348.54041549399506 0 0 10.0 1 970
387.9036089809281 96.24075763145294 0 0 13.0 1 971
272.9166401373607 523.2023524370493 0 0 12.0 1 972
186.80757959750184 508.02773663705307 0 0 10.0 1 973
363.64093020592225 702.8250617827221 0 0 11.0 1 974
324.82304075444387 72.5180542402498 0 0 11.0 1 975
271.24618048206423 159.2689177535588 0 0 12.0 1 976
335.078220636382 193.98746988529626 0 0 10.0 1 977
494.2308757490159 498.0639692016059 0 0 12.0 1 978
697.2983287581205 287.13856408131056 0 0 12.0 1 979
323.9797573290524 528.1480499432209 0 0 12.0 1 980
133.55643380788797 298.84256806922383 0 0 12.0 1 981
467.96723719582917 567.754149480619 0 0 11.0 1 982
464.64820872052314 236.30330147120353 0 0 12.0 1 983
503.52949833385316 221.90552233507998 0 0 10.0 1 984
663.4647398688928 637.931357424398 0 0 13.0 1 985
428.0311297326059 603.0745079174484 0 0 10.0 1 986
343.41957196310466 656.8416928054355 0 0 12.0 1 987
625.627176867377 272.82540718029645 0 0 11.0 1 988
559.8813093083936 193.70175247027964 0 0 10.0 1 989
301.2728445822077 262.8360514453193 0 0 13.0 1 990
515.3052273539993 602.4690211979168 0 0 13.0 1 991
367.482978540545 718.3435931747415 0 0 13.0 1 992
474.06754345449053 293.16368123799305 0 0 12.0 1 993
629.1799641831647 124.97173960299392 0 0 13.0 1 994
472.95531742665867 522.9899250311807 0 0 10.0 1 995
226.0362999831077 175.5169692906996 0 0 12.0 1 996
491.99985145291794 627.0705338273573 0 0 10.0 1 997
649.7831085895954 366.6473589753612 0 0 10.0 1 998
214.57410892397766 105.51529934704064 0 0 13.0 1 999
192.0733291589992 394.4773599630149 0 0 11.0 1 1000
363.9985604006181 699.846454617646 0 0 13.0 1 1001
217.53889974140452 535.044240500744 0 0 12.0 1 1002
739.9002814742296 301.0869136375802 0 0 13.0 1 1003
561.993697026684 398.5709710895505 0 0 10.0 1 1004
315.7462843374869 631.1218540014345 0 0 12.0 1 1005
271.6127427268592 509.89864498655277 0 0 11.0 1 1006
73.30247612185303 446.5696026597562 0 0 13.0 1 1007
84.87173196713832 470.8743584564185 0 0 12.0 1 1008
441.70485155338923 702.1352434869355 0 0 10.0 1 1009
279.8774064488348 201.51936487772522 0 0 10.0 1 1010
54.35752120600881 430.6639340780885 0 0 13.0 1 1011
466.58787944656206 254.51441889035837 0 0 10.0 1 1012
242.33815411135717 441.37320813021194 0 0 10.0 1 1013
571.5460051953637 429.1198918526884 0 0 13.0 1 1014
562.2282234715559 331.75043216794023 0 0 12.0 1 1015
267.4921128534911 162.45914068529584 0 0 11.0 1 1016
216.49986973931698 334.0249881067661 0 0 11.0 1 1017
475.1883512490007 97.19525790295671 0 0 10.0 1 1018
573.5100186814589 158.95379402039993 0 0 10.0 1 1019
348.3787431888457 225.4742258426084 0 0 13.0 1 1020
291.2699063056909 486.5954197704865 0 0 11.0 1 1021
506.1538146330755 328.47820165259657 0 0 11.0 1 1022
500.5362858402856 158.05691737633748 0 0 11.0 1 1023
619.7545026868625 423.42986446503215 0 0 10.0 1 1024
587.0865064828611 461.7060701393178 0 0 11.0 1 1025
242.50108199482995 387.4265825170432 0 0 13.0 1 1026
732.3613201999029 328.33443759393487 0 0 10.0 1 1027
341.60914038761524 537.0821195988988 0 0 13.0 1 1028
145.639795244019 499.1457827468997 0 0 13.0 1 1029
248.5511177483405 702.1708722969886 0 0 11.0 1 1030
210.49325343899622 246.30161676886942 0 0 10.0 1 1031
230.33711123649107 664.2167749716532 0 0 12.0 1 1032
75.00338015078091 231.6753224076096 0 0 10.0 1 1033
294.72444129349384 303.221610165115 0 0 12.0 1 1034
682.0 400.0 0 0 12.0 1 1035
428.00733183047254 633.3250722998662 0 0 12.0 1 1036
720.8868190622305 348.45730554071383 0 0 10.0 1 1037
296.3794376997615 626.4150592795947 0 0 12.0 1 1038
78.4534815655428 417.08322225691916 0 0 12.0 1 1039
599.4987840654304 414.15044721606904 0 0 12.0 1 1040
126.2417150357914 495.68908722239524 0 0 10.0 1 1041
178.0980302251982 311.2277306245755 0 0 10.0 1 1042
606.9565293490441 278.4722461336579 0 0 13.0 1 1043
660.485739124945 321.6981500056918 0 0 13.0 1 1044
446.16492182506755 579.1474253035343 0 0 13.0 1 1045
413.26137167034227 599.5598557361201 0 0 11.0 1 1046
301.14909308493475 295.28850014411455 0 0 13.0 1 1047
642.1860861562252 246.00357253387517 0 0 12.0 1 1048
606.5585931087586 160.85663794926216 0 0 10.0 1 1049
262.22336377602625 381.59895354044215 0 0 13.0 1 1050
570.3729301295386 486.33692535106496 0 0 11.0 1 1051
238.31086263940296 389.9689053645187 0 0 13.0 1 1052
472.3338572931227 155.4743099608997 0 0 12.0 1 1053
614.9888446962184 101.32995353369421 0 0 10.0 1 1054
115.11624066379068 464.07217544666935 0 0 13.0 1 1055
677.2281374837647 478.02922393105564 0 0 12.0 1 1056
569.7400278574728 535.1936497877928 0 0 13.0 1 1057
269.65671115098996 738.7914211606067 0 0 10.0 1 1058
378.1433257198686 203.2100465231717 0 0 12.0 1 1059
364.34492023998763 78.97396478274982 0 0 11.0 1 1060
462.0578750598367 738.3560552776582 0 0 12.0 1 1061
593.6240502301574 222.01481192956115 0 0 10.0 1 1062
564.7871855161591 677.8024180774223 0 0 13.0 1 1063
454.0955254027665 518.2102962156794 0 0 13.0 1 1064
195.39337556220744 387.3063308625083 0 0 13.0 1 1065
114.854069124489 176.98475813268206 0 0 12.0 1 1066
581.8132166877101 570.1321669692941 0 0 11.0 1 1067
306.6866240045701 200.7699473966452 0 0 10.0 1 1068
613.6148061266292 196.5455466118212 0 0 12.0 1 1069
393.4642683047133 610.8987534605343 0 0 10.0 1 1070
508.2233284556393 300.51778461462163 0 0 12.0 1 1071
489.504103229232 308.49581700746694 0 0 13.0 1 1072
740.9867326302424 396.9919823551649 0 0 11.0 1 1073
477.39821326857356 569.1316545855104 0 0 13.0 1 1074
722.6841533284386 385.7193420771752 0 0 11.0 1 1075
254.66488808480133 219.16387184913333 0 0 12.0 1 1076
238.69280694634563 353.0533337802238 0 0 11.0 1 1077
502.0820265483126 127.4926425657656 0 0 13.0 1 1078
684.144045501216 246.40585490910516 0 0 11.0 1 1079
277.44326355533957 350.9709641943262 0 0 13.0 1 1080
160.32382789214319 171.70998155038623 0 0 12.0 1 1081
661.0853529631107 240.40539336140498 0 0 12.0 1 1082
323.079432573359 721.9382336827416 0 0 12.0 1 1083
592.5715009714074 493.33925762303454 0 0 10.0 1 1084
567.5919277458286 349.6219715110149 0 0 12.0 1 1085
189.31467233182582 192.08729546909817 0 0 12.0 1 1086
637.9907400762395 397.9005624648952 0 0 10.0 1 1087
492.89338691899235 531.4983599392722 0 0 10.0 1 1088
411.04048486703186 208.31769071220776 0 0 12.0 1 1089
392.4429562066901 58.0835027538069 0 0 11.0 1 1090
697.2833490910165 346.83412416569416 0 0 12.0 1 1091
250.37285188590917 325.8331843258461 0 0 11.0 1 1092
610.4658999328233 643.696747958332 0 0 11.0 1 1093
193.2709797866052 308.68126040286245 0 0 11.0 1 1094
337.4571534731921 249.47627313833826 0 0 13.0 1 1095
190.23969774902397 447.176430551486 0 0 11.0 1 1096
432.14891644932067 618.6491417114062 0 0 11.0 1 1097
352.406692007654 688.0952568758216 0 0 11.0 1 1098
195.72776455158126 503.5077476564232 0 0 13.0 1 1099
597.391623313927 563.0108801445252 0 0 13.0 1 1100
369.3658291389621 240.92282509531188 0 0 12.0 1 1101
266.00491947890237 92.96528144826266 0 0 12.0 1 1102
622.2671062613908 507.73269454621277 0 0 13.0 1 1103
490.3980829754849 310.7969361829015 0 0 11.0 1 1104
332.3773713841739 146.87714425780106 0 0 11.0 1 1105
398.1412553887717 539.9876604150174 0 0 13.0 1 1106
201.15771774224538 332.4592953358685 0 0 11.0 1 1107
441.2657311975612 276.7233216349068 0 0 13.0 1 1108
237.16030553893052 516.1173281979289 0 0 11.0 1 1109
627.3235890641279 282.2715588525715 -10 6 10.0 1 1110
116.01077269075552 239.91839964474906 3 -14 11.0 1 1111
485.591354370184 663.4447191671861 -9 -14 11.0 1 1112
685.8190025055201 258.33667444694976 15 8 10.0 1 1113
636.8974720353701 368.36793172663226 -12 2 10.0 1 1114
418.3030828125114 258.1761756277939 19 21 11.0 1 1115
653.8790181389398 540.1622065637091 2 -17 11.0 1 1116
118.61745676353542 334.08441487949045 16 -6 12.0 1 1117
315.2797454671875 677.3490192373058 15 -3 13.0 1 1118
366.8072819587991 528.7914728118183 16 -6 12.0 1 1119
587.9149813848499 328.663054655168 -7 8 10.0 1 1120
381.74192991170014 157.6868908278986 -6 5 10.0 1 1121
396.8401834431482 257.0349148941356 7 12 11.0 1 1122
495.01609764348734 197.15044691051628 -13 -9 10.0 1 1123
193.95817723913646 302.37435135487755 -16 -4 13.0 1 1124
538.8640783673466 393.85445371123024 5 -9 12.0 1 1125
178.0980302251982 311.2277306245755 -2 18 10.0 1 1126
691.3900722371764 342.54718630377465 -9 -13 12.0 1 1127
356.64483584165043 714.0212249845583 1 -17 10.0 1 1128
519.2480914616247 593.1551000692449 -2 13 11.0 1 1129
404.43761284939694 734.9706070570951 19 18 11.0 1 1130
637.3204864118707 655.8905756944424 21 5 12.0 1 1131
180.94501450451403 329.89355714649014 -10 11 12.0 1 1132
720.0042449175778 471.98113110205287 1 -16 13.0 1 1133
305.98298520748233 546.4131173409797 -17 22 12.0 1 1134
626.7562137639865 438.49181106964556 -14 -5 12.0 1 1135
413.3077271842574 530.3223096679512 -15 3 10.0 1 1136
344.24699116905504 703.9286133392126 -6 20 11.0 1 1137
264.43094952532425 734.5773939664705 -15 -8 10.0 1 1138
193.39721337257043 387.1824901879961 -7 8 11.0 1 1139
158.51123302506096 293.3267820635208 6 21 13.0 1 1140
258.16905923013724 471.86782479201435 20 -4 10.0 1 1141
449.18906730408287 527.8649117535941 12 -3 10.0 1 1142
585.9510406967265 80.12156924261939 -13 6 13.0 1 1143
207.39014567767398 216.5403477111865 -1 -2 11.0 1 1144
331.92801299628 169.85612199025283 7 15 13.0 1 1145
680.8714817549376 575.1348358744934 7 12 10.0 1 1146
583.0781682190052 615.8040414857276 -6 -12 11.0 1 1147
582.9103543645338 427.7272837876462 -17 -2 11.0 1 1148
317.13403119443757 166.2539172223082 0 -8 11.0 1 1149
103.95278828914752 521.4744764888069 18 -17 10.0 1 1150
302.4412132853769 264.45929344004924 -7 -9 12.0 1 1151
385.1146404104546 141.42810270663608 -10 -3 10.0 1 1152
150.87883552749676 154.15727504792014 10 3 12.0 1 1153
305.05488716150325 710.8221767314635 10 8 10.0 1 1154
190.8092347538583 354.886545956515 19 -15 10.0 1 1155
465.8628600452165 531.4194950023177 -17 10 13.0 1 1156
687.5598764906498 321.8122935962292 13 3 10.0 1 1157
510.99832081324263 648.3211081979148 -16 1 10.0 1 1158
550.6104384467733 373.06497018990467 8 13 10.0 1 1159
466.3425986176176 201.80903247458102 -14 10 11.0 1 1160
526.2898063286628 526.8537930748183 -1 21 13.0 1 1161
417.7998611972627 765.5669089802278 -16 2 13.0 1 1162
582.9484715609062 319.192470935387 2 21 12.0 1 1163
88.00000014175441 399.99059496175187 10 -14 13.0 1 1164
258.6725537083494 386.19590913241217 -4 -8 12.0 1 1165
625.1679975112313 143.91334885085843 -16 -9 12.0 1 1166
149.21646131858245 585.6114671199653 17 -8 11.0 1 1167
232.09236592760095 637.6720985311682 0 13 10.0 1 1168
195.28870720787666 410.87596448033673 13 0 10.0 1 1169
471.3649939971221 277.2358454931134 2 0 13.0 1 1170
374.29122990861833 651.6904033537801 -7 6 12.0 1 1171
592.3506929542264 682.7812068013518 14 0 10.0 1 1172
677.6129249009839 288.95017367001105 21 -4 10.0 1 1173
337.18196010682686 291.93106892367393 16 -3 13.0 1 1174
