400 400 -7.071067811865475 7.0710678118654755 5 2 -1 10 187
57.15728752538104 742.842712474619
800.0 400.0 0 0 24.0 1 0
799.4518139018296 420.9343824971775 0 0 24.0 1 1
797.8087581473094 441.8113853070614 0 0 24.0 1 2
795.0753362380551 462.57378601609236 0 0 24.0 1 3
791.2590402935223 483.16467632710373 0 0 24.0 1 4
786.3703305156273 503.5276180410083 0 0 24.0 1 5
780.4226065180615 523.6067977499789 0 0 24.0 1 6
773.4321705988807 543.3471798181201 0 0 24.0 1 7
765.4181830570403 562.6946572303201 0 0 24.0 1 8
756.4026096753471 581.5961998958187 0 0 24.0 1 9
746.4101615137755 600.0 0 0 24.0 1 10
735.4682271781696 617.8556140060108 0 0 24.0 1 11
723.606797749979 635.1141009169893 0 0 24.0 1 12
710.8583845827884 651.728156419935 0 0 24.0 1 13
697.2579301909577 667.6522425435433 0 0 24.0 1 14
682.842712474619 682.842712474619 0 0 24.0 1 15
667.6522425435433 697.2579301909577 0 0 24.0 1 16
651.728156419935 710.8583845827884 0 0 24.0 1 17
635.1141009169893 723.606797749979 0 0 24.0 1 18
617.8556140060108 735.4682271781696 0 0 24.0 1 19
600.0 746.4101615137754 0 0 24.0 1 20
581.5961998958187 756.4026096753471 0 0 24.0 1 21
562.6946572303201 765.4181830570403 0 0 24.0 1 22
543.3471798181201 773.4321705988807 0 0 24.0 1 23
523.606797749979 780.4226065180615 0 0 24.0 1 24
503.5276180410083 786.3703305156273 0 0 24.0 1 25
483.1646763271038 791.2590402935223 0 0 24.0 1 26
462.57378601609236 795.0753362380551 0 0 24.0 1 27
441.8113853070614 797.8087581473094 0 0 24.0 1 28
420.9343824971776 799.4518139018296 0 0 24.0 1 29
400.0 800.0 0 0 24.0 1 30
379.0656175028225 799.4518139018296 0 0 24.0 1 31
358.1886146929386 797.8087581473094 0 0 24.0 1 32
337.4262139839077 795.0753362380551 0 0 24.0 1 33
316.83532367289627 791.2590402935223 0 0 24.0 1 34
296.47238195899166 786.3703305156273 0 0 24.0 1 35
276.3932022500211 780.4226065180615 0 0 24.0 1 36
256.65282018187986 773.4321705988807 0 0 24.0 1 37
237.3053427696799 765.4181830570403 0 0 24.0 1 38
218.4038001041813 756.4026096753471 0 0 24.0 1 39
43.597390324652906 581.5961998958187 0 0 24.0 1 40
34.58181694295968 562.6946572303202 0 0 24.0 1 41
26.567829401119297 543.3471798181201 0 0 24.0 1 42
19.5773934819386 523.606797749979 0 0 24.0 1 43
13.629669484372698 503.5276180410084 0 0 24.0 1 44
8.740959706477724 483.16467632710373 0 0 24.0 1 45
4.924663761944942 462.5737860160924 0 0 24.0 1 46
2.1912418526906663 441.81138530706147 0 0 24.0 1 47
0.5481860981704472 420.9343824971775 0 0 24.0 1 48
0.0 400.00000000000006 0 0 24.0 1 49
0.5481860981704472 379.0656175028226 0 0 24.0 1 50
2.1912418526906663 358.1886146929386 0 0 24.0 1 51
4.924663761944885 337.4262139839077 0 0 24.0 1 52
8.740959706477781 316.8353236728962 0 0 24.0 1 53
13.629669484372698 296.47238195899166 0 0 24.0 1 54
19.577393481938543 276.3932022500211 0 0 24.0 1 55
26.567829401119297 256.65282018187986 0 0 24.0 1 56
34.58181694295968 237.30534276967992 0 0 24.0 1 57
43.59739032465285 218.40380010418136 0 0 24.0 1 58
53.58983848622455 199.99999999999994 0 0 24.0 1 59
64.53177282183037 182.14438599398918 0 0 24.0 1 60
76.39320225002103 164.8858990830108 0 0 24.0 1 61
89.14161541721171 148.27184358006497 0 0 24.0 1 62
102.74206980904228 132.3477574564567 0 0 24.0 1 63
117.15728752538092 117.15728752538104 0 0 24.0 1 64
132.34775745645675 102.74206980904228 0 0 24.0 1 65
148.27184358006485 89.14161541721177 0 0 24.0 1 66
164.8858990830107 76.39320225002109 0 0 24.0 1 67
182.1443859939892 64.53177282183032 0 0 24.0 1 68
199.99999999999983 53.58983848622461 0 0 24.0 1 69
218.40380010418124 43.597390324652906 0 0 24.0 1 70
237.30534276967995 34.58181694295962 0 0 24.0 1 71
256.65282018187975 26.567829401119354 0 0 24.0 1 72
276.393202250021 19.5773934819386 0 0 24.0 1 73
296.4723819589917 13.629669484372698 0 0 24.0 1 74
316.8353236728961 8.740959706477781 0 0 24.0 1 75
337.4262139839076 4.924663761944942 0 0 24.0 1 76
358.18861469293864 2.1912418526906663 0 0 24.0 1 77
379.0656175028223 0.5481860981704472 0 0 24.0 1 78
399.99999999999994 0.0 0 0 24.0 1 79
420.9343824971776 0.5481860981704472 0 0 24.0 1 80
441.8113853070612 2.1912418526906663 0 0 24.0 1 81
462.5737860160923 4.924663761944885 0 0 24.0 1 82
483.1646763271038 8.740959706477781 0 0 24.0 1 83
503.5276180410081 13.629669484372641 0 0 24.0 1 84
523.6067977499789 19.577393481938543 0 0 24.0 1 85
543.3471798181201 26.567829401119297 0 0 24.0 1 86
562.6946572303199 34.58181694295956 0 0 24.0 1 87
581.5961998958187 43.59739032465279 0 0 24.0 1 88
600.0 53.58983848622455 0 0 24.0 1 89
617.8556140060107 64.53177282183032 0 0 24.0 1 90
635.1141009169892 76.39320225002098 0 0 24.0 1 91
651.728156419935 89.14161541721171 0 0 24.0 1 92
667.6522425435431 102.74206980904216 0 0 24.0 1 93
682.842712474619 117.15728752538092 0 0 24.0 1 94
697.2579301909577 132.34775745645675 0 0 24.0 1 95
710.8583845827882 148.27184358006485 0 0 24.0 1 96
723.6067977499789 164.88589908301066 0 0 24.0 1 97
735.4682271781696 182.1443859939892 0 0 24.0 1 98
746.4101615137754 199.99999999999983 0 0 24.0 1 99
756.4026096753471 218.40380010418122 0 0 24.0 1 100
765.4181830570403 237.30534276967995 0 0 24.0 1 101
773.4321705988806 256.6528201818797 0 0 24.0 1 102
780.4226065180615 276.3932022500209 0 0 24.0 1 103
786.3703305156273 296.4723819589917 0 0 24.0 1 104
791.2590402935223 316.83532367289604 0 0 24.0 1 105
795.0753362380551 337.4262139839076 0 0 24.0 1 106
797.8087581473094 358.18861469293864 0 0 24.0 1 107
799.4518139018296 379.06561750282225 0 0 24.0 1 108
800.0 399.9999999999999 0 0 24.0 1 109
409.94793688539846 227.28625256881222 0 0 11.0 1 110
710.0976592957361 263.03123823548094 0 0 10.0 1 111
511.91704276285475 531.9226119329712 0 0 10.0 1 112
70.93896998308429 261.5520367639651 0 0 13.0 1 113
226.1196655756967 100.86519878072954 0 0 11.0 1 114
568.4774470828929 638.4939198898601 0 0 13.0 1 115
495.310494315644 77.8014437131855 0 0 12.0 1 116
448.63023699986337 533.4132678909302 0 0 13.0 1 117
679.7262010277486 387.6204822960033 0 0 12.0 1 118
94.84324054784702 345.416557815938 0 0 12.0 1 119
337.9673435706227 538.7658082393311 0 0 12.0 1 120
133.47913264184217 649.3824918927855 0 0 12.0 1 121
353.88909800335637 269.93161522854246 0 0 12.0 1 122
529.6149875676929 736.9287090733392 0 0 10.0 1 123
415.85452117570395 725.6142413321155 0 0 13.0 1 124
310.91828537390757 556.4111508789429 0 0 11.0 1 125
295.1507738257742 609.1952192825305 0 0 11.0 1 126
250.74226177537213 489.43225134183115 0 0 10.0 1 127
111.7444964226612 313.34110168381534 0 0 11.0 1 128
335.5677764472234 207.4967829670241 0 0 10.0 1 129
279.89573494131423 95.85535428892888 0 0 10.0 1 130
334.7569449431017 225.81807278927434 0 0 11.0 1 131
195.11784431300015 446.07930425959097 0 0 13.0 1 132
595.0184147740337 676.0648798725092 0 0 10.0 1 133
290.0355431357169 302.44581902069376 0 0 10.0 1 134
337.82606957162454 682.2328867709919 0 0 12.0 1 135
469.5938053459436 651.5505958201469 0 0 10.0 1 136
411.4047796364943 571.6214759330633 0 0 11.0 1 137
578.4130022997874 462.3682660523448 0 0 11.0 1 138
551.8286516121849 500.3596559859877 0 0 11.0 1 139
703.1592955592555 229.12448532333266 0 0 12.0 1 140
113.09515354014655 217.55655923588836 0 0 13.0 1 141
233.62834708391813 542.4130369944086 0 0 10.0 1 142
114.57750580791173 232.3843688399935 0 0 10.0 1 143
142.63478518732512 484.87724196995157 0 0 11.0 1 144
308.8033481826559 191.0330870752355 0 0 13.0 1 145
200.9472587441541 380.55761849635513 0 0 11.0 1 146
655.3010437039412 630.5588364901209 0 0 11.0 1 147
312.7492431838164 236.86721532750323 0 0 13.0 1 148
572.5094781595874 265.08713943768424 0 0 12.0 1 149
231.20338742596894 524.9307951768997 0 0 10.0 1 150
282.24390250631916 212.98529067728728 0 0 11.0 1 151
585.4347680426512 105.52088902441966 0 0 11.0 1 152
478.1871338862728 270.81884001662604 0 0 10.0 1 153
426.27930370019857 711.8948511871151 0 0 11.0 1 154
659.3423754940968 626.0033899592635 0 0 12.0 1 155
734.9839994595491 494.2853122500256 0 0 12.0 1 156
475.4106012730791 71.54567864673686 0 0 12.0 1 157
672.2340344350589 526.0501110479922 0 0 11.0 1 158
538.3612997019897 151.98356759122552 0 0 11.0 1 159
236.92373640777495 417.38195192718973 0 0 10.0 1 160
390.7469386335259 239.26611789871976 0 0 12.0 1 161
311.2039785591454 276.6336084005239 0 0 13.0 1 162
346.1766384811601 55.175340564494604 0 0 12.0 1 163
631.9140942208098 553.29661738519 0 0 10.0 1 164
323.97069459587783 207.46806831134032 0 0 13.0 1 165
641.4919824603962 293.33406163471085 0 0 12.0 1 166
462.85088290090096 212.24013602855044 0 0 10.0 1 167
659.9338580623794 290.6455788145406 0 0 13.0 1 168
151.62784149821144 583.826741474581 0 0 13.0 1 169
627.8571086824884 408.07081302327464 0 0 13.0 1 170
162.05123411675783 361.7719368180651 0 0 11.0 1 171
543.9746623545616 345.34383291987996 0 0 12.0 1 172
478.6063446942725 200.95969610703156 0 0 11.0 1 173
540.8361855579432 281.58898346231206 0 0 10.0 1 174
369.93176808512044 756.7350577522666 0 0 13.0 1 175
378.7721803726004 719.295129423965 0 0 11.0 1 176
142.5280694833674 462.7152692415358 0 0 12.0 1 177
449.34925281173685 166.15036616038228 0 0 13.0 1 178
515.6136978147717 482.4467881581486 0 0 13.0 1 179
219.47929626968568 183.35218550672596 0 0 12.0 1 180
598.4519242926845 161.8470370863914 0 0 12.0 1 181
278.4400461401388 440.08961982344573 0 0 10.0 1 182
164.91960672969756 501.35683844654955 0 0 12.0 1 183
685.5034041111728 343.7078492067287 0 0 11.0 1 184
337.5604738227016 241.88198846825048 0 0 10.0 1 185
471.0915500591513 113.69423423516741 0 0 10.0 1 186
379.5629832756479 128.7688654534503 0 0 11.0 1 187
657.2081471075116 590.3784889674267 0 0 10.0 1 188
257.10369244226627 417.7945296753123 0 0 11.0 1 189
169.2998501182902 601.030944992448 0 0 10.0 1 190
613.0803831618025 646.7240367528454 0 0 13.0 1 191
68.86358198813309 493.19159117790696 0 0 13.0 1 192
255.5970477181416 715.5262071085115 0 0 10.0 1 193
247.35538144969814 379.6132291023604 0 0 10.0 1 194
258.08884225739797 405.02228117037697 0 0 13.0 1 195
283.4455598535237 564.9820065405361 0 0 13.0 1 196
110.58245306909487 243.5439885191453 0 0 10.0 1 197
608.2060544023103 464.608350158646 0 0 10.0 1 198
193.5068142687039 671.3697924355997 0 0 10.0 1 199
494.3909652908765 70.24350549010177 0 0 12.0 1 200
256.1350845099827 171.52049087270393 0 0 11.0 1 201
510.8513773703684 594.6483293919888 0 0 12.0 1 202
251.70919258246013 323.1961170548383 0 0 11.0 1 203
703.1896407948116 345.7778484868669 0 0 11.0 1 204
117.76915176084663 260.1045093571349 0 0 10.0 1 205
320.2384214825139 284.9430984582024 0 0 13.0 1 206
476.0505223083257 286.046860259882 0 0 12.0 1 207
151.46656188720814 198.42834986081238 0 0 13.0 1 208
633.6884143899623 262.77491125925536 0 0 11.0 1 209
713.2130909827258 422.2162021292284 0 0 13.0 1 210
258.03016586118645 424.09494126570485 0 0 10.0 1 211
418.17079801032327 84.52286596384192 0 0 12.0 1 212
198.13903200642986 315.06973683839874 0 0 13.0 1 213
493.85682062298343 523.3527349617556 0 0 13.0 1 214
729.0652032917355 261.56195615883337 0 0 12.0 1 215
511.98653168278395 707.2263281713675 0 0 12.0 1 216
339.03736054324105 154.45457326501636 0 0 11.0 1 217
468.23548870218417 738.1847395752418 0 0 10.0 1 218
321.15402713676866 628.7953508339945 0 0 12.0 1 219
289.4023033397286 647.4048291635444 0 0 10.0 1 220
590.9162955030761 301.1265045050893 0 0 13.0 1 221
279.1349898408313 109.11058919372118 0 0 13.0 1 222
520.1590451414191 154.86574317182348 0 0 10.0 1 223
628.6373933285654 291.6766766946338 0 0 11.0 1 224
570.4155500621563 280.74170763836713 0 0 10.0 1 225
223.53635340242988 266.9527098002824 0 0 10.0 1 226
458.34077155004616 196.1854902737655 0 0 10.0 1 227
665.2449938280894 619.0458701942057 0 0 13.0 1 228
677.6793915045796 372.88624825579467 0 0 10.0 1 229
668.7177883422337 152.98633594787003 0 0 11.0 1 230
705.8508610853498 506.91702751830536 0 0 13.0 1 231
515.1829538520568 455.8290886717216 0 0 12.0 1 232
764.3188040449108 348.07881916514356 0 0 12.0 1 233
63.25613276311486 524.4370036538451 0 0 11.0 1 234
509.3281672898445 656.6872646569046 0 0 13.0 1 235
672.9189438151254 270.69706071849566 0 0 13.0 1 236
357.3502482851924 228.2152548138652 0 0 10.0 1 237
137.5313351848082 454.16825629582803 0 0 13.0 1 238
393.2355708117032 230.13463420179934 0 0 10.0 1 239
259.605784297785 100.24932994677073 0 0 10.0 1 240
403.4971038574352 663.9768366061885 0 0 10.0 1 241
513.233712622567 548.8191060506341 0 0 12.0 1 242
541.4596597181775 670.211333353021 0 0 11.0 1 243
263.0368128237026 453.3861907098691 0 0 11.0 1 244
237.47438455462603 575.2324864975169 0 0 12.0 1 245
733.8809605986539 252.52625945708127 0 0 10.0 1 246
228.9606004729794 128.3632502597702 0 0 13.0 1 247
303.88610746011057 678.9034235373072 0 0 12.0 1 248
386.113024784026 51.2763960966351 0 0 10.0 1 249
135.61124336880107 545.9540522459334 0 0 13.0 1 250
372.39142626103995 256.6341510118243 0 0 10.0 1 251
79.01795609036691 472.19091000669255 0 0 12.0 1 252
546.9770494598189 658.082829595628 0 0 12.0 1 253
178.95681686734028 563.5998508268924 0 0 11.0 1 254
191.18283320507769 422.2573774677429 0 0 11.0 1 255
345.78006441818036 540.929764725211 0 0 12.0 1 256
298.33321443039665 192.57564098702318 0 0 11.0 1 257
236.54566405424285 470.47467673236645 0 0 13.0 1 258
251.69362964664566 422.47711086002175 0 0 10.0 1 259
607.8188482213318 277.96588049254814 0 0 10.0 1 260
584.355145595674 218.08194071946056 0 0 13.0 1 261
313.4587768845656 532.1915908886969 0 0 13.0 1 262
540.8275454327666 61.09499495082389 0 0 10.0 1 263
324.8207766383051 97.19299153630476 0 0 10.0 1 264
698.0524670151535 376.2149856804581 0 0 13.0 1 265
587.862485559546 686.9785471414011 0 0 11.0 1 266
438.4884967921947 232.36159266242947 0 0 12.0 1 267
629.8201316808829 124.20350423875647 0 0 12.0 1 268
426.84268981391546 272.80145439686066 0 0 12.0 1 269
604.0070767571005 257.23406347092987 0 0 10.0 1 270
184.60447480908593 608.8175465034734 0 0 10.0 1 271
200.8542830455135 273.36278817549896 0 0 10.0 1 272
681.5015985692264 362.41210297223245 0 0 12.0 1 273
620.6884060092381 411.73147275927886 0 0 13.0 1 274
332.5205431675216 268.278616369271 0 0 12.0 1 275
502.84169606963127 236.68256201641665 0 0 11.0 1 276
408.3551234936391 669.8706947992057 0 0 12.0 1 277
455.9823084765717 109.34215796295126 0 0 10.0 1 278
596.1910314957847 657.8470072748955 0 0 12.0 1 279
651.9405641828631 133.13870247032713 0 0 13.0 1 280
440.1692276827578 523.6383158546361 0 0 10.0 1 281
289.09077937861457 173.71888107675255 0 0 10.0 1 282
191.84551187668296 578.17886820305 0 0 10.0 1 283
259.2212763896572 313.9398409329689 0 0 11.0 1 284
272.5499083322203 77.25323528519368 0 0 11.0 1 285
265.57821054748797 539.8813158373359 0 0 11.0 1 286
497.2221997826055 487.8000220354821 0 0 13.0 1 287
593.3731184631747 131.35927885775214 0 0 12.0 1 288
110.5932668421517 348.2337677351154 0 0 13.0 1 289
365.24743331520745 740.229715205505 0 0 11.0 1 290
425.94346595323117 707.9089744946281 0 0 10.0 1 291
543.965125667335 429.71603256810107 0 0 13.0 1 292
375.4614588964126 533.7679333790709 0 0 11.0 1 293
301.41777172174324 281.6887821561553 0 0 13.0 1 294
553.5632905274424 658.8808911495485 0 0 12.0 1 295
363.40238476656225 116.35124791526891 0 0 12.0 1 296
531.5816911237467 389.4995923405367 0 0 11.0 1 297
236.76319343535408 204.09506136246497 0 0 12.0 1 298
330.05108521021464 692.7595418081729 0 0 12.0 1 299
274.5466080776366 362.28466551687643 0 0 12.0 1 300
487.5923830114072 553.8069388499197 0 0 12.0 1 301
345.5176590657838 209.64329660784776 0 0 12.0 1 302
461.38953486582375 236.1210049794123 0 0 13.0 1 303
467.4113470403705 547.3082152841542 0 0 10.0 1 304
604.4181530645739 438.4346028686188 0 0 10.0 1 305
452.65296848114184 150.4951605476882 0 0 12.0 1 306
463.6730596307807 280.95907646000455 0 0 12.0 1 307
270.7159701563431 361.13305225021617 0 0 10.0 1 308
564.335747606955 219.63991001758964 0 0 12.0 1 309
118.55571861381651 632.4093726057853 0 0 13.0 1 310
494.75659272309883 243.4427001525998 0 0 10.0 1 311
224.31779933511132 576.4561259053984 0 0 12.0 1 312
629.2615515172406 680.1484267239559 0 0 10.0 1 313
519.0605050582615 465.73124169884295 0 0 11.0 1 314
254.0049676961263 656.3404972738231 0 0 11.0 1 315
545.2046982204365 67.30705505720152 0 0 12.0 1 316
446.6495597017411 281.87795049342526 0 0 10.0 1 317
421.7412176950455 557.5065695554844 0 0 12.0 1 318
355.4657784670107 560.9524871272595 0 0 11.0 1 319
427.00664666741187 190.7354759263253 0 0 12.0 1 320
416.9875499018517 174.63934871337432 0 0 10.0 1 321
206.14672138775364 713.9775571140121 0 0 12.0 1 322
567.0501776309065 488.4038356265302 0 0 10.0 1 323
764.5742693580737 357.87397334157026 0 0 13.0 1 324
511.0226603041251 233.64505147428034 0 0 13.0 1 325
222.95590736486852 285.211545602343 0 0 12.0 1 326
141.64852236252204 418.31704131489874 0 0 12.0 1 327
290.8165642175652 584.0515616634179 0 0 10.0 1 328
456.98909529723585 129.94770318102724 0 0 12.0 1 329
153.64004404907723 371.5259398072668 0 0 13.0 1 330
411.1395522030875 567.6302788183409 0 0 11.0 1 331
270.0622830719865 376.7580181667865 0 0 12.0 1 332
367.2388530600632 598.3121460001375 0 0 11.0 1 333
201.83611682435904 592.1121427831956 0 0 11.0 1 334
690.6666549812226 172.68107055938577 0 0 10.0 1 335
465.5652127393776 154.60806272731747 0 0 13.0 1 336
563.4823309779347 530.2095520997634 0 0 13.0 1 337
475.9113161648565 94.2836738443313 0 0 12.0 1 338
231.0018943801313 197.18076941055196 0 0 11.0 1 339
453.69119783382104 199.04912223339383 0 0 10.0 1 340
469.5584130205899 506.25736293573743 0 0 13.0 1 341
346.7830515386683 622.730681309208 0 0 10.0 1 342
676.2521920569684 277.98063111243437 0 0 12.0 1 343
554.7857633084603 426.2748449475407 0 0 11.0 1 344
582.9782088676561 301.0910768454919 0 0 10.0 1 345
519.1783272954398 726.9564593383361 0 0 13.0 1 346
688.7174003464977 387.22256922694623 0 0 13.0 1 347
655.5607463481869 639.1416001576423 0 0 12.0 1 348
336.38681100164285 143.778685146104 0 0 12.0 1 349
660.4730729086707 253.18454342435766 0 0 10.0 1 350
579.8239863749812 392.04173861885926 0 0 12.0 1 351
749.519796763168 343.8581112658852 0 0 12.0 1 352
623.6220307763401 528.6747347052466 0 0 10.0 1 353
356.3705147235612 209.94351362157354 0 0 10.0 1 354
589.4081494307716 324.2335633066296 0 0 11.0 1 355
229.81276389245562 134.93150948089863 0 0 11.0 1 356
341.1899559396125 94.61110249779006 0 0 10.0 1 357
588.1902618495628 185.9686346700723 0 0 10.0 1 358
209.1661644486261 355.2960045549485 0 0 12.0 1 359
448.49025655835106 558.7598658947068 0 0 12.0 1 360
536.6035707883976 223.73751264702054 0 0 13.0 1 361
655.9393071644513 354.22805391748506 0 0 12.0 1 362
393.041103884378 542.8305771354719 0 0 12.0 1 363
605.2585014457819 540.9608015876469 0 0 12.0 1 364
89.51336838465903 300.63173752067735 0 0 11.0 1 365
460.4839342561677 229.4048837249566 0 0 12.0 1 366
276.75090630478974 675.7057505807763 0 0 13.0 1 367
650.315710979835 310.01086267409994 0 0 12.0 1 368
495.23713404976684 131.38338045089847 0 0 11.0 1 369
255.20531597421683 68.21919965454055 0 0 12.0 1 370
555.7986215793285 506.99434337375607 0 0 10.0 1 371
168.59273787454603 499.7731378458222 0 0 10.0 1 372
582.2403735197172 596.5004993871363 0 0 12.0 1 373
164.36951139460803 439.9909094618296 0 0 12.0 1 374
439.3273743111756 614.4233141003764 0 0 10.0 1 375
342.12876371891696 662.7011991051793 0 0 11.0 1 376
485.8805033361055 157.77378517852952 0 0 13.0 1 377
164.87468986782986 457.27205719415724 0 0 12.0 1 378
678.4753210499327 497.3472935737657 0 0 10.0 1 379
320.368728865507 297.24368312602445 0 0 10.0 1 380
312.8005315386902 514.5960413804291 0 0 11.0 1 381
710.2844833694196 306.7286786832505 0 0 11.0 1 382
316.3336165294577 303.12928060058516 0 0 13.0 1 383
284.9629679842365 503.88205458597844 0 0 10.0 1 384
362.8178526034364 555.6196899976999 0 0 11.0 1 385
666.3640900769794 176.0487295917642 0 0 13.0 1 386
338.04120427898914 681.2563023877012 0 0 11.0 1 387
203.9330498629918 380.84925421890983 0 0 11.0 1 388
399.43736909722907 272.0012365432101 0 0 11.0 1 389
471.4255331036044 536.4345748733286 0 0 11.0 1 390
542.2945184719862 609.1919453822866 0 0 12.0 1 391
505.6506733190528 279.8420405165318 0 0 12.0 1 392
661.2826183031682 246.57121074374308 0 0 13.0 1 393
316.63906223388966 262.2612833849731 0 0 11.0 1 394
516.2721216332905 173.0511208864575 0 0 12.0 1 395
361.43168361938615 679.3501118159162 0 0 12.0 1 396
322.8143597012705 182.27683418690802 0 0 12.0 1 397
575.9894220372271 426.6781433200055 0 0 13.0 1 398
371.74721461902806 635.3099660410004 0 0 12.0 1 399
423.47997338065693 148.09189999119988 0 0 11.0 1 400
561.726123246509 672.6420016425477 0 0 11.0 1 401
724.3172620736028 460.97797570502024 0 0 11.0 1 402
337.7832947765328 202.57132530674227 0 0 12.0 1 403
623.996083468276 288.9785849897725 0 0 12.0 1 404
304.25735986172526 291.1039630686551 0 0 13.0 1 405
208.16319781490654 463.2664312838753 0 0 12.0 1 406
258.71884400901814 468.4736077759296 0 0 10.0 1 407
444.09658009623894 600.201127928431 0 0 13.0 1 408
739.834290094833 518.7966972425615 0 0 12.0 1 409
156.11515151335695 628.2020610744942 0 0 13.0 1 410
416.612313182362 221.77253003329952 0 0 10.0 1 411
358.93251427496796 548.4232516023831 0 0 13.0 1 412
255.06941846931588 169.8280500643536 0 0 10.0 1 413
549.0993707020723 214.49156985127053 0 0 12.0 1 414
176.33430903543163 243.46674894661456 0 0 11.0 1 415
146.41443824588262 461.76862366807865 0 0 12.0 1 416
342.5217725611109 576.8961655053137 0 0 12.0 1 417
625.733206727687 492.63109294634995 0 0 12.0 1 418
558.0918510298379 623.7922398966496 0 0 10.0 1 419
545.6338791852712 678.1847825339298 0 0 13.0 1 420
247.3506564615917 462.6352769395411 0 0 13.0 1 421
404.2925907148194 206.04749636842774 0 0 12.0 1 422
669.0 400.0 0 0 13.0 1 423
271.40287217092816 656.57704245336 0 0 11.0 1 424
301.5492214566972 722.2986878723175 0 0 10.0 1 425
281.76620744523194 222.82841565839044 0 0 13.0 1 426
400.9382479734668 188.00207621125085 0 0 11.0 1 427
645.8035933824937 328.469632461075 0 0 12.0 1 428
104.01282649174658 330.66319073828754 0 0 12.0 1 429
453.4559722239777 564.5340664834773 0 0 10.0 1 430
581.9686605959087 419.4011999868818 0 0 12.0 1 431
460.12634366801154 697.9946690749957 0 0 13.0 1 432
601.3316719510992 466.40450187581405 0 0 12.0 1 433
350.03843825320735 163.21350894144862 0 0 11.0 1 434
156.13252692002496 518.1932974985792 0 0 13.0 1 435
488.22923352609536 211.63970070262226 0 0 13.0 1 436
299.3207606283672 548.0023336287285 0 0 12.0 1 437
739.0 400.0 0 0 11.0 1 438
471.37308842096616 228.23888027480447 0 0 11.0 1 439
395.2867547358139 754.9687103380799 0 0 10.0 1 440
563.2158037805968 649.3283004318878 0 0 12.0 1 441
180.6716800471117 286.40383779967095 0 0 13.0 1 442
288.47614672367644 520.2432124920199 0 0 13.0 1 443
581.8277782193768 564.2061480816268 0 0 12.0 1 444
107.65337843553323 519.9560455326969 0 0 13.0 1 445
320.4083365324307 534.1684281284729 0 0 11.0 1 446
576.6693826840246 710.2207749684821 0 0 10.0 1 447
407.12481551634977 78.0788341785244 0 0 10.0 1 448
504.87591012833525 170.8602097523144 0 0 13.0 1 449
433.37414792462147 581.9647390301359 0 0 11.0 1 450
512.9141571097377 271.5811808020434 0 0 11.0 1 451
157.15565566786802 376.2802945655533 0 0 12.0 1 452
161.31175304884408 657.3498023457255 0 0 13.0 1 453
71.91318999902654 356.1816807329954 0 0 10.0 1 454
411.23433862450185 630.7266556678487 0 0 13.0 1 455
82.87413385717855 285.9816461127188 0 0 10.0 1 456
651.7615988983473 258.0947593633424 0 0 11.0 1 457
276.7702947672388 616.368758715871 0 0 12.0 1 458
224.00446123227806 583.1435784674399 0 0 12.0 1 459
190.15113308650095 324.5516530656863 0 0 13.0 1 460
573.8433164513975 379.91265758794225 0 0 13.0 1 461
125.39547196237106 647.9765173987872 0 0 12.0 1 462
547.0747415425583 481.19741621621773 0 0 12.0 1 463
285.94923855440294 712.8600706604784 0 0 11.0 1 464
127.76216598953982 526.041904671792 0 0 10.0 1 465
253.8610853553485 250.58642087653726 0 0 10.0 1 466
337.3581035463051 643.0575915471157 0 0 10.0 1 467
264.92845965692356 455.4227298980182 0 0 13.0 1 468
558.3298007715749 593.4726703894723 0 0 12.0 1 469
484.75923413874625 103.89212737886692 0 0 11.0 1 470
107.0327232244307 568.5650460169812 0 0 13.0 1 471
608.8309244530953 581.9852878451046 0 0 12.0 1 472
540.9606576193924 496.8044059095888 0 0 13.0 1 473
126.90524960797666 446.34929674027944 0 0 10.0 1 474
511.6440652250384 706.2867981157976 0 0 12.0 1 475
507.7611459717738 281.73108853612433 0 0 12.0 1 476
522.4086839047752 105.42044520248726 0 0 13.0 1 477
713.2902472078935 515.7809181360082 0 0 11.0 1 478
242.2345490237374 570.1001542570039 0 0 11.0 1 479
520.609067631083 439.78005536900184 0 0 11.0 1 480
531.8383856543385 641.3371916387068 0 0 13.0 1 481
153.7833370425506 380.34408785892197 0 0 10.0 1 482
618.0204708184904 484.9886716220684 0 0 11.0 1 483
87.01344902494702 349.7166139889072 0 0 12.0 1 484
392.730212257313 71.08032867252183 0 0 11.0 1 485
370.0643534988226 258.1237966797936 0 0 13.0 1 486
87.79861990552405 470.2160826812815 0 0 12.0 1 487
274.660376615379 219.19629757717527 0 0 13.0 1 488
451.654804420481 600.4514434477384 0 0 10.0 1 489
754.3149224932988 365.4032415020176 0 0 11.0 1 490
682.4465299118951 527.7652446509964 0 0 11.0 1 491
492.808410049035 654.6126450594513 0 0 10.0 1 492
228.91518381348595 335.04628054971215 0 0 12.0 1 493
679.5644739796314 350.00295120217595 0 0 13.0 1 494
372.08587840999996 221.1654345047952 0 0 12.0 1 495
380.1656281077523 246.27427771631704 0 0 11.0 1 496
321.9475981650314 287.40860349124097 0 0 13.0 1 497
585.7386089704917 132.08738525835184 0 0 13.0 1 498
539.2045040790962 81.05469741020971 0 0 10.0 1 499
472.1511648789923 636.2270293734493 0 0 13.0 1 500
78.66894639518216 312.61948736006593 0 0 10.0 1 501
168.04032949343883 263.780650205312 0 0 13.0 1 502
573.3408346308742 344.5296921815649 0 0 10.0 1 503
204.4257548075397 436.7656717251219 0 0 11.0 1 504
119.20660546431583 442.5566632283078 0 0 10.0 1 505
257.263460684446 548.5337683633567 0 0 12.0 1 506
502.2209010722696 529.5217641324163 0 0 10.0 1 507
584.6411525569742 337.28919724296173 0 0 11.0 1 508
713.9756837346697 308.63113208895123 0 0 13.0 1 509
165.57620863335015 278.58547845794794 0 0 13.0 1 510
82.44141563477262 560.9116077104221 0 0 10.0 1 511
309.83086199497507 113.87148595180037 0 0 13.0 1 512
414.05677077877806 47.27998753221715 0 0 13.0 1 513
585.0911025163462 652.4089613490049 0 0 10.0 1 514
327.0557643851156 513.5963841438636 0 0 10.0 1 515
521.2896000787449 699.3623772499445 0 0 12.0 1 516
356.28320014505675 616.6329647363088 0 0 13.0 1 517
661.4434072834924 321.4102755571833 0 0 12.0 1 518
118.86112588799 585.8223169133121 0 0 13.0 1 519
410.66284846621477 526.5515849864653 0 0 10.0 1 520
534.3976500809656 333.38715099386354 0 0 13.0 1 521
325.66539347981814 555.1075957955952 0 0 13.0 1 522
755.7768889954643 412.6017957731832 0 0 11.0 1 523
366.7498807176761 601.272028776259 0 0 10.0 1 524
215.30652451756356 711.3395575801742 0 0 11.0 1 525
544.797254123331 129.2921220238622 0 0 12.0 1 526
704.9292650035078 317.0895462295585 0 0 12.0 1 527
257.120968290027 538.5156391806374 0 0 11.0 1 528
405.11128069651176 169.05655495415883 0 0 12.0 1 529
293.67844801160834 252.28497847957465 0 0 10.0 1 530
611.4783025893302 257.5151673547823 0 0 13.0 1 531
336.2488959232479 161.36891080792694 0 0 11.0 1 532
592.5894834093485 326.8885037759433 0 0 12.0 1 533
241.19599515005828 126.80174223904777 0 0 13.0 1 534
75.5744983721491 246.2824216508818 0 0 11.0 1 535
525.1377009475327 435.22152469110154 0 0 12.0 1 536
584.5737043222838 422.990164696021 0 0 12.0 1 537
281.2604917257699 636.9091158541478 0 0 13.0 1 538
383.6713879908117 224.7590903075044 0 0 13.0 1 539
411.50244283363327 536.516276717683 0 0 11.0 1 540
553.8649035561759 518.1591784570658 0 0 11.0 1 541
395.32658497748304 751.968974757758 0 0 12.0 1 542
429.39850191468423 612.9805814743971 0 0 13.0 1 543
133.79366772445923 493.04938826453605 0 0 12.0 1 544
242.00618942964732 398.60149313211616 0 0 10.0 1 545
410.6450462289328 743.835255596025 0 0 11.0 1 546
247.00599356162053 398.6457496785682 0 0 13.0 1 547
53.0135932410609 396.92859567622986 0 0 12.0 1 548
152.63619157450105 657.4104626491182 0 0 11.0 1 549
725.5403636154372 417.305249409615 0 0 10.0 1 550
227.00295368118637 203.23612637232856 0 0 11.0 1 551
358.2089397513002 182.98731077817237 0 0 12.0 1 552
263.5825421778612 342.60420571727406 0 0 11.0 1 553
483.8602219469982 304.6246196599971 0 0 12.0 1 554
211.42423362982893 193.02372034964327 0 0 12.0 1 555
578.7092746161961 371.2946840088283 0 0 12.0 1 556
658.9523799502114 511.65869835405283 0 0 10.0 1 557
206.65315406486837 447.0956172794929 0 0 10.0 1 558
63.317306364375156 345.90966993759423 0 0 12.0 1 559
160.1414467867057 376.5719302881079 0 0 12.0 1 560
401.13740438292905 143.00251691646923 0 0 13.0 1 561
331.60251113699195 243.27481530642663 0 0 12.0 1 562
543.5801150566494 86.2967157323352 0 0 11.0 1 563
585.323690912772 688.6245477891084 0 0 13.0 1 564
642.4192961504175 274.45365455762504 0 0 10.0 1 565
488.5430456592891 253.70875260160966 0 0 11.0 1 566
435.00225364253794 84.9383516834468 0 0 10.0 1 567
227.1708645853703 349.70000047881126 0 0 10.0 1 568
460.9122576546543 111.35714651595299 0 0 10.0 1 569
448.28777054211787 532.4737378353603 0 0 13.0 1 570
343.1754036601208 248.29316017130344 0 0 12.0 1 571
562.1218562690336 497.1468152843046 0 0 13.0 1 572
385.25492641235337 702.6410130912445 0 0 11.0 1 573
55.910516978308976 325.7946924144546 0 0 12.0 1 574
476.3615300847971 216.23407083164565 0 0 11.0 1 575
230.10791953974453 276.5630484948446 0 0 10.0 1 576
607.3894486319723 577.5348320643768 0 0 12.0 1 577
165.13132666467348 513.8319212071187 0 0 12.0 1 578
572.8059103917533 246.70578179958213 0 0 11.0 1 579
170.82959863151166 447.29616407919315 0 0 11.0 1 580
494.0594133240304 707.955884446359 0 0 13.0 1 581
547.9109426466739 231.77885672314454 0 0 12.0 1 582
324.22650040838823 290.6959435352923 0 0 13.0 1 583
384.42764505595073 719.6208719115455 0 0 11.0 1 584
202.50817721090684 135.61963020783594 0 0 11.0 1 585
170.96657410358824 537.2322477486719 0 0 11.0 1 586
361.7335691675444 718.710966663127 0 0 11.0 1 587
518.9270609171052 313.59771888648345 0 0 12.0 1 588
524.1348839245715 186.45953406196483 0 0 12.0 1 589
236.92373640777495 417.38195192718973 0 0 11.0 1 590
446.70417950796127 595.498643515724 0 0 13.0 1 591
163.9039261750993 663.7700588096895 0 0 11.0 1 592
212.91163351255736 461.700430509522 0 0 12.0 1 593
287.39584077631235 82.36923428999137 0 0 12.0 1 594
564.2189949758267 383.9649855276205 0 0 10.0 1 595
706.6438851633849 227.1603989477388 0 0 10.0 1 596
360.55623104743927 638.7638772737974 0 0 13.0 1 597
545.9006384205619 310.8147786431381 0 0 12.0 1 598
442.6549300354908 228.21654054110044 0 0 10.0 1 599
567.7312213713961 620.4432747381051 0 0 10.0 1 600
570.0047657788032 163.82341434322015 0 0 10.0 1 601
321.19920431765195 642.5189365798656 0 0 12.0 1 602
289.9205794363985 463.33657054484206 0 0 11.0 1 603
324.05491869775926 134.65429224124233 0 0 12.0 1 604
63.322311722279494 429.8686159031525 0 0 11.0 1 605
230.40733322466792 281.30995249798247 0 0 12.0 1 606
647.214086353706 380.2719613670689 0 0 13.0 1 607
537.654161005147 409.76380857908765 0 0 10.0 1 608
566.7645420974785 408.8649590533917 0 0 13.0 1 609
277.0809613154397 544.8824003420139 0 0 11.0 1 610
119.09906487345569 392.5391257192653 0 0 10.0 1 611
573.5602924963747 574.3353804268453 0 0 10.0 1 612
186.23761999147197 456.09496317041 0 0 11.0 1 613
476.10973598186814 695.3511606355565 0 0 12.0 1 614
646.7986636162491 630.9424595808089 0 0 13.0 1 615
87.83646460802265 321.0194506756144 0 0 13.0 1 616
550.070906831824 629.2481688534807 0 0 11.0 1 617
293.7991747989512 649.3238551094064 0 0 13.0 1 618
468.2876870606883 610.1851369528814 0 0 12.0 1 619
506.64036372999914 572.7334154804261 0 0 11.0 1 620
407.68542991587583 207.15308100203373 0 0 12.0 1 621
317.5618644820117 584.4124556864796 0 0 11.0 1 622
388.50417809255197 247.43248681756577 0 0 11.0 1 623
490.23048507997936 540.5256544629187 0 0 11.0 1 624
539.2359031908612 311.4654685299282 0 0 13.0 1 625
559.2262298319508 313.93021590881744 0 0 11.0 1 626
166.57167842170833 660.789606167772 0 0 12.0 1 627
456.0109087550141 545.5980017048225 0 0 11.0 1 628
323.932065508293 545.2916698994316 0 0 11.0 1 629
391.50887214904014 527.718051769586 0 0 13.0 1 630
271.8511986179268 179.53938060429488 0 0 12.0 1 631
647.5347854933448 146.9337439112757 0 0 13.0 1 632
282.1157233451043 457.1340294181324 0 0 11.0 1 633
191.449996598733 194.19451882583027 0 0 13.0 1 634
471.3031696443586 254.53571572833482 0 0 12.0 1 635
567.6263016210651 346.35838364810667 0 0 12.0 1 636
87.5379575063688 509.2175443814235 0 0 12.0 1 637
244.19895198424425 82.12890436972384 0 0 10.0 1 638
666.7675086214088 352.2915485063017 0 0 12.0 1 639
530.4778501252408 231.64166006195234 0 0 10.0 1 640
208.50507657563236 625.7115289538742 0 0 11.0 1 641
81.00241913085597 498.9774893581057 0 0 12.0 1 642
292.83470856138206 473.59076240178575 0 0 10.0 1 643
603.3204167253562 619.2300347640065 0 0 11.0 1 644
387.661329841574 585.5902939776797 0 0 12.0 1 645
639.0099238209441 458.22590759366886 0 0 12.0 1 646
212.04797748687466 278.13927116078116 0 0 13.0 1 647
421.75218917217654 204.20459079381396 0 0 12.0 1 648
367.5283283908187 51.50955458878718 0 0 12.0 1 649
650.4111410784533 270.3147640485357 0 0 10.0 1 650
292.0506959769961 508.4248484478954 0 0 10.0 1 651
140.29934455747753 606.8322256388599 0 0 13.0 1 652
272.3297075699688 208.68796057009297 0 0 11.0 1 653
562.0199600766384 296.9779997439165 0 0 12.0 1 654
207.9412747487746 643.338131115685 0 0 12.0 1 655
348.9863022784726 514.116618617871 0 0 13.0 1 656
355.818173494048 521.1980453909962 0 0 11.0 1 657
240.98237286289975 253.81725731234155 0 0 10.0 1 658
81.4424890394422 554.3927207177012 0 0 11.0 1 659
344.97195234220976 114.25025989343061 0 0 10.0 1 660
193.16658568740968 446.518154776349 0 0 10.0 1 661
540.2122341202443 614.1880701696755 0 0 11.0 1 662
404.5833255101234 745.9696419156863 0 0 13.0 1 663
737.3953896776075 367.05533390220216 0 0 10.0 1 664
666.3133316063659 304.2596772059033 0 0 11.0 1 665
411.2721659197909 569.625877375702 0 0 13.0 1 666
242.63575414899594 599.3802751722064 0 0 10.0 1 667
741.3621198218582 442.5194443840388 0 0 13.0 1 668
271.3074595205753 471.0438598680537 0 0 12.0 1 669
261.50525791185396 306.6822288417801 0 0 10.0 1 670
544.5670076505015 213.46212100760917 0 0 10.0 1 671
283.2287141356134 280.61211620278334 0 0 12.0 1 672
474.93315101697 210.2606448870768 0 0 13.0 1 673
572.2012714624134 477.8955846420591 0 0 10.0 1 674
181.68619678679568 427.1860870039493 0 0 11.0 1 675
344.4046528818202 111.3043862840845 0 0 12.0 1 676
209.0814475017853 420.3496022562221 0 0 13.0 1 677
40.50699802358827 419.0992546971767 0 0 10.0 1 678
431.94036373629314 593.3799709494065 0 0 11.0 1 679
520.8216329596291 272.02291998576993 0 0 12.0 1 680
250.71044405811557 385.41821387226634 0 0 13.0 1 681
460.3452657484469 268.1536921193873 0 0 11.0 1 682
161.43984761453322 570.1118858099659 0 0 12.0 1 683
618.1129160038975 253.04505495806956 0 0 11.0 1 684
511.3125191225003 612.6253114909018 0 0 12.0 1 685
347.41501442790945 572.1476671128105 0 0 13.0 1 686
80.23242359805613 445.5817626033371 0 0 12.0 1 687
123.00000012585247 399.99165001411944 0 0 12.0 1 688
410.79663711965117 621.7373054470235 0 0 12.0 1 689
548.5742060151416 75.38529714911209 0 0 12.0 1 690
117.66330880695494 292.8086159891424 0 0 10.0 1 691
697.2531882574914 421.0841663519429 0 0 13.0 1 692
363.1332654668612 251.50810161876484 0 0 10.0 1 693
602.5189697542997 352.56513002382087 0 0 10.0 1 694
420.5112996350869 539.5001311371416 0 0 13.0 1 695
250.8571730065049 455.1127676349899 0 0 10.0 1 696
514.176083231375 696.7959265521381 0 0 10.0 1 697
653.0288947008668 335.98923179294223 0 0 12.0 1 698
245.09526045281174 283.20735611427506 0 0 10.0 1 699
487.80154187311354 515.3944939964811 0 0 12.0 1 700
288.2727183438556 482.6922882361383 0 0 13.0 1 701
487.9719269834078 511.4672151927461 0 0 11.0 1 702
151.0037924133375 632.9847390012051 0 0 13.0 1 703
110.92035757643913 573.2107396677993 0 0 12.0 1 704
549.4818741679089 652.0003359030488 0 0 13.0 1 705
451.4620859454679 586.012509552829 0 0 13.0 1 706
746.5024466226417 338.03182684213357 0 0 12.0 1 707
96.3981862212334 462.65731138696526 0 0 12.0 1 708
288.6314383790212 458.9325333111876 0 0 11.0 1 709
520.8737787774427 109.11423272345917 0 0 13.0 1 710
397.2158259708858 274.0307641724552 0 0 13.0 1 711
405.5980693342748 147.06194114026917 0 0 11.0 1 712
390.45021761652214 160.19007181430496 0 0 10.0 1 713
457.0730364584061 34.42829908564113 0 0 13.0 1 714
670.2858412653845 483.87230777475605 0 0 12.0 1 715
613.1283336763967 261.8250623871228 0 0 11.0 1 716
174.38418972687512 309.7420022668278 0 0 10.0 1 717
609.0059936055976 379.5917997624261 0 0 12.0 1 718
218.67108282710288 474.4031168493942 0 0 10.0 1 719
289.2273595077881 69.04619337680498 0 0 10.0 1 720
623.1366809415888 332.92525349752276 0 0 13.0 1 721
211.79473819417126 332.33332113514473 0 0 11.0 1 722
466.90173941939815 263.51499253522775 0 0 12.0 1 723
580.8826628371878 289.4311875575747 0 0 12.0 1 724
259.73218051634205 627.1870128711146 0 0 13.0 1 725
432.5434579334644 635.7645506553791 0 0 13.0 1 726
364.7864692153438 82.94951939844333 0 0 13.0 1 727
245.6277247788464 539.4030151863453 0 0 11.0 1 728
293.68422555834456 621.839933521607 0 0 12.0 1 729
142.22670007367958 374.8221159527799 0 0 11.0 1 730
572.7311405022641 592.9895155203699 0 0 11.0 1 731
641.4492842405515 258.2176204892676 0 0 10.0 1 732
493.783101079042 251.06803582844213 0 0 11.0 1 733
250.70492051095664 422.6269582657552 0 0 11.0 1 734
301.1127269868574 704.3374890413999 0 0 10.0 1 735
344.0964748779774 616.9119542093782 0 0 11.0 1 736
455.20264467531985 700.9795142876843 0 0 11.0 1 737
216.71983833402197 416.25983824313624 0 0 13.0 1 738
273.19552265571065 483.81303314784407 0 0 10.0 1 739
335.3872773847722 279.19355945874565 0 0 10.0 1 740
121.53059148447943 514.261929447284 0 0 13.0 1 741
326.50063554058977 250.04386166594315 0 0 11.0 1 742
669.3453061824157 561.3973544935008 0 0 12.0 1 743
128.77505104292402 461.00022182936334 0 0 13.0 1 744
572.7274590617469 603.6031062780539 0 0 13.0 1 745
239.7116017641074 309.6471948915148 0 0 13.0 1 746
170.30787191307743 188.84714945116002 0 0 11.0 1 747
337.71776735804536 524.2655362404776 0 0 13.0 1 748
520.609067631083 439.78005536900184 0 0 13.0 1 749
635.5475787755995 385.3939008303819 0 0 11.0 1 750
67.40522782185741 334.4125200989592 0 0 12.0 1 751
416.72992418540537 743.592941773766 0 0 13.0 1 752
644.0501783019886 594.3798098331397 0 0 12.0 1 753
284.94886716508955 586.3444038156333 0 0 11.0 1 754
110.15639282396234 507.1059446491313 0 0 13.0 1 755
230.78651988514036 226.99480312020106 0 0 11.0 1 756
539.1957375313498 476.8475546332061 0 0 13.0 1 757
111.42789594891218 533.6044189520995 0 0 10.0 1 758
525.2055705392266 335.15738202426786 0 0 12.0 1 759
222.35464059382997 455.119200660502 0 0 10.0 1 760
503.1977404208147 560.7209580983083 0 0 13.0 1 761
590.7196825995491 327.5983241276332 0 0 11.0 1 762
579.0449626897034 511.64184401667103 0 0 11.0 1 763
210.66791500089752 213.15952903641931 0 0 13.0 1 764
95.04762824901542 405.38989456754814 0 0 13.0 1 765
739.665043267257 430.1439609582482 0 0 12.0 1 766
446.7831535683065 268.0479763618449 0 0 10.0 1 767
292.100592537668 552.7308674409912 0 0 12.0 1 768
617.1942876311098 440.8367655479075 0 0 11.0 1 769
644.1136089423753 430.40634685602777 0 0 12.0 1 770
584.0257773894261 144.34493305193934 0 0 12.0 1 771
531.7096970793463 334.7194079739862 0 0 11.0 1 772
396.2426805358742 682.9750564103566 0 0 12.0 1 773
258.4235547722634 223.84066826682815 0 0 11.0 1 774
357.9376957576374 576.044774309898 0 0 11.0 1 775
272.8725465579328 322.2850684788628 0 0 13.0 1 776
223.85302726233627 276.72289752205904 0 0 13.0 1 777
249.80306136312487 493.6476354432442 0 0 11.0 1 778
118.70611315147187 419.9436511613955 0 0 11.0 1 779
344.2885034162397 157.3124866244708 0 0 13.0 1 780
552.2518414884671 508.57429144770276 0 0 12.0 1 781
447.4624419600688 571.5555787585677 0 0 13.0 1 782
735.6332989631692 488.0868243672112 0 0 13.0 1 783
443.1703034066794 271.03362878728717 0 0 11.0 1 784
259.50273370954585 460.5765479778206 0 0 13.0 1 785
207.281272233054 672.7920306165299 0 0 12.0 1 786
171.4684708094957 125.73308590745097 0 0 13.0 1 787
450.8218836634831 547.4894441676943 0 0 11.0 1 788
541.2800350240855 372.1440903291029 0 0 12.0 1 789
566.9368479397364 159.207373867169 0 0 10.0 1 790
264.28940003252967 237.13001179938263 0 0 11.0 1 791
355.37244244935226 168.25794273144197 0 0 10.0 1 792
408.1426463043997 32.09009620402787 0 0 12.0 1 793
399.08132922906935 191.00201904321028 0 0 10.0 1 794
292.31869447236204 289.9057838037643 0 0 12.0 1 795
127.98864626745649 271.11701648165854 0 0 11.0 1 796
160.13190735076117 163.28857626042597 0 0 11.0 1 797
539.3153012045872 492.08825576736234 0 0 12.0 1 798
156.9067968303847 284.81886190553536 0 0 12.0 1 799
538.357515984619 603.404025944832 0 0 11.0 1 800
585.6721311932349 537.4294717233612 0 0 12.0 1 801
454.75926471009234 49.24877344703407 0 0 12.0 1 802
121.04883837832477 643.0766328340056 0 0 13.0 1 803
291.6425375851518 497.85019335195386 0 0 13.0 1 804
215.02888926579624 403.2692803114636 0 0 13.0 1 805
560.480328920348 573.0377531916573 0 0 10.0 1 806
591.6991909026642 161.48916123734782 0 0 10.0 1 807
448.8151869001966 753.6468259830688 0 0 12.0 1 808
275.52339225206686 485.47850094361263 0 0 10.0 1 809
691.0565432007031 441.49805609974106 0 0 13.0 1 810
469.49194417124613 551.8547651386034 0 0 11.0 1 811
618.2804473874226 635.3606727733983 0 0 11.0 1 812
480.9897654544111 519.0657712847798 0 0 13.0 1 813
379.9209953344113 536.5314380340267 0 0 12.0 1 814
433.89589620994377 605.2195610075335 0 0 11.0 1 815
639.1437758156043 155.5122610668257 0 0 11.0 1 816
331.7974110275322 277.73632241154934 0 0 12.0 1 817
584.78496616753 468.28994273291494 0 0 10.0 1 818
631.5722039116271 522.549232455825 0 0 11.0 1 819
680.9890670648037 397.5212523219981 0 0 12.0 1 820
301.7307724431895 702.4353797348911 0 0 13.0 1 821
294.0197021890787 322.9988540610698 0 0 11.0 1 822
752.3107580522844 499.16213874571656 0 0 10.0 1 823
401.5312915038656 54.00338853345659 0 0 11.0 1 824
258.36121461624055 452.3397981942357 0 0 13.0 1 825
52.05434305133559 406.14978134264504 0 0 11.0 1 826
359.156807797768 261.91367319415167 0 0 11.0 1 827
227.43808409200645 200.20414123870697 0 0 12.0 1 828
590.4947839515008 540.9990683915005 0 0 10.0 1 829
343.45915378117087 106.39459693517438 0 0 10.0 1 830
445.1721064400497 605.0840822681488 0 0 10.0 1 831
170.82959863151166 447.29616407919315 0 0 11.0 1 832
233.58106929827966 75.14658766745885 0 0 12.0 1 833
622.685586154118 411.837639933571 0 0 13.0 1 834
320.8029076323064 218.52873351270452 0 0 12.0 1 835
505.60664830292546 578.0343670031777 0 0 10.0 1 836
171.4182447872678 551.0840202796662 0 0 10.0 1 837
290.78360066540597 303.10945290490673 0 0 11.0 1 838
296.42879689797076 574.5909673723077 0 0 12.0 1 839
121.57032373828093 355.26840739707205 0 0 11.0 1 840
551.9035999874698 68.11101809363004 0 0 13.0 1 841
365.57844682166063 556.2535013265007 0 0 13.0 1 842
332.7111754030117 198.96215758132567 0 0 13.0 1 843
641.5745225822975 606.7988153716917 0 0 12.0 1 844
747.0331286774433 437.0001027072227 0 0 11.0 1 845
528.5578859721714 303.07802130390564 0 0 10.0 1 846
415.5426126655831 552.2084990778362 0 0 12.0 1 847
96.31463391138544 242.71300618415978 0 0 13.0 1 848
688.6056835336742 205.550110742997 0 0 10.0 1 849
615.2410047863577 365.4267464857711 0 0 11.0 1 850
519.4794678335384 286.20344132525594 0 0 11.0 1 851
263.9059920754983 384.2703780386918 0 0 13.0 1 852
578.9555358917871 427.1277749489944 0 0 13.0 1 853
275.52339225206686 485.47850094361263 0 0 11.0 1 854
367.992209413807 56.48798952323307 0 0 10.0 1 855
572.2579541391916 424.5600740182141 0 0 11.0 1 856
241.31735861527883 498.93846230444444 0 0 12.0 1 857
536.1302888963236 428.09883351677587 0 0 11.0 1 858
465.0605485683042 672.3364188278742 0 0 11.0 1 859
517.9799961968774 317.43656682656183 0 0 11.0 1 860
478.663887775796 210.69338955018773 0 0 13.0 1 861
457.49534384080334 101.48654061059858 0 0 13.0 1 862
205.58263175694964 451.0184959151693 0 0 10.0 1 863
439.6276938830502 261.55995565765204 0 0 11.0 1 864
281.7085653418991 636.0151191905472 0 0 12.0 1 865
439.55001810535674 93.54152635656175 0 0 10.0 1 866
133.61726141487776 287.92307738035265 0 0 11.0 1 867
147.20301860507573 375.308175490371 0 0 13.0 1 868
288.4195353513299 497.23065313360223 0 0 11.0 1 869
593.3118701027606 601.1753485827063 0 0 12.0 1 870
627.4182197346412 654.0904432140777 0 0 10.0 1 871
357.8227868499026 563.6523225954684 0 0 11.0 1 872
241.4633344320662 471.70861643206564 0 0 11.0 1 873
661.8271369572019 167.73603302966987 0 0 12.0 1 874
671.0608813810297 562.4253631208479 0 0 10.0 1 875
296.2101620603057 89.90861098629006 0 0 11.0 1 876
409.37291163190724 237.26970617755137 0 0 12.0 1 877
146.0372423217698 546.1229540916435 0 0 12.0 1 878
478.68468304414546 538.1655552380635 0 0 11.0 1 879
640.140874128844 549.7376391313645 0 0 12.0 1 880
189.44292096009497 252.64085889846132 0 0 11.0 1 881
379.026423670581 211.1611557545587 0 0 13.0 1 882
321.85148120244486 543.0447797360958 0 0 11.0 1 883
623.6220307763401 528.6747347052466 0 0 12.0 1 884
183.43713845331078 361.26336361131087 0 0 13.0 1 885
594.296599073682 307.9465829618429 0 0 12.0 1 886
732.9478217796811 405.8947410601027 0 0 11.0 1 887
273.24136964883087 325.5604296660998 0 0 10.0 1 888
475.7767944572865 290.6982277281006 0 0 10.0 1 889
320.8304276898195 759.3830530509516 0 0 11.0 1 890
718.8010380708149 278.9756300368771 0 0 10.0 1 891
433.8945589714557 630.5214932975459 0 0 11.0 1 892
688.8982077849976 296.1403565449198 0 0 11.0 1 893
119.40577226524829 315.64432821713586 0 0 13.0 1 894
224.95236761029028 297.20249811032835 0 0 12.0 1 895
601.1237873365351 581.6321066535545 0 0 11.0 1 896
390.11579648599206 548.6717946380337 0 0 13.0 1 897
701.0379303777196 285.7189233779308 0 0 13.0 1 898
39.78222469821287 444.8570435565163 0 0 11.0 1 899
523.5523270596391 251.7305747021727 0 0 12.0 1 900
216.36907597115638 444.72900334585006 0 0 10.0 1 901
72.31248362525258 446.71072266781607 0 0 12.0 1 902
513.3718943262315 729.0149139125486 0 0 13.0 1 903
235.7063146422315 553.7289333585665 0 0 13.0 1 904
123.87847919346768 377.95673010899344 0 0 12.0 1 905
630.9391662421963 597.694465009416 0 0 10.0 1 906
672.7330460020548 387.92997023860323 0 0 10.0 1 907
90.67598785554674 307.0072287171839 0 0 12.0 1 908
294.028423744936 539.2660225109382 0 0 10.0 1 909
658.6956616863051 248.09030766707235 0 0 11.0 1 910
439.3590210195207 595.0688787694874 0 0 13.0 1 911
700.8113583922325 410.6548891228319 0 0 10.0 1 912
418.45831063706885 79.53113915947233 0 0 11.0 1 913
418.22830053567236 83.52452060296804 0 0 11.0 1 914
495.73789138897797 486.45956368379535 0 0 13.0 1 915
505.0177377551194 646.5669782367399 0 0 11.0 1 916
288.2513633651914 289.7219776643527 0 0 11.0 1 917
203.49876730334321 105.54581757309961 0 0 12.0 1 918
479.0626909732741 572.7688944690698 0 0 10.0 1 919
358.8210640842244 559.7788948417294 0 0 13.0 1 920
198.55131231861012 291.09900720633516 0 0 12.0 1 921
582.783829868898 378.8795942638935 0 0 12.0 1 922
419.8092122208412 593.9912243148892 0 0 12.0 1 923
388.90469710236493 627.7298712369761 0 0 10.0 1 924
285.41413501462773 609.7405052572203 0 0 10.0 1 925
206.56269370275095 701.240781655579 0 0 12.0 1 926
521.2575050592758 108.19078584321619 0 0 13.0 1 927
446.71765892703957 38.00212660241107 0 0 11.0 1 928
245.5973021830726 193.30261998067175 0 0 10.0 1 929
671.7077916872768 373.46933969115395 0 0 12.0 1 930
493.877399441753 631.7046263544462 0 0 11.0 1 931
758.9860322998738 396.833201365115 0 0 13.0 1 932
107.53506075706036 282.9988918273694 0 0 11.0 1 933
160.67884083839823 478.92643902740883 0 0 13.0 1 934
222.37195102198376 422.1195889713951 0 0 12.0 1 935
365.54829124430006 686.9391569023169 0 0 13.0 1 936
448.31684166504783 171.04261791434917 0 0 11.0 1 937
303.61497212801936 479.59225089239226 0 0 10.0 1 938
302.6339610772906 497.7949613451605 0 0 11.0 1 939
512.9637722696866 333.66610101462163 0 0 13.0 1 940
271.54933666125635 465.0878413210696 0 0 12.0 1 941
260.71591528856095 436.5505642377332 0 0 10.0 1 942
211.88790799993504 582.3673239463668 0 0 10.0 1 943
255.67648302261802 495.3924653590593 0 0 10.0 1 944
413.32557914767756 673.6757733895695 0 0 10.0 1 945
308.32002224817796 534.7730747568869 0 0 10.0 1 946
192.18483051270914 277.9596159831977 0 0 11.0 1 947
173.47722605299268 235.41739799312617 0 0 11.0 1 948
525.2369894988302 475.04462979634116 0 0 12.0 1 949
414.2606262865828 152.41035050326838 0 0 11.0 1 950
471.9981446515952 242.69371542519997 0 0 12.0 1 951
494.25776930459267 316.3849718906812 0 0 10.0 1 952
327.9532442783758 109.80995022229206 0 0 13.0 1 953
532.4850715210013 315.7580518739317 0 0 11.0 1 954
295.68926215086617 135.84991014695964 0 0 13.0 1 955
354.2177806451217 215.5982961278779 0 0 11.0 1 956
308.1653329712551 512.2113805802226 0 0 11.0 1 957
545.6338791852712 678.1847825339298 0 0 13.0 1 958
315.7088832894669 531.2669327884646 0 0 11.0 1 959
272.92681162796976 594.104108140365 0 0 13.0 1 960
177.9096254697968 648.1226824396232 0 0 13.0 1 961
193.94656017352753 434.9711300314744 0 0 11.0 1 962
125.7790069095011 456.5937006075815 0 0 12.0 1 963
265.75714562383166 645.7210940251953 0 0 10.0 1 964
150.82236458230662 613.2944115715343 0 0 13.0 1 965
364.44923381558567 215.3919204809792 0 0 10.0 1 966
453.2925833384188 525.1235411947636 0 0 11.0 1 967
676.8263995835496 409.805329857224 0 0 13.0 1 968
615.0910101743738 371.27967022878323 0 0 12.0 1 969
184.66320319424847 426.8153676357136 0 0 11.0 1 970
697.4287223522401 381.55670528582124 0 0 10.0 1 971
241.3252964426933 553.8289259242255 0 0 10.0 1 972
484.7344517063034 620.2636436047314 0 0 13.0 1 973
103.62742234893847 269.08286889613913 0 0 12.0 1 974
509.35732039956326 236.14037570216612 0 0 10.0 1 975
547.5199590796325 513.2866350155372 0 0 12.0 1 976
204.1158321224249 164.91407363495796 0 0 13.0 1 977
534.0442917735483 247.54958890534974 0 0 12.0 1 978
763.7958386039609 461.75425341173576 0 0 11.0 1 979
511.9361256411091 644.6043821693672 0 0 13.0 1 980
566.212383956911 125.38309698898655 0 0 10.0 1 981
218.06416301412432 395.16768996763807 0 0 12.0 1 982
592.1189270382812 238.47192852739312 0 0 13.0 1 983
746.0466163653342 452.4570233820333 0 0 13.0 1 984
525.3065324534969 192.96794227830136 0 0 10.0 1 985
534.6879249234361 75.87014503471164 0 0 10.0 1 986
274.8664645327991 184.72668929595855 0 0 12.0 1 987
371.46899174502755 217.21328941097852 0 0 10.0 1 988
422.3662987539064 160.04011026829713 0 0 10.0 1 989
633.5514128537725 385.51768133181935 0 0 13.0 1 990
592.6189960163708 600.4542899856357 0 0 10.0 1 991
660.9591035570475 404.62020245251296 0 0 11.0 1 992
567.5239887178224 287.129661983004 0 0 10.0 1 993
247.07295805447657 453.4539038966484 0 0 10.0 1 994
246.73110744168093 587.2769248304405 0 0 12.0 1 995
347.3538639513837 517.7683504136429 0 0 10.0 1 996
334.9583877435566 156.538321957885 0 0 11.0 1 997
727.5902599082222 501.65442249731916 0 0 11.0 1 998
205.17135850766013 253.10615923651088 0 0 10.0 1 999
374.08799852449675 653.6800508111221 0 0 11.0 1 1000
213.65462151002112 375.112253709375 0 0 11.0 1 1001
317.46816816542776 167.1964417496376 0 0 13.0 1 1002
263.93496162446667 620.3799113618677 0 0 10.0 1 1003
67.87203436188742 536.2791783108803 0 0 10.0 1 1004
318.8964409912456 739.4454488074829 0 0 10.0 1 1005
237.93405101850036 581.0624979964817 0 0 10.0 1 1006
261.5566887160777 200.29409232387994 0 0 10.0 1 1007
274.13927063853214 318.39683336659454 0 0 13.0 1 1008
419.61836515213844 139.73836289464913 0 0 12.0 1 1009
356.77575365149477 580.9078896223261 0 0 12.0 1 1010
696.4598864826929 239.74852354293634 0 0 10.0 1 1011
269.61157768858277 69.81238768369957 0 0 12.0 1 1012
557.7124267749402 714.6915798694956 0 0 10.0 1 1013
580.6632488660508 323.9947994597516 0 0 11.0 1 1014
654.1223610859242 340.47836027027523 0 0 12.0 1 1015
651.8033529506638 619.4335239720756 0 0 12.0 1 1016
650.7985638387934 217.79110785584942 0 0 12.0 1 1017
558.3298007715749 593.4726703894723 0 0 10.0 1 1018
511.37490526593865 524.437255181088 0 0 12.0 1 1019
588.5430312969565 423.4845768400215 0 0 13.0 1 1020
71.08197545963162 548.7747731722741 0 0 10.0 1 1021
358.7762392116898 185.93318438751845 0 0 11.0 1 1022
207.7492148699269 229.44609175726734 0 0 11.0 1 1023
200.65699509924087 586.5244391417273 0 0 13.0 1 1024
456.61389353735615 153.41559850927126 0 0 13.0 1 1025
355.0903153467415 231.89550801853963 0 0 10.0 1 1026
587.5221833499289 317.17228270877166 0 0 10.0 1 1027
577.5089690878439 489.95313164849176 0 0 11.0 1 1028
623.0137346642799 274.2984719619918 0 0 13.0 1 1029
597.0757849797278 444.32984293480087 0 0 13.0 1 1030
511.76427596034955 552.413078897642 0 0 10.0 1 1031
507.80802237109253 493.9490836167868 0 0 11.0 1 1032
258.0406605315068 134.57855034366742 0 0 13.0 1 1033
417.22508381146974 244.95388915652273 0 0 12.0 1 1034
424.31274763155915 602.5460202092456 0 0 11.0 1 1035
538.2626904587124 341.83275468858545 0 0 10.0 1 1036
537.2985264105498 523.9923975310244 0 0 11.0 1 1037
263.50383761253727 698.2495559988236 0 0 10.0 1 1038
234.4474856090718 495.25421239421127 0 0 13.0 1 1039
623.8473640947432 145.41532334440177 0 0 13.0 1 1040
523.3913021352029 430.0597165219347 0 0 10.0 1 1041
672.3988539359628 149.60258712523813 0 0 10.0 1 1042
262.33381792116006 494.53582554690934 0 0 12.0 1 1043
384.04199982171195 589.3286619355605 0 0 13.0 1 1044
58.27491745868383 496.1715548492935 0 0 10.0 1 1045
323.43147006298756 301.1958491596389 0 0 10.0 1 1046
490.30133695467543 552.2322848288043 0 0 13.0 1 1047
162.84916787662607 324.10215534554806 0 0 13.0 1 1048
108.44604816423913 496.1524475452957 0 0 13.0 1 1049
258.0432025649495 202.7760976403112 0 0 13.0 1 1050
726.1585176303342 311.31729944807205 0 0 10.0 1 1051
231.30135791880406 70.69654092317745 0 0 13.0 1 1052
235.24511019958084 195.00042369104338 0 0 12.0 1 1053
84.4557420738933 566.975511048365 0 0 12.0 1 1054
447.3142093186435 516.7791316826409 0 0 12.0 1 1055
406.88901230801304 227.13721768576082 0 0 13.0 1 1056
716.2884402333035 483.0097739714065 0 0 13.0 1 1057
376.0637392138035 143.11275738259172 0 0 10.0 1 1058
468.9658684464632 554.2877473729691 0 0 11.0 1 1059
205.42604224420762 588.631850341471 0 0 10.0 1 1060
496.78873591609886 627.2464314346073 0 0 12.0 1 1061
333.556012851514 582.2668279523508 0 0 10.0 1 1062
443.49559284319855 695.8194270213144 0 0 12.0 1 1063
87.578059987536 481.9849461721377 0 0 11.0 1 1064
528.7426245471846 56.32233615682463 0 0 13.0 1 1065
161.0000001085875 399.99279549954707 0 0 11.0 1 1066
582.0818770775631 683.5757218802612 0 0 12.0 1 1067
584.0257773894261 144.34493305193934 0 0 11.0 1 1068
680.022927429394 574.6057276090116 0 0 11.0 1 1069
239.43640234653552 442.13467821849804 0 0 13.0 1 1070
423.92901318637087 573.3562872466023 0 0 11.0 1 1071
226.81247287752285 140.48105955595219 0 0 11.0 1 1072
312.2956688006713 524.1448762087202 0 0 11.0 1 1073
617.3091565528545 382.6584176533106 0 0 11.0 1 1074
443.1338385161981 65.77182647948638 0 0 10.0 1 1075
248.25581499948385 557.9072585998792 0 0 10.0 1 1076
754.1811989145476 330.1667820055982 0 0 13.0 1 1077
479.2257440492873 238.37301747592755 0 0 12.0 1 1078
253.98891645935956 158.74336592895912 0 0 10.0 1 1079
504.80093021723974 523.5344689776956 0 0 11.0 1 1080
341.4833595968231 665.6309522550512 0 0 13.0 1 1081
507.3542417804437 679.0628366009098 0 0 11.0 1 1082
140.2545885381915 388.4969036978815 0 0 10.0 1 1083
154.27745105288966 321.3588597556281 0 0 11.0 1 1084
255.48966293989452 653.733644759174 0 0 11.0 1 1085
311.7581111834124 297.8316631334297 0 0 10.0 1 1086
316.2155903318999 287.83863099726375 0 0 10.0 1 1087
750.6668040419619 359.4809607345349 0 0 10.0 1 1088
208.83834007107492 217.9197435930573 0 0 13.0 1 1089
316.63066702111354 605.7511951815968 0 0 11.0 1 1090
649.2709901499272 346.25082819545116 0 0 13.0 1 1091
195.71862413166042 298.7423115346881 0 0 10.0 1 1092
646.4090001642021 476.4630933070214 0 0 11.0 1 1093
246.93011600337428 469.2359055206151 0 0 13.0 1 1094
550.3536767465916 556.4697155643271 0 0 12.0 1 1095
500.89073913407145 501.34129837820683 0 0 13.0 1 1096
293.00394278699366 319.32879236759203 0 0 10.0 1 1097
124.71914958206969 207.3436910112179 0 0 10.0 1 1098
532.6595645163534 381.0939178481773 0 0 12.0 1 1099
526.1451654456172 183.00138886458777 0 0 12.0 1 1100
400.6771317921718 247.00149839774238 0 0 13.0 1 1101
195.92511645127038 126.80695121476384 0 0 12.0 1 1102
508.76590880254423 734.77451677563 0 0 12.0 1 1103
239.30894373422146 390.03082570177475 0 0 12.0 1 1104
267.80562168440053 472.9770261229667 0 0 10.0 1 1105
515.5587254977244 463.79796988417104 0 0 12.0 1 1106
38.4201158437499 432.07783305575254 0 0 13.0 1 1107
318.221738889789 637.3042688402173 0 0 11.0 1 1108
303.61497212801936 479.59225089239226 0 0 11.0 1 1109
327.10829852245445 589.461869133893 -12 -14 10.0 1 1110
382.5533857437309 662.4206844953212 20 -13 12.0 1 1111
651.8667256980166 324.28902004226813 -8 -1 10.0 1 1112
253.8266892177666 459.97802276634843 -1 -1 13.0 1 1113
590.6592389159969 435.8476584447695 10 16 10.0 1 1114
500.3154509899648 635.5266657783784 -12 19 13.0 1 1115
412.00154136165975 580.6016694411886 10 4 13.0 1 1116
483.9336571828494 106.77629496933247 6 16 12.0 1 1117
661.6252177886522 556.7713156704386 -4 2 10.0 1 1118
210.18212616594036 240.39682091788706 -3 1 10.0 1 1119
136.62564998270966 492.05950115533886 -12 14 11.0 1 1120
228.43938135100242 502.79569119750704 -10 17 10.0 1 1121
256.19840341000537 233.50345103225578 0 0 11.0 1 1122
186.5276964866712 582.7308830841498 2 -16 13.0 1 1123
248.95449108834026 494.17671812936425 -7 18 10.0 1 1124
450.51481726102065 265.15099838305923 -6 -1 13.0 1 1125
575.4058943748244 189.5035101989395 -11 -15 11.0 1 1126
620.9653712111398 403.9121254482964 17 8 12.0 1 1127
295.20483387726256 491.3179782808832 2 14 13.0 1 1128
554.7380262274758 431.93968126367326 9 -9 13.0 1 1129
637.4074233589766 563.0389994266759 21 -3 12.0 1 1130
580.7148204499822 444.0244667171643 20 -17 10.0 1 1131
257.26538670786397 374.4690351074549 21 -16 12.0 1 1132
548.1384042443294 671.1752444231288 -17 20 13.0 1 1133
311.9653881586514 507.568151038972 18 21 11.0 1 1134
744.7328179245028 471.1567582583101 0 7 10.0 1 1135
379.5783598897762 216.13059902417558 3 -17 13.0 1 1136
366.506692156168 265.0955955882896 -11 -11 12.0 1 1137
478.4248188237233 615.1523827255143 19 0 12.0 1 1138
301.8570289337923 263.6476724426843 2 0 10.0 1 1139
475.98546039631447 39.93027090803628 5 -15 11.0 1 1140
257.56860979020337 194.54124724679008 0 0 13.0 1 1141
172.90702214438122 530.6628463208552 -13 1 12.0 1 1142
400.6859831881479 245.00151798464097 20 -13 10.0 1 1143
296.9367613454589 276.31099952688965 -5 -14 10.0 1 1144
534.7988872677652 716.488957139696 4 -4 11.0 1 1145
132.07158704813457 470.309071485084 -8 20 13.0 1 1146
601.6407823706676 665.0094241436426 -13 22 10.0 1 1147
192.13474034449655 296.965860859858 10 10 13.0 1 1148
208.6986274012451 374.45034556334775 -8 5 11.0 1 1149
287.33459625342084 264.78717960703466 22 -8 12.0 1 1150
267.5250975911229 129.71977461945443 -7 18 12.0 1 1151
678.4493831286061 318.96950552231147 2 12 11.0 1 1152
229.93948208949 243.66567795903194 13 -3 12.0 1 1153
115.33233627424312 522.7367965563686 -12 22 13.0 1 1154
151.6331270477007 520.3739856443094 -3 3 13.0 1 1155
174.11505179633292 347.08506661606157 -6 10 12.0 1 1156
507.1812885015413 207.8745946129212 -9 5 11.0 1 1157
531.2353798749274 364.3170198962657 -9 10 11.0 1 1158
592.2889241844855 471.06313837689123 1 14 13.0 1 1159
611.1972696844132 568.2132969709863 0 -1 12.0 1 1160
546.0623077365415 599.1853464958601 -6 -3 11.0 1 1161
142.28830634364624 365.5807764065825 13 -11 13.0 1 1162
183.4232063667776 554.4360465032455 4 21 11.0 1 1163
242.043281526663 553.1328674358805 22 13 10.0 1 1164
246.42152336560787 302.3390993556814 -12 16 12.0 1 1165
151.5118833532882 435.42112202302667 5 10 12.0 1 1166
589.5962061547383 530.2047564865815 5 9 12.0 1 1167
642.8676529168841 322.28061267197273 6 18 10.0 1 1168
260.21742403397684 519.6529625889095 -10 -2 10.0 1 1169
461.48643040406 226.57734036128184 18 5 10.0 1 1170
343.8201794638352 232.15236741459736 -12 -13 11.0 1 1171
593.7959740608803 475.545485886283 -1 9 11.0 1 1172
50.00000015901935 399.9894494763242 6 11 13.0 1 1173
569.6549240425959 664.2218892296795 -16 17 11.0 1 1174
