400 400 7.071067811865475 -7.0710678118654755 5 2 -1 10 187
742.842712474619 57.15728752538092
800.0 400.0 0 0 24.0 1 0
799.4518139018296 420.9343824971775 0 0 24.0 1 1
797.8087581473094 441.8113853070614 0 0 24.0 1 2
795.0753362380551 462.57378601609236 0 0 24.0 1 3
791.2590402935223 483.16467632710373 0 0 24.0 1 4
786.3703305156273 503.5276180410083 0 0 24.0 1 5
780.4226065180615 523.6067977499789 0 0 24.0 1 6
773.4321705988807 543.3471798181201 0 0 24.0 1 7
765.4181830570403 562.6946572303201 0 0 24.0 1 8
756.4026096753471 581.5961998958187 0 0 24.0 1 9
746.4101615137755 600.0 0 0 24.0 1 10
735.4682271781696 617.8556140060108 0 0 24.0 1 11
723.606797749979 635.1141009169893 0 0 24.0 1 12
710.8583845827884 651.728156419935 0 0 24.0 1 13
697.2579301909577 667.6522425435433 0 0 24.0 1 14
682.842712474619 682.842712474619 0 0 24.0 1 15
667.6522425435433 697.2579301909577 0 0 24.0 1 16
651.728156419935 710.8583845827884 0 0 24.0 1 17
635.1141009169893 723.606797749979 0 0 24.0 1 18
617.8556140060108 735.4682271781696 0 0 24.0 1 19
600.0 746.4101615137754 0 0 24.0 1 20
581.5961998958187 756.4026096753471 0 0 24.0 1 21
562.6946572303201 765.4181830570403 0 0 24.0 1 22
543.3471798181201 773.4321705988807 0 0 24.0 1 23
523.606797749979 780.4226065180615 0 0 24.0 1 24
503.5276180410083 786.3703305156273 0 0 24.0 1 25
483.1646763271038 791.2590402935223 0 0 24.0 1 26
462.57378601609236 795.0753362380551 0 0 24.0 1 27
441.8113853070614 797.8087581473094 0 0 24.0 1 28
420.9343824971776 799.4518139018296 0 0 24.0 1 29
400.0 800.0 0 0 24.0 1 30
379.0656175028225 799.4518139018296 0 0 24.0 1 31
358.1886146929386 797.8087581473094 0 0 24.0 1 32
337.4262139839077 795.0753362380551 0 0 24.0 1 33
316.83532367289627 791.2590402935223 0 0 24.0 1 34
296.47238195899166 786.3703305156273 0 0 24.0 1 35
276.3932022500211 780.4226065180615 0 0 24.0 1 36
256.65282018187986 773.4321705988807 0 0 24.0 1 37
237.3053427696799 765.4181830570403 0 0 24.0 1 38
218.4038001041813 756.4026096753471 0 0 24.0 1 39
200.00000000000009 746.4101615137755 0 0 24.0 1 40
182.14438599398918 735.4682271781696 0 0 24.0 1 41
164.8858990830108 723.606797749979 0 0 24.0 1 42
148.27184358006508 710.8583845827884 0 0 24.0 1 43
132.3477574564567 697.2579301909577 0 0 24.0 1 44
117.15728752538104 682.842712474619 0 0 24.0 1 45
102.74206980904233 667.6522425435434 0 0 24.0 1 46
89.14161541721165 651.728156419935 0 0 24.0 1 47
76.39320225002109 635.1141009169893 0 0 24.0 1 48
64.53177282183043 617.8556140060109 0 0 24.0 1 49
53.589838486224494 600.0 0 0 24.0 1 50
43.597390324652906 581.5961998958187 0 0 24.0 1 51
34.58181694295968 562.6946572303202 0 0 24.0 1 52
26.567829401119297 543.3471798181201 0 0 24.0 1 53
19.5773934819386 523.606797749979 0 0 24.0 1 54
13.629669484372698 503.5276180410084 0 0 24.0 1 55
8.740959706477724 483.16467632710373 0 0 24.0 1 56
4.924663761944942 462.5737860160924 0 0 24.0 1 57
2.1912418526906663 441.81138530706147 0 0 24.0 1 58
0.5481860981704472 420.9343824971775 0 0 24.0 1 59
0.0 400.00000000000006 0 0 24.0 1 60
0.5481860981704472 379.0656175028226 0 0 24.0 1 61
2.1912418526906663 358.1886146929386 0 0 24.0 1 62
4.924663761944885 337.4262139839077 0 0 24.0 1 63
8.740959706477781 316.8353236728962 0 0 24.0 1 64
13.629669484372698 296.47238195899166 0 0 24.0 1 65
19.577393481938543 276.3932022500211 0 0 24.0 1 66
26.567829401119297 256.65282018187986 0 0 24.0 1 67
34.58181694295968 237.30534276967992 0 0 24.0 1 68
43.59739032465285 218.40380010418136 0 0 24.0 1 69
53.58983848622455 199.99999999999994 0 0 24.0 1 70
64.53177282183037 182.14438599398918 0 0 24.0 1 71
76.39320225002103 164.8858990830108 0 0 24.0 1 72
89.14161541721171 148.27184358006497 0 0 24.0 1 73
102.74206980904228 132.3477574564567 0 0 24.0 1 74
117.15728752538092 117.15728752538104 0 0 24.0 1 75
132.34775745645675 102.74206980904228 0 0 24.0 1 76
148.27184358006485 89.14161541721177 0 0 24.0 1 77
164.8858990830107 76.39320225002109 0 0 24.0 1 78
182.1443859939892 64.53177282183032 0 0 24.0 1 79
199.99999999999983 53.58983848622461 0 0 24.0 1 80
218.40380010418124 43.597390324652906 0 0 24.0 1 81
237.30534276967995 34.58181694295962 0 0 24.0 1 82
256.65282018187975 26.567829401119354 0 0 24.0 1 83
276.393202250021 19.5773934819386 0 0 24.0 1 84
296.4723819589917 13.629669484372698 0 0 24.0 1 85
316.8353236728961 8.740959706477781 0 0 24.0 1 86
337.4262139839076 4.924663761944942 0 0 24.0 1 87
358.18861469293864 2.1912418526906663 0 0 24.0 1 88
379.0656175028223 0.5481860981704472 0 0 24.0 1 89
399.99999999999994 0.0 0 0 24.0 1 90
420.9343824971776 0.5481860981704472 0 0 24.0 1 91
441.8113853070612 2.1912418526906663 0 0 24.0 1 92
462.5737860160923 4.924663761944885 0 0 24.0 1 93
483.1646763271038 8.740959706477781 0 0 24.0 1 94
503.5276180410081 13.629669484372641 0 0 24.0 1 95
523.6067977499789 19.577393481938543 0 0 24.0 1 96
543.3471798181201 26.567829401119297 0 0 24.0 1 97
562.6946572303199 34.58181694295956 0 0 24.0 1 98
581.5961998958187 43.59739032465279 0 0 24.0 1 99
756.4026096753471 218.40380010418122 0 0 24.0 1 100
765.4181830570403 237.30534276967995 0 0 24.0 1 101
773.4321705988806 256.6528201818797 0 0 24.0 1 102
780.4226065180615 276.3932022500209 0 0 24.0 1 103
786.3703305156273 296.4723819589917 0 0 24.0 1 104
791.2590402935223 316.83532367289604 0 0 24.0 1 105
795.0753362380551 337.4262139839076 0 0 24.0 1 106
797.8087581473094 358.18861469293864 0 0 24.0 1 107
799.4518139018296 379.06561750282225 0 0 24.0 1 108
800.0 399.9999999999999 0 0 24.0 1 109
584.3626607559368 431.2955159566249 0 0 13.0 1 110
464.47520911522355 262.3520889749932 0 0 13.0 1 111
436.18331710613404 540.4128468595269 0 0 12.0 1 112
389.7339839377613 142.2043272003778 0 0 13.0 1 113
551.2736844586883 139.77457389737418 0 0 11.0 1 114
615.2410047863577 365.4267464857711 0 0 11.0 1 115
279.7106904435384 60.69117016141507 0 0 11.0 1 116
351.10276576128837 695.9882776121456 0 0 10.0 1 117
365.0072437030219 84.93729670629006 0 0 11.0 1 118
562.3948863379148 453.56212179605757 0 0 10.0 1 119
292.2315751023551 467.19350113724306 0 0 12.0 1 120
641.9905844472687 397.8652778004396 0 0 10.0 1 121
529.3054478179432 364.8417696036735 0 0 10.0 1 122
477.86053415296726 180.39413208792755 0 0 13.0 1 123
159.8151338914034 543.9139676765099 0 0 12.0 1 124
453.76496628307586 565.4851304515898 0 0 10.0 1 125
613.7678113213483 284.44774843006985 0 0 10.0 1 126
181.4486968815157 494.23018574327654 0 0 13.0 1 127
192.15079282895346 301.5179860158853 0 0 10.0 1 128
548.6073339427834 154.47024559451444 0 0 11.0 1 129
645.8486706046012 360.51036639888537 0 0 11.0 1 130
452.6036951551365 233.09328576709242 0 0 11.0 1 131
261.09717899995724 677.138965716173 0 0 10.0 1 132
279.69818164207067 326.4576822518098 0 0 13.0 1 133
243.99712326722292 503.11208683320285 0 0 11.0 1 134
172.23786780897433 240.59983958666243 0 0 11.0 1 135
352.6822704714428 516.7777053733387 0 0 11.0 1 136
529.5735088992689 280.8920414433565 0 0 11.0 1 137
278.1193478643871 597.4059437681594 0 0 10.0 1 138
367.702949576896 576.0622064327478 0 0 13.0 1 139
468.75858236949114 74.17603318580461 0 0 13.0 1 140
492.59886342769454 703.1739607748316 0 0 10.0 1 141
642.9300517819416 454.64421233052184 0 0 12.0 1 142
63.84383025548232 423.83337035954 0 0 10.0 1 143
298.44761650604045 543.7466987679918 0 0 10.0 1 144
564.9853597509922 624.9907355155667 0 0 10.0 1 145
681.9335437609027 217.21740536249314 0 0 11.0 1 146
365.5428559592232 261.21345445413965 0 0 12.0 1 147
540.438484168837 125.88135385501533 0 0 11.0 1 148
678.1497551175623 229.97437331966674 0 0 11.0 1 149
678.0816767725776 277.17255582178825 0 0 13.0 1 150
645.010630991553 513.4450999431931 0 0 13.0 1 151
75.34592338494542 283.2749789581246 0 0 11.0 1 152
266.0638515029525 460.5814173305382 0 0 13.0 1 153
395.9505920969669 704.9731173327165 0 0 12.0 1 154
145.74509311586567 244.57013695772562 0 0 10.0 1 155
531.3805567375023 463.6800542661824 0 0 10.0 1 156
288.8408893614847 674.3349269087958 0 0 11.0 1 157
290.43174209673884 533.8797851060586 0 0 13.0 1 158
253.96116857087242 536.6479407631701 0 0 12.0 1 159
585.2673261905925 265.4005280612565 0 0 11.0 1 160
438.46468457009416 179.32723765511258 0 0 10.0 1 161
316.8180845339609 230.28916080756443 0 0 13.0 1 162
473.4685060349756 151.63861286224713 0 0 12.0 1 163
317.92367977163093 92.77454913733106 0 0 13.0 1 164
641.0 400.0 0 0 13.0 1 165
167.79200600141627 602.3448727374966 0 0 13.0 1 166
280.0157829589675 668.4022869892326 0 0 11.0 1 167
273.115595571938 314.5052755257027 0 0 11.0 1 168
278.7116608444906 434.1341293267915 0 0 13.0 1 169
558.1927389098671 423.98035354607237 0 0 11.0 1 170
328.3601424475812 725.2025996357795 0 0 13.0 1 171
499.35729795104845 284.9690157224299 0 0 10.0 1 172
645.3608569711048 347.09395245905193 0 0 10.0 1 173
271.3418167721728 268.45885857073137 0 0 10.0 1 174
712.5412946688953 326.79522470022357 0 0 10.0 1 175
423.5926017244594 680.0078376472184 0 0 13.0 1 176
472.0555032802923 109.8121221570002 0 0 12.0 1 177
555.90127409392 322.72909515288165 0 0 10.0 1 178
634.2237940327525 523.9524679419603 0 0 11.0 1 179
181.2860897633713 467.8618115658868 0 0 10.0 1 180
40.7745601673638 444.7334704337711 0 0 11.0 1 181
334.1415776974097 87.87235269554594 0 0 12.0 1 182
727.5882881035209 551.6803002944174 0 0 11.0 1 183
225.44949657881696 330.17076718585855 0 0 12.0 1 184
593.8644596570275 674.4313598732637 0 0 10.0 1 185
101.20151850591759 231.5705861292912 0 0 10.0 1 186
633.7521147184044 134.15051464282664 0 0 10.0 1 187
532.6846869170445 429.84583484719263 0 0 13.0 1 188
295.2719458435399 307.09125621018455 0 0 10.0 1 189
183.12360773898834 625.6848033870419 0 0 10.0 1 190
230.1136501538119 497.7477781636932 0 0 11.0 1 191
576.8202883769177 304.4197425285763 0 0 10.0 1 192
124.67563959216903 330.34013662072823 0 0 13.0 1 193
276.80529096152856 591.8516709985252 0 0 11.0 1 194
506.9853733911914 290.6239062667378 0 0 10.0 1 195
255.61255922229415 643.3952894894733 0 0 12.0 1 196
471.75681470279926 227.3154333945615 0 0 13.0 1 197
577.9373895465578 395.27925838913546 0 0 12.0 1 198
256.06759463599485 544.5664645971938 0 0 10.0 1 199
532.7114981958296 494.63962302660724 0 0 10.0 1 200
485.94964219535757 109.44594477706903 0 0 12.0 1 201
477.59823430185327 87.48997770753869 0 0 13.0 1 202
314.56798303473164 258.83920346907183 0 0 10.0 1 203
312.25719920684514 528.9852740004561 0 0 13.0 1 204
601.6957421100806 430.5749507712423 0 0 11.0 1 205
235.76347543845375 641.4339744111102 0 0 12.0 1 206
418.9183308398619 71.54437627248103 0 0 11.0 1 207
230.78651988514036 226.99480312020106 0 0 10.0 1 208
744.3391150528628 442.89025349203916 0 0 12.0 1 209
380.16407200283476 136.74625176364293 0 0 13.0 1 210
543.6145501753115 336.5660896842788 0 0 10.0 1 211
168.59784109110882 507.13561897102323 0 0 10.0 1 212
414.0229848977991 273.7765636081948 0 0 13.0 1 213
328.1431669768146 288.08219289193494 0 0 11.0 1 214
110.03053359448609 271.9113254323337 0 0 12.0 1 215
440.25962842065945 142.12374611176307 0 0 12.0 1 216
670.4791633009265 331.57469605452445 0 0 13.0 1 217
687.2264234496079 332.72458344724595 0 0 11.0 1 218
539.2045040790962 81.05469741020971 0 0 10.0 1 219
469.69899745699 508.54975704021865 0 0 10.0 1 220
49.66717538971125 365.78140855358504 0 0 11.0 1 221
276.448150675434 704.9195640303844 0 0 13.0 1 222
403.0334726642146 628.9799075106711 0 0 11.0 1 223
575.4810796196855 329.80462482820093 0 0 12.0 1 224
60.00000015447597 399.9897509198578 0 0 13.0 1 225
494.3515233032976 708.9122691806645 0 0 11.0 1 226
55.26503725765855 471.1463664781025 0 0 11.0 1 227
676.0398482280698 627.9605277021094 0 0 13.0 1 228
206.03029468953767 403.42832638066994 0 0 10.0 1 229
724.0263837252497 485.0405941297284 0 0 13.0 1 230
172.61161562028138 252.57027894898079 0 0 13.0 1 231
180.9305459231677 348.68163788195625 0 0 11.0 1 232
263.2050222739839 86.54963061285326 0 0 11.0 1 233
227.38992387126635 523.0843678898046 0 0 12.0 1 234
268.75612673351685 478.6387037660929 0 0 10.0 1 235
106.32496482324166 209.59261118872058 0 0 10.0 1 236
455.8674514674675 233.10234313648928 0 0 12.0 1 237
589.0526944472249 306.297925731368 0 0 11.0 1 238
230.78423677681243 552.8071512619554 0 0 12.0 1 239
403.9918923358498 528.9382208485094 0 0 11.0 1 240
254.96701303811784 540.6038146456722 0 0 10.0 1 241
407.82906016255816 652.8788362377743 0 0 12.0 1 242
497.2375436809248 483.23977474080675 0 0 13.0 1 243
390.08203600141735 268.37312588182147 0 0 11.0 1 244
205.51989430814174 566.4736870802219 0 0 10.0 1 245
576.0446756013381 481.51240514436836 0 0 11.0 1 246
202.8517824766429 86.89845045518689 0 0 11.0 1 247
742.8452007600378 296.940947433962 0 0 12.0 1 248
147.3528216276093 636.4009375202844 0 0 12.0 1 249
536.6162846826917 241.8323966183411 0 0 12.0 1 250
249.435790555337 345.8666569081158 0 0 11.0 1 251
161.13636409989087 276.28596100449994 0 0 11.0 1 252
99.59374900085936 208.97098555287133 0 0 10.0 1 253
156.48317512486187 612.1993308253617 0 0 11.0 1 254
322.65214519517934 88.45817398446741 0 0 11.0 1 255
689.897994205066 392.3089041171308 0 0 12.0 1 256
262.8937263548579 319.48373004700596 0 0 13.0 1 257
480.8437228570195 126.70658172100553 0 0 13.0 1 258
706.4538107352294 307.88017647728446 0 0 10.0 1 259
369.29949286638254 608.7545900375335 0 0 13.0 1 260
576.6911484990029 237.58005651366796 0 0 11.0 1 261
584.368239342881 178.74821509961524 0 0 10.0 1 262
475.45414133321816 144.92614293960517 0 0 12.0 1 263
426.27929453288334 163.4552924311052 0 0 10.0 1 264
316.9921593172386 189.79605525779183 0 0 10.0 1 265
319.3696887894612 663.9597562396428 0 0 12.0 1 266
474.06101655118493 573.8849212191934 0 0 13.0 1 267
313.015412656144 264.52054929023706 0 0 13.0 1 268
128.88964362241785 291.5418298844186 0 0 12.0 1 269
598.4561557892564 368.12282588825684 0 0 11.0 1 270
290.0040383782034 147.9565743232007 0 0 10.0 1 271
682.6009905005176 415.0226551623345 0 0 11.0 1 272
324.30005576635597 245.55415692540254 0 0 12.0 1 273
293.08014537713973 466.66441845112297 0 0 13.0 1 274
543.0180716965914 651.1311035459141 0 0 11.0 1 275
394.96197080446007 172.0556685025379 0 0 11.0 1 276
354.13310522220536 200.1970271406286 0 0 11.0 1 277
256.3850222393213 472.77182258814037 0 0 10.0 1 278
598.8973247460938 579.6214191260244 0 0 12.0 1 279
477.6973584037506 109.20089323197857 0 0 12.0 1 280
268.81756183196893 514.3117138192351 0 0 11.0 1 281
316.0887791166028 630.1823342697213 0 0 11.0 1 282
156.8305540287865 333.8742066508607 0 0 11.0 1 283
155.16512825530955 376.0858707505168 0 0 10.0 1 284
605.2819918881753 355.7359761609598 0 0 13.0 1 285
320.2384214825139 284.9430984582024 0 0 12.0 1 286
84.45869510878248 314.1939110112359 0 0 11.0 1 287
283.33877931868165 469.90107001430476 0 0 13.0 1 288
320.2650764169832 688.1724170721592 0 0 13.0 1 289
159.50014846968645 237.95117583303127 0 0 12.0 1 290
309.96336167694466 500.59027666471206 0 0 10.0 1 291
365.7838150084594 262.18398973767717 0 0 10.0 1 292
675.7236966807957 300.8766269304935 0 0 13.0 1 293
446.9040962911817 156.4758620770673 0 0 12.0 1 294
460.33731679539335 531.8499457790269 0 0 12.0 1 295
227.4689403418789 579.5383899149311 0 0 10.0 1 296
192.78806427614688 216.173414073008 0 0 11.0 1 297
239.43667082657043 481.359801651337 0 0 12.0 1 298
484.71027848084697 282.3175088651784 0 0 11.0 1 299
214.02156831883875 269.842315058174 0 0 11.0 1 300
203.39477741451321 284.54270723721606 0 0 12.0 1 301
127.03760106655079 625.4052545272548 0 0 12.0 1 302
69.26166296241456 474.3851625904826 0 0 10.0 1 303
667.6353002918731 633.2302425451701 0 0 12.0 1 304
250.02302341866826 119.58797013051907 0 0 12.0 1 305
151.91613271226782 430.893280686306 0 0 13.0 1 306
556.0771811741192 256.5290499204067 0 0 12.0 1 307
264.30378384822575 474.91019237787975 0 0 13.0 1 308
368.7023668452745 706.4057084306887 0 0 11.0 1 309
549.3778932768862 472.4033493711389 0 0 12.0 1 310
316.6828884279249 296.331012741098 0 0 13.0 1 311
500.58378017185896 116.30314917796647 0 0 13.0 1 312
705.26088078984 220.7465630471454 0 0 10.0 1 313
125.82521031268271 368.3111265597002 0 0 10.0 1 314
632.8260955176746 263.2812769003651 0 0 10.0 1 315
456.1761225336421 522.7568460701285 0 0 12.0 1 316
326.89801455941375 263.3211804095297 0 0 10.0 1 317
413.00297007316755 527.337829293876 0 0 13.0 1 318
445.10019989813713 645.8982959866702 0 0 11.0 1 319
326.94838486277274 563.4149978607913 0 0 10.0 1 320
637.8687260558944 376.77352449152306 0 0 11.0 1 321
394.47584518032903 150.06104002471264 0 0 11.0 1 322
675.6036296477 284.0532910125803 0 0 13.0 1 323
201.89115581165123 670.1441945597878 0 0 10.0 1 324
631.7252086746033 269.38825602300716 0 0 13.0 1 325
229.56375806478175 342.10796743074445 0 0 12.0 1 326
125.30721706693265 373.16951352497006 0 0 10.0 1 327
543.7244077202037 380.8089962358229 0 0 11.0 1 328
682.0 400.0 0 0 11.0 1 329
325.877915351604 687.602010715113 0 0 13.0 1 330
348.63848806555944 749.2434610580538 0 0 12.0 1 331
53.21710044589503 412.27275750789306 0 0 10.0 1 332
117.06749928938115 463.6333249299114 0 0 13.0 1 333
93.58910389072042 380.9904564623904 0 0 11.0 1 334
672.7030583234939 373.37215778526075 0 0 13.0 1 335
187.10010158508277 358.0162739276523 0 0 12.0 1 336
655.0827300693882 234.62527151844617 0 0 12.0 1 337
592.0 400.0 0 0 12.0 1 338
542.4936057882462 528.6840017619279 0 0 11.0 1 339
325.1717061064286 549.2974428212932 0 0 11.0 1 340
244.0042218987473 369.23773066588353 0 0 13.0 1 341
326.0205692128362 524.7078338373626 0 0 11.0 1 342
233.42746051902645 561.4855692960194 0 0 12.0 1 343
306.13479619238956 609.9745782568826 0 0 12.0 1 344
537.189069105185 542.7696022199851 0 0 13.0 1 345
205.01229969068226 656.2494814201264 0 0 13.0 1 346
242.66640939511547 330.500782253506 0 0 11.0 1 347
211.308454438184 137.84641785111324 0 0 11.0 1 348
190.4400397665243 494.787251605604 0 0 10.0 1 349
680.8924348316639 600.3108585532484 0 0 13.0 1 350
199.8732537503027 469.95202238326823 0 0 11.0 1 351
254.76173490056667 103.67948712431883 0 0 13.0 1 352
235.6449912607427 543.2181242103061 0 0 11.0 1 353
531.055522307791 443.2255719757658 0 0 12.0 1 354
617.4536746313192 415.42398746551527 0 0 13.0 1 355
534.1727794384663 314.68490603793083 0 0 13.0 1 356
450.5497381591032 629.4988539667379 0 0 13.0 1 357
624.3774283116782 230.8380371825931 0 0 13.0 1 358
493.54003360134516 232.32691893491304 0 0 13.0 1 359
334.18381674797155 510.9469694139295 0 0 10.0 1 360
262.3574145372239 277.891365304814 0 0 12.0 1 361
323.39782454198127 285.2127763420558 0 0 11.0 1 362
629.1604696871071 647.0920458711378 0 0 13.0 1 363
582.3381179934483 460.13992622715233 0 0 10.0 1 364
359.8194014569949 88.58144001886166 0 0 12.0 1 365
376.13541732334755 263.0639503502849 0 0 12.0 1 366
131.85179316806477 567.1901288139276 0 0 12.0 1 367
498.2041845773299 614.5971531300024 0 0 11.0 1 368
461.95138211594735 168.13360257699287 0 0 13.0 1 369
71.49005804294967 514.8269046668743 0 0 10.0 1 370
566.1963664122947 333.51866584258187 0 0 13.0 1 371
326.8065520782752 144.26826716003788 0 0 13.0 1 372
380.67748286626187 250.2413931300895 0 0 12.0 1 373
197.96146762531643 380.2659827738005 0 0 10.0 1 374
438.39658225983095 538.7865356249087 0 0 10.0 1 375
609.8511411597865 324.55797885836193 0 0 12.0 1 376
238.77164779092502 500.52571036280455 0 0 10.0 1 377
185.86294371695982 293.85707217890547 0 0 12.0 1 378
733.9261317545212 523.4072061569428 0 0 11.0 1 379
665.6893029193604 274.1223041431712 0 0 12.0 1 380
235.8490897870337 460.6587065164983 0 0 12.0 1 381
625.7971453238763 210.15625065968516 0 0 13.0 1 382
495.48922548759276 492.57865745289064 0 0 11.0 1 383
182.0340424861815 403.85244923188685 0 0 10.0 1 384
538.1941220134722 141.63710668726912 0 0 12.0 1 385
763.4867863681568 419.3224257211652 0 0 12.0 1 386
349.39618063536483 766.5231963542162 0 0 13.0 1 387
546.0050652910766 462.95650013579575 0 0 11.0 1 388
500.86182185300413 563.3734767105507 0 0 13.0 1 389
197.54308927425694 295.1420041227732 0 0 12.0 1 390
439.2940309331538 95.52507634778141 0 0 12.0 1 391
243.58113957305085 330.90484747296233 0 0 12.0 1 392
385.1230540021261 202.5596888227322 0 0 13.0 1 393
679.4162799773233 218.84939281461374 0 0 12.0 1 394
488.2630149417795 267.74781592205284 0 0 12.0 1 395
554.3681607115525 200.81548514371826 0 0 10.0 1 396
282.80430270841305 131.4591864607193 0 0 12.0 1 397
560.746788042439 567.2855945203866 0 0 10.0 1 398
437.48310232268295 159.90831534543457 0 0 13.0 1 399
391.8684441054443 32.089850916376975 0 0 11.0 1 400
384.8603217578758 526.0943699882154 0 0 11.0 1 401
477.53595071736527 625.0159468712258 0 0 13.0 1 402
549.7332466091523 162.21657993063772 0 0 13.0 1 403
636.7724719722823 679.0963928755345 0 0 12.0 1 404
650.4630237244431 651.581544924919 0 0 11.0 1 405
56.056364517404006 483.77813325095724 0 0 12.0 1 406
567.9805474619118 594.5033050474885 0 0 10.0 1 407
238.20598077782944 546.1050832241503 0 0 11.0 1 408
543.0180716965914 651.1311035459141 0 0 10.0 1 409
546.1269206806465 376.5282499077712 0 0 13.0 1 410
318.53108414701876 294.8723835058558 0 0 13.0 1 411
220.64084957113485 294.6705399357059 0 0 12.0 1 412
635.2097982787327 267.4241696474133 0 0 12.0 1 413
688.7843185841555 464.95858172624287 0 0 13.0 1 414
273.384842580028 261.0302122347605 0 0 12.0 1 415
473.89019444543123 709.2963613830857 0 0 13.0 1 416
311.427909779437 281.4294099113931 0 0 10.0 1 417
641.3422321974928 246.54014545187562 0 0 13.0 1 418
81.44925658201294 416.92406180110936 0 0 10.0 1 419
71.53695971104258 440.90270362866914 0 0 13.0 1 420
379.24719815825904 213.14893306240546 0 0 13.0 1 421
292.3138822447969 112.50617390487753 0 0 12.0 1 422
317.1790824788074 119.99161508814097 0 0 13.0 1 423
390.410426856591 159.19086378019787 0 0 12.0 1 424
311.60324538757436 197.44873791064492 0 0 12.0 1 425
200.32888281044893 693.5241812189868 0 0 11.0 1 426
496.6575612683062 497.0892159287715 0 0 11.0 1 427
236.0064244712795 398.5483852763738 0 0 11.0 1 428
242.81991021529873 346.61068107501984 0 0 11.0 1 429
275.317073241985 201.98442542301007 0 0 13.0 1 430
214.71397997420976 457.48991896848054 0 0 12.0 1 431
158.41924371089482 606.7915331699631 0 0 11.0 1 432
639.5838062665374 146.22726747178245 0 0 12.0 1 433
37.15439143112724 371.0333926342008 0 0 10.0 1 434
270.55245724394945 309.4056642255132 0 0 10.0 1 435
694.0 400.0 0 0 10.0 1 436
406.12911148456175 123.06781697966233 0 0 11.0 1 437
527.8116625466172 310.55628072877533 0 0 13.0 1 438
565.5167849132722 76.93159561483952 0 0 10.0 1 439
224.38211144575953 365.36826282511413 0 0 10.0 1 440
273.0595206325506 579.6833734599898 0 0 13.0 1 441
370.63699313881335 135.62561805638217 0 0 10.0 1 442
255.54222585872807 161.30992586588508 0 0 12.0 1 443
510.81160112261915 545.6358096645243 0 0 10.0 1 444
257.81345613290796 696.6883663764582 0 0 10.0 1 445
523.7395573957682 240.33622221837734 0 0 12.0 1 446
546.7927406486788 407.8032873104706 0 0 12.0 1 447
432.29243290822467 269.9492453813981 0 0 11.0 1 448
401.84127816736174 538.9878041221978 0 0 10.0 1 449
335.51277487460857 719.5581289775416 0 0 11.0 1 450
616.8251586259626 610.2161996298719 0 0 10.0 1 451
79.95543397833416 505.5484521914158 0 0 12.0 1 452
695.4617815708636 269.49584056065 0 0 10.0 1 453
97.09102717087808 567.2188810499767 0 0 10.0 1 454
212.18408709684618 391.68237652000664 0 0 12.0 1 455
264.90948381869117 312.4126011468115 0 0 11.0 1 456
438.0150135263206 202.6276140221392 0 0 13.0 1 457
624.2663172199856 211.44332692639915 0 0 10.0 1 458
326.3985320772153 666.0053080666084 0 0 13.0 1 459
356.32765440498196 598.2466298079978 0 0 13.0 1 460
552.0149916295813 196.51181282477765 0 0 10.0 1 461
188.40531239172714 270.64897303864416 0 0 12.0 1 462
459.35916718418423 222.67123958251986 0 0 13.0 1 463
328.40262861708516 235.94264292310154 0 0 11.0 1 464
468.12445220672134 664.3634978803507 0 0 10.0 1 465
256.9623146748005 108.16919186485944 0 0 13.0 1 466
265.9534569018091 656.0322719569251 0 0 11.0 1 467
522.9526678309422 607.2767268008013 0 0 11.0 1 468
717.3741824379208 448.1105843018077 0 0 10.0 1 469
345.79282240383543 210.6046940997273 0 0 10.0 1 470
536.758173419913 721.08908733068 0 0 12.0 1 471
449.70311703861944 700.9229139773927 0 0 13.0 1 472
285.040666660649 639.8757004745833 0 0 12.0 1 473
386.26825417852586 606.5440368461274 0 0 10.0 1 474
540.2055467162431 598.4726799083425 0 0 10.0 1 475
743.1379085925404 424.33876921163875 0 0 13.0 1 476
531.8337626318261 605.3189202931268 0 0 13.0 1 477
546.4646766877363 542.0003467698473 0 0 12.0 1 478
281.64822128605635 664.7505551934607 0 0 12.0 1 479
508.7471760480306 109.70006596353034 0 0 13.0 1 480
553.2269053676147 353.9400882386422 0 0 12.0 1 481
662.9616946233109 580.5883361705196 0 0 10.0 1 482
686.0904950948129 377.16956819495476 0 0 11.0 1 483
532.0378751059574 181.8463854585407 0 0 13.0 1 484
457.6691407336485 253.97510415328952 0 0 13.0 1 485
351.7551823644235 255.8596601526486 0 0 13.0 1 486
408.20039898449767 664.8730893399611 0 0 13.0 1 487
379.3481710160543 549.5810882418558 0 0 13.0 1 488
377.7597170940874 104.83670652287236 0 0 12.0 1 489
263.83742685221574 612.046583735212 0 0 10.0 1 490
579.6360009739864 234.87305745556245 0 0 10.0 1 491
201.89115581165123 670.1441945597878 0 0 13.0 1 492
465.04895122174474 156.54028270584251 0 0 12.0 1 493
69.0516883620462 405.84936098969973 0 0 12.0 1 494
233.6492346663134 217.41735330843534 0 0 12.0 1 495
335.1171477266 721.5186082964221 0 0 13.0 1 496
540.2122341202443 614.1880701696755 0 0 10.0 1 497
352.6735129851185 554.9329004015294 0 0 12.0 1 498
694.1306849630487 194.16477424122021 0 0 13.0 1 499
447.35764118220686 273.5790609841181 0 0 12.0 1 500
255.03691808054108 519.7067453421579 0 0 11.0 1 501
737.3927928471853 442.0250322400384 0 0 10.0 1 502
703.7874251436972 206.83374951984342 0 0 10.0 1 503
325.09357261844696 176.2031565527965 0 0 12.0 1 504
49.66717538971125 365.78140855358504 0 0 12.0 1 505
576.7020017607464 565.3493349661412 0 0 12.0 1 506
257.5056906517326 235.01705602287166 0 0 13.0 1 507
326.3256267977964 572.9626743932413 0 0 13.0 1 508
625.3851602956676 519.275016321509 0 0 13.0 1 509
323.01480513210936 589.9954730280512 0 0 13.0 1 510
456.12757473446743 250.16777598117696 0 0 12.0 1 511
640.5869653682638 258.7239861303773 0 0 12.0 1 512
170.09440103305204 250.93821561631268 0 0 11.0 1 513
483.0098425200887 496.1164192258018 0 0 13.0 1 514
200.38774131242187 461.9350157959404 0 0 11.0 1 515
56.00000015629331 399.98963034244434 0 0 13.0 1 516
196.9373562468994 275.86474025482784 0 0 10.0 1 517
562.8129605127286 685.8897337944836 0 0 10.0 1 518
492.7320422463421 486.7742377714874 0 0 13.0 1 519
635.0887859557645 296.16232515197225 0 0 12.0 1 520
345.25130848370156 49.24712292376961 0 0 13.0 1 521
629.405548160595 239.45999105164807 0 0 11.0 1 522
702.9882111054646 397.3271866674926 0 0 10.0 1 523
338.9855499499331 206.38637216071825 0 0 11.0 1 524
518.4024414398809 252.68448194071482 0 0 11.0 1 525
376.8654946244304 557.3079612131177 0 0 10.0 1 526
293.46640984393156 632.7801412673746 0 0 12.0 1 527
732.7315701536893 487.3252668078405 0 0 11.0 1 528
480.5588017232947 144.39428906046155 0 0 11.0 1 529
387.3560652135136 180.3636393647102 0 0 12.0 1 530
210.13649866627347 279.26537008257316 0 0 12.0 1 531
128.00000012358078 399.9918007358862 0 0 10.0 1 532
435.99669259071743 578.4047031962145 0 0 11.0 1 533
385.0479179112277 201.5625155339581 0 0 12.0 1 534
572.7311405022641 592.9895155203699 0 0 11.0 1 535
232.42066315406834 411.88132409615054 0 0 11.0 1 536
273.04477309227354 396.6280034389562 0 0 12.0 1 537
423.30342864433635 541.0884481926792 0 0 10.0 1 538
375.60612320324765 273.3274347981187 0 0 10.0 1 539
498.0072930646296 485.4082578334426 0 0 13.0 1 540
258.79924961164966 175.75159289357978 0 0 12.0 1 541
672.2467665992971 438.8162089368326 0 0 11.0 1 542
189.63716138259554 511.3170073655766 0 0 11.0 1 543
685.4397220540343 338.45192875714406 0 0 12.0 1 544
200.92275878921393 552.8700494927064 0 0 11.0 1 545
505.74179589678135 253.0997869282572 0 0 13.0 1 546
398.9055070719535 151.00240546296345 0 0 10.0 1 547
641.2892648961539 285.68250070145143 0 0 13.0 1 548
437.38353896035665 766.0962592198935 0 0 13.0 1 549
413.9209328343816 250.6473715362845 0 0 13.0 1 550
350.3382570281935 536.2303610984065 0 0 13.0 1 551
567.9040889576277 354.3467754555164 0 0 10.0 1 552
413.4594575728809 62.26809004501246 0 0 13.0 1 553
146.64488969100927 303.81170507634965 0 0 12.0 1 554
150.12687418691831 135.31259758651174 0 0 12.0 1 555
276.43964323242136 158.8074664599489 0 0 11.0 1 556
437.0557861343229 668.4545933933099 0 0 11.0 1 557
285.31481086527464 463.3111948484016 0 0 13.0 1 558
98.5795093648129 381.3000581486707 0 0 10.0 1 559
510.3174635539148 49.97277643727381 0 0 13.0 1 560
206.27958222100057 565.8233992400648 0 0 11.0 1 561
659.0937181344607 144.33137614626887 0 0 13.0 1 562
350.5012662783247 607.168712309438 0 0 12.0 1 563
85.25201776712208 274.0845216808832 0 0 13.0 1 564
279.78370132308055 332.2353961686361 0 0 12.0 1 565
558.8122401626097 126.80652940721006 0 0 10.0 1 566
687.7762056637757 435.84488044003274 0 0 13.0 1 567
303.1986332335416 304.4725411614775 0 0 13.0 1 568
689.4278495285084 342.9340739380927 0 0 12.0 1 569
345.5989150135939 596.6126190057541 0 0 11.0 1 570
706.9880554764939 397.291902003037 0 0 13.0 1 571
213.28162027154337 202.21161138332747 0 0 12.0 1 572
137.36775217866216 357.8063700979474 0 0 12.0 1 573
205.61785155499692 655.4536755772067 0 0 12.0 1 574
267.24352173409875 441.1912306011278 0 0 13.0 1 575
311.71866662172835 524.9616188153565 0 0 10.0 1 576
86.87756860448064 595.2315111782888 0 0 13.0 1 577
237.97450401123587 515.5367415569393 0 0 10.0 1 578
224.06228150096953 304.8899626256202 0 0 12.0 1 579
391.698691496034 667.8714024996359 0 0 12.0 1 580
265.7665033339848 499.34972759305833 0 0 13.0 1 581
403.65606312368226 675.9757837246516 0 0 13.0 1 582
566.9826548199474 573.7751218940223 0 0 10.0 1 583
533.9907876117439 276.8315428561982 0 0 11.0 1 584
234.11940493504062 658.3265920901194 0 0 13.0 1 585
232.1200023602162 477.7258412142718 0 0 13.0 1 586
250.337771087439 282.9478012298607 0 0 11.0 1 587
555.080245904662 550.3533083445442 0 0 10.0 1 588
343.34776695223604 619.8170250246824 0 0 10.0 1 589
664.9744601834573 522.6887747533791 0 0 10.0 1 590
672.4558087610874 429.04879123718916 0 0 12.0 1 591
211.42423362982893 193.02372034964327 0 0 12.0 1 592
166.6020253394292 152.76451422915935 0 0 10.0 1 593
560.480328920348 573.0377531916573 0 0 10.0 1 594
398.8132004394676 130.00260833333385 0 0 11.0 1 595
212.30970158676539 263.63155833716166 0 0 13.0 1 596
567.8357206166492 392.572289377602 0 0 13.0 1 597
158.0704050668163 559.9064448215445 0 0 12.0 1 598
460.6607283218651 172.96415252330553 0 0 12.0 1 599
64.3290067262783 385.1344601634162 0 0 10.0 1 600
664.9584767916382 404.6910101529346 0 0 11.0 1 601
308.86724115280714 273.38712441106395 0 0 12.0 1 602
115.86058462406578 246.3972896403767 0 0 10.0 1 603
188.14246230980916 545.4832764404533 0 0 10.0 1 604
349.87361318404334 627.5441613067167 0 0 13.0 1 605
97.26311129434526 256.5588057187894 0 0 13.0 1 606
299.7283662278843 487.3761950457372 0 0 10.0 1 607
122.69135525719162 491.4544452222356 0 0 11.0 1 608
221.7002775097279 415.81799481261623 0 0 12.0 1 609
140.4946373565145 204.34222029453295 0 0 13.0 1 610
206.82929667108317 110.53656642779282 0 0 11.0 1 611
418.40080811171975 80.52948452034627 0 0 13.0 1 612
322.8028342072482 223.11134125228267 0 0 12.0 1 613
599.6714663241767 376.92825242957935 0 0 13.0 1 614
428.9607729140631 641.2680534845425 0 0 10.0 1 615
326.62175433086645 243.33273136190735 0 0 12.0 1 616
578.0424531308973 242.0605024601755 0 0 13.0 1 617
199.45660258460637 110.71407612348042 0 0 12.0 1 618
208.56499093655358 338.73306515845445 0 0 13.0 1 619
565.0209009108096 483.62477062799485 0 0 12.0 1 620
174.73984850273916 428.05109886316586 0 0 10.0 1 621
524.519535352163 495.62366503999647 0 0 12.0 1 622
277.19723199349465 719.1919174571004 0 0 13.0 1 623
50.12339041177751 390.7070960916116 0 0 11.0 1 624
217.25897110728025 604.1610059713416 0 0 13.0 1 625
219.25978529223704 601.9256664899035 0 0 13.0 1 626
534.4714980676824 411.93382618581677 0 0 10.0 1 627
578.341474103265 250.0556149278191 0 0 13.0 1 628
176.2318355136524 284.104320346223 0 0 12.0 1 629
105.01155621358203 397.38886375933083 0 0 13.0 1 630
524.4847175549328 233.36400420296752 0 0 13.0 1 631
309.1567716767133 752.4819255902396 0 0 12.0 1 632
89.22059543595032 427.57103006444845 0 0 13.0 1 633
483.36313070427667 605.7537082027483 0 0 10.0 1 634
297.5940610443438 680.9163997822313 0 0 11.0 1 635
521.3452880181691 469.8234994524594 0 0 12.0 1 636
618.7141897312039 619.6909265541547 0 0 12.0 1 637
440.019067159603 531.0247085998484 0 0 13.0 1 638
115.43980941574279 232.890760474918 0 0 11.0 1 639
715.1743025356072 497.8016309740972 0 0 12.0 1 640
258.16496363328764 210.1268253310822 0 0 11.0 1 641
522.199719991066 161.48117802968866 0 0 12.0 1 642
33.25643595057346 351.0187971939828 0 0 11.0 1 643
623.3405879225102 268.8512989525725 0 0 12.0 1 644
497.25007944124644 313.7305265538774 0 0 10.0 1 645
483.8574473119237 596.8855721741132 0 0 12.0 1 646
687.898697693307 392.3619461577023 0 0 10.0 1 647
560.7446095659737 510.39098919514515 0 0 10.0 1 648
248.2363005860435 297.7416040601542 0 0 13.0 1 649
613.9247267582211 394.32450165884825 0 0 11.0 1 650
273.68577312932376 328.79806119168285 0 0 10.0 1 651
232.18569418470952 291.19577782212605 0 0 11.0 1 652
486.4483689389024 534.6353575692634 0 0 10.0 1 653
194.4639206671886 344.1079603834656 0 0 11.0 1 654
285.7152432429637 455.3894789015482 0 0 12.0 1 655
560.939350564615 707.4207628639288 0 0 11.0 1 656
344.0449071448014 538.0942706399005 0 0 13.0 1 657
285.67218938317274 518.9712222327857 0 0 12.0 1 658
367.3813628484842 719.3384169034126 0 0 12.0 1 659
554.1175573021653 99.18148572401032 0 0 12.0 1 660
324.53182818062294 672.7518195030805 0 0 12.0 1 661
255.20075082290435 241.0717852684761 0 0 11.0 1 662
392.2661832524606 50.08545603459771 0 0 13.0 1 663
566.212383956911 125.38309698898655 0 0 12.0 1 664
524.298979686792 637.431597831507 0 0 12.0 1 665
252.28399796686196 390.83579008610354 0 0 10.0 1 666
533.4636698444009 361.1612457503493 0 0 13.0 1 667
549.549497632219 319.1609762679501 0 0 12.0 1 668
548.751493435455 696.8113764678196 0 0 10.0 1 669
459.9919254618399 190.41715509283435 0 0 11.0 1 670
588.9953898575468 87.74090467595045 0 0 10.0 1 671
711.5519291669652 268.9298072316125 0 0 13.0 1 672
262.26480891504696 391.4549934586641 0 0 13.0 1 673
197.28991453925414 235.5931228552251 0 0 13.0 1 674
166.9598511015834 472.30690839334665 0 0 12.0 1 675
201.97189401943686 500.3437553699823 0 0 13.0 1 676
123.3548109421892 552.7201341381291 0 0 12.0 1 677
471.3180159381781 567.4447389518159 0 0 10.0 1 678
643.1739219851269 257.20488920704804 0 0 10.0 1 679
340.16607591810856 514.2843013233334 0 0 10.0 1 680
220.72462327237034 78.6211903389297 0 0 11.0 1 681
245.86267605156547 707.5348522785919 0 0 11.0 1 682
529.4442192313655 54.44943335658934 0 0 12.0 1 683
272.4963649484001 501.5471469251029 0 0 12.0 1 684
334.66494666209866 542.7596960116321 0 0 12.0 1 685
310.38527677416596 578.7993327201116 0 0 10.0 1 686
271.4617318599852 701.7646659626764 0 0 12.0 1 687
473.9457657609347 165.3768474211699 0 0 13.0 1 688
394.08376893933763 590.9083502889197 0 0 12.0 1 689
366.6203668811495 581.9637329053538 0 0 10.0 1 690
647.1761545466672 437.46930241573807 0 0 13.0 1 691
601.0686216394429 470.28804586851555 0 0 10.0 1 692
183.9186568573649 371.14080483321146 0 0 12.0 1 693
284.25375137780725 485.6668309784455 0 0 10.0 1 694
590.6634061739262 680.3006698995856 0 0 11.0 1 695
330.08733146008007 552.7619677067146 0 0 13.0 1 696
476.04991356714015 158.70057885185363 0 0 12.0 1 697
551.5948203974058 372.88892424343345 0 0 13.0 1 698
647.9127674581255 393.4227869691325 0 0 11.0 1 699
119.72154546823003 592.468147820055 0 0 11.0 1 700
286.43607623691446 522.4427834522398 0 0 13.0 1 701
115.06866357118429 480.18811333912925 0 0 10.0 1 702
195.30883832506785 167.18778311229715 0 0 11.0 1 703
412.92975325824466 553.4562526607532 0 0 13.0 1 704
171.41028476867643 606.4236955643959 0 0 12.0 1 705
313.580514171658 296.285620721305 0 0 10.0 1 706
303.9706373743873 521.6690655578425 0 0 11.0 1 707
252.00000006724247 399.9955386357028 0 0 12.0 1 708
178.42084203101373 468.7508309313788 0 0 10.0 1 709
146.22023771430307 323.7056210837577 0 0 13.0 1 710
495.1915268524976 744.0749529034193 0 0 11.0 1 711
678.996419130382 276.76851817646514 0 0 12.0 1 712
157.23794236454054 389.2490292253278 0 0 13.0 1 713
308.44926145241686 155.58342472043336 0 0 12.0 1 714
567.6456822702861 475.83485488962367 0 0 12.0 1 715
205.19094140364365 391.37267777341117 0 0 10.0 1 716
583.6767884439862 308.96243969161344 0 0 11.0 1 717
382.71454058970073 543.9660129786711 0 0 10.0 1 718
156.12719845161487 360.8202008052369 0 0 12.0 1 719
265.6664335815923 521.3074314842715 0 0 13.0 1 720
237.98314552855337 296.97311580379574 0 0 10.0 1 721
542.9845833938177 342.80376837853413 0 0 10.0 1 722
275.86471485520246 258.810655564877 0 0 12.0 1 723
547.2735196065296 334.94993910298655 0 0 12.0 1 724
678.996419130382 276.76851817646514 0 0 12.0 1 725
408.2932336899825 667.8716526155079 0 0 13.0 1 726
88.6174771520694 586.5741795234753 0 0 10.0 1 727
219.9267233538893 601.1805533294241 0 0 11.0 1 728
282.826395811389 675.0842534232934 0 0 11.0 1 729
430.20668326385555 526.4419087415131 0 0 10.0 1 730
752.0049500052005 437.5301901385583 0 0 10.0 1 731
570.0362894092917 418.1289901516765 0 0 11.0 1 732
483.4423461133025 237.1308044008695 0 0 10.0 1 733
466.2717839534461 133.10479462600352 0 0 11.0 1 734
585.9461176581144 419.8252699319503 0 0 13.0 1 735
79.81367758111912 434.1279787838725 0 0 13.0 1 736
293.39165305673686 499.7529967571142 0 0 10.0 1 737
542.1527383852297 366.70437011287424 0 0 11.0 1 738
416.612313182362 221.77253003329952 0 0 12.0 1 739
166.02804860564828 306.39911346189547 0 0 11.0 1 740
458.1428474877878 625.6289194363432 0 0 13.0 1 741
210.0880482743386 272.03730781297986 0 0 13.0 1 742
571.0867740966544 335.0514378203768 0 0 11.0 1 743
472.5138880308751 195.47436336085957 0 0 10.0 1 744
601.5205388939792 462.5337701076803 0 0 13.0 1 745
279.6076733771953 669.3152199381757 0 0 10.0 1 746
578.4165061354253 376.17668498240084 0 0 12.0 1 747
207.37034870002944 388.04937490958093 0 0 13.0 1 748
215.60605988170013 441.4713738336319 0 0 13.0 1 749
639.6830536539467 171.71720653733158 0 0 11.0 1 750
730.7575518827525 528.935805238608 0 0 11.0 1 751
106.7361605196196 420.7923171682634 0 0 10.0 1 752
44.39664285459696 431.54762093912854 0 0 10.0 1 753
390.3667651315917 710.8507693186075 0 0 11.0 1 754
341.02842525518645 571.1237954584834 0 0 12.0 1 755
738.5410761780472 476.15076979394007 0 0 10.0 1 756
299.96261541107765 321.7598460852227 0 0 13.0 1 757
452.4127666842864 659.7650898186639 0 0 12.0 1 758
149.226870529953 578.8206854248106 0 0 11.0 1 759
284.1452205742608 546.7878403826874 0 0 11.0 1 760
698.6270377029044 217.45714926958084 0 0 12.0 1 761
511.75045158402014 306.0434325298781 0 0 11.0 1 762
476.65109865462745 156.79307354633468 0 0 12.0 1 763
313.71079815055384 169.63035433420154 0 0 10.0 1 764
115.69653070917764 333.40017005124986 0 0 12.0 1 765
369.01274766438127 67.44054637901405 0 0 10.0 1 766
349.8672076145143 112.33578059196554 0 0 13.0 1 767
526.3988627995757 387.65789795156246 0 0 12.0 1 768
653.0745811134999 628.5481489625907 0 0 12.0 1 769
139.57094060006636 592.7503697015023 0 0 10.0 1 770
339.8537966321096 633.3740221627685 0 0 13.0 1 771
433.458148340922 627.553405401011 0 0 12.0 1 772
219.8635192135847 158.85305664411703 0 0 12.0 1 773
310.5039893862013 208.9202677304188 0 0 12.0 1 774
567.7268484799149 551.4717937406027 0 0 11.0 1 775
527.686498468699 264.7514949849614 0 0 12.0 1 776
428.0815831899423 266.93075229210035 0 0 10.0 1 777
277.9054705188249 230.37121155072032 0 0 10.0 1 778
289.07059625358517 273.8307985898901 0 0 11.0 1 779
669.6601402530916 607.0830962649605 0 0 10.0 1 780
276.6905840801552 327.5859962057978 0 0 11.0 1 781
438.9719042917639 724.6693559236437 0 0 11.0 1 782
692.0465314428823 441.63920595042043 0 0 10.0 1 783
760.7978235183043 351.8239629644106 0 0 13.0 1 784
359.31002809808183 166.51910959005423 0 0 12.0 1 785
187.37464502688695 361.9676660911052 0 0 12.0 1 786
247.71780752003616 516.9364522015921 0 0 13.0 1 787
262.09647923263447 595.2014829860798 0 0 11.0 1 788
174.83972215757464 143.90656142352685 0 0 11.0 1 789
315.10196466523837 529.6816239730887 0 0 11.0 1 790
292.89159456223297 245.49501792958614 0 0 12.0 1 791
708.6002734472963 514.0476708585229 0 0 13.0 1 792
386.22572616189876 563.4205292496417 0 0 10.0 1 793
151.18407343019263 375.69702312044393 0 0 13.0 1 794
287.32027816324256 464.8327100065312 0 0 10.0 1 795
721.394797810546 538.5834908649592 0 0 11.0 1 796
420.65402143849474 645.1314165879563 0 0 13.0 1 797
327.2153386654086 127.55478885763318 0 0 11.0 1 798
480.385966376156 255.90594595969088 0 0 11.0 1 799
632.8604306281483 592.3018976704946 0 0 11.0 1 800
77.70398827624877 312.3570834182043 0 0 13.0 1 801
101.68976172153953 431.7962535253471 0 0 13.0 1 802
190.40297008811496 386.996729176228 0 0 13.0 1 803
627.7336882165947 292.1048321227182 0 0 12.0 1 804
441.9158925555757 201.37457878894395 0 0 11.0 1 805
496.58971446458884 255.2711947826239 0 0 11.0 1 806
356.1306961173094 765.375812249317 0 0 12.0 1 807
329.6437953196461 278.96279719451485 0 0 11.0 1 808
297.41298792359703 199.74789650733766 0 0 13.0 1 809
670.1397391987074 510.85360303415655 0 0 12.0 1 810
526.148815798245 546.0666843352735 0 0 11.0 1 811
238.7330184699423 496.6279497256566 0 0 12.0 1 812
411.6007773619846 275.53947628023707 0 0 11.0 1 813
242.5751024495024 196.85866587221759 0 0 10.0 1 814
310.82944971037915 280.6282572756593 0 0 13.0 1 815
600.0316272101052 180.46333309518081 0 0 13.0 1 816
362.66592206815267 534.930228729439 0 0 11.0 1 817
483.787790661974 287.8411566750743 0 0 10.0 1 818
127.73210823740772 550.3036763194877 0 0 11.0 1 819
567.7312213713961 620.4432747381051 0 0 10.0 1 820
138.75461116420166 635.9127949307382 0 0 10.0 1 821
592.6230484245457 188.59432075832228 0 0 10.0 1 822
442.5235654231003 610.7528087208028 0 0 12.0 1 823
682.3500292061783 616.8281831480175 0 0 11.0 1 824
389.68331484956735 611.7488276413989 0 0 10.0 1 825
499.3154989085792 262.02742418676087 0 0 11.0 1 826
599.9933882196007 272.8322184338969 0 0 11.0 1 827
460.81809963879846 228.46236927039834 0 0 11.0 1 828
322.54057890173743 547.9494443488113 0 0 11.0 1 829
566.5814846946344 411.81562342541764 0 0 12.0 1 830
532.4097235469278 282.5407938464331 0 0 13.0 1 831
355.43367902510226 642.9461731222832 0 0 12.0 1 832
540.9466273116183 477.814190540542 0 0 12.0 1 833
705.3699044487861 468.6893110821419 0 0 10.0 1 834
141.49699644200842 383.96263265068114 0 0 11.0 1 835
199.86376013045938 644.5434225058644 0 0 12.0 1 836
722.5543601943173 240.12916238527245 0 0 12.0 1 837
396.8401341609118 637.9790227055296 0 0 11.0 1 838
584.5762613223528 681.9585142467993 0 0 11.0 1 839
675.3264601342764 330.3484361271862 0 0 12.0 1 840
634.1494475006666 452.66912031857527 0 0 10.0 1 841
446.5434062948775 653.7670414582436 0 0 10.0 1 842
328.1364197275583 511.9134747491397 0 0 10.0 1 843
365.8903416537343 92.88840593767708 0 0 11.0 1 844
448.9727034576089 534.3527979465002 0 0 11.0 1 845
255.11442738464046 597.5681422899942 0 0 12.0 1 846
742.7697293621779 283.5830225741136 0 0 10.0 1 847
121.3702422595934 591.335982244643 0 0 12.0 1 848
338.4515784174699 191.91157696618694 0 0 13.0 1 849
356.4814615275466 663.4295670748096 0 0 12.0 1 850
743.5957324112499 344.8096687020567 0 0 13.0 1 851
434.1843045519584 647.6518389237176 0 0 13.0 1 852
43.68504914979542 377.89443959958754 0 0 10.0 1 853
347.1834877274733 759.1370435242876 0 0 11.0 1 854
233.52220472400228 480.685461392019 0 0 12.0 1 855
424.40092387342975 767.1901345544609 0 0 13.0 1 856
581.7047583406438 111.44431941760661 0 0 13.0 1 857
216.53326726456442 363.82047568880637 0 0 12.0 1 858
230.89754416086285 606.6237145856512 0 0 12.0 1 859
257.95635650636615 547.812730652855 0 0 11.0 1 860
249.0019915710316 77.60955124184403 0 0 10.0 1 861
708.9938615704461 486.97007250648915 0 0 10.0 1 862
348.9640979068988 652.9018321356004 0 0 10.0 1 863
649.274221096344 477.35219904314954 0 0 11.0 1 864
424.9587492897882 206.60387585608265 0 0 11.0 1 865
520.6661879769965 363.72781948793073 0 0 11.0 1 866
332.23256718014443 707.6240807365482 0 0 12.0 1 867
88.01222216487321 397.238391501394 0 0 11.0 1 868
584.9292073011995 625.9760790149036 0 0 10.0 1 869
650.0 400.0 0 0 12.0 1 870
703.6573032243698 600.7193119719753 0 0 10.0 1 871
137.4865559933636 187.08994454048306 0 0 10.0 1 872
645.4327703188354 200.95539380927258 0 0 13.0 1 873
304.3828452895108 540.5608755133176 0 0 11.0 1 874
217.0000000831444 399.99448358333524 0 0 11.0 1 875
111.47752243891733 321.5412213833625 0 0 12.0 1 876
756.31561704614 377.9051804934167 0 0 11.0 1 877
283.610165739072 673.2442249723015 0 0 13.0 1 878
591.2670162773215 697.8807286219953 0 0 10.0 1 879
209.92265242910537 612.3572507366144 0 0 13.0 1 880
756.7996525675428 323.0649109464301 0 0 10.0 1 881
595.4579985674225 156.8124781243546 0 0 13.0 1 882
595.0192128863431 512.2163384057383 0 0 10.0 1 883
52.41450693195935 514.6312566826651 0 0 11.0 1 884
397.7031227304107 572.9847517985572 0 0 12.0 1 885
699.8453103129177 478.6942811349725 0 0 13.0 1 886
216.7259052261949 237.40969836782295 0 0 11.0 1 887
287.4300725114337 206.34047551122376 0 0 10.0 1 888
719.8874418814522 391.5132735085581 0 0 11.0 1 889
506.4421675812853 545.1553132358495 0 0 13.0 1 890
694.6078665024202 260.4213304444688 0 0 11.0 1 891
591.2670162773215 697.8807286219953 0 0 11.0 1 892
643.1360855988146 133.15576850963055 0 0 11.0 1 893
501.14646463949725 278.61881245048335 0 0 13.0 1 894
215.21562772494372 230.1302388212858 0 0 13.0 1 895
405.89349029818453 252.11738854041965 0 0 10.0 1 896
524.8098326555403 594.3797974906241 0 0 11.0 1 897
380.1145389267077 54.57190554631694 0 0 13.0 1 898
576.5551329019357 649.9285598845794 0 0 10.0 1 899
562.6309940663101 653.2827664271769 0 0 11.0 1 900
309.7530260942753 300.9470661673293 0 0 12.0 1 901
168.32673205964576 412.30840858262496 0 0 11.0 1 902
664.3677075690883 449.7062892868195 0 0 10.0 1 903
597.093844883917 279.5217185179234 0 0 11.0 1 904
598.808983064415 441.0364259273777 0 0 11.0 1 905
615.7104437925327 201.71231899376966 0 0 12.0 1 906
46.340442611115975 486.14474718460013 0 0 10.0 1 907
537.8135771063492 479.2995458067217 0 0 10.0 1 908
694.7857335093049 460.84711430611173 0 0 11.0 1 909
219.79707338621571 675.2597050783625 0 0 11.0 1 910
228.03204351942045 91.72087008054939 0 0 11.0 1 911
398.1678088832178 537.9878366948028 0 0 11.0 1 912
734.7725579664055 361.3175177550659 0 0 13.0 1 913
534.8969902573818 564.8387151718304 0 0 11.0 1 914
184.37944345558094 254.71484729857977 0 0 11.0 1 915
397.78278321374904 566.9852806379137 0 0 13.0 1 916
44.39664285459696 431.54762093912854 0 0 10.0 1 917
185.86294371695982 293.85707217890547 0 0 12.0 1 918
546.3883643671682 362.9669501943842 0 0 10.0 1 919
269.74502828201304 426.88200778860124 0 0 10.0 1 920
133.3083350063872 198.9240048565354 0 0 10.0 1 921
553.0660224589936 509.1549026319151 0 0 13.0 1 922
502.5020574165802 74.77034540902008 0 0 11.0 1 923
694.2607064965099 420.8719096437018 0 0 12.0 1 924
735.8818139755248 391.088937183986 0 0 12.0 1 925
545.9101134221684 115.20140660261336 0 0 12.0 1 926
452.0783352436959 754.1918223198345 0 0 11.0 1 927
281.71455331669483 567.4322343604449 0 0 10.0 1 928
453.45875009755434 519.5958278453193 0 0 10.0 1 929
511.7894660627578 315.72001852513534 0 0 10.0 1 930
707.6622786951768 513.701021403026 0 0 12.0 1 931
128.93177177725073 511.2250675350639 0 0 11.0 1 932
547.2735196065296 334.94993910298655 0 0 13.0 1 933
210.8537118851421 331.9949877408204 0 0 12.0 1 934
474.5997892979533 120.79421310312893 0 0 13.0 1 935
337.85724216346597 641.1208776702463 0 0 11.0 1 936
599.4138340013878 311.9197933195718 0 0 10.0 1 937
519.434354610133 569.0693199219213 0 0 12.0 1 938
673.6780019277091 587.9477354501959 0 0 10.0 1 939
617.019374121963 560.6318500662663 0 0 12.0 1 940
455.04750122604594 160.23809183114915 0 0 10.0 1 941
330.1205935974718 671.1399427617228 0 0 11.0 1 942
543.9490423972095 236.2847802037746 0 0 10.0 1 943
372.89954036141523 534.2928333433226 0 0 10.0 1 944
616.8092882767269 369.10125379664794 0 0 10.0 1 945
223.37566934345045 571.2303881328482 0 0 11.0 1 946
320.7791281275818 238.37062934053753 0 0 13.0 1 947
107.64013691196959 347.70554087526966 0 0 13.0 1 948
183.1509976714469 498.08419948753806 0 0 10.0 1 949
514.0317251756533 218.91227083685578 0 0 12.0 1 950
207.7470296612818 693.6661291261557 0 0 11.0 1 951
366.3036789218642 541.0303440604155 0 0 11.0 1 952
211.67337019814343 647.4956171480103 0 0 11.0 1 953
492.19716130029155 166.54618562086412 0 0 10.0 1 954
722.6841533284386 385.7193420771752 0 0 13.0 1 955
698.2506821778186 421.1549185880232 0 0 10.0 1 956
662.2484907009582 444.51661628054666 0 0 13.0 1 957
582.7808041101132 309.4065253516544 0 0 10.0 1 958
580.7148204499822 444.0244667171643 0 0 11.0 1 959
376.363611142868 528.8499946518991 0 0 10.0 1 960
279.8686895129415 272.74644114736145 0 0 11.0 1 961
229.25801057481007 303.7546206453093 0 0 11.0 1 962
564.058822618443 589.9623718557184 0 0 11.0 1 963
352.04914920199593 206.86347857604054 0 0 12.0 1 964
720.0446644320887 291.3012752211337 0 0 12.0 1 965
439.96576554910115 567.2923715656941 0 0 12.0 1 966
678.4493831286061 318.96950552231147 0 0 13.0 1 967
34.1290311163159 390.28227762722815 0 0 13.0 1 968
503.8559605305505 547.0167999321055 0 0 10.0 1 969
208.02840193204207 459.5642974879618 0 0 10.0 1 970
586.8552035912459 285.78033054296634 0 0 12.0 1 971
400.5753407384466 270.0012731484086 0 0 12.0 1 972
258.2825020010014 156.19649149180847 0 0 13.0 1 973
627.9160596937231 377.7453435504551 0 0 10.0 1 974
582.4867119061104 364.01945000842454 0 0 12.0 1 975
169.1445250806967 408.1700489461767 0 0 12.0 1 976
249.95430426057084 131.01990930540853 0 0 11.0 1 977
337.1623218729871 39.43457430362804 0 0 11.0 1 978
240.79791226820802 266.13926915693753 0 0 10.0 1 979
84.52469002062287 529.446239008385 0 0 13.0 1 980
544.7092403393201 515.2572590356758 0 0 10.0 1 981
318.1089770359913 652.0294831124093 0 0 13.0 1 982
494.68665127924567 99.56791438076635 0 0 10.0 1 983
621.745128067933 552.2829543256105 0 0 12.0 1 984
457.1870534708379 711.7990393110979 0 0 10.0 1 985
236.31470044976595 389.8450646900066 0 0 12.0 1 986
203.98875951246865 490.75017136369024 0 0 12.0 1 987
440.47421658951873 693.2197772856816 0 0 13.0 1 988
413.8156557027405 535.2964436247432 0 0 11.0 1 989
143.23028574904356 612.0337563773329 0 0 11.0 1 990
378.974189277354 527.2749593732226 0 0 13.0 1 991
532.6846869170445 429.84583484719263 0 0 10.0 1 992
485.9980014115012 579.4584736177911 0 0 10.0 1 993
730.0 400.0 0 0 13.0 1 994
243.4202634433895 107.24278642557334 0 0 11.0 1 995
665.2459017046215 596.3278167476589 0 0 10.0 1 996
142.63478518732512 484.87724196995157 0 0 11.0 1 997
178.95681686734028 563.5998508268924 0 0 12.0 1 998
369.1983000735766 69.43192035279242 0 0 13.0 1 999
299.8547058681174 158.9773453319404 0 0 13.0 1 1000
699.8944767638613 392.0436939142732 0 0 13.0 1 1001
106.89059871540451 535.705117363296 0 0 11.0 1 1002
433.6566033820632 240.51259282067912 0 0 11.0 1 1003
592.7974005464005 429.2260558842757 0 0 10.0 1 1004
322.51732372587065 288.2304385022538 0 0 12.0 1 1005
566.6596908090046 278.91925231711286 0 0 13.0 1 1006
353.51381010899695 630.3563199684731 0 0 13.0 1 1007
528.3404817894511 365.10414445737746 0 0 13.0 1 1008
109.00000013221324 399.9912279931724 0 0 12.0 1 1009
418.2828251224878 203.85021461765365 0 0 13.0 1 1010
618.0756556083836 118.61235202842738 0 0 10.0 1 1011
229.26201748243886 676.5384988131543 0 0 12.0 1 1012
562.4824811293383 335.0042822483342 0 0 13.0 1 1013
574.4062362512389 557.5038563231931 0 0 11.0 1 1014
594.0047441891505 601.8964071797769 0 0 13.0 1 1015
126.32775515516045 215.59961387896664 0 0 13.0 1 1016
253.4709194083157 167.28938885182808 0 0 13.0 1 1017
268.7704104088141 242.5077944286483 0 0 12.0 1 1018
620.9491932402032 378.4256168917076 0 0 10.0 1 1019
681.4905380208145 254.21907873541076 0 0 11.0 1 1020
535.555766795592 335.77668578733227 0 0 11.0 1 1021
172.2658690193945 498.18943724509484 0 0 10.0 1 1022
449.1929771358074 542.7622183930887 0 0 10.0 1 1023
522.3391112954872 667.3371314416132 0 0 12.0 1 1024
610.7629898077703 315.6912689735535 0 0 10.0 1 1025
237.45527275882256 290.4773464250832 0 0 11.0 1 1026
739.880406999043 390.98285310284297 0 0 13.0 1 1027
567.504498324852 339.781705097706 0 0 10.0 1 1028
141.74409293087336 467.7708378574637 0 0 12.0 1 1029
536.6888733426896 438.4727423548955 0 0 13.0 1 1030
746.5024466226417 338.03182684213357 0 0 13.0 1 1031
374.52886518545824 61.95825510558694 0 0 13.0 1 1032
277.7225011993613 180.79869232356344 0 0 12.0 1 1033
538.357515984619 603.404025944832 0 0 12.0 1 1034
568.7215638314609 563.5788308378143 0 0 10.0 1 1035
436.35279042080185 565.0438566824625 0 0 11.0 1 1036
211.26990253433155 477.43997876161444 0 0 10.0 1 1037
298.73989159701233 46.20572298832309 0 0 12.0 1 1038
626.0174274549746 192.2378222904003 0 0 11.0 1 1039
529.1348302455982 516.6198765967472 0 0 10.0 1 1040
348.56484892467716 132.90745941928907 0 0 12.0 1 1041
71.62464271220358 304.43000090974135 0 0 10.0 1 1042
575.9175451853785 433.0759322763595 0 0 12.0 1 1043
339.3466220593556 653.8546193087479 0 0 10.0 1 1044
496.0889657816061 288.7529296789289 0 0 13.0 1 1045
303.1929646128234 110.77102859577514 0 0 12.0 1 1046
243.59500551269767 251.02524475795596 0 0 12.0 1 1047
530.647134259795 121.0818645019599 0 0 12.0 1 1048
200.55746594018706 367.9582209014488 0 0 10.0 1 1049
371.3281632589859 235.4797101330762 0 0 11.0 1 1050
187.49419872830433 551.5331132982973 0 0 10.0 1 1051
472.6817447269095 55.58547652073037 0 0 10.0 1 1052
444.3684141042661 701.7556028143841 0 0 10.0 1 1053
188.1030444378322 540.0559896023183 0 0 11.0 1 1054
714.2191079142467 433.50152566040794 0 0 10.0 1 1055
224.04942589887736 622.9291265704985 0 0 11.0 1 1056
218.1847469316324 434.17914205601784 0 0 13.0 1 1057
444.58283647777284 220.45231638476602 0 0 13.0 1 1058
324.53988599681423 258.912186229192 0 0 11.0 1 1059
630.5728732066326 232.48537335134543 0 0 11.0 1 1060
592.5727643870721 467.31812843745155 0 0 10.0 1 1061
555.4294897691603 377.84884404599876 0 0 13.0 1 1062
296.76516740906607 526.1410692039743 0 0 13.0 1 1063
302.25705843401073 683.6306002074311 0 0 12.0 1 1064
472.6386070027838 562.5042546295177 0 0 13.0 1 1065
761.3488137945448 348.5020896610799 0 0 12.0 1 1066
579.7074572649424 216.2767575853047 0 0 11.0 1 1067
392.96866779701384 626.891075997826 0 0 13.0 1 1068
193.92748584754875 499.87551707444516 0 0 13.0 1 1069
323.7026478999972 142.04707006407506 0 0 11.0 1 1070
607.3608895058231 142.0029815998762 0 0 12.0 1 1071
301.0203170821195 573.7901676432698 0 0 10.0 1 1072
365.83890207940715 542.9755901853867 0 0 12.0 1 1073
131.12675390256385 606.4659234184362 0 0 13.0 1 1074
329.1413312696704 255.43150735459193 0 0 12.0 1 1075
298.9784953957704 130.2989514156506 0 0 13.0 1 1076
526.405344186425 130.13764812202612 0 0 11.0 1 1077
694.0127571898636 536.1341199318317 0 0 12.0 1 1078
511.5706244180359 208.07294154557164 0 0 10.0 1 1079
331.34737994754846 624.7483431750582 0 0 11.0 1 1080
177.1569139322083 692.8565501944302 0 0 11.0 1 1081
49.11633457076039 371.9883357341722 0 0 12.0 1 1082
376.5440415921591 527.8664069064648 0 0 13.0 1 1083
649.7980468392133 359.8759947747711 0 0 10.0 1 1084
297.01286656585637 189.88181814269882 0 0 13.0 1 1085
276.86296727501986 278.4834530951148 0 0 13.0 1 1086
479.79468465470535 618.9105029477939 0 0 10.0 1 1087
388.9728887036869 755.8291764547403 0 0 11.0 1 1088
742.9462548661581 406.0717603111569 0 0 11.0 1 1089
60.013319025823364 396.9905548412627 0 0 12.0 1 1090
313.0137832257313 49.636762642967994 0 0 10.0 1 1091
73.66656180592156 455.3848997149188 0 0 10.0 1 1092
723.2257282005567 232.60487274350007 0 0 12.0 1 1093
745.3314467965308 443.0138565280393 0 0 10.0 1 1094
655.6527295905119 214.26448413693038 0 0 10.0 1 1095
133.61726141487776 287.92307738035265 0 0 12.0 1 1096
723.5773866011733 305.83697710696197 0 0 13.0 1 1097
154.64221143394784 342.52343442779096 0 0 13.0 1 1098
336.60939562056365 645.9626623624199 0 0 11.0 1 1099
537.1964797636715 229.30106637574892 0 0 12.0 1 1100
307.24222862259023 628.921374819164 0 0 11.0 1 1101
367.0765157723018 722.3228880894258 0 0 12.0 1 1102
223.06240029395605 395.30044573775785 0 0 11.0 1 1103
441.0899636382244 205.28838019211744 0 0 10.0 1 1104
332.97427408293146 187.31113789083827 0 0 12.0 1 1105
398.496720556659 58.00330388888955 0 0 10.0 1 1106
710.8457272971427 527.5575706146459 0 0 12.0 1 1107
549.5241632581881 712.0232757374661 0 0 13.0 1 1108
220.34244124681774 264.5446140500612 0 0 12.0 1 1109
511.6036110289306 144.29385223404742 -10 20 13.0 1 1110
389.93311468735465 724.8440515387376 12 -1 12.0 1 1111
307.61264325590446 256.105676575345 -2 -14 10.0 1 1112
267.9969635408803 255.1166042447503 9 14 11.0 1 1113
313.1498806140006 736.988214575284 12 21 12.0 1 1114
123.45552873029732 363.0655254516789 20 4 13.0 1 1115
156.14017997231835 608.7423966904345 2 -11 13.0 1 1116
516.0264642160893 183.08098377156384 18 12 13.0 1 1117
522.1585910251548 261.0673593472399 -14 8 11.0 1 1118
650.1422684012273 437.91893404472694 21 6 13.0 1 1119
139.01022431099972 397.6898082752046 1 7 12.0 1 1120
423.00084190250715 94.86566684200238 -17 -1 10.0 1 1121
202.365376273739 650.4027865351727 13 2 12.0 1 1122
107.59634758221398 360.94741938439165 5 21 12.0 1 1123
200.54057070066332 424.83819767179 -10 -11 10.0 1 1124
575.9781553434327 649.1117998849566 3 -17 10.0 1 1125
455.63641875317194 80.81261160828785 -9 2 11.0 1 1126
742.5629401147003 306.8569269351053 -10 -5 11.0 1 1127
462.2581027500967 283.6044303164489 0 2 13.0 1 1128
549.9472383819307 396.02184695713663 7 14 11.0 1 1129
197.5083013111659 414.3565999495152 -16 17 10.0 1 1130
371.71597537474963 265.9514492767705 -7 22 11.0 1 1131
362.46099127737773 655.2544276288324 -17 -8 12.0 1 1132
564.542471262356 337.5358090512914 -16 19 12.0 1 1133
512.8577252973012 470.3713993090865 -13 4 11.0 1 1134
559.857558657458 146.13869743484454 -14 20 13.0 1 1135
316.80494520018885 748.1990563698535 -11 3 10.0 1 1136
252.86444436954724 608.2693646922608 4 16 12.0 1 1137
250.79609072139718 441.9903971877197 1 8 13.0 1 1138
347.46561891018627 589.8661075692821 7 -4 10.0 1 1139
532.1921784102756 472.98101100386236 -7 5 13.0 1 1140
118.27613064526929 387.52356478000996 11 -14 12.0 1 1141
556.5679629852896 182.49029224736427 -8 -15 13.0 1 1142
237.75545523918566 673.4971804157332 -17 14 13.0 1 1143
292.04876878338166 489.14332099947933 -16 -4 13.0 1 1144
288.18704525429456 464.33399685263487 19 -9 12.0 1 1145
675.0153181202522 325.2231666943803 -10 -4 12.0 1 1146
322.3802372401651 234.27681987993668 10 -11 11.0 1 1147
360.26587420110536 543.6043148620458 2 -17 12.0 1 1148
330.83805808366515 507.70620126232996 -17 7 10.0 1 1149
338.87560563268113 702.8940547670563 17 10 12.0 1 1150
422.0834407839356 201.2229348160548 21 -8 11.0 1 1151
504.13625410845333 260.6025804390209 13 -7 10.0 1 1152
538.4186465461337 420.9828093528133 5 18 10.0 1 1153
253.18658716177 113.41698966827875 12 -17 10.0 1 1154
218.85615351749007 613.5109057671783 -17 -9 13.0 1 1155
313.96499004685825 496.119597701836 1 8 10.0 1 1156
291.20399432316844 150.7061389669476 -2 7 10.0 1 1157
560.1482763026768 214.5882161315482 19 16 10.0 1 1158
351.5835541353912 587.8612460563365 15 -8 10.0 1 1159
602.9330967767128 156.46938953672927 -3 -13 11.0 1 1160
301.24498911193984 631.843584824983 4 -3 13.0 1 1161
603.5504999635884 534.5481102229725 -17 13 13.0 1 1162
625.1498203424479 585.934285164849 15 -9 10.0 1 1163
226.52760299889317 619.7892797173929 0 -8 10.0 1 1164
498.47957186028265 572.924185486633 -6 13 10.0 1 1165
467.5116001402479 171.77602263017306 16 3 13.0 1 1166
179.31124045336946 411.7248202446557 -12 14 12.0 1 1167
460.8853635567309 511.4539030476937 5 5 10.0 1 1168
281.5732971981981 257.87288765512164 3 13 10.0 1 1169
229.31097626251122 726.020332457261 -2 20 12.0 1 1170
276.8435970506787 333.4229738379342 17 22 11.0 1 1171
589.7874743151415 590.635029816347 9 10 13.0 1 1172
531.4489694877291 600.8013157840708 6 -14 13.0 1 1173
340.50856416549817 648.9915039963198 9 -16 11.0 1 1174
