400 400 7.0710678118654755 7.0710678118654755 5 2 -1 10 187
742.842712474619 742.842712474619
800.0 400.0 0 0 24.0 1 0
799.4518139018296 420.9343824971775 0 0 24.0 1 1
797.8087581473094 441.8113853070614 0 0 24.0 1 2
795.0753362380551 462.57378601609236 0 0 24.0 1 3
791.2590402935223 483.16467632710373 0 0 24.0 1 4
786.3703305156273 503.5276180410083 0 0 24.0 1 5
780.4226065180615 523.6067977499789 0 0 24.0 1 6
773.4321705988807 543.3471798181201 0 0 24.0 1 7
765.4181830570403 562.6946572303201 0 0 24.0 1 8
756.4026096753471 581.5961998958187 0 0 24.0 1 9
581.5961998958187 756.4026096753471 0 0 24.0 1 10
562.6946572303201 765.4181830570403 0 0 24.0 1 11
543.3471798181201 773.4321705988807 0 0 24.0 1 12
523.606797749979 780.4226065180615 0 0 24.0 1 13
503.5276180410083 786.3703305156273 0 0 24.0 1 14
483.1646763271038 791.2590402935223 0 0 24.0 1 15
462.57378601609236 795.0753362380551 0 0 24.0 1 16
441.8113853070614 797.8087581473094 0 0 24.0 1 17
420.9343824971776 799.4518139018296 0 0 24.0 1 18
400.0 800.0 0 0 24.0 1 19
379.0656175028225 799.4518139018296 0 0 24.0 1 20
358.1886146929386 797.8087581473094 0 0 24.0 1 21
337.4262139839077 795.0753362380551 0 0 24.0 1 22
316.83532367289627 791.2590402935223 0 0 24.0 1 23
296.47238195899166 786.3703305156273 0 0 24.0 1 24
276.3932022500211 780.4226065180615 0 0 24.0 1 25
256.65282018187986 773.4321705988807 0 0 24.0 1 26
237.3053427696799 765.4181830570403 0 0 24.0 1 27
218.4038001041813 756.4026096753471 0 0 24.0 1 28
200.00000000000009 746.4101615137755 0 0 24.0 1 29
182.14438599398918 735.4682271781696 0 0 24.0 1 30
164.8858990830108 723.606797749979 0 0 24.0 1 31
148.27184358006508 710.8583845827884 0 0 24.0 1 32
132.3477574564567 697.2579301909577 0 0 24.0 1 33
117.15728752538104 682.842712474619 0 0 24.0 1 34
102.74206980904233 667.6522425435434 0 0 24.0 1 35
89.14161541721165 651.728156419935 0 0 24.0 1 36
76.39320225002109 635.1141009169893 0 0 24.0 1 37
64.53177282183043 617.8556140060109 0 0 24.0 1 38
53.589838486224494 600.0 0 0 24.0 1 39
43.597390324652906 581.5961998958187 0 0 24.0 1 40
34.58181694295968 562.6946572303202 0 0 24.0 1 41
26.567829401119297 543.3471798181201 0 0 24.0 1 42
19.5773934819386 523.606797749979 0 0 24.0 1 43
13.629669484372698 503.5276180410084 0 0 24.0 1 44
8.740959706477724 483.16467632710373 0 0 24.0 1 45
4.924663761944942 462.5737860160924 0 0 24.0 1 46
2.1912418526906663 441.81138530706147 0 0 24.0 1 47
0.5481860981704472 420.9343824971775 0 0 24.0 1 48
0.0 400.00000000000006 0 0 24.0 1 49
0.5481860981704472 379.0656175028226 0 0 24.0 1 50
2.1912418526906663 358.1886146929386 0 0 24.0 1 51
4.924663761944885 337.4262139839077 0 0 24.0 1 52
8.740959706477781 316.8353236728962 0 0 24.0 1 53
13.629669484372698 296.47238195899166 0 0 24.0 1 54
19.577393481938543 276.3932022500211 0 0 24.0 1 55
26.567829401119297 256.65282018187986 0 0 24.0 1 56
34.58181694295968 237.30534276967992 0 0 24.0 1 57
43.59739032465285 218.40380010418136 0 0 24.0 1 58
53.58983848622455 199.99999999999994 0 0 24.0 1 59
64.53177282183037 182.14438599398918 0 0 24.0 1 60
76.39320225002103 164.8858990830108 0 0 24.0 1 61
89.14161541721171 148.27184358006497 0 0 24.0 1 62
102.74206980904228 132.3477574564567 0 0 24.0 1 63
117.15728752538092 117.15728752538104 0 0 24.0 1 64
132.34775745645675 102.74206980904228 0 0 24.0 1 65
148.27184358006485 89.14161541721177 0 0 24.0 1 66
164.8858990830107 76.39320225002109 0 0 24.0 1 67
182.1443859939892 64.53177282183032 0 0 24.0 1 68
199.99999999999983 53.58983848622461 0 0 24.0 1 69
218.40380010418124 43.597390324652906 0 0 24.0 1 70
237.30534276967995 34.58181694295962 0 0 24.0 1 71
256.65282018187975 26.567829401119354 0 0 24.0 1 72
276.393202250021 19.5773934819386 0 0 24.0 1 73
296.4723819589917 13.629669484372698 0 0 24.0 1 74
316.8353236728961 8.740959706477781 0 0 24.0 1 75
337.4262139839076 4.924663761944942 0 0 24.0 1 76
358.18861469293864 2.1912418526906663 0 0 24.0 1 77
379.0656175028223 0.5481860981704472 0 0 24.0 1 78
399.99999999999994 0.0 0 0 24.0 1 79
420.9343824971776 0.5481860981704472 0 0 24.0 1 80
441.8113853070612 2.1912418526906663 0 0 24.0 1 81
462.5737860160923 4.924663761944885 0 0 24.0 1 82
483.1646763271038 8.740959706477781 0 0 24.0 1 83
503.5276180410081 13.629669484372641 0 0 24.0 1 84
523.6067977499789 19.577393481938543 0 0 24.0 1 85
543.3471798181201 26.567829401119297 0 0 24.0 1 86
562.6946572303199 34.58181694295956 0 0 24.0 1 87
581.5961998958187 43.59739032465279 0 0 24.0 1 88
600.0 53.58983848622455 0 0 24.0 1 89
617.8556140060107 64.53177282183032 0 0 24.0 1 90
635.1141009169892 76.39320225002098 0 0 24.0 1 91
651.728156419935 89.14161541721171 0 0 24.0 1 92
667.6522425435431 102.74206980904216 0 0 24.0 1 93
682.842712474619 117.15728752538092 0 0 24.0 1 94
697.2579301909577 132.34775745645675 0 0 24.0 1 95
710.8583845827882 148.27184358006485 0 0 24.0 1 96
723.6067977499789 164.88589908301066 0 0 24.0 1 97
735.4682271781696 182.1443859939892 0 0 24.0 1 98
746.4101615137754 199.99999999999983 0 0 24.0 1 99
756.4026096753471 218.40380010418122 0 0 24.0 1 100
765.4181830570403 237.30534276967995 0 0 24.0 1 101
773.4321705988806 256.6528201818797 0 0 24.0 1 102
780.4226065180615 276.3932022500209 0 0 24.0 1 103
786.3703305156273 296.4723819589917 0 0 24.0 1 104
791.2590402935223 316.83532367289604 0 0 24.0 1 105
795.0753362380551 337.4262139839076 0 0 24.0 1 106
797.8087581473094 358.18861469293864 0 0 24.0 1 107
799.4518139018296 379.06561750282225 0 0 24.0 1 108
800.0 399.9999999999999 0 0 24.0 1 109
39.00000016401708 399.98911788843725 0 0 13.0 1 110
264.3495242054431 261.3098834930537 0 0 13.0 1 111
544.8486622413736 246.5729324829401 0 0 10.0 1 112
534.0151728069061 714.6489050633024 0 0 12.0 1 113
353.1032446077939 156.47444829405768 0 0 12.0 1 114
341.1609706700996 121.13987623269776 0 0 11.0 1 115
598.4826388574515 465.4648155285148 0 0 11.0 1 116
142.6149190411507 542.0877197361074 0 0 12.0 1 117
533.1206272885228 633.7517884216294 0 0 10.0 1 118
178.4059918135779 196.2916409769204 0 0 10.0 1 119
453.2420969251193 762.106723377261 0 0 11.0 1 120
352.80817012961313 97.66090032302395 0 0 13.0 1 121
263.0681544097192 274.1204160189608 0 0 11.0 1 122
581.2586342589001 263.34603003718377 0 0 13.0 1 123
698.5100845588556 578.8735011584022 0 0 12.0 1 124
579.2468993611343 184.89409801351482 0 0 13.0 1 125
553.355894503504 263.9596764888066 0 0 11.0 1 126
525.2898974594781 413.3582032696563 0 0 10.0 1 127
337.0952834666427 711.7162117020191 0 0 10.0 1 128
352.727222285736 657.6999893037984 0 0 13.0 1 129
564.2359990854159 535.6301463702495 0 0 10.0 1 130
410.2118176033367 729.8419603101404 0 0 12.0 1 131
691.9229902409577 203.31505454464065 0 0 12.0 1 132
268.92639971822234 329.1430221560871 0 0 10.0 1 133
672.4927636429081 239.98845740931623 0 0 10.0 1 134
361.2081941706221 634.8173669056355 0 0 12.0 1 135
478.8841366567484 522.8547637819529 0 0 10.0 1 136
444.8498075721694 724.9192126679175 0 0 10.0 1 137
235.6811246818512 231.99908567457538 0 0 11.0 1 138
132.81300498977566 319.67497465044676 0 0 11.0 1 139
489.2640777166306 659.051972448386 0 0 11.0 1 140
444.4747915341714 144.84711853872392 0 0 12.0 1 141
115.90385043371225 377.3201013756792 0 0 12.0 1 142
700.1525938305172 351.78775656731386 0 0 11.0 1 143
547.4479125361736 99.19422696908742 0 0 11.0 1 144
609.3979670450129 665.3233713742829 0 0 11.0 1 145
548.7683416036617 96.50044392701955 0 0 11.0 1 146
534.4824291373388 617.8313022807343 0 0 11.0 1 147
229.85417276821389 600.5477436313139 0 0 10.0 1 148
407.98775901056604 39.08838241753824 0 0 13.0 1 149
623.0610072666017 171.95441894829648 0 0 13.0 1 150
363.7567239685721 662.50985684829 0 0 11.0 1 151
434.6890145287523 235.62034106671223 0 0 12.0 1 152
385.67218741942764 540.2701457426205 0 0 13.0 1 153
628.5086150071257 493.7699998268379 0 0 11.0 1 154
672.7035765544447 223.201359353602 0 0 13.0 1 155
366.6211818283876 678.003335407089 0 0 13.0 1 156
694.029034786246 358.09622090230334 0 0 13.0 1 157
521.0907530169619 664.6092015289437 0 0 10.0 1 158
176.80583658376847 301.408086452648 0 0 10.0 1 159
478.40253678018064 220.36413992069282 0 0 10.0 1 160
569.2462993779732 697.1862886252686 0 0 10.0 1 161
256.276170845495 380.80466376520945 0 0 10.0 1 162
290.1238391520742 685.5927682510899 0 0 11.0 1 163
102.15183355060356 585.7080228281284 0 0 12.0 1 164
477.83922260713854 86.51944968799688 0 0 11.0 1 165
603.4770892924541 219.49771709734344 0 0 10.0 1 166
379.50656819209325 643.1378605909304 0 0 13.0 1 167
566.1394097162463 292.2888281600406 0 0 10.0 1 168
429.32047656596916 261.0600501873401 0 0 10.0 1 169
620.6220117749251 468.461141681868 0 0 13.0 1 170
503.7380427266828 561.5624290831161 0 0 10.0 1 171
238.91545953595826 488.92564772599917 0 0 11.0 1 172
690.9480567334012 222.15110828836305 0 0 12.0 1 173
514.8819227906731 316.53657198558267 0 0 11.0 1 174
85.63982043059747 293.22136215003974 0 0 10.0 1 175
301.4338791882343 136.8541852354091 0 0 12.0 1 176
527.146455066366 351.7322160850888 0 0 10.0 1 177
494.2431880249318 690.0745102743385 0 0 10.0 1 178
578.2899697850578 662.1100659532998 0 0 13.0 1 179
643.4342076977625 159.7838753901757 0 0 11.0 1 180
386.67009542306215 65.265308574134 0 0 11.0 1 181
615.892071154027 616.8562049211978 0 0 12.0 1 182
755.8747790931155 390.55851677827087 0 0 10.0 1 183
465.83058037825987 214.32465245202457 0 0 11.0 1 184
378.3222261541712 531.2214697413846 0 0 12.0 1 185
191.64954783516794 439.16744927500423 0 0 10.0 1 186
301.42589123832147 243.44922522759344 0 0 10.0 1 187
299.29021827311556 48.12851797208219 0 0 10.0 1 188
238.72522957762664 320.05971963264847 0 0 11.0 1 189
588.2553295834758 717.3656107447953 0 0 12.0 1 190
209.2822401715455 102.95499316430858 0 0 11.0 1 191
73.8492123957048 572.588133268478 0 0 11.0 1 192
357.2497763562125 154.6972923541076 0 0 10.0 1 193
222.6800179670317 187.19345881334428 0 0 13.0 1 194
250.4757107545854 388.0632112503575 0 0 10.0 1 195
534.862046759253 669.0970611952221 0 0 13.0 1 196
416.9835380579455 217.7897932742671 0 0 13.0 1 197
684.5981706453974 415.1288223366266 0 0 10.0 1 198
446.5353996361407 133.02536341310497 0 0 13.0 1 199
517.3071138729285 288.27246966479674 0 0 10.0 1 200
67.90097612181955 493.4624969662148 0 0 13.0 1 201
227.00295368118637 203.23612637232856 0 0 10.0 1 202
317.46550030901557 245.68520368817872 0 0 13.0 1 203
210.00335357396483 571.5729417678095 0 0 12.0 1 204
347.38158931486464 660.7437494111228 0 0 11.0 1 205
531.6924639935236 424.76075377112943 0 0 13.0 1 206
382.7249019003004 266.1098547851794 0 0 10.0 1 207
579.491025352618 574.0200328061853 0 0 13.0 1 208
257.3534947975594 622.1440401035555 0 0 13.0 1 209
102.69278966758651 472.41838636947153 0 0 13.0 1 210
242.2345490237374 570.1001542570039 0 0 12.0 1 211
379.50656819209325 643.1378605909304 0 0 11.0 1 212
350.1509793509244 647.0203941789584 0 0 10.0 1 213
686.4745204946846 264.2747292972289 0 0 10.0 1 214
591.7752381401397 296.3358401553713 0 0 13.0 1 215
256.082082765107 106.37330996864318 0 0 10.0 1 216
676.005084729635 611.955639706489 0 0 10.0 1 217
696.4264998445415 293.433916324592 0 0 10.0 1 218
376.85530912700983 540.101118069749 0 0 11.0 1 219
487.9921676787793 718.0524774737489 0 0 13.0 1 220
502.69596078131576 246.1216726137093 0 0 13.0 1 221
335.5186860799894 544.2434059329889 0 0 11.0 1 222
237.90895810268444 277.7891406762775 0 0 12.0 1 223
521.5819567032567 259.2384008182366 0 0 12.0 1 224
354.82881756152614 49.90206473458011 0 0 13.0 1 225
679.4632290557961 382.6707297987582 0 0 12.0 1 226
554.6047549366276 257.8825494494595 0 0 13.0 1 227
342.1382728175246 750.2527951743723 0 0 11.0 1 228
474.7765623017492 630.1574802832456 0 0 10.0 1 229
234.02720354345746 354.8665219997938 0 0 13.0 1 230
528.0813554712659 351.3773059092439 0 0 12.0 1 231
258.9214130170569 731.2051211785472 0 0 11.0 1 232
480.51249381123404 522.9908059177433 0 0 10.0 1 233
426.63538482311674 114.23863753942436 0 0 10.0 1 234
205.98916986235378 601.8905589404849 0 0 11.0 1 235
441.98673135742877 182.00661847221346 0 0 11.0 1 236
306.0457322560845 307.28217230378704 0 0 13.0 1 237
458.3462874409981 689.1724584773806 0 0 10.0 1 238
692.8173236801747 213.80919745384907 0 0 13.0 1 239
551.7856910108786 408.06870524620086 0 0 12.0 1 240
515.3601834244018 174.83111209519117 0 0 12.0 1 241
609.8345184870312 316.0626730749916 0 0 11.0 1 242
503.3719180612005 515.4956560063989 0 0 12.0 1 243
256.9522836413997 383.4666747268001 0 0 11.0 1 244
170.4880202958653 259.69586188465837 0 0 13.0 1 245
255.32601282042538 368.80004112880476 0 0 13.0 1 246
550.3344433402023 468.00408183036905 0 0 12.0 1 247
592.8642626471261 475.18228643490664 0 0 10.0 1 248
689.3498552328567 337.6088044935433 0 0 13.0 1 249
210.87971329927979 576.9590832883054 0 0 12.0 1 250
492.0802296112449 683.4170624975504 0 0 13.0 1 251
359.6848443947306 531.9798781198215 0 0 11.0 1 252
417.595772756832 94.5063195725811 0 0 10.0 1 253
359.9967786787049 170.45971533536976 0 0 10.0 1 254
404.8350110150146 764.9679748532529 0 0 13.0 1 255
494.42528927890345 292.6088237116503 0 0 10.0 1 256
114.41950284538007 192.5083624699055 0 0 12.0 1 257
362.66258733366107 670.4346827154083 0 0 10.0 1 258
263.17886303632633 304.24522737759935 0 0 11.0 1 259
319.18272430654645 568.6344210103273 0 0 12.0 1 260
372.3353335782223 268.8868190006368 0 0 11.0 1 261
544.2712800687289 322.0141182820224 0 0 10.0 1 262
587.9475434925232 529.0725412127852 0 0 12.0 1 263
515.8503545485722 546.791332683405 0 0 11.0 1 264
153.86111623374188 610.6932602109059 0 0 13.0 1 265
398.883529302314 146.0024537654326 0 0 13.0 1 266
207.1941315836123 180.70591183480894 0 0 12.0 1 267
440.0954371521392 191.8261401626543 0 0 12.0 1 268
517.4816645561798 344.3397943490213 0 0 11.0 1 269
555.829190443901 486.03059575289734 0 0 12.0 1 270
193.26529514771835 472.261758971395 0 0 11.0 1 271
584.78496616753 468.28994273291494 0 0 12.0 1 272
534.3374189679914 198.7105122838792 0 0 12.0 1 273
279.0757681510209 284.82044386379005 0 0 10.0 1 274
497.59131324373703 752.7491113799761 0 0 12.0 1 275
294.6112351855586 495.16936613683185 0 0 12.0 1 276
120.16214550931778 323.9028568601175 0 0 12.0 1 277
31.173419861310663 370.5559210842151 0 0 13.0 1 278
581.8446403302239 232.84280816198327 0 0 13.0 1 279
72.78244914284289 262.32765560562353 0 0 13.0 1 280
457.0066526712453 710.8154461271511 0 0 12.0 1 281
692.7767287343363 325.9339003887684 0 0 12.0 1 282
278.8760929733424 447.2122774985237 0 0 11.0 1 283
464.8887524106088 599.7234333036429 0 0 11.0 1 284
362.31503440435085 546.2218977036433 0 0 13.0 1 285
213.64507542382427 507.2233280877247 0 0 12.0 1 286
548.991488471378 446.2334982786641 0 0 13.0 1 287
463.8255880824753 219.9797391793741 0 0 10.0 1 288
562.3788452656139 165.7819165602156 0 0 11.0 1 289
594.9694451862998 403.45187539555565 0 0 12.0 1 290
175.54740860797546 170.51790000654768 0 0 13.0 1 291
637.3126722862187 487.70231224074865 0 0 13.0 1 292
520.4206574214016 461.0234812690773 0 0 12.0 1 293
369.84773350576023 76.40172926101667 0 0 11.0 1 294
175.49973460239775 578.7977372239541 0 0 11.0 1 295
503.77097477649227 213.98767569341913 0 0 13.0 1 296
564.6589971909586 127.94961010123899 0 0 13.0 1 297
707.6323603613865 301.55544271783214 0 0 10.0 1 298
321.7784877543639 191.16897974197946 0 0 11.0 1 299
615.4973602044445 322.52814869311607 0 0 11.0 1 300
282.1874673116246 625.0249033808269 0 0 12.0 1 301
589.4969685556397 206.26848757049638 0 0 12.0 1 302
197.94888833889468 576.066317836523 0 0 13.0 1 303
576.800362369875 590.6348128382665 0 0 13.0 1 304
582.9203749134475 597.233710205745 0 0 12.0 1 305
160.97354668927278 128.13541124726316 0 0 11.0 1 306
304.2055918358026 302.0590414358163 0 0 13.0 1 307
506.6053399052437 499.75621035147367 0 0 11.0 1 308
469.84056496982896 203.01447899732557 0 0 13.0 1 309
722.6101314036025 570.7269841464737 0 0 12.0 1 310
260.48324231357464 115.35271944972447 0 0 10.0 1 311
609.3345120056464 350.96876420731485 0 0 12.0 1 312
255.27222199027804 688.7609223429802 0 0 11.0 1 313
81.21916249762387 234.89464684243674 0 0 13.0 1 314
444.09658009623894 600.201127928431 0 0 10.0 1 315
103.9394884010635 543.48927998905 0 0 12.0 1 316
486.9566965040844 214.35643578864213 0 0 13.0 1 317
406.12782106791013 525.8509030915538 0 0 13.0 1 318
666.866589454628 342.4567690092477 0 0 13.0 1 319
354.0137396174373 254.0744578354182 0 0 13.0 1 320
418.4333066217757 677.3881994732069 0 0 12.0 1 321
490.19967139978144 504.4414634107137 0 0 10.0 1 322
375.41702338311774 272.34547692833667 0 0 13.0 1 323
434.3313909225875 271.50737142808356 0 0 10.0 1 324
439.52208206678245 240.83340479514393 0 0 10.0 1 325
259.37757443734506 457.7003763321833 0 0 11.0 1 326
619.4331979678874 511.1983436458743 0 0 12.0 1 327
701.7052671853662 607.195395104734 0 0 13.0 1 328
391.37913537285016 250.24793593048423 0 0 10.0 1 329
468.0789245111743 169.85817408084677 0 0 13.0 1 330
59.36794925427989 345.2751792623754 0 0 13.0 1 331
624.1021514521314 591.841668347953 0 0 12.0 1 332
441.78236358036554 267.4283812664334 0 0 11.0 1 333
676.105963321859 206.77863208716215 0 0 13.0 1 334
607.9873574499495 141.22353441437735 0 0 10.0 1 335
338.9321153829069 620.7073027074397 0 0 11.0 1 336
398.6285871744959 88.00301407407466 0 0 12.0 1 337
486.20934248838023 665.3468471034114 0 0 12.0 1 338
67.81771291271224 280.5683118035304 0 0 12.0 1 339
459.088958516868 529.1220158663574 0 0 12.0 1 340
277.13154894085164 550.1310885004357 0 0 13.0 1 341
225.2575663264495 457.62882849620325 0 0 10.0 1 342
673.9231556437444 506.78063870465 0 0 10.0 1 343
286.1759237662971 333.1563041899672 0 0 11.0 1 344
557.9009788238297 405.5929318319184 0 0 10.0 1 345
403.2851581691058 647.9782404482376 0 0 10.0 1 346
247.32611585078266 526.0741254135493 0 0 13.0 1 347
619.0570987093464 329.9001604492303 0 0 10.0 1 348
32.443588832902776 432.60804517237653 0 0 13.0 1 349
707.9880165692512 397.28308083692315 0 0 12.0 1 350
54.30135213338258 360.04446392310024 0 0 11.0 1 351
439.76249363089556 640.7383311819142 0 0 10.0 1 352
437.4810390783032 626.9254761140994 0 0 13.0 1 353
531.8001628785266 440.89886386189517 0 0 13.0 1 354
654.3572159549055 499.1534502257465 0 0 11.0 1 355
490.83260294229507 752.4846638404674 0 0 11.0 1 356
285.1908021164962 303.4658191035607 0 0 12.0 1 357
700.1044348610473 318.40142049807815 0 0 10.0 1 358
636.2101893640453 629.01036317294 0 0 11.0 1 359
290.2023435502453 577.8355269290746 0 0 12.0 1 360
93.65317644762473 322.49113793010605 0 0 12.0 1 361
561.5506842604993 268.9832971909136 0 0 10.0 1 362
493.877399441753 631.7046263544462 0 0 10.0 1 363
560.9370815604418 374.1493563173426 0 0 11.0 1 364
296.52311160330646 123.74371759589206 0 0 12.0 1 365
214.93856353471188 217.37397574988353 0 0 12.0 1 366
508.7274832819757 486.5986973295078 0 0 12.0 1 367
567.6969155201741 484.98084798952993 0 0 12.0 1 368
301.10624598992166 222.71766749674654 0 0 12.0 1 369
327.29772545318804 502.90956843617596 0 0 12.0 1 370
93.85886390445296 345.24048219598944 0 0 13.0 1 371
630.6835569370495 570.7457072926609 0 0 10.0 1 372
522.0774750474667 74.11491275905985 0 0 11.0 1 373
186.03341785340754 403.78176209001737 0 0 12.0 1 374
425.2424492491243 255.18349971116763 0 0 10.0 1 375
172.63439163278278 271.83651014502914 0 0 11.0 1 376
662.8548292337844 149.64757091556305 0 0 10.0 1 377
251.93975031319786 565.4151216264154 0 0 12.0 1 378
197.3303900055285 647.6389088666981 0 0 13.0 1 379
364.6760819715048 81.95563074451991 0 0 10.0 1 380
640.2812047100697 225.43212591350735 0 0 12.0 1 381
262.8086659076357 229.29693075413877 0 0 11.0 1 382
490.48346814786197 264.42071695153845 0 0 13.0 1 383
671.2050079343865 586.2494125395013 0 0 11.0 1 384
237.1393077448479 296.4365174486072 0 0 10.0 1 385
110.07838024233274 454.50187517040683 0 0 12.0 1 386
655.9393071644513 354.22805391748506 0 0 11.0 1 387
456.68594716311577 564.5074569562744 0 0 13.0 1 388
709.8909593226567 391.7784837114157 0 0 13.0 1 389
84.1107215430311 536.198251662551 0 0 12.0 1 390
234.4130938198818 716.2751594762016 0 0 13.0 1 391
326.9766782463354 518.2733887231645 0 0 11.0 1 392
635.3154339921635 278.1326683434822 0 0 10.0 1 393
161.01984316725265 615.806590817323 0 0 12.0 1 394
451.51520254923327 104.45612185952581 0 0 12.0 1 395
188.359021670281 362.1437417110538 0 0 13.0 1 396
764.56717253905 432.35392877043654 0 0 10.0 1 397
768.2926125771027 377.162497484792 0 0 12.0 1 398
437.57406796795465 280.780918405066 0 0 12.0 1 399
191.09215939553008 324.8899864600106 0 0 13.0 1 400
243.57365730876285 438.10248433165003 0 0 11.0 1 401
549.8924232820755 257.2370445716847 0 0 11.0 1 402
259.19843982031915 512.1379536596228 0 0 13.0 1 403
336.8023202318405 255.18959542932987 0 0 11.0 1 404
608.9767184731264 358.79646694513133 0 0 11.0 1 405
420.510582731175 548.5911033542305 0 0 13.0 1 406
326.99797331458814 181.89290680992877 0 0 11.0 1 407
323.87664673280955 597.8616564353956 0 0 10.0 1 408
114.88038767237265 577.771782536328 0 0 13.0 1 409
473.2917198301319 223.62164587358953 0 0 13.0 1 410
438.0939353522889 57.10956255769452 0 0 10.0 1 411
307.0897346335775 226.28562929469263 0 0 10.0 1 412
541.5592041374526 620.4653980196689 0 0 13.0 1 413
313.5054564493179 308.37743762610023 0 0 10.0 1 414
437.7581078999361 107.42637629509937 0 0 10.0 1 415
354.219481017981 591.606743309668 0 0 13.0 1 416
680.445135540024 509.3230348642846 0 0 11.0 1 417
357.4214640013683 155.68244379043648 0 0 12.0 1 418
427.1349801529578 40.021260555434196 0 0 13.0 1 419
498.3881202673549 502.3903207840297 0 0 12.0 1 420
254.23384179099145 265.9991525363131 0 0 10.0 1 421
478.37144608591 584.0052076393581 0 0 13.0 1 422
534.9522367522459 212.51961757142217 0 0 13.0 1 423
376.48751706228285 188.3017167143211 0 0 11.0 1 424
681.0 400.0 0 0 10.0 1 425
420.98985918546214 649.1172932804434 0 0 11.0 1 426
71.95972955178308 244.56969097289718 0 0 10.0 1 427
679.39110013017 514.6499593024496 0 0 12.0 1 428
326.5307721837822 523.847779810898 0 0 12.0 1 429
219.95803284920942 538.2529929675075 0 0 13.0 1 430
643.0162390210724 142.59155497137817 0 0 10.0 1 431
368.0551285017014 523.9496881196446 0 0 10.0 1 432
539.059093933364 644.1793774962002 0 0 10.0 1 433
305.20972592439523 520.0991421312897 0 0 11.0 1 434
534.6859455578069 271.7202429484703 0 0 13.0 1 435
282.52429076324387 722.25526797761 0 0 10.0 1 436
139.1027049928062 295.62758286822475 0 0 12.0 1 437
379.3342967234254 267.60313935714123 0 0 12.0 1 438
234.0585223095859 395.59250843202153 0 0 11.0 1 439
473.9631230995699 592.2640278922656 0 0 11.0 1 440
47.03083855901667 453.4955238468517 0 0 12.0 1 441
271.4140882742998 199.72602938556784 0 0 13.0 1 442
182.87044717015547 589.2055952870098 0 0 10.0 1 443
320.0151707620705 161.0304892004437 0 0 11.0 1 444
739.8360449426207 470.14600885123184 0 0 11.0 1 445
504.4169249177392 196.19100659999518 0 0 13.0 1 446
350.67548853888 735.3924456053264 0 0 10.0 1 447
239.6472577432302 100.18839573703292 0 0 13.0 1 448
651.8694696418213 314.456033162194 0 0 13.0 1 449
222.85118564278093 343.3052244749877 0 0 10.0 1 450
286.9536458490952 652.8824268572022 0 0 11.0 1 451
247.39626394344393 264.6186876205546 0 0 11.0 1 452
140.1239704657575 161.0994992187804 0 0 10.0 1 453
523.3070261907507 52.21216626800543 0 0 12.0 1 454
271.62205605130276 316.7647700339264 0 0 11.0 1 455
657.7491124063595 649.8927671096822 0 0 10.0 1 456
491.20295094837337 191.0358362342753 0 0 11.0 1 457
632.4585028622108 598.9950864897411 0 0 13.0 1 458
465.0668424270198 137.95743472371254 0 0 13.0 1 459
190.02648576571477 161.17972590229192 0 0 10.0 1 460
715.1601604483391 573.9944633204666 0 0 13.0 1 461
660.7335035197416 196.0906080085547 0 0 11.0 1 462
180.4304915620645 136.48865116598228 0 0 13.0 1 463
429.6979900466807 81.38105927740696 0 0 13.0 1 464
481.1775802683842 194.4490319609999 0 0 10.0 1 465
105.21243242771374 460.83822815315017 0 0 12.0 1 466
569.5478049963572 622.8307470276875 0 0 13.0 1 467
546.7501660131949 547.4055249137554 0 0 13.0 1 468
429.9504991477459 167.92465102729918 0 0 10.0 1 469
415.73177787924413 531.0591895471589 0 0 13.0 1 470
626.7877243716985 351.09879271115557 0 0 13.0 1 471
313.98621142192945 649.5949281825394 0 0 12.0 1 472
349.5103480253265 137.8172487681992 0 0 12.0 1 473
543.0397619496619 345.6987430957249 0 0 10.0 1 474
276.2530178503083 195.53072502489798 0 0 12.0 1 475
748.5865135983513 288.44982054094913 0 0 13.0 1 476
524.18087067113 289.84051852264344 0 0 12.0 1 477
141.15632313770823 334.50991717512125 0 0 12.0 1 478
200.20207891812998 571.0257019613217 0 0 12.0 1 479
567.5490704342703 316.95598157234986 0 0 10.0 1 480
615.6249359734347 254.72134710683684 0 0 11.0 1 481
692.1073668209715 476.66346097665064 0 0 10.0 1 482
267.07703202934636 228.47599414113313 0 0 13.0 1 483
478.05959718246044 498.9075289738451 0 0 11.0 1 484
249.08340174971838 328.4934941941428 0 0 12.0 1 485
546.0473339574278 365.7921610748708 0 0 12.0 1 486
398.61100495878435 84.00305271604998 0 0 11.0 1 487
642.232631455734 436.7199163674233 0 0 10.0 1 488
499.60322274624986 171.78913694006383 0 0 12.0 1 489
260.7739087560507 238.8010684994113 0 0 12.0 1 490
596.0409031929632 472.44973619887935 0 0 13.0 1 491
333.3368255605616 730.3407652313849 0 0 12.0 1 492
182.8528519392217 419.2643735706723 0 0 10.0 1 493
413.2769456471386 672.6769566983667 0 0 13.0 1 494
523.9682364815986 450.87117399512664 0 0 13.0 1 495
560.1482763026768 214.5882161315482 0 0 12.0 1 496
206.1899622169583 391.41692045149625 0 0 11.0 1 497
179.324187852893 256.9224478360958 0 0 12.0 1 498
558.9424607555634 381.63442979469005 0 0 11.0 1 499
501.5862763197513 113.47560581429173 0 0 11.0 1 500
597.1576556775315 86.90439350297493 0 0 11.0 1 501
355.4756787149321 522.1375651227092 0 0 10.0 1 502
247.42662149076423 608.0513498400754 0 0 10.0 1 503
165.36879398276193 256.56640155494813 0 0 10.0 1 504
344.69626202358467 224.50784471710423 0 0 13.0 1 505
315.97705346923317 618.3944698390687 0 0 10.0 1 506
491.1624542434832 529.0480799404038 0 0 13.0 1 507
709.7223288234206 593.1245169008764 0 0 12.0 1 508
500.7962692679078 625.497476929724 0 0 10.0 1 509
312.64425722444264 510.67960157197285 0 0 13.0 1 510
693.5790672763696 502.6271467845462 0 0 13.0 1 511
601.8734033064152 407.15045715219946 0 0 10.0 1 512
420.92665496150397 604.9343190198317 0 0 13.0 1 513
297.47976252439986 93.70177782437827 0 0 10.0 1 514
149.389786311169 447.1117904015381 0 0 12.0 1 515
263.54247703118244 335.34441690608116 0 0 13.0 1 516
492.6854103684956 246.86471763560309 0 0 11.0 1 517
316.59268986368915 642.0314455103412 0 0 13.0 1 518
754.8221282012155 310.2377733188385 0 0 12.0 1 519
412.80725820763104 262.5955818133817 0 0 11.0 1 520
561.5522236590538 133.08263632574392 0 0 11.0 1 521
699.8962365987217 280.0364752354969 0 0 11.0 1 522
334.00242302692203 248.77394459392042 0 0 13.0 1 523
501.55542880252654 611.923323116487 0 0 12.0 1 524
274.64691084357804 743.8642218070122 0 0 11.0 1 525
584.6832490188568 295.9034220935245 0 0 10.0 1 526
94.4801205695847 265.0422167015755 0 0 13.0 1 527
279.3785058930881 516.9378260419451 0 0 10.0 1 528
147.4197646562916 187.6248020278336 0 0 11.0 1 529
506.88993600950135 129.3423905006831 0 0 12.0 1 530
657.6127346493022 322.56177335121725 0 0 11.0 1 531
719.2450828737815 258.9908617822503 0 0 10.0 1 532
284.0406424285775 476.6448132075679 0 0 11.0 1 533
136.6433404147823 140.10911933637271 0 0 12.0 1 534
457.01015748781816 72.93144152454187 0 0 12.0 1 535
295.9985840907543 740.469830512003 0 0 13.0 1 536
253.06453275400816 579.5382089283562 0 0 11.0 1 537
170.00900992923346 397.9641988632071 0 0 11.0 1 538
577.5811551344408 364.98666909421956 0 0 13.0 1 539
213.32705583862935 340.25711826396554 0 0 11.0 1 540
368.2303367539226 196.46452766844095 0 0 12.0 1 541
518.9896911507544 338.37651908689287 0 0 11.0 1 542
84.60637403735393 380.4331734270859 0 0 10.0 1 543
588.085196428162 508.226424151312 0 0 13.0 1 544
425.71192327908386 527.431930854439 0 0 12.0 1 545
291.9344657557268 568.2909394723905 0 0 12.0 1 546
210.83944061579493 596.8432949669727 0 0 11.0 1 547
436.78300095832617 566.9970384183498 0 0 10.0 1 548
173.59841562836 247.45058966350877 0 0 12.0 1 549
278.0614899439163 605.5529123250321 0 0 12.0 1 550
536.4999770113432 560.8998330511962 0 0 11.0 1 551
287.89837197180793 536.9752714668924 0 0 12.0 1 552
656.3654665356478 325.39606198088677 0 0 12.0 1 553
339.7602376909496 157.36617911562882 0 0 11.0 1 554
463.83663162039204 557.5591459210234 0 0 13.0 1 555
225.9637280766103 718.5598468969496 0 0 11.0 1 556
110.57086833076056 204.98262195078593 0 0 11.0 1 557
139.14769889415362 290.2499339053281 0 0 10.0 1 558
298.46472825896075 45.24432549644354 0 0 13.0 1 559
578.0531852925558 286.7831143019082 0 0 12.0 1 560
359.0554061251882 221.63929739870747 0 0 12.0 1 561
632.6702480007971 341.139523487763 0 0 10.0 1 562
89.46131802038258 288.34997987298874 0 0 11.0 1 563
532.157779481324 446.1987155943295 0 0 11.0 1 564
520.1285765669887 201.52298598580958 0 0 11.0 1 565
184.50497523232607 322.5216526997407 0 0 10.0 1 566
715.4722458352319 459.31494000397424 0 0 13.0 1 567
600.213119345216 417.7681412099938 0 0 13.0 1 568
407.24531819398965 274.20848452988633 0 0 10.0 1 569
614.5489021465072 432.52335449686063 0 0 12.0 1 570
233.58343691183228 229.8543931512721 0 0 12.0 1 571
302.7599624009249 602.9023782209821 0 0 10.0 1 572
124.06781786142017 467.21183571545725 0 0 10.0 1 573
436.340311802007 620.019048580192 0 0 12.0 1 574
239.08442785931396 144.44143793909848 0 0 11.0 1 575
207.5667926243692 254.91223104917674 0 0 10.0 1 576
527.6528765864015 180.40777996655493 0 0 10.0 1 577
301.92336414872926 106.97786175768692 0 0 10.0 1 578
214.72804116478972 349.61844316256054 0 0 13.0 1 579
234.44400300371734 499.1978420055943 0 0 12.0 1 580
115.26402551923428 618.646803856102 0 0 13.0 1 581
231.00857888525633 516.0469714797391 0 0 13.0 1 582
541.2800350240855 372.1440903291029 0 0 12.0 1 583
565.8033819090492 201.0270406625012 0 0 12.0 1 584
350.1323387624611 580.2282340886079 0 0 12.0 1 585
404.43761284939694 734.9706070570951 0 0 13.0 1 586
514.1159581889368 326.0165688371996 0 0 11.0 1 587
296.4238448117756 137.7101220473332 0 0 13.0 1 588
605.4196845086938 174.54988752198705 0 0 13.0 1 589
637.8326588539754 444.71718218368153 0 0 13.0 1 590
197.54700248748813 213.8877118559904 0 0 11.0 1 591
42.027714065847476 438.15550423041645 0 0 11.0 1 592
96.21839786603755 206.82459213211706 0 0 13.0 1 593
84.1114039146334 391.60983532842647 0 0 10.0 1 594
516.1126147849426 146.3095179400624 0 0 12.0 1 595
111.01132117194987 397.44197161507327 0 0 11.0 1 596
286.4473167844399 502.54164097841743 0 0 11.0 1 597
231.23426052568402 174.0749567230598 0 0 11.0 1 598
654.2436421415283 235.1692673358197 0 0 13.0 1 599
227.73408740604268 369.18676650899727 0 0 13.0 1 600
623.9182027416437 249.13370661094595 0 0 11.0 1 601
578.5852172116304 299.3405732508138 0 0 10.0 1 602
626.8577353987932 408.035414720541 0 0 13.0 1 603
323.50450375539424 559.6165375338392 0 0 10.0 1 604
246.15068339611315 450.7384250890485 0 0 11.0 1 605
547.5603024394725 559.1067476380917 0 0 10.0 1 606
364.9330426995668 559.1832544763726 0 0 10.0 1 607
350.74576248876417 227.90984895355933 0 0 13.0 1 608
194.00000009359425 399.9937902632079 0 0 13.0 1 609
272.1790930230324 292.52527860196426 0 0 10.0 1 610
222.815350579013 144.40931157500685 0 0 13.0 1 611
553.8365251018239 363.9677429988639 0 0 10.0 1 612
703.7386891829822 249.45496124613155 0 0 11.0 1 613
509.5129020242971 72.84266126186822 0 0 12.0 1 614
531.3167598008513 378.90714349819984 0 0 10.0 1 615
213.31606183012127 253.9927836393526 0 0 11.0 1 616
557.097064330337 164.60774783610668 0 0 12.0 1 617
568.5743194308596 662.5389472600637 0 0 12.0 1 618
156.61096315233735 417.25620880631385 0 0 13.0 1 619
479.10975173921435 617.0314428366542 0 0 12.0 1 620
271.53063307426055 458.1087064190877 0 0 13.0 1 621
565.5767051264438 625.7971539224325 0 0 11.0 1 622
248.13746016569354 623.243743462328 0 0 10.0 1 623
61.37443467244958 339.429986737686 0 0 12.0 1 624
436.4691214473387 703.8190303138683 0 0 12.0 1 625
579.6609776421708 627.6443127175801 0 0 13.0 1 626
661.5212180318858 195.47456754936604 0 0 10.0 1 627
226.32695962488344 228.61250031912147 0 0 13.0 1 628
304.84278565246404 170.98230514299317 0 0 11.0 1 629
339.5790104805841 652.8819962462624 0 0 12.0 1 630
349.9618302957184 702.8946707564289 0 0 13.0 1 631
221.68028342689908 290.99046518176056 0 0 11.0 1 632
644.9138226904868 393.50235002998977 0 0 13.0 1 633
86.41016862316292 244.56056595237206 0 0 13.0 1 634
620.0 400.0 0 0 11.0 1 635
364.6832384303314 173.73969337899504 0 0 11.0 1 636
254.82744822721588 445.043647851593 0 0 12.0 1 637
254.49187739676535 551.4179192053637 0 0 10.0 1 638
371.14114345473365 682.5299389425832 0 0 10.0 1 639
209.84929711477025 198.57579541610923 0 0 11.0 1 640
549.1251295314343 153.61474122376362 0 0 12.0 1 641
214.5912188606712 607.1414586132589 0 0 10.0 1 642
576.8269199353982 392.17437630854494 0 0 13.0 1 643
595.2037156538605 480.10311726098297 0 0 10.0 1 644
611.4424521660194 198.61457495136202 0 0 10.0 1 645
691.5231484147137 560.9448785714316 0 0 11.0 1 646
463.2908880715911 713.6785990263112 0 0 13.0 1 647
587.9580076492348 247.56710538558218 0 0 12.0 1 648
245.67168531922042 344.51332333081865 0 0 13.0 1 649
214.0454436345197 121.3498556129615 0 0 12.0 1 650
50.5740705281753 498.33880115575647 0 0 10.0 1 651
587.9689801175963 544.3490994552812 0 0 11.0 1 652
232.6572756766197 514.914805904327 0 0 10.0 1 653
423.8571144691791 562.2554716772427 0 0 13.0 1 654
565.9727540177165 76.04160001047268 0 0 12.0 1 655
516.3526252321489 265.29266314863503 0 0 13.0 1 656
94.27640631055402 328.38237464415226 0 0 12.0 1 657
525.1328071644141 132.854383208046 0 0 12.0 1 658
358.52219651768854 268.38088353782814 0 0 11.0 1 659
167.18700383482454 642.2686707285818 0 0 11.0 1 660
652.521099729825 167.87483076745048 0 0 12.0 1 661
363.02027331391906 67.04730093566928 0 0 10.0 1 662
259.99290862590584 535.7314052272577 0 0 12.0 1 663
301.41777172174324 281.6887821561553 0 0 11.0 1 664
119.84229383860111 492.3940456868476 0 0 12.0 1 665
707.1592387801302 212.24163924871172 0 0 12.0 1 666
592.682215468453 501.96844532583907 0 0 11.0 1 667
640.9213298622195 591.8877609891251 0 0 12.0 1 668
512.7491269321089 590.0753386845522 0 0 10.0 1 669
759.3688202943006 348.78426999170415 0 0 12.0 1 670
527.3325444095888 678.2488510922913 0 0 11.0 1 671
234.97612048508586 554.4121730623823 0 0 11.0 1 672
741.8797035108021 390.9298110622715 0 0 10.0 1 673
516.6960178199442 214.68124912743653 0 0 10.0 1 674
201.76023564895866 373.5236741589096 0 0 12.0 1 675
222.4347596982875 506.3935403894198 0 0 13.0 1 676
649.1402714549945 247.70710739062173 0 0 11.0 1 677
659.5289680397536 453.5697185751482 0 0 12.0 1 678
596.6247971486732 87.75059784485882 0 0 12.0 1 679
586.9706987171182 403.31025999471234 0 0 13.0 1 680
484.04638407469326 658.6893993266233 0 0 12.0 1 681
280.72948208395405 609.4171520101402 0 0 10.0 1 682
273.883832645445 256.557634111125 0 0 10.0 1 683
681.0772747026731 640.6149738601445 0 0 10.0 1 684
534.0388251100107 656.0363125869609 0 0 10.0 1 685
233.02607841831335 402.9511881730509 0 0 11.0 1 686
253.8266892177666 459.97802276634843 0 0 13.0 1 687
145.26190280891186 365.97792129419884 0 0 13.0 1 688
378.25371296370764 204.20393517709508 0 0 12.0 1 689
547.0 400.0 0 0 12.0 1 690
234.30597246798305 513.7826403289149 0 0 10.0 1 691
141.92420273319033 219.38471032301678 0 0 11.0 1 692
290.7276911887609 576.9846392404188 0 0 11.0 1 693
177.03944368026424 491.4854651056327 0 0 13.0 1 694
380.4215554870071 248.2578354232033 0 0 11.0 1 695
617.9658412851967 403.85901967298014 0 0 10.0 1 696
690.6569851110496 540.8812159450474 0 0 10.0 1 697
558.4407087526861 266.7876063951011 0 0 10.0 1 698
389.5560833651289 261.39291286040293 0 0 13.0 1 699
258.17920297020265 493.73826075745717 0 0 13.0 1 700
703.0189086678929 505.927055041284 0 0 13.0 1 701
421.33100604042204 554.5347474883997 0 0 10.0 1 702
422.08133186310613 662.0713925310265 0 0 12.0 1 703
340.08101184063526 56.18214872121911 0 0 11.0 1 704
212.91163351255736 461.700430509522 0 0 12.0 1 705
578.4165061354253 376.17668498240084 0 0 10.0 1 706
575.9717750085333 300.8136380325092 0 0 12.0 1 707
660.0238563916887 343.93223647054907 0 0 12.0 1 708
267.74126662841 448.8735863932929 0 0 11.0 1 709
490.3553820766495 546.3554062198684 0 0 13.0 1 710
703.4022401956809 537.2446015121993 0 0 11.0 1 711
532.265012402116 222.94925446565298 0 0 11.0 1 712
383.0341261262411 601.2862616367538 0 0 11.0 1 713
408.3163285921637 570.7976541956803 0 0 13.0 1 714
308.01373939848094 302.560132078551 0 0 13.0 1 715
675.9282250896495 640.4570951310768 0 0 10.0 1 716
488.3431146851305 293.98351973523233 0 0 10.0 1 717
639.5456007506817 304.1777418289727 0 0 10.0 1 718
720.9798676154971 472.2005857700469 0 0 13.0 1 719
274.9783421676086 318.9408544774839 0 0 11.0 1 720
220.46197928264257 159.65420927985087 0 0 11.0 1 721
584.7376147221529 300.1400295074677 0 0 12.0 1 722
271.0773224968867 89.71796180663591 0 0 10.0 1 723
212.73548699345724 416.61331298755226 0 0 12.0 1 724
492.424383402541 492.83713347933633 0 0 12.0 1 725
64.36404586896282 488.0767068784266 0 0 13.0 1 726
633.258452446642 381.38564096731506 0 0 10.0 1 727
578.7092746161961 371.2946840088283 0 0 10.0 1 728
232.05922739765322 395.5394061239736 0 0 13.0 1 729
125.2233197321475 168.96152705452198 0 0 10.0 1 730
654.0369263790571 431.6423772160289 0 0 12.0 1 731
472.1405409846324 226.3919865143185 0 0 11.0 1 732
362.5121204169877 626.9243461693117 0 0 12.0 1 733
166.5546309702089 203.71383217724014 0 0 10.0 1 734
482.3750141533434 669.7004950741405 0 0 11.0 1 735
244.7376401226572 493.03010053374385 0 0 12.0 1 736
387.6025450017717 235.46640735227683 0 0 13.0 1 737
610.9578646340884 212.86160375533402 0 0 11.0 1 738
386.1926063038883 53.274812164849266 0 0 11.0 1 739
651.6462581750085 195.91628985507694 0 0 11.0 1 740
619.4331979678874 511.1983436458743 0 0 13.0 1 741
511.28745344199217 661.2873948478885 0 0 13.0 1 742
744.0779069723098 458.40713940567963 0 0 10.0 1 743
83.31040217925658 385.9750710470325 0 0 10.0 1 744
602.7256558593995 177.50661030858393 0 0 13.0 1 745
624.1349882526652 501.3879038198229 0 0 13.0 1 746
603.9786594012861 512.6130832046354 0 0 13.0 1 747
500.6248983817454 99.39456121742671 0 0 13.0 1 748
214.70424698166198 210.55216044154247 0 0 11.0 1 749
211.9073299549701 207.6925704104714 0 0 11.0 1 750
574.3236109764372 201.7393668522775 0 0 11.0 1 751
660.6863395200935 365.1914897242857 0 0 11.0 1 752
326.5307721837822 523.847779810898 0 0 10.0 1 753
424.504164902671 74.92224637415944 0 0 10.0 1 754
125.57237072894651 639.1348495988597 0 0 11.0 1 755
572.3533578731575 491.210306598801 0 0 11.0 1 756
450.03935838160174 648.0021423551773 0 0 12.0 1 757
144.47286272677525 147.8356049777238 0 0 10.0 1 758
286.0042441460181 195.64499603073247 0 0 10.0 1 759
284.5373346469404 209.21904468850312 0 0 10.0 1 760
225.2219990330154 182.5289665771905 0 0 13.0 1 761
692.8680003536876 187.22703562521772 0 0 11.0 1 762
198.426885719873 497.6948289287149 0 0 11.0 1 763
94.36067550151392 438.060521805529 0 0 12.0 1 764
214.5522836040028 700.3633540955184 0 0 12.0 1 765
675.2190965339272 360.77693404323344 0 0 13.0 1 766
53.054186893142116 406.13210955717767 0 0 13.0 1 767
302.42400211618644 533.0560958279552 0 0 12.0 1 768
306.0457322560845 307.28217230378704 0 0 11.0 1 769
165.89904338766976 248.21811006186584 0 0 10.0 1 770
606.7741017630228 151.8599773513046 0 0 13.0 1 771
318.003010427388 212.11308267729507 0 0 12.0 1 772
599.7183328737071 430.27519635191635 0 0 10.0 1 773
155.0328146578537 228.55882027486356 0 0 11.0 1 774
355.0728181265201 644.9133486131518 0 0 10.0 1 775
197.14012545459178 666.5949573780817 0 0 10.0 1 776
195.71862413166042 298.7423115346881 0 0 10.0 1 777
692.6605639805613 624.7460662405012 0 0 13.0 1 778
319.2787185058725 74.8706800149426 0 0 11.0 1 779
719.4037554308895 313.1539234239996 0 0 11.0 1 780
663.794634450606 588.1180236847898 0 0 12.0 1 781
322.89310424441555 89.42870926800487 0 0 10.0 1 782
135.16937107156275 337.9618022395204 0 0 11.0 1 783
572.3317423865093 341.4699174267643 0 0 11.0 1 784
573.7001493616041 705.0069804311968 0 0 13.0 1 785
665.2830286410702 575.3536846348576 0 0 13.0 1 786
398.60221385092854 82.00307203703767 0 0 12.0 1 787
514.3154829131925 600.7310896854884 0 0 11.0 1 788
559.6854150667424 669.2017240192979 0 0 10.0 1 789
193.6236632889948 238.5911785380185 0 0 13.0 1 790
267.80877237721654 652.4885726910853 0 0 12.0 1 791
335.3787844297321 194.94123159879027 0 0 12.0 1 792
674.3817524101643 222.11336771885493 0 0 10.0 1 793
581.5195394798485 629.999253883624 0 0 13.0 1 794
278.32583835513867 700.285528102871 0 0 13.0 1 795
230.58653804047478 164.6299107641574 0 0 13.0 1 796
64.36404586896282 488.0767068784266 0 0 11.0 1 797
81.95750170830848 498.68114956960835 0 0 13.0 1 798
492.7692746017228 483.77864698042185 0 0 13.0 1 799
208.93991945079128 245.04179395549951 0 0 12.0 1 800
568.0035997300504 562.8827507065895 0 0 11.0 1 801
420.48610256501104 643.1384782417128 0 0 10.0 1 802
545.2044804414212 371.37031506046685 0 0 11.0 1 803
147.0605009767392 229.56934010025702 0 0 11.0 1 804
407.42677643879034 639.8850620437383 0 0 10.0 1 805
177.0609297934526 378.22453271591775 0 0 13.0 1 806
338.47321679174036 735.4034211931116 0 0 12.0 1 807
274.01033732264943 585.2096242057831 0 0 12.0 1 808
235.35442846401483 427.94343882897715 0 0 12.0 1 809
480.33845536551564 647.2766317092722 0 0 13.0 1 810
572.8915780792565 406.1239063729233 0 0 10.0 1 811
478.75524646083295 150.11680497701838 0 0 12.0 1 812
529.5066987720784 374.46541613501097 0 0 12.0 1 813
568.1451401363868 656.8583497737905 0 0 12.0 1 814
209.2369868381785 171.0601109255473 0 0 10.0 1 815
192.22591333119502 480.98721447823675 0 0 10.0 1 816
186.68000025599898 552.1136999392869 0 0 10.0 1 817
315.06129477925504 633.0008934648608 0 0 13.0 1 818
639.8752280530583 163.29580703651817 0 0 13.0 1 819
385.53927105708476 269.80058633603784 0 0 10.0 1 820
187.6283260262948 502.9284804784675 0 0 13.0 1 821
270.55245724394945 309.4056642255132 0 0 11.0 1 822
414.33551694153 40.285539692912664 0 0 10.0 1 823
385.22958527214996 143.42479689422964 0 0 10.0 1 824
359.09963786378 571.1816589974699 0 0 11.0 1 825
360.85633723311827 196.73472095512074 0 0 13.0 1 826
560.4569601033115 217.5100990344827 0 0 10.0 1 827
276.8795993950897 368.8492864465933 0 0 12.0 1 828
550.662827403248 379.8825339851385 0 0 12.0 1 829
392.04184801376846 200.15839317858746 0 0 11.0 1 830
412.2520824513355 237.46112318707972 0 0 13.0 1 831
374.0472523416263 707.9081923057273 0 0 10.0 1 832
553.6272458640585 355.29352028817186 0 0 13.0 1 833
171.59880935313285 308.62770599851706 0 0 12.0 1 834
593.96128314812 664.5052374519923 0 0 10.0 1 835
688.818878987891 410.2301094900279 0 0 10.0 1 836
345.0686175757772 520.02726034099 0 0 13.0 1 837
601.782616115318 281.51043998031645 0 0 13.0 1 838
245.02420451999143 402.73912674744247 0 0 12.0 1 839
411.5480553140103 110.23001808595745 0 0 10.0 1 840
146.70718859961835 654.4086313254538 0 0 10.0 1 841
286.66823579259346 242.54552651119494 0 0 12.0 1 842
469.79099351618015 69.28378143183767 0 0 11.0 1 843
618.0603361441846 476.2278807306436 0 0 11.0 1 844
566.031274207673 207.77717100984995 0 0 13.0 1 845
212.02666865754463 544.3434331863402 0 0 13.0 1 846
179.1421845318052 196.9684129338077 0 0 11.0 1 847
539.0538590536603 220.57585368104782 0 0 11.0 1 848
193.9882501852296 165.68576880979586 0 0 12.0 1 849
280.5950212711095 582.3909292008602 0 0 13.0 1 850
363.7862758354445 119.32658447559822 0 0 10.0 1 851
421.6750613165103 547.415032194568 0 0 12.0 1 852
146.2487134180794 388.76235976639197 0 0 11.0 1 853
627.5714130563283 228.43003771188268 0 0 13.0 1 854
462.8979476794525 146.69218689958882 0 0 13.0 1 855
503.86434930615314 526.9180717754938 0 0 13.0 1 856
458.58315612910036 243.61261618035346 0 0 13.0 1 857
275.88360833221986 647.6370758173546 0 0 12.0 1 858
450.57209462230236 179.73092989365733 0 0 12.0 1 859
412.06110813366433 647.7065394182964 0 0 10.0 1 860
416.6391661931922 271.06925057072175 0 0 12.0 1 861
556.6433553062104 639.2882346426843 0 0 11.0 1 862
544.7165849033893 191.2582694957711 0 0 10.0 1 863
238.99168337205361 506.42049603640726 0 0 13.0 1 864
529.2673545216837 413.7822732147248 0 0 11.0 1 865
680.0037143028806 462.98348971429624 0 0 10.0 1 866
452.3888494865215 127.99924917478887 0 0 10.0 1 867
268.6251907711417 387.1680282075944 0 0 11.0 1 868
322.4067771593813 582.162816648201 0 0 12.0 1 869
104.08322058007411 311.0378751504948 0 0 13.0 1 870
241.29635104656148 362.82269766559494 0 0 12.0 1 871
606.0447655293 302.38056239674506 0 0 13.0 1 872
429.17002606528814 576.60721836706 0 0 12.0 1 873
385.93656949684777 611.5330232433769 0 0 13.0 1 874
322.7392120516574 277.29804139460026 0 0 12.0 1 875
201.28025724081684 410.55764356871714 0 0 12.0 1 876
684.674421461531 469.3503696135975 0 0 13.0 1 877
142.14655795797847 190.8694129805928 0 0 12.0 1 878
481.14073524825665 506.640428934679 0 0 10.0 1 879
311.1898021449138 690.7382822349689 0 0 11.0 1 880
350.6224945559699 515.9217924124915 0 0 10.0 1 881
209.43351619267787 488.2293332702544 0 0 13.0 1 882
606.9919462007629 398.1740186144256 0 0 12.0 1 883
437.64400011777406 627.9121086189433 0 0 10.0 1 884
562.6875226289098 389.9118891328485 0 0 13.0 1 885
343.6808777154337 525.9847469541296 0 0 13.0 1 886
641.019785811865 280.54095744899524 0 0 13.0 1 887
520.1927798920917 343.05532806476793 0 0 10.0 1 888
170.09675392966128 173.12228525850915 0 0 10.0 1 889
293.25451903709234 525.8189266128015 0 0 10.0 1 890
150.68508062478625 470.1645991717381 0 0 13.0 1 891
357.33248236360305 554.2059756907876 0 0 10.0 1 892
559.4852114294124 320.952752512718 0 0 11.0 1 893
380.40190108094606 59.563641015300846 0 0 13.0 1 894
364.1172821624434 194.10334980726302 0 0 10.0 1 895
675.7236966807957 300.8766269304935 0 0 12.0 1 896
265.83197990893314 452.2966766137493 0 0 12.0 1 897
670.8347447834335 259.7375994141965 0 0 10.0 1 898
407.68409308515714 557.8130372100437 0 0 12.0 1 899
292.2424192170451 281.72784019979616 0 0 13.0 1 900
96.5833471751759 381.1762174741586 0 0 10.0 1 901
436.6983341506973 240.15872788743278 0 0 10.0 1 902
485.8786961150655 280.694302090905 0 0 11.0 1 903
764.3299576429633 341.47921767545665 0 0 11.0 1 904
429.9247812781913 208.3218649259848 0 0 13.0 1 905
196.6743963962735 356.15140915399587 0 0 13.0 1 906
293.5379210233959 172.6966218025361 0 0 10.0 1 907
308.90082758677516 236.6906592211409 0 0 11.0 1 908
450.4848984982486 110.36699942233525 0 0 12.0 1 909
440.0954371521392 191.8261401626543 0 0 13.0 1 910
276.46192703828336 362.8604721502066 0 0 11.0 1 911
193.92668223807848 297.8540861972731 0 0 11.0 1 912
545.9486453584126 396.12793103827966 0 0 11.0 1 913
413.42284614875547 675.6734067719751 0 0 11.0 1 914
537.6095482669637 380.38846702161675 0 0 12.0 1 915
435.58221693621095 124.28655122046655 0 0 12.0 1 916
223.3426656892844 180.1905683683431 0 0 11.0 1 917
193.78453101671562 558.351445689656 0 0 13.0 1 918
185.84111544464525 418.9992675123603 0 0 10.0 1 919
479.7671290494206 78.7552255316624 0 0 11.0 1 920
206.07720227770048 314.33817347525155 0 0 10.0 1 921
270.9944806703859 681.8822023159613 0 0 13.0 1 922
47.720908451420314 443.86845857455455 0 0 12.0 1 923
560.3811957632856 320.50866685267715 0 0 13.0 1 924
698.0 400.0 0 0 11.0 1 925
564.5044473954408 311.0770738947451 0 0 11.0 1 926
668.3756939772899 483.2795706173373 0 0 10.0 1 927
625.5149196915245 138.90993700156787 0 0 12.0 1 928
486.55284064442634 589.1364739450869 0 0 10.0 1 929
441.55506506507527 651.5912887351972 0 0 11.0 1 930
361.72981605586745 525.2852466209899 0 0 10.0 1 931
61.16273505762456 495.35883748436993 0 0 10.0 1 932
239.13437047552364 561.5742839615696 0 0 10.0 1 933
518.85737705163 568.2525599222986 0 0 11.0 1 934
302.2942580240176 200.6571095199963 0 0 12.0 1 935
353.8296779126153 579.146033610424 0 0 10.0 1 936
645.018232661574 613.5206445836064 0 0 13.0 1 937
644.6136093256478 426.08030162170996 0 0 11.0 1 938
149.4404095555637 134.5854343930681 0 0 12.0 1 939
545.7405587104536 127.52855278623264 0 0 12.0 1 940
158.91504772782793 224.83708786411285 0 0 10.0 1 941
127.95418662393536 466.2651901420001 0 0 11.0 1 942
256.2214993615838 258.113627313371 0 0 13.0 1 943
349.2990437492054 676.388156467051 0 0 12.0 1 944
411.6234066288136 638.7171891974712 0 0 12.0 1 945
237.32320340699718 507.52329910414204 0 0 10.0 1 946
315.7253007474682 575.8487277915178 0 0 11.0 1 947
584.6099862065354 143.53332966480264 0 0 12.0 1 948
168.81342897939058 307.51340973020626 0 0 11.0 1 949
713.8032110802692 411.11506705836945 0 0 12.0 1 950
554.4977275554252 463.3991496804936 0 0 13.0 1 951
98.74991121715391 208.43438719768275 0 0 11.0 1 952
465.75016682371387 233.51301683718995 0 0 10.0 1 953
552.0149916295813 196.51181282477765 0 0 11.0 1 954
519.9471846575527 583.2312006529645 0 0 11.0 1 955
515.5854596430978 293.75028696935783 0 0 12.0 1 956
547.6010898249258 466.76764397890776 0 0 11.0 1 957
58.12057005950834 390.9195053238034 0 0 13.0 1 958
398.3271298498945 525.9888943735157 0 0 13.0 1 959
626.0740649853954 223.1963882128556 0 0 12.0 1 960
289.2690077664728 478.9597831745917 0 0 13.0 1 961
143.20765756481183 631.8915541080551 0 0 12.0 1 962
132.507107292914 273.2579298291393 0 0 13.0 1 963
204.0538555312999 106.37760904888182 0 0 11.0 1 964
724.9649622586767 270.00856449666844 0 0 13.0 1 965
501.80296176087927 182.6611931184103 0 0 13.0 1 966
576.4237306210784 722.9530419019786 0 0 13.0 1 967
63.396795280688934 488.3305302411886 0 0 13.0 1 968
275.5920367150963 387.84851156022194 0 0 13.0 1 969
565.9296312086105 602.7593585681669 0 0 12.0 1 970
204.0005184824241 567.7742627605362 0 0 13.0 1 971
488.1587552158103 583.96748049261 0 0 11.0 1 972
466.8767516168546 659.5216755748497 0 0 13.0 1 973
268.142412366764 66.09196388295254 0 0 13.0 1 974
379.48493809541816 548.5904850084661 0 0 11.0 1 975
179.37975349496747 325.0619800631303 0 0 12.0 1 976
438.63640191192496 178.34209139464434 0 0 11.0 1 977
500.3280398378605 132.17489956635382 0 0 10.0 1 978
667.1475113801049 493.3874036656803 0 0 12.0 1 979
257.73969921583875 371.94635815442206 0 0 11.0 1 980
366.22385094375454 553.3237481766288 0 0 12.0 1 981
149.67725918965263 281.3934005495662 0 0 11.0 1 982
491.3690261130523 574.5299431821152 0 0 10.0 1 983
383.01924345697216 174.63883673705794 0 0 12.0 1 984
550.219538972539 198.91521661031177 0 0 13.0 1 985
685.2832612135655 420.2351395189787 0 0 12.0 1 986
287.4222874455266 492.96374904231413 0 0 13.0 1 987
490.46266844705616 244.38346611803107 0 0 13.0 1 988
642.7623816062247 389.25634713546 0 0 10.0 1 989
249.93325476907643 322.27631007345906 0 0 13.0 1 990
331.44473673223695 536.7814895308853 0 0 12.0 1 991
610.1739710539332 418.65212833486913 0 0 12.0 1 992
108.85024609765134 592.4391353197209 0 0 11.0 1 993
318.1384323985012 232.9829836518888 0 0 10.0 1 994
457.68820797269274 749.2679067147443 0 0 10.0 1 995
168.01733736595293 321.20251122517993 0 0 10.0 1 996
78.14194487535258 318.566638584795 0 0 11.0 1 997
166.25589924862587 134.1434684572684 0 0 13.0 1 998
389.7699073091155 222.29421730417462 0 0 13.0 1 999
694.6956994726963 569.5713558131156 0 0 11.0 1 1000
696.9205974874592 218.50025127375469 0 0 13.0 1 1001
66.29854704551053 487.5690601529025 0 0 11.0 1 1002
81.67389807848946 259.38530362918647 0 0 12.0 1 1003
551.6888735232543 552.3662877714298 0 0 12.0 1 1004
557.2246340983966 525.2254544117343 0 0 13.0 1 1005
454.1396707729103 626.6228056674811 0 0 12.0 1 1006
326.7175117616379 572.0426601677453 0 0 11.0 1 1007
369.84773350576023 76.40172926101667 0 0 13.0 1 1008
335.1151244606807 117.35189205259655 0 0 11.0 1 1009
703.0 400.0 0 0 12.0 1 1010
566.318024686116 423.71317491413777 0 0 12.0 1 1011
585.2734774704858 349.62402808884565 0 0 13.0 1 1012
364.98699740124454 573.5024197209351 0 0 11.0 1 1013
539.2119953324142 160.52344508163668 0 0 11.0 1 1014
566.7117329362563 420.765310048019 0 0 10.0 1 1015
501.96954863250136 695.9243334903096 0 0 11.0 1 1016
332.5842124793629 547.3061831457604 0 0 10.0 1 1017
275.23986314768746 392.25995784299283 0 0 11.0 1 1018
326.208795373935 734.9684434686858 0 0 12.0 1 1019
298.9750073023722 285.09590585864987 0 0 10.0 1 1020
102.5304162582284 245.93233061898692 0 0 13.0 1 1021
572.9437266093717 114.2615401692259 0 0 12.0 1 1022
188.89748763912448 234.89479331369833 0 0 12.0 1 1023
107.79805816210603 535.2849776810568 0 0 10.0 1 1024
130.9612743567023 242.00580990355883 0 0 13.0 1 1025
357.60220539719757 707.0870023508298 0 0 10.0 1 1026
369.88114096895305 536.7218136606881 0 0 11.0 1 1027
439.579369452234 579.6927197016162 0 0 11.0 1 1028
139.14769889415362 290.2499339053281 0 0 12.0 1 1029
132.9470273331072 236.74648613345005 0 0 13.0 1 1030
151.16686123916722 171.25107857209002 0 0 10.0 1 1031
162.94594473080429 182.07942988228695 0 0 10.0 1 1032
332.86014551541035 165.41901198138814 0 0 12.0 1 1033
622.2671062613908 507.73269454621277 0 0 11.0 1 1034
295.3393199817806 46.15378756001377 0 0 11.0 1 1035
185.84569923517543 269.084242873789 0 0 11.0 1 1036
533.7950070231325 239.43880887437356 0 0 11.0 1 1037
531.1155005500088 621.0378372938005 0 0 10.0 1 1038
235.00861520160248 330.5821136715679 0 0 11.0 1 1039
292.46933754546023 198.94986537659855 0 0 12.0 1 1040
560.4977334186736 278.9980265968015 0 0 11.0 1 1041
361.1985921947953 177.35577538967195 0 0 12.0 1 1042
434.9977551209544 590.817077685656 0 0 13.0 1 1043
294.81037615060626 175.4133952471273 0 0 10.0 1 1044
210.06257209396685 462.640030974134 0 0 10.0 1 1045
552.2518414884671 508.57429144770276 0 0 13.0 1 1046
478.6465715470989 571.85958449818 0 0 12.0 1 1047
650.6303702998886 497.700652420241 0 0 10.0 1 1048
413.7146471519893 681.6663069191919 0 0 11.0 1 1049
473.30913550387106 125.62476304944158 0 0 10.0 1 1050
722.1795482964594 271.1227768009827 0 0 10.0 1 1051
401.16395857085735 137.002575677165 0 0 10.0 1 1052
530.6921204283663 739.7286706445857 0 0 10.0 1 1053
212.96843775513204 366.5456322097684 0 0 13.0 1 1054
228.38331852480746 727.7921820901809 0 0 12.0 1 1055
114.1502742890168 532.3439999053817 0 0 10.0 1 1056
190.37686781194566 497.05226659727987 0 0 13.0 1 1057
650.1205166008568 336.7249877493452 0 0 12.0 1 1058
109.65489645443176 490.087295703186 0 0 12.0 1 1059
79.11139684861956 318.81191979387694 0 0 12.0 1 1060
562.1203957015325 647.6549561336872 0 0 11.0 1 1061
566.1394097162463 292.2888281600406 0 0 12.0 1 1062
147.85819955253288 478.2337041632931 0 0 10.0 1 1063
245.44326817360758 274.6476300696927 0 0 12.0 1 1064
611.8576634124946 516.962944787647 0 0 12.0 1 1065
526.5743560964373 370.35320626488806 0 0 12.0 1 1066
307.2281999872875 483.77585047256326 0 0 10.0 1 1067
570.0634781006847 590.0089824621402 0 0 10.0 1 1068
557.8957399723341 473.1090644078355 0 0 13.0 1 1069
240.9501719038948 324.6398501686774 0 0 11.0 1 1070
240.7374577310141 194.48736625204893 0 0 10.0 1 1071
269.41545405900456 389.57520449197887 0 0 12.0 1 1072
206.4945835155689 424.0967589353187 0 0 11.0 1 1073
74.73308986888719 572.1204147501353 0 0 12.0 1 1074
568.047560878189 417.91695517914224 0 0 10.0 1 1075
270.0720945144942 637.8229160029568 0 0 13.0 1 1076
205.55030717335464 575.5941825904927 0 0 11.0 1 1077
670.2474873236861 460.7889430343556 0 0 11.0 1 1078
422.92313606728163 154.0660051297485 0 0 13.0 1 1079
356.52419258784766 248.09919628303 0 0 12.0 1 1080
515.5440473531714 54.8253005777392 0 0 11.0 1 1081
217.85398314883784 630.7787437032625 0 0 12.0 1 1082
534.4070300373356 715.5689311014992 0 0 10.0 1 1083
644.9040853440364 283.9698789891136 0 0 12.0 1 1084
109.24570753877788 436.2069249643506 0 0 11.0 1 1085
342.5505789997411 228.35920057650918 0 0 10.0 1 1086
204.79147805913135 433.1305442403442 0 0 11.0 1 1087
358.36015011436456 133.2302061673741 0 0 11.0 1 1088
474.6031547768285 147.8029157635946 0 0 13.0 1 1089
581.9359825700759 395.17317430799244 0 0 11.0 1 1090
309.03406950320556 278.22479936845775 0 0 11.0 1 1091
668.2154025250134 369.0081002785395 0 0 13.0 1 1092
630.6883405379185 522.0814872937798 0 0 11.0 1 1093
657.9860592557759 422.89526653427066 0 0 13.0 1 1094
240.90075963343645 509.2539780272665 0 0 12.0 1 1095
665.4525148498019 498.10179590565957 0 0 13.0 1 1096
226.9175537691312 664.3831817773937 0 0 11.0 1 1097
705.3257499453828 601.8221653344588 0 0 11.0 1 1098
431.1306249780752 611.7236032861581 0 0 10.0 1 1099
178.1013845286254 352.14600902863975 0 0 10.0 1 1100
432.68019515167225 636.755158011074 0 0 10.0 1 1101
592.8879231949259 700.405141576419 0 0 11.0 1 1102
252.38284975035927 300.5355493044123 0 0 12.0 1 1103
227.07760726934413 314.2862549394509 0 0 10.0 1 1104
510.6357199311076 337.6402575748944 0 0 12.0 1 1105
344.06656071976397 704.912201084647 0 0 12.0 1 1106
607.897530857645 429.6414686426722 0 0 11.0 1 1107
60.799834604411785 257.28613313484357 0 0 12.0 1 1108
568.645939943227 204.75003984465076 0 0 12.0 1 1109
548.4019544256846 337.5671566990817 -10 13 12.0 1 1110
746.9864991867862 396.9390553584816 16 3 12.0 1 1111
131.15467824390936 321.75555630037303 6 3 13.0 1 1112
644.6513696621663 235.16460537121873 -8 -4 11.0 1 1113
576.8106459993743 251.3426911945331 11 7 13.0 1 1114
244.49586975098623 331.3089126924187 8 -10 12.0 1 1115
707.2728716776768 358.97095746969035 -6 -16 13.0 1 1116
567.3663004642136 545.8510249155712 19 -10 12.0 1 1117
203.41059261027578 257.1658132583202 2 -11 13.0 1 1118
385.4288838132457 268.8066976821145 -4 -12 13.0 1 1119
472.27781665045865 85.19066529049257 14 -2 12.0 1 1120
89.87679471751215 225.18696402923516 7 0 13.0 1 1121
41.014063324325264 396.822379964745 -15 -9 13.0 1 1122
522.8962199611514 573.9698799196582 -9 2 13.0 1 1123
496.757047743939 680.7972110115717 16 20 10.0 1 1124
334.18408283574183 153.6399686478598 8 13 13.0 1 1125
163.46367004718573 282.7542554612178 -6 1 12.0 1 1126
194.00000009359425 399.9937902632079 7 -16 12.0 1 1127
515.3601834244018 174.83111209519117 11 2 12.0 1 1128
589.1159159743827 706.3252688322826 -1 3 13.0 1 1129
36.00000016538013 399.98902745537714 -17 2 10.0 1 1130
581.8606925904193 520.2110165106885 -17 9 10.0 1 1131
529.240720296083 520.9373235082934 17 -1 12.0 1 1132
277.86462653321246 506.428147348943 4 1 11.0 1 1133
78.4833079950991 440.0376917694526 -5 -16 12.0 1 1134
524.4077784226132 441.03297049873413 -6 10 13.0 1 1135
227.54488216961713 90.84755809777477 -13 16 11.0 1 1136
189.77126805034018 96.74288093626211 -5 -14 10.0 1 1137
537.6468544835742 490.9854024048789 3 -6 11.0 1 1138
333.7286722284279 85.91543954630168 -12 0 12.0 1 1139
527.9549767525809 396.60530940342323 -15 -10 12.0 1 1140
323.2907457386426 534.6873799235341 -8 14 11.0 1 1141
326.13735130498986 255.8184854852831 -9 -3 11.0 1 1142
478.84636771177105 550.6095956393888 -16 -13 11.0 1 1143
407.27970281018344 71.08054796501409 2 -14 10.0 1 1144
573.0 400.0 7 -1 12.0 1 1145
139.000423478168 180.5456287620947 -5 -13 12.0 1 1146
454.8831466294505 514.5287746203994 15 4 10.0 1 1147
589.3197370659234 374.72081573132533 -4 13 11.0 1 1148
513.6162300944586 79.54508545019468 -3 12 10.0 1 1149
568.174065542962 174.88117875497053 -1 1 10.0 1 1150
413.60142875217946 561.4280060457273 11 -8 10.0 1 1151
431.4242735550323 219.71823433431072 -11 20 10.0 1 1152
426.7256104732249 561.8077307944013 -14 -8 13.0 1 1153
575.2568007489133 358.95059328984496 4 19 11.0 1 1154
556.1339959000258 497.355920848661 -17 12 13.0 1 1155
485.3651968505398 495.3770578633488 1 4 10.0 1 1156
510.5243346960244 282.9300574869827 2 -9 11.0 1 1157
494.48805969681297 538.9100664989097 -9 -2 12.0 1 1158
321.9292680474707 85.54656813385492 13 21 13.0 1 1159
249.44726498059885 700.3828789697875 19 7 12.0 1 1160
430.799636459997 586.4735434154991 9 -9 11.0 1 1161
543.2414283252278 524.8274537565699 2 13 11.0 1 1162
603.2310273468643 467.03095944068025 5 -14 11.0 1 1163
498.2339281492867 163.5975986577954 15 -9 13.0 1 1164
416.311487154521 645.4586225554276 7 8 10.0 1 1165
564.7673619525985 408.7587918790996 -15 10 11.0 1 1166
411.32799749377745 203.32596390783817 -9 15 11.0 1 1167
445.25285712966433 279.1977693848239 -4 -7 11.0 1 1168
153.7833370425506 380.34408785892197 -10 -15 10.0 1 1169
632.8923928748087 377.2594340209891 -4 -13 12.0 1 1170
442.53283130190056 657.5110837642607 14 -10 10.0 1 1171
684.0308425939114 531.5122825267385 15 -5 10.0 1 1172
238.31086263940296 389.9689053645187 -9 14 13.0 1 1173
143.09981763504373 307.6349833494725 18 -1 13.0 1 1174
