400 400 -7.071067811865475 -7.071067811865477 5 2 -1 10 187
57.15728752538104 57.15728752538092
800.0 400.0 0 0 24.0 1 0
799.4518139018296 420.9343824971775 0 0 24.0 1 1
797.8087581473094 441.8113853070614 0 0 24.0 1 2
795.0753362380551 462.57378601609236 0 0 24.0 1 3
791.2590402935223 483.16467632710373 0 0 24.0 1 4
786.3703305156273 503.5276180410083 0 0 24.0 1 5
780.4226065180615 523.6067977499789 0 0 24.0 1 6
773.4321705988807 543.3471798181201 0 0 24.0 1 7
765.4181830570403 562.6946572303201 0 0 24.0 1 8
756.4026096753471 581.5961998958187 0 0 24.0 1 9
746.4101615137755 600.0 0 0 24.0 1 10
735.4682271781696 617.8556140060108 0 0 24.0 1 11
723.606797749979 635.1141009169893 0 0 24.0 1 12
710.8583845827884 651.728156419935 0 0 24.0 1 13
697.2579301909577 667.6522425435433 0 0 24.0 1 14
682.842712474619 682.842712474619 0 0 24.0 1 15
667.6522425435433 697.2579301909577 0 0 24.0 1 16
651.728156419935 710.8583845827884 0 0 24.0 1 17
635.1141009169893 723.606797749979 0 0 24.0 1 18
617.8556140060108 735.4682271781696 0 0 24.0 1 19
600.0 746.4101615137754 0 0 24.0 1 20
581.5961998958187 756.4026096753471 0 0 24.0 1 21
562.6946572303201 765.4181830570403 0 0 24.0 1 22
543.3471798181201 773.4321705988807 0 0 24.0 1 23
523.606797749979 780.4226065180615 0 0 24.0 1 24
503.5276180410083 786.3703305156273 0 0 24.0 1 25
483.1646763271038 791.2590402935223 0 0 24.0 1 26
462.57378601609236 795.0753362380551 0 0 24.0 1 27
441.8113853070614 797.8087581473094 0 0 24.0 1 28
420.9343824971776 799.4518139018296 0 0 24.0 1 29
400.0 800.0 0 0 24.0 1 30
379.0656175028225 799.4518139018296 0 0 24.0 1 31
358.1886146929386 797.8087581473094 0 0 24.0 1 32
337.4262139839077 795.0753362380551 0 0 24.0 1 33
316.83532367289627 791.2590402935223 0 0 24.0 1 34
296.47238195899166 786.3703305156273 0 0 24.0 1 35
276.3932022500211 780.4226065180615 0 0 24.0 1 36
256.65282018187986 773.4321705988807 0 0 24.0 1 37
237.3053427696799 765.4181830570403 0 0 24.0 1 38
218.4038001041813 756.4026096753471 0 0 24.0 1 39
200.00000000000009 746.4101615137755 0 0 24.0 1 40
182.14438599398918 735.4682271781696 0 0 24.0 1 41
164.8858990830108 723.606797749979 0 0 24.0 1 42
148.27184358006508 710.8583845827884 0 0 24.0 1 43
132.3477574564567 697.2579301909577 0 0 24.0 1 44
117.15728752538104 682.842712474619 0 0 24.0 1 45
102.74206980904233 667.6522425435434 0 0 24.0 1 46
89.14161541721165 651.728156419935 0 0 24.0 1 47
76.39320225002109 635.1141009169893 0 0 24.0 1 48
64.53177282183043 617.8556140060109 0 0 24.0 1 49
53.589838486224494 600.0 0 0 24.0 1 50
43.597390324652906 581.5961998958187 0 0 24.0 1 51
34.58181694295968 562.6946572303202 0 0 24.0 1 52
26.567829401119297 543.3471798181201 0 0 24.0 1 53
19.5773934819386 523.606797749979 0 0 24.0 1 54
13.629669484372698 503.5276180410084 0 0 24.0 1 55
8.740959706477724 483.16467632710373 0 0 24.0 1 56
4.924663761944942 462.5737860160924 0 0 24.0 1 57
2.1912418526906663 441.81138530706147 0 0 24.0 1 58
0.5481860981704472 420.9343824971775 0 0 24.0 1 59
0.0 400.00000000000006 0 0 24.0 1 60
0.5481860981704472 379.0656175028226 0 0 24.0 1 61
2.1912418526906663 358.1886146929386 0 0 24.0 1 62
4.924663761944885 337.4262139839077 0 0 24.0 1 63
8.740959706477781 316.8353236728962 0 0 24.0 1 64
13.629669484372698 296.47238195899166 0 0 24.0 1 65
19.577393481938543 276.3932022500211 0 0 24.0 1 66
26.567829401119297 256.65282018187986 0 0 24.0 1 67
34.58181694295968 237.30534276967992 0 0 24.0 1 68
43.59739032465285 218.40380010418136 0 0 24.0 1 69
218.40380010418124 43.597390324652906 0 0 24.0 1 70
237.30534276967995 34.58181694295962 0 0 24.0 1 71
256.65282018187975 26.567829401119354 0 0 24.0 1 72
276.393202250021 19.5773934819386 0 0 24.0 1 73
296.4723819589917 13.629669484372698 0 0 24.0 1 74
316.8353236728961 8.740959706477781 0 0 24.0 1 75
337.4262139839076 4.924663761944942 0 0 24.0 1 76
358.18861469293864 2.1912418526906663 0 0 24.0 1 77
379.0656175028223 0.5481860981704472 0 0 24.0 1 78
399.99999999999994 0.0 0 0 24.0 1 79
420.9343824971776 0.5481860981704472 0 0 24.0 1 80
441.8113853070612 2.1912418526906663 0 0 24.0 1 81
462.5737860160923 4.924663761944885 0 0 24.0 1 82
483.1646763271038 8.740959706477781 0 0 24.0 1 83
503.5276180410081 13.629669484372641 0 0 24.0 1 84
523.6067977499789 19.577393481938543 0 0 24.0 1 85
543.3471798181201 26.567829401119297 0 0 24.0 1 86
562.6946572303199 34.58181694295956 0 0 24.0 1 87
581.5961998958187 43.59739032465279 0 0 24.0 1 88
600.0 53.58983848622455 0 0 24.0 1 89
617.8556140060107 64.53177282183032 0 0 24.0 1 90
635.1141009169892 76.39320225002098 0 0 24.0 1 91
651.728156419935 89.14161541721171 0 0 24.0 1 92
667.6522425435431 102.74206980904216 0 0 24.0 1 93
682.842712474619 117.15728752538092 0 0 24.0 1 94
697.2579301909577 132.34775745645675 0 0 24.0 1 95
710.8583845827882 148.27184358006485 0 0 24.0 1 96
723.6067977499789 164.88589908301066 0 0 24.0 1 97
735.4682271781696 182.1443859939892 0 0 24.0 1 98
746.4101615137754 199.99999999999983 0 0 24.0 1 99
756.4026096753471 218.40380010418122 0 0 24.0 1 100
765.4181830570403 237.30534276967995 0 0 24.0 1 101
773.4321705988806 256.6528201818797 0 0 24.0 1 102
780.4226065180615 276.3932022500209 0 0 24.0 1 103
786.3703305156273 296.4723819589917 0 0 24.0 1 104
791.2590402935223 316.83532367289604 0 0 24.0 1 105
795.0753362380551 337.4262139839076 0 0 24.0 1 106
797.8087581473094 358.18861469293864 0 0 24.0 1 107
799.4518139018296 379.06561750282225 0 0 24.0 1 108
800.0 399.9999999999999 0 0 24.0 1 109
481.7767208578157 503.617411305933 0 0 12.0 1 110
150.79575586429362 238.42573006585718 0 0 11.0 1 111
623.6592927981526 571.757156313879 0 0 12.0 1 112
504.8033910020782 159.87451356745672 0 0 11.0 1 113
251.48433935346793 303.70826337258154 0 0 11.0 1 114
580.3528695657204 568.7656435398219 0 0 13.0 1 115
384.22142091134583 190.59360935744323 0 0 13.0 1 116
283.84240156731937 215.5239518898128 0 0 11.0 1 117
33.07840691749362 439.1093918361769 0 0 11.0 1 118
561.8415877374831 392.83756475697334 0 0 13.0 1 119
384.52497227435106 717.6232414620983 0 0 11.0 1 120
308.32002224817796 534.7730747568869 0 0 12.0 1 121
466.7851676347053 593.816256758829 0 0 13.0 1 122
137.23504745626303 527.3521877106463 0 0 11.0 1 123
693.5854812973574 415.6065746209411 0 0 10.0 1 124
358.0380571556873 749.4899073689119 0 0 12.0 1 125
511.9270470632101 633.5665561156176 0 0 13.0 1 126
307.15495958934105 526.6048911817513 0 0 11.0 1 127
319.2141879513223 97.60513798737298 0 0 10.0 1 128
496.95582629880454 611.8692232173329 0 0 12.0 1 129
138.65342943502424 653.3652897575478 0 0 13.0 1 130
492.8522221793837 556.5326318578665 0 0 10.0 1 131
561.2416335221639 175.99746515027064 0 0 11.0 1 132
182.740330848102 313.0848910717601 0 0 12.0 1 133
764.9428076564072 406.46120266347594 0 0 10.0 1 134
383.6398735782117 560.1666203160419 0 0 12.0 1 135
231.93160846363 587.7685164407959 0 0 12.0 1 136
415.869863431195 229.73800355136436 0 0 11.0 1 137
464.72616051390264 577.571180502717 0 0 10.0 1 138
308.744378766354 625.2141460771533 0 0 10.0 1 139
281.94661689642385 304.25346618388585 0 0 12.0 1 140
502.34908977783243 283.5969767503902 0 0 10.0 1 141
345.2056400008177 671.5263856649663 0 0 13.0 1 142
292.80857408263176 711.0482248941494 0 0 13.0 1 143
735.8818139755248 391.088937183986 0 0 13.0 1 144
89.75476879062029 358.56455005869356 0 0 13.0 1 145
539.9082480903088 434.08345810361106 0 0 11.0 1 146
566.3190224164314 283.60849351244485 0 0 13.0 1 147
114.88038767237265 577.771782536328 0 0 13.0 1 148
380.7622884626691 689.3612110404683 0 0 12.0 1 149
161.40736499692918 557.700838686075 0 0 11.0 1 150
560.2098480327193 523.0317218985942 0 0 11.0 1 151
266.4560160174922 306.5387548655611 0 0 13.0 1 152
171.79199098019313 281.80480289277506 0 0 13.0 1 153
277.57474203065556 279.1858608806922 0 0 13.0 1 154
267.3742016481546 509.5189372279317 0 0 11.0 1 155
568.6963964235927 421.0125161200192 0 0 11.0 1 156
319.6540906768216 647.2742098461374 0 0 11.0 1 157
155.34989685772052 201.57790689423717 0 0 10.0 1 158
246.18800228160603 419.1538340255097 0 0 11.0 1 159
350.4948451359667 82.84035622121138 0 0 12.0 1 160
662.862481958135 645.9742173050035 0 0 11.0 1 161
512.399726525455 115.39096733061524 0 0 12.0 1 162
358.8227603110386 269.3346452513222 0 0 11.0 1 163
256.23124541017177 575.6688509773139 0 0 10.0 1 164
515.6079923463515 326.4895102339404 0 0 13.0 1 165
666.1920770272884 445.1860390817579 0 0 11.0 1 166
185.6894972841262 219.80286232664668 0 0 12.0 1 167
559.4810413044505 136.5046538087472 0 0 11.0 1 168
357.22299006026765 690.8713245072743 0 0 11.0 1 169
271.7366568767714 318.43705001133833 0 0 11.0 1 170
485.15373406502823 516.1242505886796 0 0 10.0 1 171
566.50202801779 654.3483333264896 0 0 12.0 1 172
577.6587670426132 388.9835353720677 0 0 12.0 1 173
262.95106569209713 259.8800884775182 0 0 10.0 1 174
178.1467542312247 517.3973481040325 0 0 11.0 1 175
490.7718993482324 93.14423210779569 0 0 11.0 1 176
726.2802413100128 276.1363486301176 0 0 10.0 1 177
227.1269733349474 537.6804875487591 0 0 12.0 1 178
234.2090311125502 691.098530802477 0 0 12.0 1 179
261.6363235212892 347.46912306752677 0 0 10.0 1 180
239.52100536580875 456.09360285450754 0 0 10.0 1 181
382.7938351842771 171.64731687073572 0 0 12.0 1 182
80.10207408228024 348.6062553072743 0 0 13.0 1 183
440.0489775095458 618.3576868361631 0 0 12.0 1 184
332.1721562275748 287.9268827542328 0 0 12.0 1 185
289.94279410716064 210.66323275427678 0 0 12.0 1 186
679.002975225285 229.45282231757983 0 0 13.0 1 187
524.0381127420169 332.9511626692998 0 0 11.0 1 188
263.9892458235422 450.26007111367005 0 0 12.0 1 189
242.2430681440485 285.37997360235573 0 0 12.0 1 190
330.12876407742885 513.1680625912293 0 0 10.0 1 191
232.49842192137652 660.8509561822053 0 0 13.0 1 192
674.2402599126082 634.7621771986815 0 0 10.0 1 193
217.69650734223913 330.78702025789 0 0 13.0 1 194
277.74943008607653 437.93149292765725 0 0 12.0 1 195
38.01418084514137 396.7958260368738 0 0 10.0 1 196
573.6241369782073 330.54743303107716 0 0 12.0 1 197
427.4938837759998 152.5225538459882 0 0 11.0 1 198
261.86855981809293 67.5549590785385 0 0 10.0 1 199
586.2384434989779 349.3616532351417 0 0 10.0 1 200
125.17580312409478 290.0561015266709 0 0 11.0 1 201
521.0816948158517 318.420448759993 0 0 11.0 1 202
419.16736825208926 145.721389035002 0 0 11.0 1 203
573.6608402296611 439.0629309029433 0 0 13.0 1 204
339.0735664238667 576.796407462632 0 0 10.0 1 205
305.7852080151183 596.5898597874404 0 0 13.0 1 206
284.70997646613444 684.5298059493254 0 0 10.0 1 207
596.7451706737427 461.0519272141334 0 0 11.0 1 208
464.2220847637202 120.27777380300734 0 0 10.0 1 209
100.52526068345253 216.92657071195197 0 0 10.0 1 210
378.75699506394244 544.4463040070137 0 0 12.0 1 211
322.614655730902 723.8834798077129 0 0 11.0 1 212
299.0667631045175 98.44323637198846 0 0 12.0 1 213
126.98259443330659 466.5018515353644 0 0 12.0 1 214
648.2590107382387 632.3089830102812 0 0 12.0 1 215
225.90805872388924 620.5742414306693 0 0 12.0 1 216
205.15385819299823 118.9324262336088 0 0 12.0 1 217
191.24838670284203 633.2204192300362 0 0 13.0 1 218
441.5922792633088 574.100782036391 0 0 12.0 1 219
280.31282457111394 485.34623622547775 0 0 11.0 1 220
73.32019404611009 385.5326442661818 0 0 12.0 1 221
626.9673535757793 331.7737557034888 0 0 13.0 1 222
212.0000000854161 399.9943328615684 0 0 12.0 1 223
422.3243465524334 103.84020605253176 0 0 12.0 1 224
623.8997668948045 559.6680756583864 0 0 12.0 1 225
378.30376818845195 580.7021680146079 0 0 11.0 1 226
573.1763947017809 383.09034837458165 0 0 10.0 1 227
671.0200888689684 318.53153107209846 0 0 10.0 1 228
284.5640421300588 340.21254621035314 0 0 13.0 1 229
261.7390630181026 341.8285868756156 0 0 10.0 1 230
725.1457259969743 467.113760629997 0 0 10.0 1 231
522.0406192742789 701.2160142607802 0 0 12.0 1 232
243.36767651564142 557.3223291204756 0 0 12.0 1 233
302.9709756421365 307.5804759146579 0 0 13.0 1 234
524.788736864846 193.8234466490522 0 0 10.0 1 235
526.6025993050729 605.0677494127226 0 0 12.0 1 236
580.0057698245278 450.664808594123 0 0 13.0 1 237
589.2921436638495 432.1322944581389 0 0 13.0 1 238
607.7314954391045 542.6591244983415 0 0 11.0 1 239
274.50042479418653 254.6939209008778 0 0 10.0 1 240
325.54365378601375 100.10459738691719 0 0 10.0 1 241
667.5581769137995 620.9561539458994 0 0 11.0 1 242
205.94195128427302 215.16095182931574 0 0 10.0 1 243
318.5878202984476 259.94266532508146 0 0 13.0 1 244
721.4404377452101 525.3038107248444 0 0 11.0 1 245
642.2449675761004 494.4318573578538 0 0 13.0 1 246
693.5766741478997 234.52572285621582 0 0 13.0 1 247
297.030305296807 290.92552098345266 0 0 10.0 1 248
311.92658959091733 537.1571156699983 0 0 13.0 1 249
577.4359168183857 385.84035936829946 0 0 10.0 1 250
336.6233025020655 270.69650347243004 0 0 10.0 1 251
421.8812632560647 729.2737619645981 0 0 13.0 1 252
400.85858540968184 206.00189992916353 0 0 12.0 1 253
267.32237525961 303.6016188245453 0 0 12.0 1 254
421.41711524760274 722.2891670138339 0 0 11.0 1 255
563.5370334456056 726.3137120805849 0 0 12.0 1 256
592.6922610426395 300.20675105862506 0 0 12.0 1 257
325.50460377287175 643.8758617431483 0 0 12.0 1 258
519.1599620495105 666.5800132124673 0 0 11.0 1 259
360.55623104743927 638.7638772737974 0 0 10.0 1 260
199.5032934164746 414.21515561503725 0 0 10.0 1 261
581.5607260917268 555.4242668988501 0 0 11.0 1 262
174.4670231714188 560.8224995541316 0 0 13.0 1 263
499.43111488454906 521.5008370045886 0 0 10.0 1 264
642.7021976372068 643.7860604342877 0 0 13.0 1 265
209.29266088256801 278.7287717273846 0 0 12.0 1 266
254.005719346383 398.70770884360104 0 0 10.0 1 267
346.7830515386683 622.730681309208 0 0 10.0 1 268
110.78683694233786 313.0531983671503 0 0 13.0 1 269
299.8064559862705 490.47791851036834 0 0 13.0 1 270
430.7804682200763 701.4325177815972 0 0 12.0 1 271
483.8983152177468 236.24080879650268 0 0 10.0 1 272
410.9147267764403 529.5409925058306 0 0 12.0 1 273
258.6814852393109 628.8887882484262 0 0 12.0 1 274
140.55136543372367 571.4858770327598 0 0 10.0 1 275
535.9682220779358 496.9620677634565 0 0 10.0 1 276
329.94258004200486 163.14359221496855 0 0 13.0 1 277
470.7596395334734 617.793648697782 0 0 11.0 1 278
222.38089519175242 197.97907631357398 0 0 11.0 1 279
239.81695225705778 356.4409456509638 0 0 12.0 1 280
500.6911272808029 610.1197203665595 0 0 11.0 1 281
665.8839085025287 627.6087590568934 0 0 12.0 1 282
196.60756627217265 176.76129837711525 0 0 11.0 1 283
579.0992209270307 673.5917927557964 0 0 11.0 1 284
647.7486072984339 305.94880340109216 0 0 10.0 1 285
127.62199516267617 645.9658969874457 0 0 12.0 1 286
474.2113177229387 736.9238494405301 0 0 12.0 1 287
531.6575978882742 501.105276411716 0 0 10.0 1 288
593.4727955155155 179.96073669589887 0 0 13.0 1 289
567.2321741041818 184.21677557236146 0 0 11.0 1 290
398.6593560519912 95.00294645061786 0 0 10.0 1 291
550.1602048911718 499.2568026235043 0 0 13.0 1 292
624.8755646664343 254.20912094389334 0 0 12.0 1 293
245.9373077583275 572.1211400707296 0 0 10.0 1 294
501.69958151086155 288.3837148059674 0 0 11.0 1 295
618.2030369623168 364.9509677676854 0 0 10.0 1 296
524.8493294430672 448.66872648443234 0 0 12.0 1 297
654.445125962347 325.95489297728466 0 0 10.0 1 298
56.2002465639049 296.64270931724155 0 0 12.0 1 299
550.3539008919719 354.8037115841677 0 0 12.0 1 300
653.0288947008668 335.98923179294223 0 0 13.0 1 301
298.74291933196656 57.66098146050109 0 0 10.0 1 302
369.9405097103579 77.39741624790588 0 0 12.0 1 303
653.563945334639 483.6320849096337 0 0 10.0 1 304
229.27248695243165 134.09002220940943 0 0 12.0 1 305
692.8519374283617 314.7782730493276 0 0 10.0 1 306
680.142364842968 554.661745173748 0 0 12.0 1 307
265.00528843672396 398.8050732457955 0 0 10.0 1 308
563.8396320305385 392.7491396305162 0 0 10.0 1 309
210.4194518487904 640.1982842625794 0 0 11.0 1 310
64.75063089386498 292.7066613720197 0 0 12.0 1 311
631.6371040412237 559.0762459683887 0 0 10.0 1 312
556.0996316671111 435.1127468790502 0 0 12.0 1 313
573.414200006637 222.71064545196717 0 0 13.0 1 314
353.2256588575534 738.7863058193027 0 0 10.0 1 315
376.7820722825317 749.2290478074617 0 0 12.0 1 316
453.05066803574096 518.6828825945915 0 0 13.0 1 317
691.3049218222678 337.1872423617429 0 0 12.0 1 318
608.1589258198945 663.7534105969203 0 0 11.0 1 319
494.0257218766518 565.1034936807048 0 0 13.0 1 320
573.8914753113536 333.986707292842 0 0 12.0 1 321
729.367377101474 379.5762172628222 0 0 10.0 1 322
149.1108890773194 331.7749751159674 0 0 13.0 1 323
617.0202626246853 530.043091359413 0 0 12.0 1 324
576.6772706042639 525.9926269740722 0 0 11.0 1 325
536.9356400867273 274.12454379809265 0 0 11.0 1 326
206.68206568427394 601.169521229983 0 0 11.0 1 327
450.62524445164735 531.5981938485895 0 0 10.0 1 328
646.7584701923354 389.07949688254575 0 0 10.0 1 329
558.768595846382 336.4898986540866 0 0 13.0 1 330
221.91791473199018 450.1175708369558 0 0 13.0 1 331
145.16187930961678 214.84457274226696 0 0 11.0 1 332
383.89234535474907 730.6078393835048 0 0 11.0 1 333
413.3001740513084 66.26491738175787 0 0 10.0 1 334
294.9546794899568 133.9896982465861 0 0 10.0 1 335
668.2868136305801 438.25160953411506 0 0 13.0 1 336
221.25209068395083 409.4965738633184 0 0 11.0 1 337
298.1223575982861 555.6179487677064 0 0 12.0 1 338
440.30227943068246 37.23185603929994 0 0 12.0 1 339
486.6871891920378 502.18283236426674 0 0 12.0 1 340
559.3226517519738 462.1071061853577 0 0 13.0 1 341
529.2559432808018 735.9953885495903 0 0 12.0 1 342
527.9686364004383 367.6267379182696 0 0 12.0 1 343
605.7985621847008 390.89221197491673 0 0 12.0 1 344
369.75495730116256 75.40604227412751 0 0 13.0 1 345
660.5061779418908 562.436237502929 0 0 10.0 1 346
155.87156508414537 663.2153249063119 0 0 10.0 1 347
271.51940332803156 645.4011741594056 0 0 13.0 1 348
403.695802940244 678.9755205042673 0 0 13.0 1 349
213.69726257594112 527.9347100215659 0 0 12.0 1 350
668.0914955192573 493.71739449135407 0 0 12.0 1 351
318.1384323985012 232.9829836518888 0 0 10.0 1 352
462.4686563295305 181.7646523214376 0 0 12.0 1 353
186.06472134619995 156.673682994788 0 0 12.0 1 354
140.21662946635348 285.24547767439356 0 0 13.0 1 355
664.1985805865734 558.3133286114594 0 0 13.0 1 356
352.3067329355019 517.7045125588414 0 0 10.0 1 357
556.1275489554506 152.0621278280315 0 0 10.0 1 358
527.6240748754299 215.91280459469576 0 0 11.0 1 359
648.2770092942179 260.05884573893627 0 0 10.0 1 360
236.34317418588725 220.37415730344043 0 0 12.0 1 361
191.68457654511357 645.537541632255 0 0 12.0 1 362
571.5138565607232 275.3926285981938 0 0 11.0 1 363
689.6904531286941 443.91402243124503 0 0 10.0 1 364
132.15761832970645 342.23791398170613 0 0 12.0 1 365
373.29134707002316 716.8763920816223 0 0 13.0 1 366
597.4997922746529 135.62558359124654 0 0 13.0 1 367
511.54279296213895 479.54373223708706 0 0 11.0 1 368
334.443901610274 114.42794610831305 0 0 11.0 1 369
274.4046110936577 112.21223395449101 0 0 13.0 1 370
701.8375073981852 256.9960870197932 0 0 10.0 1 371
551.051351701571 730.0795194330123 0 0 11.0 1 372
463.2015732738187 583.4163600546967 0 0 10.0 1 373
32.51826464633467 419.5236825793362 0 0 12.0 1 374
352.50929898735876 222.2343303184557 0 0 13.0 1 375
541.9228901083804 593.5404176477994 0 0 13.0 1 376
537.4548276220467 580.6520699117323 0 0 12.0 1 377
722.207662207845 466.50731098575005 0 0 10.0 1 378
271.02014440696064 402.2796603252908 0 0 11.0 1 379
348.65264378675363 533.4632871238753 0 0 12.0 1 380
556.2261917466434 605.3226169040835 0 0 12.0 1 381
159.62747043883044 327.7362675170686 0 0 13.0 1 382
158.96532565632828 269.6992487970997 0 0 13.0 1 383
573.9703723251091 693.2836673820466 0 0 10.0 1 384
60.470854069116115 539.3160402231005 0 0 10.0 1 385
420.2203592147311 537.521405872785 0 0 13.0 1 386
111.65920512939465 524.3204971570959 0 0 13.0 1 387
526.2898063286628 526.8537930748183 0 0 11.0 1 388
532.6817736856901 189.29511887092096 0 0 13.0 1 389
403.47390073312704 243.0384377826967 0 0 13.0 1 390
543.735128754767 152.74261838753824 0 0 10.0 1 391
570.3074681300565 632.2485011773592 0 0 10.0 1 392
261.1572639785769 214.13258850975134 0 0 12.0 1 393
681.9674958512005 586.3822182596914 0 0 11.0 1 394
160.2255021347966 483.8104419120289 0 0 13.0 1 395
522.1518802004184 369.0982498310756 0 0 12.0 1 396
564.335747606955 219.63991001758964 0 0 12.0 1 397
512.7399060838104 693.0626444571426 0 0 11.0 1 398
382.09179181434337 767.5640026982772 0 0 13.0 1 399
492.4659435912895 653.6731150038814 0 0 11.0 1 400
768.6391720687116 383.6855641686615 0 0 11.0 1 401
473.479653383779 546.6176678937422 0 0 10.0 1 402
393.90133307908326 124.06738818728275 0 0 12.0 1 403
349.352144679047 109.3803262829789 0 0 13.0 1 404
478.2407583497104 229.05444219617107 0 0 13.0 1 405
562.6409401116572 724.5256917404173 0 0 10.0 1 406
97.54901302439805 311.97500083791965 0 0 10.0 1 407
582.8935629233171 451.4776130100714 0 0 10.0 1 408
231.1654825498245 392.522987403623 0 0 12.0 1 409
84.51147969152538 453.54431392378854 0 0 11.0 1 410
667.9566637974627 182.68864197531343 0 0 11.0 1 411
232.2399292738655 263.93913615604833 0 0 12.0 1 412
191.68457654511357 645.537541632255 0 0 12.0 1 413
332.14300486418773 514.3871855197877 0 0 11.0 1 414
67.64084026313935 328.32441880941633 0 0 11.0 1 415
443.75590982650675 716.9943538223586 0 0 11.0 1 416
419.76467950162237 222.094526660369 0 0 10.0 1 417
430.56123497403286 762.7147790163256 0 0 12.0 1 418
426.1581159409195 542.6210116722687 0 0 11.0 1 419
334.48071250891957 178.48651741561835 0 0 13.0 1 420
473.0781512510509 269.0054054179008 0 0 12.0 1 421
673.2399323890236 456.39981691496735 0 0 13.0 1 422
213.9569485184902 329.3672668272826 0 0 13.0 1 423
447.7856497161988 265.2204329981701 0 0 12.0 1 424
553.0000319546825 216.39174794725014 0 0 13.0 1 425
746.4958847627418 449.402447737787 0 0 12.0 1 426
542.1568920792735 537.8238659824988 0 0 10.0 1 427
413.80060608378983 160.3971133902597 0 0 11.0 1 428
311.6194997445038 672.0016308307511 0 0 10.0 1 429
212.89141814251582 426.6716815233149 0 0 11.0 1 430
233.19254135871483 484.5237939377779 0 0 11.0 1 431
349.6532674699617 538.1094005618328 0 0 12.0 1 432
570.7853573169052 641.7609598883513 0 0 12.0 1 433
662.7573837691587 294.89263929302047 0 0 10.0 1 434
326.5402752810005 564.3279308097343 0 0 10.0 1 435
541.5798344251252 297.1401415315279 0 0 13.0 1 436
512.7738117622822 341.5956561495179 0 0 10.0 1 437
721.8867383932113 391.4602314679866 0 0 13.0 1 438
200.35892172566253 492.4307300926475 0 0 11.0 1 439
535.7947852252959 381.8678102366051 0 0 13.0 1 440
762.8099420223782 461.5868977114329 0 0 10.0 1 441
258.61459359646886 421.42817901988735 0 0 11.0 1 442
120.1608048064096 486.8275580297155 0 0 10.0 1 443
318.95845899640744 273.77690927661837 0 0 10.0 1 444
53.648230214828175 366.17025618365795 0 0 12.0 1 445
354.3350420516712 245.61181516846128 0 0 11.0 1 446
708.9640478660986 475.2676366454744 0 0 13.0 1 447
609.2445094253264 549.2170743425647 0 0 10.0 1 448
615.3285290493419 663.1228317296823 0 0 11.0 1 449
198.87073757243934 581.6260438245172 0 0 11.0 1 450
655.6569804635028 313.16965772102395 0 0 10.0 1 451
222.53571968733704 671.0764268856822 0 0 13.0 1 452
562.589202211423 524.8589256891673 0 0 10.0 1 453
239.50591418049052 278.9931885513881 0 0 12.0 1 454
659.8370537607325 409.2035587107518 0 0 10.0 1 455
598.7259900604804 509.71317548262755 0 0 12.0 1 456
345.59795340363496 227.36912985758622 0 0 12.0 1 457
604.0004181190865 619.9632455826153 0 0 10.0 1 458
461.6364091394145 639.1860218917458 0 0 12.0 1 459
549.5666162271508 131.89772975530366 0 0 11.0 1 460
369.3388960293384 551.9371472132483 0 0 12.0 1 461
708.9515823721366 405.4698948575728 0 0 11.0 1 462
264.9002575471896 452.65984797912256 0 0 12.0 1 463
628.1356548043481 464.2115488599312 0 0 12.0 1 464
428.85155304185287 609.0181520516177 0 0 11.0 1 465
558.4961279445131 387.3517816829192 0 0 13.0 1 466
595.7252665148269 687.7422806048844 0 0 10.0 1 467
474.00239440986434 230.44574431289882 0 0 12.0 1 468
647.8081652715389 455.7414856704922 0 0 12.0 1 469
503.15943335711574 493.16185544222907 0 0 11.0 1 470
189.35530245275984 258.0675815916895 0 0 13.0 1 471
692.4383075476724 381.8661565394148 0 0 11.0 1 472
373.78315144831436 656.6645219971354 0 0 13.0 1 473
315.617130262842 287.0374783615299 0 0 11.0 1 474
554.3168424733517 478.2004611818546 0 0 13.0 1 475
240.5074248048911 387.26742533371464 0 0 11.0 1 476
627.7308348012033 318.13018333508336 0 0 11.0 1 477
330.0025698770385 239.6087291147641 0 0 12.0 1 478
588.9335203612327 394.9875271659921 0 0 11.0 1 479
413.1310451455217 669.6805066247582 0 0 10.0 1 480
490.6162247197219 304.01718998932745 0 0 10.0 1 481
51.11127113907838 465.5870023237099 0 0 10.0 1 482
593.1569817461992 487.374941503262 0 0 10.0 1 483
368.70577008722455 589.4324976717731 0 0 11.0 1 484
325.30269473677754 99.13406210337973 0 0 10.0 1 485
295.14093259973316 311.83211478125213 0 0 12.0 1 486
650.4553116802541 515.9661021641529 0 0 11.0 1 487
417.1189921897171 751.5834753033885 0 0 10.0 1 488
187.13326338609696 407.5334217555655 0 0 11.0 1 489
362.2191495881692 220.9424468441533 0 0 10.0 1 490
511.4172064930206 723.342242983022 0 0 12.0 1 491
450.1751817290881 162.23656475720875 0 0 11.0 1 492
195.63618345135782 545.7272468884008 0 0 11.0 1 493
652.5866371419634 187.63241599219018 0 0 12.0 1 494
396.654259699789 651.9777887470314 0 0 12.0 1 495
670.4621923548011 543.1300195858108 0 0 11.0 1 496
239.91568864655392 257.9823487784249 0 0 12.0 1 497
215.3958371753064 558.0199451581793 0 0 10.0 1 498
518.044061269887 531.888587826662 0 0 12.0 1 499
381.2639875436611 74.53884742225239 0 0 11.0 1 500
413.06245109528714 596.5664579000783 0 0 11.0 1 501
272.6373867515097 699.0046232861885 0 0 11.0 1 502
314.49875828358233 504.47266467813824 0 0 12.0 1 503
314.96096284639265 599.6430869326243 0 0 12.0 1 504
265.63939965230406 386.87639248503973 0 0 11.0 1 505
261.97664008732374 513.9761032779056 0 0 10.0 1 506
286.66823579259346 242.54552651119494 0 0 11.0 1 507
509.79681271130323 465.79255215021686 0 0 10.0 1 508
119.70360920412622 419.87292899415655 0 0 10.0 1 509
720.5474132532372 417.0398314738847 0 0 13.0 1 510
422.47802498123013 738.2539554727234 0 0 12.0 1 511
481.8999408485073 43.28106345609996 0 0 13.0 1 512
144.3049187536563 323.12981445042755 0 0 13.0 1 513
283.5720527936984 571.1535366544514 0 0 12.0 1 514
555.6070640900243 642.3436436246742 0 0 10.0 1 515
679.2497232493909 622.4153593283041 0 0 11.0 1 516
559.8272779207806 539.2811589283833 0 0 13.0 1 517
599.3682623359854 169.18124865356 0 0 10.0 1 518
284.19066192263847 173.93762539050562 0 0 11.0 1 519
163.15308441089962 509.65645706445906 0 0 13.0 1 520
270.1279167214759 648.0589486087855 0 0 11.0 1 521
666.9060843198367 392.91888758370317 0 0 11.0 1 522
181.30648636785537 296.37979398193147 0 0 12.0 1 523
249.6474615892286 354.79917928358475 0 0 13.0 1 524
191.20465001723858 390.75328028022017 0 0 11.0 1 525
600.2406109666589 608.3859345534127 0 0 12.0 1 526
376.5440415921591 527.8664069064648 0 0 12.0 1 527
183.97752737140448 262.6308210717277 0 0 11.0 1 528
424.99008310936887 644.727390674168 0 0 13.0 1 529
486.15280616610767 539.5481780235955 0 0 10.0 1 530
152.1901545500097 455.73401562826723 0 0 11.0 1 531
307.5349274227103 202.58112969303932 0 0 12.0 1 532
605.178982055739 372.603187729761 0 0 10.0 1 533
273.04477309227354 396.6280034389562 0 0 12.0 1 534
163.90309767720106 457.5087185875215 0 0 10.0 1 535
226.89166394394053 507.93286796848486 0 0 13.0 1 536
687.6109711732663 257.44850312686793 0 0 12.0 1 537
743.9866159085143 396.9655188568233 0 0 13.0 1 538
541.2232649559476 463.8826223254982 0 0 11.0 1 539
596.8502738716621 440.6321261645464 0 0 13.0 1 540
669.4823994466606 383.2896323059454 0 0 10.0 1 541
452.0583070492311 244.48172883172865 0 0 10.0 1 542
613.7064375167856 487.695829797569 0 0 12.0 1 543
241.67311572934335 276.1710949852737 0 0 10.0 1 544
505.70825862141726 169.0416399884439 0 0 10.0 1 545
299.7595710131401 482.77594092808795 0 0 12.0 1 546
238.9214845707914 478.0686356171427 0 0 11.0 1 547
542.7199384844962 559.4585186152863 0 0 11.0 1 548
483.964006897115 116.15841469971105 0 0 13.0 1 549
317.9200275090634 180.8678980252161 0 0 11.0 1 550
203.39477741451321 284.54270723721606 0 0 13.0 1 551
671.9595506510237 302.22984704065743 0 0 10.0 1 552
199.67409103215283 311.509716939057 0 0 10.0 1 553
591.8796704694639 406.79647412486287 0 0 10.0 1 554
553.0107107743083 335.62824852203454 0 0 13.0 1 555
474.95304924962545 44.82252266200322 0 0 13.0 1 556
163.06824455914392 568.9507125279865 0 0 10.0 1 557
124.30934813552193 345.63397683719035 0 0 10.0 1 558
185.3366182013971 180.52646511529636 0 0 11.0 1 559
410.4330706630024 138.20780944317534 0 0 13.0 1 560
707.7416800769153 555.948896576531 0 0 12.0 1 561
706.5421239548764 370.06797298489164 0 0 12.0 1 562
475.26445684682295 246.4543666021312 0 0 12.0 1 563
215.63701915353153 375.37701696778595 0 0 12.0 1 564
518.6441557768692 99.57935440453832 0 0 13.0 1 565
181.2602112225281 531.0645062768215 0 0 13.0 1 566
346.7830515386683 622.730681309208 0 0 11.0 1 567
596.8502738716621 440.6321261645464 0 0 13.0 1 568
463.390044406708 99.61574230643248 0 0 12.0 1 569
584.601160674713 444.9712294422646 0 0 13.0 1 570
358.1492737146531 703.1245894172707 0 0 12.0 1 571
266.6110435176621 368.7528195103467 0 0 13.0 1 572
261.7475363679365 502.32427033536544 0 0 13.0 1 573
193.1715681269341 422.0454024442406 0 0 12.0 1 574
501.77597901191484 238.37497070018435 0 0 11.0 1 575
395.09455052013215 178.05420354194482 0 0 13.0 1 576
157.84334572506572 356.68539749264755 0 0 11.0 1 577
737.8773357498678 469.7417090884005 0 0 12.0 1 578
562.799315787637 341.4732302354108 0 0 10.0 1 579
561.8093500315389 538.5161876546236 0 0 10.0 1 580
499.0377548741469 104.13597192377648 0 0 13.0 1 581
493.1601909410495 500.4498821493943 0 0 13.0 1 582
212.29503518620956 285.2531212439585 0 0 10.0 1 583
107.41778467787532 300.6186774227779 0 0 10.0 1 584
613.7883170935539 422.79375954742943 0 0 11.0 1 585
262.24370613296173 118.94448324215693 0 0 13.0 1 586
58.25165164014163 319.94335509585176 0 0 10.0 1 587
496.1808965604696 112.67051119520596 0 0 13.0 1 588
537.6680987771151 193.71986382810763 0 0 12.0 1 589
146.60039821891135 235.70562451141032 0 0 13.0 1 590
560.7550919421948 518.9865556046417 0 0 13.0 1 591
531.141138406909 630.2759253967724 0 0 10.0 1 592
688.8982077849976 296.1403565449198 0 0 10.0 1 593
435.8032528299486 244.0572954999344 0 0 12.0 1 594
249.71480747519814 562.0350607361976 0 0 10.0 1 595
478.0832125606572 754.5024850635143 0 0 10.0 1 596
533.1922251071943 427.4923838725289 0 0 11.0 1 597
723.8400949779473 506.81101480968204 0 0 10.0 1 598
725.647904787483 533.6317406439147 0 0 10.0 1 599
545.4189050004982 363.21220217985183 0 0 12.0 1 600
281.15710405366264 352.4566925520739 0 0 13.0 1 601
270.7326250835026 226.95103068149263 0 0 11.0 1 602
345.5432548726185 180.65902592052845 0 0 13.0 1 603
647.7486072984339 305.94880340109216 0 0 12.0 1 604
311.20326007258603 196.5322163627293 0 0 10.0 1 605
383.2334108099685 564.1459152307261 0 0 13.0 1 606
532.3434104000421 110.84740754458721 0 0 13.0 1 607
657.9205964913008 226.22438057779328 0 0 11.0 1 608
238.59104441052293 450.0814242560475 0 0 13.0 1 609
532.5342944907361 152.2185221130465 0 0 13.0 1 610
421.9037058840369 259.6995093788136 0 0 13.0 1 611
555.2173970117831 308.8541846002434 0 0 10.0 1 612
248.29167358758795 390.58810873707927 0 0 10.0 1 613
70.92199117727137 356.04929910378996 0 0 11.0 1 614
84.39687953382384 214.66066161763632 0 0 12.0 1 615
514.411271559988 465.8335851980331 0 0 13.0 1 616
559.7912181330033 444.9751776824835 0 0 10.0 1 617
707.4114788937769 307.592302028776 0 0 12.0 1 618
332.5205431675216 268.278616369271 0 0 11.0 1 619
684.3943092321074 595.3071347298722 0 0 10.0 1 620
637.7452742026476 156.94201392608403 0 0 11.0 1 621
693.6036576840538 371.33133776150333 0 0 12.0 1 622
303.1770474393625 240.01776393161472 0 0 10.0 1 623
182.46438379440983 161.2380774033385 0 0 11.0 1 624
564.3175078714746 593.6898464218191 0 0 11.0 1 625
374.15102200022693 587.2240111106672 0 0 13.0 1 626
378.3307155473773 657.0883935756558 0 0 12.0 1 627
583.5665462517101 509.9969231261438 0 0 12.0 1 628
428.1392399239641 675.5670212062786 0 0 12.0 1 629
540.0488383741708 645.9173090086288 0 0 13.0 1 630
698.2989879721313 504.2771009129151 0 0 10.0 1 631
431.0393485331782 624.8678697427356 0 0 13.0 1 632
163.0236058728988 462.18672387669886 0 0 12.0 1 633
615.7281122024733 565.6664770119684 0 0 12.0 1 634
433.608798196567 679.9900867598394 0 0 13.0 1 635
675.7301124416379 387.79733254891755 0 0 10.0 1 636
680.7880812368003 468.40360688849717 0 0 12.0 1 637
518.6066097416958 195.96943335475183 0 0 12.0 1 638
410.2977625511225 263.38756979527557 0 0 12.0 1 639
363.6151835653336 253.4491721858398 0 0 13.0 1 640
239.1427874937118 323.7834848296851 0 0 10.0 1 641
659.9030047105908 651.9810075033564 0 0 10.0 1 642
537.1155727692997 706.749604244483 0 0 12.0 1 643
567.6841990941366 273.58002778770305 0 0 12.0 1 644
159.04513672405704 458.69202555434293 0 0 10.0 1 645
537.9641125448247 520.2285475655384 0 0 11.0 1 646
96.18025924756512 302.7654118683929 0 0 12.0 1 647
418.79335518387495 584.0429564013052 0 0 11.0 1 648
69.6847614006416 552.9308443351076 0 0 10.0 1 649
260.43675454193937 590.3105370630147 0 0 11.0 1 650
280.6180869642451 533.3752557258034 0 0 13.0 1 651
662.4958187202656 383.72286406097646 0 0 10.0 1 652
124.0645266120726 640.4487773439083 0 0 12.0 1 653
393.15004802360795 90.07568963064364 0 0 13.0 1 654
576.7726747417 493.54903240902667 0 0 12.0 1 655
302.80713332245665 300.62924642028077 0 0 12.0 1 656
407.0863825186791 628.8903300334005 0 0 12.0 1 657
547.4073534345323 694.1293459575684 0 0 12.0 1 658
417.71077780753023 92.50962885083328 0 0 10.0 1 659
260.44450845563136 426.234800929484 0 0 13.0 1 660
243.11575066377995 140.77744637047732 0 0 12.0 1 661
165.3935343033925 349.4054721007645 0 0 13.0 1 662
67.44126852632553 242.42877762541642 0 0 11.0 1 663
423.9552072252127 599.567402264992 0 0 11.0 1 664
602.7613539504915 138.37272056575694 0 0 11.0 1 665
180.94175285630865 604.9719111447553 0 0 13.0 1 666
326.45133060781984 519.1242764118203 0 0 12.0 1 667
664.8499198693762 185.20819395241122 0 0 11.0 1 668
333.9302662825744 727.400046253064 0 0 11.0 1 669
255.46629854124564 117.86703641256014 0 0 12.0 1 670
206.0307436006615 664.4993904943594 0 0 11.0 1 671
479.60803472660655 596.4855231485705 0 0 10.0 1 672
501.9124658306396 565.075283759619 0 0 10.0 1 673
342.91829453697864 540.8746921964087 0 0 13.0 1 674
342.9379834900551 34.42657882195704 0 0 10.0 1 675
436.66623388094877 621.9923135898798 0 0 12.0 1 676
601.3121021519146 572.3323461430764 0 0 10.0 1 677
171.4182447872678 551.0840202796662 0 0 10.0 1 678
441.0404446975558 164.55004374808888 0 0 11.0 1 679
480.42733652764434 518.2389256508577 0 0 11.0 1 680
264.0832760320669 289.76550383013176 0 0 10.0 1 681
676.9116775023385 424.57484207153374 0 0 13.0 1 682
642.232631455734 436.7199163674233 0 0 12.0 1 683
241.37271616670432 521.8088043766585 0 0 12.0 1 684
617.8780502239923 530.5570956730867 0 0 10.0 1 685
425.5063741054456 170.41248971254328 0 0 10.0 1 686
591.9941961139368 558.5535513905734 0 0 12.0 1 687
533.5179067583301 666.4150306849707 0 0 12.0 1 688
490.5057142593287 158.39553876964783 0 0 11.0 1 689
643.259486033638 302.6921254232204 0 0 13.0 1 690
608.74436408373 530.1606333085359 0 0 13.0 1 691
759.8733721166337 390.45243269712785 0 0 11.0 1 692
571.3423905281602 448.22639534627746 0 0 11.0 1 693
655.5427126433428 575.4933674384359 0 0 12.0 1 694
478.1776208205774 514.9315431151693 0 0 13.0 1 695
303.7883546459381 220.11303744221976 0 0 10.0 1 696
681.0749604637891 452.8475789443509 0 0 10.0 1 697
256.2739529974542 291.635691240049 0 0 11.0 1 698
493.4992346885875 671.3427594623605 0 0 13.0 1 699
242.85440942375075 181.67395170882185 0 0 12.0 1 700
589.1647777446585 99.59745863123271 0 0 10.0 1 701
159.40991001242486 503.73238934764055 0 0 10.0 1 702
185.23467788811942 309.64040494678954 0 0 12.0 1 703
474.51888032665966 189.81927663351004 0 0 13.0 1 704
239.02116338878585 436.2051676325358 0 0 12.0 1 705
555.1632047561435 589.6032169816829 0 0 12.0 1 706
219.80575998915853 691.8544772089599 0 0 12.0 1 707
350.94928672086644 622.6612393902635 0 0 11.0 1 708
405.53913742726445 578.914275440955 0 0 13.0 1 709
648.7560674796129 451.346069879576 0 0 11.0 1 710
282.0563308678286 663.8376222445178 0 0 10.0 1 711
611.5921508808439 375.55083466418114 0 0 11.0 1 712
445.8231162060453 711.6492291361672 0 0 13.0 1 713
397.13222259981916 615.9809617831697 0 0 10.0 1 714
618.216320592842 160.5054542856518 0 0 13.0 1 715
596.7109344556751 155.2535837533569 0 0 13.0 1 716
581.1718998117856 112.2905237594905 0 0 13.0 1 717
544.1305327372474 241.81533091706632 0 0 13.0 1 718
185.52571122184426 314.19918734007086 0 0 10.0 1 719
416.311487154521 645.4586225554276 0 0 12.0 1 720
645.3728641323336 610.0503690725045 0 0 10.0 1 721
705.5239475067135 265.0514264620963 0 0 10.0 1 722
478.9294019703448 189.29843497353008 0 0 10.0 1 723
515.8853371136116 121.11904216661799 0 0 13.0 1 724
564.0880962684098 163.3164630503231 0 0 10.0 1 725
143.97744895906038 431.8818656682678 0 0 13.0 1 726
228.09172771287007 200.96094373401488 0 0 10.0 1 727
165.39189402236812 652.9506604252858 0 0 10.0 1 728
375.20509000354343 70.93281470455366 0 0 10.0 1 729
488.22894026669474 207.23160502972482 0 0 10.0 1 730
293.69618151087167 727.162800719505 0 0 12.0 1 731
286.54553626732303 653.7953598061451 0 0 12.0 1 732
576.7009937909353 472.5104047243969 0 0 12.0 1 733
315.8974998474061 499.1300633919042 0 0 12.0 1 734
114.49829290902807 343.6992429168057 0 0 13.0 1 735
210.17800705961636 509.2181807033103 0 0 13.0 1 736
419.4334278898633 225.07618263812822 0 0 10.0 1 737
138.59049174186163 644.5998139660746 0 0 13.0 1 738
211.2249007499959 718.2199897918908 0 0 10.0 1 739
658.0687898022775 344.35379860234946 0 0 10.0 1 740
250.337771087439 282.9478012298607 0 0 13.0 1 741
599.2647746425386 485.9217643362747 0 0 10.0 1 742
384.4249712402827 129.44793758107483 0 0 11.0 1 743
81.12279895062011 363.1444624118252 0 0 11.0 1 744
553.4458548665517 638.9777596854426 0 0 11.0 1 745
598.0471045951722 629.3171261843931 0 0 13.0 1 746
600.4407760853566 327.94102913377174 0 0 10.0 1 747
455.8325438949973 258.62557854331214 0 0 10.0 1 748
700.056604523151 606.0631798309377 0 0 13.0 1 749
462.5990774586144 741.3068348294983 0 0 13.0 1 750
67.79373040848628 450.3487283264487 0 0 11.0 1 751
324.14137227037634 173.35828142423034 0 0 11.0 1 752
265.16771201509397 583.8593324168108 0 0 12.0 1 753
570.978003810578 521.928348684586 0 0 12.0 1 754
605.3408334701684 463.7192444225178 0 0 10.0 1 755
66.12348505358807 252.51619489842835 0 0 12.0 1 756
596.1140623484919 176.9567877088122 0 0 13.0 1 757
433.47256462560574 185.59713757184898 0 0 10.0 1 758
296.3794376997615 626.4150592795947 0 0 12.0 1 759
689.860784723671 425.7240253338717 0 0 10.0 1 760
440.6404261880474 738.5695729968272 0 0 13.0 1 761
182.72082378985465 253.59726920087653 0 0 10.0 1 762
418.97483270365774 625.2020331255209 0 0 10.0 1 763
477.2024979519125 223.11366839129445 0 0 13.0 1 764
385.9907931057532 249.6512649797339 0 0 11.0 1 765
108.0455981925 405.1601613564723 0 0 10.0 1 766
714.3467183377206 509.8869449493694 0 0 10.0 1 767
414.22199851752697 539.2757507901769 0 0 13.0 1 768
546.0169646200667 281.58105707640266 0 0 13.0 1 769
34.247634772328695 351.1511788231882 0 0 13.0 1 770
181.68619678679568 427.1860870039493 0 0 11.0 1 771
353.2708351283424 100.62500914338648 0 0 10.0 1 772
462.53345419938125 213.18841816982038 0 0 12.0 1 773
618.5484625111712 494.2367737881723 0 0 13.0 1 774
341.97528203672886 751.2394227664128 0 0 13.0 1 775
155.76105033854674 500.21644310326576 0 0 10.0 1 776
463.60205789820776 254.27499105811305 0 0 13.0 1 777
155.14948406131109 158.37172176138435 0 0 10.0 1 778
314.42420186595336 101.00538002545784 0 0 11.0 1 779
572.0156983936803 224.1403983112255 0 0 11.0 1 780
206.95146316291314 427.51840157167413 0 0 12.0 1 781
460.27409656321095 565.3572897803078 0 0 12.0 1 782
241.5599332030952 271.4980730362679 0 0 10.0 1 783
678.053581563744 174.50009804974553 0 0 12.0 1 784
508.6521779082482 336.1979292201704 0 0 12.0 1 785
125.84816310453829 461.6584976045003 0 0 12.0 1 786
315.13933848363644 555.3308344373556 0 0 13.0 1 787
418.45952445805756 533.7319930188075 0 0 11.0 1 788
616.4466569112786 201.03556922924326 0 0 13.0 1 789
409.90236858505375 719.8467493916512 0 0 10.0 1 790
123.50655009951907 175.75153922015375 0 0 11.0 1 791
483.8355640496793 674.4824187456677 0 0 13.0 1 792
306.30910615440894 49.299249486953386 0 0 12.0 1 793
561.4171019820554 637.3046969356374 0 0 12.0 1 794
530.8051752156147 611.8749776089956 0 0 10.0 1 795
365.9305840561487 272.47245435889215 0 0 12.0 1 796
247.257909062096 147.62160620227993 0 0 11.0 1 797
59.01335819942875 396.9817035319723 0 0 13.0 1 798
298.7733303852434 193.4735819351313 0 0 13.0 1 799
594.2216265717623 432.969072959653 0 0 12.0 1 800
645.3835044004794 417.4050500757649 0 0 11.0 1 801
486.33841341245903 192.22445194532798 0 0 13.0 1 802
294.0917392778679 585.9554793782987 0 0 13.0 1 803
153.35109999015998 464.72495750431926 0 0 13.0 1 804
628.2363010436842 428.42869828002597 0 0 10.0 1 805
278.90127056478156 664.6055512062734 0 0 13.0 1 806
466.45543247517065 729.3625289776268 0 0 11.0 1 807
525.0832017739468 232.56286960778948 0 0 13.0 1 808
575.1617457857957 468.2814968587558 0 0 10.0 1 809
113.24281484231528 532.764139587621 0 0 13.0 1 810
560.0300750982544 247.58157898716098 0 0 10.0 1 811
544.1100317832014 502.76817960557963 0 0 12.0 1 812
520.6337031297046 59.75228190447143 0 0 12.0 1 813
271.6736296366664 361.4209555668813 0 0 11.0 1 814
642.3310147128989 303.06352952465846 0 0 12.0 1 815
486.5148015974079 51.58044098449187 0 0 12.0 1 816
222.6963653448691 415.72962612651224 0 0 11.0 1 817
81.79875920326072 422.5603713492382 0 0 13.0 1 818
417.25075760473726 100.49639173782464 0 0 13.0 1 819
102.57183374408692 381.5477394976949 0 0 11.0 1 820
285.71453450810566 592.6521019280636 0 0 13.0 1 821
525.6007051635764 389.976883597785 0 0 10.0 1 822
327.69973765039657 510.4385442867594 0 0 11.0 1 823
256.96400102757013 348.57332406270996 0 0 13.0 1 824
353.11661346209934 99.63697286993226 0 0 12.0 1 825
145.21249119251726 375.1137516753346 0 0 11.0 1 826
255.26723608612906 151.0091828001448 0 0 11.0 1 827
205.40853995926062 436.58091960590014 0 0 12.0 1 828
476.85835633578813 698.2562540188571 0 0 13.0 1 829
521.7266777053762 75.05136415917752 0 0 12.0 1 830
153.802895267408 524.7516958653835 0 0 12.0 1 831
89.73645353940782 520.9360646692952 0 0 13.0 1 832
676.6821273439928 641.1140817297955 0 0 10.0 1 833
405.3758188530737 265.1070773848422 0 0 11.0 1 834
224.92764352242727 445.94202865992855 0 0 10.0 1 835
464.04122759841164 575.6921203915772 0 0 12.0 1 836
284.50661165588394 620.5952792985272 0 0 10.0 1 837
596.1934197349274 433.3037843602586 0 0 10.0 1 838
547.0172959157643 210.30046204163645 0 0 12.0 1 839
598.6042319548926 634.105444297238 0 0 12.0 1 840
143.06874133866677 163.80658704632964 0 0 11.0 1 841
149.833367098771 521.2462609026015 0 0 10.0 1 842
64.88209944036532 517.136641255001 0 0 11.0 1 843
524.0465319336763 321.12378105393606 0 0 10.0 1 844
260.241645738472 454.47570480598887 0 0 11.0 1 845
398.4615561252358 50.00338117284019 0 0 12.0 1 846
268.3022564958266 469.6900592330711 0 0 12.0 1 847
278.7082795305679 57.86359657942688 0 0 11.0 1 848
336.8481124828577 221.86286433474294 0 0 11.0 1 849
745.5180646720091 338.2078727886048 0 0 10.0 1 850
115.11624066379068 464.07217544666935 0 0 12.0 1 851
277.068652587356 599.1077191454712 0 0 12.0 1 852
537.4999641113077 517.706243969422 0 0 10.0 1 853
514.5047200521693 534.9728457348897 0 0 11.0 1 854
528.1633832383618 511.68772178219416 0 0 10.0 1 855
450.23714240682546 648.9823879771345 0 0 13.0 1 856
592.3738411241745 446.86475489246516 0 0 10.0 1 857
575.0579471012773 672.6365990777585 0 0 10.0 1 858
149.67725918965263 281.3934005495662 0 0 12.0 1 859
562.1731644310318 319.6204955325953 0 0 11.0 1 860
490.76650531706684 494.4586762162528 0 0 13.0 1 861
257.1407083936235 672.864843469664 0 0 11.0 1 862
540.4788894527663 266.2028340430282 0 0 10.0 1 863
386.1528155439571 52.27560413074218 0 0 12.0 1 864
519.2642051172268 609.4207472476307 0 0 11.0 1 865
231.2375544985312 708.9065182031027 0 0 11.0 1 866
755.6518841638518 384.2603274906328 0 0 13.0 1 867
672.9354251860636 317.9557821750815 0 0 12.0 1 868
596.506302304449 413.938190507828 0 0 13.0 1 869
436.3501784528198 118.33590124680751 0 0 11.0 1 870
501.14646463949725 278.61881245048335 0 0 12.0 1 871
261.09717899995724 677.138965716173 0 0 12.0 1 872
272.5292905195632 731.3249435592709 0 0 13.0 1 873
580.1432611553007 382.4100750333292 0 0 10.0 1 874
580.3391000859111 302.51764785252806 0 0 12.0 1 875
451.1717678655717 106.42641438046229 0 0 10.0 1 876
717.7511695080791 428.19918928352257 0 0 12.0 1 877
256.1856399573114 353.97359621356526 0 0 11.0 1 878
579.2929788274203 490.85718322284845 0 0 11.0 1 879
459.79926471587527 671.4922612883113 0 0 12.0 1 880
443.6162048250175 149.77284984106515 0 0 10.0 1 881
531.3304972044325 612.7258811335296 0 0 11.0 1 882
318.003010427388 212.11308267729507 0 0 12.0 1 883
662.995428437654 439.86733777034533 0 0 11.0 1 884
483.9710433141251 514.5114137749479 0 0 11.0 1 885
249.6906354697914 511.2478985622869 0 0 13.0 1 886
445.6491473581844 201.17305176241635 0 0 12.0 1 887
113.36405259158192 372.0029706347514 0 0 12.0 1 888
396.01697583308214 699.9735580321801 0 0 11.0 1 889
422.0834407839356 201.2229348160548 0 0 12.0 1 890
403.7090495457646 679.9754327641392 0 0 11.0 1 891
629.2971343956169 630.3211326777428 0 0 10.0 1 892
389.21670405865626 129.214622756986 0 0 13.0 1 893
218.25754609229952 137.83463148690413 0 0 11.0 1 894
315.76091608289653 115.19695096293788 0 0 11.0 1 895
531.867653015158 66.09593879637538 0 0 13.0 1 896
702.7797204332999 266.2635393980655 0 0 12.0 1 897
150.68508062478625 470.1645991717381 0 0 10.0 1 898
513.8578007298407 534.21028728441 0 0 11.0 1 899
511.4881160694546 256.14451704824097 0 0 10.0 1 900
125.13886027844995 441.65757879390696 0 0 12.0 1 901
270.0203005651541 402.2973321107582 0 0 10.0 1 902
456.8291694186483 248.29487318094166 0 0 11.0 1 903
620.682872578213 204.23465641072175 0 0 11.0 1 904
369.75389518810096 127.6745088249952 0 0 10.0 1 905
509.0376525937454 161.76736093296182 0 0 11.0 1 906
414.4646537134778 269.80102230451587 0 0 10.0 1 907
252.52811584753732 296.7912630417239 0 0 10.0 1 908
244.82389949592357 278.6353518014872 0 0 11.0 1 909
531.5200795173066 182.70188982929153 0 0 13.0 1 910
703.5808062595866 308.74379982280993 0 0 12.0 1 911
733.9741296257992 537.0484612853784 0 0 12.0 1 912
521.3080348702122 305.1297692849469 0 0 10.0 1 913
281.4400397353138 83.47585270308991 0 0 13.0 1 914
687.9571712775546 296.4786615724608 0 0 13.0 1 915
691.9734697214423 214.3457703718495 0 0 10.0 1 916
172.30172578189755 432.45760185376946 0 0 12.0 1 917
442.55411961901564 179.0607619650812 0 0 11.0 1 918
342.8289317024885 262.4046913963951 0 0 12.0 1 919
407.3436585813843 550.8213203716241 0 0 12.0 1 920
132.68243873191358 450.2525764283073 0 0 11.0 1 921
374.391994049684 574.1270514057152 0 0 11.0 1 922
596.0085047932423 490.7560799545544 0 0 10.0 1 923
154.98071800121724 480.80563995663283 0 0 12.0 1 924
266.8069462131863 427.4883688665396 0 0 13.0 1 925
341.1111377115699 62.0930573391924 0 0 10.0 1 926
415.78966016051396 257.87439839347917 0 0 10.0 1 927
323.6236642571527 609.512900172032 0 0 13.0 1 928
643.8737940736902 244.9304266978743 0 0 13.0 1 929
493.00660954527257 122.15333260790544 0 0 12.0 1 930
226.43445235517024 574.3301484848514 0 0 12.0 1 931
429.0483465144095 88.35084860571368 0 0 12.0 1 932
268.32167020739115 270.05455966818636 0 0 11.0 1 933
472.2964915855776 108.8415941374584 0 0 13.0 1 934
131.30220177388617 554.6010777078822 0 0 13.0 1 935
729.0652032917355 261.56195615883337 0 0 12.0 1 936
369.84773350576023 76.40172926101667 0 0 12.0 1 937
191.84551187668296 578.17886820305 0 0 11.0 1 938
177.03944368026424 491.4854651056327 0 0 12.0 1 939
403.2586649580646 645.9784159284937 0 0 12.0 1 940
250.6166569384223 428.0823221217011 0 0 13.0 1 941
522.7714027295988 131.76095982909823 0 0 13.0 1 942
244.8591641876117 353.35966270025943 0 0 11.0 1 943
551.904739121659 405.3805420155164 0 0 11.0 1 944
367.435763067481 106.80284709260434 0 0 10.0 1 945
333.72546562694333 290.49344269115875 0 0 12.0 1 946
239.51445504138806 573.032915537297 0 0 10.0 1 947
172.16776776009442 346.62890339723447 0 0 13.0 1 948
209.67952983900628 335.3538969643313 0 0 11.0 1 949
766.0802687600649 425.9660706414867 0 0 11.0 1 950
594.5294723435919 646.4838420459315 0 0 12.0 1 951
611.8561653304931 486.93655854391045 0 0 10.0 1 952
460.43426786350375 729.5037166221381 0 0 11.0 1 953
315.5938098950429 219.7873615087836 0 0 12.0 1 954
77.14925127399232 362.68520337645856 0 0 11.0 1 955
196.6743963962735 356.15140915399587 0 0 13.0 1 956
331.3586898205189 740.1431618257882 0 0 12.0 1 957
583.742502803327 124.68256018993395 0 0 12.0 1 958
195.96563996795155 449.69889260650007 0 0 12.0 1 959
469.8952800479849 539.4655865330719 0 0 10.0 1 960
192.00121669955016 179.66955238657437 0 0 10.0 1 961
185.83180819387715 164.93408239709487 0 0 12.0 1 962
493.96202238521363 274.2218685570476 0 0 10.0 1 963
148.22209036625796 168.5439907445408 0 0 10.0 1 964
531.2137953421717 445.8687247686557 0 0 10.0 1 965
248.10592081355566 494.7058008154843 0 0 11.0 1 966
682.2083364566299 633.0546177066259 0 0 13.0 1 967
706.7242839430573 513.3543719475289 0 0 10.0 1 968
548.2946500837555 433.35710953509766 0 0 10.0 1 969
616.107194524552 609.5201194986472 0 0 11.0 1 970
216.69319176629014 484.86821581233994 0 0 12.0 1 971
496.1339239536445 555.7153449897437 0 0 12.0 1 972
479.0835892377122 565.0296516183707 0 0 11.0 1 973
348.81961912240297 221.18006651040244 0 0 10.0 1 974
218.1590824287636 200.41573033715602 0 0 10.0 1 975
758.2959890381672 365.01451387844475 0 0 11.0 1 976
452.28654054013566 217.33605260384647 0 0 13.0 1 977
518.3437979258837 664.7541227110121 0 0 10.0 1 978
668.9429961353649 423.8676523716335 0 0 11.0 1 979
480.06185601554375 546.5574945587783 0 0 13.0 1 980
317.66547093974594 500.6033067270961 0 0 12.0 1 981
182.01059469811744 520.3395993683359 0 0 12.0 1 982
107.65337843553323 519.9560455326969 0 0 12.0 1 983
471.630054497793 725.2047590252074 0 0 11.0 1 984
661.7716057653074 179.90995839190617 0 0 11.0 1 985
494.45022105998146 511.333533770022 0 0 12.0 1 986
125.09694960925378 392.69843264340915 0 0 12.0 1 987
661.7773606018288 289.87001554372176 0 0 10.0 1 988
526.1451654456172 183.00138886458777 0 0 11.0 1 989
354.60398945171255 708.6797729464952 0 0 11.0 1 990
139.05811809422863 600.3754831996032 0 0 11.0 1 991
212.7357645032004 332.671654529469 0 0 13.0 1 992
629.9100922335933 250.94514603965214 0 0 13.0 1 993
61.45662846005263 476.14056465751463 0 0 13.0 1 994
449.1929771358074 542.7622183930887 0 0 13.0 1 995
598.0076151207456 660.2344795644779 0 0 12.0 1 996
495.43394006551785 590.4241662278482 0 0 12.0 1 997
204.23559113357229 429.66978633522865 0 0 12.0 1 998
248.67542222531512 159.67340521425155 0 0 12.0 1 999
152.61029235741339 469.62278759512236 0 0 11.0 1 1000
229.51380265810442 377.2303597766623 0 0 12.0 1 1001
213.32705583862935 340.25711826396554 0 0 10.0 1 1002
125.32355461735688 192.90376548098254 0 0 10.0 1 1003
256.3129393904504 331.918955550112 0 0 13.0 1 1004
463.2501527786193 538.2151155752558 0 0 10.0 1 1005
313.1204504937426 304.6430711610857 0 0 11.0 1 1006
198.04326778488863 516.2001648578598 0 0 13.0 1 1007
186.15641746799875 310.0282143676188 0 0 10.0 1 1008
234.98883228316913 536.2619335277755 0 0 10.0 1 1009
308.6846235635891 542.20584385417 0 0 13.0 1 1010
236.946940079473 272.47470976095354 0 0 13.0 1 1011
626.7508123522883 304.60571768928014 0 0 11.0 1 1012
585.8834307672932 406.5840843084609 0 0 10.0 1 1013
578.1216824958798 105.70649646171768 0 0 10.0 1 1014
601.5491601696656 258.95413499537653 0 0 10.0 1 1015
418.0354654716655 671.4014038011233 0 0 12.0 1 1016
326.25622540217205 142.34547217627875 0 0 12.0 1 1017
543.774345093842 184.57034165919305 0 0 13.0 1 1018
625.1679975112313 143.91334885085843 0 0 10.0 1 1019
303.4146483355416 255.2682832138964 0 0 13.0 1 1020
636.6151795798119 440.1653680726737 0 0 13.0 1 1021
695.7650881056813 461.0492641875274 0 0 12.0 1 1022
549.0436655931871 619.1140929893515 0 0 10.0 1 1023
744.1580751678456 312.9355451589827 0 0 11.0 1 1024
566.350795866531 113.838484917046 0 0 12.0 1 1025
243.59459601491207 568.6337736168572 0 0 10.0 1 1026
694.5840713697974 415.6596582080872 0 0 11.0 1 1027
177.96459121686067 491.1058573666052 0 0 11.0 1 1028
511.23913452511124 334.6788322968411 0 0 10.0 1 1029
130.30544248213562 521.98707163156 0 0 13.0 1 1030
466.90732872596635 108.5820709655024 0 0 10.0 1 1031
766.2964466552755 377.2862779862295 0 0 10.0 1 1032
271.1662743102197 281.56490754472117 0 0 11.0 1 1033
64.7604397458515 510.55965466934646 0 0 13.0 1 1034
606.9198845947761 662.1834498195577 0 0 12.0 1 1035
193.03973874258318 458.24474448619185 0 0 11.0 1 1036
106.3475261500667 594.093339921323 0 0 12.0 1 1037
180.8634841934777 667.7595702121173 0 0 13.0 1 1038
592.9924909021606 398.29751494002005 0 0 10.0 1 1039
656.9899740849041 422.8068678217831 0 0 12.0 1 1040
379.7991343774543 218.11837633202234 0 0 11.0 1 1041
652.6400521042076 636.4085532986978 0 0 10.0 1 1042
184.9212551882214 298.0925246599161 0 0 11.0 1 1043
551.9178724462897 203.97714410969098 0 0 11.0 1 1044
378.7806084480464 576.7306917945066 0 0 10.0 1 1045
701.9178273515774 303.384134184374 0 0 13.0 1 1046
509.96181451320524 241.38915753025125 0 0 12.0 1 1047
727.957396816005 373.82852939421645 0 0 13.0 1 1048
51.09801474216721 353.40166651968093 0 0 10.0 1 1049
693.922296797759 247.78080461016077 0 0 10.0 1 1050
573.7813075167671 562.6162881071969 0 0 10.0 1 1051
130.06019667673888 423.9479139341844 0 0 10.0 1 1052
423.80680701487495 215.52985081657113 0 0 10.0 1 1053
697.3395894099413 239.27299987392428 0 0 12.0 1 1054
172.31553835203803 598.4030895023506 0 0 10.0 1 1055
431.327846226205 263.5501335624426 0 0 10.0 1 1056
199.5032934164746 414.21515561503725 0 0 11.0 1 1057
479.7456533793554 229.75126794275474 0 0 10.0 1 1058
439.3776232304165 275.05840248850916 0 0 10.0 1 1059
248.14187018504822 447.1180263710743 0 0 10.0 1 1060
92.74045457318573 432.75014113110745 0 0 13.0 1 1061
218.6857211091545 166.03177081002494 0 0 13.0 1 1062
616.5721381600654 554.4425750004756 0 0 12.0 1 1063
190.91665672921044 485.7913490202199 0 0 12.0 1 1064
181.20988109665947 587.2828979652496 0 0 13.0 1 1065
756.8744273489951 390.5319957579851 0 0 10.0 1 1066
183.1378686743033 161.97727840208978 0 0 12.0 1 1067
670.0 400.0 0 0 11.0 1 1068
79.20222118380298 518.5444435922424 0 0 13.0 1 1069
433.1251611759034 101.83440222408217 0 0 12.0 1 1070
151.13031343258476 295.29145637610804 0 0 13.0 1 1071
230.02654689289383 403.00420352945304 0 0 10.0 1 1072
547.5703365841099 280.3212810878538 0 0 13.0 1 1073
581.2221880641604 268.33938116035574 0 0 13.0 1 1074
758.8591576102183 371.36252456510005 0 0 11.0 1 1075
235.00646364488486 398.53953396708334 0 0 12.0 1 1076
473.94004533684756 512.9507401285398 0 0 11.0 1 1077
692.3711835915102 342.35374248661566 0 0 10.0 1 1078
735.6969799420258 346.0784119502853 0 0 13.0 1 1079
515.8008690030001 152.7771071721917 0 0 10.0 1 1080
129.85450204951832 499.8268998671515 0 0 11.0 1 1081
279.3507778566427 521.1807129711772 0 0 13.0 1 1082
266.0052492631186 398.81392455508586 0 0 11.0 1 1083
114.18526797368276 258.3280586823048 0 0 12.0 1 1084
694.1494830851165 562.3948324324355 0 0 11.0 1 1085
271.0698468961437 702.6846801881724 0 0 12.0 1 1086
720.7134791257647 545.075374571454 0 0 11.0 1 1087
179.87837725003254 197.64518489069502 0 0 12.0 1 1088
480.58251918496177 206.0761551489728 0 0 10.0 1 1089
501.9875795633884 612.8251244914508 0 0 13.0 1 1090
529.8710755260596 226.15379284636515 0 0 11.0 1 1091
332.23015463149113 509.7645118366059 0 0 12.0 1 1092
219.39494461453097 422.49030833963076 0 0 10.0 1 1093
644.8301545172545 529.5654098865019 0 0 10.0 1 1094
612.9982544855557 592.3557734670485 0 0 10.0 1 1095
120.09931832532703 424.8316007952244 0 0 13.0 1 1096
476.76974785562123 205.61017049705418 0 0 13.0 1 1097
235.451632177437 295.3633207382301 0 0 11.0 1 1098
592.6922610426395 300.20675105862506 0 0 12.0 1 1099
550.9007369354551 251.09409819507968 0 0 12.0 1 1100
141.71940101919387 370.1481627011668 0 0 12.0 1 1101
180.60217623658266 260.48442765097343 0 0 13.0 1 1102
54.05403073494864 406.1144377717103 0 0 12.0 1 1103
370.3114103836823 534.7686448941068 0 0 13.0 1 1104
553.1323286991359 259.23604897851226 0 0 12.0 1 1105
213.71854949453774 654.0161829442782 0 0 13.0 1 1106
260.58888164937866 327.7951519617342 0 0 11.0 1 1107
207.74918293702328 432.6285662973087 0 0 11.0 1 1108
224.93383452427742 672.6313219452727 0 0 13.0 1 1109
272.6286292517817 189.54208517207073 0 12 11.0 1 1110
558.7730789869107 419.7764857600181 17 11 12.0 1 1111
364.3050190057405 616.0714426568663 15 8 12.0 1 1112
718.3831880271924 325.4269111432184 19 3 12.0 1 1113
198.86586301309634 186.94118432101084 -9 1 13.0 1 1114
242.41512619555235 458.2323582558384 -13 -5 12.0 1 1115
601.1218679956551 109.89830366931966 -17 -16 13.0 1 1116
599.8432741763069 151.35634782586257 -15 -5 12.0 1 1117
74.03704944499617 373.9778005257793 16 21 13.0 1 1118
442.1606326773797 591.4118101169389 16 -3 11.0 1 1119
421.54972896430615 724.2847655711951 10 11 12.0 1 1120
360.18383832386235 731.6182643784562 1 -4 12.0 1 1121
155.1587248292746 328.7416673449826 12 -1 12.0 1 1122
350.34879292492866 646.0401545195182 -13 -16 11.0 1 1123
90.56414849444309 578.0405959410127 3 -7 13.0 1 1124
168.5809157841896 416.407542799446 -9 -11 12.0 1 1125
66.70246021557318 286.7889140867891 4 -16 10.0 1 1126
748.3084420275354 443.38466563603964 11 9 10.0 1 1127
261.6646077639475 724.7650216000754 14 -9 10.0 1 1128
467.6973103835441 163.49825758182226 22 -15 10.0 1 1129
430.12353816065735 278.6839975572743 17 16 12.0 1 1130
434.00003368249395 204.94104042728702 -2 2 10.0 1 1131
560.3904171863161 145.29249309296068 12 13 12.0 1 1132
268.9230769979842 191.82978057290802 11 -4 11.0 1 1133
446.9125079970613 536.1441023086409 -13 9 11.0 1 1134
235.76347543845375 641.4339744111102 -6 -13 10.0 1 1135
368.5427793064288 590.4191252638136 18 -11 10.0 1 1136
260.59518340459556 550.3040156150249 3 19 13.0 1 1137
317.5827316601568 258.2135624278602 -13 -15 11.0 1 1138
258.8316544034775 346.40430799457124 -11 16 11.0 1 1139
212.0000000854161 399.9943328615684 19 -7 10.0 1 1140
392.6279424479705 637.885797742214 21 -10 11.0 1 1141
664.2068940657066 638.6015866002414 21 -15 11.0 1 1142
598.8548627938792 606.9438173592713 22 4 13.0 1 1143
541.836936980787 629.743951624212 -3 -12 11.0 1 1144
614.8292947764828 369.38343412727215 9 -2 13.0 1 1145
170.52762167474532 373.47779070757514 -15 -1 10.0 1 1146
478.1776208205774 514.9315431151693 10 13 10.0 1 1147
469.107076391813 215.51907417682412 20 -12 12.0 1 1148
460.3371428395525 238.93035917976522 -8 -9 13.0 1 1149
448.8526542302594 642.120668623434 0 18 11.0 1 1150
695.547692301142 610.7618598690701 1 13 10.0 1 1151
570.8781838387869 271.1720283169926 14 -12 12.0 1 1152
410.1189828978518 726.8433970345936 1 -12 11.0 1 1153
241.67636772823838 537.9624132301113 12 8 11.0 1 1154
507.86405610123666 482.8332385059842 10 1 11.0 1 1155
151.13531265556466 502.11448179840335 -13 0 10.0 1 1156
565.1861439460399 137.676654016006 17 22 11.0 1 1157
509.85552851023346 640.057832314918 8 15 12.0 1 1158
648.4891842806321 364.58636850666045 10 -16 11.0 1 1159
634.6636329826813 586.9036633010959 -9 -11 12.0 1 1160
516.3216727618436 293.0735372048314 -4 10 10.0 1 1161
554.3550781394954 309.36055024135317 0 -17 12.0 1 1162
336.8589649291441 644.9943054239852 -5 6 11.0 1 1163
527.2928536791578 260.2948483332969 -5 13 10.0 1 1164
542.1171844934709 229.45174913928673 21 10 12.0 1 1165
338.94298897462824 599.8825690365411 -7 1 13.0 1 1166
228.8404202494526 170.8703461801245 18 8 13.0 1 1167
259.0510270939635 477.80994176024933 -3 18 13.0 1 1168
749.2741314863563 522.0966054992994 8 4 13.0 1 1169
664.4919846420927 383.599083559539 21 13 12.0 1 1170
375.50708198621754 137.13863546125663 -7 15 13.0 1 1171
457.86331729701595 662.7029434768192 -17 -3 10.0 1 1172
381.9422629561477 614.2403279797131 7 11 11.0 1 1173
481.54449338931573 562.7098509552505 18 -16 12.0 1 1174
