400 400 7.0710678118654755 7.0710678118654755 5 2 -1 10 187
742.842712474619 742.842712474619
800.0 400.0 0 0 24.0 1 0
799.4518139018296 420.9343824971775 0 0 24.0 1 1
797.8087581473094 441.8113853070614 0 0 24.0 1 2
795.0753362380551 462.57378601609236 0 0 24.0 1 3
791.2590402935223 483.16467632710373 0 0 24.0 1 4
786.3703305156273 503.5276180410083 0 0 24.0 1 5
780.4226065180615 523.6067977499789 0 0 24.0 1 6
773.4321705988807 543.3471798181201 0 0 24.0 1 7
765.4181830570403 562.6946572303201 0 0 24.0 1 8
756.4026096753471 581.5961998958187 0 0 24.0 1 9
581.5961998958187 756.4026096753471 0 0 24.0 1 10
562.6946572303201 765.4181830570403 0 0 24.0 1 11
543.3471798181201 773.4321705988807 0 0 24.0 1 12
523.606797749979 780.4226065180615 0 0 24.0 1 13
503.5276180410083 786.3703305156273 0 0 24.0 1 14
483.1646763271038 791.2590402935223 0 0 24.0 1 15
462.57378601609236 795.0753362380551 0 0 24.0 1 16
441.8113853070614 797.8087581473094 0 0 24.0 1 17
420.9343824971776 799.4518139018296 0 0 24.0 1 18
400.0 800.0 0 0 24.0 1 19
379.0656175028225 799.4518139018296 0 0 24.0 1 20
358.1886146929386 797.8087581473094 0 0 24.0 1 21
337.4262139839077 795.0753362380551 0 0 24.0 1 22
316.83532367289627 791.2590402935223 0 0 24.0 1 23
296.47238195899166 786.3703305156273 0 0 24.0 1 24
276.3932022500211 780.4226065180615 0 0 24.0 1 25
256.65282018187986 773.4321705988807 0 0 24.0 1 26
237.3053427696799 765.4181830570403 0 0 24.0 1 27
218.4038001041813 756.4026096753471 0 0 24.0 1 28
200.00000000000009 746.4101615137755 0 0 24.0 1 29
182.14438599398918 735.4682271781696 0 0 24.0 1 30
164.8858990830108 723.606797749979 0 0 24.0 1 31
148.27184358006508 710.8583845827884 0 0 24.0 1 32
132.3477574564567 697.2579301909577 0 0 24.0 1 33
117.15728752538104 682.842712474619 0 0 24.0 1 34
102.74206980904233 667.6522425435434 0 0 24.0 1 35
89.14161541721165 651.728156419935 0 0 24.0 1 36
76.39320225002109 635.1141009169893 0 0 24.0 1 37
64.53177282183043 617.8556140060109 0 0 24.0 1 38
53.589838486224494 600.0 0 0 24.0 1 39
43.597390324652906 581.5961998958187 0 0 24.0 1 40
34.58181694295968 562.6946572303202 0 0 24.0 1 41
26.567829401119297 543.3471798181201 0 0 24.0 1 42
19.5773934819386 523.606797749979 0 0 24.0 1 43
13.629669484372698 503.5276180410084 0 0 24.0 1 44
8.740959706477724 483.16467632710373 0 0 24.0 1 45
4.924663761944942 462.5737860160924 0 0 24.0 1 46
2.1912418526906663 441.81138530706147 0 0 24.0 1 47
0.5481860981704472 420.9343824971775 0 0 24.0 1 48
0.0 400.00000000000006 0 0 24.0 1 49
0.5481860981704472 379.0656175028226 0 0 24.0 1 50
2.1912418526906663 358.1886146929386 0 0 24.0 1 51
4.924663761944885 337.4262139839077 0 0 24.0 1 52
8.740959706477781 316.8353236728962 0 0 24.0 1 53
13.629669484372698 296.47238195899166 0 0 24.0 1 54
19.577393481938543 276.3932022500211 0 0 24.0 1 55
26.567829401119297 256.65282018187986 0 0 24.0 1 56
34.58181694295968 237.30534276967992 0 0 24.0 1 57
43.59739032465285 218.40380010418136 0 0 24.0 1 58
53.58983848622455 199.99999999999994 0 0 24.0 1 59
64.53177282183037 182.14438599398918 0 0 24.0 1 60
76.39320225002103 164.8858990830108 0 0 24.0 1 61
89.14161541721171 148.27184358006497 0 0 24.0 1 62
102.74206980904228 132.3477574564567 0 0 24.0 1 63
117.15728752538092 117.15728752538104 0 0 24.0 1 64
132.34775745645675 102.74206980904228 0 0 24.0 1 65
148.27184358006485 89.14161541721177 0 0 24.0 1 66
164.8858990830107 76.39320225002109 0 0 24.0 1 67
182.1443859939892 64.53177282183032 0 0 24.0 1 68
199.99999999999983 53.58983848622461 0 0 24.0 1 69
218.40380010418124 43.597390324652906 0 0 24.0 1 70
237.30534276967995 34.58181694295962 0 0 24.0 1 71
256.65282018187975 26.567829401119354 0 0 24.0 1 72
276.393202250021 19.5773934819386 0 0 24.0 1 73
296.4723819589917 13.629669484372698 0 0 24.0 1 74
316.8353236728961 8.740959706477781 0 0 24.0 1 75
337.4262139839076 4.924663761944942 0 0 24.0 1 76
358.18861469293864 2.1912418526906663 0 0 24.0 1 77
379.0656175028223 0.5481860981704472 0 0 24.0 1 78
399.99999999999994 0.0 0 0 24.0 1 79
420.9343824971776 0.5481860981704472 0 0 24.0 1 80
441.8113853070612 2.1912418526906663 0 0 24.0 1 81
462.5737860160923 4.924663761944885 0 0 24.0 1 82
483.1646763271038 8.740959706477781 0 0 24.0 1 83
503.5276180410081 13.629669484372641 0 0 24.0 1 84
523.6067977499789 19.577393481938543 0 0 24.0 1 85
543.3471798181201 26.567829401119297 0 0 24.0 1 86
562.6946572303199 34.58181694295956 0 0 24.0 1 87
581.5961998958187 43.59739032465279 0 0 24.0 1 88
600.0 53.58983848622455 0 0 24.0 1 89
617.8556140060107 64.53177282183032 0 0 24.0 1 90
635.1141009169892 76.39320225002098 0 0 24.0 1 91
651.728156419935 89.14161541721171 0 0 24.0 1 92
667.6522425435431 102.74206980904216 0 0 24.0 1 93
682.842712474619 117.15728752538092 0 0 24.0 1 94
697.2579301909577 132.34775745645675 0 0 24.0 1 95
710.8583845827882 148.27184358006485 0 0 24.0 1 96
723.6067977499789 164.88589908301066 0 0 24.0 1 97
735.4682271781696 182.1443859939892 0 0 24.0 1 98
746.4101615137754 199.99999999999983 0 0 24.0 1 99
756.4026096753471 218.40380010418122 0 0 24.0 1 100
765.4181830570403 237.30534276967995 0 0 24.0 1 101
773.4321705988806 256.6528201818797 0 0 24.0 1 102
780.4226065180615 276.3932022500209 0 0 24.0 1 103
786.3703305156273 296.4723819589917 0 0 24.0 1 104
791.2590402935223 316.83532367289604 0 0 24.0 1 105
795.0753362380551 337.4262139839076 0 0 24.0 1 106
797.8087581473094 358.18861469293864 0 0 24.0 1 107
799.4518139018296 379.06561750282225 0 0 24.0 1 108
800.0 399.9999999999999 0 0 24.0 1 109
325.2641101143019 45.79871998679505 0 0 13.0 1 110
537.9341123698787 417.1808220040157 0 0 12.0 1 111
286.0660274537255 252.9794235495427 0 0 12.0 1 112
636.3244111174165 182.76332558703092 0 0 11.0 1 113
331.6443797170979 168.89718916521224 0 0 12.0 1 114
85.65355681551517 503.6692512621917 0 0 13.0 1 115
579.500877740752 331.8572462377724 0 0 11.0 1 116
98.54020855427439 546.1061057639263 0 0 12.0 1 117
632.9486433023301 465.56622288651204 0 0 10.0 1 118
367.7933734194229 247.36077435895035 0 0 11.0 1 119
596.5689027051408 219.3078128714556 0 0 10.0 1 120
570.5999949126369 478.9914029234085 0 0 13.0 1 121
623.6220307763401 528.6747347052466 0 0 10.0 1 122
454.8728583021406 267.94709612525287 0 0 13.0 1 123
151.19339160157796 290.0942603078699 0 0 10.0 1 124
574.9886702586394 504.8568799894081 0 0 12.0 1 125
657.5343835423892 612.6782576885603 0 0 10.0 1 126
755.1074984850977 303.4460538369542 0 0 13.0 1 127
79.9892385805075 297.5836313096552 0 0 13.0 1 128
391.4449866148011 185.1702726669815 0 0 10.0 1 129
693.1051493895623 609.0200263164331 0 0 11.0 1 130
658.1150271654633 296.7496598002109 0 0 11.0 1 131
211.0701824236417 420.1376272327198 0 0 11.0 1 132
536.2746106009525 293.42500056036243 0 0 11.0 1 133
561.9430174524852 395.70359471370756 0 0 11.0 1 134
313.72783039355187 564.7820158615505 0 0 10.0 1 135
185.7792975967881 341.74632490671064 0 0 12.0 1 136
463.2020449554517 255.1915005483136 0 0 13.0 1 137
701.0802547693238 335.079431702741 0 0 13.0 1 138
627.617834205471 355.1210344191102 0 0 11.0 1 139
256.60766795889924 227.91095586349863 0 0 10.0 1 140
298.05092659458313 579.0038726725679 0 0 13.0 1 141
591.9544803733385 365.6710404381138 0 0 10.0 1 142
329.78488951215087 262.93856027613333 0 0 11.0 1 143
388.50047037989543 111.22887814305886 0 0 12.0 1 144
177.8464272720591 576.9287713296271 0 0 11.0 1 145
488.5597340770783 607.9258846324747 0 0 13.0 1 146
561.2640686697266 496.63281097063106 0 0 12.0 1 147
591.95350088978 439.6213767574681 0 0 11.0 1 148
233.0216072133262 718.9329339255814 0 0 10.0 1 149
326.593293580885 256.7084948341394 0 0 12.0 1 150
413.80060608378983 160.3971133902597 0 0 11.0 1 151
147.41273960630465 653.6999721852715 0 0 10.0 1 152
342.6563265179718 70.95942026615239 0 0 11.0 1 153
698.2766122480889 472.66403915144855 0 0 10.0 1 154
522.8317835455605 330.7659552603158 0 0 10.0 1 155
540.958480908623 354.8922771586352 0 0 12.0 1 156
686.7280824205013 175.76127285532905 0 0 13.0 1 157
374.38321024011657 703.922325738663 0 0 10.0 1 158
406.80937054722676 229.13563135413352 0 0 12.0 1 159
746.3014347390199 275.50374986492017 0 0 11.0 1 160
461.3050015972102 678.3283973639162 0 0 13.0 1 161
396.78702717201963 641.9786701459586 0 0 12.0 1 162
213.71422557447332 568.221907748907 0 0 12.0 1 163
267.5462179991981 501.71035165450985 0 0 10.0 1 164
428.95554029551363 89.34653279547177 0 0 10.0 1 165
139.06393914403975 338.87412867717455 0 0 10.0 1 166
584.8886783083424 189.72357090393066 0 0 10.0 1 167
419.55085861870225 60.56257730286791 0 0 13.0 1 168
194.20334991777503 680.6274021098692 0 0 11.0 1 169
709.5256898164916 556.8529481508876 0 0 13.0 1 170
179.2164002574628 390.22236814319933 0 0 12.0 1 171
468.92126169765095 99.8102938373737 0 0 11.0 1 172
513.1905781910765 496.89630028422033 0 0 12.0 1 173
567.3380707408674 682.1027651064846 0 0 12.0 1 174
242.25505011705593 729.1527468918154 0 0 11.0 1 175
441.4052039191504 527.4425717270865 0 0 11.0 1 176
519.6395981057752 335.32878101436006 0 0 13.0 1 177
321.20639089976214 82.63496228324249 0 0 11.0 1 178
266.0638515029525 460.5814173305382 0 0 10.0 1 179
668.6207294863576 414.2794849422897 0 0 11.0 1 180
143.03352486633747 249.0952927925017 0 0 11.0 1 181
536.0092390573191 450.2641710470694 0 0 10.0 1 182
60.62126955038235 442.2620079788666 0 0 13.0 1 183
275.07439254193696 289.1731413364344 0 0 10.0 1 184
349.87361318404334 627.5441613067167 0 0 13.0 1 185
517.2037922275149 131.46271937123976 0 0 12.0 1 186
263.7856206967323 671.7749857345696 0 0 12.0 1 187
275.67805580188985 457.55913646678505 0 0 10.0 1 188
137.3703902227881 413.95306662599296 0 0 13.0 1 189
755.6001305628681 486.6287893466781 0 0 11.0 1 190
498.6002020908918 506.31556869826403 0 0 13.0 1 191
523.1213395670884 368.8529978456079 0 0 10.0 1 192
83.14658507317887 307.78333421115394 0 0 13.0 1 193
358.1492737146531 703.1245894172707 0 0 13.0 1 194
175.94948118578012 131.11086853671662 0 0 12.0 1 195
611.2649293119772 117.19948790215159 0 0 12.0 1 196
352.53238662950844 571.5541479560011 0 0 12.0 1 197
680.4701214699251 293.5269472465194 0 0 10.0 1 198
230.50111507708 599.7852046821454 0 0 11.0 1 199
656.5316034546777 236.88183292786778 0 0 12.0 1 200
325.4874197978151 501.6064731777113 0 0 11.0 1 201
141.82139390291746 379.3891447589506 0 0 10.0 1 202
542.4816698421483 501.60695723715503 0 0 13.0 1 203
730.9871217026692 397.0801940163038 0 0 11.0 1 204
483.23484930820257 218.14302361294796 0 0 11.0 1 205
426.3301080422038 579.0746364242739 0 0 12.0 1 206
510.8035851434185 146.12687121444853 0 0 12.0 1 207
163.06824455914392 568.9507125279865 0 0 11.0 1 208
509.3619903224481 136.81763913074877 0 0 11.0 1 209
296.7217938416916 214.8578596517747 0 0 12.0 1 210
536.1703298894096 203.58553704523342 0 0 10.0 1 211
683.2643425739677 246.88137857811722 0 0 13.0 1 212
375.10839155577406 580.2897884769388 0 0 13.0 1 213
146.52161553318817 293.3524092719619 0 0 10.0 1 214
364.7864692153438 82.94951939844333 0 0 13.0 1 215
321.59382534449924 298.82454953947024 0 0 10.0 1 216
577.0152715841147 154.08417369757973 0 0 11.0 1 217
198.21241208771823 602.6765140921443 0 0 13.0 1 218
641.8992943699892 361.14473802299966 0 0 11.0 1 219
651.5741591845076 426.8224240255798 0 0 11.0 1 220
462.54738393880365 249.47815852039318 0 0 13.0 1 221
101.29498966927804 461.6467095904013 0 0 12.0 1 222
677.6545132765013 345.2553997440008 0 0 11.0 1 223
436.9821639164725 601.6366027090696 0 0 13.0 1 224
430.6451944107747 763.7112481894474 0 0 13.0 1 225
310.9435944362051 252.85056361624456 0 0 13.0 1 226
488.7132400609039 577.0140136765913 0 0 12.0 1 227
349.2296430263922 228.35102431773024 0 0 13.0 1 228
119.17783537383986 275.95197762689725 0 0 13.0 1 229
534.8454400869692 460.9976006720886 0 0 10.0 1 230
708.8063446617934 410.9380755447012 0 0 10.0 1 231
231.92933431784718 98.70736594274655 0 0 13.0 1 232
206.77092854930825 471.4039630994209 0 0 13.0 1 233
675.7301124416379 387.79733254891755 0 0 10.0 1 234
281.91738645864297 555.1821393693311 0 0 10.0 1 235
460.6287525296379 254.0953929216081 0 0 10.0 1 236
167.15665752789977 161.93912991333448 0 0 11.0 1 237
403.16412614545965 257.03501020971737 0 0 11.0 1 238
623.1230782752657 419.8013115972071 0 0 13.0 1 239
154.221408949551 614.1702224429347 0 0 13.0 1 240
87.99125196662277 565.1046369749939 0 0 12.0 1 241
333.61456391759816 657.5829456236366 0 0 12.0 1 242
225.82209524868264 666.0564930544658 0 0 13.0 1 243
125.09694960925378 392.69843264340915 0 0 11.0 1 244
674.2464693660659 524.0559310966125 0 0 13.0 1 245
231.34662265563307 290.65175671123666 0 0 13.0 1 246
511.406402875056 649.2340534486424 0 0 12.0 1 247
288.1337724038824 744.2817844780836 0 0 11.0 1 248
523.2128334179221 645.8527967730435 0 0 10.0 1 249
98.5881207085933 230.0974425677398 0 0 10.0 1 250
470.60563585729983 230.08577403529046 0 0 11.0 1 251
286.45008364953395 168.3312353881038 0 0 10.0 1 252
593.4276459755241 92.82782389616187 0 0 10.0 1 253
465.6613489294239 88.85278844770528 0 0 12.0 1 254
469.04879127264735 713.4856686098847 0 0 10.0 1 255
444.3418481724876 221.42284440430782 0 0 11.0 1 256
295.97332593690527 221.0378501376041 0 0 10.0 1 257
267.4902130038133 273.7852768088238 0 0 11.0 1 258
647.7509039079998 536.7789808880334 0 0 10.0 1 259
38.95316766502515 328.8017917298436 0 0 13.0 1 260
307.7314931112916 733.470422431328 0 0 12.0 1 261
579.1479945190836 382.5072569392224 0 0 13.0 1 262
169.00000010495276 399.99303665437395 0 0 12.0 1 263
537.2603695214066 558.9326617119557 0 0 13.0 1 264
729.8839244402476 391.24806330570055 0 0 13.0 1 265
537.3913300866764 350.60746597901726 0 0 12.0 1 266
368.6007511532137 707.4005321593597 0 0 10.0 1 267
668.9917211973269 567.7273201577475 0 0 13.0 1 268
506.3414591394717 316.83453800953134 0 0 10.0 1 269
419.4334278898633 225.07618263812822 0 0 11.0 1 270
490.4978130618499 623.3632598056862 0 0 11.0 1 271
185.7511139079907 345.79285279289064 0 0 10.0 1 272
626.7282747048953 677.0528639977242 0 0 13.0 1 273
681.7242453208039 387.5320571695462 0 0 11.0 1 274
521.3020338949661 57.86725299535493 0 0 13.0 1 275
631.184440654172 624.1378022543668 0 0 10.0 1 276
111.91653605383453 377.00178700902205 0 0 13.0 1 277
230.594955542212 558.5116112852774 0 0 10.0 1 278
500.2979934163841 180.86234345360228 0 0 12.0 1 279
262.56467072249905 567.9301350752296 0 0 12.0 1 280
543.1092615011775 581.3304697853828 0 0 13.0 1 281
395.38180657075503 191.05102946065975 0 0 12.0 1 282
591.4918453907833 182.21369843621392 0 0 11.0 1 283
288.92721224483813 200.88486792738036 0 0 13.0 1 284
654.9776637914549 665.3495637219926 0 0 10.0 1 285
150.941087978802 605.6663763059415 0 0 12.0 1 286
600.2203215160523 456.3544395057624 0 0 13.0 1 287
320.14715894563295 529.3349286756907 0 0 12.0 1 288
245.66051424755236 347.5755482845075 0 0 12.0 1 289
172.23218569409158 299.3877603553662 0 0 10.0 1 290
77.06669746477644 472.62976052345056 0 0 10.0 1 291
582.5067514055004 323.21923618893277 0 0 10.0 1 292
425.94346595323117 707.9089744946281 0 0 12.0 1 293
164.43848350755593 580.8860744993378 0 0 13.0 1 294
176.30794083593952 355.8880666152292 0 0 10.0 1 295
735.2362273525378 510.56976019887907 0 0 13.0 1 296
47.04721790489407 459.90270120223846 0 0 13.0 1 297
229.9099282915581 262.0494019359935 0 0 13.0 1 298
642.2449675761004 494.4318573578538 0 0 12.0 1 299
530.1760330229295 156.62744520712042 0 0 11.0 1 300
754.9227693697178 460.2480521090105 0 0 12.0 1 301
151.97412904984495 422.00380283989637 0 0 13.0 1 302
694.7115332256637 386.9572938475749 0 0 12.0 1 303
560.3484378706112 353.33761180077937 0 0 11.0 1 304
324.870544132991 280.68292301130094 0 0 11.0 1 305
365.8082301590303 647.6508083474434 0 0 13.0 1 306
228.45311708226694 429.11472069606003 0 0 11.0 1 307
452.47345470962443 717.6956665597393 0 0 13.0 1 308
468.05468436554173 218.32842837717706 0 0 12.0 1 309
375.55906288483254 689.9717927539374 0 0 12.0 1 310
526.1492678540849 548.6988978435226 0 0 11.0 1 311
709.3281893664052 520.5822178569517 0 0 11.0 1 312
400.59746922838684 265.00132211565506 0 0 10.0 1 313
236.90120372898207 725.414785550603 0 0 13.0 1 314
639.3187798664009 478.9336531731375 0 0 12.0 1 315
268.61790475502744 674.1436576852379 0 0 11.0 1 316
267.07703202934636 228.47599414113313 0 0 13.0 1 317
230.22010164843562 308.21881393372354 0 0 11.0 1 318
663.9003952440653 564.5526705648564 0 0 10.0 1 319
512.1014533973989 334.17246665573134 0 0 12.0 1 320
122.321425948095 372.8778778024154 0 0 13.0 1 321
126.26829715178644 387.8775062046906 0 0 13.0 1 322
198.70281039733163 575.4093539639987 0 0 12.0 1 323
249.81668548162756 261.93852079498924 0 0 13.0 1 324
70.70885692802966 455.8868776579543 0 0 12.0 1 325
611.3666614013249 426.32744666802404 0 0 10.0 1 326
628.5205282227871 333.4991114286556 0 0 10.0 1 327
211.0334052226274 688.6461952949394 0 0 10.0 1 328
598.2422394538439 233.32362346053714 0 0 12.0 1 329
699.5774993105608 445.41279452787455 0 0 12.0 1 330
636.0951686523961 457.51583554984364 0 0 12.0 1 331
718.4457385143733 561.3732060226712 0 0 12.0 1 332
104.87948356716913 491.5689946456726 0 0 13.0 1 333
353.4618823717986 197.27308119634512 0 0 10.0 1 334
189.0405540736372 265.85041120285905 0 0 11.0 1 335
670.5983676387283 363.86797222330796 0 0 12.0 1 336
668.2605559208075 327.0597906703078 0 0 12.0 1 337
508.2525635104093 243.8546110401437 0 0 11.0 1 338
226.32316492828346 484.1745624251874 0 0 10.0 1 339
254.01606341895692 307.16848455237846 0 0 12.0 1 340
218.84567797013617 504.23104916434636 0 0 11.0 1 341
316.33753573669503 587.1512545333085 0 0 10.0 1 342
73.89558764253695 356.44644399140634 0 0 13.0 1 343
362.13717536320667 59.09619170428232 0 0 10.0 1 344
538.5124367641426 321.92756657014337 0 0 12.0 1 345
182.20973279163184 500.83352373743367 0 0 13.0 1 346
749.0 400.0 0 0 13.0 1 347
330.6213710987227 555.1986013203045 0 0 13.0 1 348
262.97594711145905 362.73864025564376 0 0 12.0 1 349
609.0807570510543 485.7976516634225 0 0 12.0 1 350
488.699774852514 499.1027241861359 0 0 10.0 1 351
184.82136515510993 263.16741942691624 0 0 11.0 1 352
593.2904311184735 644.9138812685688 0 0 13.0 1 353
474.600194040147 281.5313921362608 0 0 12.0 1 354
323.39711116059414 297.4524626260697 0 0 13.0 1 355
141.52750509740173 448.58980735531185 0 0 13.0 1 356
485.82610834531044 293.2157355866557 0 0 11.0 1 357
321.1978542226641 527.6331532983789 0 0 10.0 1 358
326.97695605192877 298.54737532937816 0 0 12.0 1 359
128.87190872231935 593.3353514495517 0 0 13.0 1 360
673.8936500981531 557.6016130498369 0 0 11.0 1 361
698.8780673764244 478.4404286151823 0 0 10.0 1 362
630.0956744713677 420.42010258461977 0 0 11.0 1 363
355.0728181265201 644.9133486131518 0 0 13.0 1 364
485.4625501397968 276.7273245053766 0 0 11.0 1 365
573.8433164513975 379.91265758794225 0 0 12.0 1 366
246.3741018536625 355.2888893144989 0 0 13.0 1 367
197.35879502398876 344.8951722090506 0 0 11.0 1 368
586.8224406124418 222.06356279949108 0 0 10.0 1 369
324.25792407577904 159.6520481995123 0 0 12.0 1 370
143.98517336657721 619.1470021329484 0 0 11.0 1 371
591.8414375593429 244.4176654142099 0 0 12.0 1 372
473.18221879613657 193.58933445174304 0 0 11.0 1 373
267.8929567818974 519.29681107293 0 0 13.0 1 374
251.16450516031 581.8598236989815 0 0 12.0 1 375
523.6534094172888 371.03736304339066 0 0 12.0 1 376
611.925430246462 394.37754369941973 0 0 13.0 1 377
576.045231947429 251.98622932789013 0 0 13.0 1 378
453.5054727863674 230.23202780881402 0 0 11.0 1 379
390.5835903537102 703.8541282085423 0 0 10.0 1 380
384.22142091134583 190.59360935744323 0 0 10.0 1 381
610.8693077759946 369.9477947885206 0 0 13.0 1 382
601.3523247308833 511.1631293436314 0 0 10.0 1 383
530.5334671579171 332.39812168487504 0 0 13.0 1 384
416.77855768594435 744.5917584649688 0 0 10.0 1 385
606.3053487716156 484.6587447829346 0 0 12.0 1 386
251.26882283270012 326.2772969945536 0 0 10.0 1 387
559.9294825369693 649.0754115031374 0 0 12.0 1 388
87.04887751456334 405.5312688512871 0 0 11.0 1 389
687.4771668582357 489.206942191525 0 0 12.0 1 390
676.8263995835496 409.805329857224 0 0 10.0 1 391
611.6446630390177 336.3797468796246 0 0 11.0 1 392
237.28810916568395 108.31379775326769 0 0 13.0 1 393
384.50637383219066 233.72027318950703 0 0 10.0 1 394
753.3196558570817 365.5004234079108 0 0 10.0 1 395
256.6371753250908 421.7278738313543 0 0 11.0 1 396
315.08575283452114 259.69472344804717 0 0 11.0 1 397
313.298051985206 496.86471086231535 0 0 12.0 1 398
540.8811480409518 693.9872482381904 0 0 11.0 1 399
575.4740312589928 485.0521272733259 0 0 12.0 1 400
191.86245302754153 609.0544463537851 0 0 11.0 1 401
92.25361908425998 555.9396198317293 0 0 10.0 1 402
170.28116900540513 350.4595247653319 0 0 10.0 1 403
125.43695764962234 618.6690096362645 0 0 13.0 1 404
376.34206782759645 146.09981834325924 0 0 11.0 1 405
460.94631069178274 217.92982887617012 0 0 13.0 1 406
476.97565265110694 262.01902704018886 0 0 10.0 1 407
654.0850988060549 517.6467703114595 0 0 13.0 1 408
447.2703820284696 634.2787036477762 0 0 10.0 1 409
425.80276873894184 652.6860050050352 0 0 11.0 1 410
134.2563288109261 146.88085567671223 0 0 12.0 1 411
589.9926076238887 398.3239784383617 0 0 10.0 1 412
430.35288771265823 256.1677984333732 0 0 11.0 1 413
635.5062096953154 574.3153039608001 0 0 11.0 1 414
421.2184318538268 31.6105618375243 0 0 13.0 1 415
493.36353816619953 275.02300315222567 0 0 12.0 1 416
420.8734167017321 37.60063400276778 0 0 12.0 1 417
145.58442743598619 504.39212823256844 0 0 13.0 1 418
418.97483270365774 625.2020331255209 0 0 12.0 1 419
523.6358225355727 221.66552945111152 0 0 12.0 1 420
317.95951923915715 281.6557584141511 0 0 11.0 1 421
693.2411854199461 352.8979069095139 0 0 12.0 1 422
680.0319353593331 623.0383715393077 0 0 10.0 1 423
199.24298455857817 482.3748793689722 0 0 13.0 1 424
606.3837122286563 438.80416635774014 0 0 12.0 1 425
502.3342108728013 534.49427231314 0 0 13.0 1 426
430.54874413736354 607.7661527574448 0 0 13.0 1 427
405.3359979726806 266.10628421902857 0 0 10.0 1 428
171.7628420952864 428.4218182314015 0 0 12.0 1 429
64.05360767659568 279.21497822623326 0 0 10.0 1 430
264.6199336655645 340.19834752045864 0 0 12.0 1 431
522.5068374675351 320.5766106634643 0 0 10.0 1 432
526.3701229080956 746.6865905053046 0 0 11.0 1 433
502.89502167967964 716.704301381491 0 0 11.0 1 434
134.71168555602617 575.3456877698316 0 0 13.0 1 435
613.5839049138975 576.3828664063808 0 0 13.0 1 436
187.24675833292847 637.6910981929122 0 0 10.0 1 437
462.10780587872557 591.1638575906297 0 0 11.0 1 438
720.5617798912115 233.98450291319648 0 0 10.0 1 439
578.2664935819026 328.69041252388666 0 0 11.0 1 440
742.8714382129789 506.3963197566693 0 0 12.0 1 441
261.89370198755694 482.75053141399314 0 0 11.0 1 442
674.4114313251882 245.32819792198217 0 0 13.0 1 443
587.9240447704273 148.4437371140952 0 0 10.0 1 444
558.6445442417086 299.12429141591826 0 0 12.0 1 445
388.39103614126583 574.6145239037309 0 0 13.0 1 446
738.8419439774043 546.1065946547712 0 0 13.0 1 447
244.86787511053336 514.8173498530555 0 0 12.0 1 448
410.89909175118805 255.41020160813838 0 0 11.0 1 449
288.19336766850245 492.327011035175 0 0 13.0 1 450
307.6177661585312 627.9945676336613 0 0 13.0 1 451
485.95754268587694 78.28537357557764 0 0 13.0 1 452
343.6808777154337 525.9847469541296 0 0 12.0 1 453
255.61255922229415 643.3952894894733 0 0 13.0 1 454
619.4007438132122 545.0252171665646 0 0 11.0 1 455
608.3130951924838 329.24935073564916 0 0 12.0 1 456
367.27974715642335 720.3332406320837 0 0 13.0 1 457
485.5709608487927 194.07134570581397 0 0 13.0 1 458
467.97869300159016 609.2340729847688 0 0 12.0 1 459
533.1017636204763 446.5287064200033 0 0 12.0 1 460
253.4811105031341 420.88576119286034 0 0 12.0 1 461
478.42668596441547 246.92075604890468 0 0 12.0 1 462
179.78371114041985 285.9439343089814 0 0 11.0 1 463
707.9924628099159 475.0309459641993 0 0 11.0 1 464
224.8294180110257 340.4998554149318 0 0 12.0 1 465
516.6591135057597 469.90458665960546 0 0 12.0 1 466
583.3518301259585 669.5516766585986 0 0 10.0 1 467
661.6252177886522 556.7713156704386 0 0 10.0 1 468
374.2464940158754 575.1164096523386 0 0 10.0 1 469
510.08851194597304 568.1711019691593 0 0 12.0 1 470
179.61213130909147 495.0220360436402 0 0 12.0 1 471
609.1778858830615 418.56372962238163 0 0 11.0 1 472
99.04700361624145 405.31920742567866 0 0 11.0 1 473
725.719850875053 428.90637898342277 0 0 10.0 1 474
635.4892856240742 519.3348078150846 0 0 12.0 1 475
287.5644151037554 327.1011711408245 0 0 13.0 1 476
220.17625360336336 392.0363179446872 0 0 13.0 1 477
490.1549169172383 159.33199016976548 0 0 11.0 1 478
576.5877083234194 439.7212949069255 0 0 13.0 1 479
580.247216411896 273.86142154058064 0 0 10.0 1 480
157.58448847312346 274.4463470417416 0 0 12.0 1 481
490.603896344573 60.8953937688521 0 0 11.0 1 482
137.87681479442847 150.32934538138917 0 0 13.0 1 483
233.87797971706055 102.20061387384516 0 0 13.0 1 484
579.4890848998007 459.2002398798531 0 0 10.0 1 485
294.1691132531847 690.3115970993629 0 0 13.0 1 486
584.6328187209785 661.3631998792987 0 0 10.0 1 487
456.0109087550141 545.5980017048225 0 0 12.0 1 488
226.94841189085923 487.68778622421877 0 0 11.0 1 489
195.23120921074138 334.4657164630234 0 0 12.0 1 490
320.02464218831824 186.48666987072338 0 0 12.0 1 491
132.00000012176338 399.99192131329966 0 0 12.0 1 492
652.0095482305455 422.36487425934547 0 0 12.0 1 493
364.98699740124454 573.5024197209351 0 0 12.0 1 494
631.0 400.0 0 0 12.0 1 495
683.994052736544 239.926960389099 0 0 13.0 1 496
602.1537737270961 453.0551766361589 0 0 10.0 1 497
637.7510567399514 510.0837636485799 0 0 12.0 1 498
444.6697615494159 53.87052653216841 0 0 12.0 1 499
531.5200795173066 182.70188982929153 0 0 11.0 1 500
409.500084861286 706.8529751976154 0 0 12.0 1 501
623.8473640947432 145.41532334440177 0 0 11.0 1 502
130.59069276308293 643.2850697723237 0 0 10.0 1 503
166.00916662365492 397.9287936260455 0 0 11.0 1 504
155.39993152606706 278.7572414428502 0 0 10.0 1 505
537.9319107804298 463.8653895976494 0 0 13.0 1 506
644.4093343219558 523.8550656868681 0 0 10.0 1 507
502.1131812190814 191.68077808008442 0 0 12.0 1 508
747.6337246342308 430.85115065814847 0 0 12.0 1 509
635.3199161998516 127.55819513207081 0 0 13.0 1 510
262.65360853346635 386.58475676248503 0 0 12.0 1 511
181.9362592138545 370.8760415748006 0 0 13.0 1 512
312.65049618858296 685.9564025929465 0 0 10.0 1 513
683.9889503430757 397.4947888236564 0 0 10.0 1 514
479.1551605467691 585.8452597157517 0 0 13.0 1 515
723.8187946628041 256.970673555635 0 0 11.0 1 516
312.0825516449894 260.37363331109685 0 0 13.0 1 517
662.5752144913654 167.07242169546893 0 0 13.0 1 518
461.48981776052926 589.2617296544045 0 0 12.0 1 519
583.7530031763611 493.1173121587402 0 0 10.0 1 520
452.5289900466833 561.6808745791395 0 0 12.0 1 521
534.8132078011229 185.91030150338557 0 0 13.0 1 522
283.01694118648186 614.1283819362416 0 0 11.0 1 523
338.1924477439217 45.34548292160133 0 0 10.0 1 524
287.2814547077412 189.2500781798555 0 0 10.0 1 525
154.3795005754456 595.6184302728975 0 0 12.0 1 526
216.2433351322569 280.859376715228 0 0 13.0 1 527
146.48740191610094 384.27223433696145 0 0 11.0 1 528
738.0568599672998 298.3803196765044 0 0 10.0 1 529
319.1991683054489 634.467962838143 0 0 11.0 1 530
548.5546351445203 724.6236596076732 0 0 13.0 1 531
679.2669199528339 554.17842722008 0 0 11.0 1 532
214.32372616856583 537.4238746945896 0 0 13.0 1 533
140.55816505416777 311.87546153346653 0 0 10.0 1 534
666.9267388599671 541.2590389376303 0 0 11.0 1 535
174.6691925068417 129.57435921406926 0 0 12.0 1 536
503.10534774382916 479.1788309248378 0 0 12.0 1 537
91.34116875855557 549.5952067970948 0 0 13.0 1 538
130.50030566693005 592.1741781675723 0 0 13.0 1 539
692.7523169177787 202.75629049505156 0 0 13.0 1 540
125.43695764962234 618.6690096362645 0 0 11.0 1 541
592.3476288231249 151.80977117114102 0 0 13.0 1 542
507.6910077076346 574.4352225294942 0 0 11.0 1 543
413.57892021406036 59.270469542453384 0 0 11.0 1 544
561.4372874982828 620.1522250743717 0 0 10.0 1 545
448.8210613375057 550.2681069617885 0 0 12.0 1 546
599.4167921199418 357.0006625563609 0 0 10.0 1 547
211.71291547105372 241.68394332983956 0 0 11.0 1 548
262.28529194418593 142.51473986827534 0 0 10.0 1 549
459.52290782978946 140.74525376864096 0 0 11.0 1 550
232.117610662476 380.59630575575846 0 0 13.0 1 551
604.6244593685226 557.1395259892936 0 0 11.0 1 552
270.69280270812595 485.4672377494462 0 0 10.0 1 553
624.058087616495 496.6124907744287 0 0 10.0 1 554
384.3208214229953 231.72889921572866 0 0 12.0 1 555
479.4384672164484 54.00212439047948 0 0 13.0 1 556
249.4016230612125 464.9317246298208 0 0 11.0 1 557
337.77032720298683 580.5781487987311 0 0 10.0 1 558
503.8559605305505 547.0167999321055 0 0 10.0 1 559
713.6139592599368 314.72817254622316 0 0 11.0 1 560
189.201542489501 95.9210459252493 0 0 11.0 1 561
176.8572829504551 496.2098114941857 0 0 12.0 1 562
174.42772546122316 248.00937871236036 0 0 11.0 1 563
677.467063133969 382.7945103001956 0 0 13.0 1 564
291.36462846118854 492.9911611424677 0 0 11.0 1 565
232.3390910952285 167.06477375625232 0 0 12.0 1 566
433.0217377103882 624.585317504476 0 0 10.0 1 567
531.4102090021485 741.5953116920834 0 0 11.0 1 568
264.5978744625766 354.0079963477581 0 0 13.0 1 569
386.09982318380463 215.52294157679523 0 0 13.0 1 570
230.67414959875265 582.5643896982498 0 0 12.0 1 571
684.9633396842967 603.2139144743101 0 0 12.0 1 572
152.75552937430277 242.77668192975085 0 0 13.0 1 573
384.22804521839765 230.7332122288395 0 0 12.0 1 574
616.1944073732325 208.2163244159274 0 0 11.0 1 575
561.76321504274 323.3601783728832 0 0 11.0 1 576
366.58688993688037 602.2586563682995 0 0 12.0 1 577
513.757723692843 478.1228538919489 0 0 11.0 1 578
276.02067806013247 608.9931284308905 0 0 10.0 1 579
382.4811006879446 759.5734809004887 0 0 11.0 1 580
340.54161246662693 118.2045065088314 0 0 11.0 1 581
256.60831674476367 560.19932950306 0 0 11.0 1 582
186.84406632195672 337.9633339238672 0 0 11.0 1 583
300.8579476041902 476.13050273541154 0 0 13.0 1 584
226.21379059933818 562.6110495081725 0 0 11.0 1 585
627.3922305961087 359.33338636515015 0 0 13.0 1 586
349.54531738048416 257.6787963732602 0 0 13.0 1 587
618.166674688784 271.889492799231 0 0 12.0 1 588
662.1449371754559 246.06484510263334 0 0 12.0 1 589
513.3096470961457 264.02234052997187 0 0 12.0 1 590
377.18009390054544 743.2422641307624 0 0 12.0 1 591
471.3776276516697 619.6957766340072 0 0 13.0 1 592
199.99327411281718 335.9897695685345 0 0 13.0 1 593
699.2481973042716 472.90072983272364 0 0 13.0 1 594
449.16893104013747 734.4045696762684 0 0 12.0 1 595
149.1108890773194 331.7749751159674 0 0 13.0 1 596
446.2520193716697 180.82712142228297 0 0 10.0 1 597
47.67737352906943 378.14212094861176 0 0 10.0 1 598
240.6637461762429 258.64598266263795 0 0 11.0 1 599
306.13479619238956 609.9745782568826 0 0 10.0 1 600
299.23675702717753 203.30793390276276 0 0 12.0 1 601
535.6952151665791 531.5591448014761 0 0 11.0 1 602
324.7754409824108 532.0805274088851 0 0 12.0 1 603
416.86322681363913 565.1412473654955 0 0 11.0 1 604
69.23856158105036 528.925834707507 0 0 10.0 1 605
546.799898319046 491.53572992836064 0 0 12.0 1 606
468.54593509874906 686.9258698365104 0 0 10.0 1 607
254.69136272801808 535.9647010593543 0 0 10.0 1 608
731.3635430233011 379.4524367613847 0 0 13.0 1 609
77.14005624970878 348.13038730086015 0 0 13.0 1 610
539.5895417672077 380.10628669099253 0 0 13.0 1 611
250.38727557064624 619.9364287443675 0 0 12.0 1 612
128.04247502863012 404.8067256471249 0 0 13.0 1 613
307.47001531753017 668.5036348630348 0 0 10.0 1 614
160.50589960137984 348.3514194361971 0 0 12.0 1 615
488.5909059766721 584.8692818675738 0 0 11.0 1 616
212.15589453278247 486.9689142235365 0 0 10.0 1 617
397.5172482692879 586.983517840059 0 0 13.0 1 618
174.31828209258595 411.99008767100537 0 0 12.0 1 619
232.94257563159815 655.1799697534971 0 0 10.0 1 620
237.73633365798128 263.5650243330325 0 0 10.0 1 621
273.2466050041309 141.39300694486008 0 0 12.0 1 622
608.9264854788235 394.457106760277 0 0 10.0 1 623
196.2131727071763 640.1997689880756 0 0 13.0 1 624
319.8236288716151 250.09419786851646 0 0 13.0 1 625
674.8912072211531 603.4670100839373 0 0 13.0 1 626
411.9605252726178 192.34416493822508 0 0 11.0 1 627
652.5572552050071 620.0905105707943 0 0 13.0 1 628
570.9103110237652 350.2640413205912 0 0 10.0 1 629
550.9908180136101 173.75727000502127 0 0 11.0 1 630
515.257537083371 349.0912566892938 0 0 10.0 1 631
455.5500227659478 234.05062527775922 0 0 12.0 1 632
295.3993769037028 321.13486418025786 0 0 13.0 1 633
384.97953182277445 525.1015009331901 0 0 11.0 1 634
725.8579811050944 473.29785911001727 0 0 11.0 1 635
556.1151896915719 416.64474534393685 0 0 13.0 1 636
406.6141560732998 535.8390700035819 0 0 13.0 1 637
48.577538308327064 337.1410036783544 0 0 11.0 1 638
578.5000065635505 295.1823122902799 0 0 10.0 1 639
440.82995396637153 83.62377640046338 0 0 11.0 1 640
488.2172137386869 688.8281897602496 0 0 12.0 1 641
442.6664884906773 755.4484080142643 0 0 11.0 1 642
190.0118129568626 199.98759712873718 0 0 11.0 1 643
225.43819078548785 412.37637926682345 0 0 13.0 1 644
398.6857293755586 101.0028884876549 0 0 11.0 1 645
515.0229364265837 619.7128218739318 0 0 12.0 1 646
615.6948663907816 649.7513255473589 0 0 10.0 1 647
438.31476976012823 55.12179190585505 0 0 11.0 1 648
639.7982180180578 445.08674567280286 0 0 11.0 1 649
162.7547943972755 381.0602951839005 0 0 13.0 1 650
335.7430705923719 268.9006215762138 0 0 12.0 1 651
231.3612339916008 156.73683674019944 0 0 13.0 1 652
553.4632563111596 156.29314953745077 0 0 10.0 1 653
258.9738442784647 340.6651586131279 0 0 10.0 1 654
364.097101663806 255.39024275291476 0 0 12.0 1 655
272.5923187412055 274.26900638165057 0 0 13.0 1 656
395.7116106469518 722.9715308146473 0 0 10.0 1 657
92.77121578245863 421.7824275096093 0 0 13.0 1 658
632.3808016717563 121.1305627818067 0 0 12.0 1 659
180.52586248050682 461.76651973419416 0 0 11.0 1 660
652.0017793619213 354.9322377033699 0 0 12.0 1 661
257.5406194602368 329.38608567550614 0 0 13.0 1 662
541.0240357748403 136.34639897438046 0 0 11.0 1 663
328.23972988453664 525.9978715413706 0 0 12.0 1 664
105.77353901696915 576.2946104037246 0 0 12.0 1 665
86.58668844134866 293.54298455320225 0 0 10.0 1 666
310.16555381383705 545.501794760152 0 0 12.0 1 667
490.1297198762961 238.440000015411 0 0 10.0 1 668
666.6578509594675 230.44295791186255 0 0 11.0 1 669
222.76808584670482 225.1004613912346 0 0 13.0 1 670
93.86023200674856 538.4718110412302 0 0 13.0 1 671
362.65134736838877 249.56703105168987 0 0 12.0 1 672
257.50873095541453 524.1661719071002 0 0 11.0 1 673
694.3254086742872 282.2648998441254 0 0 13.0 1 674
161.41957858442967 590.0115325899164 0 0 11.0 1 675
480.51249381123404 522.9908059177433 0 0 13.0 1 676
399.0593514594299 186.00206734567942 0 0 12.0 1 677
392.7580816925293 218.14413779251458 0 0 12.0 1 678
737.3718596011556 314.6523090572563 0 0 12.0 1 679
483.0141771070354 189.79855757097727 0 0 11.0 1 680
701.7052671853662 607.195395104734 0 0 11.0 1 681
183.47133218712221 471.4096353105127 0 0 13.0 1 682
718.150909021248 291.9444629417187 0 0 11.0 1 683
719.7433398498226 428.37598670849763 0 0 13.0 1 684
268.0998474865337 494.05503584032243 0 0 10.0 1 685
194.1215804654493 570.0090479061498 0 0 13.0 1 686
114.06637318284396 176.3686939286287 0 0 11.0 1 687
558.0068462083387 525.8484666227379 0 0 12.0 1 688
200.14917371066923 209.64336830183262 0 0 10.0 1 689
378.1751479455798 728.2753049390141 0 0 10.0 1 690
308.1449086935201 583.2693160381143 0 0 11.0 1 691
628.792410534117 342.12053142963356 0 0 13.0 1 692
439.9272677166874 689.2573478629022 0 0 12.0 1 693
277.7232856431738 333.8985240248061 0 0 13.0 1 694
332.6539740091893 106.6307569235571 0 0 10.0 1 695
36.728747208081245 364.51765375584813 0 0 11.0 1 696
461.94466880134337 106.4648947619861 0 0 11.0 1 697
187.6048416517934 239.86163261029466 0 0 10.0 1 698
411.9605252726178 192.34416493822508 0 0 12.0 1 699
633.705275884498 518.4307562407279 0 0 12.0 1 700
75.34592338494542 283.2749789581246 0 0 11.0 1 701
558.542224911851 449.19718406575794 0 0 13.0 1 702
450.11952762157887 627.5456722308509 0 0 13.0 1 703
258.87406106372435 343.54232240558775 0 0 13.0 1 704
510.2741993940563 702.5286778935179 0 0 13.0 1 705
351.447686825823 751.6641478533697 0 0 10.0 1 706
152.85592476613394 623.1788656589085 0 0 10.0 1 707
597.391623313927 563.0108801445252 0 0 11.0 1 708
158.45656483413043 204.09755252097702 0 0 13.0 1 709
198.31711370999173 331.4944281263809 0 0 13.0 1 710
429.94653273236304 563.276468535149 0 0 12.0 1 711
449.0057023109921 186.55342321553522 0 0 10.0 1 712
530.2689552842498 492.8977894739703 0 0 12.0 1 713
151.07438462442138 145.49648723467593 0 0 10.0 1 714
415.850958014693 532.0520621952435 0 0 12.0 1 715
361.7335691675444 718.710966663127 0 0 12.0 1 716
424.1935674961103 601.553147561161 0 0 10.0 1 717
360.4222584536596 729.6325262684056 0 0 12.0 1 718
243.22352363926052 686.967134807996 0 0 13.0 1 719
493.7235261462997 279.06654455154325 0 0 11.0 1 720
416.05054118406616 557.1826330346282 0 0 12.0 1 721
162.9123019132746 277.2057679858791 0 0 13.0 1 722
148.74313525445666 538.7046787900097 0 0 10.0 1 723
113.8881076622132 207.2177781461924 0 0 11.0 1 724
277.7225011993613 180.79869232356344 0 0 13.0 1 725
234.659732606262 657.4851373927575 0 0 11.0 1 726
527.0000119177921 265.47863748504227 0 0 11.0 1 727
335.10771405631084 226.75453476352556 0 0 11.0 1 728
427.70661412481 728.8348271301853 0 0 10.0 1 729
462.1354893753612 641.1227508139461 0 0 12.0 1 730
348.2119224058878 268.8550610236666 0 0 10.0 1 731
533.0 400.0 0 0 12.0 1 732
328.7326954446364 150.99804960319477 0 0 11.0 1 733
294.0197021890787 322.9988540610698 0 0 12.0 1 734
571.5575198614113 502.80086273471386 0 0 10.0 1 735
536.9465466723057 358.83395386328647 0 0 13.0 1 736
478.2839814926448 291.24514612368216 0 0 10.0 1 737
158.61578717739195 511.7571554756556 0 0 13.0 1 738
594.4447353184739 454.72883067386545 0 0 13.0 1 739
153.802895267408 524.7516958653835 0 0 10.0 1 740
274.86648217078596 629.0471626449141 0 0 10.0 1 741
323.46823663944116 546.1775947158915 0 0 13.0 1 742
492.931800035752 164.68599586485507 0 0 12.0 1 743
309.7737510160003 259.4716256613018 0 0 12.0 1 744
378.6952619390638 208.1794897927886 0 0 11.0 1 745
180.3012118908855 568.705194061672 0 0 13.0 1 746
236.68352318549722 686.7537766113953 0 0 11.0 1 747
723.5431834705571 417.19908223532286 0 0 10.0 1 748
335.8589030972921 280.0753582948132 0 0 11.0 1 749
619.0978168674171 344.5730512843101 0 0 13.0 1 750
489.16231123686293 88.50990022971712 0 0 10.0 1 751
188.40531239172714 270.64897303864416 0 0 13.0 1 752
567.9736758528121 402.9739234177095 0 0 10.0 1 753
429.1411527333054 87.35516441595558 0 0 11.0 1 754
247.4754883654712 203.1821315260007 0 0 13.0 1 755
654.7347671324784 359.0830302446282 0 0 11.0 1 756
593.5727729557562 150.22894168815466 0 0 13.0 1 757
136.341113413115 364.7864866313498 0 0 13.0 1 758
542.2945184719862 609.1919453822866 0 0 13.0 1 759
423.256763977492 676.0219609547314 0 0 11.0 1 760
537.6360120094424 234.82939668894886 0 0 10.0 1 761
256.276322346136 391.08347143512776 0 0 12.0 1 762
341.57223825323274 591.2751856809007 0 0 12.0 1 763
452.75399586155373 62.09318456024124 0 0 12.0 1 764
424.7680338388453 693.9584060709233 0 0 10.0 1 765
340.0624870767067 697.0126168104143 0 0 12.0 1 766
152.37262509205937 320.7492385134237 0 0 11.0 1 767
152.09490605219852 548.5397737803977 0 0 11.0 1 768
261.93559962183906 248.46379525598883 0 0 10.0 1 769
381.28401981091736 555.880441638975 0 0 12.0 1 770
302.67393057727793 578.1477931682666 0 0 13.0 1 771
262.21644383855164 614.5709478272979 0 0 11.0 1 772
221.2915907681874 371.2892969463477 0 0 12.0 1 773
567.0601271857523 210.00022656676592 0 0 10.0 1 774
228.96879672034933 418.229852021199 0 0 13.0 1 775
243.7087167457852 131.12449948210082 0 0 11.0 1 776
248.54551358543904 483.6094405249884 0 0 12.0 1 777
662.9664851101345 423.3372600967083 0 0 10.0 1 778
425.5564910027857 60.96185204666932 0 0 13.0 1 779
515.2814465144727 684.53328116326 0 0 10.0 1 780
432.1314063406263 110.77937015735972 0 0 13.0 1 781
569.4074310879166 232.83205363409888 0 0 10.0 1 782
737.8773357498678 469.7417090884005 0 0 12.0 1 783
285.057544771017 485.07192242998406 0 0 13.0 1 784
232.92232739853887 199.48553339452295 0 0 12.0 1 785
553.2674942406408 146.77070625775707 0 0 13.0 1 786
689.897994205066 392.3089041171308 0 0 13.0 1 787
251.3628180581895 109.85695227285368 0 0 12.0 1 788
480.097796055842 535.0308967125552 0 0 11.0 1 789
510.4035722006625 147.04338070464908 0 0 12.0 1 790
161.11030828859225 146.94720868161016 0 0 13.0 1 791
392.408476964776 555.8151750568784 0 0 11.0 1 792
619.0452241591605 106.78473816483711 0 0 13.0 1 793
444.09665011606313 767.3628797912787 0 0 10.0 1 794
564.38840712055 565.1225351197356 0 0 11.0 1 795
293.09589530864366 271.7014715589477 0 0 13.0 1 796
637.6071650080546 542.3791948875787 0 0 13.0 1 797
635.0727481348925 132.6485401492833 0 0 12.0 1 798
291.5330224137092 733.8201832922855 0 0 12.0 1 799
572.9500182352258 691.5635285704216 0 0 11.0 1 800
449.9007836317408 182.65485560303358 0 0 12.0 1 801
437.1181399694287 112.38525127314853 0 0 11.0 1 802
715.8960243079704 308.0723010925534 0 0 13.0 1 803
589.2435961205257 257.3260313604077 0 0 13.0 1 804
252.24534510722506 594.1766256723939 0 0 12.0 1 805
528.5637982265189 557.0998083562515 0 0 10.0 1 806
248.9828237634504 307.68092027354845 0 0 11.0 1 807
623.8829345413944 491.87182169269136 0 0 12.0 1 808
461.31304781935387 703.8761428067389 0 0 11.0 1 809
350.80328846845293 84.81642876811975 0 0 12.0 1 810
518.311397828236 323.2965897503319 0 0 12.0 1 811
341.57223825323274 591.2751856809007 0 0 12.0 1 812
430.67140146791485 528.3871688759979 0 0 11.0 1 813
272.26170090529536 685.7480130191491 0 0 13.0 1 814
422.0801838311198 732.2671598006399 0 0 13.0 1 815
303.687480753097 500.2242417597407 0 0 12.0 1 816
437.15511699936144 624.9522111044116 0 0 10.0 1 817
185.27812587103472 452.30216793350723 0 0 11.0 1 818
558.05087706295 435.5516562150383 0 0 13.0 1 819
104.12159485873963 275.51317591381735 0 0 13.0 1 820
466.45543247517065 729.3625289776268 0 0 10.0 1 821
472.41431889813623 241.7844305432647 0 0 10.0 1 822
190.98885529563557 435.4731079745099 0 0 13.0 1 823
496.2376743453242 156.31514196281435 0 0 13.0 1 824
526.4251032736204 287.84968452004057 0 0 13.0 1 825
596.9180100253778 668.5373294863216 0 0 11.0 1 826
528.1944593378555 75.39688757642062 0 0 13.0 1 827
229.27149206779217 80.78882134354683 0 0 11.0 1 828
190.05256595818997 618.4744262820246 0 0 10.0 1 829
536.7048632035737 210.08480741001208 0 0 12.0 1 830
631.3595687009121 302.66680951223293 0 0 11.0 1 831
219.54750203200055 118.9432513226036 0 0 11.0 1 832
391.6041496545257 189.16710480340976 0 0 13.0 1 833
737.1355827483028 511.19621776374527 0 0 11.0 1 834
196.5712288240596 425.3324901627709 0 0 11.0 1 835
668.2894670124149 510.0943317804979 0 0 13.0 1 836
266.9418210675269 581.4401306744844 0 0 12.0 1 837
449.64379033115426 646.0416511112628 0 0 12.0 1 838
197.35879502398876 344.8951722090506 0 0 13.0 1 839
437.3811807672835 585.2664225499151 0 0 13.0 1 840
126.98259443330659 466.5018515353644 0 0 12.0 1 841
509.6005453726452 544.0441614714694 0 0 10.0 1 842
751.9119860940148 324.11881627593107 0 0 12.0 1 843
622.4078999087563 681.8079595365905 0 0 13.0 1 844
564.4312992038581 443.15492836433975 0 0 12.0 1 845
387.0554799527591 665.6848497764722 0 0 10.0 1 846
248.01799117490856 607.2449492593 0 0 12.0 1 847
366.09849212259303 630.520471463248 0 0 11.0 1 848
143.80493405689407 164.48335900321695 0 0 10.0 1 849
375.71480635540956 181.34449613685746 0 0 11.0 1 850
636.1749549930298 429.41752256802687 0 0 13.0 1 851
85.78874341387814 422.2774826802822 0 0 11.0 1 852
515.403388273932 471.95872410553204 0 0 13.0 1 853
338.99194725299105 253.1701069263545 0 0 13.0 1 854
656.1278601852688 286.8694593095418 0 0 12.0 1 855
539.1374266005948 139.87353744963957 0 0 13.0 1 856
260.0970679085815 728.4450785020593 0 0 10.0 1 857
441.23632686529146 743.5339362372499 0 0 12.0 1 858
139.53059934088088 531.9836782343912 0 0 13.0 1 859
152.8727327123368 138.22125036028638 0 0 11.0 1 860
576.7568606545408 479.9563143944945 0 0 10.0 1 861
611.0488192268743 477.9961274868318 0 0 11.0 1 862
308.15292019592846 256.9471638468342 0 0 11.0 1 863
452.8083347347338 661.7255810625784 0 0 13.0 1 864
319.3771419508821 118.31053487928983 0 0 10.0 1 865
81.14070513894887 337.1211475874977 0 0 11.0 1 866
551.3408252804694 339.4611314655913 0 0 11.0 1 867
246.18982646407855 602.1346841015903 0 0 12.0 1 868
689.4853351116412 212.32144300613135 0 0 12.0 1 869
242.4997370569533 371.82790080822605 0 0 12.0 1 870
641.8554076145565 169.64817819779077 0 0 11.0 1 871
751.2241712509999 479.0036804778629 0 0 13.0 1 872
360.2605922179429 42.20008458758491 0 0 11.0 1 873
77.26754141425607 428.63145429769645 0 0 13.0 1 874
444.4439958898912 274.64557754375267 0 0 10.0 1 875
613.9395582034133 436.3161869657091 0 0 11.0 1 876
540.4436652847182 189.56099011496462 0 0 13.0 1 877
329.6399576230292 116.60369720705444 0 0 12.0 1 878
267.310426741896 310.5937521837414 0 0 13.0 1 879
607.8514167038442 640.6694591638186 0 0 13.0 1 880
326.40270204214335 231.3600351835234 0 0 13.0 1 881
666.4896231677789 428.4126863195865 0 0 11.0 1 882
518.177917033736 658.2440317327148 0 0 12.0 1 883
78.34643010204422 240.5635519340045 0 0 11.0 1 884
57.007982049403836 464.47848960837956 0 0 11.0 1 885
161.62895212205507 631.0914181305106 0 0 10.0 1 886
224.78095747586056 368.6585396491515 0 0 10.0 1 887
166.15158288755862 284.0865934673403 0 0 12.0 1 888
633.9908957052103 397.9358471293507 0 0 12.0 1 889
48.76422289151907 330.73652565022826 0 0 12.0 1 890
548.478026449917 471.96718461589114 0 0 13.0 1 891
370.00969633359017 581.5394769354493 0 0 11.0 1 892
276.4853607765265 366.41229544170704 0 0 10.0 1 893
486.5706525981675 125.3192360052721 0 0 10.0 1 894
503.72010299783227 286.1661727160197 0 0 10.0 1 895
520.0426590763701 143.72132355212545 0 0 13.0 1 896
572.4259310207208 115.11704453997669 0 0 13.0 1 897
70.34854438980562 334.9929402750746 0 0 11.0 1 898
548.6849470142104 588.3952932835145 0 0 13.0 1 899
569.7770501336189 462.74355144496246 0 0 10.0 1 900
49.38887312000503 472.35908863397924 0 0 12.0 1 901
673.8548986242859 647.3145658862053 0 0 11.0 1 902
152.10114673693687 300.82763212034166 0 0 10.0 1 903
621.8420268802288 564.2014467344055 0 0 11.0 1 904
528.7632990272242 549.093973129787 0 0 13.0 1 905
481.89660499208304 155.34320755235362 0 0 11.0 1 906
624.1188677687123 293.817453835056 0 0 12.0 1 907
623.7204585372648 641.2263593222681 0 0 13.0 1 908
136.6787088367292 602.2026152652531 0 0 10.0 1 909
588.263768402472 252.7663302539111 0 0 10.0 1 910
116.46050395432684 344.08618970088264 0 0 11.0 1 911
581.1385277915178 382.312893127436 0 0 13.0 1 912
532.1120865716929 459.7611628206273 0 0 10.0 1 913
431.34437562303947 661.1255064462332 0 0 12.0 1 914
484.46650479196205 131.99550457458844 0 0 11.0 1 915
105.50974262977093 288.1944173396684 0 0 12.0 1 916
672.4558087610874 429.04879123718916 0 0 13.0 1 917
343.8373534214306 108.35851267473845 0 0 11.0 1 918
602.782681830296 363.7345350269305 0 0 12.0 1 919
143.7610879711395 147.1331971921464 0 0 12.0 1 920
646.4053559498877 243.320707943873 0 0 13.0 1 921
94.70131292318342 525.2705538790822 0 0 13.0 1 922
657.7148859318557 519.327438458766 0 0 13.0 1 923
567.0413912497229 645.5731532748582 0 0 10.0 1 924
596.6770763960027 353.93344358082607 0 0 12.0 1 925
488.8912869907193 174.91703952290484 0 0 12.0 1 926
95.4775862077791 446.1530009659113 0 0 12.0 1 927
488.77941611019634 543.802695646266 0 0 10.0 1 928
692.3260977055248 228.34204766379176 0 0 13.0 1 929
525.4240592615292 513.2687307175304 0 0 13.0 1 930
576.640051806153 458.26055353255384 0 0 12.0 1 931
279.09622155330453 249.5630485641497 0 0 10.0 1 932
415.1271569369959 263.8377103489975 0 0 11.0 1 933
707.1592387801302 212.24163924871172 0 0 12.0 1 934
481.35007845930824 715.6868143186605 0 0 13.0 1 935
233.3087235945068 287.6834011808251 0 0 10.0 1 936
631.2372433714826 456.33238214346824 0 0 12.0 1 937
222.0627528379897 395.2738945837339 0 0 11.0 1 938
606.8758863675826 209.83331616808624 0 0 10.0 1 939
501.0260743485379 289.1228955026166 0 0 10.0 1 940
449.54015599914857 699.9362814725488 0 0 10.0 1 941
199.05806147968997 98.89148576684198 0 0 13.0 1 942
502.3653788390812 623.6902528389008 0 0 10.0 1 943
396.4949387331123 663.9767310683185 0 0 10.0 1 944
507.7132860673348 679.9961571246586 0 0 11.0 1 945
282.8667855423598 721.3157482458967 0 0 13.0 1 946
444.79601263646947 561.9176248957267 0 0 13.0 1 947
483.64000466120046 582.771304148858 0 0 10.0 1 948
210.5941345855248 324.2278537548678 0 0 11.0 1 949
174.799720321241 278.2591521607939 0 0 10.0 1 950
739.714179186919 277.871885057707 0 0 10.0 1 951
160.16436496117004 154.79015483565686 0 0 10.0 1 952
274.2514072013182 200.29198461465973 0 0 13.0 1 953
584.3339343565505 186.58725285345548 0 0 13.0 1 954
731.7117172926111 474.6145871179816 0 0 10.0 1 955
366.2185313971219 644.678998647274 0 0 12.0 1 956
177.22976986471852 132.64737785936393 0 0 11.0 1 957
501.54596557531613 45.24738637273339 0 0 11.0 1 958
590.8572757154795 620.9920819994812 0 0 12.0 1 959
176.34033088044293 624.6449474377963 0 0 13.0 1 960
303.69169031761476 168.211929801981 0 0 13.0 1 961
267.9743365418873 216.57365459551576 0 0 13.0 1 962
461.3823933754739 522.4793933014798 0 0 10.0 1 963
267.2799082952501 491.1393288206731 0 0 13.0 1 964
87.00000014220876 399.9905648173985 0 0 13.0 1 965
530.7940209971898 571.8980048499303 0 0 12.0 1 966
533.3839750653042 248.3005761521214 0 0 11.0 1 967
335.61098152620946 576.6297095620719 0 0 12.0 1 968
678.5844413794741 502.954888282618 0 0 11.0 1 969
538.4899114406711 462.64618447403694 0 0 11.0 1 970
265.35534787370693 545.1716833745119 0 0 13.0 1 971
356.807443089138 661.4563118907286 0 0 10.0 1 972
202.60346291818362 563.0049298276193 0 0 13.0 1 973
588.5344794744713 524.6224299606221 0 0 13.0 1 974
708.4683174242666 563.2430615537515 0 0 13.0 1 975
522.0897903490127 455.2275573652694 0 0 11.0 1 976
265.6366100202719 291.02532664350167 0 0 10.0 1 977
709.9356329222812 475.5043273267495 0 0 12.0 1 978
275.52339225206686 485.47850094361263 0 0 12.0 1 979
311.60324538757436 197.44873791064492 0 0 10.0 1 980
346.7020146798043 722.6272225972386 0 0 12.0 1 981
382.22170106205283 667.4096708925707 0 0 11.0 1 982
333.27483787628154 188.26489960433227 0 0 13.0 1 983
134.4913235138252 299.19750642687563 0 0 12.0 1 984
118.10205418792697 555.6198835204987 0 0 12.0 1 985
459.6282052865993 176.82859248035564 0 0 11.0 1 986
427.29419548087367 535.2738958300968 0 0 11.0 1 987
206.52580549005668 493.7695902664005 0 0 11.0 1 988
656.294717968346 370.3855180439377 0 0 12.0 1 989
126.18126185727346 270.26065114266623 0 0 13.0 1 990
271.3310851525605 227.75218331722647 0 0 13.0 1 991
516.6893932396127 703.3291702183801 0 0 11.0 1 992
269.08712243411276 347.6280753893939 0 0 13.0 1 993
118.95172421654144 266.835189786697 0 0 12.0 1 994
618.623423515283 303.43500276778747 0 0 11.0 1 995
262.31836390687755 466.72905725934544 0 0 11.0 1 996
398.60221385092854 82.00307203703767 0 0 11.0 1 997
180.14393741003175 437.31369376564015 0 0 10.0 1 998
644.7176480324227 244.39385377987387 0 0 12.0 1 999
421.2417374956877 652.1067007998088 0 0 13.0 1 1000
310.4046182196156 747.640140898066 0 0 10.0 1 1001
510.91861400393594 332.19836972870144 0 0 10.0 1 1002
619.2775676847041 265.9613924636636 0 0 12.0 1 1003
413.1408905297358 70.26174471850328 0 0 11.0 1 1004
745.5180646720091 338.2078727886048 0 0 11.0 1 1005
294.2015447407707 64.27587685011247 0 0 10.0 1 1006
82.11618586977704 363.25927717066685 0 0 13.0 1 1007
409.2525256466596 698.8568064628241 0 0 11.0 1 1008
493.32403824679227 121.2050504666355 0 0 13.0 1 1009
183.18534493643585 242.47093807913507 0 0 11.0 1 1010
651.0310395257367 143.35936176312987 0 0 12.0 1 1011
482.12595049195727 527.9035896908002 0 0 13.0 1 1012
288.7628345897904 334.6754790947407 0 0 11.0 1 1013
266.3412193659568 425.12628821415365 0 0 11.0 1 1014
333.68563552956516 168.30320445702682 0 0 12.0 1 1015
282.50997658757234 149.15125194941234 0 0 11.0 1 1016
524.4402550526428 534.1775798053953 0 0 10.0 1 1017
562.2677790124128 263.5699157283161 0 0 10.0 1 1018
588.8478330310028 289.10592459696284 0 0 11.0 1 1019
461.3050015972102 678.3283973639162 0 0 12.0 1 1020
583.8626960862055 697.8162335869415 0 0 12.0 1 1021
494.9486702789311 277.4857150685569 0 0 13.0 1 1022
489.504103229232 308.49581700746694 0 0 11.0 1 1023
327.12218472471983 54.60482915839407 0 0 13.0 1 1024
250.02342372902396 402.6507678201056 0 0 10.0 1 1025
248.06618672105347 666.7679073324193 0 0 12.0 1 1026
254.09181207987322 88.47664502020882 0 0 12.0 1 1027
435.5509426105377 548.8124002880884 0 0 11.0 1 1028
207.90666263357122 315.14630391416426 0 0 11.0 1 1029
102.59836695920029 191.8623804674765 0 0 13.0 1 1030
265.7590816992383 583.0529318360354 0 0 12.0 1 1031
308.2648370817466 731.5428477351932 0 0 10.0 1 1032
441.4796170559389 535.8066322713757 0 0 10.0 1 1033
515.2189087155937 351.5272955738212 0 0 12.0 1 1034
208.66264500421784 486.54488190076887 0 0 12.0 1 1035
585.2821214503242 511.024931753491 0 0 12.0 1 1036
696.9835163403177 596.3078985220418 0 0 10.0 1 1037
190.92126802344228 207.79676424400463 0 0 13.0 1 1038
517.1235285489666 721.3192790049166 0 0 10.0 1 1039
202.3885908474299 103.88223462153519 0 0 10.0 1 1040
386.113024784026 51.2763960966351 0 0 10.0 1 1041
443.1215078806025 176.11490545794894 0 0 11.0 1 1042
288.8724823963379 325.1222674538834 0 0 13.0 1 1043
632.671486878518 412.36847580503155 0 0 13.0 1 1044
629.6129078160893 317.4535732800014 0 0 10.0 1 1045
721.6084539581414 330.65302931883696 0 0 10.0 1 1046
549.8029934230456 727.3515895203427 0 0 11.0 1 1047
341.20572942918375 646.073634808863 0 0 12.0 1 1048
567.9953729538237 239.99514174217802 0 0 13.0 1 1049
532.6460316848339 623.6180455112378 0 0 13.0 1 1050
494.7876917392546 646.3966182696995 0 0 11.0 1 1051
474.3299308682322 555.1098364937692 0 0 12.0 1 1052
306.0417691579163 274.21903618978865 0 0 10.0 1 1053
515.338281467297 107.95020830657904 0 0 13.0 1 1054
475.6263831508177 557.8152406186605 0 0 11.0 1 1055
458.70887122864605 580.7021539413912 0 0 10.0 1 1056
325.15052557790244 119.82584669756602 0 0 11.0 1 1057
362.8064597516319 709.7751451678992 0 0 10.0 1 1058
262.6588334568197 243.7905125398639 0 0 12.0 1 1059
289.94279410716064 210.66323275427678 0 0 11.0 1 1060
375.17504421228347 207.59490243203552 0 0 13.0 1 1061
140.42626600691892 329.4133396392124 0 0 12.0 1 1062
316.8030544824229 209.36351803354816 0 0 11.0 1 1063
368.57199269733945 613.7013812706505 0 0 10.0 1 1064
264.2336943128614 670.880989070969 0 0 11.0 1 1065
420.8250692578074 603.9394922284733 0 0 10.0 1 1066
574.3900025905024 227.91534932921942 0 0 11.0 1 1067
673.9231556437444 506.78063870465 0 0 13.0 1 1068
304.2431583580443 65.43367282591424 0 0 12.0 1 1069
553.5814204893136 302.3437289239208 0 0 13.0 1 1070
711.0112699288559 375.1808546230867 0 0 13.0 1 1071
631.1550436874937 205.65148372618614 0 0 12.0 1 1072
160.19405065451213 598.0255202202719 0 0 13.0 1 1073
542.9115824676245 163.88079367277348 0 0 13.0 1 1074
158.75701178617624 633.8756520838903 0 0 13.0 1 1075
393.0615928922075 623.8925155220838 0 0 11.0 1 1076
325.8680936281013 710.2667569329142 0 0 12.0 1 1077
240.60405947216927 208.70458933040698 0 0 10.0 1 1078
256.68202629579093 386.0014853173757 0 0 11.0 1 1079
113.24281484231528 532.764139587621 0 0 10.0 1 1080
100.96535358706683 572.056038094256 0 0 10.0 1 1081
237.91691799281486 147.55381855323677 0 0 11.0 1 1082
62.1253409239381 495.087931696062 0 0 10.0 1 1083
325.9810620641204 141.3840746843992 0 0 10.0 1 1084
146.11675687732554 540.1545534811944 0 0 11.0 1 1085
563.7986071163035 262.28283946160207 0 0 11.0 1 1086
456.2309026911772 635.3764762726628 0 0 13.0 1 1087
431.0045414274044 201.40564355733477 0 0 12.0 1 1088
413.3495504419539 558.4385985263621 0 0 12.0 1 1089
485.8278893867279 224.9041022655882 0 0 10.0 1 1090
624.9647444457305 403.9829331487181 0 0 11.0 1 1091
163.23206724442844 389.51448529383816 0 0 10.0 1 1092
223.0337390170448 276.1495156500687 0 0 13.0 1 1093
538.5251877417676 66.63567623228181 0 0 10.0 1 1094
60.9206958234833 436.1417415071445 0 0 10.0 1 1095
429.53538279489374 230.55484319946146 0 0 11.0 1 1096
149.2158235089481 359.70984212360395 0 0 12.0 1 1097
646.0663372654889 333.09441230549817 0 0 13.0 1 1098
246.9391087162129 658.0162079393709 0 0 12.0 1 1099
703.9263903490335 443.33300415857315 0 0 13.0 1 1100
359.7217383123391 190.84297373642858 0 0 13.0 1 1101
612.292989787119 689.5042080648332 0 0 11.0 1 1102
235.9546692593464 512.6504747535027 0 0 12.0 1 1103
133.61726141487776 287.92307738035265 0 0 12.0 1 1104
372.22405487862255 631.3384898208991 0 0 12.0 1 1105
649.9262013794573 332.04491289068244 0 0 10.0 1 1106
121.40994986262905 528.9828824474672 0 0 13.0 1 1107
235.9074108224946 540.4621734739372 0 0 13.0 1 1108
621.8509073358358 615.0887605484452 0 0 13.0 1 1109
519.0289093840072 251.90503475521595 -16 -2 13.0 1 1110
532.1760100087542 172.6269532724565 14 -14 13.0 1 1111
121.17776329875738 255.59030392346835 -14 -13 12.0 1 1112
466.12472864700135 603.5276891760933 9 -2 11.0 1 1113
542.6641184908008 186.23389114445024 -4 12 11.0 1 1114
45.58268621704053 450.5209628854325 1 1 13.0 1 1115
677.8766727845693 190.5040460481936 -8 18 13.0 1 1116
487.4937362797138 615.9487117623439 -16 -16 11.0 1 1117
590.0306253473275 500.5652098397037 20 5 12.0 1 1118
493.65739076000693 543.0709374961503 -2 -1 12.0 1 1119
696.8771291497534 310.7589209623693 14 3 12.0 1 1120
332.3022643935089 48.45908261803487 18 0 11.0 1 1121
478.98801219783286 104.37034328566591 12 18 10.0 1 1122
430.73740418770916 223.65881937618371 -2 17 12.0 1 1123
615.527217175845 283.4967010920457 10 -15 13.0 1 1124
210.8748501343938 706.3195679161095 -10 13 13.0 1 1125
427.3030573510936 243.36174458554868 -7 -17 11.0 1 1126
73.32234771760136 295.4499569619397 19 12 13.0 1 1127
640.6602074580379 412.79314450220005 -8 8 13.0 1 1128
323.02850673107207 262.0167067216057 10 -7 12.0 1 1129
93.65239578229546 468.8995311310075 -4 -1 11.0 1 1130
494.0486574742568 300.3814774889232 18 10 11.0 1 1131
346.35938039202347 239.73870109077376 -17 -8 12.0 1 1132
213.85672876583763 511.53332494929515 9 -1 13.0 1 1133
503.9015875539296 493.8320846180725 -12 -11 11.0 1 1134
318.13644210740813 169.08149080429638 2 5 13.0 1 1135
603.4092581204269 627.2656456900108 -4 -12 10.0 1 1136
259.00552347835617 398.75196539005304 21 -3 10.0 1 1137
409.7162948159259 156.1935324585297 12 20 12.0 1 1138
590.1357527459148 649.8887663096209 12 20 13.0 1 1139
502.2209010722696 529.5217641324163 18 22 12.0 1 1140
225.24965983510543 166.0634303657215 -1 9 13.0 1 1141
524.8915542947976 383.3236794876806 4 4 10.0 1 1142
590.1137167567724 344.6757313566127 14 -14 11.0 1 1143
137.95265188781616 608.7011915331868 -15 -9 11.0 1 1144
514.4328250918297 210.93353406406862 -11 8 12.0 1 1145
596.7743790567358 176.20580046204051 10 19 10.0 1 1146
318.8838922367591 600.1903520685808 7 0 11.0 1 1147
594.0376954671353 427.6653707331607 6 18 13.0 1 1148
395.4327989552675 743.9696798768999 11 2 13.0 1 1149
170.42130770004317 354.7272262629984 -10 5 10.0 1 1150
149.46236994163607 161.3645124363554 10 20 12.0 1 1151
445.7747430998426 591.6081232467543 14 -15 11.0 1 1152
188.90182363765115 583.9498843068151 14 -7 13.0 1 1153
98.59778164481122 559.4920147548808 21 20 13.0 1 1154
416.12719184878625 275.03635055316107 -14 15 12.0 1 1155
558.8341714643392 642.6349232390854 -12 14 13.0 1 1156
449.89836226144376 241.67705964192768 13 3 12.0 1 1157
598.0125377859559 301.8570691309589 -8 -17 10.0 1 1158
152.9214625080955 355.8050193929046 -4 2 10.0 1 1159
414.4549795827094 37.28791919035359 -3 -3 11.0 1 1160
146.00000011540263 399.9923433342467 17 0 10.0 1 1161
164.74432492704207 555.4952325506054 12 6 12.0 1 1162
317.0373336214174 747.2264333073679 3 14 11.0 1 1163
401.6823189011147 526.9888570037346 -1 11 10.0 1 1164
238.2281491106147 408.5946646137295 -2 -17 13.0 1 1165
299.14244388643544 274.50596279185544 -1 8 10.0 1 1166
427.00664666741187 190.7354759263253 7 14 12.0 1 1167
135.04063585244484 423.5060705036644 -3 -4 10.0 1 1168
502.5225496268553 316.8547847557721 -6 4 13.0 1 1169
327.82628320424203 550.5986540573512 -1 -15 11.0 1 1170
237.3244097133923 648.4867246452086 -11 -3 11.0 1 1171
231.1654825498245 392.522987403623 -8 -4 11.0 1 1172
311.1195657166145 149.28847573037893 14 18 11.0 1 1173
709.8909593226567 391.7784837114157 14 -5 12.0 1 1174
