400 400 -7.071067811865475 7.0710678118654755 5 2 -1 10 187
57.15728752538104 742.842712474619
800.0 400.0 0 0 24.0 1 0
799.4518139018296 420.9343824971775 0 0 24.0 1 1
797.8087581473094 441.8113853070614 0 0 24.0 1 2
795.0753362380551 462.57378601609236 0 0 24.0 1 3
791.2590402935223 483.16467632710373 0 0 24.0 1 4
786.3703305156273 503.5276180410083 0 0 24.0 1 5
780.4226065180615 523.6067977499789 0 0 24.0 1 6
773.4321705988807 543.3471798181201 0 0 24.0 1 7
765.4181830570403 562.6946572303201 0 0 24.0 1 8
756.4026096753471 581.5961998958187 0 0 24.0 1 9
746.4101615137755 600.0 0 0 24.0 1 10
735.4682271781696 617.8556140060108 0 0 24.0 1 11
723.606797749979 635.1141009169893 0 0 24.0 1 12
710.8583845827884 651.728156419935 0 0 24.0 1 13
697.2579301909577 667.6522425435433 0 0 24.0 1 14
682.842712474619 682.842712474619 0 0 24.0 1 15
667.6522425435433 697.2579301909577 0 0 24.0 1 16
651.728156419935 710.8583845827884 0 0 24.0 1 17
635.1141009169893 723.606797749979 0 0 24.0 1 18
617.8556140060108 735.4682271781696 0 0 24.0 1 19
600.0 746.4101615137754 0 0 24.0 1 20
581.5961998958187 756.4026096753471 0 0 24.0 1 21
562.6946572303201 765.4181830570403 0 0 24.0 1 22
543.3471798181201 773.4321705988807 0 0 24.0 1 23
523.606797749979 780.4226065180615 0 0 24.0 1 24
503.5276180410083 786.3703305156273 0 0 24.0 1 25
483.1646763271038 791.2590402935223 0 0 24.0 1 26
462.57378601609236 795.0753362380551 0 0 24.0 1 27
441.8113853070614 797.8087581473094 0 0 24.0 1 28
420.9343824971776 799.4518139018296 0 0 24.0 1 29
400.0 800.0 0 0 24.0 1 30
379.0656175028225 799.4518139018296 0 0 24.0 1 31
358.1886146929386 797.8087581473094 0 0 24.0 1 32
337.4262139839077 795.0753362380551 0 0 24.0 1 33
316.83532367289627 791.2590402935223 0 0 24.0 1 34
296.47238195899166 786.3703305156273 0 0 24.0 1 35
276.3932022500211 780.4226065180615 0 0 24.0 1 36
256.65282018187986 773.4321705988807 0 0 24.0 1 37
237.3053427696799 765.4181830570403 0 0 24.0 1 38
218.4038001041813 756.4026096753471 0 0 24.0 1 39
43.597390324652906 581.5961998958187 0 0 24.0 1 40
34.58181694295968 562.6946572303202 0 0 24.0 1 41
26.567829401119297 543.3471798181201 0 0 24.0 1 42
19.5773934819386 523.606797749979 0 0 24.0 1 43
13.629669484372698 503.5276180410084 0 0 24.0 1 44
8.740959706477724 483.16467632710373 0 0 24.0 1 45
4.924663761944942 462.5737860160924 0 0 24.0 1 46
2.1912418526906663 441.81138530706147 0 0 24.0 1 47
0.5481860981704472 420.9343824971775 0 0 24.0 1 48
0.0 400.00000000000006 0 0 24.0 1 49
0.5481860981704472 379.0656175028226 0 0 24.0 1 50
2.1912418526906663 358.1886146929386 0 0 24.0 1 51
4.924663761944885 337.4262139839077 0 0 24.0 1 52
8.740959706477781 316.8353236728962 0 0 24.0 1 53
13.629669484372698 296.47238195899166 0 0 24.0 1 54
19.577393481938543 276.3932022500211 0 0 24.0 1 55
26.567829401119297 256.65282018187986 0 0 24.0 1 56
34.58181694295968 237.30534276967992 0 0 24.0 1 57
43.59739032465285 218.40380010418136 0 0 24.0 1 58
53.58983848622455 199.99999999999994 0 0 24.0 1 59
64.53177282183037 182.14438599398918 0 0 24.0 1 60
76.39320225002103 164.8858990830108 0 0 24.0 1 61
89.14161541721171 148.27184358006497 0 0 24.0 1 62
102.74206980904228 132.3477574564567 0 0 24.0 1 63
117.15728752538092 117.15728752538104 0 0 24.0 1 64
132.34775745645675 102.74206980904228 0 0 24.0 1 65
148.27184358006485 89.14161541721177 0 0 24.0 1 66
164.8858990830107 76.39320225002109 0 0 24.0 1 67
182.1443859939892 64.53177282183032 0 0 24.0 1 68
199.99999999999983 53.58983848622461 0 0 24.0 1 69
218.40380010418124 43.597390324652906 0 0 24.0 1 70
237.30534276967995 34.58181694295962 0 0 24.0 1 71
256.65282018187975 26.567829401119354 0 0 24.0 1 72
276.393202250021 19.5773934819386 0 0 24.0 1 73
296.4723819589917 13.629669484372698 0 0 24.0 1 74
316.8353236728961 8.740959706477781 0 0 24.0 1 75
337.4262139839076 4.924663761944942 0 0 24.0 1 76
358.18861469293864 2.1912418526906663 0 0 24.0 1 77
379.0656175028223 0.5481860981704472 0 0 24.0 1 78
399.99999999999994 0.0 0 0 24.0 1 79
420.9343824971776 0.5481860981704472 0 0 24.0 1 80
441.8113853070612 2.1912418526906663 0 0 24.0 1 81
462.5737860160923 4.924663761944885 0 0 24.0 1 82
483.1646763271038 8.740959706477781 0 0 24.0 1 83
503.5276180410081 13.629669484372641 0 0 24.0 1 84
523.6067977499789 19.577393481938543 0 0 24.0 1 85
543.3471798181201 26.567829401119297 0 0 24.0 1 86
562.6946572303199 34.58181694295956 0 0 24.0 1 87
581.5961998958187 43.59739032465279 0 0 24.0 1 88
600.0 53.58983848622455 0 0 24.0 1 89
617.8556140060107 64.53177282183032 0 0 24.0 1 90
635.1141009169892 76.39320225002098 0 0 24.0 1 91
651.728156419935 89.14161541721171 0 0 24.0 1 92
667.6522425435431 102.74206980904216 0 0 24.0 1 93
682.842712474619 117.15728752538092 0 0 24.0 1 94
697.2579301909577 132.34775745645675 0 0 24.0 1 95
710.8583845827882 148.27184358006485 0 0 24.0 1 96
723.6067977499789 164.88589908301066 0 0 24.0 1 97
735.4682271781696 182.1443859939892 0 0 24.0 1 98
746.4101615137754 199.99999999999983 0 0 24.0 1 99
756.4026096753471 218.40380010418122 0 0 24.0 1 100
765.4181830570403 237.30534276967995 0 0 24.0 1 101
773.4321705988806 256.6528201818797 0 0 24.0 1 102
780.4226065180615 276.3932022500209 0 0 24.0 1 103
786.3703305156273 296.4723819589917 0 0 24.0 1 104
791.2590402935223 316.83532367289604 0 0 24.0 1 105
795.0753362380551 337.4262139839076 0 0 24.0 1 106
797.8087581473094 358.18861469293864 0 0 24.0 1 107
799.4518139018296 379.06561750282225 0 0 24.0 1 108
800.0 399.9999999999999 0 0 24.0 1 109
87.1622791461017 261.80969494592466 0 0 11.0 1 110
593.7777699874816 248.4540470395905 0 0 13.0 1 111
416.8951533653951 269.0857005795021 0 0 13.0 1 112
344.4642144219536 136.7951814266516 0 0 12.0 1 113
224.68371221224768 316.93256211774667 0 0 10.0 1 114
353.42071004023666 527.7746835129882 0 0 12.0 1 115
271.05788044267865 124.70029094809155 0 0 13.0 1 116
122.346736200431 508.2250668812312 0 0 12.0 1 117
231.21612888642395 437.9605696995678 0 0 13.0 1 118
89.43798995926653 416.4996339189499 0 0 11.0 1 119
541.1258789672396 320.45450178844794 0 0 12.0 1 120
290.853715251312 716.7208368982981 0 0 11.0 1 121
318.7101414330477 265.68336330087436 0 0 13.0 1 122
753.8006495348394 466.5214280418403 0 0 13.0 1 123
313.54757260458143 534.6327515779124 0 0 10.0 1 124
224.19163535797628 226.50527696238936 0 0 12.0 1 125
140.83663977545797 549.1152330150219 0 0 10.0 1 126
264.69577048123233 243.34188347125885 0 0 13.0 1 127
714.4080685833608 447.66095267281884 0 0 13.0 1 128
625.3568938900506 323.4606612503841 0 0 12.0 1 129
458.8131073430139 234.11745599774784 0 0 10.0 1 130
421.0670116893641 173.97968892491056 0 0 12.0 1 131
676.1208748096217 619.9233104842895 0 0 12.0 1 132
224.18631543301217 281.5367216434573 0 0 11.0 1 133
242.33815411135717 441.37320813021194 0 0 13.0 1 134
316.3987858772805 502.15104990751297 0 0 11.0 1 135
436.1645105159972 754.1583377235927 0 0 13.0 1 136
534.6726530912078 480.6986772467504 0 0 13.0 1 137
261.5161629003155 491.5326546219876 0 0 10.0 1 138
558.9330688329576 339.665270106361 0 0 13.0 1 139
357.19190415910595 710.0588120509992 0 0 10.0 1 140
617.1522543727434 330.50972427141096 0 0 11.0 1 141
240.00626777685807 398.5837905135354 0 0 12.0 1 142
261.5161629003155 491.5326546219876 0 0 13.0 1 143
627.4863969564002 373.7142776436501 0 0 10.0 1 144
448.72535080179415 695.0031189483293 0 0 11.0 1 145
552.8006718556942 459.5647100257232 0 0 10.0 1 146
498.6958116569635 481.5054400722626 0 0 10.0 1 147
476.76974785562123 205.61017049705418 0 0 11.0 1 148
632.8604306281483 592.3018976704946 0 0 10.0 1 149
159.21763782837803 445.2642692093209 0 0 12.0 1 150
557.4094832694044 377.56666371537455 0 0 13.0 1 151
593.4055241145043 616.0886467216496 0 0 13.0 1 152
298.6852387661402 282.6956132272711 0 0 11.0 1 153
651.4684797022826 240.1012704358704 0 0 10.0 1 154
733.3207017725059 503.4326339695755 0 0 12.0 1 155
252.39564130551932 309.7672271600219 0 0 13.0 1 156
302.5828682392307 682.6851648734064 0 0 10.0 1 157
293.3871587827056 728.1138553727592 0 0 10.0 1 158
118.1372522672296 187.485550042985 0 0 11.0 1 159
262.6090845017325 249.2029962547401 0 0 10.0 1 160
199.60697721748107 356.78384075273635 0 0 11.0 1 161
456.08511601929763 583.6258689866488 0 0 11.0 1 162
600.992179644219 398.22694561110893 0 0 10.0 1 163
52.122685323710186 390.76019839965954 0 0 13.0 1 164
700.0354933598862 267.47565233403463 0 0 11.0 1 165
295.9587559356995 490.6610144083589 0 0 12.0 1 166
437.6821873254656 523.3736307254047 0 0 12.0 1 167
625.2039493755768 278.26594073291307 0 0 10.0 1 168
458.7243097811448 224.56780386505974 0 0 12.0 1 169
34.515447990648056 419.4175756087963 0 0 11.0 1 170
339.06290977124627 527.1521570184821 0 0 13.0 1 171
526.171224849716 711.4110178203757 0 0 10.0 1 172
92.84642121379744 212.23238021738663 0 0 10.0 1 173
598.2117681951754 255.99619814413907 0 0 12.0 1 174
253.956735673073 327.6096350006761 0 0 10.0 1 175
534.888924333165 112.02608088189362 0 0 12.0 1 176
702.6816505609388 278.92226293118256 0 0 12.0 1 177
639.4956572028713 348.3586388544531 0 0 12.0 1 178
177.8464272720591 576.9287713296271 0 0 12.0 1 179
567.083716904486 199.4905699340263 0 0 13.0 1 180
495.8824622940644 575.5179575554232 0 0 13.0 1 181
380.430603780991 694.3501974377177 0 0 11.0 1 182
571.2041729184375 526.7206817189434 0 0 10.0 1 183
264.56197029525345 658.6900464063049 0 0 13.0 1 184
522.428899777822 279.18955136581934 0 0 13.0 1 185
495.766926884038 65.43655950599248 0 0 10.0 1 186
142.8563382709936 272.5396640809451 0 0 12.0 1 187
199.78240419322728 532.3363681281749 0 0 10.0 1 188
286.1374266855508 654.7082927550881 0 0 12.0 1 189
578.080574425335 450.1229389834906 0 0 11.0 1 190
173.888061422951 420.05969174560835 0 0 11.0 1 191
78.74284911604764 555.7011336051394 0 0 11.0 1 192
450.14146381458704 112.33729194327174 0 0 13.0 1 193
143.3472592733329 322.8419111337625 0 0 13.0 1 194
308.7981810522016 729.6152730390584 0 0 13.0 1 195
343.48836144587534 555.0207557326695 0 0 12.0 1 196
666.7871158852295 620.3193926953348 0 0 11.0 1 197
244.29511912835804 315.82761692367393 0 0 12.0 1 198
616.8695890400147 625.6913408831077 0 0 11.0 1 199
104.7496803833181 281.8845955590586 0 0 12.0 1 200
101.28142456827027 210.04418226324844 0 0 12.0 1 201
74.27476069801656 295.7547675830419 0 0 10.0 1 202
278.79386094995016 93.06503643836862 0 0 11.0 1 203
570.419783566832 144.64515401302032 0 0 13.0 1 204
106.95085884870076 366.1296461417085 0 0 12.0 1 205
568.0891508265343 320.363090376292 0 0 11.0 1 206
285.54719795758297 298.46401571541594 0 0 11.0 1 207
452.8017084437951 279.02074729352785 0 0 13.0 1 208
443.6240982399796 236.7274118146325 0 0 11.0 1 209
406.01847770325196 128.06659284645542 0 0 12.0 1 210
735.710445314263 251.71818416643515 0 0 13.0 1 211
551.996608740712 585.7337635738934 0 0 13.0 1 212
156.32021026675844 175.98848227030118 0 0 10.0 1 213
404.8350110150146 764.9679748532529 0 0 13.0 1 214
443.83739430098933 639.0131436990434 0 0 13.0 1 215
281.09559419556825 349.9725847130294 0 0 12.0 1 216
527.0442625396353 632.5612937609357 0 0 12.0 1 217
285.7560527413271 523.1759737723131 0 0 11.0 1 218
235.6812219327195 650.9966915608168 0 0 11.0 1 219
675.2500066391353 311.91802769490243 0 0 11.0 1 220
607.4676961258044 343.58940645365533 0 0 10.0 1 221
221.21178462217367 79.49450232170432 0 0 11.0 1 222
497.9247226764082 224.46724325998707 0 0 13.0 1 223
126.46268152107649 222.64911785006547 0 0 11.0 1 224
57.46259617624588 448.8275227887141 0 0 10.0 1 225
268.80065119569633 360.55724561688606 0 0 13.0 1 226
566.4995128761475 168.69303466604035 0 0 11.0 1 227
708.5504967413572 480.9789538130847 0 0 13.0 1 228
197.7475232616006 253.05124820814837 0 0 11.0 1 229
183.000000098592 399.993458675321 0 0 12.0 1 230
291.44285124858965 642.8401644188295 0 0 10.0 1 231
177.1535972807231 244.04013081860498 0 0 12.0 1 232
191.81764245549235 418.4690553957363 0 0 12.0 1 233
622.3583008828548 255.84110839601394 0 0 13.0 1 234
588.5655047479808 693.6733736979559 0 0 11.0 1 235
523.8862333359186 234.16513879814556 0 0 13.0 1 236
639.84958808683 408.49559265607854 0 0 11.0 1 237
47.92078586830678 492.3917040453812 0 0 11.0 1 238
360.06725870505215 641.7237600499188 0 0 10.0 1 239
458.0215064439249 125.05545142706035 0 0 11.0 1 240
552.1233392488383 180.57463761957038 0 0 10.0 1 241
382.4207118710597 664.416279054221 0 0 12.0 1 242
482.6018428212632 90.84480343599051 0 0 13.0 1 243
272.8046698337043 108.54614776282847 0 0 13.0 1 244
331.2645403769917 290.837567861403 0 0 11.0 1 245
151.2378448680817 543.130675168265 0 0 11.0 1 246
235.04084150611016 667.1787342379399 0 0 13.0 1 247
651.9627115513742 522.126131469391 0 0 12.0 1 248
459.13742354189293 693.0934409652095 0 0 10.0 1 249
226.02934727072628 112.5452870642917 0 0 11.0 1 250
556.622952910436 507.5604510106543 0 0 11.0 1 251
182.57819190136263 642.9068903162677 0 0 12.0 1 252
721.7461787082602 445.8737014708022 0 0 13.0 1 253
231.1654825498245 392.522987403623 0 0 10.0 1 254
185.11152458057097 288.7033552531189 0 0 10.0 1 255
465.39200170369094 696.883623854844 0 0 13.0 1 256
53.44391358913691 344.32344324954715 0 0 11.0 1 257
553.611611963792 222.15604404454623 0 0 12.0 1 258
270.32551315493384 409.1938817410689 0 0 12.0 1 259
385.4722109424984 618.5176041995261 0 0 12.0 1 260
696.4152767263614 259.5650195882999 0 0 12.0 1 261
227.40204437349783 715.9271208895368 0 0 13.0 1 262
634.1055318728925 248.2251669527845 0 0 10.0 1 263
676.2655397841684 477.7582891257395 0 0 13.0 1 264
309.27904137768996 170.26383030386984 0 0 12.0 1 265
193.05448503404497 301.9461686853814 0 0 11.0 1 266
553.644317701841 548.9611480820947 0 0 10.0 1 267
335.729462078556 610.4027042489906 0 0 12.0 1 268
38.13245633781543 454.844150498453 0 0 11.0 1 269
195.31292782821103 620.690286342061 0 0 10.0 1 270
275.37382168073543 370.8055539950684 0 0 11.0 1 271
640.9975672758623 571.860910526845 0 0 11.0 1 272
615.0562567493089 151.0184616623647 0 0 11.0 1 273
249.86462164276557 191.41340367720156 0 0 10.0 1 274
533.4428342129792 698.5330969879342 0 0 10.0 1 275
118.92344660782089 452.83910609741133 0 0 13.0 1 276
244.08975142172775 294.94765881589615 0 0 11.0 1 277
66.95719589025055 355.51977258696814 0 0 12.0 1 278
562.189223352821 182.89252470675095 0 0 11.0 1 279
287.4222874455266 492.96374904231413 0 0 12.0 1 280
554.5735264066096 98.29149011964353 0 0 10.0 1 281
506.1480956734167 224.62160399608175 0 0 13.0 1 282
159.17893162375364 606.141245329806 0 0 12.0 1 283
409.94793688539846 227.28625256881222 0 0 10.0 1 284
524.9647015283996 238.75539273539098 0 0 11.0 1 285
542.8346912608087 222.28604170625914 0 0 12.0 1 286
482.36197066994805 304.6453682962248 0 0 11.0 1 287
252.3924619785439 478.10899256324075 0 0 13.0 1 288
279.53644295738417 495.9402492421217 0 0 11.0 1 289
341.6007817921728 626.5955235937255 0 0 13.0 1 290
303.2607441121854 287.99323069442664 0 0 11.0 1 291
505.4796689856191 689.3752571155388 0 0 10.0 1 292
66.87668660368314 280.2299784092061 0 0 10.0 1 293
235.67665354800883 593.6848930887975 0 0 13.0 1 294
242.22432000336113 645.7047716296902 0 0 13.0 1 295
70.29492656826778 429.2500351004245 0 0 10.0 1 296
131.0693276869997 281.20482547982994 0 0 10.0 1 297
559.3379270370123 365.6426862582688 0 0 11.0 1 298
664.9701430420025 231.51610374786344 0 0 12.0 1 299
302.8699195382118 617.2780418484265 0 0 13.0 1 300
488.5821274522141 555.5448703623482 0 0 12.0 1 301
695.349764041471 497.4141513366895 0 0 11.0 1 302
723.2257282005567 232.60487274350007 0 0 10.0 1 303
238.60021567758253 287.0437712178867 0 0 11.0 1 304
420.86885154081915 212.15567340117175 0 0 11.0 1 305
559.7791280543858 468.8957926014369 0 0 10.0 1 306
493.877399441753 631.7046263544462 0 0 11.0 1 307
524.1295053691193 516.1544915051405 0 0 13.0 1 308
123.0323258006311 583.0653092439752 0 0 11.0 1 309
483.63528269549334 505.97235247197693 0 0 10.0 1 310
311.78816291072997 277.44522939788885 0 0 12.0 1 311
258.21473050388954 289.1084432703944 0 0 13.0 1 312
614.6710269324769 600.8789441324195 0 0 10.0 1 313
507.637422829355 229.06672293946198 0 0 12.0 1 314
487.17183768565474 123.41173069975315 0 0 13.0 1 315
48.6754546238879 378.20404128586785 0 0 13.0 1 316
557.8070994020868 128.53560200589862 0 0 11.0 1 317
293.353561016094 81.3739856005916 0 0 13.0 1 318
236.47658602684103 570.1648996784087 0 0 12.0 1 319
617.7929319849179 296.81454183164715 0 0 13.0 1 320
639.6868271995049 467.46276652372524 0 0 13.0 1 321
626.8766560457091 619.9613214670184 0 0 10.0 1 322
487.5559311020662 303.90650943560104 0 0 12.0 1 323
307.515148533404 617.1233572170477 0 0 10.0 1 324
363.90337126463146 74.9984101670563 0 0 11.0 1 325
507.6846241976698 289.9090298371086 0 0 13.0 1 326
344.61233311260605 560.7240067842109 0 0 11.0 1 327
263.054694313756 358.82982571689564 0 0 12.0 1 328
392.3111497463757 557.8128055063255 0 0 12.0 1 329
221.70212915749946 662.1046913983628 0 0 10.0 1 330
534.2592869637583 530.1669845390267 0 0 12.0 1 331
480.4112608418277 261.67419210491653 0 0 13.0 1 332
565.1317433244085 560.0984301816906 0 0 10.0 1 333
463.7745441033459 122.22705760925817 0 0 12.0 1 334
253.05949873917538 706.6080382005952 0 0 10.0 1 335
189.3596701362698 619.1954639925264 0 0 11.0 1 336
623.6751827148669 201.58021107391798 0 0 12.0 1 337
254.66550313355734 173.6399239694023 0 0 12.0 1 338
445.3292985011893 563.8452156682949 0 0 11.0 1 339
179.4485727272619 453.7221362936929 0 0 13.0 1 340
487.4063508097969 310.6404462963544 0 0 12.0 1 341
629.0710043057335 251.4891418570257 0 0 11.0 1 342
383.4700600023623 180.62187646970244 0 0 13.0 1 343
427.4281399980878 668.6032336667697 0 0 12.0 1 344
582.3021717407689 173.18086901983077 0 0 12.0 1 345
357.57321754132215 564.6206795339031 0 0 13.0 1 346
135.16937107156275 337.9618022395204 0 0 10.0 1 347
249.26244203419708 577.6715751562591 0 0 12.0 1 348
639.6686920815786 503.3436889021553 0 0 13.0 1 349
250.15781448983455 430.92441497485703 0 0 10.0 1 350
609.7853949845642 555.2774550640574 0 0 13.0 1 351
134.45912690309677 503.5038391313788 0 0 12.0 1 352
562.3948863379148 453.56212179605757 0 0 13.0 1 353
400.8408826177297 210.00186075536635 0 0 11.0 1 354
80.15636578187741 265.43013097225736 0 0 10.0 1 355
524.0199254692218 129.03310518329243 0 0 11.0 1 356
155.52611842517848 546.4838599564475 0 0 11.0 1 357
414.60564143867754 146.42027833802484 0 0 11.0 1 358
163.91008494451384 556.0466340844728 0 0 13.0 1 359
383.7474505977722 644.4603334652232 0 0 11.0 1 360
739.0589558042211 463.74970187343024 0 0 11.0 1 361
283.80938792045333 162.94358969945506 0 0 13.0 1 362
390.7791658493483 538.6938218435348 0 0 11.0 1 363
359.380177428928 694.2091603167628 0 0 11.0 1 364
589.5473614422916 623.4296259905236 0 0 12.0 1 365
477.66479445819215 542.1695456198927 0 0 10.0 1 366
236.0064244712795 398.5483852763738 0 0 12.0 1 367
486.04026986970916 501.4202739137871 0 0 11.0 1 368
441.08510633356894 586.528855777221 0 0 13.0 1 369
151.24381748465265 388.98357315681733 0 0 10.0 1 370
525.6829476569144 503.7920838420219 0 0 13.0 1 371
726.1514791008638 434.7737354956133 0 0 13.0 1 372
473.2761499298884 503.7285199520967 0 0 12.0 1 373
630.3659077041136 511.6581773434432 0 0 11.0 1 374
509.2548692053216 219.48857777157681 0 0 12.0 1 375
323.88136088296034 695.3488662225909 0 0 12.0 1 376
368.68033882567175 626.8481404462582 0 0 10.0 1 377
628.9910902414238 397.9799529599201 0 0 13.0 1 378
170.57330679162192 656.318927204896 0 0 10.0 1 379
36.4203875885575 357.97779826395026 0 0 13.0 1 380
146.0308260043372 354.5724900532645 0 0 12.0 1 381
411.86657413150846 643.7112726534853 0 0 10.0 1 382
651.9405641828631 133.13870247032713 0 0 12.0 1 383
322.7986621232228 581.242802422705 0 0 12.0 1 384
499.43111488454906 521.5008370045886 0 0 11.0 1 385
390.23230818321406 270.36747245936965 0 0 11.0 1 386
436.0606417844633 193.11928530166804 0 0 11.0 1 387
519.708519818449 364.0156939364392 0 0 12.0 1 388
172.08461126205646 377.7384731783266 0 0 13.0 1 389
693.1053104084133 535.713952895005 0 0 13.0 1 390
565.07917706102 212.25318830708096 0 0 11.0 1 391
625.733206727687 492.63109294634995 0 0 10.0 1 392
468.852142095815 281.5585269898347 0 0 12.0 1 393
503.1906010908947 319.298699846286 0 0 10.0 1 394
318.93606948680826 523.8250345033363 0 0 11.0 1 395
539.7872611429003 369.85830757627264 0 0 11.0 1 396
127.5720516964816 523.2234270872852 0 0 10.0 1 397
296.71829174527136 699.7030008858521 0 0 10.0 1 398
545.5202982582816 556.9071151822656 0 0 10.0 1 399
281.667043474245 549.927687235793 0 0 10.0 1 400
235.28256938437784 350.48062953360875 0 0 12.0 1 401
278.49576025023225 271.29211476047413 0 0 12.0 1 402
195.23120921074138 334.4657164630234 0 0 13.0 1 403
441.98673135742877 182.00661847221346 0 0 12.0 1 404
714.3433179991218 503.6787269853512 0 0 10.0 1 405
358.9666528077703 164.54880671739645 0 0 12.0 1 406
689.848425507456 606.6975815795839 0 0 13.0 1 407
575.6442443929253 200.23739235873413 0 0 10.0 1 408
248.1488363761735 393.2751129310692 0 0 10.0 1 409
602.0458041640056 576.0724084566355 0 0 10.0 1 410
437.64400011777406 627.9121086189433 0 0 11.0 1 411
456.21080568006016 221.64825393397876 0 0 12.0 1 412
327.5495754340086 637.1812302443168 0 0 13.0 1 413
266.0472409005091 396.44214536078846 0 0 13.0 1 414
345.8698106995923 247.3110265726368 0 0 11.0 1 415
428.60900074536477 529.8865854364942 0 0 12.0 1 416
474.1134150380814 687.604244946755 0 0 11.0 1 417
343.34483892259965 708.8465520663842 0 0 13.0 1 418
398.54067609593795 68.00320728395127 0 0 13.0 1 419
568.0854189057809 492.7970471042488 0 0 12.0 1 420
75.77720796628819 324.0488240652952 0 0 13.0 1 421
575.1617457857957 468.2814968587558 0 0 10.0 1 422
209.2369868381785 171.0601109255473 0 0 11.0 1 423
217.35115964821446 388.66857828214154 0 0 13.0 1 424
563.6622404446314 220.37909071423886 0 0 13.0 1 425
524.5654050413586 306.0880206422937 0 0 10.0 1 426
424.0030827233195 761.2033388823772 0 0 10.0 1 427
562.6938770282758 534.3566238691203 0 0 12.0 1 428
322.6651242840306 679.4983309395524 0 0 10.0 1 429
627.0 400.0 0 0 10.0 1 430
176.80583658376847 301.408086452648 0 0 11.0 1 431
270.4284813009291 534.8340518638238 0 0 12.0 1 432
252.37598803565078 352.75435372915643 0 0 13.0 1 433
370.35171545823323 751.7527245434361 0 0 11.0 1 434
597.2103416418711 707.1369094548822 0 0 13.0 1 435
678.1890867842933 360.3536635472971 0 0 12.0 1 436
323.36236341481447 635.8615540070849 0 0 13.0 1 437
405.7972101406324 138.0641445800416 0 0 10.0 1 438
190.4728795224146 236.12692172180505 0 0 12.0 1 439
81.07823158623688 517.8512012320539 0 0 10.0 1 440
260.0970679085815 728.4450785020593 0 0 13.0 1 441
604.8390387035912 421.83960217102543 0 0 12.0 1 442
317.4744480629825 238.90830785701382 0 0 13.0 1 443
448.6062610759423 147.63829255567052 0 0 11.0 1 444
579.8594763376298 209.48866497881662 0 0 10.0 1 445
265.2393873108581 226.10469452096447 0 0 11.0 1 446
422.2708839816572 227.43115076388912 0 0 12.0 1 447
471.68746671588195 543.0416272134071 0 0 11.0 1 448
71.63131980471343 379.62820904275713 0 0 13.0 1 449
591.3021426896504 374.4561122311298 0 0 10.0 1 450
564.1204268883234 139.36906269977374 0 0 11.0 1 451
666.4694643337104 503.87504309363914 0 0 12.0 1 452
511.4881160694546 256.14451704824097 0 0 10.0 1 453
233.44667183721742 537.5354095420538 0 0 10.0 1 454
488.6119265995984 90.43267862336086 0 0 12.0 1 455
584.363723006606 375.38257448181423 0 0 11.0 1 456
509.4306112667844 460.41474420849534 0 0 13.0 1 457
368.3498281593171 556.8383455104498 0 0 12.0 1 458
599.2833915271842 671.7630031137849 0 0 13.0 1 459
229.34041305594045 307.74326374685165 0 0 10.0 1 460
288.18704525429456 464.33399685263487 0 0 10.0 1 461
200.32922924945373 376.92223347282516 0 0 10.0 1 462
246.15079474954422 393.1866275748991 0 0 11.0 1 463
130.89768602912892 319.09916801711665 0 0 11.0 1 464
518.7323667481795 636.9126950722055 0 0 10.0 1 465
571.0157889038346 513.0424696545466 0 0 11.0 1 466
219.96672277481707 140.30013651994267 0 0 11.0 1 467
342.26225622685314 714.7480785389904 0 0 10.0 1 468
270.5424429034498 492.3132759173535 0 0 10.0 1 469
572.6461633500546 125.82979322963212 0 0 11.0 1 470
378.5390443555284 276.85607045888935 0 0 13.0 1 471
699.2521129922815 346.4820322727517 0 0 10.0 1 472
292.22505287732463 285.83537862934713 0 0 13.0 1 473
391.12666053535185 177.17660839412503 0 0 12.0 1 474
347.12287561917566 573.104043041215 0 0 10.0 1 475
492.00297683388544 189.20281725387423 0 0 12.0 1 476
583.1590478283897 163.66599229353875 0 0 13.0 1 477
526.6292915361246 446.7976764920991 0 0 13.0 1 478
533.2653803996999 557.0870407987982 0 0 10.0 1 479
266.4644837898503 227.68556093441026 0 0 13.0 1 480
336.30402917062565 715.6371703397804 0 0 10.0 1 481
333.2086428853305 527.5731735702326 0 0 12.0 1 482
77.00000014675214 399.9902633738649 0 0 13.0 1 483
737.4990461688099 271.87742651997837 0 0 11.0 1 484
284.6293231709892 507.95187320290444 0 0 12.0 1 485
628.6494418709312 498.5922549296424 0 0 11.0 1 486
166.15158288755862 284.0865934673403 0 0 12.0 1 487
759.7743821302449 412.74338898411787 0 0 13.0 1 488
170.89979791752748 420.3247978039203 0 0 11.0 1 489
497.14288847719945 60.62961352188313 0 0 13.0 1 490
495.4030499825941 574.640367767646 0 0 12.0 1 491
146.8055368777646 379.78703771727197 0 0 13.0 1 492
605.7985621847008 390.89221197491673 0 0 11.0 1 493
537.289072020683 209.27320402287538 0 0 11.0 1 494
753.4288397935684 349.6308109835768 0 0 12.0 1 495
185.91025734037314 318.7191160977272 0 0 11.0 1 496
443.5243869108091 542.5013254115139 0 0 12.0 1 497
466.3237093104898 526.6892480966624 0 0 12.0 1 498
562.8129605127286 685.8897337944836 0 0 12.0 1 499
346.31485972484035 199.04750383825427 0 0 13.0 1 500
209.13606270782532 179.01367137008498 0 0 12.0 1 501
576.3680223124418 271.8660048792748 0 0 13.0 1 502
169.5818323375867 564.3060194000694 0 0 13.0 1 503
262.67154393944304 700.0681508524749 0 0 10.0 1 504
245.49118763892218 224.2643266073469 0 0 11.0 1 505
415.383191137597 631.4894326538993 0 0 13.0 1 506
439.1777985218141 552.0332203927292 0 0 13.0 1 507
433.89589620994377 605.2195610075335 0 0 10.0 1 508
463.54748529773 70.06407120118791 0 0 13.0 1 509
615.8905423440668 571.9513702370082 0 0 12.0 1 510
203.4147621172557 464.8324320582287 0 0 11.0 1 511
326.3770539687649 685.6652968382436 0 0 10.0 1 512
596.4333602413159 517.7069878312474 0 0 12.0 1 513
730.908705831185 260.78639288801446 0 0 13.0 1 514
374.198445751375 540.6530475971113 0 0 13.0 1 515
592.5163266231403 413.65518156350663 0 0 10.0 1 516
227.09514520916287 669.2655031558248 0 0 10.0 1 517
664.1788798122863 310.2753129783914 0 0 10.0 1 518
264.9180821946585 610.3636743404882 0 0 10.0 1 519
736.059600327628 302.204575630376 0 0 11.0 1 520
404.57007890460284 744.9697296558145 0 0 10.0 1 521
233.47859794512527 377.7598862934841 0 0 11.0 1 522
288.25238072672295 306.0400639274658 0 0 11.0 1 523
570.6803498263023 584.035915470788 0 0 11.0 1 524
393.48149731278824 105.07202722916088 0 0 12.0 1 525
433.789319858264 252.8290726280631 0 0 12.0 1 526
486.86230293322484 581.2620763677187 0 0 13.0 1 527
129.81687498413902 297.42281463861644 0 0 11.0 1 528
477.0640267195731 553.7697492544125 0 0 10.0 1 529
173.71990894193925 381.93565969220765 0 0 13.0 1 530
481.3012722102288 302.4341087418442 0 0 11.0 1 531
334.218179558517 135.04386759426666 0 0 12.0 1 532
338.31076044270105 517.8280005891731 0 0 13.0 1 533
670.8899010117459 516.8060851576085 0 0 12.0 1 534
551.2927327795062 645.0602150658261 0 0 13.0 1 535
233.48162407230137 514.3487231166209 0 0 11.0 1 536
349.54531738048416 257.6787963732602 0 0 13.0 1 537
226.29065647911978 705.0017442139385 0 0 10.0 1 538
594.6109193063744 166.4564492718161 0 0 12.0 1 539
286.1810552980039 275.0750312110347 0 0 12.0 1 540
633.3342898920539 435.37102148045676 0 0 11.0 1 541
368.7023668452745 706.4057084306887 0 0 12.0 1 542
401.23476973866616 121.0027323723537 0 0 10.0 1 543
425.8547043924986 199.6614508868138 0 0 11.0 1 544
642.391022639498 417.1927933675239 0 0 13.0 1 545
131.4618034050381 332.05710508430184 0 0 13.0 1 546
657.5826454711646 198.55476984530932 0 0 13.0 1 547
579.1968667746207 311.18286799181806 0 0 10.0 1 548
134.59325311598144 454.77461737376643 0 0 13.0 1 549
548.4729027579458 215.27101703676936 0 0 10.0 1 550
202.70035151507935 218.62511555420156 0 0 11.0 1 551
691.4402245867587 381.9280467901335 0 0 11.0 1 552
50.462515495187574 318.1187022205435 0 0 12.0 1 553
429.0397246308753 138.60815928311206 0 0 11.0 1 554
331.782026998751 260.8191530432407 0 0 10.0 1 555
605.0565119719956 269.6127809258943 0 0 12.0 1 556
268.5650517137852 522.9831466868532 0 0 12.0 1 557
307.5388156212592 549.7562332034313 0 0 11.0 1 558
409.5461010510405 273.35928002919707 0 0 13.0 1 559
470.72442588849935 152.92297641678178 0 0 11.0 1 560
292.3720666031808 277.5858343461433 0 0 12.0 1 561
374.1531847309665 56.972388661716536 0 0 10.0 1 562
644.7124629328006 464.2246875069292 0 0 13.0 1 563
324.62818734667025 646.7449895283618 0 0 13.0 1 564
392.84476767008897 630.8891566321489 0 0 11.0 1 565
602.0195350991265 247.69403347756602 0 0 11.0 1 566
357.05513707974205 711.0494152843889 0 0 13.0 1 567
387.54211604476063 655.6966975292364 0 0 10.0 1 568
396.06680176839427 222.0434604975954 0 0 11.0 1 569
325.97510904267284 515.2792935385875 0 0 11.0 1 570
323.76923626496153 539.5344783928788 0 0 10.0 1 571
48.713243920571244 443.7448854518093 0 0 12.0 1 572
420.0246712222168 701.3353821615412 0 0 12.0 1 573
583.4415685723168 145.15653643907604 0 0 12.0 1 574
675.0797202597712 238.46936048598695 0 0 13.0 1 575
470.3373258092815 288.3010268713316 0 0 10.0 1 576
522.6389192917409 375.81952285512403 0 0 13.0 1 577
604.6618559646405 431.0245824002311 0 0 13.0 1 578
704.9522091375459 405.39908715715114 0 0 11.0 1 579
165.81975554411832 540.3161184845972 0 0 12.0 1 580
565.3292201135027 729.8897527609201 0 0 10.0 1 581
116.18093183628343 309.16643491153945 0 0 13.0 1 582
739.8360449426207 470.14600885123184 0 0 10.0 1 583
671.1901301469891 210.2187751360554 0 0 12.0 1 584
594.9826380734647 697.8552850797049 0 0 10.0 1 585
317.80230513641794 168.13896627696698 0 0 13.0 1 586
612.8881083941 284.9232720990819 0 0 13.0 1 587
344.69216905162904 206.75910413220907 0 0 10.0 1 588
666.6395627882043 475.0489410725778 0 0 10.0 1 589
587.3922686777801 363.0522309226295 0 0 10.0 1 590
474.95304924962545 44.82252266200322 0 0 10.0 1 591
264.54684841060305 420.5290945854865 0 0 12.0 1 592
446.5434062948775 653.7670414582436 0 0 11.0 1 593
126.35772607265261 208.49045475519875 0 0 11.0 1 594
394.7342446056932 569.9184269587244 0 0 13.0 1 595
498.4307783557395 67.25327669189096 0 0 12.0 1 596
368.85995155537796 530.3314903730736 0 0 12.0 1 597
455.9950157955868 602.3970311196584 0 0 10.0 1 598
573.8298534958152 392.3070139982306 0 0 12.0 1 599
202.84757757067777 584.4747200302797 0 0 11.0 1 600
188.75328390941314 511.7847258839194 0 0 11.0 1 601
283.5503858486477 325.94942698397824 0 0 11.0 1 602
484.4116224600624 219.78990596068186 0 0 12.0 1 603
145.556805328893 568.1774678295554 0 0 13.0 1 604
509.9762847958689 529.6349365815324 0 0 12.0 1 605
372.3674628491749 727.8375251410495 0 0 11.0 1 606
447.22963327144544 34.035026619971745 0 0 11.0 1 607
255.06394673730932 286.64418645418095 0 0 10.0 1 608
518.0312318597985 287.5827935516165 0 0 11.0 1 609
161.90311199014252 666.0053982911276 0 0 13.0 1 610
482.9729460854685 573.1458639930447 0 0 13.0 1 611
521.3493794168955 596.5587141673814 0 0 10.0 1 612
349.8387246282869 517.7618208634834 0 0 12.0 1 613
562.5207735884392 697.5029380564422 0 0 10.0 1 614
227.1708645853703 349.70000047881126 0 0 12.0 1 615
530.4250900013917 513.6586815783505 0 0 11.0 1 616
552.0722599217587 370.0162083403538 0 0 10.0 1 617
709.1145951862209 246.7904472858861 0 0 13.0 1 618
603.0900503471229 359.95712984808534 0 0 12.0 1 619
192.83596734734977 237.97511433396514 0 0 11.0 1 620
526.6201729325119 664.2278028643859 0 0 11.0 1 621
553.0627100826338 187.35991257018446 0 0 10.0 1 622
91.75123863918742 276.6845463069417 0 0 12.0 1 623
149.9132278990032 197.16852704744244 0 0 13.0 1 624
297.3164521663118 510.7117383310671 0 0 12.0 1 625
428.50332633562266 555.4077230635755 0 0 13.0 1 626
248.6898021089052 354.5112759669197 0 0 13.0 1 627
592.2441178758037 693.6719243342034 0 0 12.0 1 628
427.04550713564106 259.5808398266961 0 0 13.0 1 629
504.0761171681005 575.4541587857404 0 0 10.0 1 630
205.27869783338775 516.6731095091704 0 0 13.0 1 631
406.3503790471813 113.07026524607608 0 0 13.0 1 632
551.7141074746883 149.3372193700095 0 0 11.0 1 633
579.491025352618 574.0200328061853 0 0 12.0 1 634
698.7924654668486 310.1831720653523 0 0 11.0 1 635
567.1432748273276 455.128265708223 0 0 12.0 1 636
428.58431541993014 93.32926955450421 0 0 11.0 1 637
122.35832094387655 597.9800445774688 0 0 10.0 1 638
606.2106954876583 558.3576618496757 0 0 11.0 1 639
126.75836759911004 456.3915802482687 0 0 12.0 1 640
269.15883027213806 85.10066957161564 0 0 12.0 1 641
419.92941879437524 535.5426806084283 0 0 10.0 1 642
381.1893376247715 254.20850854386197 0 0 11.0 1 643
284.0406424285775 476.6448132075679 0 0 12.0 1 644
451.60166961552704 281.77027576412945 0 0 10.0 1 645
517.836273414231 635.1246747320379 0 0 10.0 1 646
412.174118327568 544.4880301026571 0 0 13.0 1 647
179.35221400525086 557.3389797081937 0 0 11.0 1 648
378.25403438114324 557.505914108974 0 0 13.0 1 649
172.02427099630245 369.55222528274606 0 0 11.0 1 650
238.82698331225882 297.50971415898437 0 0 11.0 1 651
175.77723637458402 553.974518256044 0 0 10.0 1 652
459.3905480776545 630.4707417418441 0 0 13.0 1 653
194.61724687559612 484.27291806410983 0 0 12.0 1 654
323.3822222657994 697.2855800994603 0 0 12.0 1 655
562.8644848194319 367.8883263516047 0 0 11.0 1 656
693.4504086457059 496.78769377182334 0 0 11.0 1 657
62.040514652603065 264.79871944496017 0 0 10.0 1 658
559.6442997196173 692.2373993297795 0 0 10.0 1 659
237.04778688222774 493.75807293252205 0 0 10.0 1 660
164.73071516776113 612.4555567984205 0 0 13.0 1 661
572.366611544533 467.1918985046267 0 0 13.0 1 662
209.5307628996453 276.50720782811305 0 0 10.0 1 663
205.84976675374776 443.66562641742195 0 0 11.0 1 664
343.1162175022988 744.3330296221294 0 0 10.0 1 665
272.19103373453237 310.55242796949403 0 0 11.0 1 666
663.4928252176433 655.4614081594801 0 0 10.0 1 667
265.2397577229167 535.3538957748236 0 0 10.0 1 668
542.4968206944175 574.1254033505251 0 0 12.0 1 669
609.8683895759762 407.43364357406875 0 0 10.0 1 670
184.52661692723845 335.22175375036034 0 0 11.0 1 671
228.12292487721317 483.3022871668953 0 0 13.0 1 672
129.07776167737717 247.284117452506 0 0 12.0 1 673
168.00324335341816 528.072264387988 0 0 13.0 1 674
762.5874885986291 358.10354296913664 0 0 10.0 1 675
634.6662497659631 128.31497792337063 0 0 12.0 1 676
183.56895744691508 334.9338504336952 0 0 12.0 1 677
182.8778299594062 349.1378011007833 0 0 13.0 1 678
235.11864613760488 437.0828686660518 0 0 11.0 1 679
618.7483169295083 644.4037107748313 0 0 13.0 1 680
132.03635295740685 308.98085990500374 0 0 12.0 1 681
501.94925941290603 622.780942868011 0 0 11.0 1 682
599.7180144879983 410.61671742921163 0 0 13.0 1 683
568.3798688013978 85.20289108312318 0 0 13.0 1 684
356.39133813043367 149.7715351724632 0 0 11.0 1 685
598.9170859627598 500.80175054077216 0 0 12.0 1 686
411.4252548012454 248.43000444439335 0 0 11.0 1 687
404.87475083157636 767.9677116328687 0 0 13.0 1 688
246.38137914230902 320.4366961107007 0 0 12.0 1 689
405.81933689689436 137.064389406683 0 0 10.0 1 690
276.179379364219 282.0616521000485 0 0 12.0 1 691
224.13312998204498 525.4067144537632 0 0 13.0 1 692
359.76980972281586 582.6212796753478 0 0 11.0 1 693
562.8254103016085 569.4487703115985 0 0 11.0 1 694
222.6488125700175 510.578281399085 0 0 11.0 1 695
239.96426116081142 87.6067185514467 0 0 11.0 1 696
589.7847821946493 327.9532343034781 0 0 12.0 1 697
558.3765615465782 476.7649969236172 0 0 11.0 1 698
223.40100592311015 365.17478943307566 0 0 11.0 1 699
228.84770572966343 470.22743172009154 0 0 13.0 1 700
691.1439528167721 592.44791175335 0 0 13.0 1 701
540.0447645567411 470.968048587001 0 0 12.0 1 702
186.7442557157215 342.0087288485723 0 0 13.0 1 703
548.1580317686006 76.29458203104736 0 0 10.0 1 704
326.9090252395154 214.9089159128344 0 0 11.0 1 705
545.340563037314 219.1682529642637 0 0 10.0 1 706
263.05079961378715 478.7966783156303 0 0 10.0 1 707
128.66962543624135 525.6217649895527 0 0 10.0 1 708
346.7469876260474 762.1051182641577 0 0 11.0 1 709
213.85672876583763 511.53332494929515 0 0 12.0 1 710
571.8897139902734 549.7929445078839 0 0 12.0 1 711
298.3199120883184 155.28351154392416 0 0 12.0 1 712
307.96254749198783 502.82561614615014 0 0 11.0 1 713
464.27076429241254 597.8213053674178 0 0 11.0 1 714
405.97313205897086 250.11897487204695 0 0 11.0 1 715
591.06657221215 84.31888719294716 0 0 13.0 1 716
481.601655323532 277.72911283359605 0 0 11.0 1 717
262.7873994841992 505.3646157858096 0 0 12.0 1 718
566.1806600999514 364.16721879696746 0 0 11.0 1 719
525.5822533547426 375.239191403647 0 0 11.0 1 720
211.33514223520132 156.54657232935025 0 0 11.0 1 721
592.1779315632122 177.50585935785782 0 0 10.0 1 722
531.6616460127644 283.204405180634 0 0 13.0 1 723
87.44080661495309 416.60574088948977 0 0 11.0 1 724
390.27384003639804 713.8493297943496 0 0 11.0 1 725
453.66250213329715 212.52910661973715 0 0 10.0 1 726
381.78123942129 83.52397126642336 0 0 10.0 1 727
283.4089463825277 489.529471216844 0 0 11.0 1 728
532.2310402888401 141.90127473361832 0 0 13.0 1 729
591.4361123131448 123.86920689204362 0 0 13.0 1 730
175.6072466089687 262.8253222143686 0 0 11.0 1 731
430.3093566638073 759.7253714969604 0 0 11.0 1 732
481.36034172616996 254.1593513652629 0 0 10.0 1 733
318.5475486950089 636.3588335061926 0 0 12.0 1 734
421.094883974441 575.7384587109631 0 0 10.0 1 735
516.1447756745332 466.8310637616397 0 0 10.0 1 736
661.6081490691508 305.9512023436082 0 0 12.0 1 737
554.3411429928638 610.4752041919817 0 0 11.0 1 738
334.7024669164449 546.0692718308749 0 0 12.0 1 739
264.28600972837546 628.7743710395755 0 0 12.0 1 740
149.4404095555637 134.5854343930681 0 0 10.0 1 741
306.9682844282494 85.47003338667889 0 0 12.0 1 742
609.9942161922795 199.99392717772253 0 0 10.0 1 743
412.86353052023196 593.5730600640364 0 0 10.0 1 744
252.49715357852762 573.8588804104165 0 0 10.0 1 745
494.1758455737911 81.63714081183804 0 0 13.0 1 746
402.987112095364 265.03305159658635 0 0 10.0 1 747
537.1090390814275 622.0858199034049 0 0 11.0 1 748
472.2305249409704 561.5913093787901 0 0 10.0 1 749
450.0773672103908 212.57466208306926 0 0 12.0 1 750
259.46662151432344 237.28746350879544 0 0 11.0 1 751
298.2672867951386 533.6953816105007 0 0 10.0 1 752
193.2809048872512 363.0241198107967 0 0 10.0 1 753
392.1651589187752 560.8092511804963 0 0 13.0 1 754
260.24096613251584 381.3341902820313 0 0 11.0 1 755
544.9196221462203 347.9010257586894 0 0 12.0 1 756
157.39351987654618 484.8003290212261 0 0 13.0 1 757
518.4453189953108 453.57897356332103 0 0 12.0 1 758
417.16193950462997 542.9736613241733 0 0 11.0 1 759
476.7532232542022 65.69782722798436 0 0 11.0 1 760
387.24112035181827 178.36694517711666 0 0 12.0 1 761
247.56505748878826 465.72357493018444 0 0 11.0 1 762
315.2496918801081 103.8895725010965 0 0 10.0 1 763
235.14772290963577 541.1124613140944 0 0 12.0 1 764
379.03257776092863 174.97474096304543 0 0 13.0 1 765
750.7800225769888 412.4248042595149 0 0 12.0 1 766
391.28582357507645 181.17344053055328 0 0 11.0 1 767
681.0969839076772 593.0427041822795 0 0 10.0 1 768
223.09499806173767 219.13093053475563 0 0 12.0 1 769
594.9481814874295 241.89811343711207 0 0 13.0 1 770
488.91397536663385 226.4508571484675 0 0 10.0 1 771
165.9376732411073 496.04075797396297 0 0 11.0 1 772
695.253611899881 549.620535556034 0 0 13.0 1 773
285.4042643426485 286.91234652204326 0 0 13.0 1 774
312.7982608306138 715.1584628180469 0 0 13.0 1 775
558.7918415997415 147.83110611861224 0 0 13.0 1 776
419.3177005521057 143.7270469882177 0 0 12.0 1 777
749.0127302198943 452.90665501102217 0 0 11.0 1 778
597.0075547938287 649.6237636006567 0 0 13.0 1 779
708.873774497877 592.5954086353946 0 0 10.0 1 780
203.12325299089719 406.9675309194667 0 0 13.0 1 781
445.709733018837 263.44737165712763 0 0 11.0 1 782
764.7817351855433 461.92160911203854 0 0 10.0 1 783
469.79099351618015 69.28378143183767 0 0 12.0 1 784
465.2547648901341 536.17200761953 0 0 11.0 1 785
514.5440888440456 578.391848779274 0 0 11.0 1 786
254.26765483134744 127.524159655127 0 0 12.0 1 787
312.74214465549056 559.7187111163769 0 0 10.0 1 788
664.555209905868 221.7542681810806 0 0 10.0 1 789
519.7628075074043 233.6213056369764 0 0 10.0 1 790
655.3555351538346 273.4355868883407 0 0 11.0 1 791
43.20266675307607 323.0541554865793 0 0 11.0 1 792
334.32589343058294 725.4395669341834 0 0 10.0 1 793
303.687480753097 500.2242417597407 0 0 10.0 1 794
656.8074391504056 518.9072714219394 0 0 12.0 1 795
620.92383284874 655.8059031363857 0 0 10.0 1 796
447.8868506600562 191.42663273116227 0 0 13.0 1 797
507.3542417804437 679.0628366009098 0 0 13.0 1 798
759.3688202943006 348.78426999170415 0 0 13.0 1 799
239.68728854624763 439.0491299051072 0 0 13.0 1 800
511.1839200250375 569.8444462673598 0 0 12.0 1 801
700.1547518474897 251.2313038862952 0 0 10.0 1 802
610.5189536607643 687.0849528442357 0 0 12.0 1 803
148.61460607385732 492.89447626526595 0 0 13.0 1 804
582.2235676850936 482.429190097417 0 0 12.0 1 805
354.78685114649755 185.71801015775722 0 0 13.0 1 806
376.9028944787936 674.0283264856796 0 0 13.0 1 807
480.55731886738425 49.1289148748524 0 0 12.0 1 808
651.7615988983473 258.0947593633424 0 0 10.0 1 809
607.0905332455505 672.1718410123897 0 0 10.0 1 810
616.2432635357 170.95011247453144 0 0 12.0 1 811
388.21815167622856 195.3388457716618 0 0 12.0 1 812
392.4730672893144 642.8833985351177 0 0 12.0 1 813
513.1993950591556 152.6745121136092 0 0 11.0 1 814
517.8782797890785 467.82854232524625 0 0 13.0 1 815
638.0437701550018 199.85964052597316 0 0 13.0 1 816
441.1579026805579 698.172814064156 0 0 11.0 1 817
284.3786804149277 700.5257234537612 0 0 13.0 1 818
328.9170804753206 113.692091356442 0 0 13.0 1 819
449.53461735381273 226.94994457206508 0 0 10.0 1 820
507.4944223481092 250.6649767668471 0 0 13.0 1 821
164.57086423675156 663.0249456492102 0 0 12.0 1 822
347.56463347734797 64.06766702558218 0 0 11.0 1 823
593.7959740608803 475.545485886283 0 0 12.0 1 824
471.9886607282969 557.3106249639425 0 0 11.0 1 825
698.8189580862414 522.6223074658649 0 0 10.0 1 826
165.05997185859331 247.67408895097645 0 0 13.0 1 827
288.2130745535755 315.71664874226036 0 0 12.0 1 828
270.02544002807645 521.6166672792215 0 0 12.0 1 829
664.4006918068391 328.1092900851235 0 0 12.0 1 830
571.8500122643411 513.5938963357883 0 0 10.0 1 831
400.8630111076699 205.00190972261282 0 0 11.0 1 832
164.09468042226078 368.49317224910243 0 0 12.0 1 833
698.9531492856597 405.29287560651863 0 0 11.0 1 834
539.2155122700754 377.63840024997126 0 0 12.0 1 835
384.4619471948248 584.34632872673 0 0 11.0 1 836
229.11955001520815 565.6619202260889 0 0 12.0 1 837
301.25408860545343 267.80981510391797 0 0 11.0 1 838
108.22299826488916 615.951803091498 0 0 12.0 1 839
324.00898625827307 718.0477414327992 0 0 13.0 1 840
227.09626062170773 532.7715967705577 0 0 10.0 1 841
696.4110196938266 503.61711926156755 0 0 12.0 1 842
151.6331270477007 520.3739856443094 0 0 12.0 1 843
446.66400206101423 581.0841542257347 0 0 11.0 1 844
270.6857769032126 330.0941225298309 0 0 11.0 1 845
602.4586076551075 213.89381475524453 0 0 13.0 1 846
198.91741679655968 130.812714393433 0 0 13.0 1 847
355.6138115453522 585.7710049347543 0 0 11.0 1 848
325.14997190627184 575.7227170697292 0 0 10.0 1 849
274.94069544855563 368.3587240284294 0 0 13.0 1 850
688.5980538865124 216.49206204385126 0 0 10.0 1 851
273.43966035823786 566.3234211702063 0 0 13.0 1 852
392.3111497463757 557.8128055063255 0 0 13.0 1 853
98.89597258111439 297.7240757943152 0 0 11.0 1 854
120.5827434791754 429.7824908020751 0 0 13.0 1 855
550.8523441256787 393.3239029524875 0 0 12.0 1 856
320.010521972645 578.9348579928218 0 0 10.0 1 857
532.6870093932844 141.01127912925148 0 0 13.0 1 858
128.04339669057748 302.2216490402841 0 0 10.0 1 859
249.18252615695545 486.7760887779726 0 0 10.0 1 860
449.47421181529245 624.6158996270201 0 0 13.0 1 861
479.7456533793554 229.75126794275474 0 0 13.0 1 862
105.77289529789971 352.73044469619674 0 0 10.0 1 863
526.3988627995757 387.65789795156246 0 0 11.0 1 864
250.37681686436613 346.20499030244 0 0 10.0 1 865
763.3288072947888 348.21990933045566 0 0 13.0 1 866
167.40759603813413 268.8902230219264 0 0 12.0 1 867
696.9534626683643 405.25747175630784 0 0 13.0 1 868
586.4255438209215 294.9213789057276 0 0 12.0 1 869
173.888061422951 420.05969174560835 0 0 11.0 1 870
619.5774517173895 136.49527006655563 0 0 12.0 1 871
227.5486530702885 386.23290364207895 0 0 10.0 1 872
268.2563167359199 352.63332479460126 0 0 10.0 1 873
343.49400685018435 220.69279786312825 0 0 12.0 1 874
483.8574473119237 596.8855721741132 0 0 11.0 1 875
681.9008081580298 392.52107227941684 0 0 11.0 1 876
402.55659486547347 592.9830661552817 0 0 11.0 1 877
532.6184610773713 556.3244823483185 0 0 13.0 1 878
481.49868421554186 666.831340871224 0 0 12.0 1 879
572.5256475110659 579.5435906705873 0 0 12.0 1 880
310.31402795602423 260.313112932791 0 0 13.0 1 881
223.99804977539893 540.1724420745285 0 0 13.0 1 882
175.72953499547515 153.84606741582576 0 0 13.0 1 883
662.3491387823407 362.6111061922909 0 0 12.0 1 884
263.50383761253727 698.2495559988236 0 0 13.0 1 885
210.34475499773515 477.81958650064195 0 0 12.0 1 886
140.49891534718995 383.9007123134251 0 0 13.0 1 887
306.22409647477406 102.42634538987238 0 0 10.0 1 888
597.9573126325639 633.3428858467585 0 0 10.0 1 889
535.2936344148386 332.9430653338226 0 0 10.0 1 890
530.6773400229202 722.5328398853892 0 0 10.0 1 891
443.3898256884011 63.78827648826672 0 0 13.0 1 892
261.13578849610894 616.2538572220218 0 0 11.0 1 893
560.8276854900263 235.57842118529214 0 0 10.0 1 894
475.4090115957766 299.05704100756685 0 0 12.0 1 895
570.9251002795936 153.45464901075323 0 0 10.0 1 896
258.72080473848814 372.1398315464605 0 0 13.0 1 897
480.99449638644535 271.3769400336546 0 0 13.0 1 898
321.5371026747667 106.30019791744854 0 0 13.0 1 899
111.1834632175657 190.15718244123588 0 0 11.0 1 900
177.58545944110313 164.39912532425774 0 0 12.0 1 901
139.09201399278265 393.0701487997447 0 0 13.0 1 902
209.80465973007915 696.1920534714073 0 0 12.0 1 903
670.2667901149387 438.53390923547386 0 0 11.0 1 904
162.4064088654768 233.71925712277735 0 0 11.0 1 905
485.11802190939005 549.4621100688486 0 0 12.0 1 906
572.99461082856 216.76008997962515 0 0 12.0 1 907
311.7294976225535 576.1173427293099 0 0 13.0 1 908
501.37651816179016 303.4453441547626 0 0 13.0 1 909
374.0180153020839 541.6366353425457 0 0 11.0 1 910
718.8000774987447 411.2920585720378 0 0 12.0 1 911
637.6744444482715 287.39512241378924 0 0 13.0 1 912
548.0903282831162 284.18439367253256 0 0 13.0 1 913
715.8501692626849 523.1246140165863 0 0 12.0 1 914
567.1126296634244 440.7107971793132 0 0 10.0 1 915
218.11789780143448 309.8451282523758 0 0 12.0 1 916
290.8953430139198 53.78449800167846 0 0 12.0 1 917
274.7754265843404 65.68307519231689 0 0 10.0 1 918
308.63202087785334 57.99430941702889 0 0 10.0 1 919
209.51740391696873 339.03787577955666 0 0 12.0 1 920
197.97778703333384 487.1035330400035 0 0 10.0 1 921
220.13504296593425 361.21086194391944 0 0 12.0 1 922
202.87495594964147 115.64508618955745 0 0 13.0 1 923
358.66859344685076 135.2062787142824 0 0 13.0 1 924
670.9065660214164 433.7436288280308 0 0 10.0 1 925
474.5997892979533 120.79421310312893 0 0 10.0 1 926
551.4538655937596 342.5045515131205 0 0 11.0 1 927
630.0 400.0 0 0 11.0 1 928
130.01057687344797 397.61014649159097 0 0 13.0 1 929
328.39361859359116 292.6988996240956 0 0 13.0 1 930
264.90586334932584 363.26344813936703 0 0 12.0 1 931
234.46979676688048 377.89226792268954 0 0 13.0 1 932
68.63707652025789 379.442448030989 0 0 10.0 1 933
284.9587227280043 266.8027608258046 0 0 10.0 1 934
322.88766559083683 292.8660283478234 0 0 10.0 1 935
555.660209878512 523.9794299897269 0 0 12.0 1 936
602.3316732671199 290.6295561272266 0 0 10.0 1 937
652.7977255991514 375.3157959031249 0 0 12.0 1 938
317.7041575932832 593.2029873541526 0 0 13.0 1 939
457.5253095133105 69.97600274313714 0 0 12.0 1 940
128.58805896269433 636.5069941087622 0 0 13.0 1 941
290.1238391520742 685.5927682510899 0 0 10.0 1 942
652.6432883273178 413.43014754795274 0 0 11.0 1 943
256.2027992094353 407.6397018788707 0 0 10.0 1 944
108.33080497173648 444.20498469137607 0 0 10.0 1 945
507.8677700808224 597.4577022498511 0 0 13.0 1 946
605.0112362343864 522.8470309679831 0 0 12.0 1 947
687.8261094291137 284.864728554192 0 0 11.0 1 948
526.9608935998464 304.2820210392609 0 0 11.0 1 949
225.32557660615112 605.8855162754933 0 0 11.0 1 950
625.8540752483977 160.7701174733995 0 0 10.0 1 951
447.61430522795524 257.7576788095079 0 0 13.0 1 952
231.45964001886747 629.8241655210136 0 0 13.0 1 953
582.6586508508082 370.660312384714 0 0 10.0 1 954
293.25204761345975 622.7417218692559 0 0 10.0 1 955
582.6221793834312 684.417192865069 0 0 10.0 1 956
108.62451355536359 347.8816164952182 0 0 13.0 1 957
207.9394731269965 112.20014937935724 0 0 13.0 1 958
262.0050663290188 83.80006596910636 0 0 13.0 1 959
192.18483051270914 277.9596159831977 0 0 10.0 1 960
600.5457387004933 492.85691513868767 0 0 13.0 1 961
525.782307551198 363.3965697359407 0 0 11.0 1 962
397.1716327323285 272.03125249265287 0 0 10.0 1 963
624.058624201418 131.1176225168935 0 0 12.0 1 964
143.21112302371108 199.16306947860318 0 0 12.0 1 965
524.8765210133425 590.7612499948672 0 0 13.0 1 966
193.3505002424735 570.6457859132889 0 0 13.0 1 967
522.1401811734592 493.79646124942326 0 0 12.0 1 968
665.736191869974 374.05243112651317 0 0 11.0 1 969
214.61127909675355 547.6483056518366 0 0 12.0 1 970
378.0787471235096 660.0777935009542 0 0 13.0 1 971
331.1366166279958 286.2158427962821 0 0 12.0 1 972
334.7569449431017 225.81807278927434 0 0 13.0 1 973
628.6855894511328 298.9905886692337 0 0 13.0 1 974
94.16163252735834 296.11596377850253 0 0 13.0 1 975
724.5461842333268 519.9407116019725 0 0 11.0 1 976
532.6846869170445 429.84583484719263 0 0 11.0 1 977
139.03988998156854 188.34976735385297 0 0 12.0 1 978
198.0712138947973 394.6366668871587 0 0 11.0 1 979
581.9929188818302 398.3945477672728 0 0 10.0 1 980
424.28119488116164 547.0082432217426 0 0 13.0 1 981
599.3715508653436 710.5027933941138 0 0 12.0 1 982
285.05438550517164 468.87311310232974 0 0 12.0 1 983
181.45487778547172 374.7407530548335 0 0 13.0 1 984
261.73509262099947 334.48805156708886 0 0 13.0 1 985
592.0282396699306 347.7874041129182 0 0 10.0 1 986
470.36876199559197 604.2161534629612 0 0 11.0 1 987
315.02632928773045 301.61567560996934 0 0 12.0 1 988
167.5632910375905 684.0108736064944 0 0 13.0 1 989
713.2200885488576 358.17684696910374 0 0 12.0 1 990
700.9338022862145 257.42424244787765 0 0 12.0 1 991
267.19377704300814 234.75319324144942 0 0 11.0 1 992
519.2590609605418 446.48952977617415 0 0 12.0 1 993
124.29886612908263 604.0536321222695 0 0 12.0 1 994
307.9762752488416 701.2584174474184 0 0 10.0 1 995
584.1362886429652 514.8164936095621 0 0 13.0 1 996
620.9761743359002 311.60582385773455 0 0 13.0 1 997
563.8027049535355 687.6276653069119 0 0 12.0 1 998
532.4166309865444 288.66790292923906 0 0 10.0 1 999
699.6841865877941 437.3281168720341 0 0 12.0 1 1000
553.3236664035591 341.7947311614306 0 0 12.0 1 1001
528.4855119708649 324.55151947464594 0 0 13.0 1 1002
270.4150809523112 167.69901258194375 0 0 10.0 1 1003
127.26731796510109 387.9217488827756 0 0 13.0 1 1004
581.6200459364968 334.7071296845913 0 0 12.0 1 1005
288.23112969672263 552.409709766567 0 0 12.0 1 1006
144.6734657402908 297.8561754048463 0 0 12.0 1 1007
734.316386789314 327.9128754621345 0 0 11.0 1 1008
378.39080146050713 556.5153108755842 0 0 10.0 1 1009
529.3745972377841 123.79859958797977 0 0 12.0 1 1010
171.99384480074983 442.86249165943855 0 0 11.0 1 1011
237.31278154458445 389.90698502726264 0 0 12.0 1 1012
192.45266787367578 662.9621739475951 0 0 11.0 1 1013
232.07886040866063 568.6608753633927 0 0 12.0 1 1014
218.90258462981862 357.5768206490838 0 0 12.0 1 1015
628.5813203923615 326.8523413383273 0 0 13.0 1 1016
305.550563171053 572.882341153441 0 0 10.0 1 1017
456.5726856844431 656.8433982691578 0 0 13.0 1 1018
293.77583078416194 305.7639884417586 0 0 13.0 1 1019
249.0347839796108 562.7682510562709 0 0 10.0 1 1020
212.56029048390766 129.6162813767757 0 0 10.0 1 1021
350.1064103038862 241.6755555599962 0 0 13.0 1 1022
174.60051172120362 469.9361900853681 0 0 12.0 1 1023
353.7677754933069 243.69394951838007 0 0 11.0 1 1024
276.0045523536111 115.87832014615356 0 0 11.0 1 1025
491.7251687318184 731.5456128817261 0 0 10.0 1 1026
739.880406999043 390.98285310284297 0 0 13.0 1 1027
547.2199668696932 216.8299114077671 0 0 12.0 1 1028
308.4080637509719 755.3869964055438 0 0 10.0 1 1029
255.34041066678517 278.36693207048654 0 0 13.0 1 1030
109.74155849789742 204.4238329019343 0 0 13.0 1 1031
499.4723230841052 197.06834416422018 0 0 12.0 1 1032
526.0245446987817 727.5955038358505 0 0 12.0 1 1033
66.03800484335676 468.9230425256618 0 0 10.0 1 1034
586.288741836036 176.4435090069029 0 0 10.0 1 1035
594.9826380734647 697.8552850797049 0 0 10.0 1 1036
505.87516634424884 499.0729486367375 0 0 10.0 1 1037
514.5049281534207 240.92573612120668 0 0 13.0 1 1038
659.5734171083545 531.5395040689 0 0 11.0 1 1039
247.4648372852419 477.2918115687702 0 0 12.0 1 1040
697.3675363519844 293.09561129705105 0 0 13.0 1 1041
686.0354040225493 511.5022315725427 0 0 10.0 1 1042
549.5722845903717 550.2402465467121 0 0 11.0 1 1043
559.0314799971479 731.862905986669 0 0 13.0 1 1044
378.6613501848677 116.8027859881613 0 0 10.0 1 1045
87.32249703833867 251.84879635433174 0 0 13.0 1 1046
658.0169566581224 339.5661512322718 0 0 11.0 1 1047
304.3620021938182 548.9374814330656 0 0 12.0 1 1048
143.88794161453683 344.7676403766679 0 0 10.0 1 1049
368.27053802759997 59.475050483900645 0 0 13.0 1 1050
214.83467310600102 353.1512890653489 0 0 12.0 1 1051
659.0463230969831 344.14301753644924 0 0 11.0 1 1052
479.69917199617265 733.6121130641459 0 0 12.0 1 1053
437.17459942290776 161.8843785936203 0 0 12.0 1 1054
540.5522992866164 446.3578598000966 0 0 13.0 1 1055
414.98534998748676 625.5026369818156 0 0 12.0 1 1056
128.3448869741204 150.2711479085835 0 0 11.0 1 1057
327.7316731062065 85.1884866654782 0 0 10.0 1 1058
476.5760613635464 232.69158172391212 0 0 13.0 1 1059
577.047552778424 285.21688253418466 0 0 11.0 1 1060
472.0540463202715 86.16530719361799 0 0 12.0 1 1061
355.0280690227477 204.09562173300657 0 0 10.0 1 1062
617.2835893270765 253.60381900765864 0 0 11.0 1 1063
119.03817077752888 310.0808667748461 0 0 13.0 1 1064
241.05756834514153 225.54856429469933 0 0 12.0 1 1065
598.2688623106579 702.8753179743067 0 0 10.0 1 1066
217.75883670231846 192.7220262548194 0 0 13.0 1 1067
291.60397963815683 151.62266051486324 0 0 13.0 1 1068
359.7325302306504 545.5318895581808 0 0 12.0 1 1069
412.2667687950666 584.5928665559111 0 0 12.0 1 1070
191.03725957354595 572.5559999347064 0 0 11.0 1 1071
257.89469034247827 244.0285892634812 0 0 10.0 1 1072
599.704806399637 564.9211638962189 0 0 12.0 1 1073
537.70428419163 163.1170539796695 0 0 13.0 1 1074
336.32557258338477 666.4987191210611 0 0 10.0 1 1075
139.1130812049759 544.0208859910205 0 0 12.0 1 1076
584.1362886429652 514.8164936095621 0 0 11.0 1 1077
208.2278868360568 296.33005926192607 0 0 12.0 1 1078
85.65355681551517 503.6692512621917 0 0 11.0 1 1079
280.00440550349464 125.04353562530986 0 0 13.0 1 1080
587.0567279078979 438.61062735038985 0 0 10.0 1 1081
625.0652256670855 267.838567670353 0 0 13.0 1 1082
644.712115928264 446.0106543956062 0 0 11.0 1 1083
662.862481958135 645.9742173050035 0 0 11.0 1 1084
393.35494309149664 233.13225830412054 0 0 11.0 1 1085
529.567454154897 534.8379576522082 0 0 12.0 1 1086
599.3529731727064 514.7100348147546 0 0 12.0 1 1087
684.2946747854246 563.5864844314763 0 0 13.0 1 1088
256.0886806899821 342.428026137277 0 0 10.0 1 1089
177.92627624165425 180.84877089986023 0 0 11.0 1 1090
367.4748309376635 231.1032463974916 0 0 11.0 1 1091
336.2959710844413 574.7506700986455 0 0 13.0 1 1092
492.375361050685 627.9973523327751 0 0 10.0 1 1093
189.49509912759424 573.8294759489846 0 0 12.0 1 1094
625.4167740486481 596.438993016918 0 0 11.0 1 1095
159.44000326478812 440.8275393668888 0 0 10.0 1 1096
102.01225852326593 442.47712242602006 0 0 10.0 1 1097
554.9324883683153 611.2816225988475 0 0 11.0 1 1098
361.58799107452603 661.1905771085728 0 0 10.0 1 1099
254.82414837414888 689.6549190065807 0 0 12.0 1 1100
195.03268473153372 551.7016798576639 0 0 11.0 1 1101
500.9423270832651 98.44627907615677 0 0 10.0 1 1102
682.8003967959278 209.46145909012063 0 0 11.0 1 1103
155.1587248292746 328.7416673449826 0 0 10.0 1 1104
516.3429358956922 302.1822037297361 0 0 12.0 1 1105
344.4642144219536 136.7951814266516 0 0 10.0 1 1106
233.11808986926627 274.17699705094583 0 0 13.0 1 1107
669.5449280122737 356.7041366541996 0 0 10.0 1 1108
653.0750893877986 268.93513387883934 0 0 12.0 1 1109
408.97039395446336 244.25812370366882 5 5 10.0 1 1110
273.35883157536296 182.1330349501267 1 15 10.0 1 1111
431.6215472269547 197.45351706096332 -5 1 10.0 1 1112
581.8859376325127 406.4424910975263 20 -8 10.0 1 1113
516.6379009614508 162.0491646173378 18 18 10.0 1 1114
359.99424642956853 250.25174564869909 16 17 12.0 1 1115
222.855819558874 162.8588198227862 -1 -12 11.0 1 1116
606.8019665137467 547.4752407899279 20 4 13.0 1 1117
344.08898729720596 525.0718140051866 18 -10 10.0 1 1118
342.16721946509676 542.7283065674139 -17 22 10.0 1 1119
506.5575453601841 535.0166268531855 -4 16 13.0 1 1120
316.6583073999744 566.2833794297037 19 5 11.0 1 1121
53.4463080650562 282.2862004425137 -16 1 10.0 1 1122
234.96734326023312 288.80097927852836 -9 -2 10.0 1 1123
401.6021026716744 38.00354522864535 -7 13 10.0 1 1124
461.98438146184844 130.02419283426144 -17 0 13.0 1 1125
155.21173965062056 262.0155530680199 -4 11 13.0 1 1126
606.4649933445355 255.51399194648326 20 -5 13.0 1 1127
282.7859383120066 579.044306646716 -1 -4 10.0 1 1128
378.73520058636376 30.611575295194427 18 -7 13.0 1 1129
680.272161343057 188.69804644516077 2 0 13.0 1 1130
202.2847331710251 489.42971129746115 11 -17 10.0 1 1131
611.4377213629343 332.33841573795274 7 0 11.0 1 1132
177.18623253213983 437.81567170867567 18 -12 12.0 1 1133
198.36731582123195 609.8219737560039 -3 -17 10.0 1 1134
535.5690150971936 389.1813981690378 16 -5 13.0 1 1135
374.8466763063921 609.4953706103421 0 18 11.0 1 1136
581.2900370851596 676.9384813521975 -1 -2 10.0 1 1137
210.44334994955253 180.52727636070082 -6 -2 13.0 1 1138
383.7463545271486 733.6042850576755 16 8 10.0 1 1139
189.73027963073582 656.9253679491993 0 4 10.0 1 1140
565.3660642329326 591.4760162529751 14 3 10.0 1 1141
373.37349381302374 581.0525591320788 2 21 13.0 1 1142
397.061149635935 267.0324732931471 -5 4 10.0 1 1143
243.24850761263346 277.4032233933805 3 16 12.0 1 1144
288.7757523337814 587.4917777692763 7 -2 13.0 1 1145
470.4202000565106 283.6514055778884 15 5 12.0 1 1146
103.54494432913367 239.7395870241701 5 -12 13.0 1 1147
49.255219183002396 485.43476300450726 -8 14 12.0 1 1148
354.75078439602214 279.1964053215935 -15 -4 13.0 1 1149
165.1767333336993 320.23764401569235 1 5 12.0 1 1150
495.5083807620855 42.53930397286405 -3 -3 12.0 1 1151
72.78244914284289 262.32765560562353 -5 18 10.0 1 1152
202.1131627840844 613.358383141328 -3 14 12.0 1 1153
513.0387311223096 652.8858344515529 -1 16 10.0 1 1154
95.32865779264387 494.53239253064584 15 6 12.0 1 1155
217.5588632512781 181.04742152275495 17 -8 10.0 1 1156
743.514984919357 418.26075397824405 3 -12 12.0 1 1157
496.3696196721848 601.1017066169218 21 13 13.0 1 1158
644.9108849485483 621.1756280283137 -3 -15 11.0 1 1159
540.2547315662073 320.94552338234644 -4 -6 13.0 1 1160
374.2082151218503 123.19901764480812 16 22 12.0 1 1161
275.42803832754 329.78015689938377 -5 22 13.0 1 1162
582.3628817582598 576.8043533310844 13 -4 12.0 1 1163
176.157961132327 663.8384764122989 0 7 12.0 1 1164
267.6123950940756 614.4236975412766 -7 9 11.0 1 1165
345.5709190367509 647.0758489725292 -2 -5 13.0 1 1166
261.8416266741185 575.046462060638 11 0 10.0 1 1167
572.9437266093717 114.2615401692259 -17 16 11.0 1 1168
171.34777651272626 115.49488459023132 12 -10 11.0 1 1169
720.8424046561856 569.7914938223835 4 8 10.0 1 1170
234.90583915229197 242.7488694667313 -12 9 10.0 1 1171
587.6863925834746 359.5300353471632 -4 7 10.0 1 1172
384.65603049881963 550.2183830293311 14 -15 10.0 1 1173
502.5860276205815 715.7532374133784 9 -5 12.0 1 1174
