400 400 7.071067811865475 -7.0710678118654755 5 2 -1 10 187
742.842712474619 57.15728752538092
800.0 400.0 0 0 24.0 1 0
799.4518139018296 420.9343824971775 0 0 24.0 1 1
797.8087581473094 441.8113853070614 0 0 24.0 1 2
795.0753362380551 462.57378601609236 0 0 24.0 1 3
791.2590402935223 483.16467632710373 0 0 24.0 1 4
786.3703305156273 503.5276180410083 0 0 24.0 1 5
780.4226065180615 523.6067977499789 0 0 24.0 1 6
773.4321705988807 543.3471798181201 0 0 24.0 1 7
765.4181830570403 562.6946572303201 0 0 24.0 1 8
756.4026096753471 581.5961998958187 0 0 24.0 1 9
746.4101615137755 600.0 0 0 24.0 1 10
735.4682271781696 617.8556140060108 0 0 24.0 1 11
723.606797749979 635.1141009169893 0 0 24.0 1 12
710.8583845827884 651.728156419935 0 0 24.0 1 13
697.2579301909577 667.6522425435433 0 0 24.0 1 14
682.842712474619 682.842712474619 0 0 24.0 1 15
667.6522425435433 697.2579301909577 0 0 24.0 1 16
651.728156419935 710.8583845827884 0 0 24.0 1 17
635.1141009169893 723.606797749979 0 0 24.0 1 18
617.8556140060108 735.4682271781696 0 0 24.0 1 19
600.0 746.4101615137754 0 0 24.0 1 20
581.5961998958187 756.4026096753471 0 0 24.0 1 21
562.6946572303201 765.4181830570403 0 0 24.0 1 22
543.3471798181201 773.4321705988807 0 0 24.0 1 23
523.606797749979 780.4226065180615 0 0 24.0 1 24
503.5276180410083 786.3703305156273 0 0 24.0 1 25
483.1646763271038 791.2590402935223 0 0 24.0 1 26
462.57378601609236 795.0753362380551 0 0 24.0 1 27
441.8113853070614 797.8087581473094 0 0 24.0 1 28
420.9343824971776 799.4518139018296 0 0 24.0 1 29
400.0 800.0 0 0 24.0 1 30
379.0656175028225 799.4518139018296 0 0 24.0 1 31
358.1886146929386 797.8087581473094 0 0 24.0 1 32
337.4262139839077 795.0753362380551 0 0 24.0 1 33
316.83532367289627 791.2590402935223 0 0 24.0 1 34
296.47238195899166 786.3703305156273 0 0 24.0 1 35
276.3932022500211 780.4226065180615 0 0 24.0 1 36
256.65282018187986 773.4321705988807 0 0 24.0 1 37
237.3053427696799 765.4181830570403 0 0 24.0 1 38
218.4038001041813 756.4026096753471 0 0 24.0 1 39
200.00000000000009 746.4101615137755 0 0 24.0 1 40
182.14438599398918 735.4682271781696 0 0 24.0 1 41
164.8858990830108 723.606797749979 0 0 24.0 1 42
148.27184358006508 710.8583845827884 0 0 24.0 1 43
132.3477574564567 697.2579301909577 0 0 24.0 1 44
117.15728752538104 682.842712474619 0 0 24.0 1 45
102.74206980904233 667.6522425435434 0 0 24.0 1 46
89.14161541721165 651.728156419935 0 0 24.0 1 47
76.39320225002109 635.1141009169893 0 0 24.0 1 48
64.53177282183043 617.8556140060109 0 0 24.0 1 49
53.589838486224494 600.0 0 0 24.0 1 50
43.597390324652906 581.5961998958187 0 0 24.0 1 51
34.58181694295968 562.6946572303202 0 0 24.0 1 52
26.567829401119297 543.3471798181201 0 0 24.0 1 53
19.5773934819386 523.606797749979 0 0 24.0 1 54
13.629669484372698 503.5276180410084 0 0 24.0 1 55
8.740959706477724 483.16467632710373 0 0 24.0 1 56
4.924663761944942 462.5737860160924 0 0 24.0 1 57
2.1912418526906663 441.81138530706147 0 0 24.0 1 58
0.5481860981704472 420.9343824971775 0 0 24.0 1 59
0.0 400.00000000000006 0 0 24.0 1 60
0.5481860981704472 379.0656175028226 0 0 24.0 1 61
2.1912418526906663 358.1886146929386 0 0 24.0 1 62
4.924663761944885 337.4262139839077 0 0 24.0 1 63
8.740959706477781 316.8353236728962 0 0 24.0 1 64
13.629669484372698 296.47238195899166 0 0 24.0 1 65
19.577393481938543 276.3932022500211 0 0 24.0 1 66
26.567829401119297 256.65282018187986 0 0 24.0 1 67
34.58181694295968 237.30534276967992 0 0 24.0 1 68
43.59739032465285 218.40380010418136 0 0 24.0 1 69
53.58983848622455 199.99999999999994 0 0 24.0 1 70
64.53177282183037 182.14438599398918 0 0 24.0 1 71
76.39320225002103 164.8858990830108 0 0 24.0 1 72
89.14161541721171 148.27184358006497 0 0 24.0 1 73
102.74206980904228 132.3477574564567 0 0 24.0 1 74
117.15728752538092 117.15728752538104 0 0 24.0 1 75
132.34775745645675 102.74206980904228 0 0 24.0 1 76
148.27184358006485 89.14161541721177 0 0 24.0 1 77
164.8858990830107 76.39320225002109 0 0 24.0 1 78
182.1443859939892 64.53177282183032 0 0 24.0 1 79
199.99999999999983 53.58983848622461 0 0 24.0 1 80
218.40380010418124 43.597390324652906 0 0 24.0 1 81
237.30534276967995 34.58181694295962 0 0 24.0 1 82
256.65282018187975 26.567829401119354 0 0 24.0 1 83
276.393202250021 19.5773934819386 0 0 24.0 1 84
296.4723819589917 13.629669484372698 0 0 24.0 1 85
316.8353236728961 8.740959706477781 0 0 24.0 1 86
337.4262139839076 4.924663761944942 0 0 24.0 1 87
358.18861469293864 2.1912418526906663 0 0 24.0 1 88
379.0656175028223 0.5481860981704472 0 0 24.0 1 89
399.99999999999994 0.0 0 0 24.0 1 90
420.9343824971776 0.5481860981704472 0 0 24.0 1 91
441.8113853070612 2.1912418526906663 0 0 24.0 1 92
462.5737860160923 4.924663761944885 0 0 24.0 1 93
483.1646763271038 8.740959706477781 0 0 24.0 1 94
503.5276180410081 13.629669484372641 0 0 24.0 1 95
523.6067977499789 19.577393481938543 0 0 24.0 1 96
543.3471798181201 26.567829401119297 0 0 24.0 1 97
562.6946572303199 34.58181694295956 0 0 24.0 1 98
581.5961998958187 43.59739032465279 0 0 24.0 1 99
756.4026096753471 218.40380010418122 0 0 24.0 1 100
765.4181830570403 237.30534276967995 0 0 24.0 1 101
773.4321705988806 256.6528201818797 0 0 24.0 1 102
780.4226065180615 276.3932022500209 0 0 24.0 1 103
786.3703305156273 296.4723819589917 0 0 24.0 1 104
791.2590402935223 316.83532367289604 0 0 24.0 1 105
795.0753362380551 337.4262139839076 0 0 24.0 1 106
797.8087581473094 358.18861469293864 0 0 24.0 1 107
799.4518139018296 379.06561750282225 0 0 24.0 1 108
800.0 399.9999999999999 0 0 24.0 1 109
166.536463439026 268.3991751680759 0 0 11.0 1 110
219.2458618217571 470.4552448824122 0 0 13.0 1 111
571.9393124339113 643.394479887597 0 0 11.0 1 112
165.92535763772045 461.42525378841276 0 0 10.0 1 113
519.5116364452596 357.03526150229584 0 0 13.0 1 114
376.7495965081406 568.4025496762615 0 0 12.0 1 115
546.0 400.0 0 0 13.0 1 116
599.257723816456 456.08350470044627 0 0 10.0 1 117
623.8997668948045 559.6680756583864 0 0 13.0 1 118
297.4421317640591 487.78885842121076 0 0 10.0 1 119
529.6943573982622 219.82404805565247 0 0 11.0 1 120
664.2202838641233 444.85132768115227 0 0 11.0 1 121
218.28707339991587 189.60890630439596 0 0 11.0 1 122
478.54338589569966 57.90069200298109 0 0 13.0 1 123
243.49361626341866 354.45055598914576 0 0 12.0 1 124
104.09470284322771 563.3525485401507 0 0 10.0 1 125
552.850388418734 393.2354778260304 0 0 10.0 1 126
176.97119575630316 533.6343985567592 0 0 10.0 1 127
237.77527051548728 109.18710973604237 0 0 10.0 1 128
647.6152006799482 282.68541270486025 0 0 13.0 1 129
530.3535614086646 599.1279714858701 0 0 13.0 1 130
452.22380545387387 755.1811849520128 0 0 12.0 1 131
260.8173234382233 341.44077745478637 0 0 12.0 1 132
415.0167397330762 264.83159567491725 0 0 11.0 1 133
269.592655748865 638.7004913387611 0 0 11.0 1 134
513.0461130206963 728.0694687576275 0 0 12.0 1 135
172.6597437345811 488.6138131510752 0 0 11.0 1 136
106.78964872207422 490.976315068678 0 0 12.0 1 137
466.75895337916506 533.2075153424853 0 0 11.0 1 138
398.73408046876546 112.00278222222278 0 0 10.0 1 139
603.4092581204269 627.2656456900108 0 0 10.0 1 140
340.6383821832334 723.6003682478995 0 0 10.0 1 141
601.9384874583461 323.33940201749397 0 0 10.0 1 142
334.32331645804544 758.0259393381016 0 0 12.0 1 143
224.6979363103122 121.59348702636885 0 0 10.0 1 144
732.4311341288444 441.40701706003784 0 0 10.0 1 145
561.909397331402 328.4853367778175 0 0 10.0 1 146
326.1259850856284 272.91093705424055 0 0 10.0 1 147
450.69262468550613 676.3896846890173 0 0 13.0 1 148
368.81710590503565 625.8575372128685 0 0 10.0 1 149
431.17881663000946 252.25399703019968 0 0 12.0 1 150
562.8498165334962 663.7800926055768 0 0 10.0 1 151
454.468957368814 246.37014390700512 0 0 11.0 1 152
664.9287534204641 656.8535684219296 0 0 11.0 1 153
318.7968004074001 72.92960944786762 0 0 12.0 1 154
569.5311459576681 345.7488198259261 0 0 12.0 1 155
534.9356799997547 511.4332188487965 0 0 11.0 1 156
331.6142716846129 272.13916877020523 0 0 11.0 1 157
274.84723790135627 284.9487673291577 0 0 11.0 1 158
321.4335816665399 134.37560746375016 0 0 11.0 1 159
519.6395981057752 335.32878101436006 0 0 13.0 1 160
708.9515823721366 405.4698948575728 0 0 12.0 1 161
668.5402445675866 332.0652000254597 0 0 13.0 1 162
714.4885924549943 326.3391201812218 0 0 11.0 1 163
456.1761225336421 522.7568460701285 0 0 10.0 1 164
270.2723599728404 424.3872797372668 0 0 10.0 1 165
167.06940956411998 490.79284134331476 0 0 13.0 1 166
491.8307634141884 756.3581216848681 0 0 12.0 1 167
162.2330464311138 389.47024261575314 0 0 13.0 1 168
326.13735130498986 255.8184854852831 0 0 10.0 1 169
420.52840154963735 43.59070616801131 0 0 12.0 1 170
486.3923100846197 712.2697051560444 0 0 12.0 1 171
212.91163351255736 461.700430509522 0 0 12.0 1 172
115.97970626490093 516.5395758814492 0 0 11.0 1 173
290.71857704118935 669.7008909812823 0 0 11.0 1 174
760.680106609128 467.81490025376496 0 0 11.0 1 175
266.71249666417805 588.6675421329892 0 0 12.0 1 176
263.2970991809944 612.888038432574 0 0 12.0 1 177
242.53345440000405 354.17111154736136 0 0 13.0 1 178
141.97895215163527 577.1839125519919 0 0 13.0 1 179
367.58459423260575 717.3487694460705 0 0 10.0 1 180
668.7587885007597 488.6437454285631 0 0 11.0 1 181
254.97003450921878 266.6759244932004 0 0 11.0 1 182
295.3667146543172 645.6437982074226 0 0 12.0 1 183
60.48099914725742 476.35998991589366 0 0 13.0 1 184
254.63123239350963 432.6943634984717 0 0 11.0 1 185
693.4890953325832 514.4078271835536 0 0 12.0 1 186
535.5408466924605 56.79499001633013 0 0 10.0 1 187
149.75135362385933 669.8140377869715 0 0 12.0 1 188
162.92207699075732 453.32033778609815 0 0 13.0 1 189
466.76268544672234 53.37088432743849 0 0 10.0 1 190
709.9564592700426 487.2410073118053 0 0 13.0 1 191
753.9862268360873 396.8773071956844 0 0 12.0 1 192
120.72843256505809 554.1700088293138 0 0 10.0 1 193
595.4317114694951 596.3044730822608 0 0 11.0 1 194
369.50094130185505 620.9045210459195 0 0 13.0 1 195
548.215251506007 177.91614371816425 0 0 10.0 1 196
335.2444530832491 693.9518993704794 0 0 13.0 1 197
95.4775862077791 446.1530009659113 0 0 12.0 1 198
654.3609496834238 418.041820200488 0 0 10.0 1 199
271.9478921627657 543.061726812035 0 0 11.0 1 200
142.97165668473548 640.5003757431795 0 0 12.0 1 201
328.1544483971742 59.49711203150463 0 0 11.0 1 202
511.46417974318877 536.2047599541885 0 0 10.0 1 203
303.98970756965593 568.5764626139718 0 0 11.0 1 204
289.81041292150076 646.4918962146014 0 0 13.0 1 205
545.8444631643611 344.6340125681901 0 0 13.0 1 206
369.93176808512044 756.7350577522666 0 0 12.0 1 207
626.3423098063842 561.4099092110234 0 0 11.0 1 208
512.7738117622822 341.5956561495179 0 0 10.0 1 209
166.32364668187265 424.90706526152184 0 0 12.0 1 210
666.2046736094462 237.2760873488835 0 0 10.0 1 211
641.9364133730032 579.0747661849857 0 0 12.0 1 212
240.44862465643226 495.5999928136815 0 0 11.0 1 213
195.5957325335513 612.7061245980108 0 0 13.0 1 214
559.5333195167411 455.76844953886916 0 0 11.0 1 215
621.4309501123765 203.57104507652082 0 0 12.0 1 216
234.99216166239083 355.1289259416555 0 0 13.0 1 217
315.8588666841248 85.0456069772639 0 0 12.0 1 218
471.64933358022046 60.477728274697256 0 0 12.0 1 219
511.67124157106207 495.5956788038952 0 0 11.0 1 220
609.3976281827886 343.06465674624746 0 0 10.0 1 221
529.9949420584501 398.85324840519485 0 0 10.0 1 222
405.10590880166836 564.9209801550702 0 0 10.0 1 223
452.30310261139283 234.0470384198519 0 0 11.0 1 224
217.61954220360218 530.0514075816805 0 0 11.0 1 225
294.3862244415361 174.50780409893025 0 0 12.0 1 226
293.1268863853552 496.50977974439286 0 0 13.0 1 227
339.58611153419855 195.7473082663494 0 0 10.0 1 228
649.7193578602283 633.6755064397533 0 0 13.0 1 229
559.0565667758631 717.3736103797469 0 0 10.0 1 230
479.5470177771987 586.7652857539485 0 0 11.0 1 231
624.9073098128388 305.381280960099 0 0 13.0 1 232
489.24325161790796 305.47147498948914 0 0 11.0 1 233
551.0281792521719 129.27783786366166 0 0 13.0 1 234
409.21665331088786 538.6940997366034 0 0 13.0 1 235
376.3267174189301 216.52091211302357 0 0 12.0 1 236
137.9354443510545 654.0613482458926 0 0 10.0 1 237
137.20859849639635 473.95728020804825 0 0 12.0 1 238
580.0294427294652 289.9527385596616 0 0 10.0 1 239
399.14726253798784 206.00187413580284 0 0 12.0 1 240
232.93183576585795 351.3766671295175 0 0 10.0 1 241
526.3578624992043 80.04736196644325 0 0 13.0 1 242
539.7145657126756 159.6589087822924 0 0 10.0 1 243
619.3102968459602 677.8830575931839 0 0 12.0 1 244
541.3508993189996 443.86254964898905 0 0 13.0 1 245
281.4886855940239 501.44490306451024 0 0 11.0 1 246
349.0878610495866 597.5448154406837 0 0 12.0 1 247
620.5493380710788 679.4530183705465 0 0 13.0 1 248
535.9806274912933 516.4056224890969 0 0 13.0 1 249
501.350051384189 711.948981540928 0 0 11.0 1 250
356.11768617088785 260.7507898298762 0 0 10.0 1 251
581.9492820527013 293.1568497258409 0 0 12.0 1 252
497.9247226764082 224.46724325998707 0 0 11.0 1 253
318.4181820563835 272.93542200512917 0 0 10.0 1 254
121.46196262577178 288.5703731689232 0 0 12.0 1 255
295.2524027464693 186.2900543502663 0 0 10.0 1 256
302.95865367008395 514.380842375274 0 0 10.0 1 257
605.4034601300909 211.18681569713902 0 0 13.0 1 258
536.1667038067217 592.7553599109829 0 0 13.0 1 259
360.06891062712674 554.9371101495558 0 0 12.0 1 260
106.045910508887 405.19550492740706 0 0 11.0 1 261
538.1414614599345 67.55912311252479 0 0 12.0 1 262
89.1298814485217 252.70516169332404 0 0 10.0 1 263
636.1006928965055 453.1080296545634 0 0 11.0 1 264
473.94004533684756 512.9507401285398 0 0 11.0 1 265
296.63666609479407 271.38809851339226 0 0 11.0 1 266
565.6306257058684 428.11575765087156 0 0 12.0 1 267
154.5115180929707 664.6817055464585 0 0 11.0 1 268
556.5220537073519 65.84158441955583 0 0 13.0 1 269
85.42965627915561 439.172679910236 0 0 13.0 1 270
564.29424173368 454.1885793609237 0 0 10.0 1 271
218.58787364052327 350.6680589300072 0 0 11.0 1 272
338.35093975913674 569.1135517083667 0 0 12.0 1 273
136.91564942439703 323.4322229510793 0 0 11.0 1 274
622.8331169773783 310.8630156548584 0 0 11.0 1 275
433.9353189752685 182.6330426995704 0 0 11.0 1 276
318.8396999744822 502.82998443920883 0 0 11.0 1 277
271.4136983704757 291.881717395988 0 0 13.0 1 278
338.99194725299105 253.1701069263545 0 0 10.0 1 279
94.43946484201552 463.06155210559086 0 0 12.0 1 280
485.3547020502088 647.7066305893326 0 0 12.0 1 281
588.9590102935736 320.50476474106677 0 0 13.0 1 282
154.0384149155993 404.34725922497324 0 0 13.0 1 283
313.72783039355187 564.7820158615505 0 0 10.0 1 284
264.68799925136676 231.6353289629862 0 0 13.0 1 285
229.43901870823092 428.9473947150482 0 0 12.0 1 286
253.48866014377325 727.7429286705255 0 0 13.0 1 287
270.08133446099816 404.5978630433029 0 0 10.0 1 288
316.3281826412609 117.11481661301912 0 0 11.0 1 289
105.66880143027021 555.7502666081388 0 0 10.0 1 290
443.6531603181863 120.38705038172009 0 0 13.0 1 291
543.3975194889075 227.91527841081185 0 0 12.0 1 292
368.59033272476535 542.5813199604319 0 0 11.0 1 293
398.70770714519807 106.00284018518573 0 0 13.0 1 294
292.12627773343615 597.4544505559604 0 0 12.0 1 295
311.36890368534335 504.46783603608367 0 0 12.0 1 296
330.5158620526717 690.8142956832016 0 0 13.0 1 297
591.8290703889495 95.36643692181343 0 0 12.0 1 298
584.368239342881 178.74821509961524 0 0 12.0 1 299
139.2174191911742 334.01935475695734 0 0 10.0 1 300
438.4231583164012 678.3606669502585 0 0 13.0 1 301
327.49481257670095 703.4583954955149 0 0 10.0 1 302
229.2468830627599 498.24649131758963 0 0 12.0 1 303
244.0000000708772 399.99529748087593 0 0 13.0 1 304
542.6416306067828 410.11756975948936 0 0 12.0 1 305
512.9660081179369 220.60467952062348 0 0 12.0 1 306
248.62716440281878 104.51689617971601 0 0 13.0 1 307
539.3153012045872 492.08825576736234 0 0 10.0 1 308
547.4556956574891 548.1142053219945 0 0 13.0 1 309
531.8038688162212 725.3132954016426 0 0 12.0 1 310
320.0500309688779 146.29938421059634 0 0 12.0 1 311
274.8435008991239 355.00165855487126 0 0 10.0 1 312
562.8239523937415 466.81587032195733 0 0 11.0 1 313
340.2444568389632 89.70131314887993 0 0 10.0 1 314
558.308575619365 646.5509985487137 0 0 12.0 1 315
380.5169970344912 190.9057327532723 0 0 12.0 1 316
266.45477438163323 529.4668788321535 0 0 10.0 1 317
163.41709308481333 621.3696640363356 0 0 11.0 1 318
166.62690832194085 185.46328966672348 0 0 12.0 1 319
577.8595691642385 482.3527392180216 0 0 13.0 1 320
646.120716746731 326.01626673331907 0 0 10.0 1 321
310.06536056495327 509.8897658095973 0 0 11.0 1 322
216.3621130459833 218.77879132103828 0 0 11.0 1 323
688.867698403687 449.0352201887224 0 0 10.0 1 324
594.8917690529122 268.69044834656404 0 0 12.0 1 325
516.5167390819804 272.12173947968444 0 0 12.0 1 326
143.9468395605913 472.0609396898932 0 0 12.0 1 327
378.7542491471357 171.9876800023779 0 0 11.0 1 328
81.8940645413378 298.19325255185964 0 0 13.0 1 329
400.89399099358627 198.0019782767579 0 0 10.0 1 330
719.0746779087685 568.8560034982931 0 0 13.0 1 331
176.75476211036582 482.4958408624377 0 0 13.0 1 332
527.2041157964155 108.54998211622609 0 0 10.0 1 333
627.0686821373528 667.6580161183406 0 0 12.0 1 334
576.7020017607464 565.3493349661412 0 0 11.0 1 335
103.02764075255112 521.8540842278345 0 0 13.0 1 336
580.527234356571 183.3576272850399 0 0 11.0 1 337
339.7602376909496 157.36617911562882 0 0 10.0 1 338
315.8421378619767 132.94672022168038 0 0 10.0 1 339
491.20295094837337 191.0358362342753 0 0 13.0 1 340
123.31060455363564 641.1057412164326 0 0 10.0 1 341
395.8803207797482 532.9361810912372 0 0 13.0 1 342
82.12181066159826 337.31462097953624 0 0 11.0 1 343
462.01179820442155 278.9605978061107 0 0 11.0 1 344
181.86252402134275 216.58505629676537 0 0 10.0 1 345
547.25062593843 232.52984396991621 0 0 13.0 1 346
177.03944368026424 491.4854651056327 0 0 10.0 1 347
570.7339721359027 438.40456689896115 0 0 13.0 1 348
145.7747288087365 528.8196859479503 0 0 11.0 1 349
264.2336943128614 670.880989070969 0 0 13.0 1 350
106.60660063247957 282.62745973793244 0 0 13.0 1 351
278.9558177854537 530.507876973046 0 0 12.0 1 352
264.56197029525345 658.6900464063049 0 0 13.0 1 353
179.91450917758942 516.4619110673469 0 0 12.0 1 354
420.6473199493829 549.5817107099255 0 0 11.0 1 355
435.3625455651817 614.0992535511286 0 0 13.0 1 356
97.90898217668052 588.3534362587285 0 0 13.0 1 357
310.06536056495327 509.8897658095973 0 0 11.0 1 358
172.5164500677594 190.87746532182194 0 0 12.0 1 359
578.5916733169681 348.0287173349998 0 0 10.0 1 360
105.67138362518148 347.3533896353725 0 0 12.0 1 361
238.7074361415875 278.39116461383276 0 0 12.0 1 362
428.6301679289703 739.7959880345248 0 0 11.0 1 363
294.5873881595021 133.0595922963994 0 0 10.0 1 364
343.8168671649788 517.2324851943451 0 0 13.0 1 365
663.6858550898977 294.5212351915824 0 0 10.0 1 366
363.9985604006181 699.846454617646 0 0 10.0 1 367
612.1006060141654 327.9629752944792 0 0 12.0 1 368
577.727540858291 661.2832203193777 0 0 10.0 1 369
547.7162782152066 390.84024289362935 0 0 12.0 1 370
375.0470805226561 206.60312357859243 0 0 11.0 1 371
271.3171636515261 462.36768096788495 0 0 13.0 1 372
555.249516685341 68.5583195055757 0 0 11.0 1 373
605.9401660740805 508.98462275651605 0 0 10.0 1 374
455.6040496355138 111.30606230103945 0 0 13.0 1 375
447.4126224149343 583.9892476090353 0 0 10.0 1 376
549.3455612956768 493.1230547248062 0 0 11.0 1 377
595.3830731716431 451.27820899762725 0 0 11.0 1 378
171.24024485327416 655.5738140444166 0 0 10.0 1 379
446.58672669152617 535.1986571537198 0 0 12.0 1 380
639.6239915058981 508.39438497810335 0 0 13.0 1 381
595.5590800909569 89.44300652862648 0 0 11.0 1 382
474.7465670202876 45.80097301279659 0 0 13.0 1 383
470.44923356986703 153.88436561360365 0 0 11.0 1 384
298.92798469972723 300.2580944480133 0 0 12.0 1 385
96.444569584835 370.3503682069416 0 0 11.0 1 386
687.8086958862361 464.73912705824876 0 0 11.0 1 387
368.54764173332137 555.8581058510096 0 0 13.0 1 388
271.3309877666909 245.58081307394298 0 0 12.0 1 389
489.57657803560386 115.7817094776774 0 0 10.0 1 390
634.1248225100863 301.5034646060047 0 0 12.0 1 391
270.4150809523112 167.69901258194375 0 0 12.0 1 392
422.75300735704093 670.0431459160006 0 0 13.0 1 393
528.5911981436616 389.7382379691609 0 0 13.0 1 394
376.9028944787936 674.0283264856796 0 0 12.0 1 395
628.1295854270784 135.88280583636868 0 0 12.0 1 396
290.5600366787512 107.82386403362148 0 0 11.0 1 397
196.12950344769342 251.87565819381356 0 0 11.0 1 398
457.59487338974645 608.1798034373629 0 0 12.0 1 399
137.36216228688846 544.987469118477 0 0 11.0 1 400
633.5514128537725 385.51768133181935 0 0 12.0 1 401
637.7536577443555 557.1566041538819 0 0 10.0 1 402
497.70988992009774 558.268055563346 0 0 13.0 1 403
402.47711523234995 586.9835925960501 0 0 13.0 1 404
312.41175480427603 298.5884656287376 0 0 11.0 1 405
639.7719713446878 483.81766972114065 0 0 12.0 1 406
261.34804868104465 409.83038124621976 0 0 12.0 1 407
223.65502217121335 465.1647818577239 0 0 11.0 1 408
341.1609706700996 121.13987623269776 0 0 13.0 1 409
618.9790509301939 612.3044400235461 0 0 12.0 1 410
574.5741644320236 484.61596251807805 0 0 12.0 1 411
232.04590971525084 282.4567162419633 0 0 11.0 1 412
105.3616036447811 177.85316704210047 0 0 10.0 1 413
252.64330006341442 362.7172562195447 0 0 11.0 1 414
497.38950027947413 512.7665075956256 0 0 13.0 1 415
332.3667173746959 662.4247303158102 0 0 11.0 1 416
651.7535809249738 388.858434066403 0 0 11.0 1 417
624.2869735063864 382.1015778531875 0 0 13.0 1 418
109.34745959748994 560.4527991577812 0 0 12.0 1 419
322.4352952303162 638.7147179668481 0 0 11.0 1 420
171.72625175200037 381.77650250887905 0 0 11.0 1 421
191.2196872330249 170.84769038710508 0 0 12.0 1 422
512.7527514857762 542.8664307399986 0 0 13.0 1 423
741.5805368694791 338.9120565744896 0 0 10.0 1 424
120.5372934508199 382.66230556830396 0 0 13.0 1 425
389.3426695851663 618.7405342144639 0 0 13.0 1 426
144.47286272677525 147.8356049777238 0 0 11.0 1 427
422.8505096024908 96.8600088887867 0 0 12.0 1 428
113.28102657869601 387.30235138958466 0 0 12.0 1 429
307.74772322599864 153.71050077193092 0 0 12.0 1 430
554.2606325272433 595.4601167816463 0 0 11.0 1 431
302.3277844560401 603.8041665686309 0 0 12.0 1 432
180.78236878684686 150.66562578478278 0 0 11.0 1 433
360.71499087167433 667.1267265883131 0 0 11.0 1 434
550.6924313179042 515.7229067363014 0 0 10.0 1 435
410.1808727015084 728.8424392182915 0 0 10.0 1 436
512.2532458675986 190.1352607220821 0 0 10.0 1 437
642.990545540026 397.85645663432575 0 0 13.0 1 438
389.31012786233424 214.30744055380046 0 0 11.0 1 439
539.7735560842042 330.72263703361807 0 0 11.0 1 440
634.6079907293432 349.412544183954 0 0 11.0 1 441
171.43048648592745 510.7789578030964 0 0 10.0 1 442
501.0284563613443 285.0989512439335 0 0 12.0 1 443
641.9010081682146 585.7657187082734 0 0 10.0 1 444
262.0050663290188 83.80006596910636 0 0 10.0 1 445
60.47883146672223 418.038184991778 0 0 13.0 1 446
312.8032013325394 200.19830255439183 0 0 12.0 1 447
463.4943189183663 230.50229657870642 0 0 10.0 1 448
216.35005105230258 261.5344943622848 0 0 13.0 1 449
224.59528978545512 595.9647612060687 0 0 12.0 1 450
224.67231550762773 277.2962793940495 0 0 11.0 1 451
701.8649780754954 266.6675770433885 0 0 13.0 1 452
164.04498535605973 234.86602086675822 0 0 12.0 1 453
316.1427016553268 133.90048193517435 0 0 12.0 1 454
209.73612298944198 315.954434353077 0 0 13.0 1 455
537.7354486060709 391.4591454008165 0 0 10.0 1 456
206.0473035902489 343.5522227595548 0 0 13.0 1 457
359.1233241043887 270.2884069648162 0 0 12.0 1 458
662.9074912963185 393.0249716648462 0 0 11.0 1 459
159.05091439452838 144.76571910127922 0 0 13.0 1 460
137.7890876684583 252.19459599101063 0 0 10.0 1 461
432.1010823681323 714.3652660692564 0 0 10.0 1 462
324.38049950012123 693.4121523457214 0 0 11.0 1 463
422.69837822250037 564.4408210453485 0 0 10.0 1 464
224.00977384735288 426.67283822055913 0 0 10.0 1 465
118.16484361973801 202.75663603529452 0 0 11.0 1 466
151.1453649365158 507.295715699277 0 0 11.0 1 467
116.54496907154595 382.41462421927974 0 0 13.0 1 468
142.91395181242342 226.77539485599894 0 0 12.0 1 469
475.8555418571827 186.04921881527704 0 0 11.0 1 470
531.9409463477097 337.4893074996701 0 0 10.0 1 471
561.2331950671753 384.25653124530015 0 0 10.0 1 472
340.1946090211108 272.31164810421353 0 0 10.0 1 473
255.93731763440658 722.2653309768677 0 0 13.0 1 474
70.00000014993253 399.9900523633914 0 0 10.0 1 475
593.7098857903447 543.3787995035932 0 0 13.0 1 476
346.1327329480927 284.98992417897244 0 0 13.0 1 477
553.6298690350044 327.21357722564323 0 0 10.0 1 478
534.5404829100706 507.1581002926283 0 0 12.0 1 479
599.3529731727064 514.7100348147546 0 0 13.0 1 480
139.63197339408288 437.1145621197451 0 0 11.0 1 481
452.3162318818391 685.2420233445374 0 0 12.0 1 482
544.2710267657123 687.8712747669817 0 0 13.0 1 483
689.5911210075974 415.3942402723569 0 0 13.0 1 484
147.8567670868986 608.2133283344981 0 0 13.0 1 485
563.670588549146 592.9272879713394 0 0 11.0 1 486
275.9346871412453 677.5316164786623 0 0 10.0 1 487
347.2188115543658 553.1605241120128 0 0 13.0 1 488
591.631928495403 388.1170718620056 0 0 10.0 1 489
186.98505622422059 250.92071328249006 0 0 11.0 1 490
516.1722794411755 348.68721904397074 0 0 11.0 1 491
538.4899114406711 462.64618447403694 0 0 10.0 1 492
536.0047178380671 304.82270898061995 0 0 12.0 1 493
588.4450999343632 257.9280312280853 0 0 11.0 1 494
199.81435260575807 486.3116827396399 0 0 12.0 1 495
606.2496210040429 102.50194313964226 0 0 11.0 1 496
368.00907759314885 152.05528663922107 0 0 11.0 1 497
525.410209636558 530.5116060697844 0 0 12.0 1 498
296.8118316444974 319.29558926900927 0 0 12.0 1 499
651.0558090380727 188.91949225890417 0 0 10.0 1 500
139.816556975671 188.97967876053795 0 0 10.0 1 501
103.9419072940791 376.3651582757078 0 0 10.0 1 502
335.7320515601771 632.2727508842487 0 0 11.0 1 503
634.0009786480603 273.5107040427925 0 0 10.0 1 504
295.9985840907543 740.469830512003 0 0 10.0 1 505
501.5974103869267 306.6085324953591 0 0 12.0 1 506
313.3488208836755 637.6984921234265 0 0 11.0 1 507
661.9589468656951 404.6379043776184 0 0 13.0 1 508
575.0889780268551 496.6635907335925 0 0 12.0 1 509
613.5204376313105 630.2281970431372 0 0 13.0 1 510
311.6725684854374 91.39140510666226 0 0 12.0 1 511
509.79681271130323 465.79255215021686 0 0 13.0 1 512
573.6782066615615 228.61773565848793 0 0 11.0 1 513
285.05510444672984 210.07456466747846 0 0 13.0 1 514
268.2922708217284 334.7154376999963 0 0 11.0 1 515
233.94063402499035 417.6999144624432 0 0 13.0 1 516
385.468956035306 542.2597931999626 0 0 12.0 1 517
590.7699143200643 171.06586145724077 0 0 12.0 1 518
253.93246037195303 719.1633968158143 0 0 11.0 1 519
165.33073303386524 586.8965894327047 0 0 11.0 1 520
153.45117026509686 207.1719041312969 0 0 11.0 1 521
173.18415180560663 497.793512094913 0 0 12.0 1 522
234.15648193687642 236.33898596047254 0 0 10.0 1 523
448.6796376676223 203.95334005255532 0 0 12.0 1 524
476.32153259723987 634.9128001238087 0 0 11.0 1 525
662.327965169329 463.9064839442707 0 0 10.0 1 526
605.7885423352045 471.9379999968845 0 0 13.0 1 527
709.9377984733487 364.1871380996456 0 0 11.0 1 528
523.4676877514861 524.0190714418615 0 0 12.0 1 529
547.6018124937195 165.60139729817314 0 0 13.0 1 530
665.6769650886079 474.7780062672617 0 0 11.0 1 531
542.7573519911891 228.6835137750493 0 0 11.0 1 532
186.45096706081736 570.0758963837612 0 0 10.0 1 533
284.4663577674351 54.82181773397423 0 0 11.0 1 534
252.52044003019876 355.66288923357996 0 0 13.0 1 535
600.6225348574762 304.94949496525174 0 0 12.0 1 536
312.3213365463278 640.517051318566 0 0 10.0 1 537
323.1969094708303 748.6406248347547 0 0 12.0 1 538
525.0337997021923 415.5739825360142 0 0 10.0 1 539
123.34635089391764 546.3958962412836 0 0 10.0 1 540
705.096724159968 575.556227194755 0 0 10.0 1 541
196.30973360278466 517.1975911656526 0 0 11.0 1 542
344.858340562339 551.2626768058169 0 0 13.0 1 543
623.2928479738257 446.09017296276903 0 0 11.0 1 544
46.802011846220296 330.3495788661513 0 0 12.0 1 545
365.1481774069314 558.2066700930819 0 0 12.0 1 546
338.03630656974656 552.9231856079437 0 0 11.0 1 547
489.8259135755224 224.67086593973383 0 0 10.0 1 548
363.08274322762867 239.18297306440837 0 0 12.0 1 549
710.8457272971427 527.5575706146459 0 0 11.0 1 550
568.6963964235927 421.0125161200192 0 0 11.0 1 551
723.7865597292438 513.1868532061072 0 0 10.0 1 552
729.7729155901077 347.0299693864567 0 0 11.0 1 553
321.2790010388284 105.33408014744015 0 0 13.0 1 554
442.04089074141933 685.9258006995312 0 0 10.0 1 555
522.1321652036154 506.4318289924438 0 0 13.0 1 556
265.37985205472864 177.5648054664162 0 0 11.0 1 557
411.0702047492926 122.22050009619369 0 0 13.0 1 558
628.8212838508978 182.06234823503559 0 0 11.0 1 559
657.4253610099729 548.1255666955745 0 0 13.0 1 560
388.7392149394824 117.22412634770126 0 0 11.0 1 561
475.5167081596388 716.1047718537826 0 0 10.0 1 562
616.17236786588 475.56789907929607 0 0 11.0 1 563
682.9556563472966 405.009644804832 0 0 10.0 1 564
415.07638516708045 709.6331742728705 0 0 10.0 1 565
376.0637392138035 143.11275738259172 0 0 10.0 1 566
723.766746930196 336.1635403375274 0 0 12.0 1 567
218.07895646937055 87.0323756029598 0 0 10.0 1 568
201.09496490102438 296.9816180855316 0 0 10.0 1 569
248.2672513019647 244.86724081439516 0 0 12.0 1 570
307.99330369447216 627.0677604481587 0 0 13.0 1 571
463.4250267299074 198.75819026775144 0 0 12.0 1 572
244.80830881441895 341.0802326297935 0 0 13.0 1 573
753.9368727881354 460.0806964087077 0 0 11.0 1 574
116.43364484003371 274.7397819685282 0 0 13.0 1 575
38.212430059349515 351.68070534001004 0 0 12.0 1 576
504.8227588059289 501.6276991588123 0 0 10.0 1 577
405.487435552965 152.06071700706227 0 0 13.0 1 578
545.2256797351192 717.3491798405545 0 0 11.0 1 579
336.58103960313247 198.75627845276625 0 0 11.0 1 580
223.32126599158335 710.2154492432367 0 0 13.0 1 581
548.4970069701332 492.59394645932434 0 0 10.0 1 582
553.8913519819733 681.7063218764541 0 0 11.0 1 583
64.0524691530137 405.9377199170366 0 0 11.0 1 584
313.073718470941 573.4353527385082 0 0 10.0 1 585
207.21351067537637 463.579631438746 0 0 10.0 1 586
280.3892180422216 144.623296208427 0 0 12.0 1 587
543.401332380264 447.29754614739585 0 0 12.0 1 588
560.2232065894076 659.5255749829062 0 0 10.0 1 589
612.3425468593459 498.319086617434 0 0 11.0 1 590
547.3563788128869 616.6335560875854 0 0 11.0 1 591
537.9514593113763 396.3400992005657 0 0 12.0 1 592
517.4723099003761 323.8405855677055 0 0 13.0 1 593
393.3817491487791 535.8388705624068 0 0 13.0 1 594
695.5801835554446 240.2240472119484 0 0 11.0 1 595
627.256512105472 167.66516037052148 0 0 10.0 1 596
185.0000000976833 399.9935189640277 0 0 10.0 1 597
147.3528216276093 636.4009375202844 0 0 13.0 1 598
106.47091666712413 300.2970550196154 0 0 12.0 1 599
287.6056695785993 456.95186115593594 0 0 11.0 1 600
679.6387573741004 567.5654062575836 0 0 11.0 1 601
255.0724609832945 424.59691920874036 0 0 10.0 1 602
55.929220780217975 452.1468971952504 0 0 11.0 1 603
624.1188677687123 293.817453835056 0 0 11.0 1 604
240.0874795851053 549.6294951356713 0 0 13.0 1 605
412.99614423693544 595.5686586213976 0 0 11.0 1 606
652.5743525845937 447.4889083520915 0 0 10.0 1 607
343.8410215159685 155.36318932828183 0 0 12.0 1 608
383.0301794258469 566.1355626880683 0 0 10.0 1 609
142.3561822447857 329.93814752293576 0 0 10.0 1 610
240.28713738053003 473.944584074118 0 0 13.0 1 611
232.03419658992732 581.0980090581031 0 0 11.0 1 612
263.8124160877736 332.4948743564587 0 0 12.0 1 613
115.7935293950805 292.09873927383876 0 0 10.0 1 614
381.34455579120095 232.0328174869496 0 0 11.0 1 615
367.4592284227071 191.5243463011701 0 0 13.0 1 616
53.72428939795009 490.86876386880897 0 0 11.0 1 617
412.7655606275056 178.36732988599022 0 0 13.0 1 618
295.4707816177599 220.17329868899347 0 0 12.0 1 619
717.9890868823879 374.62401482296366 0 0 10.0 1 620
480.9045474656743 283.3018671984232 0 0 12.0 1 621
66.03800484335676 468.9230425256618 0 0 11.0 1 622
347.81147663048137 223.55636019252717 0 0 12.0 1 623
419.95333706261357 185.9278992020078 0 0 13.0 1 624
705.9634762172406 576.0549664765583 0 0 13.0 1 625
233.99222130376015 193.44149155181177 0 0 10.0 1 626
186.43456447277578 541.1587926700531 0 0 11.0 1 627
540.3802292638068 714.0531662503039 0 0 11.0 1 628
560.8630775839201 596.5682331157038 0 0 10.0 1 629
605.1611200512768 503.9659310510206 0 0 12.0 1 630
549.1113434751513 329.3543543660655 0 0 13.0 1 631
458.0018766996234 267.1061239209207 0 0 11.0 1 632
124.65472675973524 619.2919982677067 0 0 13.0 1 633
296.1504845820002 643.8037697564306 0 0 12.0 1 634
253.20855825989608 624.223711127663 0 0 10.0 1 635
276.45214248244446 251.7268503645323 0 0 12.0 1 636
602.0195350991265 247.69403347756602 0 0 11.0 1 637
151.23012941448013 496.96675455466016 0 0 12.0 1 638
208.23337424437048 606.7596702606684 0 0 11.0 1 639
249.66424573333822 240.75126063584088 0 0 13.0 1 640
255.09071920649794 405.1283857021455 0 0 13.0 1 641
321.37787260419225 286.5867684802281 0 0 13.0 1 642
139.46633799731597 217.6645647070455 0 0 12.0 1 643
230.42567104875963 412.0227684306285 0 0 10.0 1 644
136.70988899926112 186.4600331337981 0 0 13.0 1 645
490.5382728300244 83.70295424560783 0 0 10.0 1 646
310.3133857187123 693.6074100201824 0 0 13.0 1 647
347.03798769366466 760.1264017709109 0 0 12.0 1 648
415.1842705625419 628.4960348178574 0 0 11.0 1 649
375.55599432015293 566.2121854327281 0 0 11.0 1 650
467.3327297985747 186.3594057818783 0 0 13.0 1 651
556.7972584277932 322.2850094928408 0 0 11.0 1 652
243.55158395171026 726.4473818488689 0 0 10.0 1 653
165.7205053268353 331.8155562046108 0 0 10.0 1 654
359.43551038811273 85.60610345853229 0 0 12.0 1 655
257.54692907047513 446.98002323060047 0 0 12.0 1 656
74.9278936809099 540.1575031643692 0 0 13.0 1 657
463.55083877972754 565.1977327035486 0 0 13.0 1 658
688.0841570815364 377.0104711092053 0 0 12.0 1 659
202.4601845040979 437.1351759635653 0 0 11.0 1 660
345.72835162272924 118.1780913725587 0 0 10.0 1 661
538.5719210678121 426.0542259830541 0 0 12.0 1 662
176.88754534170684 632.1741427815575 0 0 11.0 1 663
437.09796736693124 521.4608612567938 0 0 13.0 1 664
206.2423321092429 483.540206688367 0 0 12.0 1 665
192.4545288931145 705.0997827318481 0 0 12.0 1 666
219.45321446956171 412.8007122702574 0 0 13.0 1 667
692.4688261345752 532.2988501063543 0 0 10.0 1 668
170.18872570184718 484.9221891230976 0 0 11.0 1 669
633.3589168981862 129.82854350597023 0 0 12.0 1 670
254.9947645253051 654.6025955973903 0 0 13.0 1 671
195.96563996795155 449.69889260650007 0 0 12.0 1 672
575.4158032805177 137.15918132936292 0 0 10.0 1 673
604.7241293430948 700.9718107476376 0 0 13.0 1 674
570.561677789263 248.69661580218494 0 0 10.0 1 675
230.95038379090272 452.4521425640261 0 0 10.0 1 676
468.4332727274079 739.164985197199 0 0 12.0 1 677
571.1755483425461 541.3609976253305 0 0 11.0 1 678
130.72921327475996 599.294363734578 0 0 12.0 1 679
567.6263016210651 346.35838364810667 0 0 13.0 1 680
530.6694664567059 526.6865838829029 0 0 11.0 1 681
72.52659629913569 255.34465143462288 0 0 13.0 1 682
246.3937490970512 222.15141360263686 0 0 10.0 1 683
541.1699611398623 346.40856344741474 0 0 10.0 1 684
536.0484467893644 250.685499276857 0 0 12.0 1 685
227.43754875847216 356.3399447834142 0 0 11.0 1 686
462.35389977083224 509.4896852829937 0 0 13.0 1 687
645.6105284426201 311.7023878118048 0 0 13.0 1 688
82.56039599414737 459.6749345086149 0 0 13.0 1 689
172.0077067985453 688.8659104857164 0 0 11.0 1 690
529.495302775586 369.66904948638546 0 0 13.0 1 691
161.95670477052207 622.7361434439673 0 0 11.0 1 692
349.4599860890463 565.453035613979 0 0 12.0 1 693
211.92015289746476 534.1155140686079 0 0 12.0 1 694
429.53523913289206 613.9711888300919 0 0 11.0 1 695
61.661261329813385 314.396858030402 0 0 12.0 1 696
645.151515211847 581.4544972970787 0 0 10.0 1 697
268.25112358099966 300.66605030337826 0 0 12.0 1 698
352.59276206938137 598.4151047470674 0 0 11.0 1 699
572.5558931126253 599.8010604378871 0 0 13.0 1 700
363.5217201410236 703.8179308377473 0 0 12.0 1 701
260.021862147089 402.4740499654319 0 0 12.0 1 702
534.3509216449862 309.48022396656756 0 0 12.0 1 703
446.7641286270791 738.7877156476457 0 0 12.0 1 704
499.3154989085792 262.02742418676087 0 0 13.0 1 705
500.00323568900586 170.8726274498633 0 0 11.0 1 706
287.04331301696095 299.7912834838419 0 0 13.0 1 707
473.9834097225744 102.04789800066578 0 0 10.0 1 708
113.2150494153816 435.71263247336975 0 0 12.0 1 709
513.3768202868603 295.78053626293695 0 0 10.0 1 710
574.0235071392644 478.71987654303325 0 0 10.0 1 711
189.65574569608813 583.2929204342907 0 0 13.0 1 712
320.13155312417956 517.4096724875947 0 0 12.0 1 713
455.4991604066213 524.1605540989574 0 0 10.0 1 714
184.583370619808 559.4354909876624 0 0 11.0 1 715
248.7275022395786 422.92665307722217 0 0 13.0 1 716
626.8577353987932 408.035414720541 0 0 11.0 1 717
643.3806430319565 371.8777206231191 0 0 10.0 1 718
532.2804235644714 464.11621902143025 0 0 12.0 1 719
380.7622884626691 689.3612110404683 0 0 12.0 1 720
413.3795747014584 222.50355783619747 0 0 10.0 1 721
483.4000142169979 642.0339596598059 0 0 11.0 1 722
717.537191692764 272.97979730817315 0 0 12.0 1 723
741.4367565821289 489.6099394859526 0 0 10.0 1 724
698.9764491381372 442.6272549051762 0 0 12.0 1 725
128.91649684830134 500.1735210472458 0 0 10.0 1 726
619.2251471370346 150.6722340718035 0 0 12.0 1 727
474.2783161556102 178.10197894283235 0 0 13.0 1 728
485.1422771965388 297.82469655641955 0 0 12.0 1 729
450.36019430970964 224.06577698159947 0 0 12.0 1 730
466.6835583957792 109.55671286862781 0 0 10.0 1 731
96.33664635972804 600.7101583277317 0 0 11.0 1 732
445.0888815615456 256.9371020860792 0 0 12.0 1 733
265.89276591381224 384.50000755637507 0 0 11.0 1 734
458.9042307322288 561.5991695580282 0 0 11.0 1 735
426.38331865287586 49.992970789355695 0 0 10.0 1 736
203.04556249747114 212.40216006557418 0 0 10.0 1 737
242.71182661385794 357.2281574765488 0 0 11.0 1 738
675.2500066391353 311.91802769490243 0 0 11.0 1 739
67.00000015129558 399.9899619303313 0 0 12.0 1 740
427.30250663010236 225.11840253556346 0 0 11.0 1 741
669.4541454436028 578.1108180410661 0 0 11.0 1 742
366.5077901402444 40.5569977330062 0 0 12.0 1 743
216.1910215881884 296.38890283755234 0 0 12.0 1 744
230.1909407605969 249.35510828365636 0 0 11.0 1 745
530.2327109890714 465.9957649280392 0 0 12.0 1 746
583.6472648080946 388.61219386775537 0 0 12.0 1 747
357.80499019550206 686.9138915207807 0 0 13.0 1 748
290.68130152664077 495.25976151602924 0 0 12.0 1 749
222.56660422897863 118.20860540966817 0 0 13.0 1 750
440.00430779892844 672.0747238490349 0 0 11.0 1 751
613.0110730637485 512.7265840528771 0 0 12.0 1 752
525.4242250528748 591.5979221439675 0 0 10.0 1 753
233.02746180691776 477.30570153203246 0 0 10.0 1 754
388.7100426655643 631.7251321358705 0 0 10.0 1 755
178.7825008289642 306.9257390009849 0 0 10.0 1 756
652.8414407748666 408.95577059161616 0 0 11.0 1 757
554.2891067402569 134.5873561013085 0 0 10.0 1 758
227.9552584891545 362.8973462072273 0 0 13.0 1 759
412.01802779796697 191.34581957735116 0 0 10.0 1 760
495.14673602614573 647.3299387934485 0 0 12.0 1 761
272.3932574535006 300.19759894335493 0 0 11.0 1 762
347.9528453649805 190.3643787559033 0 0 11.0 1 763
551.5715228918217 293.9289226591246 0 0 13.0 1 764
264.8844018620423 124.33212893080571 0 0 12.0 1 765
401.2568982286064 116.00278133960023 0 0 10.0 1 766
196.4036393538359 574.2771411621073 0 0 11.0 1 767
467.1672419087829 210.55459463379157 0 0 13.0 1 768
415.7843741074675 587.3362045468934 0 0 10.0 1 769
308.112332977703 140.8057549844143 0 0 11.0 1 770
567.761682716763 694.5793913566258 0 0 13.0 1 771
299.35652265307385 508.51216737084724 0 0 12.0 1 772
747.8274501134065 484.7352638964775 0 0 11.0 1 773
152.21747976289527 554.492144347047 0 0 13.0 1 774
667.6572280837543 598.1126150817284 0 0 10.0 1 775
182.87044717015547 589.2055952870098 0 0 11.0 1 776
274.7842402216516 201.1382050188349 0 0 12.0 1 777
362.5038096295659 767.0899558796239 0 0 11.0 1 778
534.2787919768103 378.4313647801141 0 0 12.0 1 779
374.93360380725716 256.1678902959828 0 0 13.0 1 780
311.3104770163377 672.9526854840055 0 0 10.0 1 781
423.3407234142339 677.0184301278531 0 0 12.0 1 782
692.8416868230805 210.14545973663724 0 0 13.0 1 783
392.99682625211625 224.13938599715695 0 0 12.0 1 784
216.46072631159865 413.0128787719744 0 0 12.0 1 785
284.01956484715083 208.3635247095278 0 0 11.0 1 786
403.5845345144368 238.0396619159036 0 0 10.0 1 787
225.49054837226402 128.1996113089849 0 0 10.0 1 788
588.7977177491613 206.98336400012553 0 0 11.0 1 789
218.26746588483016 288.9041582952871 0 0 10.0 1 790
260.1295137932708 324.3875202873681 0 0 13.0 1 791
558.4963898639676 202.79986206878758 0 0 12.0 1 792
401.04446472518 164.00231125403397 0 0 11.0 1 793
685.7915421764394 435.59767436803253 0 0 10.0 1 794
351.11173180093914 86.79250131502806 0 0 11.0 1 795
530.8152994896388 406.95394991613364 0 0 11.0 1 796
501.6730381965854 192.57870576077372 0 0 13.0 1 797
227.3336283677384 421.501723357669 0 0 11.0 1 798
87.75967405882443 587.0881579794628 0 0 10.0 1 799
725.6482793784131 256.16259826498884 0 0 11.0 1 800
456.21080568006016 221.64825393397876 0 0 13.0 1 801
434.32104177016623 648.6424462794125 0 0 13.0 1 802
663.445799047705 283.6371581469573 0 0 13.0 1 803
565.1366555142716 237.04637160970984 0 0 12.0 1 804
672.9705682972884 290.8071941772015 0 0 10.0 1 805
430.799636459997 586.4735434154991 0 0 13.0 1 806
622.70293610342 608.3948229945169 0 0 13.0 1 807
447.03760306349477 740.7689303590354 0 0 11.0 1 808
408.00988576682795 38.088627244179634 0 0 13.0 1 809
522.9526678309422 607.2767268008013 0 0 11.0 1 810
452.8083347347338 661.7255810625784 0 0 10.0 1 811
392.3111497463757 557.8128055063255 0 0 13.0 1 812
334.6001294918861 524.9153991208527 0 0 13.0 1 813
375.80617873073027 78.91020101474629 0 0 11.0 1 814
267.43847849483024 354.97286355724566 0 0 12.0 1 815
76.56442891864162 491.024344871444 0 0 13.0 1 816
49.66717538971125 365.78140855358504 0 0 10.0 1 817
372.8716977989902 189.74288307005946 0 0 12.0 1 818
595.7438804587272 206.8437594511647 0 0 10.0 1 819
550.0887706711499 93.80666088495167 0 0 11.0 1 820
512.0116667435656 623.5025425209485 0 0 13.0 1 821
577.7848595705836 605.855638026914 0 0 11.0 1 822
233.68448620583376 283.60347998594415 0 0 11.0 1 823
681.1590770346595 359.9303930513608 0 0 11.0 1 824
536.9141398662321 404.8495674745115 0 0 11.0 1 825
355.75320844758204 250.40647929366435 0 0 11.0 1 826
756.4966558610769 418.9508406111428 0 0 10.0 1 827
368.40680466694397 628.8293469130377 0 0 13.0 1 828
749.3007737712037 443.5082686720398 0 0 10.0 1 829
206.07720227770048 314.33817347525155 0 0 12.0 1 830
546.766044340159 350.15295165466193 0 0 11.0 1 831
36.155038066437385 455.14384530992 0 0 12.0 1 832
519.4420087572707 139.03523888458028 0 0 11.0 1 833
277.19922574731584 703.0659496593792 0 0 10.0 1 834
667.8263856972446 554.1104380772139 0 0 13.0 1 835
313.3934229910266 603.3231438346081 0 0 10.0 1 836
399.2879202636806 238.0015650000003 0 0 11.0 1 837
727.6388057694774 508.0639299394144 0 0 10.0 1 838
259.3132979808985 730.2851069530514 0 0 11.0 1 839
738.1625274828145 457.4030052038628 0 0 12.0 1 840
667.9076826099563 583.9849819919086 0 0 11.0 1 841
119.29575716483157 228.40125858755613 0 0 10.0 1 842
214.89145371341138 255.22491204745936 0 0 13.0 1 843
344.06497608519857 653.9119396555636 0 0 10.0 1 844
642.8117544796111 279.6527861289134 0 0 10.0 1 845
560.17088521725 505.8739227984046 0 0 13.0 1 846
543.417351314025 518.4375926050066 0 0 13.0 1 847
427.2028575043589 722.8560120914547 0 0 13.0 1 848
271.90618386081894 126.51147324448567 0 0 12.0 1 849
331.81715627877486 530.2309480196125 0 0 11.0 1 850
544.504788905682 473.2281775228928 0 0 10.0 1 851
243.87983702941222 493.5440789897314 0 0 10.0 1 852
550.3060109659522 511.25242949034 0 0 10.0 1 853
160.27427305941572 474.38128691282793 0 0 12.0 1 854
137.6701085302234 463.8985762083572 0 0 12.0 1 855
287.03847436356165 346.4771663129811 0 0 10.0 1 856
491.15324743395047 680.5638705932126 0 0 11.0 1 857
318.56287185853387 226.12649954616307 0 0 12.0 1 858
221.66304595429074 250.050239007531 0 0 13.0 1 859
664.302237619806 200.73804379871288 0 0 11.0 1 860
472.0978427712663 577.9491530402147 0 0 13.0 1 861
276.26496329030715 592.6931256958871 0 0 10.0 1 862
122.80210095187527 439.51360225676285 0 0 11.0 1 863
495.8992845261471 614.5421339209925 0 0 12.0 1 864
184.33224904237576 187.17044097005657 0 0 13.0 1 865
350.26887785709613 608.1413353719236 0 0 12.0 1 866
606.9919462007629 398.1740186144256 0 0 10.0 1 867
276.1863125460297 360.3746192567118 0 0 12.0 1 868
414.8975169311024 524.1090810105671 0 0 12.0 1 869
437.57406796795465 280.780918405066 0 0 12.0 1 870
574.7237113016618 549.5714702373871 0 0 12.0 1 871
610.8339571916458 451.36187783669163 0 0 11.0 1 872
470.3394228852202 719.345213817546 0 0 11.0 1 873
505.2945852221376 477.9361939210403 0 0 11.0 1 874
570.5222399674151 535.8166619987963 0 0 13.0 1 875
514.8880932569341 494.8774263341182 0 0 12.0 1 876
132.74893848469657 650.0657315966014 0 0 12.0 1 877
694.4483509636354 583.6005681222031 0 0 11.0 1 878
615.9349277068359 497.67859026543914 0 0 10.0 1 879
333.0653317079023 641.9106243649229 0 0 10.0 1 880
325.22440299717505 296.11251233728325 0 0 12.0 1 881
381.89001638037473 672.3986572898202 0 0 11.0 1 882
411.2829721250408 631.7254723590515 0 0 10.0 1 883
305.4147654249881 117.40907056242946 0 0 10.0 1 884
257.94567056055666 383.5814894856418 0 0 12.0 1 885
142.08464197956027 226.21660580714735 0 0 10.0 1 886
191.78432564878304 601.8569616200243 0 0 11.0 1 887
300.97391015947727 197.96328667567192 0 0 13.0 1 888
418.8949408875716 585.0377831926636 0 0 11.0 1 889
513.7062796228448 470.90050757456834 0 0 12.0 1 890
455.2565845839738 267.0236492450099 0 0 11.0 1 891
306.6751360938467 687.2185052828211 0 0 10.0 1 892
330.9806388951288 688.8690495582305 0 0 10.0 1 893
322.0994759921221 241.06445218486192 0 0 11.0 1 894
235.20122284894853 608.7998157315233 0 0 12.0 1 895
595.6242603390573 387.86951085913074 0 0 13.0 1 896
750.621980146846 431.1163467956111 0 0 13.0 1 897
547.9942417280818 398.6944674151449 0 0 10.0 1 898
580.1234362233808 327.9476043210105 0 0 10.0 1 899
398.2341926193331 532.9882773942666 0 0 12.0 1 900
242.32292897296315 432.5413778493594 0 0 13.0 1 901
176.24110997603665 310.48486644570164 0 0 13.0 1 902
671.7952651546125 471.33255806105575 0 0 10.0 1 903
106.4283141005663 234.51687325239396 0 0 11.0 1 904
575.9931523252864 398.4474747639561 0 0 10.0 1 905
550.2060046543836 304.4900205959226 0 0 13.0 1 906
449.90908464585925 761.5716848286277 0 0 11.0 1 907
282.05685051037295 742.2475909169668 0 0 13.0 1 908
363.3270743209663 621.9912082091092 0 0 10.0 1 909
550.9372490281856 458.8383111229704 0 0 12.0 1 910
511.2847296995203 476.42453098125435 0 0 13.0 1 911
353.7116236830012 629.3760803090329 0 0 10.0 1 912
259.06107772554515 471.41582589395136 0 0 13.0 1 913
97.90898217668052 588.3534362587285 0 0 12.0 1 914
651.9113604816437 393.3167028879895 0 0 10.0 1 915
684.9033093647629 493.96863472992555 0 0 13.0 1 916
645.124569237597 535.3290270270295 0 0 10.0 1 917
261.2011266458663 506.5827038295762 0 0 10.0 1 918
114.00952084921636 453.7628666935199 0 0 10.0 1 919
36.728747208081245 364.51765375584813 0 0 10.0 1 920
249.4016230612125 464.9317246298208 0 0 10.0 1 921
677.4135145041178 540.5800198124671 0 0 10.0 1 922
464.4020837837198 252.44197207771197 0 0 11.0 1 923
415.10839615164684 199.56862429817804 0 0 10.0 1 924
266.69843725655323 595.9583970391545 0 0 13.0 1 925
158.00000010995052 399.992705066487 0 0 12.0 1 926
352.7575782431052 537.0881234335917 0 0 13.0 1 927
539.6090788941563 138.9917528308248 0 0 11.0 1 928
223.06762378714183 361.84329354265986 0 0 13.0 1 929
335.92547289352865 527.8415228948797 0 0 11.0 1 930
579.1762226217427 290.4742895617485 0 0 13.0 1 931
186.75843006099507 606.7293710384387 0 0 13.0 1 932
336.30402917062565 715.6371703397804 0 0 13.0 1 933
51.522641196643235 449.6742428370733 0 0 12.0 1 934
458.4789419603831 235.0599704523061 0 0 11.0 1 935
261.6363525954097 603.3998551545654 0 0 12.0 1 936
555.9220513890195 556.618370220865 0 0 12.0 1 937
348.5844083767346 276.25656810145597 0 0 12.0 1 938
563.4925262464873 614.8725060624129 0 0 13.0 1 939
648.4891842806321 364.58636850666045 0 0 12.0 1 940
231.91324985297976 320.3580234737159 0 0 11.0 1 941
538.9838883424923 703.7095302772068 0 0 12.0 1 942
546.7093434835876 435.7402928725366 0 0 12.0 1 943
400.7346658660164 234.00162571258323 0 0 13.0 1 944
434.4144203889277 570.5627382205568 0 0 10.0 1 945
556.7362146436399 516.0118917145256 0 0 11.0 1 946
175.98906628332327 370.0817517995679 0 0 12.0 1 947
248.981162604071 455.80600999517844 0 0 11.0 1 948
597.7287630888995 546.3534633937093 0 0 13.0 1 949
295.94603752093815 552.9633057056692 0 0 13.0 1 950
553.6401994524008 215.6235125830127 0 0 13.0 1 951
593.96128314812 664.5052374519923 0 0 13.0 1 952
672.953490155177 538.3198908765753 0 0 12.0 1 953
715.074294167746 320.29310472301233 0 0 10.0 1 954
104.78686399843554 336.3352190601286 0 0 12.0 1 955
103.88266488748002 533.9385077035708 0 0 12.0 1 956
734.8432118867634 308.9559257647367 0 0 11.0 1 957
447.663080329869 192.40127463428766 0 0 13.0 1 958
457.36228589375094 747.2946417050565 0 0 10.0 1 959
472.9587892619635 244.24052173486072 0 0 13.0 1 960
577.972108939289 403.1509426687636 0 0 10.0 1 961
607.9572313460558 454.5782917549003 0 0 13.0 1 962
568.9934246759851 398.5092229267533 0 0 11.0 1 963
255.50972460594812 257.4112195277937 0 0 10.0 1 964
316.3452158076566 267.1433965444982 0 0 10.0 1 965
449.29717717395647 243.5845649474466 0 0 11.0 1 966
206.12726787516812 674.4255158298024 0 0 11.0 1 967
299.45870839827984 265.4063571967165 0 0 11.0 1 968
293.46060434117834 216.71509289455105 0 0 13.0 1 969
315.140905133423 306.8606741573395 0 0 12.0 1 970
489.058739408219 721.9076590188854 0 0 12.0 1 971
568.1756036375883 533.9476253657854 0 0 12.0 1 972
607.6279698192005 431.47421402922 0 0 13.0 1 973
488.8912869907193 174.91703952290484 0 0 13.0 1 974
514.8492465243519 294.42703673388417 0 0 13.0 1 975
316.11696832006305 86.0117247472723 0 0 11.0 1 976
340.0184816412386 239.86500240304252 0 0 11.0 1 977
526.3578624992043 80.04736196644325 0 0 11.0 1 978
526.8758126090146 394.3850044699729 0 0 12.0 1 979
280.64546929818135 186.03856422021133 0 0 11.0 1 980
605.550533148619 313.524695303697 0 0 12.0 1 981
504.77221481223825 176.3221445843639 0 0 13.0 1 982
279.82798849890236 696.5782993608602 0 0 11.0 1 983
693.0365196850616 441.78035580109986 0 0 12.0 1 984
275.22099664554753 570.1505225436276 0 0 11.0 1 985
280.6419356931073 453.9875215666701 0 0 11.0 1 986
381.50594404493495 581.0579186181342 0 0 10.0 1 987
765.3173017016163 341.32062476942804 0 0 13.0 1 988
291.2913591528484 178.2085858172932 0 0 13.0 1 989
470.1724488129567 693.7342803072072 0 0 12.0 1 990
70.76017437285043 521.6640342130909 0 0 12.0 1 991
513.6315299375524 617.0550054802956 0 0 13.0 1 992
751.4872503908759 317.6731343201891 0 0 11.0 1 993
326.5297493695877 553.3040191002976 0 0 10.0 1 994
633.6947859388447 685.5656614948612 0 0 12.0 1 995
686.0964293600142 366.9419736304421 0 0 10.0 1 996
328.0299978292588 281.0827229224302 0 0 11.0 1 997
646.8255245544533 514.2854340168464 0 0 13.0 1 998
596.1709682792842 495.08391664402586 0 0 10.0 1 999
414.0212259358887 566.4103519113362 0 0 13.0 1 1000
394.8271697008868 566.9198664829821 0 0 12.0 1 1001
556.9938915628975 398.6150769201199 0 0 13.0 1 1002
470.8430611177213 200.18693563365082 0 0 10.0 1 1003
545.1622115197505 305.8887235943789 0 0 10.0 1 1004
95.13011497757651 531.4471498603689 0 0 13.0 1 1005
171.29548398651366 424.3771277027661 0 0 10.0 1 1006
141.5440293438291 277.5397565241008 0 0 12.0 1 1007
356.9319899926504 692.8500410005211 0 0 12.0 1 1008
403.7222961512852 680.9753450240112 0 0 12.0 1 1009
361.3702798399511 178.34092682600084 0 0 12.0 1 1010
271.2047285737509 104.88006157116592 0 0 11.0 1 1011
561.9760288544549 478.5096559446085 0 0 13.0 1 1012
652.5572552050071 620.0905105707943 0 0 11.0 1 1013
202.99509929005154 306.65617804983907 0 0 13.0 1 1014
364.06635176535906 169.78754828517836 0 0 10.0 1 1015
573.6567097171051 365.7604443628556 0 0 10.0 1 1016
496.1753464771132 541.3906034006759 0 0 11.0 1 1017
327.9571470877297 156.43106243968427 0 0 11.0 1 1018
219.17723279004872 391.99207526660217 0 0 12.0 1 1019
262.66080259798196 342.2163962964448 0 0 11.0 1 1020
382.27974492184677 209.82378550416672 0 0 12.0 1 1021
414.8332176643856 704.6390908168565 0 0 11.0 1 1022
567.1252948614839 472.0634152497788 0 0 10.0 1 1023
558.789058318281 526.4714788337416 0 0 13.0 1 1024
369.0915717250667 121.71117690145496 0 0 10.0 1 1025
538.0603554970337 581.4478940082598 0 0 13.0 1 1026
534.0819350952268 422.76037524118175 0 0 10.0 1 1027
283.80938792045333 162.94358969945506 0 0 12.0 1 1028
642.1860861562252 246.00357253387517 0 0 10.0 1 1029
686.8330731883166 464.5196723902547 0 0 11.0 1 1030
196.39145665702594 387.3682511997643 0 0 12.0 1 1031
479.16180438140447 659.1802629967804 0 0 13.0 1 1032
664.9701430420025 231.51610374786344 0 0 10.0 1 1033
486.9214791662525 594.4573384049847 0 0 11.0 1 1034
274.80929735675016 469.1106936131407 0 0 11.0 1 1035
263.0512406223253 450.6066922937643 0 0 10.0 1 1036
483.2686031577938 199.6120269872719 0 0 13.0 1 1037
115.25176892155969 443.1560528512417 0 0 13.0 1 1038
309.58137831340053 648.0332091722712 0 0 12.0 1 1039
619.7822418594408 605.6617761355724 0 0 11.0 1 1040
260.0038804362816 656.2519980548466 0 0 11.0 1 1041
606.978238717599 188.39657682976727 0 0 13.0 1 1042
274.37697246210456 266.92913559981224 0 0 11.0 1 1043
556.0003612671767 374.9423208474855 0 0 12.0 1 1044
498.3317369939533 515.9088844728997 0 0 10.0 1 1045
423.83030698664874 276.27402670044546 0 0 11.0 1 1046
174.11505179633292 347.08506661606157 0 0 10.0 1 1047
182.16053486293964 108.38044059288569 0 0 11.0 1 1048
254.24902795414815 541.299873134017 0 0 10.0 1 1049
579.5386081992242 240.73327979177364 0 0 11.0 1 1050
649.2709901499272 346.25082819545116 0 0 12.0 1 1051
231.72244477507257 481.5577366503111 0 0 12.0 1 1052
225.95809428839632 309.8589158248401 0 0 11.0 1 1053
364.3380607130422 256.36077803645225 0 0 13.0 1 1054
273.20251442430737 236.38032620836202 0 0 12.0 1 1055
406.3437048748001 604.9018238290266 0 0 11.0 1 1056
625.6772320564046 514.3625241561227 0 0 13.0 1 1057
637.935417870375 582.720379057318 0 0 11.0 1 1058
414.0064481552231 687.6592070664087 0 0 12.0 1 1059
543.0073339005933 193.72372300566354 0 0 11.0 1 1060
703.2381517794543 421.50867976842494 0 0 13.0 1 1061
470.87018433813967 287.45482252944777 0 0 13.0 1 1062
245.32519090950268 627.3778868597784 0 0 10.0 1 1063
341.6036120146127 145.61670284733688 0 0 11.0 1 1064
600.6970557906584 264.7790999994404 0 0 10.0 1 1065
578.5237991483932 518.0053097857218 0 0 10.0 1 1066
462.7794782582069 742.2904280134449 0 0 11.0 1 1067
573.0641988619132 235.16740894991617 0 0 13.0 1 1068
280.46932208854844 727.8923863678888 0 0 10.0 1 1069
496.39097902696744 513.6212091214608 0 0 11.0 1 1070
422.14649068947153 733.2649590793205 0 0 12.0 1 1071
420.89618970227775 122.78645549698257 0 0 10.0 1 1072
260.213647522438 369.85409379337216 0 0 10.0 1 1073
500.1525595584525 158.98036425658046 0 0 10.0 1 1074
531.293460325958 604.4774493083189 0 0 13.0 1 1075
484.4257605474796 242.16055323215417 0 0 13.0 1 1076
146.74970492980333 167.19044683076618 0 0 10.0 1 1077
318.9823532722275 510.4768795662416 0 0 12.0 1 1078
360.39785182600167 227.48718928727445 0 0 13.0 1 1079
614.4468998267641 528.5010784183924 0 0 12.0 1 1080
320.0672951742413 280.22202748736254 0 0 12.0 1 1081
210.01530782494993 366.0174053499227 0 0 11.0 1 1082
457.3062144202744 102.4684927796427 0 0 11.0 1 1083
414.1233608289145 612.5312463589678 0 0 11.0 1 1084
522.5053154957765 456.72254997159655 0 0 10.0 1 1085
512.2225669986829 651.0599439500976 0 0 10.0 1 1086
296.42879689797076 574.5909673723077 0 0 12.0 1 1087
53.361433370867644 430.7523027641925 0 0 12.0 1 1088
450.33182308632104 674.422498321124 0 0 12.0 1 1089
160.07655556171017 361.4546914804557 0 0 10.0 1 1090
417.1189921897171 751.5834753033885 0 0 11.0 1 1091
647.4338312395494 248.75020939479558 0 0 12.0 1 1092
192.33151885397967 644.7750026830865 0 0 11.0 1 1093
84.60178571519981 447.8013224289795 0 0 12.0 1 1094
761.4896062232768 419.21625854687306 0 0 11.0 1 1095
382.9441073660738 173.64166344828388 0 0 12.0 1 1096
143.37698596605378 267.0878911907081 0 0 12.0 1 1097
718.9875885895815 397.1860480096704 0 0 11.0 1 1098
469.5925726882125 96.88636812799751 0 0 10.0 1 1099
513.0764304701539 328.09922898794173 0 0 13.0 1 1100
249.06952064066311 333.32923878970047 0 0 13.0 1 1101
256.753536797951 720.4394650789818 0 0 13.0 1 1102
278.7019922958193 622.02655995848 0 0 13.0 1 1103
203.37082113004976 262.38835072229847 0 0 10.0 1 1104
136.6135793387972 449.51356795142044 0 0 10.0 1 1105
462.9404522169338 271.5963416614313 0 0 10.0 1 1106
430.9026113149704 623.8772623870407 0 0 11.0 1 1107
546.765936538601 86.6698867457082 0 0 11.0 1 1108
298.47853834669075 477.95763480106143 0 0 11.0 1 1109
555.4228636485714 463.77878530732295 -15 -4 12.0 1 1110
83.10957278893403 363.37409192950855 3 12 13.0 1 1111
727.2612286197875 449.6093563984372 7 6 12.0 1 1112
587.2662649811548 332.6772995193454 -1 17 13.0 1 1113
88.93698068748279 344.36010409624646 17 8 11.0 1 1114
654.2213878896257 528.8273493458299 5 -14 12.0 1 1115
247.73253956875524 339.0851373323447 17 -8 10.0 1 1116
149.48209763706444 465.7402509553674 -7 0 13.0 1 1117
313.22086889633636 237.74901416357076 -5 14 12.0 1 1118
158.06667719115111 152.64546231235354 6 6 10.0 1 1119
623.3424831421241 591.1913576077905 8 22 10.0 1 1120
530.8040745345754 352.9756011718041 16 14 12.0 1 1121
454.5977366613887 236.89547170156908 16 8 12.0 1 1122
336.68131111162984 124.174432589258 -5 3 11.0 1 1123
303.0985927213933 518.40235330189 16 -12 12.0 1 1124
90.74792731662029 225.67801188308562 20 1 10.0 1 1125
403.84151560097047 689.9745553628585 -1 12 12.0 1 1126
279.8545313220316 650.697160646369 3 -1 10.0 1 1127
671.2463763722276 608.3012321253426 15 1 12.0 1 1128
558.4280972973104 353.8964427971772 18 -16 13.0 1 1129
261.086965308298 404.9161766386085 -16 -15 10.0 1 1130
637.6530594667879 425.3381792178402 -7 0 11.0 1 1131
437.4851246640533 767.091086011252 2 21 10.0 1 1132
205.77737968509533 432.96321825933234 8 12 12.0 1 1133
363.1306605577581 68.0411895895927 1 -15 12.0 1 1134
577.0844039009319 256.3855373054245 12 -9 12.0 1 1135
512.6871890394941 63.359839849168736 11 -8 10.0 1 1136
464.32680436113833 195.89693230947302 19 -4 11.0 1 1137
237.1694818487612 569.443861967907 -6 10 13.0 1 1138
565.2873216147458 690.2345625755547 4 6 11.0 1 1139
396.3761544382958 236.04004225621148 18 21 11.0 1 1140
563.5730140323191 361.68722040385535 14 9 10.0 1 1141
263.62403258315504 720.1649504725956 -8 9 12.0 1 1142
605.0522730557907 359.57024221376736 4 -17 10.0 1 1143
685.5034041111728 343.7078492067287 -3 5 12.0 1 1144
287.3746284783601 486.48425110742755 4 8 13.0 1 1145
136.27947314951825 222.30508246518602 1 -10 11.0 1 1146
512.4318005771133 129.4300640888049 3 13 11.0 1 1147
53.90564554367728 312.4346083577464 12 7 11.0 1 1148
419.30369353034246 192.89768853031453 -6 10 13.0 1 1149
546.6556897169519 297.36906570801784 20 -5 13.0 1 1150
378.582683971245 654.0989936503574 -11 -4 13.0 1 1151
509.7995680743019 106.89071176317742 19 6 11.0 1 1152
274.84893829946463 509.0560028390404 -12 13 11.0 1 1153
610.4414727348174 531.2188498394996 9 -7 11.0 1 1154
692.0714810549832 376.6922769377064 1 -2 11.0 1 1155
466.85586653345985 149.77751278100482 14 11 11.0 1 1156
549.1018971532783 108.9714373720455 3 18 11.0 1 1157
655.329613203246 297.86387210452517 21 10 10.0 1 1158
167.32814038748907 412.36146206789493 2 -10 12.0 1 1159
500.0373400592263 511.7699896836119 9 14 10.0 1 1160
153.34785697729527 413.104210861674 15 17 10.0 1 1161
492.04716380230184 568.4972392532062 2 22 12.0 1 1162
116.86214597227263 440.36032230512205 7 22 11.0 1 1163
578.2997609364861 677.6854249866058 -15 -5 13.0 1 1164
548.6073339427834 154.47024559451444 5 7 12.0 1 1165
269.94391299314987 315.6767278121477 -6 21 13.0 1 1166
700.5705241375737 370.65106442025086 -1 -13 10.0 1 1167
318.47057907839826 170.02401533162578 -2 11 10.0 1 1168
632.0598386514354 252.4424475498804 22 18 11.0 1 1169
575.8239971488492 603.5851714310289 -12 -12 10.0 1 1170
267.48531071908315 278.1810477602846 20 -9 13.0 1 1171
449.3572202706014 233.1471762086139 -9 10 11.0 1 1172
640.0103864119797 323.19495840524365 7 -4 12.0 1 1173
241.06213488078996 102.8337922452356 11 7 11.0 1 1174
