400 400 -7.071067811865475 -7.071067811865477 5 2 -1 10 187
57.15728752538104 57.15728752538092
800.0 400.0 0 0 24.0 1 0
799.4518139018296 420.9343824971775 0 0 24.0 1 1
797.8087581473094 441.8113853070614 0 0 24.0 1 2
795.0753362380551 462.57378601609236 0 0 24.0 1 3
791.2590402935223 483.16467632710373 0 0 24.0 1 4
786.3703305156273 503.5276180410083 0 0 24.0 1 5
780.4226065180615 523.6067977499789 0 0 24.0 1 6
773.4321705988807 543.3471798181201 0 0 24.0 1 7
765.4181830570403 562.6946572303201 0 0 24.0 1 8
756.4026096753471 581.5961998958187 0 0 24.0 1 9
746.4101615137755 600.0 0 0 24.0 1 10
735.4682271781696 617.8556140060108 0 0 24.0 1 11
723.606797749979 635.1141009169893 0 0 24.0 1 12
710.8583845827884 651.728156419935 0 0 24.0 1 13
697.2579301909577 667.6522425435433 0 0 24.0 1 14
682.842712474619 682.842712474619 0 0 24.0 1 15
667.6522425435433 697.2579301909577 0 0 24.0 1 16
651.728156419935 710.8583845827884 0 0 24.0 1 17
635.1141009169893 723.606797749979 0 0 24.0 1 18
617.8556140060108 735.4682271781696 0 0 24.0 1 19
600.0 746.4101615137754 0 0 24.0 1 20
581.5961998958187 756.4026096753471 0 0 24.0 1 21
562.6946572303201 765.4181830570403 0 0 24.0 1 22
543.3471798181201 773.4321705988807 0 0 24.0 1 23
523.606797749979 780.4226065180615 0 0 24.0 1 24
503.5276180410083 786.3703305156273 0 0 24.0 1 25
483.1646763271038 791.2590402935223 0 0 24.0 1 26
462.57378601609236 795.0753362380551 0 0 24.0 1 27
441.8113853070614 797.8087581473094 0 0 24.0 1 28
420.9343824971776 799.4518139018296 0 0 24.0 1 29
400.0 800.0 0 0 24.0 1 30
379.0656175028225 799.4518139018296 0 0 24.0 1 31
358.1886146929386 797.8087581473094 0 0 24.0 1 32
337.4262139839077 795.0753362380551 0 0 24.0 1 33
316.83532367289627 791.2590402935223 0 0 24.0 1 34
296.47238195899166 786.3703305156273 0 0 24.0 1 35
276.3932022500211 780.4226065180615 0 0 24.0 1 36
256.65282018187986 773.4321705988807 0 0 24.0 1 37
237.3053427696799 765.4181830570403 0 0 24.0 1 38
218.4038001041813 756.4026096753471 0 0 24.0 1 39
200.00000000000009 746.4101615137755 0 0 24.0 1 40
182.14438599398918 735.4682271781696 0 0 24.0 1 41
164.8858990830108 723.606797749979 0 0 24.0 1 42
148.27184358006508 710.8583845827884 0 0 24.0 1 43
132.3477574564567 697.2579301909577 0 0 24.0 1 44
117.15728752538104 682.842712474619 0 0 24.0 1 45
102.74206980904233 667.6522425435434 0 0 24.0 1 46
89.14161541721165 651.728156419935 0 0 24.0 1 47
76.39320225002109 635.1141009169893 0 0 24.0 1 48
64.53177282183043 617.8556140060109 0 0 24.0 1 49
53.589838486224494 600.0 0 0 24.0 1 50
43.597390324652906 581.5961998958187 0 0 24.0 1 51
34.58181694295968 562.6946572303202 0 0 24.0 1 52
26.567829401119297 543.3471798181201 0 0 24.0 1 53
19.5773934819386 523.606797749979 0 0 24.0 1 54
13.629669484372698 503.5276180410084 0 0 24.0 1 55
8.740959706477724 483.16467632710373 0 0 24.0 1 56
4.924663761944942 462.5737860160924 0 0 24.0 1 57
2.1912418526906663 441.81138530706147 0 0 24.0 1 58
0.5481860981704472 420.9343824971775 0 0 24.0 1 59
0.0 400.00000000000006 0 0 24.0 1 60
0.5481860981704472 379.0656175028226 0 0 24.0 1 61
2.1912418526906663 358.1886146929386 0 0 24.0 1 62
4.924663761944885 337.4262139839077 0 0 24.0 1 63
8.740959706477781 316.8353236728962 0 0 24.0 1 64
13.629669484372698 296.47238195899166 0 0 24.0 1 65
19.577393481938543 276.3932022500211 0 0 24.0 1 66
26.567829401119297 256.65282018187986 0 0 24.0 1 67
34.58181694295968 237.30534276967992 0 0 24.0 1 68
43.59739032465285 218.40380010418136 0 0 24.0 1 69
218.40380010418124 43.597390324652906 0 0 24.0 1 70
237.30534276967995 34.58181694295962 0 0 24.0 1 71
256.65282018187975 26.567829401119354 0 0 24.0 1 72
276.393202250021 19.5773934819386 0 0 24.0 1 73
296.4723819589917 13.629669484372698 0 0 24.0 1 74
316.8353236728961 8.740959706477781 0 0 24.0 1 75
337.4262139839076 4.924663761944942 0 0 24.0 1 76
358.18861469293864 2.1912418526906663 0 0 24.0 1 77
379.0656175028223 0.5481860981704472 0 0 24.0 1 78
399.99999999999994 0.0 0 0 24.0 1 79
420.9343824971776 0.5481860981704472 0 0 24.0 1 80
441.8113853070612 2.1912418526906663 0 0 24.0 1 81
462.5737860160923 4.924663761944885 0 0 24.0 1 82
483.1646763271038 8.740959706477781 0 0 24.0 1 83
503.5276180410081 13.629669484372641 0 0 24.0 1 84
523.6067977499789 19.577393481938543 0 0 24.0 1 85
543.3471798181201 26.567829401119297 0 0 24.0 1 86
562.6946572303199 34.58181694295956 0 0 24.0 1 87
581.5961998958187 43.59739032465279 0 0 24.0 1 88
600.0 53.58983848622455 0 0 24.0 1 89
617.8556140060107 64.53177282183032 0 0 24.0 1 90
635.1141009169892 76.39320225002098 0 0 24.0 1 91
651.728156419935 89.14161541721171 0 0 24.0 1 92
667.6522425435431 102.74206980904216 0 0 24.0 1 93
682.842712474619 117.15728752538092 0 0 24.0 1 94
697.2579301909577 132.34775745645675 0 0 24.0 1 95
710.8583845827882 148.27184358006485 0 0 24.0 1 96
723.6067977499789 164.88589908301066 0 0 24.0 1 97
735.4682271781696 182.1443859939892 0 0 24.0 1 98
746.4101615137754 199.99999999999983 0 0 24.0 1 99
756.4026096753471 218.40380010418122 0 0 24.0 1 100
765.4181830570403 237.30534276967995 0 0 24.0 1 101
773.4321705988806 256.6528201818797 0 0 24.0 1 102
780.4226065180615 276.3932022500209 0 0 24.0 1 103
786.3703305156273 296.4723819589917 0 0 24.0 1 104
791.2590402935223 316.83532367289604 0 0 24.0 1 105
795.0753362380551 337.4262139839076 0 0 24.0 1 106
797.8087581473094 358.18861469293864 0 0 24.0 1 107
799.4518139018296 379.06561750282225 0 0 24.0 1 108
800.0 399.9999999999999 0 0 24.0 1 109
168.50752797883064 316.769984996228 0 0 12.0 1 110
506.2778199821008 481.61510264560206 0 0 13.0 1 111
394.98406742373874 173.05542434243907 0 0 12.0 1 112
606.0800604405119 467.9706457879795 0 0 13.0 1 113
551.1672082348589 336.4038117928534 0 0 11.0 1 114
206.28955076439541 377.61112202587515 0 0 10.0 1 115
225.87613778307278 492.14054811352355 0 0 12.0 1 116
687.7616830145153 565.5814415586893 0 0 10.0 1 117
204.21580813156737 199.828697825026 0 0 13.0 1 118
236.70838335914456 631.1381576780777 0 0 12.0 1 119
403.25263317050747 253.03598951628288 0 0 10.0 1 120
164.23635883504056 561.8996772839287 0 0 12.0 1 121
385.468956035306 542.2597931999626 0 0 11.0 1 122
437.1842022600316 709.7762662023756 0 0 10.0 1 123
36.659145871231885 341.6268578798671 0 0 10.0 1 124
659.0121067926545 291.03336044995 0 0 13.0 1 125
261.6363235212892 347.46912306752677 0 0 10.0 1 126
247.27601733953537 327.6371288551505 0 0 11.0 1 127
189.48363508372566 506.67173994286406 0 0 12.0 1 128
214.4794350067164 229.45346686439848 0 0 10.0 1 129
287.1076607043386 344.041803742854 0 0 13.0 1 130
171.3520330679376 166.22851495994107 0 0 10.0 1 131
455.68477340941786 43.32058370247688 0 0 11.0 1 132
569.6824623694446 181.05511660638874 0 0 11.0 1 133
592.3883817188115 384.6471312251786 0 0 12.0 1 134
486.10833848941036 216.16759251265538 0 0 11.0 1 135
312.29090607802266 46.72515679235556 0 0 10.0 1 136
257.74600992072124 122.31708315684153 0 0 13.0 1 137
636.2753710068254 261.25581433592606 0 0 11.0 1 138
228.16842010988054 392.3902593693678 0 0 10.0 1 139
639.5655352838944 264.96906167792093 0 0 12.0 1 140
413.1010696493427 71.26095155268962 0 0 13.0 1 141
541.5349538856643 484.81071175613897 0 0 11.0 1 142
196.06154570030824 429.07072166033265 0 0 12.0 1 143
373.87748784149915 589.2052175774468 0 0 12.0 1 144
436.14824579278877 254.4207970687292 0 0 13.0 1 145
370.8131003235186 232.52425582408952 0 0 10.0 1 146
514.4962175950096 274.33928156963213 0 0 13.0 1 147
344.42742161834616 702.9450255937782 0 0 11.0 1 148
599.1495342608681 273.36879135189736 0 0 12.0 1 149
309.79718032082155 295.5612556475059 0 0 11.0 1 150
288.09870682944796 297.13066255312924 0 0 13.0 1 151
674.5631788861822 363.3385652229169 0 0 11.0 1 152
472.7353848375266 638.1397988420601 0 0 13.0 1 153
714.1151560036101 305.57718088921655 0 0 13.0 1 154
511.2847296995203 476.42453098125435 0 0 12.0 1 155
256.15175104230934 534.5982216517226 0 0 12.0 1 156
469.4753715068677 690.81639010548 0 0 11.0 1 157
154.81727175210202 296.84269405942496 0 0 10.0 1 158
589.5632658276583 180.53299052305704 0 0 12.0 1 159
675.7236966807957 300.8766269304935 0 0 12.0 1 160
94.74805840418213 234.98408515545114 0 0 11.0 1 161
701.1071103236811 297.7331524269838 0 0 11.0 1 162
486.02496005905834 571.6499526560885 0 0 12.0 1 163
162.93486175340323 638.1094711012604 0 0 13.0 1 164
419.4933560933531 61.56092266374185 0 0 10.0 1 165
670.4191408721586 525.209776974339 0 0 12.0 1 166
589.5710594468594 513.5949533218588 0 0 13.0 1 167
317.1063810161035 565.3893827661032 0 0 13.0 1 168
158.98381531323093 280.53369211768023 0 0 10.0 1 169
428.4188319337717 276.2204783030729 0 0 13.0 1 170
386.3252314564997 218.51446144311745 0 0 10.0 1 171
730.7989964475164 361.7766570101987 0 0 12.0 1 172
433.7740928973349 644.680016856633 0 0 11.0 1 173
118.78020080688987 304.4781462607283 0 0 11.0 1 174
646.6631747547771 656.6968605571449 0 0 10.0 1 175
133.41079949800553 273.68611249863545 0 0 10.0 1 176
567.7268484799149 551.4717937406027 0 0 11.0 1 177
275.24530823814564 446.1006169525387 0 0 13.0 1 178
101.6416747186093 252.1104813203997 0 0 13.0 1 179
230.05135017561415 350.5383338041644 0 0 13.0 1 180
478.56218752299435 83.60786562937147 0 0 13.0 1 181
275.0000000567926 399.99623195583007 0 0 12.0 1 182
269.6047873137975 101.21397537950338 0 0 13.0 1 183
367.753150213894 150.07172893233482 0 0 13.0 1 184
233.86383724286242 292.28382004390477 0 0 10.0 1 185
726.2828212376853 461.3475391941416 0 0 13.0 1 186
278.90878617401506 464.07743701295794 0 0 12.0 1 187
544.2034607980744 738.569582056419 0 0 11.0 1 188
588.2600972947554 416.70735666014343 0 0 12.0 1 189
364.38197424051907 266.6757477388418 0 0 13.0 1 190
286.33820328270144 187.48648050772042 0 0 13.0 1 191
271.51676243316876 324.54764639625085 0 0 13.0 1 192
249.31313308395949 205.55343114616937 0 0 13.0 1 193
588.9953898575468 87.74090467595045 0 0 13.0 1 194
440.470516950211 208.2237312444976 0 0 12.0 1 195
439.9960163914824 280.51645019998665 0 0 11.0 1 196
538.6658833720206 582.2437181047873 0 0 10.0 1 197
573.9113956838456 580.9857078647286 0 0 13.0 1 198
610.8589601555357 455.339849314271 0 0 11.0 1 199
573.2641950073144 636.2805932116883 0 0 11.0 1 200
544.3206413676263 495.3968158548125 0 0 10.0 1 201
544.3231235918906 306.43271941175243 0 0 13.0 1 202
84.31437735862517 207.01661300120293 0 0 13.0 1 203
298.9885918517776 226.22515882926774 0 0 12.0 1 204
461.64307937363367 184.6488199119032 0 0 12.0 1 205
201.37360290914043 489.8418297827029 0 0 12.0 1 206
109.8305850513085 614.7619859945752 0 0 10.0 1 207
680.1415430119957 164.4650431913382 0 0 11.0 1 208
503.96095581329496 197.081002204362 0 0 12.0 1 209
125.06323096978792 571.4227903028877 0 0 13.0 1 210
313.01814999155386 287.75848464534977 0 0 11.0 1 211
356.77575365149477 580.9078896223261 0 0 12.0 1 212
530.8450892344794 440.6024952831858 0 0 10.0 1 213
392.37666634885403 55.08423523410346 0 0 13.0 1 214
536.9465466723057 358.83395386328647 0 0 10.0 1 215
361.7402975268152 233.3350811758414 0 0 11.0 1 216
327.74483146994726 526.866822379587 0 0 10.0 1 217
265.19370708827773 317.5908779842975 0 0 13.0 1 218
209.68969803960113 145.2334618366419 0 0 12.0 1 219
658.0812416806693 219.3924899331041 0 0 11.0 1 220
594.5654844996259 247.83800658040187 0 0 12.0 1 221
386.7326127328753 599.5594558899782 0 0 12.0 1 222
688.8646995527993 425.6356266213841 0 0 10.0 1 223
626.6192941922912 128.04468105994374 0 0 10.0 1 224
449.64379033115426 646.0416511112628 0 0 11.0 1 225
342.4608771085276 557.8393149278089 0 0 10.0 1 226
159.8797862600219 280.97780478638776 0 0 13.0 1 227
550.9941250063537 398.66800391680323 0 0 12.0 1 228
622.3636600725935 113.07944883797512 0 0 13.0 1 229
273.0204463430647 334.23380083138846 0 0 13.0 1 230
573.7813075167671 562.6162881071969 0 0 12.0 1 231
636.5966810110328 344.58330094129076 0 0 13.0 1 232
349.31077269084574 539.048920293546 0 0 11.0 1 233
609.6053790555738 431.7739684485459 0 0 13.0 1 234
624.083641732667 650.3647768912906 0 0 12.0 1 235
475.4090115957766 299.05704100756685 0 0 10.0 1 236
261.3683678228175 364.92478710128216 0 0 11.0 1 237
503.9329629882678 279.6715361833313 0 0 12.0 1 238
363.3064841777643 240.15762171250287 0 0 13.0 1 239
297.853790224067 652.0915544567313 0 0 13.0 1 240
456.72340659206145 526.8993898511402 0 0 10.0 1 241
268.453919994752 434.51997733563695 0 0 10.0 1 242
132.9470273331072 236.74648613345005 0 0 13.0 1 243
461.39657305838085 559.5978095610554 0 0 11.0 1 244
191.55384834146795 524.8967648049711 0 0 10.0 1 245
502.55522185097533 487.7919499219446 0 0 11.0 1 246
298.0440250459501 622.777869572292 0 0 10.0 1 247
258.13127300387 573.3472362066886 0 0 13.0 1 248
555.2088473431398 478.652486969033 0 0 13.0 1 249
636.0809456797651 266.9331480535148 0 0 10.0 1 250
559.5891865554967 88.50153847160834 0 0 13.0 1 251
605.4196845086938 174.54988752198705 0 0 12.0 1 252
550.7229256892343 568.4001177899753 0 0 10.0 1 253
582.708758652403 509.4829188124703 0 0 12.0 1 254
738.5998100915306 538.9466394195249 0 0 10.0 1 255
161.60439143381373 271.1258993577154 0 0 10.0 1 256
586.1639747597922 673.685904828209 0 0 13.0 1 257
274.7742152376643 315.62285362340594 0 0 12.0 1 258
722.6227249735092 247.1485121738508 0 0 11.0 1 259
163.28299731219687 319.5943992093673 0 0 10.0 1 260
275.3459209364151 628.1695873091098 0 0 10.0 1 261
626.920793057506 377.84252545634837 0 0 12.0 1 262
646.4750680011598 569.2661834325559 0 0 12.0 1 263
726.2375454213916 245.435890461513 0 0 10.0 1 264
559.0351697578651 342.82645034557476 0 0 10.0 1 265
602.9565899177476 470.9480275198631 0 0 10.0 1 266
642.428257086988 347.7262956567525 0 0 10.0 1 267
388.6321633546436 766.8238981991284 0 0 12.0 1 268
447.81794946515106 93.71019653121283 0 0 12.0 1 269
755.9861490216019 396.8596648634566 0 0 12.0 1 270
86.90150811181235 558.6516132201072 0 0 12.0 1 271
278.0400055885876 55.97854752476809 0 0 12.0 1 272
353.73586254664934 213.65722556080294 0 0 13.0 1 273
566.835484391672 705.4012461464363 0 0 11.0 1 274
148.03935186476028 404.45328993777747 0 0 13.0 1 275
214.8408565641302 270.4156969301644 0 0 11.0 1 276
508.9676353762826 323.7434957495328 0 0 12.0 1 277
135.70452320432707 148.260251558583 0 0 13.0 1 278
652.5244839940004 508.8870285367537 0 0 11.0 1 279
83.70905763444046 483.00023962318585 0 0 11.0 1 280
300.13748304280483 280.152272833508 0 0 13.0 1 281
682.9523189141918 448.03108598690557 0 0 13.0 1 282
337.52139873353235 562.3958878290512 0 0 13.0 1 283
254.36557631246416 410.3254364168927 0 0 11.0 1 284
278.99829154192696 280.5906764518469 0 0 12.0 1 285
221.12932452768487 653.1902080572582 0 0 13.0 1 286
339.2384181804048 516.0561509562532 0 0 10.0 1 287
67.64084026313935 328.32441880941633 0 0 13.0 1 288
594.5526285235715 665.3116558588582 0 0 13.0 1 289
743.6473787559167 496.7237254978711 0 0 13.0 1 290
257.52886686785916 465.9619301115712 0 0 11.0 1 291
137.746562350065 532.8876760305171 0 0 10.0 1 292
477.53595071736527 625.0159468712258 0 0 12.0 1 293
153.0385710737928 404.3649310104406 0 0 12.0 1 294
616.107194524552 609.5201194986472 0 0 12.0 1 295
558.2741831460428 226.29253628743263 0 0 13.0 1 296
265.45628693941603 507.154044608084 0 0 12.0 1 297
632.4533488550115 373.1403535747342 0 0 10.0 1 298
467.88838956872564 145.9130728239547 0 0 12.0 1 299
181.3681970469693 561.8151251815082 0 0 10.0 1 300
540.6536367336948 449.16863302539355 0 0 10.0 1 301
550.1081285045834 298.8637070243749 0 0 12.0 1 302
441.6478914696477 133.23146149492732 0 0 10.0 1 303
114.78282910755746 218.62975594626548 0 0 11.0 1 304
596.1212121694776 545.1635978376629 0 0 12.0 1 305
624.8283170956364 674.7311919530507 0 0 12.0 1 306
438.42537031321285 609.5053481806431 0 0 12.0 1 307
482.19241972010445 652.9830155179477 0 0 12.0 1 308
587.7309063861451 549.5229306408767 0 0 12.0 1 309
625.6772320564046 514.3625241561227 0 0 10.0 1 310
547.4950593209536 538.0188663766965 0 0 10.0 1 311
321.6230072316983 584.0028450991929 0 0 13.0 1 312
75.65851726167136 239.23121392788198 0 0 12.0 1 313
576.0382144417774 446.2011586018226 0 0 13.0 1 314
577.7972700176656 194.1550807664535 0 0 10.0 1 315
429.9677825905033 693.47390345073 0 0 10.0 1 316
652.784924880631 533.7751163449082 0 0 10.0 1 317
176.14633064782032 351.7243879628128 0 0 11.0 1 318
746.9209841522157 353.67688746577943 0 0 13.0 1 319
661.497735759352 383.78475431169517 0 0 10.0 1 320
351.8250700392806 662.61792803097 0 0 12.0 1 321
248.69625293959643 189.7901616824716 0 0 10.0 1 322
443.8814748274768 599.2245370604874 0 0 10.0 1 323
135.03728807108376 487.3828432089169 0 0 10.0 1 324
160.32382789214319 171.70998155038623 0 0 12.0 1 325
588.2206513788692 503.913360038612 0 0 12.0 1 326
288.77020637403194 603.5974779065904 0 0 10.0 1 327
476.4906846725413 559.6188433685882 0 0 10.0 1 328
549.5302804233365 352.1492399588224 0 0 12.0 1 329
280.1241975965995 337.9130287569052 0 0 12.0 1 330
167.35410826672089 193.60986200976708 0 0 12.0 1 331
645.018232661574 613.5206445836064 0 0 13.0 1 332
541.1059288588413 541.7360816478417 0 0 12.0 1 333
127.06704810783538 317.9475547504564 0 0 10.0 1 334
594.7177850427017 516.6789792039002 0 0 10.0 1 335
438.47584559918556 277.9196604467876 0 0 11.0 1 336
343.596328592388 264.2516082904032 0 0 10.0 1 337
552.9041124053541 405.4159403182501 0 0 13.0 1 338
157.05640298498574 176.66525422718848 0 0 11.0 1 339
406.7769335003962 618.8951191149113 0 0 12.0 1 340
391.2460328151453 180.1742324964462 0 0 11.0 1 341
268.67927182962694 448.52696521319865 0 0 10.0 1 342
446.0325275150982 608.9904457399231 0 0 13.0 1 343
572.4644369524801 90.85275678624589 0 0 13.0 1 344
335.4896585664471 587.1961961369045 0 0 10.0 1 345
352.885499087148 613.8719799406479 0 0 10.0 1 346
522.6797605242393 371.2654153028915 0 0 11.0 1 347
468.0780905393856 506.0253440857949 0 0 12.0 1 348
247.62759671557478 637.2902246560707 0 0 12.0 1 349
501.74586364483366 317.48467275004657 0 0 13.0 1 350
279.8694425159364 479.4018208769049 0 0 12.0 1 351
407.33394173330544 636.8864987681917 0 0 10.0 1 352
350.36417614312086 232.1867556178927 0 0 11.0 1 353
133.3083350063872 198.9240048565354 0 0 10.0 1 354
470.10611706012213 507.09403508483774 0 0 10.0 1 355
697.2959556445142 571.0675736585255 0 0 12.0 1 356
249.08310667871388 105.40690552857228 0 0 10.0 1 357
304.1417137501493 195.3364005074628 0 0 12.0 1 358
534.6837648837884 125.23412970907685 0 0 10.0 1 359
623.16697308836 508.1688593014606 0 0 13.0 1 360
352.3431776211207 192.39983795587264 0 0 11.0 1 361
296.2907228994882 739.5134545835986 0 0 11.0 1 362
521.4982743169107 261.8183465940116 0 0 11.0 1 363
267.66708180363025 296.50121371903475 0 0 12.0 1 364
612.1304425827702 275.4340522869993 0 0 10.0 1 365
85.23624409538559 427.92450480886447 0 0 13.0 1 366
601.1237873365351 581.6321066535545 0 0 13.0 1 367
424.1773974797959 636.7687763433007 0 0 13.0 1 368
513.839240405839 499.2049764065371 0 0 11.0 1 369
507.1920012743467 694.0729073933885 0 0 11.0 1 370
617.9190831487704 199.68206970019048 0 0 12.0 1 371
336.0913085008828 238.16156466750346 0 0 10.0 1 372
348.2711847729209 521.4418777654673 0 0 11.0 1 373
336.2061050423185 97.65691844176706 0 0 13.0 1 374
479.8655264487518 174.73904536057805 0 0 11.0 1 375
302.31995168384094 594.8912726649216 0 0 13.0 1 376
470.87018433813967 287.45482252944777 0 0 13.0 1 377
628.9910902414238 397.9799529599201 0 0 13.0 1 378
724.6103801546401 224.53176613455048 0 0 11.0 1 379
353.01440047152744 195.32378390015612 0 0 13.0 1 380
534.4637983019336 158.96994596893748 0 0 11.0 1 381
503.52949833385316 221.90552233507998 0 0 10.0 1 382
185.30748897925687 209.53707523087832 0 0 10.0 1 383
81.53817726879907 272.5987933231355 0 0 11.0 1 384
618.9354880600658 597.7176068737956 0 0 10.0 1 385
312.6256448548118 574.3293494021088 0 0 12.0 1 386
191.32730692741396 291.9226796879461 0 0 13.0 1 387
618.9604487811528 636.093883592007 0 0 10.0 1 388
604.9293272752624 370.7943357803933 0 0 10.0 1 389
618.6316537595583 590.5261136284488 0 0 13.0 1 390
34.91644472850601 425.8843132094708 0 0 12.0 1 391
651.172080360911 556.6160465826285 0 0 12.0 1 392
503.7161826068356 616.4323299913059 0 0 11.0 1 393
628.2319163778736 252.0331376743992 0 0 12.0 1 394
212.29503518620956 285.2531212439585 0 0 12.0 1 395
285.5245846131279 574.8610284540357 0 0 10.0 1 396
380.7946342005094 588.0216847188317 0 0 12.0 1 397
463.9617702333144 596.8702413993052 0 0 13.0 1 398
594.5526285235715 665.3116558588582 0 0 11.0 1 399
169.00904910283882 397.9553475539167 0 0 10.0 1 400
427.423765976699 257.61693548860785 0 0 12.0 1 401
422.644717410594 157.05305769902282 0 0 12.0 1 402
191.662823651389 383.36807434216473 0 0 10.0 1 403
364.93794904209113 128.25259415658627 0 0 10.0 1 404
113.4021377485177 604.3664976283549 0 0 10.0 1 405
250.00000006815114 399.9954783469961 0 0 13.0 1 406
629.0760060176276 569.5558417366144 0 0 10.0 1 407
443.500749438819 762.3985165508561 0 0 11.0 1 408
275.61855147947676 474.5268761181926 0 0 11.0 1 409
463.2015732738187 583.4163600546967 0 0 11.0 1 410
502.5860276205815 715.7532374133784 0 0 10.0 1 411
55.86386183424747 424.399147697452 0 0 13.0 1 412
416.6117191518107 179.62520383033507 0 0 13.0 1 413
679.5134241262697 508.9598354129082 0 0 12.0 1 414
192.00736797547216 163.4327473560439 0 0 13.0 1 415
456.72899732879637 547.4646427523202 0 0 10.0 1 416
253.48513039584384 324.11592403621745 0 0 13.0 1 417
677.1967078101934 439.5219581902296 0 0 11.0 1 418
687.8167121793252 481.0095067895335 0 0 11.0 1 419
348.7022271244323 557.8750724402262 0 0 10.0 1 420
264.27257284978714 438.1977161514095 0 0 12.0 1 421
50.49291474515525 418.56871984447736 0 0 11.0 1 422
210.00744298501894 398.31825123482326 0 0 12.0 1 423
276.7481784997546 179.05206835801417 0 0 13.0 1 424
496.9419574606013 651.9965414121928 0 0 11.0 1 425
201.26234548026287 349.7173521382017 0 0 13.0 1 426
417.87908385060535 575.0895152790795 0 0 13.0 1 427
526.4845742068992 217.55644026795738 0 0 10.0 1 428
278.8008946238448 358.83233239519603 0 0 11.0 1 429
181.54771956860216 308.08916726347263 0 0 13.0 1 430
523.2407826676443 675.7094657197435 0 0 12.0 1 431
387.386329101823 83.25105318806112 0 0 10.0 1 432
585.4300459691121 363.4391185569475 0 0 12.0 1 433
265.6312115038868 492.2714943960852 0 0 13.0 1 434
241.7516792171801 330.0967170340496 0 0 12.0 1 435
236.0064244712795 398.5483852763738 0 0 10.0 1 436
635.9908178907249 397.91820479712294 0 0 13.0 1 437
674.7826601733527 301.21493195803447 0 0 11.0 1 438
769.4783268027968 419.64092724404156 0 0 11.0 1 439
505.199976059097 673.4629134584166 0 0 10.0 1 440
318.9823532722275 510.4768795662416 0 0 11.0 1 441
71.91423956264845 310.78265976703426 0 0 10.0 1 442
225.91306322779823 158.1369427852376 0 0 10.0 1 443
693.4890953325832 514.4078271835536 0 0 12.0 1 444
191.0738729328414 454.8258463565998 0 0 12.0 1 445
489.62592572617984 173.0568497668958 0 0 13.0 1 446
525.5519553274374 603.3659423636543 0 0 13.0 1 447
171.53825180797895 140.15152566727363 0 0 13.0 1 448
638.2204320530661 357.39688095396684 0 0 11.0 1 449
264.7108727246057 606.6539427184059 0 0 13.0 1 450
240.44286911495612 704.7581368622223 0 0 10.0 1 451
600.5806823629705 208.959716649066 0 0 10.0 1 452
262.1766461133776 222.15252848735003 0 0 12.0 1 453
627.8338409735873 346.6357712767985 0 0 12.0 1 454
116.03752265928728 193.6839524842403 0 0 11.0 1 455
416.33071719915125 116.4699175118073 0 0 12.0 1 456
394.98204485954295 561.9222656900785 0 0 10.0 1 457
547.0172959157643 210.30046204163645 0 0 13.0 1 458
180.36515465576608 105.97698268568422 0 0 11.0 1 459
387.68810687236106 652.7002518550656 0 0 10.0 1 460
551.4319056193079 76.7085247636353 0 0 11.0 1 461
95.35301097066485 437.9369486827838 0 0 11.0 1 462
539.9280976665038 314.4656356577465 0 0 10.0 1 463
119.7501092884649 218.2969489629505 0 0 13.0 1 464
556.5253887997155 529.2625338646039 0 0 13.0 1 465
134.26046365830365 388.23144762937113 0 0 13.0 1 466
318.1328171648772 602.043966439586 0 0 13.0 1 467
708.8656789955754 211.1985372445379 0 0 11.0 1 468
572.2668413606883 369.191959367538 0 0 12.0 1 469
448.13150080915744 748.6937892045944 0 0 12.0 1 470
249.60207518009716 713.8223449817856 0 0 10.0 1 471
318.78541117199353 665.8725080964518 0 0 13.0 1 472
318.7101414330477 265.68336330087436 0 0 12.0 1 473
580.3275120136951 298.3585300630168 0 0 11.0 1 474
620.5124154204356 606.3450378503085 0 0 10.0 1 475
411.3877238728118 767.8237618003989 0 0 11.0 1 476
239.76433959812098 595.7895123227332 0 0 13.0 1 477
640.5324570660838 678.5105690952366 0 0 11.0 1 478
200.0730922973224 615.5579541015479 0 0 11.0 1 479
640.5772401025918 293.7380992800339 0 0 10.0 1 480
589.5125103924973 485.7263577013137 0 0 10.0 1 481
223.1771283900635 379.5629729261834 0 0 13.0 1 482
345.8870607758258 727.5603605574411 0 0 13.0 1 483
234.48804345609176 434.1583407238617 0 0 13.0 1 484
410.21303511318354 609.7515051525897 0 0 11.0 1 485
449.3144012503154 735.3939323084467 0 0 13.0 1 486
247.53847252992307 679.0689567857576 0 0 12.0 1 487
259.845384857795 591.1169376437903 0 0 11.0 1 488
514.6771322624535 282.760265540817 0 0 13.0 1 489
267.8983236402719 479.15268222208044 0 0 13.0 1 490
701.8116053006893 222.7720256115844 0 0 13.0 1 491
473.5672662626875 124.65865306017906 0 0 11.0 1 492
746.6932425230727 359.94009998966766 0 0 12.0 1 493
484.3170841345783 497.6300636230585 0 0 12.0 1 494
226.31219348117435 287.38763004590044 0 0 12.0 1 495
555.5933048441839 199.2346556607319 0 0 11.0 1 496
326.50540265174493 293.98328357934366 0 0 13.0 1 497
304.36527778385874 516.8546101214732 0 0 12.0 1 498
150.35791551220154 327.3444451360607 0 0 13.0 1 499
223.11073999689748 406.26016737434315 0 0 10.0 1 500
443.3659674811631 237.693521803895 0 0 12.0 1 501
292.877999407332 266.7113020956974 0 0 13.0 1 502
41.59584225885101 342.4199712238906 0 0 13.0 1 503
249.18806259741976 198.10953579507472 0 0 13.0 1 504
514.9089700507071 246.18215772581618 0 0 13.0 1 505
665.1007338059685 200.13604393103526 0 0 10.0 1 506
603.1948207738534 213.21706499071817 0 0 13.0 1 507
637.2783561030565 200.50317865933016 0 0 10.0 1 508
614.9742306737869 202.38906875829602 0 0 13.0 1 509
734.9869660736985 397.0449093518482 0 0 12.0 1 510
482.61379846847024 280.83641368853074 0 0 13.0 1 511
651.6462581750085 195.91628985507694 0 0 13.0 1 512
317.43846134436683 557.6946173298708 0 0 10.0 1 513
553.2119600676095 194.90954363442157 0 0 12.0 1 514
586.221908159968 159.71391858607282 0 0 11.0 1 515
113.96123494473932 511.4936091695905 0 0 12.0 1 516
687.2264234496079 332.72458344724595 0 0 11.0 1 517
488.1587552158103 583.96748049261 0 0 10.0 1 518
637.3126722862187 487.70231224074865 0 0 12.0 1 519
183.4235450665234 153.6696543897854 0 0 11.0 1 520
139.2345540616878 496.3606880662087 0 0 13.0 1 521
493.3681840552779 504.31865703803777 0 0 10.0 1 522
168.8354864766228 187.4936055373854 0 0 12.0 1 523
402.8543515577923 271.03158263673805 0 0 13.0 1 524
315.80001855621134 105.8123674848556 0 0 11.0 1 525
413.90573775151574 215.52336067245244 0 0 13.0 1 526
403.42964722060316 245.03794812941393 0 0 10.0 1 527
197.54308927425694 295.1420041227732 0 0 11.0 1 528
364.591370253236 575.4628990398157 0 0 12.0 1 529
159.76612229908514 624.785862555415 0 0 11.0 1 530
762.8545948745076 455.00493594630353 0 0 11.0 1 531
318.74557029797637 157.2373223623555 0 0 10.0 1 532
182.88442323998794 340.9591130811256 0 0 10.0 1 533
642.4205839376091 298.0134298873198 0 0 12.0 1 534
239.00377688704287 199.6772201087382 0 0 13.0 1 535
674.9569098781151 404.8680294039887 0 0 13.0 1 536
251.86085699252985 526.8061288306378 0 0 12.0 1 537
541.5798344251252 297.1401415315279 0 0 10.0 1 538
335.00789178603077 568.9290557302198 0 0 10.0 1 539
364.4552014896565 593.766785850566 0 0 12.0 1 540
60.62126955038235 442.2620079788666 0 0 11.0 1 541
600.0079670169066 631.5875927802782 0 0 13.0 1 542
250.6471042296973 685.2677909001034 0 0 13.0 1 543
702.9525225202505 405.3636833069403 0 0 12.0 1 544
426.8004947687354 594.1590417161946 0 0 13.0 1 545
538.3748178556709 588.7019072066043 0 0 13.0 1 546
438.73354402086625 722.6836106274745 0 0 11.0 1 547
638.4215354625495 138.3300333861751 0 0 11.0 1 548
459.1548573279307 758.1475992583396 0 0 12.0 1 549
685.1705751351587 317.01359703491903 0 0 10.0 1 550
382.12607400637603 89.51405382920399 0 0 10.0 1 551
412.02658400131094 240.45263625725616 0 0 11.0 1 552
164.23108805774308 389.55872797192325 0 0 12.0 1 553
467.8364021861851 251.78656424455258 0 0 13.0 1 554
218.6433529500312 524.5382132953297 0 0 10.0 1 555
232.31961183036321 273.5749731133905 0 0 11.0 1 556
391.20671808030716 247.25289464909392 0 0 12.0 1 557
532.3094326974806 331.4783682384107 0 0 12.0 1 558
164.96195245087333 540.8300969405847 0 0 11.0 1 559
561.3680834752197 423.0074256607408 0 0 10.0 1 560
412.01802779796697 191.34581957735116 0 0 12.0 1 561
496.4631596513872 227.08713515162907 0 0 11.0 1 562
273.3795131665852 95.25871248866025 0 0 12.0 1 563
723.7994284677759 318.08583685380347 0 0 13.0 1 564
401.0090591412756 172.00223290643962 0 0 11.0 1 565
522.4086839047752 105.42044520248726 0 0 13.0 1 566
100.75118420369347 421.2166501716974 0 0 12.0 1 567
367.6989924944878 619.6375307503907 0 0 10.0 1 568
173.1732565220318 292.5261499564661 0 0 13.0 1 569
564.9935803049559 398.54450759120886 0 0 10.0 1 570
600.1400894680326 548.138261727779 0 0 12.0 1 571
697.8294660906447 426.43121503377193 0 0 11.0 1 572
537.9710195660294 318.98149742243857 0 0 10.0 1 573
594.8350233856481 460.4591900567146 0 0 10.0 1 574
461.0509856668396 599.8844094698417 0 0 12.0 1 575
748.0 400.0 0 0 11.0 1 576
677.5160301725653 553.2117913127441 0 0 13.0 1 577
672.8912295087529 433.990834900031 0 0 12.0 1 578
556.2568618860896 384.7424407747662 0 0 13.0 1 579
503.8737533090656 188.08906735732725 0 0 13.0 1 580
343.49400685018435 220.69279786312825 0 0 11.0 1 581
442.07058781343324 750.4840447738416 0 0 12.0 1 582
406.57044526486794 235.13087235925164 0 0 13.0 1 583
587.0865064828611 461.7060701393178 0 0 12.0 1 584
333.3649946090177 658.5513025620713 0 0 10.0 1 585
472.5268776019029 662.1523450692719 0 0 10.0 1 586
465.0709442986046 722.5008096239262 0 0 10.0 1 587
179.39267267665753 660.0257816664564 0 0 13.0 1 588
168.41005145598714 337.02305395320064 0 0 13.0 1 589
536.4563080361381 518.9145743681008 0 0 11.0 1 590
374.47152428246847 267.4356875794266 0 0 11.0 1 591
557.7266504737358 688.7270401786711 0 0 10.0 1 592
709.5372046979895 300.94587889565156 0 0 10.0 1 593
622.4703208429461 360.21361609750625 0 0 11.0 1 594
341.6393886854241 286.0788033463965 0 0 11.0 1 595
768.6391720687116 383.6855641686615 0 0 12.0 1 596
680.7094154407301 228.409720313406 0 0 11.0 1 597
374.5793199402409 127.18176559236485 0 0 12.0 1 598
233.36725042373106 349.90482290027865 0 0 13.0 1 599
720.9546073117867 512.1968807290859 0 0 11.0 1 600
707.1271685973416 345.073664700982 0 0 10.0 1 601
717.2040313158276 292.26605680201124 0 0 12.0 1 602
701.7052671853662 607.195395104734 0 0 12.0 1 603
599.9933882196007 272.8322184338969 0 0 12.0 1 604
422.0148968094542 229.41470075510878 0 0 13.0 1 605
489.431521567974 526.5977999415353 0 0 10.0 1 606
653.399350702934 149.9504667804168 0 0 10.0 1 607
639.7553478410723 275.8332847273215 0 0 13.0 1 608
293.2520558570392 301.8680662513404 0 0 13.0 1 609
160.0566310458135 449.51948803163384 0 0 13.0 1 610
130.08240595689512 440.9083417652395 0 0 13.0 1 611
474.45287378161447 574.8049472573903 0 0 10.0 1 612
503.80618738435703 244.45812312845212 0 0 10.0 1 613
681.3699157254537 298.84679676524763 0 0 13.0 1 614
30.057778531592476 406.5385606229272 0 0 12.0 1 615
194.32426469380826 321.9135613165938 0 0 10.0 1 616
235.8607806777553 79.59663441174024 0 0 12.0 1 617
269.8060883107174 329.618572342959 0 0 12.0 1 618
118.16484361973801 202.75663603529452 0 0 11.0 1 619
632.4418737852474 178.61396766913427 0 0 12.0 1 620
739.3107783344956 314.161805086321 0 0 12.0 1 621
558.5892270955394 321.396838172759 0 0 11.0 1 622
374.5902285169456 254.197587423325 0 0 11.0 1 623
395.315516712919 188.0517619409563 0 0 10.0 1 624
747.7819027259034 412.3186093513139 0 0 11.0 1 625
173.3388535338786 493.0038960617428 0 0 13.0 1 626
127.03760106655079 625.4052545272548 0 0 13.0 1 627
83.31040217925658 385.9750710470325 0 0 12.0 1 628
611.170056224805 418.7405270473567 0 0 12.0 1 629
398.38683170846156 33.00354540123527 0 0 13.0 1 630
572.6956656574682 330.91883713251525 0 0 11.0 1 631
234.46979676688048 377.89226792268954 0 0 13.0 1 632
145.01433753337926 665.3418774646373 0 0 11.0 1 633
520.2675546721617 454.4032654642952 0 0 13.0 1 634
541.1059288588413 541.7360816478417 0 0 12.0 1 635
409.7753336083328 600.7621549317645 0 0 11.0 1 636
265.2049488489256 91.13223835243144 0 0 11.0 1 637
559.1475410227729 517.7966900485953 0 0 11.0 1 638
286.00385339927266 544.4329552428583 0 0 11.0 1 639
389.93176381962064 266.3787793042733 0 0 12.0 1 640
460.08632873730306 115.27094791912651 0 0 10.0 1 641
526.0245446987817 727.5955038358505 0 0 13.0 1 642
347.72226611039713 637.310005139623 0 0 12.0 1 643
617.6150981661833 696.7619737266257 0 0 11.0 1 644
330.97856565259985 41.585377529560674 0 0 11.0 1 645
231.22662146995938 281.8833343699729 0 0 13.0 1 646
658.9122083908917 606.2170418422091 0 0 11.0 1 647
506.971306735541 278.3400660229885 0 0 12.0 1 648
41.59584225885101 342.4199712238906 0 0 11.0 1 649
624.7799829687266 390.05217327357406 0 0 10.0 1 650
399.2175914008342 222.00171956790157 0 0 13.0 1 651
41.59584225885101 342.4199712238906 0 0 13.0 1 652
598.100700776281 670.1501663000531 0 0 11.0 1 653
628.0343316619928 116.28122447841372 0 0 10.0 1 654
520.295328021834 238.9719463692138 0 0 13.0 1 655
309.54202255383063 244.3807392500905 0 0 13.0 1 656
527.4844744542355 666.0314056143135 0 0 11.0 1 657
640.1891959543311 357.0447890610244 0 0 11.0 1 658
602.4870079124371 603.3912771646528 0 0 10.0 1 659
345.35578432938627 648.0524333558199 0 0 11.0 1 660
373.9277764582714 53.980868795394315 0 0 13.0 1 661
265.5735295540769 597.6120543981347 0 0 12.0 1 662
529.4442192313655 54.44943335658934 0 0 13.0 1 663
600.5524338419074 571.6820354029139 0 0 12.0 1 664
385.7946987045767 43.28273182377859 0 0 12.0 1 665
573.6928550453738 533.3858767118422 0 0 10.0 1 666
263.33754708060314 672.6689823981701 0 0 13.0 1 667
254.27625079566428 286.0281222501276 0 0 13.0 1 668
184.33389654350128 514.1233184756331 0 0 10.0 1 669
256.61644283866553 686.0789323521785 0 0 10.0 1 670
219.85697708945753 716.2981051107512 0 0 12.0 1 671
647.7574923388631 389.0352843193172 0 0 12.0 1 672
266.1977845824142 437.6559045747938 0 0 10.0 1 673
187.39397952077724 585.2638120518637 0 0 10.0 1 674
388.5392382594499 769.8224586748706 0 0 12.0 1 675
538.4186465461337 420.9828093528133 0 0 10.0 1 676
251.33262786831926 319.6320184186491 0 0 10.0 1 677
744.3948123655639 477.46749780190447 0 0 12.0 1 678
473.8778458984292 272.91316399639203 0 0 13.0 1 679
177.76116890637195 142.68715159530439 0 0 11.0 1 680
434.6319482707047 557.2311297389141 0 0 10.0 1 681
183.56895744691508 334.9338504336952 0 0 12.0 1 682
670.6902071091063 195.92204485729204 0 0 11.0 1 683
33.22961343989476 412.9801210530166 0 0 10.0 1 684
416.9745557380381 655.4366153422336 0 0 12.0 1 685
279.2556165125305 346.6633910317604 0 0 11.0 1 686
364.28896980759924 195.0885012435919 0 0 10.0 1 687
425.90970730430763 528.4121764763961 0 0 10.0 1 688
579.5452657042299 159.65962144658778 0 0 10.0 1 689
47.01382828269311 396.8754878204874 0 0 12.0 1 690
256.9034596221479 602.5521664458066 0 0 10.0 1 691
582.7704753983602 109.75191073383894 0 0 12.0 1 692
284.3375191469127 735.6295435787935 0 0 10.0 1 693
278.20966254916465 181.6720043063381 0 0 10.0 1 694
596.7109344556751 155.2535837533569 0 0 10.0 1 695
402.8764783140542 270.0318274633794 0 0 11.0 1 696
184.37944345558094 254.71484729857977 0 0 12.0 1 697
602.4658765977531 596.2945970053771 0 0 13.0 1 698
195.31361587173478 442.24315509637336 0 0 12.0 1 699
617.616236637514 169.49582747436975 0 0 10.0 1 700
401.0223362352397 169.0022622867875 0 0 10.0 1 701
499.037516882685 687.4153270960195 0 0 12.0 1 702
299.07699981688734 518.956076070285 0 0 11.0 1 703
376.9332200942056 93.86780034635751 0 0 11.0 1 704
460.14446680423225 174.8963725018306 0 0 13.0 1 705
472.260422584304 598.2408417252555 0 0 10.0 1 706
495.6311996660313 516.8574929152412 0 0 13.0 1 707
709.9205912039965 527.1779349878166 0 0 12.0 1 708
568.9375813290717 296.73290158679146 0 0 10.0 1 709
244.9970262051634 323.168508313601 0 0 11.0 1 710
273.37485246490166 283.5952234153831 0 0 10.0 1 711
114.61653871360619 430.41841587258205 0 0 12.0 1 712
634.7389246189819 216.41994316178037 0 0 12.0 1 713
278.4896548704095 231.18283254808532 0 0 11.0 1 714
278.8418668492558 199.80832491977458 0 0 13.0 1 715
277.85699144836235 493.792779370027 0 0 13.0 1 716
543.3389442628539 172.37103203324395 0 0 13.0 1 717
457.1371662735463 229.30921457140948 0 0 13.0 1 718
288.710726872227 118.17789709341116 0 0 12.0 1 719
219.67555198462082 298.3530942529542 0 0 12.0 1 720
600.9334850530487 609.1069931504833 0 0 13.0 1 721
509.7882999653449 718.6150172084164 0 0 10.0 1 722
242.6181220476928 413.9622524044322 0 0 12.0 1 723
73.42291958146586 534.0015318767151 0 0 13.0 1 724
156.65492123693838 317.34304238722956 0 0 11.0 1 725
282.02249267802983 317.4330104333791 0 0 12.0 1 726
104.6872376825342 341.764508996421 0 0 10.0 1 727
275.2787520543703 529.7867878903116 0 0 12.0 1 728
442.10483821147585 281.2431787256604 0 0 10.0 1 729
574.740696410388 457.6340959676877 0 0 13.0 1 730
227.03873438051917 229.31490810469884 0 0 11.0 1 731
400.9957820473114 175.0022035260917 0 0 12.0 1 732
132.15761832970645 342.23791398170613 0 0 10.0 1 733
676.3562100838201 491.14957568802777 0 0 11.0 1 734
412.1097416342033 648.7053561094992 0 0 13.0 1 735
376.8186787938 191.2833826760912 0 0 12.0 1 736
529.7987762451211 122.89302122597314 0 0 10.0 1 737
539.3268254395009 241.54169093117633 0 0 13.0 1 738
616.2283488450107 365.26815357974255 0 0 11.0 1 739
438.7847273940703 634.8185361528507 0 0 13.0 1 740
449.0512728807359 696.9763839580171 0 0 10.0 1 741
233.4732373134709 618.8466068029029 0 0 13.0 1 742
357.9705351266246 521.9611580891954 0 0 12.0 1 743
295.84507933787995 536.8786049821792 0 0 12.0 1 744
329.00554656967506 722.2728464859076 0 0 11.0 1 745
494.92256292932655 488.8240229156957 0 0 10.0 1 746
169.81456240377713 597.0372155676064 0 0 11.0 1 747
377.94939482280705 615.8767491216216 0 0 12.0 1 748
584.5363752605232 413.08916367486387 0 0 13.0 1 749
83.86766686321357 498.0884699926137 0 0 12.0 1 750
585.4345114614007 169.28363309233643 0 0 11.0 1 751
521.9528372399305 427.43183349925795 0 0 11.0 1 752
469.4221928535265 744.0662133069851 0 0 10.0 1 753
422.02368195240064 107.82889014610032 0 0 13.0 1 754
486.5642432805307 210.86874455746587 0 0 13.0 1 755
731.3837869051973 328.5452186598351 0 0 12.0 1 756
725.7394503737123 507.4374723745482 0 0 11.0 1 757
469.4046319221545 120.48793037196003 0 0 10.0 1 758
594.4286004504635 303.63341177112255 0 0 11.0 1 759
480.1422011616464 632.5795081105947 0 0 11.0 1 760
450.76484342786534 630.4754448346815 0 0 10.0 1 761
421.46774325862987 555.5253548440946 0 0 10.0 1 762
390.1499399094732 717.8474104286726 0 0 10.0 1 763
310.2465289101177 621.5069173351426 0 0 11.0 1 764
305.3645409428856 633.5554107466775 0 0 13.0 1 765
175.1688037074178 351.5135774298993 0 0 12.0 1 766
542.9944362642951 398.7385732457143 0 0 13.0 1 767
559.3880305131247 554.5297891318926 0 0 10.0 1 768
374.27977218550194 168.42394363585356 0 0 10.0 1 769
517.3882267472567 634.2306645619541 0 0 10.0 1 770
171.20933430898555 342.1136346566615 0 0 11.0 1 771
512.5793798430184 284.9048948297045 0 0 11.0 1 772
504.1883701652779 293.48341198525446 0 0 12.0 1 773
446.4627380526225 610.9436274758102 0 0 10.0 1 774
240.0249853109589 402.8274856747793 0 0 10.0 1 775
471.99359173718307 660.2247542967036 0 0 11.0 1 776
248.48332423760766 367.3243673984104 0 0 13.0 1 777
455.8220326125192 553.1433990578988 0 0 12.0 1 778
435.4149395158289 656.5673051249714 0 0 11.0 1 779
172.16379839952816 255.1184440990878 0 0 13.0 1 780
666.2286217655687 369.23766990610585 0 0 10.0 1 781
561.5940150929987 411.46186224501594 0 0 11.0 1 782
221.1903545517496 379.3333434085001 0 0 13.0 1 783
551.6633073044067 689.7019869063537 0 0 11.0 1 784
749.5569537213099 508.470899807635 0 0 11.0 1 785
667.3643309192687 509.71469615366857 0 0 13.0 1 786
277.94751428131667 579.4218234493525 0 0 10.0 1 787
472.92068611036586 731.0643042328688 0 0 13.0 1 788
115.32348814576096 469.3417882557358 0 0 10.0 1 789
239.01424142343618 184.48994098759962 0 0 13.0 1 790
394.85148770806666 167.05688930303216 0 0 10.0 1 791
91.32102849510471 295.1510965690149 0 0 12.0 1 792
456.72340659206145 526.8993898511402 0 0 10.0 1 793
89.42729247360228 294.5078517626898 0 0 11.0 1 794
710.0105795200939 246.3463616258452 0 0 12.0 1 795
191.26057546405963 236.74298592585842 0 0 11.0 1 796
575.2532730142093 347.31897592294706 0 0 12.0 1 797
606.405002682984 425.7094314880235 0 0 10.0 1 798
570.978003810578 521.928348684586 0 0 12.0 1 799
374.69769267686155 647.7111084390957 0 0 13.0 1 800
245.0436757492642 485.5426067799014 0 0 12.0 1 801
584.6328187209785 661.3631998792987 0 0 12.0 1 802
572.366611544533 467.1918985046267 0 0 12.0 1 803
121.18402373569387 442.25696841684083 0 0 11.0 1 804
242.382531840637 333.68458903820175 0 0 12.0 1 805
421.814956397713 728.2759626859174 0 0 13.0 1 806
289.4302970686641 507.1930072051164 0 0 12.0 1 807
175.8002380437811 140.4167441093806 0 0 10.0 1 808
114.91378600278966 499.648635659184 0 0 13.0 1 809
363.7862758354445 119.32658447559822 0 0 11.0 1 810
469.2244088283028 743.0859676850279 0 0 10.0 1 811
441.39751108462804 219.69124792179915 0 0 12.0 1 812
409.59291956677083 709.8515384731621 0 0 11.0 1 813
399.24836027832947 229.00165194444477 0 0 13.0 1 814
657.3362797921169 554.2012941020708 0 0 10.0 1 815
574.1308826593324 504.3428756757346 0 0 11.0 1 816
161.4577055607826 344.1200056936857 0 0 10.0 1 817
588.017610307553 128.8001139118286 0 0 12.0 1 818
315.99832465334356 703.5930146412379 0 0 12.0 1 819
278.5579974873773 653.4025256893153 0 0 11.0 1 820
487.1236113339618 523.3307599430441 0 0 10.0 1 821
500.2847817082055 619.1437029844517 0 0 12.0 1 822
209.67952983900628 335.3538969643313 0 0 10.0 1 823
629.1881482130855 582.5425778240703 0 0 13.0 1 824
495.74541559295176 220.99772238059944 0 0 13.0 1 825
256.32645744320496 603.3689090524429 0 0 12.0 1 826
149.17171246490025 661.0156512016268 0 0 13.0 1 827
525.342723534859 743.8680003385948 0 0 11.0 1 828
551.9814464035226 453.1285229334789 0 0 12.0 1 829
566.4122720721556 336.8259886996015 0 0 11.0 1 830
34.43361375024364 357.7481687462669 0 0 11.0 1 831
417.663114882004 263.1350506058431 0 0 12.0 1 832
611.2022957040731 491.06915113983035 0 0 10.0 1 833
683.1000021147278 377.40821382357893 0 0 13.0 1 834
135.6286063251302 626.3001683746767 0 0 13.0 1 835
164.48853578956619 574.3082046991981 0 0 10.0 1 836
164.03466755089516 300.72078826771724 0 0 13.0 1 837
237.2188612162626 182.08648308039812 0 0 11.0 1 838
151.24673791907506 190.8426080577149 0 0 12.0 1 839
375.2769790975687 258.13819316864056 0 0 13.0 1 840
503.68703430271563 476.74632836499393 0 0 12.0 1 841
253.05949873917538 706.6080382005952 0 0 10.0 1 842
485.0934959931945 621.1969641284803 0 0 11.0 1 843
268.18632488473355 725.3093221114436 0 0 11.0 1 844
78.34643010204422 240.5635519340045 0 0 10.0 1 845
210.2932062771619 288.593840316612 0 0 13.0 1 846
438.1068927328639 559.511331027755 0 0 13.0 1 847
389.840189592161 727.8426120144799 0 0 10.0 1 848
647.9127674581255 393.4227869691325 0 0 13.0 1 849
610.5987605011215 375.6656194779643 0 0 12.0 1 850
347.84295014537423 715.7208294529553 0 0 11.0 1 851
109.82263955697044 525.1123474574596 0 0 12.0 1 852
528.8041675674395 104.88394415542393 0 0 10.0 1 853
423.0084798480438 746.2363497021684 0 0 12.0 1 854
51.650119065047306 305.27217698793936 0 0 10.0 1 855
288.5860841761841 649.2306950614303 0 0 12.0 1 856
317.03212840851324 501.3771783173045 0 0 12.0 1 857
452.0335217931284 153.43051160006834 0 0 11.0 1 858
618.6316537595583 590.5261136284488 0 0 10.0 1 859
705.0777076413677 474.3208739203741 0 0 11.0 1 860
452.7172239420487 97.56009803624806 0 0 13.0 1 861
507.0650706384239 199.83489152904468 0 0 10.0 1 862
416.77855768594435 744.5917584649688 0 0 10.0 1 863
493.566307136613 136.09595272368978 0 0 11.0 1 864
171.3658721118488 291.6697846174738 0 0 11.0 1 865
593.3947230291802 290.9932061545398 0 0 11.0 1 866
525.6816859929609 231.76173501261144 0 0 13.0 1 867
377.222463246322 223.4633640871254 0 0 12.0 1 868
101.55809448106135 528.6756738090961 0 0 11.0 1 869
470.1724488129567 693.7342803072072 0 0 10.0 1 870
174.28623595994628 236.0051930002936 0 0 11.0 1 871
641.9183049932954 269.23099102168396 0 0 10.0 1 872
144.21722748623804 375.01653976781637 0 0 12.0 1 873
392.0113321121745 261.22975396224876 0 0 12.0 1 874
263.8124160877736 332.4948743564587 0 0 11.0 1 875
291.6172472049209 590.3002335693805 0 0 11.0 1 876
284.91020602984906 579.2298505380959 0 0 11.0 1 877
278.42656961949547 92.13493048818185 0 0 12.0 1 878
528.5919487966173 600.2700943842793 0 0 11.0 1 879
64.07928346413888 469.3272832442874 0 0 11.0 1 880
239.738815596888 618.5345573901568 0 0 11.0 1 881
112.11672521851693 448.85918645545706 0 0 10.0 1 882
60.470854069116115 539.3160402231005 0 0 12.0 1 883
636.583092027869 562.4728917897778 0 0 12.0 1 884
535.4868960888083 294.0410410195511 0 0 10.0 1 885
292.7850571946821 750.9899657244525 0 0 10.0 1 886
114.1502742890168 532.3439999053817 0 0 13.0 1 887
280.100942761362 220.33304123104384 0 0 11.0 1 888
693.8451254071579 426.0776201838218 0 0 11.0 1 889
305.4374250671969 553.1597839580547 0 0 10.0 1 890
249.81552656086234 251.79195724317472 0 0 12.0 1 891
525.9361497007056 500.3049659715881 0 0 10.0 1 892
307.2281999872875 483.77585047256326 0 0 13.0 1 893
263.91998444908444 697.340258571998 0 0 11.0 1 894
650.5574055670037 513.3401363839483 0 0 13.0 1 895
150.9237972431169 431.0168538090512 0 0 12.0 1 896
546.0669571712936 704.8088647377558 0 0 11.0 1 897
59.480239794565534 418.0912384770479 0 0 13.0 1 898
499.9559265856059 555.6721321894609 0 0 12.0 1 899
84.53998612936147 326.101558550017 0 0 12.0 1 900
312.2956688006713 524.1448762087202 0 0 13.0 1 901
395.7116106469518 722.9715308146473 0 0 12.0 1 902
465.3026617525336 510.088883943994 0 0 10.0 1 903
515.0013320199556 515.514906542991 0 0 13.0 1 904
84.53998612936147 326.101558550017 0 0 12.0 1 905
606.9093207755064 370.512155449769 0 0 11.0 1 906
635.5200690748707 477.6807380434051 0 0 12.0 1 907
681.3214108988409 608.226472308123 0 0 10.0 1 908
722.1409138556289 356.98568121822376 0 0 12.0 1 909
675.3364567045396 214.4903355364224 0 0 12.0 1 910
242.28142598131433 149.5187603641495 0 0 13.0 1 911
149.38017823948098 240.63028850899659 0 0 10.0 1 912
317.67460183346867 263.97232334292374 0 0 11.0 1 913
440.2800303357781 263.83275299783435 0 0 10.0 1 914
250.274446698242 80.32632468643521 0 0 13.0 1 915
365.1474080333781 200.0142584252363 0 0 10.0 1 916
603.4846344647939 127.61423763946613 0 0 13.0 1 917
266.8032614271931 449.2202075733872 0 0 10.0 1 918
214.6361492624476 558.6702329983365 0 0 10.0 1 919
576.0505001412765 109.12851394472096 0 0 11.0 1 920
424.0632261824631 245.86706664151356 0 0 10.0 1 921
525.782307551198 363.3965697359407 0 0 11.0 1 922
592.7386085141094 615.3435134570923 0 0 11.0 1 923
102.13329153754074 557.6211406815098 0 0 10.0 1 924
612.0352730919053 228.0405775630741 0 0 12.0 1 925
221.5676815004719 385.75543209209326 0 0 10.0 1 926
437.6434220333747 570.903401890124 0 0 13.0 1 927
519.8581830038117 138.12595400264507 0 0 11.0 1 928
556.2153296734937 423.6805991267465 0 0 13.0 1 929
399.3274802490316 247.00147805555585 0 0 11.0 1 930
564.4248595853308 237.74875793897831 0 0 12.0 1 931
307.9477569991989 568.4944644744196 0 0 11.0 1 932
644.1914987647127 209.0274576515165 0 0 12.0 1 933
743.7833266334806 513.3888192407768 0 0 10.0 1 934
169.46844316899524 113.1564863813839 0 0 10.0 1 935
199.06077158630916 315.45754625922797 0 0 12.0 1 936
536.2172709994256 629.6385313519249 0 0 12.0 1 937
685.3851112471823 314.2134143444712 0 0 13.0 1 938
183.33494148977712 452.7754907202358 0 0 13.0 1 939
338.18467995321294 658.7177346211761 0 0 13.0 1 940
680.5488559302639 349.82690525570473 0 0 10.0 1 941
420.22298660403357 243.29955069364644 0 0 12.0 1 942
198.07906740549623 696.8314959369471 0 0 13.0 1 943
161.13636409989087 276.28596100449994 0 0 10.0 1 944
441.3009214106316 245.42240171799526 0 0 11.0 1 945
460.87479105968595 676.3752156280291 0 0 12.0 1 946
393.19578005177203 229.1354261676923 0 0 11.0 1 947
228.36092190475617 714.1719702179282 0 0 11.0 1 948
396.6675364470121 650.977876886924 0 0 12.0 1 949
268.18632488473355 725.3093221114436 0 0 11.0 1 950
209.7116626797117 125.50710632171155 0 0 11.0 1 951
425.5236687695219 702.9266286290192 0 0 10.0 1 952
668.9917211973269 567.7273201577475 0 0 11.0 1 953
108.1128099388909 454.87137940885026 0 0 12.0 1 954
314.0162841454466 759.870533119681 0 0 11.0 1 955
503.2846088450327 490.0071640244741 0 0 10.0 1 956
360.36503177552476 146.0746777222783 0 0 11.0 1 957
567.82019355481 228.42965688900048 0 0 11.0 1 958
238.45719493283883 148.395305824726 0 0 13.0 1 959
428.41457611452813 179.82595097461717 0 0 13.0 1 960
156.2389215512259 389.2047865472427 0 0 12.0 1 961
288.0789805661635 531.9192382061494 0 0 10.0 1 962
632.6715932534817 439.49594527146246 0 0 13.0 1 963
107.00000013312194 399.9911677044657 0 0 12.0 1 964
42.58318153637481 342.5785938926953 0 0 12.0 1 965
566.0140051934837 193.4464958428012 0 0 11.0 1 966
499.4960870296002 706.2425977322525 0 0 12.0 1 967
614.8918302871833 288.70983297782146 0 0 12.0 1 968
458.5617642744833 560.6596395024583 0 0 11.0 1 969
610.7247908125954 128.0973289263456 0 0 10.0 1 970
152.8727327123368 138.22125036028638 0 0 12.0 1 971
43.241673837740166 309.73651505784505 0 0 12.0 1 972
559.5990272523443 411.32035777285523 0 0 12.0 1 973
156.43844741439358 540.1383962448867 0 0 12.0 1 974
284.90806760798614 217.21639269816313 0 0 13.0 1 975
76.53929545925041 368.40613005657707 0 0 11.0 1 976
690.3097294562656 591.8964850721084 0 0 12.0 1 977
409.09780113751816 693.8592010035795 0 0 12.0 1 978
467.6550467131136 534.9955356826529 0 0 13.0 1 979
488.16787684664877 607.0058585942779 0 0 12.0 1 980
532.6002717774062 542.9761096286999 0 0 10.0 1 981
221.84779657601794 382.5990685542379 0 0 13.0 1 982
215.65208402413685 322.43811583415413 0 0 12.0 1 983
479.17955526454887 539.0345209942777 0 0 12.0 1 984
175.62767106824793 230.8312735469654 0 0 10.0 1 985
625.5149196915245 138.90993700156787 0 0 10.0 1 986
210.0880482743386 272.03730781297986 0 0 12.0 1 987
398.8483648708908 138.0025310493832 0 0 11.0 1 988
189.63716138259554 511.3170073655766 0 0 12.0 1 989
341.9037271047787 578.7982748118225 0 0 10.0 1 990
769.9856043202043 396.7361685378622 0 0 11.0 1 991
421.74549411613873 658.0855158385393 0 0 12.0 1 992
429.70710013672453 229.5696969389932 0 0 10.0 1 993
240.00913186504292 135.6443264966254 0 0 10.0 1 994
322.2637300602275 591.8490873990565 0 0 10.0 1 995
311.446062555254 306.1959480457693 0 0 11.0 1 996
755.6337559405732 358.907036665619 0 0 12.0 1 997
162.96009726259592 227.7760628999499 0 0 11.0 1 998
260.9276851606916 314.9829943762056 0 0 11.0 1 999
359.5697720099658 556.8738240264254 0 0 10.0 1 1000
221.939163139861 700.1588552361349 0 0 13.0 1 1001
703.8059771158751 426.9616073086971 0 0 11.0 1 1002
454.12023987776456 695.0779551840042 0 0 13.0 1 1003
199.28307389650345 410.66375053925697 0 0 11.0 1 1004
686.9671154363036 511.8654310239191 0 0 11.0 1 1005
240.78326620899273 270.8681616295829 0 0 10.0 1 1006
406.6159001223248 101.07320316577267 0 0 12.0 1 1007
164.25844701253882 201.78314855931134 0 0 13.0 1 1008
656.970251300005 597.3380093819035 0 0 13.0 1 1009
255.28539291821602 676.4085427355039 0 0 12.0 1 1010
121.80276043676173 642.4196689614813 0 0 10.0 1 1011
233.8310350417141 487.9310814484387 0 0 11.0 1 1012
643.611678203204 545.9772250832937 0 0 10.0 1 1013
200.2387922758056 188.39551070789815 0 0 13.0 1 1014
194.37774309034774 274.3000100899727 0 0 10.0 1 1015
743.4783252166909 276.51866494754313 0 0 10.0 1 1016
538.4516596827183 258.4544669334254 0 0 11.0 1 1017
701.1928390910259 529.872528582019 0 0 11.0 1 1018
312.7922920064149 541.2473563168727 0 0 12.0 1 1019
315.65067895940206 235.34827046158873 0 0 10.0 1 1020
251.03277122775404 365.1035137597302 0 0 10.0 1 1021
71.35578106248346 316.8496701212214 0 0 13.0 1 1022
563.8161388245283 494.2617242608202 0 0 13.0 1 1023
294.2996183209952 636.4496337762288 0 0 12.0 1 1024
697.2767403631799 341.38652340082064 0 0 13.0 1 1025
531.9071813847556 376.4098431728577 0 0 13.0 1 1026
98.13122083781332 196.60078621801168 0 0 11.0 1 1027
530.6873279748003 578.2184679173486 0 0 12.0 1 1028
366.56950599327865 565.6605024454127 0 0 13.0 1 1029
575.0501429942436 244.7149477969793 0 0 11.0 1 1030
160.54043373990237 212.71648196777718 0 0 11.0 1 1031
475.63231233321903 116.92977314607879 0 0 13.0 1 1032
501.00899474267356 483.4157238239562 0 0 10.0 1 1033
617.6905624415593 206.88910174752553 0 0 11.0 1 1034
165.32927922094444 425.013052773273 0 0 10.0 1 1035
490.9188705623459 538.8875767506489 0 0 13.0 1 1036
553.6140637303814 410.8958443563732 0 0 10.0 1 1037
391.1721159566033 684.8632451955084 0 0 11.0 1 1038
667.8091108028772 488.33051664613004 0 0 12.0 1 1039
583.680267922662 187.34403564475528 0 0 10.0 1 1040
629.423601675245 416.2730142984794 0 0 10.0 1 1041
672.9189438151254 270.69706071849566 0 0 10.0 1 1042
142.00000011722 399.99222275683326 0 0 11.0 1 1043
283.5686482458612 105.15641379079653 0 0 10.0 1 1044
542.1167193852388 216.6237799735819 0 0 11.0 1 1045
152.36662687872513 491.50799154488885 0 0 12.0 1 1046
610.7453297247702 635.4621116001424 0 0 10.0 1 1047
632.2091593797109 495.28854233415507 0 0 10.0 1 1048
177.76246579652295 692.0607443515105 0 0 11.0 1 1049
762.2770555830358 364.6257862548719 0 0 10.0 1 1050
589.6810130282267 556.6432676388797 0 0 13.0 1 1051
139.37141451899396 652.6692312692029 0 0 10.0 1 1052
377.59138950067336 198.24060325355484 0 0 10.0 1 1053
492.84122394589883 526.6076898779354 0 0 13.0 1 1054
685.1446234944239 291.75239636729475 0 0 13.0 1 1055
535.3202773523274 545.9089529031348 0 0 11.0 1 1056
576.0110805048757 696.7239450052964 0 0 12.0 1 1057
289.7035647909867 224.83237633573967 0 0 12.0 1 1058
302.48685847790586 303.7701333759002 0 0 12.0 1 1059
686.3769084788071 430.53303604492874 0 0 12.0 1 1060
717.0844498237019 498.39436813151593 0 0 10.0 1 1061
334.1633260746266 554.5623898833221 0 0 13.0 1 1062
501.23293829887655 498.14729850268856 0 0 13.0 1 1063
207.08960664902554 330.6416541635233 0 0 13.0 1 1064
162.50581705175745 536.647404167612 0 0 12.0 1 1065
598.0609294682084 170.6948142361596 0 0 12.0 1 1066
678.4310245401508 355.27680049994245 0 0 11.0 1 1067
705.269829524284 432.54736828400394 0 0 11.0 1 1068
502.07119096761824 154.36312985536554 0 0 11.0 1 1069
272.32963994969487 452.385867985798 0 0 12.0 1 1070
255.4493602317898 612.4949706289566 0 0 12.0 1 1071
295.4143064732866 742.3825823688121 0 0 11.0 1 1072
387.980088527562 646.7073605067242 0 0 10.0 1 1073
572.9565749064539 334.341617468687 0 0 11.0 1 1074
186.45417134642503 314.5706194295078 0 0 10.0 1 1075
329.26273304888434 583.8620109328912 0 0 13.0 1 1076
452.19384212523363 223.55793346198251 0 0 13.0 1 1077
586.8552035912459 285.78033054296634 0 0 12.0 1 1078
235.6812219327195 650.9966915608168 0 0 13.0 1 1079
535.9337160379332 447.51867889702464 0 0 11.0 1 1080
414.85273627078334 623.5070384244544 0 0 11.0 1 1081
666.9575266586621 520.758763492716 0 0 11.0 1 1082
539.5846957583663 691.2818441132993 0 0 12.0 1 1083
335.06145221982314 173.11019191642458 0 0 11.0 1 1084
632.4273560171728 249.31315858753155 0 0 10.0 1 1085
551.305300379974 204.76755885118416 0 0 10.0 1 1086
606.2257124395792 113.5040043407447 0 0 11.0 1 1087
693.7971813115998 449.87199869023647 0 0 11.0 1 1088
649.7193578602283 633.6755064397533 0 0 11.0 1 1089
144.16432484636186 173.0372115991651 0 0 12.0 1 1090
225.74534195922848 646.6562672041678 0 0 11.0 1 1091
252.15911029315998 216.0460075706701 0 0 13.0 1 1092
211.4208393622293 127.97261135475003 0 0 12.0 1 1093
541.875229256885 517.1640701038775 0 0 13.0 1 1094
538.1516494901421 701.8909103354272 0 0 11.0 1 1095
282.9377313755021 454.1980190088706 0 0 10.0 1 1096
647.0148588886768 506.5113115504972 0 0 12.0 1 1097
538.2882434757809 688.5764399884079 0 0 11.0 1 1098
515.4377600716274 340.21602597982144 0 0 12.0 1 1099
393.08375816577194 87.0764221109402 0 0 10.0 1 1100
112.3353553956137 533.1842792698603 0 0 10.0 1 1101
248.7654921703464 361.7361313832169 0 0 11.0 1 1102
531.0970750388641 560.195371082483 0 0 13.0 1 1103
649.8515072908442 642.23588566621 0 0 10.0 1 1104
147.37154625864756 257.5961223833657 0 0 11.0 1 1105
613.5789316402884 375.32126503661476 0 0 10.0 1 1106
326.1557294111722 191.70207946020204 0 0 12.0 1 1107
494.96450988762564 295.77552177245957 0 0 11.0 1 1108
722.3881821774937 454.7253139990179 0 0 10.0 1 1109
718.6880647423279 385.8961923300895 -11 9 12.0 1 1110
397.6500157415185 576.9843992389863 -4 11 11.0 1 1111
297.15638539340074 630.059103133628 -8 5 12.0 1 1112
250.2739212863153 162.21206642677706 17 1 11.0 1 1113
388.3413073401708 107.23204600663064 -13 4 10.0 1 1114
239.1007296016977 405.69427653824437 15 4 11.0 1 1115
461.32787444278557 621.6729388453402 -3 -14 10.0 1 1116
262.6107592996341 553.4933110587458 -16 -17 10.0 1 1117
546.0522042773223 197.09915321582486 0 -2 11.0 1 1118
540.2131831616737 290.3447982644192 0 -5 13.0 1 1119
413.0789101014256 226.49224192976607 6 -17 10.0 1 1120
91.96899025318828 592.0570150615687 -17 12 11.0 1 1121
346.89347575604177 214.45028406724555 1 16 10.0 1 1122
516.8760573592022 267.07525732141335 12 -13 10.0 1 1123
286.17336464443747 599.8586927897603 12 19 13.0 1 1124
510.8755440031389 256.93493178973415 14 -4 11.0 1 1125
71.88263989381119 323.1364976276411 21 14 10.0 1 1126
341.47119536532057 552.1294811272146 5 8 13.0 1 1127
495.7549474305881 636.3387188815352 19 -16 11.0 1 1128
596.6356332873347 146.27686798068873 -7 -13 13.0 1 1129
576.2179071079087 425.1246734209317 20 20 12.0 1 1130
271.90246702844706 282.2416795016085 0 0 11.0 1 1131
676.4433149021172 231.01747532384056 0 3 11.0 1 1132
553.0421576316908 533.3682795399142 16 -5 10.0 1 1133
196.39170585178172 699.3119819754174 17 -4 10.0 1 1134
484.89741284104093 241.2787686133394 -2 -17 13.0 1 1135
290.73721048621405 91.79447956328539 -4 -12 13.0 1 1136
104.54215252687385 269.4869341155955 14 9 12.0 1 1137
211.20118278330443 465.99247394647944 3 -14 11.0 1 1138
365.3326419204275 525.2923552487648 11 10 13.0 1 1139
191.9153247644943 632.4753060695568 18 -1 10.0 1 1140
302.6677974295054 153.52192320050813 -5 0 12.0 1 1141
475.13305256900526 280.68518779437693 19 -6 13.0 1 1142
443.3612681609403 194.52542633339027 5 20 11.0 1 1143
381.30271266081337 583.0475660754764 -11 4 13.0 1 1144
307.8371493650899 276.6224940969901 -4 17 11.0 1 1145
282.588275845379 117.42171521675772 21 -17 12.0 1 1146
502.41973032425017 613.7269258664146 -7 8 12.0 1 1147
643.1360855988146 133.15576850963055 7 13 13.0 1 1148
362.02678811936767 58.1023030503589 13 14 12.0 1 1149
581.0492358525163 174.73976339082847 -5 -6 11.0 1 1150
430.477275537291 761.7183098432039 9 17 12.0 1 1151
697.318981838332 259.1368641602154 2 8 12.0 1 1152
533.237709584067 273.0995951748308 8 5 13.0 1 1153
696.1927395151047 211.66290578184734 -4 11 12.0 1 1154
273.12655081533353 383.05515146170217 -1 -8 10.0 1 1155
399.1956136311947 217.0017678703707 0 -14 11.0 1 1156
554.4446647124125 650.1656362130308 22 -11 12.0 1 1157
635.3383457327271 175.8552632164132 15 -3 11.0 1 1158
114.1502742890168 532.3439999053817 -5 4 12.0 1 1159
199.8732537503027 469.95202238326823 -8 -5 13.0 1 1160
758.9654998640603 438.27231254242804 5 17 11.0 1 1161
494.38560461996514 215.7709098960655 10 -13 12.0 1 1162
686.329777009375 354.00805725171386 3 -4 10.0 1 1163
730.2139395658501 462.08666617238424 4 18 12.0 1 1164
362.01269685367834 219.9639902695312 -15 3 13.0 1 1165
694.9855937139275 618.3403295345175 13 -15 10.0 1 1166
586.4763816541673 303.42588812125007 -12 1 11.0 1 1167
383.8436817455489 731.6066546082284 17 13 12.0 1 1168
678.5861619052102 528.9912803057788 21 19 11.0 1 1169
597.2547717210964 317.01473002238185 -1 -6 10.0 1 1170
571.621637726746 218.21437497978687 7 -15 11.0 1 1171
617.6569492242345 138.799976159268 5 -17 13.0 1 1172
346.1766384811601 55.175340564494604 -9 -13 10.0 1 1173
231.32429497567347 389.5354630037263 -6 0 10.0 1 1174
